7.8481,-1.9626,-0.6536,0.76634,-1.7681,0.061043,-0.83629,0.25753,-0.60585,4.5915,7.0785,2.9179,0.33202,-0.18841,-2.1616,0.5867,-0.35116,0.30622,0.16865,-8.618,11.574,4.12,2.3998,3.668,0.039362,0.1962,-0.80922,-9.4407,1.7926,0.50105,0.028675,0.10826,-0.69199,0.84394,0.062265,-0.53859,-8.4628,-3.8205,0.47512,0.10615,0.14945,-1.7733,0.73564,0.62831,0.33032
10.918,-4.3801,1.1894,1.4539,0.21326,-0.037419,-0.85793,0.22519,-0.58875,2.759,8.7525,1.7623,0.35055,-0.14559,-2.0007,0.65977,-0.2722,0.34481,-2.5509,-2.6372,11.018,2.2087,2.9096,3.694,0.15621,0.094567,-0.83945,-9.8874,-1.8351,-0.52442,-0.17946,0.46602,-0.67882,0.85231,0.094076,-0.54223,-9.0844,-3.5477,0.19639,0.50068,0.059982,-1.9356,0.71076,0.67138,0.30571
9.9061,-3.3325,2.4718,0.74303,0.33407,-0.17206,-0.8476,0.19579,-0.60666,1.4292,10.696,1.0461,0.14528,-0.033161,-1.8001,0.72263,-0.18179,0.38418,-3.9831,-2.0486,9.2012,2.1014,2.5564,2.9845,0.27107,0.014863,-0.84361,-9.4434,-5.1219,-3.2881,0.08962,0.25904,-1.1381,0.85623,0.12582,-0.56296,-8.4017,-2.6224,-0.40969,0.4755,0.08113,-1.5893,0.69115,0.7064,0.28222
9.5973,-3.4189,0.60363,0.69685,1.2007,0.54085,-0.84009,0.18303,-0.61674,1.362,9.0643,1.5049,0.39868,0.10796,-1.6683,0.79058,-0.058157,0.41528,-2.1754,-2.4095,10.306,3.2941,1.876,2.1742,0.37988,-0.11249,-0.84269,-9.8174,-0.074279,-1.8305,0.73463,-0.12158,-0.90757,0.86343,0.12955,-0.59562,-9.383,-2.7831,-0.15027,-0.22628,0.27795,-1.3144,0.66971,0.73498,0.26548
8.0381,-4.0976,3.0271,1.519,1.1168,0.43466,-0.80285,0.16539,-0.66402,2.2471,8.5422,2.1519,0.85506,0.093355,-1.7627,0.84775,0.091415,0.44401,-1.1107,1.7228,7.7439,2.6539,1.4506,1.3732,0.45704,-0.23189,-0.81254,-10.283,7.5598,-1.9682,0.49456,-0.39425,-0.20112,0.86634,0.1011,-0.63658,-9.9792,-5.5905,0.20565,-0.51925,0.25388,-1.2185,0.65303,0.74829,0.2885
8.2506,-3.1591,3.2139,1.1861,-0.087552,-0.082213,-0.7823,0.13638,-0.69093,1.0506,9.9718,1.3661,0.90444,-0.028022,-1.7869,0.90065,0.26343,0.46246,1.9721,-0.28555,8.6202,2.2421,0.80527,1.0152,0.51059,-0.30077,-0.78139,-8.5804,0.86337,-4.2827,-0.56653,0.46625,0.13681,0.86657,0.098712,-0.62495,-11.03,-6.6466,0.2747,-0.24359,0.30495,-1.2401,0.63048,0.76219,0.29754
10.152,-3.2979,2.5932,0.5772,-0.86791,-0.5483,-0.80207,0.10389,-0.66878,-0.76355,11.285,1.5165,0.23705,-0.29266,-1.4842,0.95402,0.44272,0.46702,1.8806,2.0173,8.3318,2.3472,0.26523,0.91552,0.54868,-0.38731,-0.74359,-11.404,-3.9345,-2.1283,-0.51282,0.076433,-0.37848,0.87087,0.10823,-0.57094,-10.251,-6.6505,0.36257,0.068809,0.38137,-1.2298,0.596,0.78849,0.29954
13.896,-4.0405,2.9376,1.0447,-0.78468,-1.0091,-0.82722,0.052912,-0.64041,-0.69924,10.487,1.1342,-0.1539,-0.36425,-1.0386,0.96788,0.56491,0.4806,1.0856,1.0943,8.0987,1.7782,-0.15971,0.69378,0.56959,-0.45912,-0.71038,-20.092,-4.843,-1.1764,-0.86685,0.25246,-0.88891,0.86838,0.12139,-0.53889,-9.2195,-4.2527,1.1635,0.2738,0.29273,-1.0705,0.55601,0.82268,0.30443
20.656,-4.4747,5.3362,1.0241,-0.90121,-0.63578,-0.86136,-0.016658,-0.60072,-1.7816,10.931,0.68724,0.62635,0.12641,-0.17649,1.002,0.66365,0.47077,2.6885,3.0488,10.253,1.1311,-0.74978,0.069775,0.57597,-0.50994,-0.69458,-14.309,0.13485,-2.2961,-0.31949,-0.38416,0.12926,0.85946,0.1176,-0.52796,-10.169,-3.2028,1.2847,-0.19662,-0.068846,-0.007655,0.52247,0.83923,0.29929
16.176,-3.3417,1.4449,-0.26538,-0.49169,0.004875,-0.88132,-0.019494,-0.58376,-1.3906,10.928,1.1417,0.50529,-0.002349,0.74778,1.0363,0.6641,0.40374,0.95572,3.0709,13.353,-0.064495,-0.94199,-0.3706,0.56659,-0.51516,-0.7102,-15.02,-0.14705,-3.7207,0.28144,0.010539,0.064898,0.85471,0.11031,-0.5316,-11.601,-2.5305,-1.0537,-0.60756,-0.28566,1.4053,0.52896,0.82413,0.32091
12.578,-2.4135,2.5801,0.48188,1.0996,-0.29944,-0.86728,-0.013407,-0.61386,-0.26065,10.992,0.98363,0.65671,-0.29243,1.2174,1.0573,0.61712,0.32228,-1.2222,0.51993,12.264,-0.9816,-1.0623,-0.75073,0.5632,-0.49374,-0.73462,-12.633,-0.2346,-2.037,-0.028407,-0.12559,0.25804,0.84579,0.10461,-0.54177,-11.788,-9.4776,-5.2146,-0.54666,0.11815,2.0187,0.55027,0.79048,0.34055
9.9498,-0.60407,1.8482,0.36791,1.2184,0.084519,-0.83107,-0.034558,-0.65524,-0.70545,10.402,2.6113,0.35496,-0.42003,1.5907,1.0571,0.49246,0.28025,-0.70066,0.003663,10.433,-0.71013,-1.3901,-0.50543,0.54422,-0.46341,-0.75997,-12.366,-2.0561,-0.24383,-0.48048,-0.36452,0.25604,0.83828,0.10474,-0.53566,-8.8554,-6.0324,1.1947,-0.8026,-0.11844,1.1598,0.55662,0.76834,0.37888
9.2457,-1.1337,2.3244,0.078696,0.5721,0.49176,-0.79631,-0.016833,-0.69267,3.1316,9.7855,0.74618,-0.035323,-0.52807,1.8784,1.0125,0.34058,0.29022,-0.46091,4.0029,9.7385,-2.0503,-1.3691,-0.73698,0.51106,-0.42126,-0.79562,-10.428,-0.50204,1.249,-0.064734,-1.0066,0.41957,0.82069,0.10419,-0.56261,-3.4553,-1.5121,0.16251,-0.014408,-0.77135,1.7659,0.57292,0.75104,0.40607
8.3744,-3.1896,1.3121,1.0606,-2.1012,-0.63651,-0.80978,-0.027396,-0.6797,1.1568,9.4857,0.63305,0.25817,-0.39521,1.8052,0.96629,0.16217,0.27473,-0.86184,1.4681,10.708,-1.2406,-0.70028,-1.5131,0.50151,-0.31444,-0.83884,-8.6191,2.5389,2.1675,-0.17272,-0.88294,0.76869,0.80322,0.089896,-0.56802,-5.1404,-6.3714,1.2864,0.077321,-0.55712,1.9508,0.62752,0.7137,0.39904
6.7561,-0.71547,-2.8174,-0.97522,-2.1669,-0.61284,-0.87682,-0.054495,-0.59837,0.77194,8.6618,0.53944,0.001313,-0.6575,1.7008,0.90701,0.023835,0.29314,0.5369,2.4465,5.9103,-1.3283,-0.66787,-1.5038,0.50402,-0.26271,-0.84891,-6.83,5.3435,0.41458,-0.56552,-0.3586,0.96335,0.79421,0.08811,-0.57227,-7.2191,-2.6995,-1.3089,-0.52027,-0.65784,1.5671,0.66394,0.67915,0.41812
5.342,1.0934,-0.26476,0.45391,0.75022,-0.18563,-0.89239,-0.06344,-0.57717,3.846,7.5874,1.0322,-0.1098,-0.66461,1.1099,0.85401,-0.043478,0.32957,1.2611,-1.5063,7.6478,-0.65931,-0.35943,-1.3771,0.50499,-0.20258,-0.86195,-7.7733,4.5262,-2.3497,-0.31899,-0.053037,1.1488,0.79678,0.090553,-0.54906,-7.9571,-4.4101,-2.5064,-0.87149,-0.72272,1.2477,0.68164,0.65266,0.43362
4.124,1.0684,1.024,0.5766,1.5689,0.038957,-0.85835,-0.088237,-0.62184,3.2405,8.6973,-0.31286,-0.15102,-0.64823,0.32606,0.82141,-0.078436,0.37393,-0.78777,0.51979,8.7086,-0.97615,-0.040614,-1.0372,0.51141,-0.16274,-0.86705,-7.9625,1.1906,-1.2243,0.16587,0.10858,1.4581,0.81457,0.057428,-0.49286,-6.907,-3.5932,-2.5163,-0.33545,-0.58844,1.4213,0.7047,0.61131,0.45734
6.6209,1.321,1.3878,-0.27081,1.4472,0.24471,-0.81426,-0.078283,-0.67253,4.1108,7.2463,-1.5852,-0.20922,-0.66416,-0.33164,0.80312,-0.080108,0.41014,0.49136,-0.003785,9.918,-0.84164,0.36427,-0.76836,0.52901,-0.11156,-0.86634,-7.504,-1.1726,1.1585,0.99848,-0.02118,1.4181,0.83128,-0.002851,-0.45274,-7.8356,-3.9962,-1.39,0.056618,-0.22866,1.3174,0.72795,0.56666,0.47765
7.8299,1.7481,1.4744,0.33735,0.74199,0.35267,-0.77803,-0.057467,-0.70992,3.3311,8.5009,0.16799,0.34104,-0.53838,-0.77824,0.84812,-0.010415,0.41601,-0.11519,1.7445,9.0031,-1.1745,0.1069,-0.92028,0.54538,-0.054775,-0.86206,-8.7903,2.0824,-1.8422,0.41311,0.33229,1.5525,0.85436,-0.064093,-0.38949,-7.8055,-3.666,-1.8742,0.11949,-0.26429,1.1397,0.74515,0.51953,0.50262
8.258,0.94373,1.6738,0.68268,-0.79447,-0.31874,-0.78349,-0.075668,-0.69993,2.1635,9.3264,-0.52803,0.2698,-0.3483,-1.0737,0.88693,0.0623,0.4328,0.30955,-2.8619,11.745,-1.4649,0.38975,-0.48676,0.55416,0.011422,-0.86059,-9.0408,1.133,0.76491,-0.62396,-0.51896,1.805,0.86011,-0.126,-0.3706,-8.2385,-2.9327,-1.6256,0.19261,0.093299,1.0787,0.75396,0.47756,0.51827
10.255,0.50096,0.93254,0.99858,-0.63234,-0.52588,-0.8101,-0.1159,-0.66606,2.7155,8.7786,-0.57089,0.43522,-0.21192,-1.2309,0.92219,0.15302,0.44957,0.97621,2.0991,8.5832,0.53094,0.35472,-0.28423,0.57077,0.01188,-0.85204,-8.8957,0.40714,0.51351,-0.13104,-0.54004,1.6318,0.86407,-0.17632,-0.37385,-8.941,-2.4622,-0.64997,0.52227,0.17265,1.124,0.75664,0.45162,0.51376
9.1253,-0.18127,1.5164,0.3395,1.0662,-0.24509,-0.80493,-0.14536,-0.67034,2.4155,9.7034,-0.27931,0.4412,-0.12028,-1.4571,0.97239,0.29648,0.4541,-0.38975,0.071121,8.6467,-0.35865,0.31225,-0.21526,0.58017,0.023813,-0.84596,-10.076,0.6772,1.1798,-0.077522,-0.57653,1.5258,0.86706,-0.22713,-0.37069,-9.4637,-1.4811,-0.65616,0.56515,0.081721,1.1325,0.75807,0.41806,0.51443
7.3733,0.19214,2.4382,0.17048,1.6165,-0.32988,-0.76171,-0.15696,-0.71313,1.2986,9.1344,-0.90361,0.5981,0.020849,-1.6464,1.0038,0.45282,0.46646,0.34766,-1.4356,9.9114,-0.01872,0.31928,0.03513,0.58871,0.027637,-0.84474,-9.934,1.0346,1.9326,-0.022905,-0.59081,1.3687,0.86466,-0.27025,-0.38442,-9.4464,-0.19677,-0.51792,0.47202,0.031521,1.0618,0.76133,0.38676,0.51673
7.391,1.2261,3.2135,0.63377,1.4613,-0.46165,-0.72382,-0.18677,-0.74097,0.055447,9.8301,-0.35639,0.53095,0.015844,-1.7856,1.0295,0.66229,0.47505,-1.0564,-1.1566,9.8951,-0.31814,0.68453,0.37607,0.60422,0.02553,-0.83541,-9.6969,1.4254,1.9819,0.27722,-0.54904,1.3832,0.86491,-0.31838,-0.38957,-9.7893,0.62531,-0.15541,0.19656,0.085201,1.28,0.76061,0.34753,0.52707
7.2597,1.7491,6.0958,0.56875,0.081911,-0.056216,-0.69988,-0.21771,-0.75458,-0.40756,9.1124,-0.3382,0.33915,-0.028249,-1.7844,1.0138,0.84403,0.51788,-0.9438,-1.0245,9.095,0.94989,0.69435,0.41205,0.62782,0.000431,-0.81869,-10.104,3.5686,2.0465,0.296,-0.70106,1.4603,0.84574,-0.36484,-0.41148,-10.169,6.0773,0.75688,0.50617,-0.043656,1.8907,0.75977,0.2958,0.54085
8.2862,2.1249,4.5244,-0.86337,-0.87304,-0.011164,-0.70376,-0.20073,-0.75404,-1.4108,10.52,-0.54451,-0.008715,-0.38365,-1.6376,0.99011,1.0511,0.56657,-1.031,0.046685,9.1435,1.0726,0.72333,0.50595,0.64939,-0.027659,-0.80729,-9.643,3.909,1.7852,0.35186,-1.1176,1.6762,0.8275,-0.41828,-0.43016,-9.4084,-0.52977,0.66226,0.03816,-0.5695,1.5545,0.7705,0.2485,0.52911
8.8309,1.6436,3.3764,-1.0907,0.25803,-0.12853,-0.71144,-0.1745,-0.75426,-0.56239,9.9554,-1.1616,-0.34598,-0.49595,-1.422,0.93299,1.2421,0.66364,-1.4525,-0.25573,9.6729,0.45679,0.85394,0.75794,0.67397,-0.059544,-0.79146,-10.216,4.607,1.1277,0.089438,-1.3651,1.7858,0.78324,-0.47702,-0.46668,-9.8646,-7.4351,-2.233,0.4688,-0.53625,0.54112,0.77878,0.21523,0.51917
11.214,1.5108,4.0203,-1.2611,0.0072,0.22278,-0.70588,-0.1385,-0.76665,-1.3918,10.71,-1.8097,-0.011851,-0.32032,-0.9917,0.87973,1.4034,0.75472,-0.7455,-0.47794,9.7266,0.83159,0.79494,0.75754,0.6977,-0.097925,-0.77246,-11.583,2.775,0.28437,-0.48741,-1.1387,1.4252,0.72074,-0.52106,-0.51676,-19.778,4.1898,-2.0703,1.3671,-0.034609,0.23331,0.77077,0.23047,0.5114
19.192,0.60201,9.6557,-0.49177,-1.5659,0.16324,-0.75604,-0.093726,-0.72759,-3.8392,11.719,-1.6937,-0.16148,0.089567,0.14338,0.86333,1.4787,0.79169,-2.3079,-1.0903,11.52,-0.42779,0.18014,0.55735,0.70735,-0.13528,-0.7642,-8.3201,-0.12625,-0.5323,-0.13773,-0.40053,-0.035128,0.67877,-0.53557,-0.54852,-15.616,1.6389,-0.24365,0.31061,-0.094139,0.3821,0.77404,0.22489,0.50025
20.785,0.16883,3.5917,-1.3224,-1.7762,0.32974,-0.81015,-0.08167,-0.67328,-2.3906,11.707,-1.7967,-0.40144,0.4562,1.5756,0.91898,1.3326,0.71606,-3.6541,-3.4182,14.66,-1.2549,-0.19439,0.44546,0.69918,-0.11448,-0.77317,-8.5174,0.53236,-0.37941,1.5529,0.63892,-1.2135,0.67532,-0.52267,-0.52998,-14.752,-0.28341,-2.8342,0.30879,-0.29493,-0.14419,0.78621,0.22617,0.48764
14.064,-0.77592,1.3635,-1.1831,0.67659,0.89313,-0.80753,-0.028701,-0.68014,-1.4727,11.191,-0.86991,-0.78668,0.56369,2.4962,0.98787,1.0536,0.60489,-2.251,1.4503,10.991,-0.23349,-0.65684,0.096872,0.69213,-0.097253,-0.77997,-10.713,5.6814,-1.5846,2.1615,1.3879,-1.959,0.71088,-0.50994,-0.46263,-13.128,2.4989,-1.6637,-0.066624,-0.088506,-0.38511,0.79504,0.24143,0.46678
8.8754,-0.69308,2.1827,-0.86086,0.55124,0.80973,-0.78737,0.031466,-0.70152,-1.0171,10.102,-0.29368,-0.88468,0.61675,2.9001,1.0065,0.66493,0.5182,0.97371,0.25188,9.5493,-0.64268,-1.153,0.009658,0.65835,-0.083299,-0.80057,-12.719,7.1212,0.17428,1.2617,1.2482,-2.1678,0.75489,-0.47209,-0.38939,-11.172,2.0322,0.99052,-0.92611,-0.091949,-0.53762,0.81112,0.24262,0.45444
7.5636,-1.1168,1.4537,0.56008,0.29164,0.74147,-0.77262,0.047281,-0.71783,0.96684,9.1752,0.66692,-0.69565,0.53025,3.1179,0.96537,0.33136,0.45788,-0.76339,-1.8783,10.69,-0.57396,-1.2846,0.36379,0.6118,-0.07178,-0.82857,-8.924,2.0449,1.6516,-0.096899,0.023826,-1.979,0.77148,-0.41839,-0.37699,-11.12,1.3884,1.3184,-0.9981,-0.021166,-0.74318,0.81995,0.24615,0.45493
8.0379,-1.2792,2.2247,0.33416,-0.72441,0.20572,-0.78509,0.058151,-0.70806,2.2053,8.8368,0.42509,-0.49932,0.50259,2.7767,0.90317,0.00289,0.3768,-0.87648,-0.84156,9.7603,-0.37559,-1.2965,0.39411,0.5575,-0.073734,-0.85748,-5.5146,1.9473,-0.48569,0.013164,-0.27831,-2.1305,0.80236,-0.33941,-0.37176,-8.4149,-2.4489,1.2417,-0.97314,-0.16464,-1.0673,0.83362,0.26098,0.44333
6.4169,-1.4075,0.48814,-2.2601,-1.6059,0.43827,-0.82066,0.095797,-0.66409,2.9487,8.826,-0.36024,-0.94928,0.68132,2.2941,0.8014,-0.18928,0.3568,0.13353,-0.70263,8.1106,0.085928,-1.2709,0.39502,0.50642,-0.083949,-0.8779,-6.582,3.7503,-5.8064,0.12485,0.91008,-2.287,0.81063,-0.2614,-0.39425,-6.8947,-5.4025,-2.125,-0.28663,-0.087068,-1.4218,0.84344,0.29579,0.4339
5.9499,-3.4857,-1.3195,-3.0206,-0.81944,0.31965,-0.84042,0.17065,-0.62338,4.1167,6.688,-0.47463,-0.57682,0.98311,1.6719,0.70007,-0.26908,0.34567,1.282,-0.93581,7.6675,0.66742,-1.1418,0.57025,0.45993,-0.10152,-0.89497,-11.711,6.0006,3.6547,1.0875,1.4264,-1.3725,0.82759,-0.21555,-0.38604,-7.8404,-4.9699,-4.949,1.6982,0.36882,-1.9497,0.83769,0.35832,0.4054
5.6615,-2.9208,-1.1987,-0.50418,0.062,-0.10387,-0.84818,0.20894,-0.60463,3.966,7.8973,0.62602,-0.37715,1.1619,1.0445,0.65223,-0.32838,0.31098,0.87922,0.38763,8.6604,0.31545,-0.80516,0.54845,0.41329,-0.13002,-0.90996,-7.2108,4.242,-2.0079,-0.95803,-0.50616,-0.90782,0.81901,-0.17356,-0.43075,-8.6162,-1.6695,0.822,0.29948,0.44739,-2.6672,0.81312,0.44248,0.37067
5.4023,-1.8571,0.10448,0.14051,0.34532,0.016247,-0.84057,0.20603,-0.61491,4.4869,8.0504,2.5061,-0.53226,1.0094,0.58366,0.62487,-0.35562,0.27616,0.95723,-1.1185,8.832,0.13142,-0.36439,0.45717,0.38307,-0.14231,-0.91774,-5.0977,1.7077,1.6088,-0.80143,0.17921,-1.0782,0.81828,-0.12945,-0.46572,-7.516,-1.2348,-1.0559,0.24591,0.38947,-2.1488,0.79011,0.5024,0.34901
6.4868,-2.5922,0.21238,-0.57857,0.19503,0.048832,-0.84871,0.24283,-0.60341,4.7771,6.5866,4.3263,-0.24662,0.74675,0.035611,0.61208,-0.37513,0.23798,0.72297,-1.4813,9.9375,0.36244,-0.065814,0.21946,0.36679,-0.16086,-0.92487,-7.642,2.2779,0.94184,-0.79751,0.32643,-1.2437,0.83963,-0.069613,-0.4634,-7.4102,-1.5549,0.59614,0.29619,0.77917,-2.0695,0.75891,0.56331,0.32547
7.479,-3.2283,1.6781,-0.13952,0.075213,0.12397,-0.84497,0.25457,-0.60322,5.1584,7.4438,3.5597,-0.31281,0.41955,-0.43848,0.61613,-0.36667,0.25196,1.1725,-1.7441,9.0833,0.12057,0.40539,0.16198,0.3689,-0.17089,-0.91816,-9.1331,2.2431,-1.114,-0.28427,0.36281,-0.73347,0.84419,-0.024449,-0.48388,-7.9413,-0.47246,-0.59783,-0.064352,0.79128,-1.816,0.73217,0.59907,0.33249
8.329,-3.0727,1.7975,0.21647,0.55743,0.017597,-0.82479,0.23667,-0.62404,4.4071,7.0265,2.6613,0.15253,0.14347,-1.0166,0.63057,-0.33968,0.27852,0.48392,-0.92002,9.1124,0.28295,0.39342,0.19824,0.37596,-0.17403,-0.91594,-8.6566,2.0993,-2.1547,-0.11882,0.29822,-0.48165,0.84304,0.007954,-0.51673,-8.6704,-2.4596,0.37068,-0.15328,0.68397,-1.4886,0.71534,0.61512,0.34489
8.934,-2.8253,1.7216,1.0215,0.68921,-0.043822,-0.80594,0.21703,-0.64746,3.8796,8.5227,2.1205,0.2457,0.037299,-1.2295,0.67217,-0.29457,0.30846,-0.19471,-0.2709,9.213,0.32422,0.47857,0.091461,0.38732,-0.1827,-0.91144,-9.2893,0.57843,-1.3704,-0.027394,0.557,-0.81363,0.85396,0.027064,-0.52022,-9.8339,-3.8583,0.30243,0.46632,0.32398,-1.4739,0.70049,0.63942,0.34047
8.4187,-2.9111,1.9857,0.76706,0.54814,0.005644,-0.79016,0.19062,-0.6684,3.7171,7.3297,1.6718,0.45745,-0.061951,-1.4285,0.72088,-0.23098,0.33831,0.20375,0.11449,9.7796,0.36068,0.63799,0.20325,0.40573,-0.20128,-0.9025,-10.204,0.75236,1.0196,-0.094904,0.00299,-0.98232,0.85605,0.055177,-0.53312,-9.3611,-3.3223,0.20726,0.8356,0.26481,-1.3605,0.68702,0.67256,0.32712
8.1174,-3.1345,2.8624,0.38684,0.333,0.13556,-0.78585,0.1898,-0.67802,1.917,10.021,2.0621,0.71241,0.017969,-1.518,0.79724,-0.13382,0.37016,-0.75511,-0.36302,9.3431,0.70554,0.66477,0.23077,0.43568,-0.21735,-0.89026,-9.5058,-0.7661,-1.1032,-0.25586,0.53629,-0.76198,0.87,0.073003,-0.52432,-8.7167,-3.296,0.3527,0.68491,0.30319,-1.2869,0.67546,0.70607,0.30365
8.1828,-3.4465,2.9653,0.32562,-0.025404,0.040347,-0.78488,0.18201,-0.67753,2.9384,8.091,2.1519,0.32868,-0.27608,-1.8615,0.85014,-0.021312,0.39727,-0.74801,0.85713,9.943,1.154,0.60133,0.27277,0.45691,-0.25807,-0.87561,-9.427,-2.0809,-2.2857,-0.3028,0.074842,-1.0241,0.87407,0.097862,-0.54068,-8.7855,-4.2078,0.55827,0.36605,0.17229,-1.2327,0.65545,0.7356,0.30272
7.879,-2.8383,3.3773,0.89576,0.14074,-0.12009,-0.77727,0.15252,-0.68642,1.4268,8.5794,1.4887,0.91346,-0.52725,-2.1817,0.91856,0.13307,0.41587,-0.67025,0.45649,10.988,1.0636,0.93185,0.21767,0.48412,-0.28839,-0.85767,-8.6553,-0.99869,-2.0762,0.68482,-0.027027,-0.88333,0.87284,0.11492,-0.57099,-8.81,-5.4782,0.7188,0.15433,-0.11674,-1.2612,0.63858,0.76584,0.28275
8.0746,-2.4545,3.344,1.1622,0.089165,-0.22709,-0.77586,0.11704,-0.69121,-0.05991,11.417,1.337,0.60613,-0.69545,-2.0439,0.99977,0.35419,0.41846,-0.94679,-0.012218,10.498,1.3443,1.2176,0.26527,0.52613,-0.32952,-0.82703,-9.3552,1.5477,-1.853,0.095034,-0.28007,-0.5528,0.87487,0.092645,-0.59064,-8.5109,-5.8083,0.72296,0.057486,-0.21984,-1.3296,0.61628,0.79333,0.26855
9.0589,-2.3585,3.3073,0.97027,-0.015465,-0.40099,-0.77787,0.075669,-0.6926,-0.14752,10.005,0.48186,0.053108,-0.56721,-1.7117,1.0265,0.55144,0.43423,0.78427,-0.48191,10.295,1.4747,1.4228,0.58777,0.57003,-0.38963,-0.77667,-12.84,3.665,-2.0904,-0.5882,0.24809,-0.42421,0.87493,0.079085,-0.58743,-9.0947,-5.5667,0.77352,-0.3787,-0.066144,-1.2793,0.58358,0.82322,0.27174
15.176,-3.4149,5.1076,-0.37761,-0.81157,-0.52551,-0.79635,0.05975,-0.67093,0.17987,10.98,1.0133,0.59412,-0.24174,-1.1007,1.068,0.78146,0.41482,0.21274,1.2267,8.4279,0.26853,1.0305,0.28003,0.61099,-0.4352,-0.72662,-20.925,-5.3577,-0.83991,-0.94493,0.28591,-0.27636,0.88939,0.10103,-0.53759,-11.268,-6.3348,1.1531,-0.57502,-0.28275,-0.9084,0.54646,0.84205,0.27661
21.977,-7.1536,5.6646,-0.18203,-1.6575,-0.73261,-0.83613,0.039259,-0.62483,-1.6178,11.471,0.3845,0.36144,-0.079714,-0.052598,1.1007,0.89623,0.35929,-1.0673,2.0939,10.344,-1.9457,-0.046365,-0.27525,0.61835,-0.40027,-0.73835,-14.986,0.57162,-3.3607,0.63385,0.14361,-0.40518,0.88011,0.094134,-0.55688,-10.904,-3.2124,0.7493,-0.70146,-0.33582,0.29603,0.52387,0.84928,0.28925
17.514,-5.8562,1.3939,0.34983,-0.01999,-0.14674,-0.85183,0.036657,-0.61348,-1.5904,11.256,1.594,0.68596,-0.13264,0.74296,1.1323,0.91257,0.28948,-3.6025,1.0515,13.574,-1.7757,-1.1523,-0.83991,0.60673,-0.33471,-0.78051,-14.127,1.7028,-4.0199,0.18647,0.001426,0.03869,0.87392,0.090869,-0.547,-11.282,-4.8857,-0.90526,-1.0566,-0.39145,1.6209,0.53072,0.83266,0.30276
10.815,-1.5592,-0.03161,0.61941,0.55523,-0.65104,-0.8417,0.015689,-0.63226,0.17209,10.042,1.4486,0.37243,-0.44467,1.3576,1.139,0.81791,0.27989,-1.0566,-0.46604,14.414,-0.64328,-1.2338,-1.1456,0.58061,-0.28793,-0.81175,-12.717,-1.1516,-1.6325,-0.74995,-0.13001,0.084839,0.86084,0.097074,-0.53233,-9.9678,-5.9751,-3.0377,-1.2636,-0.38871,2.0243,0.55576,0.79125,0.33523
8.6153,-0.26587,-0.398,1.3272,1.6311,-0.058451,-0.80588,-0.014121,-0.674,0.94573,10.365,-0.14435,0.075618,-0.54796,1.6744,1.1286,0.66567,0.29333,0.61933,-0.53544,9.5331,-2.2086,-1.3752,-0.97486,0.54429,-0.21894,-0.84226,-12.394,-2.4153,-0.4541,-0.41619,-0.5883,0.066453,0.84592,0.11162,-0.53597,-9.0105,-8.5604,0.10941,-0.3435,-0.6679,1.5468,0.57563,0.76387,0.3654
9.3864,-0.10206,1.5637,2.3674,1.364,-0.3904,-0.75753,-0.064667,-0.71953,0.6118,9.6316,-0.925,0.42293,-0.18933,1.6039,1.111,0.46056,0.28394,0.50874,-0.69489,8.1504,-0.59718,-1.9904,-1.0971,0.47724,-0.13165,-0.89789,-10.724,-1.1848,1.0187,-0.3134,-0.9359,0.1799,0.82306,0.10223,-0.55946,-5.2274,-3.4271,-0.98579,-0.4461,-1.0147,1.7463,0.60815,0.74188,0.36847
7.9313,-0.37279,1.7896,1.6338,-1.3699,-1.3328,-0.74557,-0.1549,-0.70876,1.6642,10.039,0.60224,0.4162,-0.024636,1.6407,1.0806,0.30948,0.26933,2.4943,0.52222,8.927,-0.75763,-1.9734,-1.1266,0.40324,-0.10152,-0.9286,-8.417,0.68283,1.4082,-0.14037,-0.64837,0.35607,0.80841,0.10085,-0.58258,-5.0357,-4.5291,-2.293,-0.40468,-0.86611,2.0818,0.65238,0.71064,0.38158
7.2783,3.6884,-0.97184,-1.5283,-1.4987,-0.59793,-0.77222,-0.18328,-0.67282,2.3065,9.4369,1.1238,0.20616,-0.25881,1.7089,1.0339,0.19247,0.28105,2.1387,-1.7371,10.465,-0.38208,-1.2446,-1.1276,0.34781,-0.078822,-0.93452,-7.1694,3.4934,1.2952,0.060098,-0.63142,0.63203,0.79985,0.11215,-0.58116,-6.5478,-4.1425,-1.8692,-0.69917,-0.50039,1.9011,0.68154,0.68256,0.39602
7.3151,2.4767,-0.002059,-0.31862,-0.1899,0.197,-0.79893,-0.15996,-0.65873,2.6221,8.6735,0.55839,0.045187,-0.48446,1.332,0.96335,0.071742,0.31061,1.5952,-1.0667,9.21,0.53784,-0.53337,-1.1278,0.3151,-0.081461,-0.93639,-6.1419,4.3268,-1.5363,0.64639,-0.37726,1.0318,0.79405,0.091824,-0.56793,-8.1052,-3.8371,-1.6855,-0.28065,-0.35878,1.6729,0.71262,0.64005,0.42483
4.9381,1.1236,0.38893,-1.5698,0.49356,0.29241,-0.79545,-0.1263,-0.67011,3.754,7.9381,-0.29105,-0.12478,-0.62607,0.83472,0.90037,-0.009312,0.35261,1.2901,0.19151,7.3057,0.10803,-0.23852,-1.1038,0.30017,-0.090295,-0.93185,-7.2737,3.4167,-2.0158,0.55311,-0.19166,1.227,0.79947,0.047547,-0.53353,-7.49,-2.9189,-2.3002,0.24284,-0.37701,1.6133,0.74063,0.60301,0.44569
5.1049,0.23237,0.62316,-0.46307,1.2398,0.090986,-0.79668,-0.078155,-0.67909,3.4633,7.8904,-1.4304,-0.36935,-0.60028,0.193,0.85759,-0.066134,0.37341,1.3368,0.040985,7.1721,-0.39442,-0.17593,-0.84284,0.28531,-0.066516,-0.94038,-7.5276,1.9992,1.3421,-0.40453,0.61459,1.6472,0.81848,-0.010918,-0.47734,-7.6541,-2.5751,-2.1377,0.64457,-0.07771,1.6695,0.77564,0.54868,0.46388
6.6274,1.0032,1.1769,0.3453,1.7142,-0.40587,-0.75369,-0.086092,-0.72339,3.8215,7.8652,-1.2363,0.031119,-0.43021,-0.41754,0.85737,-0.054411,0.38098,2.3655,-0.50441,7.7694,-0.2778,-0.003437,-0.80327,0.27948,-0.045237,-0.94065,-9.3622,0.64165,-0.41151,-0.88366,-0.10034,1.9516,0.83579,-0.055707,-0.43023,-7.729,-2.9809,-1.3556,0.74099,0.026481,1.4892,0.79245,0.50854,0.47761
6.5579,1.2941,2.7003,0.38755,0.92603,-0.22815,-0.69387,-0.11338,-0.77643,4.0463,7.8837,-0.085366,0.23988,-0.2531,-0.93576,0.88498,0.000962,0.38928,3.5239,0.82215,6.8445,0.15711,0.39758,-0.72552,0.28503,-0.041617,-0.93339,-9.3717,-0.22999,-0.035595,0.067488,-0.50292,1.9655,0.84649,-0.10796,-0.3986,-7.7137,-2.8466,-1.3251,0.27986,0.13671,1.4422,0.79602,0.47419,0.47984
6.9132,1.1402,3.4257,-0.49621,-0.24707,0.056644,-0.69275,-0.11322,-0.77799,2.9325,8.5732,-0.25188,0.60297,-0.1093,-1.3969,0.93497,0.099161,0.39854,4.3257,1.8562,7.4157,-0.4111,0.85513,-0.94572,0.30114,-0.029941,-0.92708,-8.4454,0.44239,1.4829,-0.013827,-0.73745,1.7708,0.84661,-0.1733,-0.39289,-8.9866,-3.3088,0.10903,0.097979,0.25109,1.2703,0.79858,0.42749,0.49898
7.7726,-0.27219,2.8933,-0.72248,-0.43103,0.26872,-0.70692,-0.084961,-0.76935,1.9861,9.4193,-0.70342,0.49328,-0.18628,-1.7201,0.98564,0.23918,0.42528,3.0152,2.0833,6.4506,-1.2431,1.1036,-1.222,0.32289,0.011375,-0.91665,-8.2813,0.76292,2.1161,0.052432,-0.48413,1.6764,0.84507,-0.22829,-0.39363,-8.8631,-1.3689,0.63186,0.052857,0.26492,0.99365,0.79692,0.38337,0.52115
7.8054,-0.36316,1.4828,-0.2503,0.44149,-0.046358,-0.72015,-0.078177,-0.7565,1.3253,9.1632,-0.8739,0.48499,-0.36056,-1.8279,1.0448,0.43319,0.43534,1.8651,1.4651,7.6664,-2.8802,1.1713,-1.3196,0.3406,0.10335,-0.9008,-8.9185,1.2772,2.2979,0.44383,-0.63401,1.5609,0.84249,-0.29225,-0.39597,-9.2774,3.0044,-1.8512,1.3269,0.29196,1.196,0.78836,0.35015,0.5334
7.8651,0.65877,3.3328,0.49843,1.3792,-0.23528,-0.68621,-0.089996,-0.7826,0.42681,9.9786,-0.99963,0.3678,-0.48626,-1.7529,1.0774,0.64022,0.46491,-0.31507,-0.84228,8.6686,-3.1666,0.92839,-1.2895,0.34422,0.22064,-0.8658,-9.7117,2.7389,1.7401,0.275,-0.53485,1.5151,0.8334,-0.33792,-0.4083,-10.372,1.0143,0.47083,0.78629,-0.12673,1.1888,0.79052,0.32737,0.53136
8.8161,2.529,8.0376,-0.28879,0.8976,-0.035079,-0.64172,-0.097639,-0.81893,-0.41928,10.348,-1.1708,0.11451,-0.65084,-1.4939,1.0782,0.83338,0.49948,-1.1085,-5.4323,11.191,-1.3086,0.56393,-1.2791,0.33438,0.29774,-0.8296,-11.284,3.5037,2.1054,0.016461,-0.90698,1.4606,0.83385,-0.37197,-0.41004,-10.059,0.35633,0.22033,0.28443,-0.28203,0.96276,0.78964,0.31016,0.5255
9.2072,1.5167,4.7064,-1.0154,-0.074039,0.055496,-0.6441,-0.059925,-0.82466,-0.18266,9.9501,-1.0742,-0.012959,-0.59952,-1.3007,1.064,1.0126,0.5473,-1.0179,-6.8986,10.761,-1.3617,0.76797,-0.61908,0.31941,0.32368,-0.80534,-11.004,3.8094,0.99267,-0.11258,-1.3083,1.6484,0.81065,-0.41722,-0.4452,-8.7878,-4.0784,-2.2655,0.9561,-0.21059,0.35334,0.78994,0.30383,0.52108
9.4695,0.62249,5.4935,-1.2429,0.28599,0.31085,-0.64201,-0.026095,-0.83207,-0.87727,10.47,-1.2098,-0.18237,-0.60906,-0.98821,1.0366,1.155,0.61272,-3.8594,-12.44,10.973,-1.116,1.2264,0.52719,0.34482,0.35351,-0.76242,-11.099,4.9192,0.95954,-0.12051,-1.4121,1.6638,0.7632,-0.46396,-0.49747,-10.164,1.7121,-2.826,0.11267,0.081934,-0.15238,0.77683,0.31829,0.52025
9.8433,-1.5647,7.0489,-1.1561,-0.59778,0.11965,-0.64414,0.007549,-0.83078,-0.2055,9.9614,-1.8958,-0.014095,-0.32388,-0.71773,1.0063,1.2611,0.68255,-3.9614,-12.395,10.492,0.51803,1.1116,1.3201,0.37714,0.33832,-0.74338,-10.652,2.7561,2.1114,-0.16337,-1.1958,1.4972,0.71058,-0.51886,-0.54389,-19.277,7.2602,-0.63404,-0.56532,-0.15546,0.38436,0.7696,0.29879,0.5276
17.266,-1.6222,10.238,0.61851,-1.0747,-0.10663,-0.67853,0.008206,-0.8034,-2.5211,11.109,-2.3932,0.27745,0.14554,-0.1079,0.99635,1.3,0.71847,-2.4756,-11.117,11.445,1.4203,0.54451,1.703,0.42897,0.28923,-0.74877,-7.8653,0.85048,1.2991,0.040618,-0.40402,0.59869,0.65755,-0.54586,-0.57642,-14.091,-0.42977,-0.31312,0.62221,-0.38479,0.24311,0.77414,0.28554,0.53054
16.705,-0.38214,6.9295,0.488,-0.63721,0.11366,-0.70487,0.00554,-0.78066,-2.3287,11.109,-2.0226,-0.25051,0.45473,0.81936,1.0044,1.2321,0.70236,-4.8962,-4.8694,11.254,0.4354,-0.057819,1.6908,0.48249,0.25455,-0.76068,-8.0921,0.82469,0.071503,0.72371,0.44996,-0.71894,0.65134,-0.55165,-0.56113,-13.128,-0.000292,-4.7933,0.80331,-0.18803,-0.20515,0.77924,0.30435,0.50882
12.272,-0.13464,3.9355,-0.21588,0.47881,0.58155,-0.7143,0.018212,-0.77655,-0.047267,10.595,-1.051,-0.49471,0.52719,1.6597,1.0332,1.0414,0.63804,-5.8165,-2.602,11.354,-1.2146,-0.8617,1.023,0.50471,0.26964,-0.76868,-9.4513,3.238,-0.79879,0.76383,1.265,-1.8184,0.68533,-0.52346,-0.51935,-11.228,1.9281,-3.344,-0.95709,-0.042795,-0.15736,0.78409,0.30155,0.49967
8.0963,-0.8231,6.645,-0.025747,0.093722,0.52662,-0.69677,0.035568,-0.79344,-1.7624,10.604,-0.89867,-0.58653,0.39826,2.0099,1.0461,0.7655,0.58691,-1.3116,-1.1392,9.1183,-2.1506,-0.60768,0.12839,0.51524,0.33144,-0.76245,-10.924,5.1643,-0.080151,1.2847,1.6663,-2.1018,0.72792,-0.47653,-0.46032,-10.328,1.1657,-0.14064,-1.7359,-0.025377,-0.28138,0.79154,0.26947,0.50586
7.3887,-1.2901,2.5555,0.69166,-0.6285,0.61614,-0.70732,0.018521,-0.78111,1.2127,9.0543,-0.39658,-0.59213,0.41612,2.0761,1.0361,0.47322,0.52391,1.232,-0.91832,6.2924,-4.4412,-0.16737,-0.40156,0.52643,0.44405,-0.71771,-11.554,6.4522,1.624,1.1602,0.99111,-1.7074,0.77523,-0.4317,-0.38853,-11.691,0.97563,0.47833,-1.6175,-0.075223,-0.65493,0.8003,0.25528,0.49865
8.1312,-0.68543,1.7593,0.38113,-0.72551,0.010627,-0.72827,0.00841,-0.7628,1.8977,9.5633,-1.3549,-0.46257,0.70868,1.8545,1.0004,0.27405,0.49287,3.0342,-4.3942,6.0037,-5.7868,0.13837,-0.63457,0.53115,0.60724,-0.59273,-7.0047,4.6956,0.922,-0.17352,0.25559,-1.6452,0.78225,-0.38958,-0.38407,-11.154,-0.55264,0.99133,-1.1715,-0.059647,-0.66695,0.80589,0.24601,0.50382
9.3305,-0.62237,2.112,-0.22392,-0.94017,-0.032911,-0.75106,0.028378,-0.74558,1.8705,9.0822,-1.1361,-0.33395,1.1039,1.6038,0.94865,0.12635,0.47272,2.4041,-6.9813,4.4499,-4.2303,0.14054,-0.79038,0.52491,0.73889,-0.45719,-6.2902,1.4218,-1.116,-0.37069,0.22702,-1.9153,0.7939,-0.33395,-0.39012,-9.9879,-2.2912,0.97645,-0.75374,-0.029793,-0.84551,0.80965,0.24565,0.50395
9.209,-1.3457,1.6811,0.15846,-0.73445,-0.26498,-0.77147,0.023502,-0.71977,2.6192,9.1487,0.098534,-0.37088,1.1777,1.3495,0.90723,0.018339,0.42797,3.0711,-8.8423,3.287,-2.8424,-0.20597,-0.60222,0.50755,0.80945,-0.34436,-8.6631,4.6134,-2.5402,0.38297,1.2685,-1.9982,0.81414,-0.26671,-0.3851,-9.3014,-3.367,0.088613,0.14674,-0.008678,-0.93469,0.81613,0.27554,0.49183
8.8023,-0.91077,1.1809,0.40169,-0.32535,-0.087705,-0.78489,0.009873,-0.70838,2.6611,9.254,0.86238,-0.42645,1.1259,1.2892,0.85873,-0.074205,0.39424,1.9869,-10.572,3.8117,0.96346,-0.65407,-0.43145,0.48599,0.82626,-0.33067,-10.21,3.4367,1.1966,-0.30447,0.047076,-1.3935,0.8272,-0.2138,-0.38461,-8.1625,-5.3443,-4.2681,1.8962,0.019628,-1.2703,0.82081,0.33222,0.46204
7.0913,-0.62738,0.43864,0.47448,-0.031198,0.010338,-0.79387,-0.014091,-0.69944,3.3581,9.0216,1.2377,-0.80247,0.85223,1.0564,0.7981,-0.14462,0.35311,0.61655,-5.8492,3.8041,0.85506,-0.77682,-0.31342,0.46057,0.8096,-0.36347,-7.7173,2.7453,-1.5062,-0.4752,0.006497,-1.1436,0.8277,-0.14867,-0.42907,-8.0921,-6.0631,0.38568,1.8224,0.40752,-2.0834,0.81656,0.43479,0.39044
6.1062,-0.96008,0.3917,-0.7659,0.11858,0.13283,-0.79176,-0.00491,-0.70479,5.0459,7.3433,2.2975,-1.1131,0.65869,0.79835,0.74145,-0.20648,0.33293,1.3991,-9.4003,4.8484,0.3609,-0.48943,-0.064478,0.44238,0.80605,-0.38327,-7.7046,1.4371,1.0615,-0.71589,0.28056,-1.2724,0.8269,-0.096723,-0.45615,-8.3813,0.16106,0.41252,0.24546,-0.11053,-2.3291,0.7965,0.51242,0.34849
6.2698,-0.88847,0.68439,-0.81101,0.010159,0.17158,-0.78899,0.033045,-0.71179,4.4601,7.6471,1.6683,-0.57834,0.7041,0.30683,0.70349,-0.2566,0.32877,1.9713,-8.4974,3.5773,1.3103,-0.23847,0.25799,0.44278,0.78756,-0.43579,-7.4597,1.2925,0.001165,-0.62373,0.34543,-1.2368,0.8293,-0.050814,-0.46829,-6.7932,0.46196,-0.17247,-1.717,0.25451,-2.0675,0.77244,0.55088,0.33603
7.1913,-1.4441,0.71715,0.65692,0.25114,0.037673,-0.78561,0.032945,-0.71389,4.2902,7.1782,2.348,-0.057319,0.63017,-0.16832,0.69304,-0.26652,0.32357,2.4806,-5.4298,3.0647,0.099452,-0.17636,0.45236,0.44911,0.76689,-0.4609,-7.8708,1.3731,0.075352,-0.41907,0.41765,-1.0774,0.83353,0.00345,-0.48669,-7.2627,-2.4337,-0.35258,-1.5472,0.59065,-1.794,0.74512,0.57322,0.36174
7.6521,-1.4352,1.2728,0.56168,0.26749,-0.15762,-0.77788,0.010317,-0.71758,4.1457,7.1349,2.2862,0.22771,0.44342,-0.7648,0.70863,-0.2431,0.32997,1.0721,-7.577,4.5843,-0.61544,-0.057376,0.63044,0.45929,0.76709,-0.45457,-9.3224,1.6168,-0.39677,0.081845,0.48027,-0.96478,0.83949,0.045144,-0.50815,-8.095,-2.577,-0.9946,-0.59452,0.94552,-1.5421,0.72152,0.5852,0.39231
8.4216,-1.5679,3.2922,0.58807,0.15433,0.063778,-0.77453,0.002263,-0.71766,3.7297,9.0789,2.4068,0.34852,0.36016,-1.0755,0.75849,-0.17318,0.33897,0.052736,-7.7876,3.1642,-0.282,0.080983,0.60874,0.47564,0.76214,-0.43614,-8.621,1.2791,-1.4928,0.22217,0.199,-0.80011,0.84511,0.079133,-0.53409,-9.3456,-2.9034,0.029347,0.44243,0.60406,-1.4396,0.69938,0.60243,0.40024
8.6637,-1.2109,2.4608,0.15676,0.16617,-0.075489,-0.76992,-0.009192,-0.71686,3.0379,7.8145,1.7136,0.33009,0.25327,-1.3609,0.79259,-0.11298,0.3588,-0.94802,-9.8815,3.7038,0.14416,-0.16016,0.73631,0.49342,0.75526,-0.43957,-9.4543,-1.5952,-0.073286,-0.11696,0.42133,-1.3603,0.85257,0.11433,-0.55176,-8.9584,-3.9941,-0.49003,1.0737,0.25979,-1.4708,0.6888,0.6357,0.37533
8.2001,-1.5922,2.3951,0.081618,0.25621,0.27781,-0.76391,-0.0139,-0.72223,2.2231,9.2339,1.5061,0.68538,0.089791,-1.6065,0.85078,-0.027877,0.37812,-0.75244,-10.005,3.2175,0.50685,0.018293,1.0471,0.51499,0.73868,-0.46338,-9.9018,-2.1333,-0.97457,-0.22902,0.051963,-1.3303,0.85645,0.14906,-0.57264,-8.1788,-3.5636,-0.73719,0.99314,0.30351,-1.4996,0.67619,0.68034,0.33598
7.7468,-2.1575,3.8802,0.60311,0.52293,0.16065,-0.75403,-0.022263,-0.72782,1.4665,9.4568,1.5705,0.37445,0.002093,-1.5547,0.91091,0.097474,0.39238,-0.72589,-6.5781,5.036,0.49643,0.17836,1.0583,0.54797,0.70794,-0.479,-9.1653,2.4626,-1.6401,0.83797,0.079728,-0.6877,0.85831,0.15164,-0.61399,-8.5682,-3.7202,-0.30339,0.86736,0.3381,-1.4102,0.66087,0.71517,0.30889
8.8559,-1.4211,2.715,0.46726,0.46488,0.10057,-0.74228,-0.033708,-0.73594,1.5363,10.147,1.7466,-0.20501,-0.13949,-1.3603,0.94752,0.21413,0.40992,-0.55188,-7.9997,3.9338,-0.91443,0.4517,1.0396,0.58329,0.69852,-0.463,-9.9927,6.1744,-2.216,-0.34988,-0.003254,0.054482,0.86381,0.13937,-0.62636,-9.4993,-4.9929,-0.42715,0.51925,0.22284,-1.2559,0.64489,0.74535,0.29738
9.5126,-0.60855,3.8593,0.73419,0.20875,0.013721,-0.73164,-0.050721,-0.74278,0.74195,9.3095,1.456,0.17761,-0.16787,-1.1931,0.97702,0.33544,0.42646,-0.58366,-8.3362,4.7289,-0.11155,0.36524,0.95723,0.62101,0.68407,-0.44699,-10.243,-3.254,-2.3383,-0.64146,0.33324,-0.086299,0.8683,0.16157,-0.59665,-10.282,-6.9767,-0.32618,0.13742,0.18025,-1.2639,0.62886,0.76987,0.28062
10.983,-1.5036,4.2825,0.02628,-0.41474,0.043845,-0.73604,-0.05774,-0.73015,-0.21483,11.09,0.87742,-0.004163,-0.46328,-0.84281,1.0063,0.44093,0.42898,-2.9154,-10.619,3.4741,-0.22073,0.16915,0.8958,0.64895,0.67124,-0.43962,-11.947,-2.9022,-1.9752,0.45576,-0.035329,-0.22012,0.87129,0.15306,-0.57432,-9.2462,-6.3866,0.44002,-0.030282,0.24459,-1.1378,0.60373,0.79622,0.28948
14.361,-0.7045,5.1638,0.10242,-0.65163,0.12016,-0.74933,-0.066901,-0.71638,1.4369,10.098,1.3448,-0.52616,-0.46044,-0.51822,1.013,0.49725,0.42557,-2.4062,-11.967,3.4148,0.55078,-0.10735,0.935,0.67373,0.65514,-0.4447,-20.615,-3.3748,-1.2185,-0.41632,0.34655,-0.56142,0.8761,0.14475,-0.54795,-8.7867,-5.286,1.28,0.032627,0.27137,-0.92544,0.57607,0.82539,0.29005
16.868,-4.0721,6.7426,-0.82656,-0.96472,0.08762,-0.7771,-0.051924,-0.68468,-1.6328,11.038,0.63518,0.43798,0.038061,-0.004639,1.0391,0.5058,0.38667,-2.9764,-12.086,3.6846,0.98984,-0.676,0.28767,0.68219,0.62543,-0.4702,-11.686,1.0181,-2.9647,-0.39801,-0.25863,0.070193,0.86941,0.14449,-0.56252,-10.186,-4.407,1.7145,-0.046248,-0.14941,-0.073625,0.55743,0.83889,0.28665
15.16,-4.2185,4.1622,-0.82017,0.2745,0.14401,-0.78753,-0.02136,-0.68128,-0.62761,9.9166,2.7749,0.28527,-0.12552,0.70007,1.0651,0.482,0.30351,-3.4043,-8.7539,7.0822,0.96666,-0.74166,-0.36768,0.67025,0.59922,-0.50924,-14.016,-2.0801,-3.2482,0.11849,-0.14471,-0.001017,0.86618,0.14305,-0.56082,-10.95,-3.6884,0.19437,-0.43474,-0.060019,0.93763,0.56019,0.83355,0.29406
10.534,-2.4959,3.2131,0.15048,0.8769,-0.13312,-0.77368,0.002336,-0.70158,1.6008,11.255,2.7412,0.16628,-0.47478,1.0972,1.0721,0.4431,0.23075,-1.6571,-6.3019,7.7653,0.17049,-0.38016,-1.0825,0.64022,0.59398,-0.53567,-11.283,-0.95326,-1.0786,0.40351,-0.22013,0.16902,0.85736,0.13076,-0.56754,-9.6929,-3.8536,-1.2492,-0.84219,-0.21468,1.7022,0.58029,0.80168,0.30668
8.0169,-1.936,3.5036,0.99325,1.0671,-0.24792,-0.74288,-0.022998,-0.73442,0.60574,9.5821,1.2401,-0.091385,-0.64314,1.2181,1.0339,0.32516,0.23526,-2.4184,-6.2339,5.9922,-0.67409,0.023488,-1.399,0.60601,0.62321,-0.53448,-10.706,-1.2437,-1.0367,0.72744,-0.17325,0.24254,0.84883,0.10394,-0.57606,-9.1581,-6.1997,-1.8591,-0.85888,-0.11838,1.7742,0.6032,0.76009,0.34283
7.6934,-1.3233,2.8411,0.17078,-0.23447,-0.47878,-0.72197,-0.050314,-0.75704,2.9247,8.7907,0.39066,-0.26718,-0.47424,1.027,0.99922,0.22404,0.23446,-0.97679,-10.226,3.8537,-1.1145,-0.074714,-1.5233,0.56826,0.67971,-0.50292,-9.942,-0.42828,-1.5925,0.50631,-0.35995,0.25457,0.83896,0.07785,-0.57633,-8.4541,-7.3453,0.11462,0.17882,-0.45427,1.2129,0.61553,0.73626,0.35143
8.4348,-1.147,1.7138,-0.42227,-1.6703,-0.71781,-0.75386,-0.054771,-0.72805,1.7977,9.0084,1.5124,0.39159,-0.1749,0.8434,0.97186,0.1397,0.20876,-0.64779,-10.326,4.0095,1.3581,-0.25808,-1.3212,0.53048,0.69582,-0.51506,-10.133,-0.19006,0.45929,-0.40161,-0.48892,0.18316,0.82887,0.074901,-0.5768,-6.1906,-6.0223,-0.98665,0.37165,-0.65609,1.153,0.62743,0.74163,0.32497
8.8015,-1.5151,0.38615,0.26388,-1.2234,-0.48537,-0.79939,-0.077076,-0.67974,1.7282,9.607,1.0627,0.56165,-0.26397,0.77578,0.95191,0.079233,0.18966,0.50981,-6.0163,6.3775,0.83019,-0.013121,-1.4972,0.49193,0.68492,-0.55516,-9.9154,1.0861,0.40224,-0.83799,-0.52182,0.32434,0.81446,0.089473,-0.58121,-6.411,-3.4213,-1.0655,-0.95352,-0.38285,1.4321,0.64798,0.72379,0.34255
10.399,-1.5649,2.2333,0.8738,0.29635,-0.32849,-0.81371,-0.10844,-0.66317,2.951,9.28,2.4491,0.43628,-0.48477,0.77228,0.91243,0.01429,0.19558,0.28605,-8.0973,4.4812,0.35917,0.011101,-1.5456,0.44831,0.71586,-0.54503,-9.4418,1.9728,0.44081,-1.2532,-0.37699,0.57608,0.80408,0.10794,-0.57066,-8.3724,-2.7703,-0.88774,-0.85526,-0.71105,1.5527,0.66591,0.69308,0.37125
9.1919,0.47201,2.9089,0.030319,0.8373,-0.26267,-0.79132,-0.12885,-0.68308,2.7003,9.7586,1.2686,0.24637,-0.66469,0.7631,0.87311,-0.042481,0.21086,0.51973,-9.074,6.6973,1.0762,0.010757,-1.6341,0.40582,0.71628,-0.57024,-9.7187,3.4573,0.32858,-0.90144,-0.24324,0.99207,0.80099,0.1209,-0.54999,-7.9701,-4.0868,-0.94426,-0.27703,-0.61534,1.3998,0.69174,0.66477,0.39321
7.4354,0.57805,2.1427,-0.23463,0.59221,-0.17828,-0.76876,-0.12341,-0.70627,3.1502,8.1535,1.2786,0.047033,-0.78373,0.66348,0.84258,-0.078683,0.22142,1.3988,-7.3351,6.6853,0.03106,0.13946,-1.5118,0.37296,0.7192,-0.58263,-9.1912,7.0786,-2.4635,-0.36962,-0.29852,1.4644,0.80546,0.104,-0.51161,-7.5589,-3.3941,-3.0572,0.09283,-0.35039,1.5804,0.7213,0.6354,0.4038
5.876,1.5629,1.6673,0.24598,0.10466,-0.7174,-0.75231,-0.13644,-0.71935,3.1427,7.1703,0.55958,0.23854,-0.76568,0.32128,0.82506,-0.097851,0.25697,1.3827,-6.4387,6.557,0.56007,0.15513,-1.2205,0.34153,0.72574,-0.58419,-10.268,0.76258,2.1062,0.45364,-0.14397,1.5704,0.82545,0.050739,-0.45671,-7.2657,-3.3093,-2.0584,0.21647,-0.10689,1.5527,0.74522,0.59888,0.4201
5.1296,2.4248,0.68236,-0.54935,-0.41471,-0.37891,-0.75582,-0.15075,-0.71536,3.1127,8.8481,-0.9227,0.04716,-0.65664,-0.2179,0.84225,-0.069264,0.31045,1.2343,-4.7831,5.8658,-0.052033,0.40187,-0.9848,0.31885,0.72702,-0.58768,-5.9429,-1.9984,-0.76012,0.25064,-1.0084,1.9932,0.8285,-0.033887,-0.44765,-6.5459,-3.8117,-0.32924,0.21441,0.04473,1.4449,0.7627,0.5596,0.44293
6.5959,1.8071,0.30149,-0.50239,-0.36513,-0.27863,-0.7589,-0.13099,-0.71723,4.812,8.0756,-0.67035,0.065621,-0.38804,-0.86376,0.86076,-0.014076,0.36429,2.2851,-6.1857,5.202,0.34254,0.55727,-0.43804,0.31256,0.73394,-0.57935,-6.3085,-0.36745,-0.13147,0.22325,0.32441,1.7046,0.84867,-0.1193,-0.40691,-7.3545,-3.644,-0.21544,0.030619,0.10529,1.3611,0.77503,0.5198,0.45772
7.1093,1.3237,-0.23539,1.1468,0.29163,-0.58377,-0.75609,-0.16375,-0.71079,3.5927,8.458,-0.5011,0.76689,-0.23478,-1.293,0.90167,0.075504,0.39155,2.8701,-6.0274,4.6849,-0.35869,0.59064,0.029497,0.32346,0.73631,-0.57128,-8.1682,-0.52257,2.9302,-0.59002,-0.22556,1.4856,0.86402,-0.17182,-0.3802,-8.8595,-2.9178,-0.79924,-0.085329,0.047868,1.1807,0.78303,0.47588,0.4838
7.5752,1.5421,1.6497,1.3736,0.97012,0.11782,-0.7472,-0.20318,-0.71084,2.1042,9.1498,-0.13281,0.75232,-0.17375,-1.6529,0.96578,0.20702,0.40097,1.5923,-5.8547,5.3715,-0.68862,0.55399,0.35546,0.34036,0.74578,-0.5545,-8.4739,-0.34791,0.32022,-0.22795,-0.64608,1.1023,0.87118,-0.19862,-0.38125,-8.9876,-3.2524,-1.0713,-0.54118,0.10627,1.1371,0.78802,0.42692,0.50628
9.5514,1.7223,4.5085,2.3508,1.3805,-0.15951,-0.71635,-0.26359,-0.71873,1.4761,9.4079,-0.33963,0.52669,-0.13083,-1.8207,1.0154,0.37739,0.42773,0.99998,-8.1259,7.3532,-0.91017,0.53336,0.7928,0.3691,0.76436,-0.51841,-9.5095,1.098,1.5359,0.17452,-0.70949,0.94964,0.87906,-0.22775,-0.38582,-8.9561,-2.4014,-0.93396,-0.24515,0.16842,0.87984,0.78731,0.38376,0.52699
8.1136,2.9701,6.6022,-0.56211,0.30837,-0.095029,-0.68778,-0.29488,-0.73067,0.84492,10.274,-0.90094,0.32145,-0.25941,-1.8019,1.048,0.57508,0.46657,1.4524,-7.0502,6.1604,0.18687,0.46313,0.81537,0.40406,0.75565,-0.50701,-10.416,1.9159,2.3721,-0.012904,-0.57666,1.0558,0.87994,-0.25468,-0.40155,-9.507,-0.44975,-0.72882,0.006476,0.18712,0.82163,0.78404,0.3519,0.54045
8.41,2.5137,3.4082,-0.84473,0.14879,-0.18881,-0.66867,-0.28703,-0.75065,0.067,9.937,-0.40904,0.078257,-0.33101,-1.7035,1.057,0.77555,0.51538,0.28179,-7.9746,6.3201,0.12452,0.41097,0.73705,0.44017,0.74899,-0.498,-10.116,1.9895,2.9933,0.20743,-0.70198,1.1644,0.88105,-0.28604,-0.41989,-10.859,6.131,-0.85346,0.69446,0.064889,1.364,0.77634,0.32513,0.54378
8.8467,3.1573,2.7741,-0.19601,-0.32037,0.06857,-0.67022,-0.2745,-0.75429,-0.44262,9.8749,-0.58743,0.41327,-0.33253,-1.5152,1.0424,0.9673,0.57787,0.60216,-8.6513,6.3343,0.50966,0.40634,0.75517,0.46759,0.72799,-0.50344,-9.8572,2.4638,2.8179,0.58142,-0.82582,1.1627,0.86868,-0.32178,-0.44757,-10.035,2.3489,-1.3727,0.12563,-0.093804,1.2971,0.77864,0.28132,0.54895
9.1315,3.4884,2.7485,0.07683,0.42007,-0.20506,-0.67489,-0.26056,-0.75108,-0.80532,10.171,-1.123,0.2048,-0.40082,-1.2729,1.0152,1.1439,0.64424,-0.22859,-7.6186,6.8709,0.028146,0.49946,0.80854,0.49567,0.71085,-0.50832,-10.565,3.2656,2.3377,0.75668,-1.0387,1.1756,0.85667,-0.36829,-0.4603,-10.279,-1.0163,-0.041102,0.37295,-0.39776,0.93659,0.78109,0.24762,0.5526
9.4193,2.2294,7.6593,-2.4637,0.25964,0.20005,-0.66231,-0.23262,-0.77521,-1.5554,10.395,-1.8896,0.21076,-0.38525,-0.90311,0.98919,1.2958,0.7084,-0.53338,-7.4761,6.8198,0.64604,0.2599,1.0109,0.52837,0.68727,-0.50937,-11.275,4.0797,0.6718,0.33059,-1.14,1.2332,0.82413,-0.41669,-0.49457,-10.29,-2.4377,-1.5991,0.65309,-0.31926,0.42272,0.78247,0.24243,0.53951
10.352,0.38492,3.8717,-0.747,0.11824,0.24206,-0.6596,-0.1918,-0.78814,-2.0645,10.373,-1.2804,-0.004778,-0.20311,-0.39003,0.97268,1.3954,0.74024,-0.063763,-6.5488,5.735,0.11308,0.27084,1.1148,0.55921,0.65463,-0.52226,-11.354,3.4491,0.73093,-0.17245,-0.86305,0.97199,0.77893,-0.45112,-0.53146,-13.281,1.6239,-3.3421,-0.25129,0.052975,-0.012795,0.77503,0.23679,0.53937
14.274,1.8353,5.6865,-1.2676,-1.3816,0.73259,-0.68084,-0.14667,-0.77883,-0.96458,10.713,-1.4131,-0.07587,-0.04922,0.38966,0.97047,1.4094,0.74285,-0.00024,-7.572,4.7954,-1.6203,0.17867,0.92356,0.59291,0.65397,-0.49055,-8.6369,-0.75216,-0.020263,-0.32592,-0.42807,0.31929,0.7403,-0.47103,-0.56517,-17.622,2.9225,-1.4396,-0.25285,-0.027449,0.42818,0.77143,0.21782,0.53426
18.292,1.3141,7.5639,-0.55061,-1.6743,0.5529,-0.74001,-0.10327,-0.73341,-2.5346,11.815,-1.5635,-0.29101,0.11112,1.3454,1.0198,1.2834,0.69068,-2.6992,-10.315,6.4403,-1.6034,-0.1576,0.19675,0.60404,0.67913,-0.4476,-9.5855,0.76573,0.19913,0.98881,0.69227,-0.95367,0.73095,-0.46359,-0.55362,-14.269,0.077441,0.14844,0.66849,-0.50548,-0.14757,0.78126,0.21684,0.52042
15.51,1.2404,1.8795,-0.26225,-0.48223,0.10256,-0.77377,-0.07609,-0.70594,-1.1147,10.856,-0.89086,-0.53723,0.30749,2.2271,1.0635,1.0476,0.62125,-1.5325,-9.64,8.3778,-0.84235,-0.60488,-0.39909,0.59731,0.70208,-0.42801,-12.888,5.1187,-0.007019,1.9689,1.3781,-1.3749,0.75387,-0.4573,-0.48935,-13.728,2.7595,-2.7639,0.32363,-0.36696,-0.32438,0.79636,0.23139,0.4955
10.119,0.92593,2.426,-0.41003,1.0588,0.5503,-0.75834,-0.051753,-0.72684,0.42339,10.352,-0.98823,-0.70946,0.5284,2.6674,1.0723,0.73223,0.55058,-0.66788,-9.5741,5.9692,-0.10326,-1.0618,-0.61703,0.56485,0.71941,-0.43991,-12.618,3.9907,0.96004,1.0385,0.96203,-1.3022,0.772,-0.44704,-0.42229,-11.363,0.8156,-1.1976,-0.64748,-0.16739,-0.56222,0.81154,0.23779,0.47741
8.2962,0.35188,3.2888,0.16837,-0.10282,0.74835,-0.74816,-0.025669,-0.74327,-0.020643,10.155,-1.3856,-0.84771,0.71416,2.673,1.0304,0.41432,0.48862,-0.093319,-8.9029,5.2132,0.84074,-1.3321,-0.64452,0.52476,0.71957,-0.47535,-7.2132,0.40318,1.2676,0.14405,-0.029154,-1.7548,0.77389,-0.41148,-0.41014,-11.706,0.47467,0.62614,-0.97644,-0.062995,-0.87528,0.82376,0.24287,0.47156
8.1889,-1.3361,1.3521,0.074163,-0.81393,0.37173,-0.76474,-0.037669,-0.72357,2.1102,9.5332,-0.20393,-1.2405,0.84985,2.6443,0.95395,0.094948,0.41463,-0.45046,-6.7256,5.2384,-0.43934,-1.1045,-0.68516,0.46924,0.72982,-0.51086,-5.0947,1.3814,-1.0919,0.47957,0.20925,-2.3452,0.8019,-0.33338,-0.3908,-9.1714,-2.423,1.2589,-0.72114,-0.084253,-1.2687,0.83799,0.27527,0.4543
6.7491,-0.36622,0.69097,-2.8154,-1.7675,0.24954,-0.80529,0.014061,-0.68218,3.8479,7.6392,0.3376,-1.1588,1.1534,2.3786,0.84051,-0.10949,0.36482,0.11843,-8.6364,4.9624,-0.98385,-0.91417,-0.6651,0.43032,0.75851,-0.50283,-8.4299,3.1714,-1.8512,0.28732,0.8968,-2.3673,0.8141,-0.2561,-0.39225,-7.1937,-5.1329,-1.9127,0.034523,-0.28471,-1.5956,0.84573,0.32126,0.43684
6.2379,-1.9799,-0.47985,-0.80871,-0.61782,0.44416,-0.83802,0.085151,-0.64666,3.9106,6.7306,0.71296,-0.33895,1.2103,1.6447,0.74904,-0.20547,0.32201,0.90954,-8.1158,4.8675,-0.26981,-0.67215,-0.53103,0.40131,0.77286,-0.50132,-9.7824,3.7018,-0.82846,0.12225,0.44221,-1.6211,0.81666,-0.19226,-0.41379,-7.5376,-5.6678,-0.15675,0.91671,0.51882,-2.0788,0.83759,0.38496,0.40877
4.9691,-2.4729,-0.63443,0.22776,0.33764,0.19417,-0.83431,0.096254,-0.65196,4.373,7.5515,1.8764,-0.2547,1.1322,1.0107,0.70497,-0.26321,0.28293,2.3007,-5.6693,3.0661,-0.86651,-0.59839,-0.0796,0.37958,0.78533,-0.49585,-6.9819,6.4456,-1.4355,-0.33123,0.15818,-1.3386,0.81479,-0.14072,-0.45016,-8.6778,1.6468,1.054,-0.44026,-0.18528,-2.4436,0.81625,0.45979,0.38341
5.1508,-1.9475,-0.846,1.0413,1.0224,0.071975,-0.81392,0.081033,-0.67642,4.8555,7.2847,2.3836,-0.26551,1.0049,0.39659,0.67517,-0.29502,0.26224,1.644,-9.8182,4.341,-0.098612,-0.26776,0.35588,0.37779,0.79799,-0.48115,-4.9249,3.2269,-1.023,-0.99103,0.16702,-0.96778,0.81137,-0.093589,-0.48896,-6.9475,-1.8436,-0.76404,-0.70165,0.46129,-1.8731,0.79687,0.50877,0.37278
6.5364,-1.202,0.78837,1.4021,0.75108,0.016423,-0.78847,0.051614,-0.69924,4.9402,7.2055,2.7045,-0.051367,0.79337,-0.10958,0.66228,-0.31058,0.24959,1.6141,-6.2715,3.5845,0.52689,-0.21144,0.49483,0.38606,0.78997,-0.49009,-7.1867,2.2209,0.65092,-1.2889,0.81469,-0.87597,0.82704,-0.039285,-0.49204,-7.3513,-1.3406,-0.94881,0.089694,0.5389,-1.9087,0.76669,0.57273,0.35095
7.4483,-0.54307,0.90402,-0.3822,-0.74965,-0.016832,-0.79436,0.038351,-0.68971,4.8285,7.1415,2.9029,0.3,0.682,-0.66084,0.67045,-0.30329,0.26005,0.55727,-8.8234,5.075,0.20645,-0.11965,0.79967,0.39982,0.77837,-0.5008,-10.008,1.5521,0.069729,-0.77336,0.60582,-0.95952,0.8377,0.010763,-0.50379,-8.371,-2.0089,-0.72877,-0.057319,0.58792,-1.6452,0.73965,0.61135,0.34882
