6.5231,-1.2854,4.9473,-0.32548,0.043205,-0.34744,-0.69193,-0.52068,-0.061854,6.8066,2.4473,2.9217,-0.70431,-0.15195,-0.67423,-0.63218,-0.24981,0.44721,8.1081,-3.307,1.9055,-0.91771,0.19466,-0.95239,-0.63374,-0.35345,-0.40661,-7.828,1.8539,-0.71062,0.007827,-0.1849,0.026407,0.62754,0.322,-0.40341,-8.8407,-2.4162,-1.9921,-0.60514,-0.33541,1.0087,0.52013,-0.34063,0.47486
6.0922,-1.2357,4.4743,-0.37557,0.12713,-0.38259,-0.68161,-0.52761,-0.071735,6.6092,2.253,3.0071,-0.63562,-0.13671,-0.52983,-0.62276,-0.27449,0.44057,7.6314,-3.834,1.9808,-0.64858,0.17728,-0.59374,-0.61874,-0.35798,-0.42221,-7.3426,3.3778,-0.57498,0.11162,-0.22979,0.58584,0.62603,0.31249,-0.41002,-8.1981,-3.1274,-2.4164,-0.51515,-0.39846,1.1597,0.51104,-0.37139,0.45429
5.498,-0.80101,4.4353,-0.33949,0.062555,-0.42608,-0.67444,-0.53516,-0.082007,5.7988,2.1182,2.8314,-0.3954,-0.094697,-0.52197,-0.6114,-0.29399,0.43756,6.5591,-3.4976,1.5944,-0.30891,0.21226,-0.28531,-0.60873,-0.36006,-0.43227,-6.4483,-1.6853,-3.1926,0.089185,-0.21817,0.40825,0.6289,0.29511,-0.41379,-7.7784,-3.7541,-1.0663,0.18204,-0.51284,1.1462,0.4992,-0.39814,0.44046
5.8176,-1.1286,4.1968,-0.26328,0.12546,-0.37152,-0.66217,-0.54416,-0.088394,5.8903,2.5454,2.7319,-0.49894,-0.09486,-0.56373,-0.60088,-0.31224,0.431,6.2709,-3.1856,1.6726,-0.32335,0.22856,-0.11224,-0.60039,-0.35734,-0.44066,-7.7565,2.1348,-1.4523,-0.087463,-0.05875,0.38025,0.62769,0.28939,-0.41528,-7.9421,-3.4043,-0.47045,0.28041,-0.53432,1.1296,0.49017,-0.41265,0.43088
6.3012,-1.1486,4.5063,-0.19083,0.21154,-0.27506,-0.65419,-0.54902,-0.096341,6.6351,2.3606,2.8085,-0.66976,-0.075057,-0.46252,-0.58924,-0.33161,0.42348,6.4998,-3.2455,1.9436,-0.33873,0.22214,-0.10427,-0.59384,-0.35418,-0.44742,-7.3814,0.53001,-1.1579,-0.31175,-0.15017,0.44104,0.62867,0.28189,-0.41101,-8.3678,-6.228,-2.0691,-0.10563,-0.37602,0.77736,0.48135,-0.42909,0.41669
10.218,-0.87697,6.5599,-0.058574,0.064541,-0.1105,-0.64571,-0.55026,-0.10239,10.016,2.7626,2.8165,-0.46386,-0.059336,-0.24297,-0.5814,-0.34624,0.41568,9.5018,-3.5042,2.3408,-0.35462,0.20257,-0.24482,-0.58757,-0.34792,-0.45452,-10.873,6.4457,-2.2399,-0.11063,-0.025257,0.7538,0.63199,0.27094,-0.4082,-12.978,-2.0573,-5.1091,0.40568,0.32847,0.66148,0.46594,-0.43693,0.42099
11.324,-0.43993,6.2129,0.06004,-0.074323,-0.055828,-0.64452,-0.54967,-0.10031,15.512,3.3822,2.8992,-0.22388,0.052017,0.14971,-0.57915,-0.34926,0.40915,14.504,-3.7638,2.9687,-0.47608,0.27592,-0.59406,-0.57568,-0.34933,-0.46212,-16.525,6.1281,-1.6028,-0.52294,-0.076109,1.4736,0.6411,0.24596,-0.4039,-12.719,-1.5475,-1.7116,-0.46303,0.59778,-0.24097,0.45341,-0.43762,0.42591
14.812,0.43762,7.6628,0.18042,-0.58792,-0.089487,-0.6449,-0.55158,-0.087383,16.528,2.9029,2.2228,0.51429,0.20966,0.1579,-0.58338,-0.3383,0.40666,15.68,-3.499,3.5883,-1.1344,0.15469,-0.68569,-0.55958,-0.34901,-0.47805,-19.668,2.4164,-2.9824,-0.55798,-0.29808,1.7405,0.65198,0.2092,-0.40475,-19.501,-5.2951,2.3847,-0.7635,-0.3591,-0.43421,0.45601,-0.44967,0.40484
11.611,0.97633,7.2093,0.25236,-0.38988,-0.12704,-0.6402,-0.55312,-0.070588,13.832,2.9698,2.9818,0.50301,0.2314,-0.20246,-0.58419,-0.32895,0.4076,12.702,-3.8975,5.2467,-0.79024,0.009628,-0.25374,-0.54858,-0.33758,-0.49343,-18.64,-1.3381,-2.7251,-0.4323,0.076052,1.5137,0.66112,0.17658,-0.40253,-6.4096,11.25,-6.3069,0.87668,0.4713,-0.064012,0.45713,-0.43071,0.42351
11.119,0.40697,6.0527,0.18699,0.026252,0.031463,-0.64021,-0.55279,-0.063245,12.011,3.2056,2.4176,-0.084318,-0.018186,-0.39842,-0.58187,-0.33469,0.40667,10.651,-4.3469,4.4265,0.43221,-0.23012,0.27648,-0.5535,-0.33381,-0.49154,-10.529,-2.164,-1.9985,-0.70168,-0.23207,1.5288,0.66514,0.14457,-0.40739,-13.612,2.7043,-3.0077,0.70859,-0.097462,0.94383,0.4461,-0.4317,0.43433
9.5111,0.26826,5.0547,0.011519,0.13791,0.16733,-0.64057,-0.54881,-0.064784,10.462,2.8642,2.3701,-0.11836,-0.1386,-0.082547,-0.57627,-0.34382,0.40857,9.6555,-3.0615,3.9832,1.1442,-0.1368,0.43454,-0.56207,-0.34382,-0.47283,-8.4359,-1.8911,-0.69626,-0.27101,-0.13169,1.1696,0.669,0.11954,-0.41017,-11.128,-0.31766,-0.90444,0.39255,0.074027,0.83806,0.43109,-0.4334,0.44703
7.8136,0.52008,4.7748,-0.1007,0.12457,0.15155,-0.6435,-0.54382,-0.068746,7.5493,2.8306,2.8673,0.16564,-0.23801,0.30178,-0.5753,-0.34111,0.41269,7.8485,-1.9247,3.4226,0.41247,0.11513,0.25365,-0.56714,-0.35299,-0.46158,-6.9562,-1.634,0.21105,0.12065,-0.020306,0.97631,0.67054,0.092362,-0.41292,-8.8928,1.9145,-1.3537,-0.33701,-0.10316,0.83756,0.41657,-0.4504,0.44555
7.0078,0.17208,4.4829,-0.090125,0.001493,0.088152,-0.64801,-0.53831,-0.071821,6.5894,3.131,2.9381,-0.061312,-0.37198,0.43619,-0.57359,-0.32935,0.42017,7.2331,-2.3628,3.0738,-0.35263,0.28674,0.23349,-0.5641,-0.34636,-0.46836,-6.139,-0.80546,0.13653,0.3466,-0.024807,0.46818,0.67251,0.070621,-0.41344,-9.2656,-1.3921,-1.6229,-0.4388,-0.17421,0.88105,0.4025,-0.47179,0.43315
7.2088,-0.058027,4.1845,-0.0358,-0.019742,0.072811,-0.64879,-0.53583,-0.07119,6.8998,3.2716,2.9163,-0.63214,-0.39823,0.57599,-0.57432,-0.32446,0.42417,7.4006,-3.2129,2.7977,-0.3262,0.30795,0.34305,-0.56286,-0.33099,-0.4811,-6.4797,-0.048245,-0.11874,0.42674,-0.13239,0.036987,0.67161,0.058778,-0.41621,-8.257,-2.5973,-2.2516,-0.12884,-0.13176,0.54459,0.39217,-0.48884,0.42716
7.3934,-0.24616,4.5428,0.061908,0.012699,0.12938,-0.65044,-0.53266,-0.071414,8.0598,2.6065,3.0614,-0.54833,-0.22145,0.67061,-0.57635,-0.32148,0.42284,7.8586,-3.1761,2.7013,0.023505,0.22032,0.43438,-0.5623,-0.31938,-0.48728,-7.1816,0.71235,-1.5292,0.5997,-0.025055,-0.17127,0.66774,0.051481,-0.41913,-8.3479,-3.1193,-2.404,0.27556,-0.031291,0.29831,0.38643,-0.49312,0.42798
7.2444,-0.097671,4.7665,0.16467,-0.053937,0.15899,-0.65399,-0.52671,-0.066836,8.6351,2.1568,2.8004,0.23706,0.13455,0.65006,-0.58359,-0.30854,0.42246,7.9899,-2.8754,2.5074,0.11942,0.13627,0.45999,-0.56423,-0.31095,-0.48836,-7.547,1.8526,-1.9355,0.65841,0.08757,-0.41732,0.66866,0.049355,-0.41764,-8.7796,-1.5037,-2.4069,0.40746,-0.013478,0.08749,0.37982,-0.48771,0.43498
7.2894,-0.031473,4.7971,0.25313,-0.10643,0.16573,-0.65929,-0.52383,-0.059449,8.3844,2.6975,2.291,0.82602,0.45888,0.42465,-0.59591,-0.28594,0.42009,7.6294,-2.9708,2.5818,0.22627,0.005,0.47917,-0.56892,-0.30307,-0.48695,-7.5501,2.6754,-1.4187,0.75219,0.13842,-0.61442,0.66938,0.051985,-0.41262,-8.3896,-0.93616,-2.8695,0.34985,0.044232,0.031734,0.38048,-0.48169,0.44139
7.1703,-0.008228,4.7814,0.3688,-0.14837,0.17609,-0.65969,-0.51662,-0.049177,8.0497,3.1977,2.1552,0.95769,0.57159,0.19654,-0.6063,-0.26295,0.41794,7.2126,-2.8813,2.5691,0.40232,-0.13103,0.43129,-0.57669,-0.29886,-0.47947,-8.1571,1.8237,-0.97981,0.59195,0.15292,-0.7627,0.66851,0.057997,-0.40808,-8.4642,-1.4934,-1.4976,0.20698,0.062407,-0.10249,0.37892,-0.4749,0.44666
7.0516,-0.02843,4.5118,0.42514,-0.10747,0.18873,-0.66416,-0.51127,-0.036469,7.7257,3.2328,1.9298,0.85583,0.5742,0.078181,-0.6175,-0.24461,0.41183,7.0101,-2.7833,2.6523,0.49668,-0.21022,0.36053,-0.582,-0.29864,-0.468,-8.4791,0.46556,-1.1349,0.67428,0.073565,-1.0221,0.66694,0.073656,-0.40333,-7.8102,-0.24219,-1.2889,-0.019675,0.047424,-0.43432,0.38373,-0.4676,0.44641
6.4563,0.036762,4.2241,0.45428,-0.05721,0.22678,-0.66757,-0.50342,-0.024145,7.0203,3.1031,1.7061,0.77968,0.51642,-0.057693,-0.62575,-0.23084,0.40469,6.4883,-2.6304,2.7933,0.48667,-0.25862,0.2437,-0.59057,-0.30012,-0.45427,-8.1685,0.79939,-1.7592,0.82072,-0.007893,-1.2185,0.66358,0.090733,-0.40484,-7.4879,0.48478,-2.3947,-0.15905,0.04515,-0.5192,0.38985,-0.46067,0.44409
6.5009,0.21267,4.6136,0.41798,-0.040326,0.25588,-0.67311,-0.4963,-0.013669,6.5525,3.118,1.6353,0.66607,0.39888,-0.16506,-0.63024,-0.22058,0.39974,6.2399,-2.7189,2.7715,0.44884,-0.27418,0.17819,-0.59687,-0.30259,-0.44003,-8.0721,2.0625,-2.4189,0.45198,0.16938,-1.3406,0.65782,0.11639,-0.40123,-8.3348,0.37772,-2.6932,-0.33337,-0.083248,-0.33654,0.40008,-0.45747,0.43533
6.3064,0.58082,5.5846,0.38732,0.18047,0.24398,-0.67938,-0.48488,-0.011415,6.5286,3.1028,1.7663,0.53875,0.30038,-0.12541,-0.63297,-0.21297,0.3934,6.4543,-2.8248,2.9918,0.45598,-0.24652,0.089988,-0.60343,-0.30633,-0.42601,-9.6006,3.6031,-1.0107,-0.68312,0.29592,-1.087,0.65463,0.14866,-0.38964,-6.9057,-0.93088,-2.0898,-0.091274,-0.038183,-0.47852,0.40762,-0.4518,0.42856
6.0614,0.15777,4.401,0.27493,0.083258,0.18213,-0.68107,-0.4769,-0.004873,6.1677,2.9055,1.9673,0.56495,0.25278,-0.092175,-0.63584,-0.20555,0.38924,6.493,-2.7818,3.2312,0.38004,-0.20103,0.046729,-0.60459,-0.31053,-0.41158,-9.2922,5.345,0.64422,-0.82073,0.15884,-0.90576,0.64824,0.18973,-0.37848,-6.8446,-0.13881,-2.2361,-0.21099,-0.021465,-0.29547,0.41568,-0.44666,0.42155
6.9688,0.22102,5.2963,0.12397,0.1071,0.10536,-0.68202,-0.47203,-0.00481,6.5629,2.9451,2.2761,0.58891,0.18796,-0.12909,-0.63511,-0.19644,0.38524,6.8686,-2.9584,3.1666,0.30612,-0.12344,0.12196,-0.60662,-0.31209,-0.40202,-8.2727,4.7304,-5.6972,-0.003268,0.08231,-0.7161,0.64205,0.21504,-0.36871,-9.0672,-3.1902,-2.5209,0.39835,-0.054295,-0.24723,0.42317,-0.43735,0.42002
11.228,-0.37899,5.9887,0.06109,0.21201,0.052362,-0.68162,-0.46653,-0.004698,9.8475,3.5605,2.7632,0.45081,0.03139,0.055941,-0.63358,-0.18753,0.38413,10.7,-3.7749,3.5665,0.52233,-0.1433,-0.021675,-0.6105,-0.31502,-0.38952,-14.899,3.5485,-5.5439,0.39066,0.41685,-0.72081,0.63114,0.23586,-0.37124,-13.465,-7.0775,-4.3838,-0.24156,0.096589,-0.79698,0.43075,-0.42237,0.41906
10.859,-0.82939,6.3412,-0.002287,0.25063,0.094939,-0.68403,-0.46087,-0.014085,13.117,3.9248,3.0449,0.44873,-0.06996,0.61179,-0.6352,-0.16684,0.38405,14.103,-3.4032,3.3525,0.65893,-0.026488,-0.42124,-0.60843,-0.32988,-0.37574,-11.884,-4.4473,1.098,0.52786,-0.019074,-0.070526,0.63299,0.2392,-0.36512,-17.358,-6.8423,-2.372,-0.40645,0.281,-1.7026,0.45033,-0.40499,0.41166
14.876,-1.7796,8.022,-0.074281,-0.28117,0.13862,-0.68546,-0.45676,-0.010226,13.984,4.0214,3.1017,0.93271,-0.35749,0.92744,-0.63843,-0.1331,0.38983,15.198,-2.95,2.2121,-0.18307,0.013,-0.51007,-0.59972,-0.34386,-0.3719,-21.428,6.7449,-4.8908,-0.12441,-0.020617,0.10998,0.63293,0.23647,-0.36775,-17.984,0.92361,-4.9167,0.2349,0.23672,-1.7208,0.4751,-0.37049,0.41261
12.264,-1.6564,6.5255,0.033807,-0.036429,0.21034,-0.68988,-0.44842,-0.006516,14.678,4.5439,5.2784,0.11849,-0.73871,0.89502,-0.63389,-0.099975,0.40583,14.448,-3.6416,2.6822,-0.30971,0.051756,-0.3859,-0.59413,-0.34906,-0.37522,-5.8649,-7.1116,-5.3508,-0.75389,0.23995,0.06778,0.63694,0.24427,-0.35773,-14.711,4.2031,-2.8952,0.68563,0.49333,-1.6476,0.49167,-0.32959,0.42633
9.8912,-0.95305,5.8555,-0.068506,-0.35382,0.063579,-0.69126,-0.4455,-0.001967,10.658,3.7029,4.8368,-1.0995,-1.0953,0.46218,-0.6208,-0.092205,0.42535,11.294,-3.879,1.8635,-0.056132,-0.13144,-0.11397,-0.59163,-0.35134,-0.3754,-11.678,-5.7347,-2.9331,0.72054,-0.099458,-1.1022,0.63157,0.25625,-0.35643,-8.3424,4.0184,-1.3238,0.41056,0.30802,-1.0993,0.50276,-0.2943,0.44236
8.388,-1.0623,4.6793,0.1288,-0.11664,-0.013078,-0.68977,-0.44316,0.008143,9.4348,1.6426,4.7859,-1.6581,-0.94797,-0.10291,-0.60494,-0.11406,0.44324,9.4548,-2.996,2.077,0.17109,-0.22939,0.32194,-0.59622,-0.35019,-0.36942,-10.215,1.6388,0.029456,0.25506,-0.079798,-0.83751,0.61982,0.2743,-0.36701,-7.9039,1.6688,-0.75496,0.4717,0.26025,-0.89723,0.509,-0.26574,0.45451
6.8241,-1.1287,4.0552,0.13999,-0.063208,0.008407,-0.69094,-0.44062,0.011615,7.772,0.67773,3.843,-0.88787,-0.35189,-0.31282,-0.59398,-0.14424,0.44993,7.6145,-2.6984,2.3568,0.084525,-0.19963,0.69941,-0.60621,-0.33922,-0.36137,-7.9464,-0.071475,-1.3412,0.256,-0.066806,-0.67555,0.6089,0.28878,-0.37202,-6.554,1.8592,0.65793,0.34843,0.17791,-0.49467,0.51344,-0.24337,0.46274
6.5488,-1.1037,3.904,0.014706,-0.081368,0.070295,-0.69043,-0.43864,0.01611,7.2405,0.96818,3.9529,0.12388,0.20726,-0.28088,-0.59066,-0.15776,0.44701,6.8883,-2.6462,2.3743,0.11276,-0.090814,0.87698,-0.62044,-0.32152,-0.35547,-8.542,6.5429,-1.7355,-0.092922,-0.029673,-0.31748,0.60207,0.2992,-0.37316,-6.6081,1.0165,0.32603,0.1317,-0.1321,-0.14703,0.51583,-0.23426,0.46424
6.9455,-0.75121,3.8944,-0.099113,-0.054158,0.024474,-0.6918,-0.436,0.015901,6.9193,1.7452,3.7211,0.61439,0.5075,-0.23704,-0.59723,-0.15319,0.43819,6.9224,-2.5877,2.1733,0.14965,0.066784,0.76873,-0.63022,-0.30266,-0.35326,-9.1748,2.0979,-1.1506,-0.81327,-0.027309,0.19253,0.60186,0.30637,-0.36898,-6.4063,0.56621,0.64946,-0.15394,-0.35454,0.03121,0.51951,-0.23258,0.45676
8.1349,-1.1628,4.3932,-0.18177,0.007226,-0.087947,-0.68803,-0.43629,0.015508,7.3453,2.9688,3.36,0.57428,0.43186,-0.23065,-0.60264,-0.14669,0.42979,7.8628,-2.5635,2.2653,0.035387,0.15839,0.42462,-0.63452,-0.28797,-0.35402,-9.1698,-2.2325,-2.2713,-0.70816,0.084922,-0.10763,0.60212,0.31729,-0.3552,-7.9835,-1.1397,-0.74893,-0.45282,-0.34402,0.39909,0.52628,-0.24321,0.44376
8.074,-1.1497,4.945,-0.26605,0.097852,-0.20699,-0.68642,-0.43879,0.010148,8.025,3.4286,3.512,-0.078036,0.21257,-0.15601,-0.60466,-0.14768,0.42338,8.5691,-2.3873,2.2485,-0.33104,0.24177,-0.018776,-0.63215,-0.28171,-0.3592,-8.7906,5.2544,-2.3468,-0.67999,-0.003151,-0.029082,0.60225,0.32998,-0.34734,-8.6897,-1.1434,-3.017,-0.7813,-0.29008,0.7144,0.52384,-0.26407,0.42866
6.5767,-1.1511,4.5979,-0.28389,0.079627,-0.27459,-0.68013,-0.44327,0.003628,7.3885,2.9167,3.0976,-0.3944,0.007778,-0.16358,-0.604,-0.15497,0.4175,7.9218,-2.609,1.8221,-0.75268,0.29276,-0.2428,-0.62486,-0.27698,-0.37108,-8.0876,-0.40037,-1.7413,-0.86981,0.072731,0.55178,0.60376,0.33365,-0.33257,-8.2726,-2.309,-3.4987,-0.76255,-0.11528,0.84924,0.51861,-0.29718,0.41132
6.2119,-1.1918,4.371,-0.25577,0.036408,-0.33278,-0.67313,-0.45184,-0.002563,6.7315,2.7587,2.7137,-0.51375,-0.087912,-0.30019,-0.59944,-0.16819,0.41361,6.9867,-2.9565,1.902,-0.66975,0.24602,-0.19187,-0.61731,-0.26991,-0.38777,-7.6021,-2.8994,-0.9185,0.18091,-0.036504,0.11294,0.60949,0.32946,-0.32914,-8.4232,-3.4783,-2.1672,-0.53161,-0.26467,0.8659,0.511,-0.32192,0.39745
6.8669,-1.1837,4.7416,-0.29695,0.004466,-0.27972,-0.66592,-0.45664,-0.00714,6.8098,2.7248,2.6946,-0.70448,-0.077822,-0.38926,-0.59382,-0.18558,0.40728,6.8115,-3.1696,2.0693,-0.20655,0.13241,-0.23492,-0.61019,-0.26857,-0.39569,-8.3149,3.168,-1.5622,0.15216,-0.22617,0.12696,0.60676,0.32363,-0.33398,-7.8453,-3.1695,-1.544,-0.29742,-0.39534,0.92931,0.50502,-0.34714,0.38047
6.4368,-0.91194,4.3521,-0.28447,0.15146,-0.2585,-0.65887,-0.4615,-0.014716,6.9436,2.1671,2.7123,-0.48183,0.025501,-0.36392,-0.58649,-0.20362,0.40143,6.7472,-2.5913,1.9849,-0.18932,0.11434,-0.37797,-0.60507,-0.27208,-0.39832,-7.4142,0.81738,-1.7591,-0.24418,-0.15546,0.5681,0.60742,0.31693,-0.3338,-8.5575,-3.6902,-1.2063,0.22329,-0.42393,0.91733,0.4974,-0.36189,0.37014
5.7526,-0.62469,4.2966,-0.26178,0.14557,-0.2731,-0.65237,-0.46714,-0.022444,6.4334,2.2895,2.5007,-0.061916,0.11568,-0.39187,-0.58177,-0.21308,0.39633,6.3452,-2.5746,1.9369,-0.55437,0.20191,-0.50197,-0.59641,-0.27606,-0.40539,-7.8887,0.63079,-0.62798,-0.001675,-0.16438,0.43926,0.61255,0.30441,-0.33458,-7.6575,-3.8868,0.39967,0.29785,-0.57884,0.88317,0.49183,-0.37425,0.36089
6.2427,-0.80793,4.6722,-0.27663,0.1396,-0.20372,-0.64586,-0.47002,-0.029783,6.4521,2.6385,2.5219,-0.11182,0.10389,-0.43593,-0.57811,-0.22042,0.3888,6.2288,-2.9774,2.1158,-0.73276,0.27941,-0.50739,-0.58482,-0.27498,-0.41645,-7.8975,1.7537,-1.9424,-0.004214,-0.21008,0.59794,0.61456,0.2929,-0.33341,-8.0679,-5.9897,-2.2501,-0.022548,-0.35596,0.78257,0.48528,-0.38725,0.34725
10.25,-0.50572,6.2939,-0.38143,-0.020046,-0.09872,-0.64101,-0.47038,-0.037887,9.6763,3.1956,2.5418,-0.37175,-0.068264,-0.24023,-0.57246,-0.22945,0.38206,9.5318,-3.9779,2.3715,-0.52437,0.17238,-0.65138,-0.57413,-0.27656,-0.42811,-11.583,4.9735,-2.3951,0.15905,-0.070961,0.9191,0.62021,0.27204,-0.33467,-11.863,-1.2321,-7.6131,0.047123,0.41751,0.75103,0.47309,-0.39922,0.34588
12.128,-0.59423,6.1285,-0.057705,-0.13075,-0.12955,-0.63753,-0.47106,-0.03856,15.075,3.6493,2.8176,-0.30519,-0.08877,0.21539,-0.56951,-0.23134,0.37671,14.446,-4.0006,2.5564,-0.4301,0.051042,-1.1465,-0.56256,-0.28891,-0.43204,-15.931,6.9028,-1.5467,-0.20735,-0.070702,1.3406,0.63055,0.24402,-0.33202,-13.397,-3.2832,-2.176,-0.58824,0.54019,-0.19726,0.46254,-0.40252,0.35012
13.408,-0.35697,7.2291,0.048201,-0.43242,-0.088699,-0.63269,-0.47129,-0.0317,14.796,2.8376,2.2338,0.29552,0.064742,0.17374,-0.57021,-0.22357,0.3746,13.979,-3.5237,3.2133,-0.99072,-0.11378,-1.2571,-0.54506,-0.3025,-0.43764,-17.069,3.1259,-1.5805,-0.36007,-0.21842,1.9397,0.64167,0.20539,-0.33101,-19.063,-7.5206,1.6465,-0.60282,-0.35643,-0.41752,0.46484,-0.40737,0.33355
11.838,0.55416,4.8503,0.26616,-0.18378,-0.076948,-0.63095,-0.47353,-0.017195,12.839,2.6865,2.4447,0.26934,0.096427,-0.29395,-0.56971,-0.21876,0.37273,12.251,-3.8918,4.7362,-0.68349,-0.35453,-0.80205,-0.53624,-0.30766,-0.44391,-15.713,-1.666,-4.0465,0.12997,0.18648,1.4437,0.65242,0.1624,-0.33053,-7.8859,10.47,-5.4973,1.5481,0.55575,-0.062581,0.46379,-0.39038,0.3494
10.881,0.57159,6.1266,0.26447,-0.10422,-0.033548,-0.62782,-0.47389,-0.009449,11.658,3.1385,2.2742,-0.25432,-0.071494,-0.44896,-0.56427,-0.22858,0.37154,11.003,-4.5115,4.5349,0.27379,-0.49642,-0.36006,-0.53678,-0.31646,-0.43469,-12.396,0.64154,-2.0991,-0.28855,-0.16841,1.3076,0.65816,0.12599,-0.33201,-11.519,0.3936,-2.9785,0.64982,-0.15865,0.88302,0.45411,-0.38391,0.3673
10.168,0.67667,5.3608,0.078681,0.084096,0.040979,-0.62907,-0.47105,-0.007343,11.095,2.6646,2.0159,-0.070055,-0.065301,-0.10382,-0.55959,-0.2388,0.37056,10.498,-3.1643,4.7361,0.70597,-0.34809,-0.18883,-0.541,-0.33372,-0.41418,-7.688,-2.0014,-0.51604,-0.23,-0.2413,1.0717,0.65799,0.10053,-0.33905,-10.56,-0.58803,-1.2542,0.46147,0.009872,0.6744,0.44335,-0.39197,0.37335
8.2609,0.58283,4.8607,-0.049647,0.10582,0.034109,-0.62894,-0.46829,-0.007494,8.4207,2.6498,2.1306,0.52498,-0.08692,0.31396,-0.56051,-0.22876,0.37432,8.5768,-2.1215,4.107,-0.027763,-0.01,-0.064879,-0.54145,-0.34291,-0.40557,-8.0124,0.14887,-0.2848,0.043457,-0.15617,0.90162,0.65829,0.078567,-0.34319,-9.2085,1.4841,-1.7487,-0.07513,-0.14002,0.6903,0.43531,-0.40181,0.37433
7.1881,0.46704,4.4713,-0.11691,0.012268,0.000546,-0.62915,-0.46871,-0.011308,7.0622,3.3026,2.5335,0.35776,-0.28508,0.40662,-0.56075,-0.21484,0.38192,7.5581,-3.2301,3.7685,-0.26092,0.19285,0.20514,-0.54009,-0.33584,-0.41095,-6.4832,-0.64239,0.27199,0.26882,-0.12402,0.43489,0.65868,0.059819,-0.34746,-9.5199,-1.4601,-1.0746,-0.16339,-0.21096,0.78438,0.42595,-0.41688,0.36927
7.0021,0.47648,4.3356,-0.11525,-0.034654,-0.016603,-0.62846,-0.46577,-0.013479,7.2568,3.821,2.61,-0.51409,-0.46306,0.53567,-0.55883,-0.20408,0.38839,7.4419,-3.4375,3.3157,-0.05938,0.24926,0.38208,-0.54107,-0.32674,-0.41788,-6.517,0.00358,0.008006,0.47726,-0.083107,0.086766,0.65781,0.047189,-0.34984,-7.8151,-3.1856,-1.2297,0.23648,-0.17115,0.40127,0.41833,-0.42536,0.36546
7.0688,0.38698,4.3505,-0.020467,-0.067098,0.02015,-0.62899,-0.46335,-0.01066,7.5821,2.9919,2.5936,-0.84801,-0.43577,0.57408,-0.5563,-0.20367,0.39239,7.3561,-2.9507,2.9441,0.15664,0.21618,0.50593,-0.5422,-0.31883,-0.42041,-6.6684,-0.075106,-1.0529,0.62125,-0.14067,-0.22958,0.65558,0.042291,-0.35216,-8.4122,-1.5822,-1.8182,0.35821,-0.062259,0.17215,0.4155,-0.42356,0.36706
7.0089,0.32825,4.3347,0.095989,-0.11044,0.060614,-0.62894,-0.46239,-0.007264,8.029,2.3353,2.5107,-0.49026,-0.19355,0.52528,-0.55404,-0.20387,0.39123,7.283,-2.9065,2.8591,0.14365,0.13249,0.57815,-0.5466,-0.3089,-0.42079,-6.06,0.49189,-1.5515,1.1183,-0.019427,-0.50923,0.65559,0.040249,-0.35597,-8.3542,-2.5898,-2.1337,0.61112,-0.03989,0.036017,0.41515,-0.41794,0.37239
7.0758,0.40835,4.5521,0.18238,-0.1712,0.11664,-0.63149,-0.45628,0.000889,8.3653,2.453,2.2315,0.11015,0.13996,0.43415,-0.55831,-0.19327,0.38797,6.9787,-3.0164,2.739,0.25458,0.021562,0.57354,-0.55342,-0.29876,-0.41942,-6.7475,0.45997,-1.7453,1.0406,-0.052616,-0.78123,0.65418,0.040423,-0.35328,-8.2989,-1.015,-1.8148,0.31028,0.045624,-0.064059,0.41539,-0.40918,0.38087
6.9194,0.56427,4.7833,0.26507,-0.07253,0.16467,-0.63384,-0.45014,0.007826,8.0007,2.6952,1.7929,0.60175,0.42412,0.25639,-0.56518,-0.17699,0.38291,6.5766,-2.8733,2.6033,0.43463,-0.069323,0.54609,-0.56101,-0.29084,-0.41104,-7.21,0.43477,-1.537,0.89237,-0.078759,-1.0426,0.65107,0.051437,-0.35437,-7.8342,-0.95803,-1.6275,0.18007,0.008822,-0.25594,0.41949,-0.40374,0.38143
6.7555,0.4921,4.6323,0.31086,-0.081555,0.26142,-0.63951,-0.43974,0.013512,7.4947,2.8619,1.4358,0.88987,0.54407,0.07319,-0.57408,-0.15977,0.37618,6.1426,-2.6938,2.5643,0.47104,-0.1453,0.47345,-0.56686,-0.28789,-0.4003,-7.5941,0.94412,-1.7479,0.92533,0.034739,-1.3673,0.64969,0.071357,-0.35356,-7.8981,1.2243,-1.8393,-0.11479,-0.030902,-0.21756,0.42279,-0.39565,0.379
6.8012,0.52273,4.2896,0.40147,-0.034922,0.31878,-0.64364,-0.42944,0.022525,7.1418,3.225,1.5616,0.78481,0.5292,-0.01762,-0.58159,-0.14464,0.36634,6.121,-2.8343,2.4686,0.503,-0.20798,0.36029,-0.5766,-0.28325,-0.38968,-10.204,3.8421,-3.139,0.014745,0.1534,-1.2786,0.64633,0.099474,-0.34774,-7.4914,-1.8399,-1.9827,-0.39338,-0.13271,-0.32073,0.42969,-0.39745,0.36571
6.7711,0.41213,4.214,0.40593,0.1546,0.35444,-0.6482,-0.41762,0.028789,6.9417,2.9488,1.5276,0.49842,0.47159,-0.070771,-0.58717,-0.13499,0.35529,6.4108,-2.7702,2.4523,0.47616,-0.266,0.24012,-0.58437,-0.28348,-0.37495,-10.839,6.7804,0.28144,-1.0381,-0.025104,-1.1185,0.64426,0.13742,-0.33703,-7.8949,-1.4959,-1.5328,-0.34609,-0.16657,-0.49998,0.43944,-0.39251,0.35437
6.435,0.17835,4.0607,0.3755,0.22377,0.36044,-0.65563,-0.40332,0.032064,7.0418,2.5402,1.7912,0.54952,0.46429,-0.083711,-0.59312,-0.12823,0.34183,6.5282,-3.021,2.5367,0.46796,-0.29171,0.16587,-0.5914,-0.28451,-0.36028,-7.7451,7.8654,0.22238,-0.25358,-0.64547,-1.0415,0.63072,0.17716,-0.34262,-8.107,-2.6139,-1.9951,-0.1548,-0.2654,-0.37616,0.45099,-0.38716,0.34243
9.9675,-0.50943,5.9336,0.21314,0.038534,0.33316,-0.658,-0.39055,0.036231,9.6259,2.9171,1.9789,0.71747,0.40803,0.007586,-0.59793,-0.11576,0.33129,9.6704,-4.006,2.7286,0.79409,-0.42013,0.067858,-0.59918,-0.2889,-0.34056,-13.168,-3.8034,-3.4603,0.69814,0.12834,-1.2131,0.61993,0.20078,-0.34791,-11.549,-7.772,-4.8762,-0.026821,-0.005265,-0.79632,0.46213,-0.37382,0.33523
11.885,-1.9674,5.3865,0.090471,0.17119,0.38726,-0.66461,-0.37699,0.037232,13.37,3.3091,2.0328,0.86682,0.31724,0.25911,-0.60568,-0.10076,0.32157,13.605,-3.7784,2.8307,1.09,-0.3698,-0.27148,-0.60463,-0.30231,-0.31434,-13.833,2.7128,1.6288,1.0561,0.30175,-0.064929,0.62636,0.19619,-0.33748,-17.12,-6.8829,-3.8772,-0.32696,0.28636,-1.5437,0.4797,-0.35069,0.33218
14.34,-2.142,7.0754,0.025039,-0.26258,0.27627,-0.66899,-0.36663,0.03916,13.127,3.5283,2.8196,1.0249,-0.029211,0.29954,-0.60971,-0.077293,0.31782,15.128,-3.3908,1.808,0.57984,-0.18602,-0.36747,-0.60415,-0.32102,-0.2948,-21.79,11.479,-1.962,-0.24801,-0.10968,0.41489,0.62887,0.18738,-0.3401,-17.619,-0.79912,-4.0934,0.12888,0.3099,-1.8847,0.50177,-0.31622,0.33277
12.059,-2.7265,5.8753,0.10297,0.060518,0.28107,-0.67377,-0.35595,0.043927,12.838,4.0388,5.4884,-0.18117,-0.72045,0.1645,-0.60751,-0.063543,0.32761,14.832,-3.1426,2.3004,0.2603,0.06529,-0.045027,-0.60126,-0.32917,-0.28717,-6.5585,-10.1,-5.1664,-1.2812,0.29471,0.23785,0.63273,0.19242,-0.33179,-15.069,3.7025,-0.25792,1.1039,0.49003,-1.6629,0.51607,-0.27639,0.34604
11.213,-1.8021,6.1659,-0.11498,-0.2278,0.052149,-0.67497,-0.34985,0.046965,10.584,2.9876,5.3531,-1.6597,-1.1823,-0.050393,-0.59484,-0.078719,0.34495,13.079,-3.324,1.4824,-0.041376,0.097926,0.43818,-0.6041,-0.32509,-0.28631,-12.304,-6.0817,-3.0503,-0.092725,0.11497,-0.96137,0.63207,0.20901,-0.32148,-9.8336,3.5087,-0.96937,0.87809,0.20673,-1.3374,0.52643,-0.22901,0.36515
9.1673,-1.5887,5.0698,0.000903,-0.025949,-0.091081,-0.67498,-0.34873,0.049269,9.7427,0.72192,4.6621,-1.5857,-0.94411,-0.059099,-0.58006,-0.10343,0.36374,11.377,-2.8328,1.783,-0.19085,0.10655,0.79439,-0.61296,-0.30739,-0.28813,-11.034,1.5697,1.4387,0.48059,-0.032147,-0.92179,0.62228,0.23233,-0.32594,-8.695,2.4583,0.95208,0.34557,0.20659,-0.96205,0.53579,-0.19712,0.37694
7.2031,-1.288,4.2063,0.13014,0.017332,-0.15698,-0.67382,-0.35068,0.053138,8.0221,-0.14263,4.023,-0.046516,-0.34197,0.14085,-0.57445,-0.11277,0.37285,8.6285,-2.7416,1.9818,-0.33274,0.037506,1.0132,-0.62078,-0.28161,-0.29176,-8.1616,0.50322,-2.6741,0.36929,0.00707,-0.63438,0.61533,0.24489,-0.32932,-6.7635,1.9573,0.66959,-0.10379,0.25192,-0.60875,0.53922,-0.17908,0.38149
6.3486,-0.96807,3.7392,0.017695,-0.24455,-0.20536,-0.66905,-0.35382,0.056071,7.3866,1.2398,3.938,0.94451,0.18523,0.14446,-0.57383,-0.098049,0.37506,6.8987,-2.9834,2.2091,-0.11658,-0.016597,1.0067,-0.6324,-0.25223,-0.29356,-8.736,2.1772,-1.7721,0.28332,0.084987,-0.63167,0.61073,0.25716,-0.33245,-6.1662,0.66887,0.87792,-0.38206,-0.039513,-0.25115,0.54149,-0.17695,0.38206
6.9371,-1.1792,3.4662,-0.024545,-0.15408,-0.16746,-0.66735,-0.35899,0.062298,6.9746,2.3843,3.8921,0.83611,0.31606,0.032315,-0.57942,-0.080981,0.36993,6.0315,-3.0201,2.1208,0.28234,0.006942,0.78967,-0.64249,-0.2299,-0.28996,-9.1445,4.7988,-1.348,0.044195,-0.10698,-0.23627,0.60428,0.2652,-0.3354,-6.4317,-0.77582,-0.064305,-0.67022,-0.17243,-0.044035,0.54378,-0.18107,0.37265
8.1198,-1.5159,3.7939,-0.10756,-0.046844,-0.12596,-0.66292,-0.36039,0.06398,7.5807,3.0165,3.5074,0.27507,0.21349,0.015231,-0.58325,-0.072772,0.36493,6.7763,-2.6259,2.2108,0.3913,0.077492,0.43514,-0.64688,-0.22038,-0.28758,-8.6976,-1.6034,-3.3879,-0.57468,0.068567,-0.23033,0.60446,0.27327,-0.33121,-7.3101,-1.1098,-1.6564,-0.54414,-0.054435,0.29692,0.54538,-0.19364,0.36496
8.0732,-1.607,4.4197,-0.19243,0.029396,-0.10996,-0.6616,-0.36157,0.063361,8.6282,2.8907,3.4258,-0.078407,0.1153,0.025785,-0.58449,-0.069662,0.35914,7.9146,-2.8158,2.0334,-0.058149,0.21234,0.080173,-0.64607,-0.21656,-0.28652,-8.8583,2.6573,-1.9027,-0.73941,-0.001567,-0.46107,0.60093,0.29343,-0.32236,-8.1202,-1.2822,-2.5521,-0.78525,-0.052281,0.52039,0.54184,-0.20982,0.35745
7.4792,-1.1426,4.3511,-0.14703,0.055017,-0.10368,-0.65822,-0.36245,0.060644,8.1363,2.3883,3.0657,-0.066576,0.08402,-0.10447,-0.58392,-0.071983,0.35496,7.7479,-3.5041,1.8081,-0.62053,0.32382,-0.072258,-0.6419,-0.21095,-0.29821,-9.0025,2.5582,0.13536,-0.52262,-0.099995,0.000714,0.59514,0.30682,-0.31387,-7.9713,-1.9635,-2.3049,-1.1052,-0.009522,0.83257,0.53713,-0.23677,0.34465
7.4107,-1.3503,4.5656,-0.15241,0.050311,-0.12647,-0.65588,-0.36341,0.05639,7.7115,2.6244,2.8771,-0.24378,0.052077,-0.34242,-0.58256,-0.078014,0.35037,7.3323,-4.1115,1.8686,-0.77298,0.33648,-0.031073,-0.63735,-0.20227,-0.30985,-8.5006,-2.3433,-3.8333,-0.70549,0.095102,-0.08386,0.59698,0.31411,-0.30316,-8.0911,-1.8655,-2.3963,-0.93969,-0.070157,0.99099,0.52986,-0.26965,0.32856
6.8824,-1.2563,4.3533,-0.14347,0.18611,-0.1426,-0.65199,-0.36513,0.050571,7.1062,2.1465,2.9611,-0.36556,0.043212,-0.34163,-0.58243,-0.089713,0.34596,6.8776,-4.7577,2.005,-0.49466,0.28101,-0.021344,-0.63289,-0.19306,-0.32313,-6.1238,1.0785,-2.0036,-0.35194,-0.061352,-0.19363,0.59282,0.32585,-0.29602,-9.3961,-2.7402,-2.585,-0.62271,-0.17283,1.153,0.52229,-0.30044,0.31428
6.5186,-0.97169,4.3076,-0.16063,0.14408,-0.20722,-0.64881,-0.36946,0.044199,6.313,1.9149,2.7559,-0.13674,0.042314,-0.29123,-0.57854,-0.096601,0.3405,6.3021,-4.4682,1.9668,-0.27405,0.24299,0.010491,-0.62797,-0.18843,-0.33,-8.8288,1.8273,-0.69319,-0.22959,-0.18139,0.15262,0.59088,0.32829,-0.29533,-8.274,-3.9429,-1.9567,-0.22307,-0.26737,1.207,0.51005,-0.32959,0.30181
6.4084,-0.76235,4.0544,-0.14735,0.24406,-0.22589,-0.64401,-0.37025,0.037728,6.2281,2.3229,2.6017,-0.008646,0.042978,-0.20066,-0.5779,-0.10068,0.33481,5.9461,-4.394,2.1777,-0.30454,0.26932,0.013946,-0.62502,-0.181,-0.33844,-6.722,-1.5129,-1.6376,-0.068031,-0.15986,0.096396,0.59091,0.32813,-0.29113,-8.9024,-4.2738,-0.47408,0.35887,-0.25239,1.1282,0.50128,-0.34926,0.29659
6.3698,-0.88188,4.3817,-0.17824,0.25368,-0.19678,-0.63888,-0.37403,0.029797,6.619,2.6233,2.6444,-0.19445,-0.006096,-0.090797,-0.57517,-0.10245,0.3301,5.6539,-4.5725,2.3206,-0.3498,0.30306,-0.04178,-0.62149,-0.17619,-0.34552,-7.858,1.5047,-1.5437,-0.050005,-0.21389,0.041972,0.58877,0.32721,-0.2932,-8.4224,-3.812,-0.7262,0.077479,-0.40859,1.0842,0.48987,-0.36751,0.29019
8.0462,-0.79321,4.783,-0.17812,0.3473,-0.13589,-0.63463,-0.37554,0.020589,7.3381,2.4981,2.4392,-0.19994,-0.032381,-0.088122,-0.57256,-0.10283,0.32586,6.0489,-4.8175,2.4384,-0.31624,0.32083,-0.026605,-0.61659,-0.16998,-0.35506,-8.4646,3.0046,-2.0827,0.19977,-0.27544,0.19098,0.5862,0.32454,-0.29305,-10.612,-7.4942,-4.4114,0.52395,-0.022229,1.0542,0.4791,-0.38454,0.28179
10.123,-0.71084,5.9633,-0.26085,0.2327,-0.024895,-0.6334,-0.37483,0.008389,11.961,3.3675,3.0062,-0.27795,-0.082931,0.066128,-0.56925,-0.10323,0.3227,9.7585,-5.7552,3.0635,-0.097849,0.244,-0.2287,-0.61038,-0.16759,-0.36106,-13.474,9.9413,-1.2455,0.28079,-0.10175,0.92356,0.58876,0.30795,-0.29735,-12.477,-3.4075,-4.1928,0.43195,0.50036,0.61447,0.46315,-0.39162,0.28991
10.683,-0.55206,5.8939,-0.039578,0.1129,-0.029492,-0.62995,-0.37174,0.004558,14.508,2.5584,2.3255,0.10045,0.1725,0.15094,-0.56884,-0.098437,0.31671,11.619,-5.2362,3.508,-0.090805,0.23067,-0.57436,-0.60454,-0.1769,-0.3645,-16.283,6.7687,-2.1088,-0.36628,-0.23983,2.0232,0.60488,0.27061,-0.29506,-12.155,3.3594,-0.030325,-0.49455,0.47202,0.15943,0.45511,-0.39487,0.29024
12.71,-0.11249,6.7777,0.079351,-0.099675,0.035683,-0.62819,-0.36848,0.004604,13.163,1.975,2.1931,0.61983,0.24802,-0.19649,-0.57099,-0.089256,0.30959,11.06,-4.5533,3.3899,-0.62072,0.14119,-0.53108,-0.59627,-0.1809,-0.36934,-16.889,-2.3323,-3.6717,-0.77791,-0.27981,1.8674,0.62093,0.22839,-0.29289,-15.524,-2.8915,-2.4051,0.26622,-0.26544,0.23216,0.45024,-0.40682,0.27982
12.845,-0.023808,6.5629,0.25157,0.149,0.091397,-0.62745,-0.36505,0.008418,14.048,2.8913,3.1699,0.096438,0.070914,-0.32442,-0.57013,-0.090951,0.30606,12.13,-5.7264,4.5829,-0.40321,-0.047468,-0.55755,-0.59081,-0.18351,-0.37273,-13.187,-5.9774,-3.7285,-0.62836,-0.016641,0.8607,0.62401,0.20486,-0.29059,-9.7905,3.4481,-2.9336,0.69987,0.27821,0.085351,0.44427,-0.39712,0.29445
9.8786,-0.22111,6.2705,0.36047,0.41938,0.18856,-0.62964,-0.3597,0.005708,11.588,2.1263,2.5073,-0.031469,0.044902,-0.025279,-0.56973,-0.095623,0.30321,10.229,-4.9485,4.0345,-0.15114,-0.15439,-0.65596,-0.58714,-0.19473,-0.3696,-11.255,-0.41905,-2.075,-0.67305,-0.12269,1.3455,0.62901,0.18664,-0.2865,-10.283,5.1263,-3.6621,-0.38433,-0.025196,0.51305,0.43775,-0.4018,0.29539
7.7787,-0.32643,5.3212,0.37484,0.41593,0.26677,-0.63212,-0.35166,0.000109,9.2157,1.3732,2.3897,0.57356,0.13729,0.083529,-0.56961,-0.089793,0.30156,8.1662,-4.2197,4.1421,-0.13488,-0.10909,-0.41879,-0.58337,-0.20636,-0.36433,-7.6991,-1.4302,-0.802,-0.73845,-0.071493,1.3271,0.6333,0.15995,-0.28282,-10.573,1.1343,-2.4226,-1.1377,-0.21734,0.63151,0.42951,-0.424,0.27708
6.8269,0.030455,5.0626,0.32492,0.20629,0.27024,-0.63685,-0.34526,-0.001893,8.0546,2.4618,2.9003,0.61053,0.16483,0.13846,-0.57183,-0.080261,0.30023,7.4361,-4.5625,3.8119,0.041353,-0.007042,-0.27112,-0.58212,-0.21145,-0.36188,-7.0358,-0.92717,-0.30903,-0.70868,0.16898,0.70063,0.63797,0.14392,-0.27902,-8.859,-0.43231,-1.0606,-1.2162,-0.3387,0.52257,0.42119,-0.44494,0.24892
6.5447,0.26963,5.1068,0.31017,0.1088,0.21134,-0.63911,-0.33581,-0.000826,7.4663,2.4511,2.639,0.28414,0.2031,0.23372,-0.57351,-0.06914,0.29736,7.1675,-4.1165,3.6216,0.35549,-0.007866,-0.23458,-0.57896,-0.221,-0.35619,-7.3704,0.40471,0.12548,-0.46933,0.21446,0.38537,0.64121,0.13838,-0.26624,-8.0421,-0.12206,-1.1506,-0.62392,-0.14076,0.28869,0.41757,-0.45706,0.22831
6.158,0.18586,4.5959,0.3412,0.095002,0.14936,-0.64048,-0.32996,0.001662,7.4226,2.3926,2.6968,0.41566,0.30534,0.22428,-0.57713,-0.060582,0.28914,6.996,-3.5034,3.4127,0.39304,-0.029939,-0.15508,-0.57896,-0.232,-0.34889,-6.9561,0.83716,-0.66949,-0.24594,0.14179,0.41404,0.64266,0.1298,-0.25748,-7.7753,-1.0143,-2.7024,-0.41404,-0.22288,0.26491,0.41309,-0.46754,0.21442
5.6786,0.082853,5.3826,0.35365,0.068209,0.15678,-0.64066,-0.32259,0.005955,7.1216,3.2293,2.6551,0.56394,0.46555,0.17418,-0.58187,-0.048084,0.28221,6.4108,-3.1749,3.3199,0.39956,-0.024886,-0.042151,-0.57606,-0.23768,-0.34345,-6.6071,2.2375,-1.6169,0.091933,0.39107,0.26514,0.64591,0.12246,-0.24825,-7.6861,3.0267,-2.705,-0.59474,-0.09917,0.30216,0.4085,-0.47487,0.20312
5.9988,0.15335,5.6392,0.33868,-0.006639,0.17172,-0.64378,-0.31686,0.008647,7.0841,4.0692,2.4302,0.52974,0.54319,0.043373,-0.58511,-0.037914,0.26703,6.2792,-3.0475,3.0908,0.48579,-0.019304,-0.068556,-0.57806,-0.24526,-0.33597,-6.5138,1.7188,-1.2318,0.46831,0.57709,0.14372,0.64931,0.11157,-0.23335,-7.5099,0.40062,-1.7976,-0.58349,-0.13877,0.38421,0.40209,-0.48493,0.18464
5.5732,0.15554,5.9493,0.33092,-0.07605,0.20846,-0.64382,-0.30969,0.015668,6.8391,5.0505,3.0456,0.24268,0.49116,0.026007,-0.59147,-0.03357,0.25255,6.5381,-3.3837,3.0028,0.38896,0.003508,-0.17103,-0.57586,-0.25248,-0.32953,-7.6566,3.3769,-0.67132,-0.12355,0.5027,0.058856,0.65239,0.1082,-0.21678,-7.2904,1.6539,-1.5963,-0.67713,-0.20897,0.34675,0.39694,-0.49367,0.16737
5.8101,0.18056,6.6303,0.32982,-0.24558,0.24937,-0.64571,-0.29833,0.023538,5.9429,5.3822,3.1485,-0.004289,0.34596,0.08407,-0.59379,-0.027625,0.24162,6.544,-3.9446,2.9906,0.086624,0.008417,-0.12902,-0.57415,-0.25695,-0.32532,-7.8282,4.5484,-1.2013,-0.38944,0.46712,0.21676,0.6576,0.10499,-0.19853,-9.0065,1.3339,-1.798,-0.37268,-0.16778,0.3968,0.39291,-0.4998,0.15487
7.0712,0.39356,6.4174,0.27354,-0.2537,0.26496,-0.6473,-0.28909,0.037012,6.2149,6.0927,3.1097,-0.10625,0.17245,0.12148,-0.59464,-0.021952,0.23155,7.1352,-4.8434,2.959,-0.17205,-0.049978,-0.07813,-0.5741,-0.25645,-0.3242,-8.7409,4.1477,0.52154,-0.54774,0.33669,0.22998,0.65996,0.10267,-0.18213,-10.026,0.39315,-0.57012,-0.5571,-0.37944,0.41173,0.3866,-0.50802,0.13636
7.7631,0.54786,7.2071,0.22548,-0.11401,0.19783,-0.64974,-0.27668,0.044989,6.8999,6.627,3.3982,-0.49571,0.0252,0.18812,-0.59567,-0.021059,0.22697,7.2929,-6.1175,3.4872,0.018621,-0.14383,-0.14001,-0.57361,-0.2551,-0.31947,-7.8237,4.221,-0.000328,0.27798,0.17296,-0.18145,0.66068,0.10124,-0.17526,-9.8749,1.8623,-2.2072,-0.67621,-0.50035,0.478,0.38153,-0.51687,0.11658
7.1965,0.50806,7.1802,0.088685,-0.020279,0.10416,-0.64882,-0.26887,0.047145,7.5239,5.7613,3.4176,-0.48012,-0.045254,0.10758,-0.5961,-0.020778,0.2214,7.2291,-5.9622,3.684,0.14347,-0.21363,-0.13649,-0.57514,-0.2577,-0.30997,-8.5665,6.4738,0.41747,0.58967,0.35599,-0.30583,0.65972,0.10202,-0.1648,-10.421,2.2292,-1.7074,-0.83332,-0.60531,0.7149,0.3704,-0.52637,0.088375
6.6512,0.2015,7.1218,-0.11533,0.070989,0.063293,-0.64957,-0.26437,0.045995,7.9033,4.9898,3.5233,-0.039964,-0.032015,-0.034729,-0.59628,-0.018257,0.21851,7.3064,-5.7181,4.05,0.074186,-0.17956,0.010149,-0.57722,-0.25577,-0.30151,-8.1682,7.584,0.7544,0.31833,0.17994,-0.61744,0.65856,0.1102,-0.15633,-10.437,0.45319,-0.098784,-1.0888,-0.95564,0.81278,0.35512,-0.53994,0.053608
9.1428,-0.34164,8.2565,-0.29988,0.28845,0.006761,-0.64739,-0.25778,0.03896,7.6893,4.1958,3.2996,0.1804,-0.04743,-0.1417,-0.5953,-0.017772,0.2152,7.5894,-5.7307,3.5876,-0.02052,-0.090368,0.18518,-0.57864,-0.25025,-0.29487,-10.453,6.6647,-3.9874,0.32359,-0.22259,-1.0644,0.65342,0.12817,-0.15373,-10.024,-1.4656,-3.0853,-1.0356,-1.0811,0.58011,0.34359,-0.54869,0.012896
12.12,-0.58741,6.2926,-0.52548,0.57749,-0.027431,-0.6482,-0.25422,0.024073,12.27,4.6358,3.427,0.087128,-0.29794,-0.022261,-0.59478,-0.013679,0.21606,12.771,-6.6562,4.0636,0.25372,-0.039561,0.03329,-0.57988,-0.24578,-0.28694,-16.949,7.1241,-5.2439,0.35433,-0.009832,-0.73004,0.64431,0.15821,-0.16276,-10.761,-2.6668,-4.6698,-0.52988,-0.79759,0.18044,0.3355,-0.5514,-0.019717
11.008,-1.1332,6.0568,-0.32006,0.20401,-0.21447,-0.6454,-0.25449,0.008133,13.236,3.7089,4.5416,-0.366,-0.59643,0.14357,-0.59177,-0.010364,0.22234,13.748,-5.2519,3.5846,0.29131,0.091239,0.095841,-0.5761,-0.24507,-0.28139,-10.011,-5.6563,-2.1644,0.19732,0.087259,-0.74618,0.63875,0.17062,-0.1624,-10.391,-4.6382,-5.3711,0.66841,0.055373,-0.65898,0.34096,-0.54514,-0.022182
13.293,-3.5372,6.0361,-0.20141,-0.21942,-0.070069,-0.64237,-0.25441,0.009068,14.138,1.9959,4.8115,-1.3217,-0.95497,-0.27558,-0.58799,-0.02016,0.23807,13.839,-3.8718,2.7967,-0.002207,0.066398,0.77214,-0.57728,-0.23167,-0.27995,-15.144,-4.9613,-1.0378,-0.18908,0.039198,-0.83001,0.633,0.19043,-0.16062,-14.665,0.61903,-3.427,1.82,0.71025,-1.2382,0.36501,-0.52858,0.01281
11.258,-2.6109,4.512,0.039161,-0.19098,0.10864,-0.64274,-0.25161,0.012435,14.795,0.24267,3.8865,-1.6998,-0.73983,-0.71429,-0.57694,-0.049124,0.25634,13.938,-4.535,2.7193,0.48657,0.029419,1.0835,-0.58293,-0.20976,-0.27774,-10.609,-5.5157,-2.2816,0.63666,-0.12969,-0.97881,0.62374,0.21529,-0.1619,-16.61,4.8556,-1.1027,1.7191,1.1282,-1.4877,0.39104,-0.50453,0.068976
10.34,-1.3653,4.2743,0.16406,-0.47309,0.002346,-0.64209,-0.24872,0.022099,12.173,-1.5176,3.0094,-0.62178,-0.068569,-0.93906,-0.5721,-0.078169,0.26216,11.386,-4.0038,2.1629,0.91666,-0.074804,1.0919,-0.58933,-0.18979,-0.27026,-9.7448,-0.82636,-5.4881,0.64872,0.058024,-1.2441,0.61501,0.23687,-0.16827,-14.419,1.9036,0.62228,0.89718,1.1104,-1.9949,0.42118,-0.47147,0.10837
8.8942,-0.34922,3.2104,0.14926,-0.56075,-0.22728,-0.63996,-0.25023,0.038792,8.8313,-1.2597,2.4069,0.67029,0.47102,-1.0221,-0.57318,-0.10002,0.25735,9.4958,-2.8923,2.33,1.0294,-0.19327,1.1585,-0.59698,-0.17293,-0.2555,-10.3,-0.99128,-0.62965,0.52273,-0.030244,-1.2471,0.60282,0.26356,-0.17272,-12.158,1.8962,-0.29579,1.2136,1.18,-2.3906,0.45356,-0.4255,0.14986
8.2119,-0.92405,3.8133,0.3665,0.20331,-0.14642,-0.63665,-0.25293,0.044928,6.7496,1.4401,2.6592,0.83031,0.54489,-0.79891,-0.57176,-0.11094,0.24835,8.1481,-2.4694,1.8377,0.98512,-0.1544,1.3154,-0.60397,-0.1503,-0.24238,-9.1147,1.4956,-2.3567,0.95181,0.048735,-1.1915,0.58789,0.28749,-0.18464,-11.551,1.7118,0.34898,1.2485,1.2156,-2.5743,0.48326,-0.37128,0.19429
6.6492,-0.7164,3.191,0.002964,-0.30918,-0.21603,-0.63462,-0.25891,0.052126,6.2983,2.2943,3.0005,0.22542,0.36611,-0.29688,-0.57522,-0.11665,0.24054,7.6774,-2.0904,1.6675,0.89588,-0.040132,1.3932,-0.61028,-0.12559,-0.23328,-7.7513,3.8909,-1.7092,0.48058,-0.020573,-0.82267,0.57521,0.30539,-0.19434,-10.63,1.3501,0.019903,1.2314,1.0832,-2.7275,0.50724,-0.30733,0.23504
7.2167,-0.42503,3.3017,-0.10273,-0.22451,-0.18546,-0.63106,-0.26205,0.055283,6.0231,1.5442,2.2105,0.13394,0.18251,0.015723,-0.5758,-0.117,0.23446,7.282,-1.6364,1.4776,0.53067,0.14694,1.3524,-0.61449,-0.097962,-0.22953,-8.6541,-1.8893,-1.3459,0.81627,0.071933,-0.569,0.56798,0.31504,-0.1955,-9.2062,1.4753,0.7615,0.99205,0.61027,-2.5616,0.52711,-0.2427,0.26701
8.6713,-0.78497,5.1758,-0.073978,0.18832,-0.12495,-0.63023,-0.26161,0.053136,6.7703,2.4764,2.4332,0.10921,-0.021604,0.19472,-0.57895,-0.11393,0.23397,7.5799,-1.9605,1.3435,0.02269,0.24893,1.0695,-0.61512,-0.070641,-0.23445,-8.8129,3.6357,-2.6906,0.39647,0.056563,-0.85573,0.55721,0.32749,-0.20444,-8.3652,3.4407,-0.57867,0.38123,0.50422,-2.1054,0.53858,-0.18634,0.28479
7.185,-0.47196,3.9876,-0.25995,0.21133,-0.19755,-0.62823,-0.26383,0.047381,7.6591,3.0678,2.9444,-0.21835,-0.20203,0.41634,-0.57689,-0.10636,0.23523,7.6491,-2.6486,1.6304,-0.30726,0.3022,0.63819,-0.61384,-0.046972,-0.2413,-8.2848,3.3759,-1.0291,0.30823,0.010978,-0.41838,0.55007,0.34009,-0.20546,-8.1281,1.5325,0.062672,0.12718,0.41073,-1.3656,0.54334,-0.14793,0.29844
7.1545,-0.65678,3.9488,-0.31616,0.14084,-0.2712,-0.62445,-0.27101,0.039421,7.3217,2.7727,2.8146,-0.39818,-0.36035,0.38397,-0.57659,-0.09801,0.23986,7.197,-3.2385,1.5336,-0.60191,0.294,0.44512,-0.6098,-0.030609,-0.24793,-10.703,-3.2217,-2.1134,0.5619,0.068765,-0.6187,0.54288,0.34261,-0.21172,-5.42,0.089736,-1.1356,-0.15199,0.37925,-0.97918,0.54454,-0.12518,0.30616
7.3902,-0.98677,4.4783,-0.32771,0.44154,-0.18857,-0.62313,-0.27429,0.028749,7.6583,2.7806,3.1569,-0.6295,-0.46927,0.22176,-0.57406,-0.096376,0.24641,6.6836,-3.985,2.1891,-0.7323,0.23031,0.41282,-0.60677,-0.012382,-0.25729,-7.53,1.5072,-1.8297,0.77504,-0.24284,-0.69764,0.52986,0.35056,-0.22338,-5.8941,-0.095022,-3.2135,-0.722,0.5991,-0.65412,0.54117,-0.11381,0.31301
6.6315,-0.48549,4.7817,-0.45247,0.41056,-0.28988,-0.61966,-0.27901,0.012596,7.2537,2.4452,3.3449,-0.68137,-0.42401,0.15118,-0.56949,-0.096253,0.25233,5.6061,-5.3184,2.7045,-0.54077,0.1634,0.35329,-0.60311,0.004876,-0.26172,-8.5686,0.37577,-1.2716,0.43738,-0.098148,-0.23533,0.5229,0.35234,-0.23764,-6.3248,-2.4093,-3.0552,-1.079,0.48311,-0.17435,0.53503,-0.11843,0.32273
6.2864,-0.92762,4.8732,-0.50179,0.29198,-0.33052,-0.61442,-0.2854,-0.000891,7.4318,2.3202,3.1291,-0.2877,-0.29061,0.094411,-0.56655,-0.099232,0.25847,4.7009,-6.101,2.9586,-0.40062,0.14091,0.27093,-0.5999,0.017641,-0.26504,-8.1694,-1.3732,-0.5414,0.82077,-0.28017,-0.25103,0.5185,0.35175,-0.24415,-6.1923,-4.1151,-2.5047,-0.50328,0.27546,0.043562,0.5283,-0.12787,0.32548
6.6648,-0.71277,5.9744,-0.57954,0.30656,-0.38531,-0.60797,-0.29284,-0.01473,7.336,3.0261,3.5254,-0.14384,-0.19467,0.076933,-0.5651,-0.095534,0.2599,3.9444,-7.1837,3.6065,-0.34129,0.2152,0.16308,-0.59654,0.028877,-0.27043,-7.8948,-3.1283,-2.0646,0.78516,-0.19748,-0.03471,0.51241,0.34386,-0.2611,-8.2156,-5.4934,-0.8393,0.4438,-0.23533,0.19981,0.52727,-0.12721,0.32424
6.4908,-1.2303,6.0592,-0.54187,0.19177,-0.43587,-0.60098,-0.3016,-0.028402,7.5156,3.6683,3.5902,-0.23733,-0.23072,0.075853,-0.56129,-0.095607,0.26346,3.6557,-7.8473,3.4841,-0.32097,0.31472,0.13137,-0.59164,0.035829,-0.2775,-8.4285,-3.3533,-0.76955,0.79554,-0.25377,-0.45155,0.50662,0.33986,-0.27253,-7.6337,-6.0508,-2.4297,0.33892,-0.1331,0.26923,0.52761,-0.12717,0.31973
6.7565,-1.2072,7.1657,-0.49785,0.21715,-0.34829,-0.59547,-0.3091,-0.039557,7.5854,3.7319,3.9482,-0.37585,-0.30124,0.081095,-0.55923,-0.097322,0.26554,3.7686,-8.4116,3.7475,-0.25651,0.39212,0.11745,-0.58651,0.044704,-0.28499,-8.1249,-1.5432,-1.0955,0.47082,-0.29576,-0.5027,0.49478,0.34188,-0.28438,-7.6306,-4.7397,-1.4101,0.42755,-0.21134,0.41859,0.52759,-0.13033,0.31899
6.0865,-1.2449,6.8022,-0.42463,0.17967,-0.34446,-0.58973,-0.31508,-0.048809,7.7437,3.8657,3.8525,-0.32186,-0.30418,0.047777,-0.55559,-0.097446,0.2709,3.3883,-8.5367,4.1155,-0.08806,0.31204,0.12795,-0.57928,0.050163,-0.29302,-10.249,-3.7886,-0.64058,0.69399,-0.49844,-0.62447,0.48439,0.34801,-0.29658,-6.8657,-4.1451,-1.5749,0.44613,-0.34215,0.69046,0.52409,-0.1365,0.31182
6.0835,-1.691,7.2097,-0.24959,0.1414,-0.23461,-0.58261,-0.32089,-0.055151,7.5754,3.8772,3.9925,-0.37699,-0.28679,0.014511,-0.5498,-0.098173,0.27535,3.2775,-7.8124,4.0181,-0.025183,0.225,0.15084,-0.57353,0.054494,-0.2981,-8.7467,0.1353,-1.3275,0.60818,-0.68659,-0.73978,0.46563,0.35091,-0.31546,-7.2202,-5.6151,-1.5549,0.74601,-0.35471,0.93768,0.5218,-0.14795,0.30758
5.0949,-1.4066,6.622,-0.16659,0.12906,-0.14337,-0.57968,-0.32273,-0.061144,7.4618,3.3004,3.9503,-0.44424,-0.25808,-0.040012,-0.54675,-0.10243,0.28114,3.7564,-7.3104,4.3002,0.067707,0.16983,0.1413,-0.5688,0.05833,-0.30121,-9.4712,-0.96593,-0.52298,0.6636,-0.82709,-0.6818,0.44516,0.35501,-0.33522,-6.969,-3.3161,-1.3652,0.61581,-0.5926,1.2971,0.5196,-0.16229,0.30233
9.7848,-0.28624,7.9334,-0.25768,-0.16109,-0.012175,-0.57745,-0.32317,-0.064997,9.4352,3.4254,3.63,-0.34245,-0.29646,-0.028257,-0.54309,-0.10595,0.28385,5.5833,-6.7894,3.8299,0.05645,0.11903,-0.000439,-0.56464,0.060762,-0.30307,-10.566,1.3672,-3.5187,0.47136,-0.9443,-0.58697,0.42045,0.35482,-0.35897,-13.959,-1.9938,-4.8715,0.52509,-0.36532,1.2775,0.51297,-0.18337,0.29335
14.031,-1.3678,6.7796,0.13895,-0.15217,0.00872,-0.57664,-0.32331,-0.060067,15.356,3.8472,3.9696,-0.63625,-0.25098,0.22803,-0.53907,-0.1076,0.28874,10.287,-7.5722,4.6384,-0.002891,-0.016887,-0.65664,-0.56265,0.051717,-0.30596,-12.818,2.656,-5.3736,-0.5151,-0.61239,0.094081,0.40644,0.3571,-0.37015,-17.134,-4.9307,-6.7111,-0.49753,0.292,0.38142,0.50311,-0.20165,0.29363
13.966,0.6488,6.5684,0.39487,-0.35031,0.071986,-0.57565,-0.32348,-0.049142,17.511,2.0329,1.1581,0.3899,0.34587,0.21213,-0.53931,-0.10409,0.28724,13.493,-7.2653,4.5692,-0.17172,-0.09511,-1.3255,-0.56379,0.028881,-0.30625,-12.075,-0.17492,-3.8475,-1.7394,0.097056,0.95609,0.40956,0.36523,-0.3515,-15.271,-1.9143,1.9349,0.073422,-0.24697,0.39909,0.49648,-0.21292,0.29363
13.14,2.0522,5.5937,0.30616,-0.49025,-0.095423,-0.57665,-0.32378,-0.032583,14.624,1.5529,1.2232,1.3971,0.7283,-0.3949,-0.54591,-0.093178,0.28153,12.866,-6.13,5.4152,0.20384,-0.2566,-1.3317,-0.56214,-0.000537,-0.30108,-15.309,-6.5919,1.3466,-1.2575,0.54531,1.0007,0.42668,0.36463,-0.32455,-11.226,5.1005,-3.5586,0.22033,-0.046928,0.9062,0.49119,-0.22496,0.29382
11.754,1.6737,4.8271,0.13684,-0.37922,-0.15286,-0.57333,-0.33047,-0.019071,12.378,2.7945,1.7084,0.89449,0.45691,-0.7223,-0.54945,-0.093806,0.27555,11.928,-4.4968,4.5585,0.68913,-0.37637,-0.90135,-0.56551,-0.033775,-0.29344,-15.48,-3.1067,-0.056141,-0.613,0.79443,0.79309,0.44126,0.36106,-0.30008,-12.043,0.59759,-2.9345,0.82865,0.12645,1.0692,0.48278,-0.23974,0.30166
10.641,0.75866,4.2829,0.052058,-0.19112,0.036649,-0.5719,-0.33328,-0.012736,11.595,3.7013,1.7029,-0.06785,0.13379,-0.40667,-0.54987,-0.10338,0.27312,10.665,-3.1922,3.6927,0.30246,-0.077008,-0.6912,-0.56542,-0.058262,-0.287,-15.474,0.080932,-0.082002,-0.63913,0.74592,1.9555,0.46603,0.33964,-0.28297,-10.919,0.011801,-1.408,-0.032866,-0.026277,1.1838,0.46893,-0.25664,0.30565
8.4001,0.98709,3.5287,-0.13846,-0.2499,0.089285,-0.57359,-0.3335,-0.008856,9.1796,2.0364,1.1507,-0.067464,-0.049233,-0.047291,-0.54765,-0.11125,0.27481,8.2747,-3.0601,3.1481,-0.59627,0.30755,-0.69209,-0.56068,-0.071503,-0.29225,-13.079,-2.2566,-0.20391,-0.60647,0.65533,2.6858,0.49962,0.29871,-0.26671,-8.7762,0.099739,-1.648,-0.030281,-0.081761,1.1282,0.4572,-0.28085,0.3028
7.5973,1.0851,2.8517,-0.4036,-0.32987,-0.041257,-0.57393,-0.33379,-0.007643,6.7937,1.7748,1.6501,-0.23976,-0.33068,-0.044249,-0.54667,-0.11321,0.28056,6.9772,-3.3752,2.4518,-0.92767,0.50051,-0.67303,-0.55061,-0.076635,-0.30622,-11.069,-2.3099,0.10664,-0.36096,0.61199,2.9996,0.53443,0.24206,-0.25325,-10.438,0.49545,-1.5032,0.12704,-0.073229,1.2317,0.44383,-0.29995,0.30219
8.0787,0.66453,3.3153,-0.59196,-0.22492,-0.15499,-0.57241,-0.33657,-0.00729,6.4651,2.4667,1.9647,-1.0983,-0.63604,0.089289,-0.54053,-0.12089,0.29045,6.9413,-3.7439,2.3648,-0.89255,0.51434,-0.64297,-0.54343,-0.080371,-0.32049,-10.861,-1.1497,-0.94086,-0.63445,0.34465,3.0438,0.5621,0.18091,-0.24432,-9.0635,-1.2799,-1.933,-0.27962,-0.33231,1.3625,0.43232,-0.32388,0.29882
8.016,0.13056,3.5725,-0.56749,-0.062313,-0.18485,-0.57039,-0.34078,-0.012622,7.5675,1.9288,1.8694,-1.4002,-0.64044,0.32484,-0.53526,-0.13282,0.29997,7.1679,-3.8524,2.6391,-0.88884,0.45589,-0.64834,-0.53279,-0.08181,-0.33303,-9.7901,-2.7381,-0.30237,-0.74975,0.095965,2.897,0.57796,0.1201,-0.23673,-8.7808,-2.1005,-2.6327,-0.098584,-0.16838,1.108,0.41559,-0.34679,0.29153
