8.9918,-2.2068,2.5858,-0.017394,-0.064102,-0.002548,-0.40299,0.45967,0.002321,8.4094,4.2617,1.442,-0.003812,-0.050735,0.054696,-0.54706,0.048323,-0.29866,8.3254,-4.0584,2.9109,0.048713,-0.061908,-0.013753,-0.51643,0.11297,0.11464,-9.749,0.2487,-0.22347,0.010618,-0.033916,-0.009371,0.47341,0.33901,0.04872,-9.7607,-0.25461,-0.45766,-0.065926,-0.003091,-0.011505,0.60752,-0.19713,-0.16206
9.3195,-2.3054,2.5131,-0.020749,-0.019349,-0.013663,-0.40097,0.46313,0.004688,8.5759,4.4693,1.6092,0.000775,-0.036663,0.045013,-0.54793,0.052123,-0.30439,8.4462,-3.4544,2.8876,0.15378,-0.098164,-0.006551,-0.51295,0.11413,0.11593,-9.7483,0.16573,-0.11082,-0.006485,0.004847,0.00324,0.47121,0.33622,0.048094,-9.7086,-0.44906,-0.46478,-0.024528,0.002646,-0.00073,0.60704,-0.18996,-0.16354
9.2821,-2.32,2.5201,-0.022608,-0.004595,0.018186,-0.39952,0.46529,0.006633,8.6271,4.5035,1.5708,0.034339,-0.041563,0.093629,-0.54758,0.053639,-0.30726,8.5485,-3.5036,2.9731,-0.0714,-0.02379,-0.079938,-0.50998,0.11466,0.11708,-9.7639,0.16689,-0.40376,-0.005065,0.017151,-0.0161,0.46991,0.33271,0.048965,-9.7612,-0.50836,-0.5256,0.049282,0.005061,0.015411,0.61073,-0.18514,-0.16351
9.201,-2.2444,2.3186,-0.050544,-0.008499,-0.016506,-0.40018,0.46745,0.009446,8.4557,4.5374,1.5845,0.003537,-0.036771,0.035197,-0.54705,0.058894,-0.31346,8.5978,-3.9195,3.1523,-0.031851,-0.012939,-0.093147,-0.50746,0.1143,0.11671,-9.7938,0.24855,-0.23188,-0.001598,0.008368,-0.016135,0.46782,0.32867,0.047161,-9.8205,-0.1646,-0.48085,0.009709,0.001982,0.002838,0.61141,-0.18112,-0.16811
9.1933,-2.3183,2.2807,-0.038463,0.039615,-0.031293,-0.39817,0.46868,0.011692,8.4069,4.513,1.6133,0.032085,-0.027827,0.053671,-0.54874,0.060569,-0.31789,8.481,-3.9869,3.1712,-0.005486,-0.038314,-0.029619,-0.50694,0.11311,0.11703,-9.7335,0.12881,-0.23804,0.035502,0.006536,-0.003819,0.46608,0.32736,0.048269,-9.7009,-0.34467,-0.41954,-0.024519,-0.006396,-0.004415,0.60958,-0.17555,-0.17015
9.3262,-2.2331,2.9389,0.008813,0.09146,-0.033227,-0.39812,0.46997,0.012636,8.5874,4.654,1.5373,0.009452,-0.032824,0.077888,-0.54846,0.06406,-0.32159,8.5341,-3.6713,3.0687,-0.023521,-0.006302,0.018164,-0.50512,0.11629,0.11804,-9.793,0.11336,-0.1867,0.012714,0.024192,-0.017814,0.46316,0.32397,0.050119,-9.8653,-0.074591,-0.52619,-0.034389,-0.006453,-0.007948,0.60967,-0.16876,-0.17308
9.3092,-2.4055,3.4749,-0.017104,-0.001328,-0.023724,-0.39679,0.47265,0.014845,8.5237,4.6516,1.5369,-0.004607,-0.05979,0.025386,-0.55061,0.066481,-0.32489,8.2955,-3.7551,3.0812,-0.13813,0.014776,-0.047355,-0.50296,0.11829,0.1181,-9.8935,0.68366,-0.3469,-0.04527,0.013757,-0.014249,0.46214,0.32046,0.051003,-9.822,-1.0759,-0.51321,0.09526,-0.005468,0.017087,0.60805,-0.16664,-0.17477
8.955,-2.5588,1.7625,0.089742,-0.04561,-0.020778,-0.39517,0.47408,0.019793,8.7543,4.9047,1.8311,-0.073136,-0.1056,0.030235,-0.55297,0.072238,-0.32656,8.3646,-4.3702,3.2861,0.021688,-0.057048,-0.13038,-0.50233,0.11514,0.11809,-9.997,-0.83304,-0.054706,0.016643,0.08149,-0.020242,0.45893,0.31734,0.052574,-9.8799,0.17197,-0.5183,0.065514,-0.000263,0.013553,0.60852,-0.1629,-0.17683
9.3216,-2.3167,1.6176,0.019005,0.10172,-0.038798,-0.39687,0.4742,0.020812,8.4725,4.356,1.9897,-0.1132,-0.039101,-0.036779,-0.55502,0.078488,-0.32718,8.2226,-3.8785,3.0187,0.24064,-0.10679,-0.018939,-0.50168,0.11563,0.11837,-9.6749,0.39874,-0.16212,0.065248,-0.037526,0.010051,0.45733,0.31629,0.05039,-9.7752,-0.01588,-0.3452,-0.10588,-0.023634,-0.000691,0.60794,-0.16155,-0.18076
9.3565,-2.0634,3.0671,0.12032,0.13038,-0.016811,-0.39849,0.47683,0.021,8.922,4.4681,1.8593,0.087451,0.12713,-0.11393,-0.55659,0.080428,-0.33174,8.8147,-3.8451,3.0564,0.040721,0.003604,0.10311,-0.50034,0.11908,0.11986,-9.8815,-0.18634,-0.34571,0.037888,0.078764,-0.020145,0.45532,0.31179,0.053737,-9.7008,-0.36729,-0.35983,-0.031957,-0.01332,0.009126,0.60562,-0.15518,-0.18389
9.3845,-1.9195,4.0905,0.037256,-0.005525,-0.058233,-0.3972,0.47678,0.022412,8.1033,4.2281,1.3768,0.025987,0.045044,-0.098041,-0.55655,0.080282,-0.33577,8.4416,-3.5025,2.6634,-0.18836,0.051825,0.13467,-0.49928,0.12114,0.11821,-9.4685,2.1193,-0.68507,-0.20442,-0.053145,-0.032113,0.45416,0.30969,0.055006,-9.7326,-1.3301,-0.57963,0.1105,-0.00073,0.027904,0.60721,-0.1533,-0.18548
8.7597,-3.2143,1.1598,-0.086254,-0.078804,0.040157,-0.39771,0.4773,0.027961,8.9157,4.5545,1.5485,-0.14803,-0.041522,0.063177,-0.55878,0.085262,-0.33756,8.5013,-4.363,2.9971,-0.040223,-0.07939,-0.02447,-0.49912,0.12269,0.11893,-10.219,-1.3289,-0.066121,0.10385,0.11669,-0.01479,0.45376,0.30764,0.05816,-9.7901,0.20195,-0.66612,0.079723,-0.026821,0.027768,0.60609,-0.15276,-0.18793
9.6277,-2.186,1.6655,0.088699,0.097729,-0.039561,-0.39897,0.47805,0.029673,8.5356,4.4074,1.8858,-0.20911,-0.059277,0.063509,-0.56389,0.094632,-0.3388,8.1008,-3.9169,3.1398,0.38799,-0.19399,-0.063148,-0.49747,0.12247,0.12155,-9.4916,-0.12795,0.41238,0.059911,0.000259,0.011993,0.45241,0.30355,0.057446,-9.5495,0.38556,-0.086286,-0.14361,-0.035915,-0.020694,0.60495,-0.15036,-0.19015
9.113,-1.5868,2.9489,0.052197,0.07862,-0.031288,-0.4016,0.47725,0.03107,8.9959,4.0616,1.6877,0.035113,0.11796,-0.061131,-0.56484,0.099503,-0.34103,9.3766,-3.3795,3.184,0.14253,-0.032378,0.094518,-0.49563,0.12512,0.12297,-9.6975,0.13892,-0.83008,0.022718,-0.031353,-0.024407,0.45119,0.30176,0.057392,-9.8503,-0.11982,-0.42893,-0.13848,-0.010024,0.01218,0.60518,-0.14556,-0.19344
9.2427,-2.2937,3.4378,-0.10224,0.007475,-0.011115,-0.40263,0.4771,0.037148,8.289,4.2767,1.349,0.06309,0.079373,-0.012763,-0.56648,0.1042,-0.34642,8.8334,-3.4153,3.0248,-0.31428,0.11361,0.21602,-0.49702,0.12859,0.12039,-9.4732,1.6761,-0.51962,-0.22156,0.019046,-0.051987,0.4501,0.29831,0.059989,-9.4636,-1.7649,-0.47913,0.19359,-0.014995,0.020266,0.60481,-0.14436,-0.19468
8.9392,-2.7734,1.7162,-0.11158,-0.028672,0.074622,-0.4044,0.47824,0.04441,8.6705,4.5816,1.4597,-0.15029,-0.033062,0.12544,-0.56646,0.11151,-0.34721,8.2616,-3.9177,3.1276,-0.10677,0.038169,0.072816,-0.49558,0.12943,0.12145,-10.114,-1.2832,-0.13911,0.17652,0.062853,-0.008981,0.44908,0.29799,0.061921,-10.014,0.83781,-0.61589,-0.03702,-0.011944,-0.015185,0.60767,-0.14419,-0.1958
9.2011,-2.2148,2.3113,-0.009874,-0.001215,0.014526,-0.40449,0.47939,0.05038,8.4199,4.1351,1.5484,-0.14437,-0.06127,0.045115,-0.56964,0.12498,-0.34581,8.4554,-3.2021,2.9762,0.15809,-0.040116,-0.048795,-0.49531,0.12916,0.12173,-9.5786,0.48968,-0.29535,0.071914,-0.088653,-0.014121,0.44881,0.29557,0.061254,-9.7158,-0.35993,-0.30777,-0.14655,-0.042623,-0.000731,0.60804,-0.14149,-0.20118
9.431,-2.2699,2.6783,-0.021737,-0.011784,0.010947,-0.40534,0.47857,0.05715,8.8237,4.2004,1.5634,0.073763,0.053671,-0.028905,-0.56969,0.13123,-0.34567,9.0502,-3.3898,3.0472,-0.028489,0.04429,-0.09108,-0.49836,0.12771,0.12148,-9.7876,0.32511,-0.5995,-0.10638,0.011124,-0.017009,0.44835,0.29268,0.062427,-9.7161,-0.55413,-0.31577,-0.001178,0.008251,0.006496,0.60809,-0.13986,-0.20562
9.371,-2.4246,2.5574,-0.093263,-0.016789,0.005382,-0.40872,0.47814,0.064632,8.5389,4.3538,1.4457,0.099854,0.018763,0.029349,-0.56845,0.13424,-0.34618,8.8142,-3.6049,3.1354,-0.15065,0.12483,-0.1406,-0.50048,0.12495,0.11968,-9.9342,-0.1561,-0.45185,-0.087381,0.011162,-0.028564,0.44963,0.29124,0.066054,-9.8799,0.14954,-0.51089,0.11425,0.030536,0.020876,0.61106,-0.14273,-0.20761
9.2668,-2.1147,3.0884,-0.037156,-0.019875,-0.005446,-0.41131,0.47594,0.074333,8.524,4.383,1.4287,0.040382,-0.0057,0.052829,-0.56843,0.14084,-0.34473,8.6318,-3.7056,2.9632,-0.11492,0.13814,-0.098198,-0.50233,0.12191,0.11815,-9.8535,0.21835,-0.24055,0.18573,0.05746,9.9e-05,0.4499,0.29162,0.066066,-9.9851,-0.059213,-0.49082,-0.099063,-0.027393,0.030114,0.61157,-0.1419,-0.21135
9.102,-2.4971,2.7191,-0.065938,0.015261,0.00526,-0.41411,0.47621,0.080202,8.7712,4.4894,1.4793,0.076172,-0.035956,0.027534,-0.569,0.1463,-0.3446,8.69,-3.5942,2.9817,-0.2722,0.1478,-0.13013,-0.50415,0.11964,0.11724,-9.8485,0.68358,-0.28597,-0.062213,-0.005606,-0.014384,0.45257,0.29104,0.066721,-9.77,-1.3002,-0.52041,-0.003122,-0.009428,0.017288,0.61172,-0.14015,-0.21446
8.8202,-2.5662,2.0151,-0.051636,-0.02244,0.029088,-0.41644,0.47493,0.089635,8.2848,4.5513,1.7123,-0.031882,-0.12533,0.01543,-0.57027,0.15054,-0.33849,7.9646,-4.0716,3.1257,-0.014217,0.043699,-0.16916,-0.50737,0.1148,0.11847,-9.7613,-0.29103,-0.30567,-0.049475,-0.014485,-0.016413,0.45103,0.28904,0.069029,-9.5956,-0.15125,-0.32759,0.048538,0.015493,0.002733,0.6146,-0.14353,-0.21965
9.4322,-2.1578,2.4253,-0.029072,-0.051511,-0.010789,-0.41725,0.47539,0.097212,8.3745,4.1724,1.8546,-0.092196,-0.12582,-0.045463,-0.5739,0.15555,-0.33253,8.4564,-3.7386,2.9122,0.11257,0.000862,-0.17246,-0.50973,0.11204,0.11691,-9.6885,0.054422,-0.3421,0.051104,-0.005847,-0.025103,0.45181,0.28958,0.068009,-9.8494,0.43303,-0.44237,-0.041083,-0.000559,0.019216,0.61516,-0.14601,-0.22333
9.6767,-2.3679,2.6049,-0.062034,0.034415,-0.045832,-0.42117,0.47176,0.10714,8.8788,4.3003,1.9554,0.02261,0.000289,0.029953,-0.57502,0.16347,-0.32765,8.9391,-3.9015,3.0006,-0.081983,0.084454,-0.17504,-0.51357,0.10699,0.1161,-9.7787,0.099699,-0.49403,0.03769,0.017098,-0.01788,0.45437,0.28924,0.06945,-9.8058,-0.41916,-0.33933,-0.017731,-0.020132,0.022662,0.61728,-0.14914,-0.22775
9.0819,-2.3315,2.1082,-0.022116,0.046644,-0.027673,-0.42324,0.47003,0.11387,8.6569,4.5754,1.7366,0.005595,0.007444,0.036349,-0.57543,0.16885,-0.32477,8.5885,-3.9964,2.8111,-0.14664,0.12047,-0.069162,-0.51731,0.10272,0.11476,-9.8376,0.008654,-0.30002,-0.004809,-0.018029,-0.030489,0.45493,0.29024,0.070002,-9.7981,-0.20958,-0.46565,0.029489,0.017468,0.01193,0.61756,-0.15122,-0.23157
8.9684,-2.1862,3.0484,-0.038298,0.10456,-0.011488,-0.42741,0.46802,0.12174,8.5932,4.4884,1.6726,0.007264,0.01203,-0.044582,-0.57681,0.17263,-0.32075,8.1935,-3.8536,2.8222,-0.17522,0.091919,0.060476,-0.52021,0.10061,0.11505,-9.6018,0.62479,-0.34098,0.00563,-0.017266,-0.026837,0.45458,0.29172,0.072094,-9.6491,-0.67319,-0.53909,-0.042148,-0.041689,0.026133,0.61889,-0.15436,-0.23589
8.7898,-2.5373,2.2762,-0.068005,-0.040363,0.015474,-0.43,0.46707,0.12899,8.5886,4.4349,1.7112,-0.023415,-0.023307,-0.046303,-0.57806,0.17965,-0.31599,8.1886,-3.8829,2.8789,-0.14084,0.02695,-0.000562,-0.52419,0.098928,0.11629,-9.9932,-0.17252,-0.1679,-0.024315,0.071861,-0.024594,0.45708,0.29194,0.075642,-9.9558,-0.46299,-0.42417,0.07838,0.017434,-0.000772,0.61777,-0.15965,-0.2393
9.2676,-2.4369,2.1387,0.035119,-0.079828,-0.006971,-0.43239,0.46471,0.13978,8.3984,4.347,1.8312,-0.16452,-0.055603,-0.012454,-0.57847,0.18852,-0.30757,8.0668,-4.009,3.1311,0.13404,-0.083873,-0.084428,-0.52829,0.093446,0.12041,-9.7452,-0.45648,-0.18512,0.069016,-0.030469,0.011692,0.45756,0.2934,0.074342,-9.7745,0.35003,-0.30685,-0.022658,0.015077,-0.006983,0.62023,-0.16293,-0.24103
9.8338,-2.3462,2.4048,-0.025919,0.047328,0.003415,-0.43503,0.46156,0.14596,9.1132,4.1729,1.7327,-0.053778,0.043565,0.005932,-0.57648,0.19595,-0.29847,8.9215,-3.5954,2.9901,0.060102,-0.054866,-0.052376,-0.53221,0.091097,0.12293,-9.9414,-0.18626,-0.42195,0.055474,0.032119,-0.014294,0.45583,0.29501,0.073465,-9.9245,0.3514,-0.49615,-0.022758,-0.009871,-0.002562,0.61942,-0.16779,-0.24738
9.0595,-2.3461,2.078,-0.050333,0.072844,0.044218,-0.43841,0.45969,0.15345,8.9969,4.4113,1.5654,0.094972,0.12069,-0.048227,-0.57571,0.19952,-0.29562,8.9193,-3.7802,3.1302,-0.14204,0.037047,0.050892,-0.5361,0.086265,0.12629,-9.7556,0.009347,-0.38842,-0.10421,-0.028513,-0.037635,0.45604,0.29597,0.075319,-9.7004,-0.068422,-0.37396,0.045413,0.00535,0.03166,0.6183,-0.17308,-0.25079
8.8935,-2.2083,3.182,0.006404,0.020481,0.025412,-0.43941,0.46011,0.16251,8.2452,4.2717,1.3876,0.020712,0.037861,-0.11579,-0.57308,0.20166,-0.28769,8.3489,-3.6216,2.955,-0.1663,0.023194,0.14608,-0.53896,0.084543,0.1272,-9.7492,0.29357,-0.19351,0.012753,-0.014561,-0.025109,0.45724,0.29905,0.075501,-9.7607,-0.307,-0.42792,-0.023018,-0.025721,0.013567,0.61635,-0.17748,-0.25078
8.8638,-2.6198,2.3732,-0.023423,-0.16594,0.029764,-0.44381,0.46032,0.17131,8.5154,3.9128,1.3949,-0.01982,-0.04451,-0.04565,-0.57338,0.20354,-0.27614,8.4343,-3.734,3.1221,-0.071862,-0.044607,0.028593,-0.544,0.08184,0.13031,-9.9735,0.36746,-0.13808,-0.030215,0.012022,-0.010783,0.45801,0.30076,0.074477,-9.9561,-0.70211,-0.40241,0.042651,0.036541,-0.024063,0.61577,-0.18251,-0.2523
9.297,-2.5996,2.0185,0.072661,-0.15589,0.02623,-0.44591,0.45873,0.18239,8.5354,4.0669,1.5974,-0.058943,-0.067961,0.099517,-0.57108,0.20609,-0.26445,8.2076,-3.777,3.3199,0.24469,-0.1667,-0.084413,-0.54791,0.07621,0.13558,-9.7598,-0.53151,-0.19283,0.075745,0.022356,0.034988,0.45992,0.30483,0.075482,-9.7295,0.33475,-0.26877,-0.066619,0.003683,-0.029582,0.6151,-0.18636,-0.25305
9.9832,-2.413,2.1518,0.013549,-0.024545,0.014722,-0.44784,0.4585,0.19183,8.9318,3.9607,1.4973,-0.006778,-0.036066,0.10464,-0.57044,0.20628,-0.25268,9.0258,-3.363,3.0659,0.21566,-0.12238,-0.10881,-0.55174,0.068893,0.1399,-9.8825,-0.006084,-0.40596,0.025134,0.01893,-0.012588,0.46012,0.30656,0.074035,-9.8949,0.14976,-0.55597,-0.088477,-0.009441,-0.013258,0.61343,-0.19115,-0.25289
9.2908,-2.4432,1.8105,-0.004059,0.052234,0.001513,-0.45107,0.4578,0.19959,8.9212,4.3338,1.5524,0.1227,0.021886,0.079039,-0.56883,0.20832,-0.2418,9.1136,-3.4851,3.1867,-0.10034,0.041482,-0.069082,-0.55661,0.064224,0.1437,-9.8103,0.42956,-0.48752,-0.047663,-0.046154,-0.027083,0.46117,0.30978,0.073945,-9.8054,-0.22498,-0.32386,0.006049,-0.002527,0.002815,0.61196,-0.19461,-0.25354
8.8192,-2.2072,3.0546,0.0807,-0.011145,-0.019963,-0.45384,0.45714,0.20601,8.4021,4.2253,1.4369,0.080407,0.00695,-0.006163,-0.56955,0.20932,-0.23104,8.4319,-3.6852,2.9745,-0.10258,0.071882,0.040285,-0.56028,0.056006,0.14628,-9.7209,0.62357,-0.16329,-0.013105,0.008352,-0.024,0.46417,0.31463,0.074471,-9.9411,-0.61223,-0.49156,-0.066067,-0.001917,-0.000547,0.6126,-0.20033,-0.25127
8.7596,-2.5599,2.4176,-0.003333,-0.13385,0.027823,-0.45635,0.45726,0.21706,8.4173,4.0532,1.4314,0.070185,-0.038922,0.002548,-0.57019,0.20871,-0.21893,8.3099,-3.5338,2.8576,-0.050551,-0.018755,0.033076,-0.56439,0.051048,0.15013,-9.9599,0.54827,-0.31808,-0.084709,0.031454,0.003495,0.46476,0.31854,0.073566,-9.8296,-1.1658,-0.40899,0.069833,0.040978,-0.029565,0.61018,-0.20608,-0.24883
9.5591,-2.5115,1.6927,0.038601,-0.11119,-0.000444,-0.45722,0.45703,0.226,8.6183,4.2557,1.6693,-0.016374,-0.11571,0.10073,-0.57136,0.20862,-0.20687,8.1299,-3.8977,3.179,0.23625,-0.12184,-0.10732,-0.56919,0.045086,0.15271,-9.7438,-0.71164,-0.14729,0.064744,0.013544,0.010183,0.46853,0.32356,0.072677,-9.6697,0.28962,-0.26041,-0.047468,0.019647,-0.040402,0.61173,-0.21456,-0.24756
9.8717,-2.3675,2.1139,-0.016817,0.03439,-0.016592,-0.45837,0.45707,0.23492,8.9173,4.1055,1.6437,-0.01924,-0.078924,0.15611,-0.57498,0.20895,-0.19194,8.8213,-3.3127,2.7392,0.1808,-0.09512,-0.10354,-0.57309,0.038672,0.15827,-9.8228,-0.020759,-0.42725,-0.012184,-0.019785,-0.016396,0.47129,0.33182,0.072128,-9.9845,0.34444,-0.56443,-0.10233,-0.006298,0.010347,0.6118,-0.22043,-0.24397
9.3651,-2.3485,2.0654,-0.027477,0.074733,-0.01136,-0.46285,0.45587,0.24209,9.0877,4.5319,1.7002,0.096218,0.004597,0.11657,-0.57634,0.20986,-0.17847,9.2335,-3.592,2.9288,-0.13636,0.054383,-0.050521,-0.57705,0.03175,0.16256,-9.8098,0.39903,-0.35992,-0.060123,0.017246,-0.022229,0.47346,0.33756,0.069709,-9.7907,-0.40442,-0.30168,0.072299,-0.003269,0.042445,0.61006,-0.2291,-0.24012
8.7305,-2.2717,2.673,0.006615,0.017995,-0.014748,-0.46394,0.45772,0.25196,8.3805,4.4496,1.6906,0.036694,-0.044022,0.024192,-0.58005,0.20933,-0.16523,8.449,-3.6412,2.7711,-0.21301,0.070792,0.033104,-0.58104,0.024445,0.16624,-9.7037,0.21837,-0.10248,-0.033939,0.008379,-0.002022,0.47581,0.34327,0.068355,-9.8659,-0.37309,-0.61665,0.006011,-0.002324,0.010986,0.61018,-0.23629,-0.2361
8.8048,-2.6255,2.0743,-0.014084,-0.10677,0.043181,-0.46466,0.45761,0.26132,8.3934,4.282,1.7482,-0.009641,-0.052196,-0.005721,-0.58552,0.20895,-0.15327,8.1642,-3.7514,2.7613,-0.058978,-0.070132,0.016121,-0.58611,0.019407,0.16865,-9.8084,0.14377,-0.29959,0.00861,0.024216,0.008659,0.47624,0.35014,0.067698,-9.8064,-0.79278,-0.31047,0.076526,0.004831,-0.000904,0.6098,-0.24654,-0.23231
9.4623,-2.4664,1.7222,0.020744,-0.068188,-0.010692,-0.46446,0.45895,0.27001,8.5161,4.2018,1.7754,-0.063815,-0.042741,0.055252,-0.59182,0.21021,-0.13956,8.3051,-3.6628,3.0602,0.21235,-0.14123,-0.073756,-0.58956,0.014004,0.17559,-9.7329,0.046094,-0.18542,0.065018,0.034688,0.031661,0.4804,0.35721,0.063787,-9.7151,0.073532,-0.35889,-0.0368,0.026295,-0.02498,0.60986,-0.25508,-0.22573
9.9084,-2.4422,2.1883,-0.020498,0.02003,-0.022002,-0.46572,0.45898,0.27934,8.8532,4.2413,1.6294,-0.038376,-0.002944,0.049979,-0.59841,0.21096,-0.12637,9.0454,-3.3726,2.949,0.11934,-0.095749,-0.068232,-0.59394,0.007107,0.17898,-9.8668,-0.16359,-0.39046,-0.019343,0.003134,-0.010968,0.48355,0.36549,0.062464,-9.8947,0.26932,-0.56311,-0.044332,-0.011858,-0.00796,0.61103,-0.26547,-0.21909
9.5215,-2.3573,2.1113,-0.027398,0.077214,-0.031417,-0.46702,0.45785,0.28773,8.9747,4.4453,1.5581,0.036479,0.035618,0.017604,-0.60552,0.21301,-0.11793,9.2941,-3.5271,3.1217,-0.13701,0.052332,-0.022245,-0.59685,-0.001034,0.18413,-9.7784,0.12889,-0.29897,-0.020377,0.003102,-0.009143,0.48622,0.37472,0.060061,-9.8203,-0.12009,-0.39107,0.036335,-0.01078,0.03163,0.61243,-0.27584,-0.21457
8.8729,-2.2935,2.2859,-0.02746,0.057272,-0.040505,-0.46789,0.45717,0.29422,8.4802,4.3151,1.4281,0.047025,0.028619,-0.062656,-0.61207,0.21802,-0.10809,8.5438,-3.6276,3.0583,-0.18145,0.058865,0.056984,-0.60205,-0.00609,0.18894,-9.7344,0.30879,-0.23075,-0.001967,0.003949,-0.000273,0.48851,0.38138,0.057514,-9.8358,-0.36628,-0.46671,-0.024877,-0.013008,0.020928,0.61357,-0.28464,-0.20795
8.7754,-2.4556,2.2543,-0.046169,-0.037214,-0.006397,-0.46881,0.45618,0.30222,8.2895,4.1843,1.3972,0.015597,0.001139,-0.071487,-0.6196,0.21781,-0.097935,8.1538,-3.5284,2.9725,-0.036666,-0.009063,0.049846,-0.60749,-0.010596,0.19157,-9.8471,0.42848,-0.26316,0.011415,0.043598,3.1e-05,0.49108,0.38943,0.055769,-9.7619,-1.0319,-0.34024,0.040261,-0.005846,0.009957,0.61581,-0.29488,-0.20127
9.3737,-2.4202,1.4681,-0.037991,-0.044493,-0.005422,-0.46703,0.45746,0.31261,8.5929,4.3003,1.4628,-0.052468,-0.065465,-0.024972,-0.6256,0.22151,-0.087771,8.4535,-3.5715,3.1293,0.10878,-0.053117,-0.077178,-0.60834,-0.015044,0.19722,-9.7908,-0.34387,-0.25368,0.038985,0.020641,0.006773,0.49249,0.39933,0.053172,-9.7153,-0.045888,-0.3891,0.026108,0.00985,-0.008054,0.61848,-0.30578,-0.19617
9.7597,-2.4111,2.1053,-0.025736,0.032161,-0.053087,-0.46779,0.45671,0.32115,8.9456,4.2034,1.4548,-0.12245,-0.074023,-0.011945,-0.63227,0.22412,-0.075799,8.8796,-3.3671,3.0491,0.11629,-0.028285,-0.098174,-0.6147,-0.02211,0.199,-9.8075,-0.043482,-0.35939,0.02965,-0.004,-0.01805,0.49524,0.40746,0.048928,-9.9092,0.53069,-0.51783,-0.07078,-0.016067,0.010163,0.6217,-0.31668,-0.1889
9.5807,-2.3952,2.2011,-0.040106,0.08196,-0.020502,-0.46727,0.4556,0.32811,9.1316,4.242,1.4804,0.048542,-0.002998,-0.055619,-0.63815,0.22608,-0.063901,9.1503,-3.4411,2.9567,-0.12755,0.087279,-0.048687,-0.61683,-0.026746,0.20206,-9.8537,0.18901,-0.39809,-0.003375,-0.006572,-0.014493,0.49826,0.41522,0.047732,-9.8802,-0.13494,-0.33982,0.007655,-0.011203,0.015446,0.62394,-0.32771,-0.18408
9.2231,-2.4142,2.1087,-0.030947,0.10431,-0.011506,-0.46578,0.45441,0.33321,8.7254,4.2759,1.5096,0.036095,-0.029003,-0.089509,-0.64485,0.22585,-0.052921,8.5902,-3.6179,2.9366,-0.15569,0.10082,0.018256,-0.62059,-0.035227,0.20527,-9.8374,-0.036285,-0.31498,-0.033827,0.001364,-0.042719,0.49888,0.42445,0.046156,-9.8205,-0.22468,-0.39136,0.020166,-0.00195,0.028115,0.62609,-0.33727,-0.18036
8.834,-2.2664,2.9946,0.010001,0.003242,0.016354,-0.46464,0.4545,0.33923,8.5402,4.038,1.5682,0.016072,-0.028699,-0.049392,-0.64986,0.22887,-0.041386,8.2197,-3.4943,2.7675,-0.085337,0.028041,-0.01193,-0.62278,-0.039197,0.20704,-9.7218,0.75889,-0.23849,0.010578,-0.002234,-0.010812,0.50087,0.43432,0.044114,-9.6871,-1.032,-0.4361,0.02992,-0.039441,0.035049,0.62778,-0.34843,-0.17568
8.7912,-2.6749,1.462,-0.010631,-0.12894,0.076991,-0.46225,0.45475,0.34843,8.7362,4.0377,1.6131,-0.000302,-0.040849,-0.030613,-0.65664,0.22973,-0.031865,8.1446,-3.7563,2.8638,-0.003203,-0.070645,-0.091573,-0.6267,-0.045346,0.21208,-9.7009,-0.35133,-0.17684,-0.059721,0.059459,0.010565,0.50239,0.44131,0.043378,-9.6258,-0.28552,-0.3434,0.11985,0.001351,-0.001136,0.62865,-0.35989,-0.16782
9.5081,-2.215,1.754,0.01179,-0.037491,-0.000789,-0.45755,0.45427,0.35515,8.6413,3.8921,1.6581,-0.056295,-0.04566,0.02225,-0.66392,0.22939,-0.021958,8.5537,-3.6372,2.9388,0.24817,-0.13063,-0.16459,-0.62748,-0.054994,0.21662,-9.864,-0.57716,-0.13485,0.056841,0.048822,0.006931,0.50218,0.44915,0.041106,-9.7587,0.94061,-0.44694,-0.077456,-0.008888,-0.029653,0.63104,-0.37158,-0.16298
9.8347,-2.2639,2.2038,-0.038726,-0.021404,-0.047385,-0.45613,0.45382,0.36146,8.8487,3.876,1.4745,0.009963,-0.013573,0.053915,-0.66948,0.23534,-0.012856,9.4672,-3.4765,2.8741,0.007377,-0.027449,-0.092839,-0.6279,-0.062724,0.22327,-9.9874,0.053387,-0.37812,-0.009031,0.010234,0.003249,0.50256,0.45555,0.039393,-10.015,0.20962,-0.42335,-0.071674,-0.016996,0.007507,0.63389,-0.3814,-0.15869
9.5081,-2.215,1.7391,-0.064683,-0.018585,-0.10585,-0.45299,0.45319,0.36934,8.7225,4.2378,1.3685,-0.033125,-0.033896,0.14755,-0.67256,0.24183,-0.003757,9.4137,-3.6614,3.1797,-0.16311,0.057977,0.030747,-0.6287,-0.069114,0.22759,-9.7926,-0.11024,-0.52409,-0.020421,-0.021547,-0.003197,0.50362,0.46424,0.038103,-9.8051,-0.015895,-0.30088,-0.003051,0.00834,0.010137,0.6363,-0.39056,-0.15496
9.2085,-2.2886,2.2213,-0.12777,-0.12468,-0.10002,-0.44986,0.44862,0.37711,8.4605,4.1267,1.2765,-0.10391,-0.062242,0.13547,-0.67516,0.24983,0.007297,8.6555,-3.4097,3.066,-0.085984,0.057401,0.18167,-0.63016,-0.072217,0.23115,-9.7185,0.14369,-0.19273,0.017727,-0.056827,-0.010434,0.50281,0.47239,0.034878,-9.7679,-0.089992,-0.52458,-0.15317,-0.027689,0.028339,0.63757,-0.40079,-0.15233
9.4596,-2.7209,2.3696,-0.12211,-0.014248,-0.018391,-0.44555,0.44583,0.38668,8.8862,4.3541,1.3773,-0.024404,-0.000722,0.097018,-0.67853,0.25633,0.015989,8.3286,-3.1335,2.978,-0.028978,0.069009,0.18435,-0.63319,-0.073169,0.23381,-9.7798,0.5029,-0.059299,0.049444,0.021523,0.003433,0.50292,0.47993,0.033545,-9.7768,-0.91174,-0.51201,-0.021681,-0.029446,0.049749,0.63894,-0.41047,-0.14996
9.6097,-2.588,2.1851,-0.020453,0.054486,0.015206,-0.44448,0.44164,0.39124,9.0718,4.3497,1.2715,0.12908,-0.011012,-0.054548,-0.68216,0.2625,0.022194,8.6089,-3.1127,2.8352,-0.11797,0.13909,0.043161,-0.63592,-0.074615,0.23244,-9.9281,0.14362,-0.37702,-0.003385,0.027796,-0.01073,0.50175,0.48892,0.032149,-9.7315,-0.72548,-0.42856,0.045611,-0.009306,0.01532,0.63828,-0.42496,-0.14704
9.2687,-2.5014,1.5936,-0.025327,0.15293,0.019276,-0.4422,0.44261,0.39336,8.6559,4.4196,1.3713,0.12604,-0.032174,-0.13828,-0.68717,0.26495,0.026306,8.5192,-3.3599,2.8186,-0.27523,0.19007,-0.11594,-0.63658,-0.082397,0.23187,-9.7179,-0.020883,-0.29759,0.03239,0.008277,-0.021489,0.50202,0.49683,0.03135,-9.8052,-0.030575,-0.37563,-0.025017,-0.026358,0.02624,0.64023,-0.43743,-0.1446
9.2314,-2.3466,1.8704,0.027254,0.15415,-0.00253,-0.43884,0.44095,0.39541,8.4027,4.1763,1.5485,0.037826,-0.049507,-0.099482,-0.6917,0.26839,0.032382,8.2079,-3.7227,2.8789,-0.22818,0.13608,-0.18324,-0.63741,-0.093052,0.23289,-9.7204,0.45919,-0.31317,0.045797,0.006527,0.010364,0.50171,0.50565,0.027224,-9.8052,-0.10559,-0.28618,-0.001805,-0.039427,0.040572,0.64038,-0.44793,-0.14266
9.5512,-2.2621,2.3211,0.011967,0.19398,0.003719,-0.43809,0.44031,0.39436,8.4887,4.2411,1.6806,0.032786,-0.033848,-0.027305,-0.69404,0.27238,0.037917,8.3736,-3.8404,3.0472,-0.062189,0.057386,-0.18141,-0.63676,-0.10196,0.23571,-9.78,0.39927,-0.38933,0.019635,0.022417,-0.009836,0.50269,0.51212,0.026463,-9.7909,-0.55419,-0.19749,0.065137,-0.041239,0.027745,0.64152,-0.46133,-0.1405
8.44,-1.2641,1.3939,-0.15224,-0.037921,0.039936,-0.43539,0.43872,0.3991,8.422,4.295,1.5589,0.041255,-0.007538,-0.050361,-0.69517,0.27902,0.042296,8.7876,-3.7115,3.0879,-0.16859,0.085806,-0.13189,-0.63618,-0.11189,0.23704,-9.9608,0.52014,-0.76826,-0.004373,0.010175,-0.047854,0.50139,0.52162,0.025323,-9.8956,-0.3439,-0.378,0.096171,-0.005548,0.012567,0.6423,-0.47393,-0.13944
6.7981,-1.6591,1.5729,-0.31461,-0.54226,-0.065899,-0.42948,0.43035,0.41054,8.1463,4.2923,1.1489,-0.19053,-0.14874,-0.06349,-0.69503,0.28166,0.05021,8.3486,-3.5054,3.1266,-0.27748,0.061327,0.040053,-0.6354,-0.12156,0.23736,-9.6643,1.0455,-0.56779,-0.12506,-0.045217,0.010096,0.5004,0.53006,0.024596,-9.739,-0.9285,-0.040733,0.091418,-0.028338,-0.046408,0.64215,-0.48457,-0.13604
8.6824,-3.4681,1.8142,-0.17702,-0.55728,-0.077364,-0.42146,0.4254,0.42612,8.3413,4.1354,1.4799,-0.56939,-0.35377,0.086167,-0.69387,0.28794,0.067764,7.6134,-3.9243,3.1863,0.16973,-0.12152,0.12915,-0.63544,-0.12355,0.24172,-9.0559,-0.66559,0.25665,0.010118,0.048566,0.10749,0.49915,0.53695,0.023861,-8.9957,-0.12648,0.3326,0.13618,0.062947,-0.13672,0.64603,-0.49451,-0.13252
11.787,-2.6403,1.6342,-0.074338,-0.2219,0.001916,-0.41171,0.42065,0.4385,9.6919,3.722,1.6905,-0.56417,-0.25899,0.1864,-0.68959,0.29469,0.087699,8.5578,-3.2488,3.0079,0.56045,-0.26036,-0.077023,-0.63182,-0.11963,0.25318,-10.221,-2.2142,-0.005187,0.32601,0.14374,0.083182,0.50302,0.5429,0.022446,-10.206,2.1306,-0.48117,-0.40809,0.067312,-0.1937,0.64889,-0.50018,-0.13285
10.393,-2.4748,1.953,-0.064711,-0.093753,0.024061,-0.4054,0.41963,0.44502,10.392,3.4854,1.4774,0.12846,0.10567,0.12759,-0.6867,0.30226,0.096717,9.8953,-2.9711,2.8278,0.14202,-0.097361,-0.30109,-0.62672,-0.12604,0.26389,-10.268,-0.77099,-0.80304,0.041854,0.035829,0.052665,0.50223,0.54835,0.0187,-10.164,0.52565,-0.87329,-0.20452,-0.043597,-0.04566,0.65167,-0.50435,-0.13937
9.372,-2.6436,1.7502,-0.028152,-0.049643,0.01286,-0.40193,0.4166,0.44898,9.1305,4.1081,1.0982,0.36983,0.14109,-0.011289,-0.68315,0.30881,0.096009,9.1552,-3.3728,2.7893,-0.21213,0.066402,-0.26608,-0.6233,-0.13675,0.2664,-9.7398,-0.12591,-0.31292,-0.018878,-0.028579,0.04529,0.50187,0.55557,0.019458,-9.8122,0.29107,-0.48695,0.15725,-0.010261,0.034933,0.65142,-0.51576,-0.13943
8.9363,-2.0305,1.2136,-0.091171,0.035204,0.041543,-0.39838,0.41661,0.45211,8.0362,4.0796,1.0112,0.037764,-0.035942,-0.064822,-0.68065,0.31503,0.10242,8.4026,-3.5315,2.678,-0.092602,0.003211,-0.087893,-0.62009,-0.14354,0.26967,-9.7278,0.42923,-0.32829,0.10906,-0.012896,0.043757,0.50055,0.56177,0.016477,-9.9539,0.65756,-0.42111,-0.12785,-0.022304,0.022036,0.65092,-0.52665,-0.13898
9.198,-1.9945,0.96959,-0.16382,-0.23031,-0.01303,-0.39339,0.41185,0.4567,8.2234,3.6721,1.0493,-0.090861,-0.1517,0.018294,-0.67687,0.31536,0.11449,8.6848,-3.239,2.6527,-0.061298,-0.041096,-0.048981,-0.61832,-0.14743,0.27455,-9.5864,1.8485,-0.61212,-0.031441,-0.018062,0.031629,0.49884,0.56782,0.01427,-9.6804,-1.5549,-0.4374,-0.030608,-0.041363,0.039725,0.64719,-0.53526,-0.14402
9.1143,-2.6437,0.43495,-0.10308,-0.26733,-0.055708,-0.38679,0.40747,0.46596,8.37,3.914,1.1534,-0.16562,-0.16987,0.14959,-0.67459,0.32065,0.12143,8.5532,-3.3895,2.9419,-0.023861,-0.069836,-0.047287,-0.61363,-0.15245,0.27722,-9.6457,0.45204,-0.32667,-0.009689,0.054107,0.031864,0.49594,0.57498,0.013984,-9.5826,-1.4068,-0.18133,0.17751,-0.027134,-0.00144,0.64236,-0.5486,-0.14098
10.388,-2.6484,0.9072,-0.029593,-0.028778,-0.040068,-0.38226,0.40321,0.47188,8.9848,3.9617,1.2984,-0.22877,-0.14786,0.21881,-0.66787,0.32783,0.13602,8.4652,-3.1436,2.8433,0.1026,-0.10842,-0.034857,-0.61133,-0.15508,0.28501,-9.8793,-0.44284,0.014763,0.10312,0.013565,-0.0021,0.49408,0.5813,0.014937,-9.8279,-0.21725,-0.36905,-0.072474,0.043552,-0.052753,0.6398,-0.55685,-0.14091
10.157,-2.5359,1.0106,-0.043645,0.099237,0.011332,-0.38255,0.40171,0.47406,9.6214,3.9275,1.3361,-0.010548,0.044488,0.19947,-0.66318,0.33355,0.14661,9.0645,-3.1176,2.8789,-0.036235,-0.031286,-0.05765,-0.60911,-0.15781,0.289,-9.8989,0.2788,-0.39159,0.13774,-0.037532,-0.00762,0.4902,0.58785,0.010515,-9.9253,-0.16421,-0.45273,-0.070683,0.009892,0.008563,0.6358,-0.56603,-0.14234
9.9107,-2.5121,1.1283,0.008767,0.25477,0.007981,-0.3821,0.4009,0.47489,9.4974,4.4225,1.2599,0.16599,0.11435,0.025038,-0.65952,0.33706,0.15222,8.9287,-3.4934,2.964,-0.16699,0.018269,-0.034811,-0.60619,-0.16214,0.29409,-9.6919,0.61034,-0.56037,0.009398,-0.034846,-0.034912,0.48583,0.5946,0.007917,-9.7161,-0.45652,-0.45746,0.072396,0.002042,0.039733,0.63034,-0.57419,-0.14156
9.1063,-2.2548,1.3851,0.029971,0.34984,0.033078,-0.38614,0.39805,0.47013,8.8351,4.2256,1.3764,0.015705,0.048346,-0.14583,-0.66004,0.33666,0.15689,8.2903,-3.4753,2.8269,-0.086721,0.019683,0.053427,-0.60503,-0.16481,0.29701,-9.6702,0.84209,-0.3576,-0.058727,-0.028608,-0.055111,0.4812,0.60121,0.009002,-9.8355,-0.25472,-0.32445,-0.019058,-0.012295,0.055286,0.62384,-0.58355,-0.14066
9.6126,-2.2744,1.5604,-0.042715,0.21021,0.13578,-0.38706,0.39929,0.46818,8.9463,4.0092,1.4952,0.054072,0.081354,-0.20466,-0.66109,0.33374,0.15872,8.4899,-3.3013,2.7242,-0.20095,0.019065,0.13904,-0.6034,-0.16513,0.2966,-9.7376,0.80495,-0.50897,-0.039892,0.055897,-0.052768,0.47557,0.60761,0.009381,-9.8365,-0.87484,-0.30373,0.11182,-0.011812,0.054993,0.61782,-0.59356,-0.14053
9.2695,-2.4633,1.3327,0.004795,0.094831,0.12352,-0.38775,0.3991,0.46544,8.8635,4.0231,1.6187,0.057567,0.14189,-0.14925,-0.66291,0.33036,0.15816,8.8268,-3.8768,3.1232,-0.18156,0.005136,0.024251,-0.6041,-0.16772,0.2979,-9.7324,-0.1332,-0.35778,-0.010436,0.006555,-0.053295,0.47041,0.61344,0.010706,-9.82,0.028998,-0.30101,-0.035952,-0.029874,0.031676,0.61164,-0.6004,-0.13846
9.0526,-2.5658,1.4647,0.11297,0.14279,0.079669,-0.38589,0.39976,0.46483,8.4476,3.8756,1.5499,0.005556,0.11705,-0.15616,-0.66289,0.32821,0.16054,8.2126,-3.762,3.0801,-0.038287,-0.061057,0.046198,-0.60322,-0.1696,0.30015,-9.7924,-0.043861,-0.25404,-0.073391,-0.000378,-0.063911,0.46483,0.61788,0.011488,-9.7598,0.14821,-0.2922,-0.02685,-0.000264,0.032724,0.60432,-0.60869,-0.13935
9.5279,-2.8811,1.5409,0.098749,0.22683,0.11581,-0.38893,0.40074,0.46361,8.8421,3.9403,1.7105,0.045715,0.17234,-0.10099,-0.66504,0.32214,0.16302,8.6977,-3.8737,3.109,0.11684,-0.094136,0.095892,-0.6008,-0.16529,0.30307,-9.7805,0.4744,-0.41944,-0.092972,0.015486,-0.065469,0.4589,0.62417,0.011192,-9.7303,-0.12859,-0.21774,-0.010724,-0.008154,0.038962,0.59715,-0.61672,-0.13996
9.3264,-2.9168,1.5988,0.16866,0.2494,0.099372,-0.39159,0.40297,0.45969,8.854,3.9407,1.628,0.15634,0.21802,-0.11855,-0.66514,0.3196,0.16084,8.9046,-3.7412,3.0756,0.086172,-0.03344,0.064258,-0.60061,-0.16325,0.30682,-9.8143,-0.12645,-0.25439,-0.098363,0.006708,-0.058586,0.45203,0.62866,0.014553,-9.8196,0.23824,-0.32285,0.025635,-0.000255,0.022668,0.58912,-0.62266,-0.13744
9.1687,-2.8219,2.2698,0.23287,0.19446,0.03223,-0.39224,0.4069,0.45515,8.5454,3.9941,1.6166,0.18197,0.21379,-0.1873,-0.6635,0.31776,0.15705,8.7541,-4.0389,3.0076,0.13058,0.005473,0.074918,-0.60023,-0.16173,0.30932,-9.7491,0.18941,-0.39599,-0.053706,-0.025078,-0.072867,0.44582,0.63293,0.016624,-9.8049,0.058808,-0.30068,-0.095063,-0.023589,-0.000707,0.58391,-0.62855,-0.13656
8.8659,-2.5942,1.5303,0.19852,0.00799,0.031102,-0.3943,0.40818,0.4522,8.6968,3.8834,1.4469,0.23614,0.23297,-0.21609,-0.66478,0.31173,0.15396,8.8611,-3.8451,2.9178,0.15258,-0.009272,0.13149,-0.59897,-0.15945,0.31173,-9.9436,0.2635,-0.36246,-0.12123,-0.005531,-0.074477,0.44005,0.63652,0.019378,-9.9556,-0.40333,-0.39412,-0.020008,0.000864,-0.00426,0.57837,-0.63379,-0.13637
8.9033,-2.6091,1.4782,0.23477,-0.002384,0.011133,-0.39387,0.41026,0.45261,8.6425,3.9371,1.3788,0.18853,0.16289,-0.15205,-0.66678,0.30766,0.15002,8.5129,-4.0061,2.9764,0.25041,-0.035875,0.19149,-0.59964,-0.15385,0.31356,-9.7611,-0.25419,-0.14814,-0.053288,-0.035619,-0.050076,0.43624,0.64007,0.022489,-9.6853,-0.14388,-0.17966,0.007958,0.000836,-0.006268,0.57315,-0.63611,-0.13489
9.6477,-2.6164,1.8121,0.18264,0.084223,0.005308,-0.39431,0.4131,0.44958,8.5793,3.8447,1.4266,0.085194,0.093057,-0.064452,-0.66827,0.30204,0.15043,8.4708,-3.5296,2.7719,0.347,-0.046962,0.22164,-0.60203,-0.14428,0.31633,-9.7315,-0.27595,-0.29758,-0.025656,0.020662,-0.046165,0.43101,0.64113,0.023559,-9.7896,0.22287,-0.24021,-0.05336,0.011361,-0.007824,0.56789,-0.63898,-0.13046
9.5957,-2.476,1.9992,0.19559,0.13694,-0.004012,-0.3975,0.41284,0.45068,8.8389,3.9267,1.516,0.16517,0.13452,0.034759,-0.66557,0.30473,0.15275,8.8948,-3.4854,2.6993,0.12614,0.038615,0.19696,-0.60269,-0.13646,0.31847,-9.8752,0.008945,-0.40583,-0.052566,-0.01444,-0.040177,0.42518,0.64401,0.024596,-9.865,-0.015612,-0.30189,-0.066116,-0.001058,-0.000597,0.56233,-0.64288,-0.1303
9.3289,-2.3464,1.6175,0.16322,0.1747,-0.000612,-0.40073,0.41267,0.44851,8.7179,4.2373,1.4584,0.16981,0.11919,0.10046,-0.66305,0.31049,0.15213,8.8414,-3.6284,2.6986,0.004026,0.089457,0.23222,-0.60409,-0.13224,0.31828,-9.8508,-0.34367,-0.35993,-0.036931,0.024269,-0.016152,0.42226,0.64737,0.025638,-9.805,-0.031045,-0.24115,0.022508,0.027778,-0.007884,0.5587,-0.64666,-0.12768
9.015,-2.235,2.1829,0.097503,0.091091,0.007866,-0.40317,0.4119,0.44856,8.5934,4.2321,1.5354,0.068932,0.062886,0.12053,-0.65871,0.31522,0.15606,8.6682,-3.5256,2.7039,0.027032,0.05562,0.28513,-0.60577,-0.12746,0.31527,-9.7631,0.024225,-0.36607,-0.033515,-0.021545,-0.018165,0.41793,0.64899,0.025298,-9.8274,0.013831,-0.22647,-0.029955,0.04036,0.003192,0.55538,-0.64883,-0.12587
9.2589,-2.4829,2.5562,0.048349,0.059463,0.019826,-0.40709,0.41057,0.45099,8.7405,4.1835,1.5603,0.056163,0.029347,0.12048,-0.65406,0.32019,0.16092,8.6849,-3.2584,2.6091,-0.006184,0.051224,0.33634,-0.60835,-0.12175,0.31434,-9.7625,0.008383,-0.16346,-0.008989,0.020694,-0.000214,0.41434,0.65017,0.026181,-9.7385,-0.50925,-0.30108,0.000945,0.018576,-0.01514,0.55005,-0.651,-0.12587
9.4743,-2.6845,2.5192,0.089865,0.07427,0.076375,-0.40845,0.40973,0.45339,8.7845,4.256,1.6047,0.11796,0.055048,0.13702,-0.64846,0.32638,0.16451,8.668,-3.336,2.6053,-0.070969,0.033565,0.2373,-0.61133,-0.1173,0.31039,-9.8748,-0.021367,-0.33075,0.006798,0.039214,0.014024,0.41071,0.65088,0.025876,-9.8803,-0.16484,-0.33243,0.024225,0.024376,-0.000637,0.54799,-0.65225,-0.12137
9.3109,-2.7412,2.1818,0.093302,0.039344,0.091086,-0.41118,0.40865,0.45547,8.7062,4.3744,1.6922,0.14361,0.034777,0.15004,-0.64508,0.33068,0.16983,8.5487,-3.4278,2.6882,-0.072064,-0.004334,0.037577,-0.61364,-0.11604,0.30998,-9.8429,-0.40389,-0.29968,0.019952,0.018913,-0.016195,0.40879,0.65139,0.026576,-9.8648,0.17156,-0.42092,-0.009985,0.015139,-0.007872,0.54084,-0.65434,-0.11888
9.2808,-2.837,2.1213,0.13703,0.059159,0.054572,-0.41145,0.40964,0.4579,8.4375,4.3979,1.8438,0.12113,0.018748,0.14299,-0.64172,0.33349,0.17701,8.5782,-3.6564,2.8075,-0.002592,-0.057046,-0.12232,-0.61339,-0.11972,0.31238,-9.7623,-0.066276,-0.24591,-0.002044,0.030369,0.010424,0.40534,0.65385,0.024427,-9.7453,-0.075837,-0.32991,0.009652,0.001986,0.004612,0.53627,-0.656,-0.11579
9.2883,-2.7487,2.2562,0.17355,0.094345,0.018914,-0.41364,0.41039,0.45998,8.4182,4.4387,1.9289,0.1295,0.025495,0.10917,-0.63931,0.33593,0.18336,8.6684,-3.7884,2.9799,0.045395,-0.094292,-0.23891,-0.61225,-0.12499,0.31487,-9.7926,-0.021173,-0.29909,0.010682,0.013633,-0.003803,0.4035,0.65493,0.02381,-9.8203,-0.1203,-0.3313,0.018767,0.009101,-0.000754,0.5331,-0.65766,-0.11185
9.2218,-2.6737,2.1667,0.19002,0.1283,0.02243,-0.41746,0.41175,0.45955,8.6381,4.5889,1.9456,0.17469,0.050859,0.078762,-0.63763,0.34067,0.18636,8.6148,-3.8417,3.0827,0.027178,-0.087828,-0.26456,-0.61005,-0.13188,0.31821,-9.7928,-0.020861,-0.37412,0.017586,0.034754,0.008695,0.40107,0.65553,0.022374,-9.7981,-0.26961,-0.3911,0.022044,-0.01106,0.020806,0.52847,-0.65841,-0.10584
9.0587,-2.5239,2.0769,0.15023,0.1466,0.034137,-0.42185,0.41124,0.46101,8.6572,4.7538,1.9464,0.13957,0.059985,0.003544,-0.63886,0.3401,0.19243,8.486,-4.05,3.143,0.011369,-0.035155,-0.19387,-0.61075,-0.14358,0.31927,-9.7945,0.32409,-0.35953,0.000868,0.014529,-0.005494,0.39823,0.65577,0.020655,-9.7757,-0.32958,-0.361,0.025816,-0.004105,0.009982,0.52392,-0.65995,-0.10248
8.9847,-2.4048,2.092,0.051436,0.12749,0.02861,-0.42661,0.41123,0.463,8.4372,4.6882,1.9764,0.033297,0.031313,-0.050021,-0.63941,0.34036,0.19683,8.486,-4.0938,3.1683,-0.01956,0.018357,-0.084285,-0.61068,-0.14802,0.32067,-9.7187,0.12922,-0.32028,-0.004914,0.013607,-0.024072,0.39563,0.65704,0.018682,-9.7454,-0.12045,-0.38981,0.031323,0.008381,0.006411,0.52028,-0.66135,-0.097625
9.0736,-2.4725,2.1818,0.007905,0.11069,0.019514,-0.42576,0.40897,0.46876,8.3594,4.5595,2.0069,-0.034537,0.00447,-0.094095,-0.63974,0.33722,0.20209,8.4666,-4.0594,3.05,-0.028629,0.058845,0.005872,-0.61297,-0.15054,0.32037,-9.7483,0.054252,-0.35831,-0.009761,0.017157,-0.003769,0.39433,0.65863,0.018089,-9.7154,-0.13564,-0.35946,-0.037301,0.008155,0.008375,0.51852,-0.66194,-0.09259
9.1174,-2.614,2.2707,-0.014582,0.12492,-0.003374,-0.42944,0.40653,0.47311,8.4085,4.4868,2.002,-0.080208,0.014353,-0.082997,-0.64075,0.33337,0.20915,8.4252,-4.025,2.9461,-0.10718,0.10298,0.048259,-0.61675,-0.15272,0.31821,-9.7851,-0.050958,-0.34392,0.001961,0.010113,-0.010896,0.39346,0.65944,0.017386,-9.7754,-0.18023,-0.34565,0.01153,0.0091,0.001054,0.51724,-0.6629,-0.090207
9.1169,-2.6295,2.4497,-0.045311,0.1322,-0.015294,-0.43317,0.40037,0.47913,8.4987,4.5236,1.925,-0.10684,0.056049,-0.072756,-0.64022,0.32843,0.21801,8.3741,-4.0295,2.8623,-0.09228,0.096222,0.06238,-0.61998,-0.15517,0.31457,-9.7631,0.039069,-0.32858,0.014613,0.013603,-0.021441,0.39087,0.6616,0.015939,-9.835,0.044113,-0.33111,0.031131,-0.01115,0.014456,0.51399,-0.66443,-0.08547
9.0126,-2.5845,2.5164,-0.050771,0.12228,-0.022561,-0.44133,0.39458,0.4832,8.4765,4.4392,1.8224,-0.10101,0.052072,-0.12353,-0.64321,0.32451,0.22717,8.4569,-4.0104,2.8338,-0.051298,0.083897,0.06596,-0.62426,-0.1568,0.31237,-9.7623,-0.13325,-0.37339,0.019672,0.018882,-0.005558,0.39051,0.66385,0.014729,-9.7753,-0.1505,-0.30074,0.031058,-0.007454,0.020794,0.51113,-0.66367,-0.08424
8.8935,-2.6421,2.3435,-0.06535,0.085323,-0.040684,-0.44566,0.38944,0.49054,8.4714,4.4201,1.7664,-0.082935,0.034101,-0.15579,-0.64231,0.32018,0.2333,8.4519,-3.884,2.7925,-0.072584,0.065399,0.06061,-0.62849,-0.15882,0.30892,-9.7325,-0.11069,-0.35781,0.030578,0.018848,-0.017024,0.38873,0.66411,0.011872,-9.7003,-0.046142,-0.33654,0.026546,-0.011076,0.020742,0.50986,-0.66809,-0.080455
9.0123,-2.6291,2.5534,-0.078227,0.068748,-0.01872,-0.44775,0.38405,0.49675,8.4862,4.2242,1.6659,-0.093463,0.033969,-0.17351,-0.6397,0.31377,0.24413,8.3836,-3.8546,2.8202,-0.09327,0.058178,0.068503,-0.63072,-0.15977,0.30731,-9.7038,0.11452,-0.37999,0.041037,0.007384,-0.010882,0.38867,0.66556,0.011074,-9.7003,-0.061213,-0.29923,0.012958,-0.008366,0.024413,0.5078,-0.67014,-0.076071
8.9677,-2.6287,2.5381,-0.056536,0.046861,-0.035017,-0.45108,0.37941,0.50508,8.3785,4.2267,1.6458,-0.055961,0.01709,-0.17571,-0.63949,0.30595,0.25394,8.4615,-3.8259,2.8209,-0.067077,0.048883,0.053525,-0.63684,-0.1625,0.30403,-9.7179,-0.072886,-0.41758,0.012594,0.017988,-0.007321,0.38829,0.66923,0.009992,-9.7152,-0.016347,-0.29189,-0.015828,-0.023926,0.013531,0.50625,-0.67375,-0.074182
8.9974,-2.6585,2.5158,-0.07484,0.005712,-0.038512,-0.45512,0.37327,0.5104,8.4227,4.0961,1.592,-0.047359,-0.004772,-0.14923,-0.64018,0.29863,0.26395,8.4566,-3.787,2.8153,-0.058802,0.02939,0.000506,-0.63943,-0.16747,0.3029,-9.7039,0.15931,-0.32752,0.012677,-0.003143,-0.017123,0.39063,0.67126,0.006798,-9.7452,-0.060896,-0.32987,0.007733,-0.011354,0.009954,0.50336,-0.67553,-0.07197
8.8479,-2.7757,2.4915,-0.051208,0.008897,-0.053105,-0.4574,0.36713,0.52055,8.3789,4.028,1.6255,-0.018967,-0.01525,-0.1282,-0.63875,0.28891,0.27647,8.4372,-3.8696,2.8947,-0.02599,-0.003886,-0.030451,-0.6438,-0.17302,0.30144,-9.6135,-0.027478,-0.41554,0.000469,0.011782,-0.023242,0.38809,0.67298,0.006542,-9.6253,-0.01685,-0.26796,-0.014192,-0.015586,0.028014,0.5028,-0.6798,-0.069367
8.8328,-2.82,2.4836,0.001261,-0.008599,-0.060258,-0.46108,0.36101,0.52983,8.1661,3.8781,1.5408,0.058716,-0.024935,-0.10761,-0.64041,0.28259,0.28797,8.4346,-3.8502,2.9432,0.059895,-0.039084,-0.082532,-0.64686,-0.17876,0.30107,-9.5985,-0.005294,-0.32522,-0.021079,0.029417,-0.013406,0.39048,0.6756,0.004801,-9.5653,0.020217,-0.26684,-0.037397,-0.01068,0.009986,0.50027,-0.68437,-0.06455
9.042,-2.7178,2.4486,0.059323,-0.012065,-0.092973,-0.46449,0.3568,0.53679,8.1658,3.9752,1.5316,0.11683,-0.047191,-0.11886,-0.64459,0.27893,0.29668,8.3763,-4.0104,3.0698,0.12633,-0.043765,-0.14432,-0.65005,-0.18438,0.30309,-9.5545,0.13001,-0.3545,-0.017326,-0.005826,-0.026862,0.39105,0.67736,0.002448,-9.6102,0.087924,-0.34213,-0.051703,0.005307,0.004717,0.50065,-0.68679,-0.059948
8.9835,-2.4655,2.4572,0.048674,0.00731,-0.1259,-0.4664,0.35244,0.54382,8.1875,4.0142,1.4833,0.13237,-0.075096,-0.075561,-0.64744,0.27947,0.30434,8.359,-3.9085,3.124,0.11187,-0.011004,-0.13897,-0.65226,-0.19121,0.30443,-9.524,-0.004661,-0.40626,-0.020753,-0.005843,-0.030423,0.39123,0.6805,0.001394,-9.5654,-0.046911,-0.29691,-0.037493,-0.029426,0.013481,0.4991,-0.69029,-0.056189
8.7756,-2.3891,2.2995,0.007108,0.01184,-0.13786,-0.47011,0.3464,0.55024,8.1922,4.116,1.4983,0.13679,-0.12757,-0.012729,-0.65012,0.28278,0.3156,8.4711,-3.9529,3.2145,0.067547,0.063028,-0.073487,-0.65619,-0.19705,0.3044,-9.4788,-0.034955,-0.29277,-0.045521,-0.007593,-0.037499,0.39278,0.68492,0.000269,-9.4682,-0.1669,-0.29559,-0.024743,-0.002556,0.011781,0.50014,-0.69668,-0.052292
8.8515,-2.1521,2.1747,-0.038945,0.014462,-0.16802,-0.47394,0.33905,0.5568,8.1552,4.2854,1.5475,0.042825,-0.17293,0.042952,-0.65073,0.28644,0.32411,8.098,-3.7616,3.1859,0.011829,0.11514,-0.016124,-0.66156,-0.20283,0.30327,-9.4554,-0.25212,-0.35209,0.004097,0.007297,-0.025086,0.39448,0.68703,-0.001504,-9.4606,-0.077445,-0.2504,-0.015781,0.004752,0.017228,0.49945,-0.70307,-0.050056
8.9112,-2.0494,2.3027,-0.070605,0.03825,-0.15173,-0.48032,0.33028,0.56368,8.2167,4.3333,1.6745,0.006262,-0.19354,0.10719,-0.64924,0.29204,0.33817,7.9492,-3.615,3.1176,-0.031545,0.14567,0.050101,-0.66611,-0.20625,0.29832,-9.3739,-0.094551,-0.2906,0.002183,-0.013859,-0.023436,0.39559,0.69019,-0.00357,-9.4156,-0.070187,-0.24962,0.003037,-0.004885,0.025238,0.50208,-0.70893,-0.044514
8.8967,-1.9898,2.2433,-0.10775,0.049505,-0.13177,-0.48433,0.32237,0.57174,8.3683,4.4785,1.7344,-0.048675,-0.18068,0.15044,-0.64684,0.29829,0.35227,7.9783,-3.513,2.9964,-0.095191,0.18366,0.06249,-0.67253,-0.2117,0.2941,-9.3884,-0.19186,-0.35081,0.008871,0.002874,-0.000399,0.39729,0.69409,-0.004555,-9.3558,-0.13008,-0.29359,0.065098,-0.005217,0.042243,0.50332,-0.7157,-0.041673
8.9266,-2.0267,2.1537,-0.1467,0.073504,-0.097273,-0.48923,0.3128,0.57841,8.3781,4.6669,1.8641,-0.1276,-0.17072,0.16718,-0.64587,0.30311,0.36606,7.803,-3.5022,2.8982,-0.12633,0.1934,0.058895,-0.68009,-0.2176,0.28729,-9.3141,-0.10926,-0.30439,0.072927,0.008038,-0.003872,0.40069,0.69958,-0.007575,-9.3556,-0.048217,-0.20372,0.077695,0.002048,0.044972,0.50106,-0.72292,-0.037333
8.6806,-2.0029,2.2416,-0.1522,0.090154,-0.057244,-0.49276,0.30674,0.58565,8.3247,4.6422,1.9536,-0.17342,-0.11894,0.12336,-0.64221,0.30506,0.3811,7.8274,-3.4875,2.8005,-0.1553,0.18009,0.080925,-0.68639,-0.22276,0.28028,-9.284,-0.16883,-0.37875,0.083395,0.002731,0.006664,0.40188,0.70128,-0.011746,-9.258,0.070952,-0.23163,0.048803,0.002848,0.046808,0.50001,-0.73041,-0.031076
8.6275,-2.1951,2.2399,-0.12709,0.072578,-0.014282,-0.49825,0.29995,0.59147,8.2516,4.5452,1.96,-0.1209,-0.042178,0.018385,-0.64112,0.30677,0.39417,7.8712,-3.4536,2.737,-0.16458,0.1503,0.057907,-0.6914,-0.22876,0.27386,-9.2551,0.026104,-0.33336,0.044452,0.008047,-0.003849,0.40407,0.707,-0.016934,-9.2506,0.011154,-0.23167,0.043726,0.001415,0.021484,0.49947,-0.73577,-0.024844
8.7908,-2.2563,2.4049,-0.08558,0.067307,0.010443,-0.50024,0.29366,0.59701,8.217,4.5553,1.8894,-0.083735,0.031208,-0.074013,-0.64016,0.3026,0.40395,7.8422,-3.5602,2.6993,-0.14862,0.068692,0.026829,-0.69656,-0.23425,0.26932,-9.2327,0.033691,-0.33292,0.0105,-0.000718,0.003147,0.40698,0.71053,-0.018917,-9.2803,0.2131,-0.26151,0.036711,0.008292,0.007985,0.50053,-0.74456,-0.019297
8.7308,-2.374,2.3216,-0.053924,0.064494,0.021428,-0.50338,0.29128,0.60397,8.0113,4.4056,1.7708,-0.063249,0.078471,-0.11934,-0.64192,0.29704,0.41139,7.8229,-3.6963,2.7797,-0.027065,-0.006304,-0.06329,-0.70007,-0.24191,0.26758,-9.2475,0.011039,-0.31068,0.03556,0.008056,-0.003852,0.40874,0.71501,-0.021748,-9.2801,0.33268,-0.27613,-0.001217,0.000983,0.008024,0.49787,-0.75179,-0.01497
8.6279,-2.0621,2.3378,-0.011416,0.059795,0.027891,-0.50619,0.28853,0.60959,8.1332,4.2467,1.5399,-0.031881,0.12661,-0.17537,-0.64344,0.286,0.4149,7.8128,-3.5653,2.875,-0.014001,-0.049639,-0.089851,-0.70125,-0.25021,0.26928,-9.1949,-0.093356,-0.40705,-0.005346,-0.020971,-0.003203,0.41116,0.72001,-0.025077,-9.2204,0.19798,-0.29042,-0.00638,0.008682,-0.008214,0.4975,-0.7582,-0.010316
8.7474,-2.0479,2.2567,-0.018683,0.052648,0.025184,-0.50871,0.28912,0.61302,8.1547,4.344,1.47,-0.041033,0.092132,-0.1808,-0.64767,0.27731,0.41718,7.7837,-3.6624,2.9472,-0.057662,-0.060779,-0.049317,-0.70424,-0.25727,0.27009,-9.1795,-0.13867,-0.31666,-0.006036,0.002787,-0.010984,0.41233,0.72262,-0.026084,-9.1607,0.040714,-0.25995,-0.001143,-0.009954,0.000673,0.49703,-0.76433,-0.006874
8.8144,-2.0853,2.2122,-0.024013,0.096107,0.056001,-0.51366,0.28894,0.61663,8.1477,4.2132,1.4548,-0.12208,0.095395,-0.12144,-0.64933,0.26595,0.4229,7.6814,-3.6814,2.9777,-0.082856,-0.053427,-0.039647,-0.70698,-0.26785,0.27088,-9.2244,-0.094033,-0.27259,-0.001895,0.018659,0.003258,0.41446,0.72764,-0.02969,-9.2207,0.011221,-0.29093,0.007997,0.026846,0.000925,0.49726,-0.7726,-0.001632
8.5684,-2.1423,2.1353,-0.03946,0.11278,0.096005,-0.51619,0.28999,0.6225,8.2117,4.0943,1.4716,-0.10963,0.11596,-0.092986,-0.65226,0.25702,0.425,7.6035,-3.7319,2.9114,-0.11227,-0.043464,0.001824,-0.70986,-0.27439,0.27155,-9.1505,0.011634,-0.36125,0.019334,0.013315,0.007649,0.41486,0.73134,-0.031923,-9.1161,-0.13131,-0.25966,0.002428,-0.00088,0.006139,0.49848,-0.77753,0.003179
8.7472,-2.1218,2.1965,-0.010523,0.12549,0.11972,-0.52003,0.29215,0.62655,8.2412,4.1642,1.5523,-0.086175,0.13174,-0.10375,-0.6557,0.24963,0.42755,7.65,-3.8024,2.8767,-0.12785,-0.048517,0.022999,-0.71196,-0.28044,0.27263,-9.1655,0.048859,-0.30907,0.022644,0.008046,0.017329,0.41825,0.73736,-0.035077,-9.2281,0.048529,-0.26854,0.016186,0.026766,-0.004521,0.49763,-0.78263,0.008862
8.2839,-2.2009,2.5507,-0.004532,0.087327,0.15452,-0.5223,0.29341,0.62971,8.1559,3.9897,1.5364,-0.082281,0.1599,-0.11256,-0.66069,0.24132,0.43017,7.8084,-3.8226,2.8403,-0.098598,-0.095305,0.035345,-0.71346,-0.28637,0.27297,-9.1352,-0.063186,-0.39088,0.007183,0.00099,-0.005691,0.41993,0.74152,-0.039758,-9.1757,0.025609,-0.19301,0.009919,0.007717,-0.013699,0.49863,-0.7877,0.014203
8.5062,-2.4769,2.5505,0.035085,0.048666,0.16387,-0.52401,0.29831,0.63328,8.019,3.8542,1.4815,0.024497,0.14351,-0.14914,-0.66584,0.23381,0.43237,7.8646,-3.9054,2.823,-0.078471,-0.13461,0.057376,-0.716,-0.28942,0.27521,-9.1793,-0.1538,-0.28662,-0.015992,-0.007758,-0.004001,0.42097,0.74271,-0.0409,-9.235,0.39964,-0.26024,-0.0342,0.025426,-0.01708,0.49876,-0.79491,0.020091
8.5348,-2.7438,2.549,0.092967,0.021192,0.15038,-0.52678,0.30401,0.63721,7.8211,3.8442,1.5483,0.012067,0.13178,-0.070885,-0.6719,0.22907,0.43265,7.9329,-3.974,2.9769,0.079244,-0.21341,-0.014133,-0.7176,-0.29593,0.28113,-9.2407,0.13123,-0.34819,-0.03207,-0.018268,-0.004018,0.42324,0.74824,-0.044369,-9.2804,0.22099,-0.38103,-0.052978,0.008951,-0.031589,0.49929,-0.79944,0.022867
8.3705,-2.7432,2.7194,0.15435,-0.032379,0.12972,-0.52628,0.31017,0.6418,7.7138,3.573,1.4784,0.1461,0.15593,-0.01412,-0.67842,0.23006,0.43279,8.1351,-3.9581,3.009,0.10178,-0.23105,-0.067076,-0.71572,-0.30154,0.28823,-9.194,-0.18398,-0.25687,-0.037189,0.006358,-0.009203,0.42383,0.75279,-0.045144,-9.2352,0.31021,-0.32026,-0.050984,0.019437,-0.04421,0.49974,-0.80343,0.02456
