9.5153,-1.0179,-0.77541,0.20256,-0.23775,-0.13902,-0.89863,0.047075,-0.51683,0.22132,7.1462,6.9937,-0.36721,0.57775,-0.74565,0.76098,-0.16131,-0.00497,-1.0974,-6.5247,7.4777,0.24224,0.37424,0.60257,0.66358,0.3488,-0.48198,-10.606,-1.7637,-1.2346,0.51658,0.24068,0.05719,0.70288,-0.36861,0.14038,-7.1339,-6.3744,-1.4418,0.86423,0.1808,-1.0506,0.40333,0.79495,0.18061
11.5,-1.8291,-0.13893,-0.18042,-0.29412,-0.036953,-0.90558,0.049661,-0.50455,-0.084107,7.1263,7.1108,-0.23438,0.44451,-0.69238,0.77664,-0.1294,-0.000537,-1.5925,-6.4379,7.8256,0.18894,0.23334,0.512,0.67999,0.33023,-0.47707,-13.572,-0.080843,-1.146,0.66218,-0.037041,0.1016,0.691,-0.36273,0.15912,-7.2134,-5.2271,-0.43901,0.11258,0.22778,-0.80419,0.37956,0.81105,0.16824
14.485,-2.6082,-0.24819,-0.1005,-0.20935,-0.004112,-0.91325,0.049831,-0.49334,-0.54865,7.7829,7.6942,0.006228,0.12981,-0.34389,0.78714,-0.1035,0.003593,-2.1176,-7.1223,7.7929,0.08277,0.034485,0.2357,0.69227,0.32374,-0.47121,-16.282,-1.5651,-0.31343,-0.28116,-0.20636,-0.22896,0.6807,-0.36037,0.16152,-8.0275,-3.7441,-0.47117,-0.24911,0.037351,-0.20008,0.36017,0.8203,0.158
17.166,-3.211,2.4765,-0.35052,-0.023204,0.15199,-0.9151,0.06009,-0.49028,-1.2645,7.8563,8.0668,0.39941,-0.30906,0.28532,0.78648,-0.10601,0.000612,-2.1483,-7.705,7.8246,0.043469,-0.29867,-0.49813,0.68493,0.32576,-0.47669,-11.36,0.161,-3.0826,-0.63452,-0.1063,-0.26441,0.69019,-0.36033,0.14357,-8.8774,-5.3506,-1.349,-0.35939,-0.090653,0.73501,0.37399,0.81066,0.17565
12.524,-1.8655,1.3757,0.59864,-0.55414,-0.020005,-0.91922,0.059604,-0.48,-0.38613,7.2066,7.5419,0.77211,-0.71511,0.66782,0.78024,-0.126,-0.005343,-1.6798,-6.4878,7.5049,-0.11996,-0.45696,-1.038,0.66166,0.34467,-0.49016,-11.076,1.327,-3.6484,0.045604,-0.029578,0.18463,0.69816,-0.35331,0.13539,-9.0928,-8.4558,-1.7794,-0.26892,-0.054123,1.2743,0.3971,0.79378,0.18801
9.1074,-1.0335,-1.6291,0.70544,-0.55051,-0.11518,-0.92382,0.038663,-0.46184,0.72591,7.5112,6.7238,0.75112,-1.0087,0.69688,0.76174,-0.15722,-0.011766,-0.62921,-6.6824,7.446,-0.094624,-0.50282,-1.2206,0.62875,0.37353,-0.50176,-12.302,-1.3827,-0.69886,0.36439,-0.12445,0.061851,0.70215,-0.35448,0.12428,-8.6275,-8.5813,-0.66618,0.2612,-0.014038,1.3075,0.43218,0.77563,0.19081
9.3639,-1.0305,-2.9104,0.36136,-0.32782,-0.039129,-0.92717,0.026646,-0.44502,0.63991,7.3473,6.5232,0.61236,-1.1161,0.71875,0.73792,-0.1946,-0.021489,-0.57139,-6.4014,7.64,-0.007216,-0.48006,-1.1409,0.592,0.40086,-0.51466,-9.9806,0.27717,-0.8491,0.87412,-0.22459,0.38793,0.71127,-0.35728,0.11683,-7.011,-5.1388,-0.3457,0.28715,-0.22165,1.3413,0.46507,0.76236,0.17548
10.67,-0.90209,-0.57191,-0.26984,0.035278,0.10918,-0.93125,0.026851,-0.44144,1.0694,7.8111,5.884,0.46502,-1.156,0.75366,0.70425,-0.2415,-0.032359,0.19149,-6.4146,7.4464,-0.19025,-0.54541,-1.1711,0.5445,0.43848,-0.53029,-10.784,-1.3798,0.044424,0.63716,-0.24515,0.17043,0.71752,-0.36158,0.10938,-7.5513,-5.4106,-0.91587,-0.17088,-0.31588,1.6288,0.51284,0.73659,0.15928
9.5723,-1.0152,0.28447,0.012132,-0.13726,0.021771,-0.93236,0.025594,-0.44228,1.6115,7.7038,5.4907,0.19819,-1.2007,0.73612,0.67481,-0.27743,-0.040078,0.71138,-6.7663,7.1474,-0.089194,-0.4795,-1.1813,0.50566,0.46262,-0.53967,-8.3771,1.0161,-0.26246,0.63885,-0.22155,0.3157,0.72617,-0.36673,0.099415,-7.9058,-6.8356,-0.98547,0.10761,-0.37806,1.5112,0.55942,0.70964,0.15569
7.767,-0.72698,-1.4881,0.044646,-0.19919,0.032767,-0.9351,0.02881,-0.43598,2.5834,7.3627,5.3298,0.18758,-1.1409,0.58015,0.65404,-0.29618,-0.042957,0.71073,-6.2168,6.8005,-0.030892,-0.32099,-1.1226,0.4745,0.47839,-0.54677,-9.1856,1.2687,-0.46656,0.36551,-0.062331,0.3901,0.73101,-0.3725,0.10084,-7.126,-5.8948,-1.8737,0.46534,-0.24118,1.1355,0.58441,0.69369,0.13578
7.948,-0.51906,-1.9778,-0.27748,0.033452,0.04136,-0.93602,0.02746,-0.43334,3.1589,7.0674,5.2008,0.20434,-1.0238,0.40996,0.63172,-0.31829,-0.046379,1.7978,-6.5166,7.0275,0.20185,-0.22241,-0.95581,0.44556,0.4915,-0.55495,-8.9804,-0.51852,0.2673,-0.15607,-0.16048,0.17638,0.73416,-0.38267,0.08971,-7.2804,-4.191,-1.8568,0.25115,-0.13492,1.1105,0.61595,0.67555,0.11758
9.0607,-1.0584,-0.85372,-0.35515,0.31375,0.076677,-0.93439,0.036841,-0.44243,3.5187,7.6141,4.9552,0.21314,-0.90337,0.31908,0.61208,-0.33527,-0.047277,1.4946,-5.9836,7.2044,0.19821,-0.070588,-0.92639,0.41956,0.49905,-0.56256,-9.3861,2.2154,-1.0644,0.23363,-0.019766,0.48674,0.73744,-0.3917,0.082264,-7.5103,-2.6574,-2.1703,0.088018,-0.028982,1.3215,0.64637,0.64915,0.10801
9.8497,-0.97062,-0.31,-0.3255,0.10229,0.072263,-0.93233,0.041245,-0.44881,3.3518,7.5882,4.8106,0.34286,-0.81797,0.30331,0.59475,-0.35661,-0.049528,2.0892,-6.1644,7.4659,0.13249,-0.060932,-0.94308,0.39379,0.51149,-0.5679,-9.7764,2.7968,-0.54762,0.48106,0.073581,0.71346,0.73264,-0.41335,0.084981,-9.4752,-4.3912,-1.4835,0.075407,0.22048,1.4906,0.68325,0.6173,0.09489
9.3727,-1.1728,-0.67304,-0.28886,0.007059,0.092714,-0.93315,0.047447,-0.44888,3.4326,7.6195,4.8502,0.44218,-0.72993,0.27808,0.57849,-0.37641,-0.046157,1.7481,-6.1845,7.4367,0.15474,-0.011302,-0.90066,0.37218,0.51729,-0.57334,-9.1587,4.5107,-0.91222,0.68998,0.25458,1.0821,0.72063,-0.4406,0.09184,-9.1112,-2.771,0.41711,-0.09728,0.058612,1.374,0.7175,0.57924,0.095369
7.8874,-0.19647,-1.0062,-0.18649,0.072261,-0.048916,-0.93154,0.052197,-0.45354,3.5769,7.0373,4.4109,0.49287,-0.68398,0.073325,0.56799,-0.38671,-0.037832,2.3644,-5.9858,7.3105,0.2149,0.03899,-0.79608,0.35351,0.52116,-0.57833,-7.6371,4.974,-0.83714,0.42371,0.29856,1.6745,0.70376,-0.47105,0.10334,-9.1247,-2.1675,0.8817,-0.12692,-0.29611,1.6077,0.74915,0.544,0.086535
6.4737,0.12723,-1.3133,0.078882,0.10175,-0.23031,-0.93106,0.047902,-0.45723,4.1463,7.0722,4.2153,0.21613,-0.57562,-0.33008,0.56969,-0.38692,-0.02083,2.5751,-5.1439,7.1035,0.32315,0.18633,-0.444,0.34191,0.51723,-0.5831,-7.1714,1.965,-0.036688,0.12764,0.018807,1.7187,0.67462,-0.52077,0.10143,-7.5542,-3.2101,0.008925,0.13468,-0.40875,1.4166,0.78445,0.49983,0.062292
6.4708,-0.56133,-1.4073,-0.66714,0.26862,-0.059709,-0.92625,0.050626,-0.46456,4.5946,7.3911,3.9279,-0.18266,-0.37607,-0.83335,0.57976,-0.3809,-0.001922,2.9137,-5.1214,7.1278,0.26027,0.44411,-0.017757,0.34419,0.51174,-0.588,-5.7346,0.91073,-1.2597,0.3283,0.14963,1.4026,0.64939,-0.55676,0.099014,-6.5369,-3.0513,-1.9009,0.23621,-0.083949,1.1621,0.81355,0.46296,0.04024
7.4189,-1.4092,-0.61478,-0.49672,0.6066,0.076886,-0.91948,0.061985,-0.47722,4.2283,7.1154,3.3119,-0.17606,-0.069154,-1.1075,0.59546,-0.37047,0.018777,2.575,-5.0126,7.0034,0.14666,0.66787,0.36402,0.36195,0.50275,-0.58632,-7.3006,1.7158,-1.5696,0.11512,0.58883,1.0996,0.62342,-0.59116,0.10957,-8.0044,-2.2801,-2.5811,-0.15595,0.15618,1.1218,0.83866,0.42581,0.030832
9.0568,-1.1823,0.5033,0.28219,0.57353,-0.036593,-0.90706,0.066245,-0.49683,2.8931,8.2028,3.1094,0.28919,0.3031,-1.1966,0.61929,-0.35364,0.048907,1.9078,-5.7638,7.9452,0.382,0.78183,0.57445,0.39566,0.48795,-0.58353,-11.247,3.3299,-2.1084,-0.72411,0.68339,1.1377,0.59985,-0.61944,0.1034,-9.5609,-2.0609,-1.2471,-0.60393,-0.17484,1.0373,0.86235,0.38881,0.034809
10.54,0.2373,0.061208,0.21964,0.31578,-0.13389,-0.89665,0.065693,-0.50926,2.1668,9.6355,3.6559,-0.036796,0.51398,-1.0593,0.64656,-0.3272,0.074887,1.0694,-5.8623,8.3449,0.57245,0.73317,0.55488,0.42819,0.46805,-0.58431,-11.165,1.5141,-0.033912,-0.50136,0.75343,0.95,0.58925,-0.63607,0.094533,-9.9251,-0.61924,-0.72641,-0.42574,-0.27984,1.0381,0.88118,0.35923,0.028384
10.987,0.63812,0.8282,-0.24054,0.28293,-0.17623,-0.88994,0.065868,-0.5185,2.3523,8.8182,4.188,-0.098739,0.66544,-0.91405,0.67087,-0.29768,0.096876,0.96184,-5.6675,8.3424,0.45138,0.64029,0.3779,0.45436,0.44681,-0.58361,-11.208,2.8387,0.62406,0.22085,0.68304,0.94281,0.56858,-0.65994,0.10006,-9.0645,-0.56748,-1.7278,-0.131,-0.21536,0.90355,0.89978,0.3273,0.018272
9.2276,0.35707,0.53699,-0.49225,-0.034032,-0.1061,-0.8847,0.07385,-0.51982,1.9211,8.6175,4.583,-0.19811,0.64216,-0.84053,0.68921,-0.26808,0.1145,0.75875,-5.1662,8.2988,0.3495,0.63273,0.25588,0.47287,0.43003,-0.58445,-10.156,4.7598,1.3634,0.26676,0.40717,1.1866,0.54717,-0.68261,0.11501,-9.4339,-1.88,-1.887,0.000739,-0.090096,0.46832,0.91368,0.3106,0.012379
8.0797,-0.17103,-0.3406,-0.42829,0.014661,-0.14653,-0.88373,0.075307,-0.51672,1.4068,8.3056,4.9065,-0.27493,0.51012,-0.87095,0.70724,-0.23509,0.13166,0.99896,-4.5067,8.1565,0.22317,0.683,0.27364,0.49508,0.41619,-0.58215,-9.6157,5.1206,-0.11174,-0.21988,0.22977,1.368,0.51614,-0.71738,0.1131,-8.8497,-2.3334,-1.1611,0.3181,0.034873,0.17689,0.91872,0.30386,0.003623
8.7942,-0.22974,-0.059515,-0.45101,-0.15776,-0.13297,-0.88366,0.0812,-0.51515,1.0798,8.43,5.2453,-0.337,0.27705,-0.93929,0.71984,-0.21042,0.14789,0.83813,-4.5888,8.3315,0.37154,0.73462,0.42577,0.52002,0.40014,-0.57586,-9.8926,4.7936,-1.0923,-0.57403,0.08068,1.388,0.47175,-0.75822,0.092712,-10.329,0.24343,-1.2165,0.27965,0.13025,0.094976,0.92445,0.30147,0.01223
10.184,0.2282,-0.65778,-0.17269,-0.29235,-0.1483,-0.88836,0.091699,-0.50538,0.69297,8.4883,5.2456,-0.17822,0.045021,-0.86187,0.72723,-0.19004,0.15846,-0.31192,-4.8314,8.7364,0.43787,0.71829,0.49611,0.54735,0.38477,-0.56948,-9.037,4.0021,-1.1193,-0.56327,-0.004316,1.3042,0.43348,-0.79056,0.080081,-9.526,0.96495,-1.4027,-0.030021,-0.013518,0.14322,0.92641,0.30201,0.013613
11.322,0.27427,0.36581,-0.37982,-0.32335,-0.064382,-0.89396,0.099229,-0.49521,0.44986,8.8162,4.6453,0.00752,-0.10765,-0.7184,0.73514,-0.17533,0.17266,-0.40559,-4.3946,9.099,0.28463,0.58832,0.44445,0.57281,0.36559,-0.56282,-7.912,4.4428,-1.4123,-0.67005,-0.059404,1.1389,0.39055,-0.8216,0.055268,-11.055,0.54596,-1.3101,-0.15996,-0.022792,0.13062,0.93074,0.30317,0.021976
12.296,0.36285,-1.5213,-0.31489,-0.2545,-0.091943,-0.90138,0.10714,-0.48405,-0.25748,9.3461,4.3907,-0.26365,-0.12711,-0.44601,0.74195,-0.15879,0.1765,-0.68794,-4.6947,9.3395,0.083743,0.34281,0.29876,0.59307,0.35438,-0.55641,-7.5724,3.6428,-1.6897,-0.65343,-0.17964,0.62165,0.35966,-0.84319,0.027978,-13.264,0.48744,-0.84708,0.33967,-0.085411,0.19149,0.93192,0.30231,0.016179
14.649,-0.10698,-1.7601,-0.33827,-0.017874,-0.072723,-0.90399,0.10629,-0.47532,-0.33343,9.3117,4.9709,-0.40447,0.015492,-0.009271,0.74388,-0.14823,0.17082,-1.4408,-4.7737,9.4517,-0.21027,0.001238,0.048443,0.60162,0.35103,-0.55209,-7.848,4.3,-3.099,0.23053,-0.054368,-0.10796,0.3502,-0.85112,0.013096,-15.627,-1.285,-1.3923,0.3019,-0.000912,0.000618,0.92937,0.30707,0.01122
16.494,-0.68314,1.5478,-0.32276,-0.005434,0.036101,-0.9075,0.11337,-0.4735,-0.022137,9.6138,4.6728,-0.10552,0.132,0.71012,0.73747,-0.15515,0.16162,-1.7807,-5.5783,9.5828,-0.47732,-0.45044,-0.24088,0.59459,0.36102,-0.55122,-9.9282,5.725,-1.4692,0.83355,0.2239,-0.46554,0.35224,-0.84362,0.038668,-12.761,0.99734,0.066776,0.29177,-0.036096,-0.008193,0.928,0.30389,0.012033
12.447,-0.088182,-0.18012,0.45304,-0.47564,-0.17287,-0.91165,0.10382,-0.46664,0.65151,8.348,5.1864,0.025274,0.098937,1.2992,0.73185,-0.16832,0.13958,-0.28322,-4.9351,9.5601,-0.5963,-0.80342,-0.46382,0.56981,0.38459,-0.55709,-8.5666,4.0637,-1.0649,0.71615,0.015326,-0.99945,0.37236,-0.82774,0.077556,-11.73,-0.077241,-1.637,-0.40278,0.070526,-0.44489,0.92331,0.31218,0.007738
9.814,0.16202,-1.8995,0.24904,-0.31431,-0.060181,-0.91935,0.084086,-0.45409,0.84706,8.3983,5.7808,0.28825,-0.068694,1.579,0.71364,-0.20347,0.11621,0.10887,-5.8267,8.7943,-0.54307,-1.0396,-0.50306,0.53325,0.40992,-0.566,-8.4295,4.9349,-1.2057,0.22516,-0.084776,-1.5374,0.40701,-0.80039,0.097651,-11.915,0.86238,-0.9204,-0.67164,0.013682,-0.54676,0.91504,0.33072,0.021757
8.6327,0.010783,-0.60381,-0.15259,-0.023481,0.16961,-0.92303,0.080677,-0.4506,0.99309,8.2496,5.4651,0.32012,-0.24709,1.4862,0.69101,-0.24143,0.094863,-0.018753,-5.0798,8.3588,-0.34042,-1.071,-0.38186,0.48882,0.43199,-0.58103,-9.2172,6.9424,-1.3512,-0.10611,-0.19227,-1.6251,0.45326,-0.76547,0.10382,-8.8365,0.5617,-0.2267,-0.61825,-0.1267,-0.45242,0.90366,0.34723,0.022148
7.7229,-0.42411,-1.1806,-0.2295,-0.36711,0.20277,-0.93033,0.078084,-0.43749,2.1599,7.6214,5.4815,0.14895,-0.46797,1.2385,0.66397,-0.28523,0.072599,1.0657,-4.3929,6.8866,-0.24721,-0.89039,-0.27765,0.44384,0.45097,-0.59701,-6.9817,5.1137,-1.3493,-0.3544,-0.28877,-1.23,0.49774,-0.73347,0.10623,-7.4779,-1.9377,-0.79321,-0.86576,-0.033662,-0.66246,0.88827,0.37372,0.024086
7.9611,-0.8751,-1.8905,0.11762,-0.071943,0.075177,-0.93617,0.077931,-0.42942,3.2151,7.3436,4.7503,0.17133,-0.41042,0.90793,0.63539,-0.31784,0.062265,1.7489,-5.3106,7.5877,-0.29741,-0.67153,-0.1544,0.41821,0.45863,-0.60461,-6.7402,4.4787,-1.7114,-0.17598,-0.23015,-1.1998,0.52398,-0.71048,0.097947,-9.3139,-2.3021,-0.95221,-0.53271,0.079186,-0.57666,0.87499,0.39257,0.04246
8.5248,-0.94264,-0.94656,-0.014428,0.024975,0.12211,-0.93675,0.085826,-0.43017,3.5443,7.6115,4.0051,0.20531,-0.2712,0.73774,0.61434,-0.3387,0.056159,1.3018,-6.2684,8.067,-0.16166,-0.57922,-0.07921,0.39886,0.46653,-0.60785,-8.1217,4.7252,-0.99666,-0.14155,-0.15109,-1.1126,0.55197,-0.68417,0.090002,-8.7502,-1.44,-0.43982,0.11322,-0.038026,-0.4563,0.86292,0.40723,0.042198
9.2279,-0.63533,-1.4018,0.1608,-0.12955,0.044634,-0.93797,0.083202,-0.42805,3.2598,7.6751,3.9015,0.20369,-0.076492,0.67473,0.59573,-0.36083,0.049301,1.7419,-5.3124,7.2551,-0.094284,-0.42108,-0.068864,0.38095,0.46855,-0.61262,-7.9807,4.5491,-1.789,-0.25915,-0.079658,-0.95867,0.57182,-0.66207,0.083919,-8.4164,-2.8723,-1.4541,0.45525,0.16583,-0.45227,0.85228,0.41792,0.044317
9.3598,-0.94149,-1.0596,0.29094,0.036921,0.087891,-0.94141,0.07955,-0.42522,3.3085,8.6788,3.9064,0.099054,0.17175,0.6406,0.58559,-0.37419,0.046909,1.6097,-5.3059,7.9914,-0.11776,-0.38541,0.018566,0.36956,0.47238,-0.61584,-9.2831,3.9632,-1.0342,-0.2701,0.00985,-1.064,0.5962,-0.63786,0.081592,-9.6678,-2.7894,-2.1175,0.58098,0.37021,-0.75547,0.83717,0.43196,0.05155
9.2939,-2.0469,-0.52265,0.4197,-0.059937,0.14866,-0.94187,0.077905,-0.42629,3.4881,7.8145,4.1466,0.10887,0.36939,0.61393,0.57911,-0.38405,0.040753,1.7758,-5.8516,8.5266,0.19177,-0.56561,0.20047,0.35489,0.47263,-0.62392,-8.6472,1.3143,-0.095644,-0.40683,-0.095988,-1.1852,0.62144,-0.6081,0.08192,-9.6303,-2.8351,-1.9377,-0.058458,0.3736,-1.3943,0.81256,0.46392,0.066789
8.2825,-1.9472,-1.2086,0.81303,-0.076485,0.083471,-0.94354,0.066872,-0.42307,3.7959,7.5802,4.4609,0.11835,0.50766,0.45901,0.57206,-0.39144,0.03881,1.8329,-4.958,8.3457,0.76275,-0.74578,0.50291,0.34234,0.45161,-0.64276,-9.0262,1.7389,-1.5518,-0.92391,-0.14125,-1.6391,0.65031,-0.57311,0.061643,-9.4159,-4.6144,-1.8044,-0.60036,0.34044,-1.9078,0.77501,0.50564,0.097921
7.2401,-1.5548,-0.90806,1.2946,-0.21059,-0.035753,-0.94409,0.058505,-0.41862,3.8469,6.8576,4.4774,0.16242,0.5493,0.17868,0.57325,-0.38983,0.037156,2.0908,-4.2923,7.4456,0.63716,-0.69642,0.62137,0.32796,0.42965,-0.6628,-8.9137,3.6019,-0.36609,-1.2862,0.088131,-1.5948,0.68324,-0.53263,0.041282,-8.7947,-1.321,-0.23854,-0.63717,0.11624,-2.0706,0.73084,0.55964,0.12116
6.8019,-0.22785,-2.1039,1.4027,-0.28705,-0.18034,-0.9462,0.034726,-0.40636,3.6686,7.1929,4.8253,0.16872,0.59352,-0.21325,0.58503,-0.38438,0.044466,2.1843,-4.593,7.0195,0.6311,-0.46258,0.73136,0.32451,0.4037,-0.67636,-7.2236,2.1058,0.31475,-1.2926,0.087505,-1.2933,0.706,-0.49828,0.016382,-6.6147,-1.2119,-0.14911,-1.5508,0.3321,-1.6591,0.6889,0.59581,0.1641
7.6136,0.93862,-2.7318,1.1345,0.24578,-0.16193,-0.94418,0.010463,-0.40183,3.53,7.6056,4.7243,-0.087052,0.64246,-0.51763,0.60469,-0.36935,0.054895,2.4232,-4.4966,6.7427,0.29438,-0.13624,0.72996,0.33075,0.38043,-0.68295,-8.4523,1.2247,-0.009098,-1.0189,0.161,-0.93556,0.72306,-0.46776,-0.000497,-7.7209,-4.1268,-0.39232,-1.2489,0.45059,-1.4576,0.64881,0.61743,0.21507
9.1146,0.5812,-1.5738,0.63643,0.33129,-0.10624,-0.94332,-0.007296,-0.40876,3.1743,7.6332,4.5351,0.076809,0.78995,-0.70143,0.62778,-0.3453,0.067945,2.5557,-5.3338,7.3974,-0.40391,0.18157,0.69619,0.3527,0.36295,-0.67829,-9.5677,1.247,-1.0144,-0.18961,0.018798,-0.80679,0.73576,-0.43697,-0.002602,-7.8543,-3.3724,-0.17588,-0.52328,0.33261,-1.2241,0.60438,0.64166,0.24751
10.362,0.019405,-0.67271,0.012788,0.28484,-0.053849,-0.93975,-0.010344,-0.41689,2.1942,8.205,4.6459,0.025723,0.84133,-0.77285,0.65072,-0.32027,0.08318,1.938,-6.5271,8.3599,-0.65812,0.44843,0.71911,0.38188,0.36814,-0.65776,-9.8344,0.44686,-1.8367,0.3061,0.028882,-0.68688,0.74047,-0.4175,-0.001901,-7.4987,-4.9377,-1.6533,0.53291,0.47199,-0.91023,0.58086,0.65355,0.26488
9.9661,-0.29497,-0.92396,-0.060708,0.37759,-0.11643,-0.9357,-0.007504,-0.42839,1.9703,8.4015,5.1218,-0.109,0.86834,-0.72002,0.67567,-0.29293,0.095232,1.9008,-5.6826,7.4156,-0.45873,0.65665,0.64566,0.41024,0.37739,-0.63827,-9.4663,0.38523,-1.094,0.76818,-0.057193,-0.61331,0.74501,-0.39903,0.014959,-7.9965,-6.7268,-2.055,1.0119,0.41015,-0.96218,0.5606,0.66938,0.25676
9.1964,-0.82896,-1.0825,-0.31247,0.40485,-0.064093,-0.9302,-0.005443,-0.44023,1.5799,8.144,5.23,-0.074964,0.77916,-0.79379,0.69577,-0.26425,0.1092,0.81327,-5.3156,7.5541,-0.40864,0.83611,0.62462,0.45013,0.37452,-0.61797,-10.09,-1.0945,0.65081,0.001682,-0.13078,-0.78085,0.74715,-0.38022,0.020271,-8.0431,-7.2314,-2.9537,0.47301,0.55079,-1.1779,0.53259,0.69011,0.25268
9.1182,-1.1725,-0.22732,-0.38853,0.46175,-0.016994,-0.9254,0.001735,-0.45508,1.464,7.939,5.4908,-0.35283,0.64443,-0.87051,0.71709,-0.23022,0.12249,0.48997,-5.8655,7.7617,-0.44639,0.86425,0.59622,0.48946,0.37682,-0.59393,-9.1137,-0.82582,0.09239,-0.26266,-0.2383,-0.73044,0.75384,-0.35816,0.019745,-8.0263,-6.3212,-2.6521,-0.33943,0.44202,-1.2644,0.50319,0.70766,0.2655
9.5051,-1.1546,0.081616,-0.29447,0.46519,0.008709,-0.91856,0.011066,-0.46919,1.4449,7.3054,5.1719,-0.33646,0.72089,-1.0188,0.73558,-0.19339,0.13687,-0.21881,-6.0831,7.8598,-0.16172,0.81094,0.68277,0.53119,0.37213,-0.56705,-10.222,-0.92257,-1.1453,-0.3497,-0.13204,-0.66534,0.75327,-0.3372,0.023874,-8.0553,-6.1745,-1.8454,-0.53585,0.38281,-1.3176,0.47149,0.72389,0.27389
9.803,-0.8631,0.69009,-0.21041,0.46325,0.023494,-0.91076,0.01863,-0.48513,0.35617,8.6031,5.5697,-0.33572,0.51663,-0.90433,0.74959,-0.1596,0.15665,-0.41038,-6.6065,7.8318,0.045088,0.7695,0.69872,0.57015,0.35618,-0.54541,-8.2741,2.963,-3.0161,0.23225,0.007398,-0.1669,0.75084,-0.32948,0.027946,-8.6389,-5.8285,-1.7348,0.13534,0.49565,-1.2758,0.44073,0.73966,0.29322
9.4049,-0.20591,0.16909,-0.14579,0.10498,-0.044232,-0.90708,0.025328,-0.49105,-0.24954,8.2295,5.6372,-0.46782,0.45574,-0.79168,0.76127,-0.13086,0.16626,-0.6931,-6.459,7.6171,0.38685,0.74231,0.6566,0.60344,0.33673,-0.52851,-10.81,-0.27562,-2.1707,0.63897,0.16677,0.22284,0.7357,-0.3306,0.042349,-8.0249,-5.7852,-2.1277,0.96113,0.47774,-1.0665,0.40764,0.76245,0.28934
10.118,-0.71525,0.13389,-0.63777,0.002993,0.11245,-0.90617,0.033967,-0.49121,-0.050419,8.3909,5.3475,-0.70958,0.39484,-0.62813,0.77047,-0.10399,0.1729,-1.5268,-6.5044,8.1505,0.7898,0.62596,0.58945,0.63418,0.3072,-0.51977,-9.4146,-0.83065,-0.83652,0.77116,0.021531,0.087615,0.72159,-0.33139,0.061531,-7.322,-6.6107,-1.9836,0.94208,0.42869,-0.73426,0.38474,0.78484,0.26638
10.581,-1.7818,1.0183,-0.2226,-0.27775,0.091477,-0.91345,0.04909,-0.48465,-0.3207,7.9367,6.0121,-0.87334,0.30921,-0.61577,0.78036,-0.077839,0.16815,-1.6147,-5.1204,8.394,0.94956,0.45325,0.5408,0.65629,0.27079,-0.51709,-12.153,-0.53684,-1.9573,0.50718,0.074289,0.22483,0.70683,-0.32931,0.079624,-7.45,-7.2843,-1.4496,0.3801,0.44627,-0.56081,0.36713,0.79889,0.25225
12.14,-2.1443,-0.41217,0.23715,-0.35252,0.10435,-0.91965,0.052529,-0.47073,-0.90631,7.8185,6.3895,-0.81097,0.17207,-0.49975,0.78919,-0.052192,0.15346,-1.9874,-5.4642,8.8638,0.58712,0.29215,0.47544,0.67204,0.23943,-0.51538,-16.204,-1.9712,0.033708,0.078359,-0.055324,-0.027645,0.69204,-0.3296,0.095881,-8.1142,-6.0654,-0.91968,0.16524,0.24202,-0.34974,0.34864,0.81432,0.23009
16.042,-2.9528,-0.57436,-0.21038,-0.25533,0.24412,-0.92262,0.058116,-0.46126,-1.8128,8.6702,6.7573,-0.68632,-0.22837,0.23954,0.79771,-0.045354,0.12481,-2.4226,-5.9694,8.8024,0.084332,-0.15069,-0.10117,0.67604,0.22307,-0.51622,-11.975,-0.24996,-2.2392,0.019859,-0.1876,0.045648,0.69342,-0.33178,0.088329,-9.6984,-3.4788,-1.4848,0.050347,0.002794,0.48529,0.35378,0.81485,0.23663
16.373,-2.4108,2.1772,0.37227,-0.4119,0.098037,-0.92762,0.067345,-0.45215,-1.9263,7.2957,8.6897,-0.078866,-0.55426,0.91378,0.80014,-0.060694,0.080626,-1.8165,-5.7861,9.1043,0.058995,-0.54292,-0.82691,0.66276,0.23509,-0.52671,-12.226,-0.86648,-2.116,0.22616,-0.034626,-0.01956,0.69694,-0.32605,0.082042,-9.7488,-6.7354,-1.5318,0.015553,-0.073611,1.3135,0.37374,0.80128,0.24298
10.922,-1.0239,-0.24252,0.25079,-0.55324,0.061384,-0.93676,0.05844,-0.43372,-0.81312,7.048,7.7718,0.80953,-0.92075,1.0256,0.78612,-0.099119,0.054949,-1.1984,-4.9769,8.4272,-0.38862,-0.63685,-1.0022,0.63285,0.26438,-0.54157,-12.939,-0.62426,0.27792,0.49678,-0.23251,0.073684,0.70312,-0.32585,0.074447,-9.0247,-8.4588,-1.0088,0.56625,-0.075643,1.4322,0.41381,0.783,0.23569
8.748,-1.8276,-2.4055,0.083596,-0.37847,0.05823,-0.94045,0.051616,-0.41803,0.52736,7.1606,7.0272,0.5183,-1.109,0.92315,0.76215,-0.13992,0.042031,-0.47522,-5.9709,8.2696,-0.13377,-0.70849,-1.1009,0.59768,0.29649,-0.55805,-10.418,0.032345,-0.10733,0.39071,-0.39814,0.19256,0.71396,-0.32784,0.062083,-7.852,-6.1717,-0.76612,0.22193,-0.41966,1.3858,0.45108,0.7714,0.21503
8.7914,-1.6756,-1.5909,-0.14002,-0.083134,0.1625,-0.94127,0.054338,-0.41326,1.1305,6.6227,6.9264,0.77127,-1.2565,0.8634,0.73034,-0.19617,0.018173,-0.9594,-5.2873,8.8665,0.23442,-0.82693,-1.092,0.54589,0.32869,-0.58637,-8.6251,-0.25864,-0.56618,0.37287,-0.11022,0.31266,0.72415,-0.33415,0.055481,-7.7533,-5.5535,-0.38924,-0.60831,-0.84664,1.4754,0.50155,0.74669,0.20129
8.6258,-1.2136,-0.082109,0.38419,-0.4299,-0.063221,-0.94488,0.050705,-0.40615,1.1685,7.0942,5.7136,1.0994,-1.2088,0.67159,0.70022,-0.24268,0.017634,0.028884,-4.244,7.9489,-0.090058,-0.83347,-1.0195,0.50216,0.34572,-0.60752,-8.7506,1.2078,0.1725,0.82425,-0.10516,0.70485,0.7244,-0.35228,0.051462,-7.1411,-6.6538,-0.58357,0.021353,-0.92626,1.2867,0.55002,0.72006,0.1927
7.7013,-0.68751,-1.9658,0.008777,-0.53126,-0.008747,-0.94896,0.043558,-0.3878,1.9397,8.304,4.7323,0.57353,-1.0978,0.50073,0.6774,-0.26878,0.030773,1.3907,-5.2505,7.547,-0.18202,-0.70032,-0.88658,0.46819,0.36239,-0.61543,-9.4976,1.3684,0.51746,1.0091,-0.081204,0.78452,0.72283,-0.36769,0.058127,-6.887,-5.8782,-2.6914,0.92222,-0.87329,0.99257,0.57829,0.71008,0.15682
8.7837,-0.77404,-2.8833,0.1041,0.066375,0.02444,-0.95158,0.039757,-0.37958,2.6788,7.8086,4.3749,0.29953,-0.96709,0.43082,0.65408,-0.29571,0.032197,1.6534,-4.9846,7.5024,-0.20124,-0.4211,-0.84177,0.43852,0.37825,-0.62296,-9.3052,2.6935,-0.50802,0.97268,-0.10321,0.90282,0.71586,-0.39139,0.064558,-6.6166,-3.9876,-5.3787,0.65369,-0.50295,1.0932,0.61523,0.69153,0.11433
9.5096,-1.3753,-2.1804,-0.16017,0.16523,0.084845,-0.9501,0.042635,-0.38168,3.1253,7.7807,4.6157,0.33415,-0.8431,0.45973,0.63653,-0.3177,0.025655,1.503,-5.5283,7.776,-0.30575,-0.24541,-0.80277,0.41456,0.39993,-0.62507,-9.0702,4.6024,-1.2182,0.75346,0.32317,1.1973,0.70608,-0.41994,0.077833,-7.3643,-3.5457,-4.6954,-0.11999,0.22674,1.3255,0.64874,0.66403,0.097699
9.1683,-0.679,-1.4771,-0.22096,-0.21451,0.064531,-0.95298,0.045086,-0.37566,2.5821,7.9232,4.7442,0.42149,-0.77718,0.34636,0.62163,-0.34048,0.020054,1.0345,-5.3616,8.2037,-0.000885,-0.14504,-0.71844,0.39311,0.41709,-0.62465,-10.07,1.2125,1.384,0.37174,0.05844,1.3184,0.68724,-0.4568,0.092935,-8.188,-4.7084,-2.2172,-0.016437,0.64032,1.4569,0.68607,0.63044,0.088352
8.0916,-0.28159,-2.3706,-0.25937,-0.16503,0.024913,-0.95546,0.046431,-0.36694,2.5001,7.6945,4.9007,0.30158,-0.76291,0.1482,0.60914,-0.35548,0.019643,2.1449,-4.6913,7.7003,0.13668,-0.024597,-0.52423,0.37927,0.41869,-0.62894,-8.332,0.4674,1.8699,0.73585,-0.12159,1.2403,0.66903,-0.49349,0.093085,-7.1369,-4.8579,0.68391,0.64713,0.80986,1.4994,0.71861,0.59457,0.093257
7.8021,-0.29214,-2.8578,-0.47843,0.38858,0.03586,-0.95245,0.054169,-0.37289,3.7046,7.6584,4.3368,0.13388,-0.80816,-0.14302,0.60426,-0.35755,0.022663,2.5355,-5.1354,7.8386,0.10304,0.12322,-0.41791,0.37262,0.42036,-0.62819,-7.3783,1.7519,0.4921,0.78379,0.070531,1.0997,0.65648,-0.51884,0.10438,-7.4492,-4.0983,1.7714,1.1938,0.29235,1.5092,0.74931,0.55706,0.087361
8.4217,-0.81481,-1.2151,-0.69733,0.66687,0.045435,-0.94554,0.06314,-0.39302,3.9854,7.6012,4.1292,-0.029871,-0.65301,-0.32398,0.60074,-0.36087,0.029032,2.0341,-5.575,7.9683,0.22153,0.31138,-0.29217,0.3761,0.41739,-0.62919,-7.9499,4.8001,-0.80571,0.41282,0.37059,1.1597,0.63622,-0.54702,0.11822,-8.5416,-1.8874,-0.94552,0.88552,0.10645,1.2151,0.78351,0.51721,0.065262
8.2839,-1.1507,-0.30812,-0.30859,0.39375,-0.15712,-0.93822,0.070493,-0.41058,3.3692,7.7583,3.7495,0.1115,-0.4235,-0.52853,0.60225,-0.36078,0.035356,1.5945,-5.0097,8.0765,0.29211,0.43464,-0.26806,0.38218,0.41559,-0.62882,-9.5502,4.9902,-1.1457,-0.37811,0.52025,1.1634,0.61218,-0.57993,0.12255,-8.0051,-1.9993,-3.8653,-0.090392,0.085876,1.0859,0.80793,0.48091,0.048503
7.6015,-1.0517,-1.4765,-0.30182,0.2714,-0.15124,-0.9332,0.068085,-0.41907,3.3162,8.0671,3.5634,0.059761,-0.17438,-0.75439,0.61705,-0.34668,0.054376,1.9594,-4.7058,8.1721,0.22125,0.44117,-0.12757,0.39035,0.41153,-0.62955,-8.9392,2.4424,-1.1156,-0.19949,0.33301,1.0575,0.59315,-0.61256,0.12108,-7.9666,-2.1538,-2.4456,-0.72019,0.14292,0.92685,0.82881,0.44925,0.040586
7.5399,-1.1574,-0.83605,-0.46337,0.27455,-0.074845,-0.9285,0.070092,-0.42853,3.2361,8.105,3.7575,0.00405,0.092785,-0.92679,0.63244,-0.33345,0.072144,1.7736,-4.5403,8.4353,0.28358,0.46743,0.12687,0.40493,0.40059,-0.62823,-7.7326,2.862,-1.6621,-0.41112,0.52101,0.997,0.56854,-0.64278,0.11237,-9.1725,-3.051,-0.61566,-0.88847,-0.20338,0.83963,0.84968,0.42143,0.047626
8.0036,-0.45237,-0.23109,0.21899,0.014212,-0.31893,-0.92496,0.070664,-0.43201,2.7487,8.0209,3.6108,0.10167,0.31953,-1.0456,0.6477,-0.31408,0.088621,1.4133,-4.6206,8.2234,0.2967,0.49431,0.31053,0.42167,0.39164,-0.62673,-8.8314,3.2677,-1.0694,-0.61153,0.69791,1.0584,0.54916,-0.66836,0.10495,-9.5676,-1.8988,-0.58934,-0.39448,-0.23986,0.53711,0.86176,0.40597,0.049765
8.9082,-0.080006,-0.68438,0.16111,-0.33673,-0.32654,-0.92604,0.062881,-0.42504,1.9268,8.7144,3.6089,0.059194,0.33838,-1.1039,0.67256,-0.28658,0.11341,1.2038,-4.8145,8.6075,0.40876,0.52125,0.36539,0.44282,0.37499,-0.62542,-8.9015,4.023,-0.61391,-0.4132,0.67136,1.1184,0.52139,-0.69868,0.096483,-8.2715,-1.2137,-1.7161,-0.28781,-0.13917,0.37228,0.87307,0.39516,0.045808
9.8224,0.2958,-2.0254,0.076147,-0.27081,-0.25577,-0.931,0.05385,-0.41326,1.8203,8.8549,4.6126,-0.09675,0.3347,-1.1204,0.69823,-0.25121,0.13523,0.73485,-4.137,8.5103,0.32051,0.5652,0.39711,0.46532,0.35831,-0.62479,-9.2477,4.643,-0.32892,-0.50343,0.63117,1.1235,0.49325,-0.72549,0.090623,-10.039,-1.2819,-1.2157,-0.54741,-0.16309,0.19086,0.88085,0.395,0.042869
9.9463,-0.23178,-1.8712,0.048145,0.010514,-0.14393,-0.92975,0.056326,-0.40975,1.4667,8.5374,4.1181,0.015184,0.43527,-1.1227,0.72115,-0.21315,0.16206,0.83727,-4.3372,8.8161,0.23433,0.56592,0.42086,0.4883,0.34519,-0.6197,-9.1456,4.8113,-1.0323,-0.60997,0.63126,1.1659,0.46552,-0.75711,0.08256,-9.543,-0.25261,-1.4063,-0.59019,-0.29642,0.25854,0.88492,0.4019,0.027045
9.9461,-0.077696,-1.4972,0.13958,0.010836,-0.14743,-0.92934,0.05477,-0.40959,0.85853,8.8241,4.0087,-0.047183,0.49899,-1.1095,0.73814,-0.18134,0.18854,0.71535,-4.2197,8.6826,0.24671,0.59658,0.50923,0.51482,0.3266,-0.612,-8.7232,5.3094,-1.3845,-0.59145,0.60462,1.1693,0.42824,-0.78581,0.061819,-9.65,-1.3418,-1.6949,-0.45464,-0.15374,0.28458,0.89498,0.40082,0.025925
9.8436,0.27907,-1.5852,0.015562,0.054355,-0.10401,-0.92848,0.056473,-0.41091,0.070415,9.1214,4.2142,-0.28041,0.50297,-1.0685,0.75071,-0.15053,0.20778,0.21853,-4.3336,8.5988,0.34029,0.63789,0.55609,0.53796,0.31257,-0.60612,-8.8086,6.3253,-0.47198,-0.56509,0.35825,1.219,0.39769,-0.81278,0.050852,-10.053,-0.53532,-1.0571,-0.21105,-0.2186,0.39586,0.90191,0.40206,0.027986
9.3435,0.31119,-1.2008,0.009704,0.019251,-0.047357,-0.92937,0.059363,-0.41257,-0.32884,8.7104,4.4748,-0.44776,0.50383,-0.97475,0.76147,-0.12056,0.22446,-0.32055,-4.0299,8.6465,0.43194,0.69378,0.60387,0.56889,0.29031,-0.59859,-7.7431,6.26,-1.786,-0.68847,0.48112,1.3221,0.35439,-0.84031,0.028511,-8.678,-2.4223,-1.6216,-0.35192,-0.10199,0.18026,0.9108,0.4019,0.025615
9.3518,0.21689,-1.7236,0.031221,-0.005625,-0.007122,-0.92861,0.067756,-0.41313,-0.45387,8.7397,4.4426,-0.43001,0.49504,-0.96429,0.76784,-0.089235,0.24686,-0.49875,-4.0492,9.0525,0.46083,0.65628,0.5861,0.59751,0.26555,-0.59186,-6.8808,6.1387,-0.65814,-0.41728,0.25157,1.3673,0.30952,-0.86662,0.011875,-10.189,-1.6846,-1.2119,-0.26553,-0.11566,0.045846,0.91246,0.41351,0.028644
11.065,0.10649,-1.6367,-0.22083,0.037421,0.10378,-0.93114,0.07751,-0.41517,-1.1512,9.1454,4.7804,-0.45211,0.47841,-0.82553,0.77526,-0.056997,0.26488,-0.77969,-3.674,9.1346,0.41626,0.61501,0.58327,0.62606,0.2405,-0.58135,-7.0038,4.5574,0.75168,-0.24411,0.052287,0.98889,0.26821,-0.88991,0.002628,-13.111,-1.9696,-1.2471,-0.10542,-0.10919,0.073958,0.91145,0.42066,0.023425
15.549,0.85758,-2.0902,-0.034022,0.025776,-0.0122,-0.93428,0.080348,-0.41398,-2.4071,10.014,4.6746,-0.57289,0.33307,-0.15674,0.7765,-0.041597,0.27116,-1.4693,-4.1312,10.032,0.17959,0.42697,0.34832,0.64795,0.21935,-0.57293,-8.1889,1.5329,-1.7148,0.265,0.047186,0.21169,0.24157,-0.89528,-0.002555,-15.223,-1.0601,-2.1619,-0.084207,-0.098237,0.047748,0.91274,0.41852,0.029624
18.784,1.1885,1.3236,-0.3838,-0.093561,0.21451,-0.94062,0.090498,-0.41002,-2.2276,9.6862,5.2818,-0.15124,0.11883,0.9875,0.77788,-0.045807,0.25519,-3.3794,-4.2404,9.9436,-0.33841,-0.03392,-0.31085,0.65606,0.22511,-0.56978,-10.359,7.8709,-2.088,0.92423,0.10589,-0.73948,0.25099,-0.89187,0.02298,-12.931,-0.44766,-3.0553,0.40702,-0.10796,0.38911,0.91347,0.41513,0.024523
13.364,1.2412,-1.0076,-0.41933,-0.11787,0.12728,-0.94566,0.086793,-0.40457,-1.8075,9.1815,5.3404,0.13622,-0.12887,1.7041,0.7713,-0.078247,0.22162,-1.6258,-3.7343,9.8758,-1.128,-0.51068,-0.66723,0.63801,0.25667,-0.56947,-9.8313,7.9533,0.256,1.2454,0.052259,-1.1606,0.27583,-0.87314,0.070099,-11.053,-2.0336,-2.7963,0.08369,-0.088236,-0.052132,0.91258,0.40853,0.023953
9.5737,-0.30973,-2.0088,-0.48019,0.056753,0.24999,-0.94761,0.088398,-0.40599,-0.73971,8.7867,5.2333,0.002158,-0.56199,2.1529,0.75772,-0.12822,0.17316,-0.27482,-3.9997,9.2359,-1.1083,-0.75466,-0.55959,0.60896,0.30216,-0.57226,-7.4627,5.1558,0.68928,0.27424,-0.35097,-1.3936,0.31055,-0.85132,0.10007,-11.629,-2.5755,-0.85012,-0.54144,-0.16845,-0.53382,0.89887,0.42126,0.031787
8.5926,-1.3172,-1.9109,-0.46758,0.52289,0.42025,-0.94336,0.094559,-0.4163,0.35133,7.8268,5.6682,0.10356,-0.60578,1.9981,0.73287,-0.19042,0.11846,-0.56132,-4.4323,8.9213,-0.99415,-0.82176,-0.41929,0.57312,0.34897,-0.57671,-7.1443,6.3717,-1.0238,-0.31875,-0.42546,-1.7584,0.36999,-0.81803,0.1041,-10.03,-1.0003,-0.56486,-0.37645,-0.2243,-0.46664,0.88332,0.43481,0.034626
8.5106,-0.98555,-1.3051,-0.4259,-0.047256,0.3553,-0.94292,0.10633,-0.42266,1.6313,7.4643,5.3974,0.03343,-0.62716,1.7275,0.70234,-0.24509,0.080212,-0.60441,-4.3061,7.7937,-0.9044,-0.80882,-0.30698,0.54626,0.37881,-0.57869,-7.3611,6.2226,-1.4332,-0.089005,-0.82603,-1.5168,0.41233,-0.79419,0.088162,-8.0899,-0.96602,-0.14349,-0.13259,-0.13956,-0.4585,0.86913,0.44279,0.040672
8.4546,-0.58217,-2.034,-0.20976,0.073806,0.14164,-0.94318,0.11406,-0.42219,2.4748,7.7149,4.7038,0.048918,-0.50059,1.4099,0.6727,-0.28426,0.058758,0.37206,-5.4185,7.9599,-0.78443,-0.78515,-0.15295,0.52482,0.40061,-0.57576,-6.0842,4.023,-3.3409,0.73495,-0.6058,-1.1919,0.44109,-0.77393,0.086707,-9.3649,-1.6004,-0.73453,-0.24772,-0.10672,-0.34072,0.85304,0.45446,0.04672
9.005,-0.70602,-1.8068,0.01887,0.42574,0.015561,-0.94049,0.11023,-0.4345,3.2507,7.8483,4.1745,-0.16553,-0.333,1.3095,0.63928,-0.32423,0.036981,0.62799,-5.7609,8.5468,-0.37552,-0.80199,-0.085363,0.5044,0.4131,-0.58007,-6.6402,4.6507,-3.3078,0.79389,-0.38383,-1.2749,0.4704,-0.74529,0.10852,-9.9193,-1.575,-0.86336,0.21714,-0.21557,-0.10266,0.84442,0.45304,0.048864
9.5692,-0.93458,-1.3564,-0.40955,0.33086,0.12398,-0.93597,0.11052,-0.4473,3.2321,7.3082,4.0601,-0.13701,-0.084471,1.339,0.60898,-0.3561,0.009373,-0.12195,-5.8314,8.0476,-0.40365,-0.80601,-0.14037,0.48247,0.42551,-0.58433,-7.4503,5.1812,-3.5872,0.31098,-0.28073,-1.3006,0.50593,-0.71217,0.12181,-9.5446,-1.9158,-0.021215,0.89939,-0.25249,-0.052264,0.83722,0.4499,0.035524
10.236,-1.343,-0.59299,-0.21571,0.34031,0.10058,-0.93911,0.11735,-0.45095,3.0353,8.3943,4.5742,-0.13937,0.15601,1.2569,0.58395,-0.38268,-0.01128,0.89373,-5.4475,7.7678,-0.50508,-0.78435,-0.2408,0.45513,0.44034,-0.58843,-10.153,3.7648,-2.8296,0.14443,0.048206,-1.3735,0.54458,-0.67372,0.13944,-9.3503,-2.4262,0.414,1.6106,0.17347,-0.29544,0.82594,0.44854,0.010584
9.2936,-1.812,0.008592,-0.063829,0.30715,0.12092,-0.9371,0.11856,-0.46319,2.8457,8.8259,4.5799,-0.86858,0.21869,1.2472,0.55763,-0.40185,-0.037342,1.0875,-6.094,7.5766,-0.66373,-0.77957,-0.28336,0.43241,0.45622,-0.58577,-9.3153,3.0399,-0.86125,-0.26215,0.055308,-1.5818,0.57785,-0.63926,0.14197,-9.665,-2.0861,-0.29266,0.59341,0.090735,-0.57015,0.81701,0.45337,0.005951
7.8342,-1.6807,-0.24782,0.46479,0.002762,0.049837,-0.93206,0.11781,-0.47128,4.0988,5.9206,5.6679,-0.63865,0.26144,1.128,0.5354,-0.4066,-0.07203,1.8562,-6.4172,6.9631,-0.48816,-0.66419,-0.2315,0.40472,0.47306,-0.58163,-8.0988,2.3943,0.44691,-0.77754,-0.039662,-1.6108,0.61355,-0.6048,0.1299,-8.4071,-2.1426,-0.78704,-0.80782,-0.049837,-0.95171,0.80154,0.47389,0.01119
6.4682,-1.2642,-1.6357,0.551,-0.018516,0.027967,-0.93427,0.10685,-0.47048,5.0643,5.2957,5.5203,0.18626,0.53809,0.72353,0.52081,-0.41352,-0.083499,2.5337,-6.223,6.4713,-0.45365,-0.45408,-0.059475,0.38903,0.48581,-0.57738,-7.7348,1.0337,-0.26458,-0.62427,-0.10864,-1.4431,0.64557,-0.57095,0.11516,-7.2389,-2.4173,-0.70081,-1.1955,-0.096338,-1.1234,0.77975,0.49944,0.038209
6.2066,-1.1162,-1.0697,0.36563,0.21021,0.002114,-0.93212,0.09967,-0.47303,5.0827,5.4325,5.3145,0.24326,0.7057,0.28559,0.51978,-0.41444,-0.083409,2.5581,-6.1814,6.2826,-0.20793,-0.12585,0.24178,0.38401,0.49012,-0.57423,-8.708,1.2417,-0.71203,0.10656,-0.18125,-1.3676,0.6721,-0.53238,0.11317,-6.1202,-5.3661,-0.61515,-0.79781,0.082331,-1.3841,0.75353,0.52825,0.065424
6.4073,-1.0304,-0.6946,0.42938,0.24136,-0.062642,-0.92964,0.088972,-0.47928,4.2054,5.6321,5.1763,0.22946,0.80289,-0.20652,0.53017,-0.40648,-0.086884,1.8565,-6.4043,6.5766,-0.094587,0.23052,0.47027,0.39606,0.48907,-0.5655,-8.0586,2.5959,-1.0981,0.22519,-0.28719,-1.1193,0.69759,-0.49308,0.11979,-6.2538,-4.7687,-0.37673,-0.1901,0.35225,-1.6189,0.72066,0.56623,0.092521
6.7367,-0.94229,-1.1541,0.36249,0.21052,-0.1246,-0.9254,0.078182,-0.48264,3.4169,5.9541,5.2993,0.13187,0.86411,-0.57717,0.5608,-0.39334,-0.075816,2.0342,-6.3593,6.7154,0.055848,0.50922,0.72013,0.42248,0.47826,-0.55727,-8.3139,2.7905,-1.2535,0.11156,0.00718,-0.93718,0.71085,-0.46471,0.12377,-7.8389,-2.6071,-1.1448,0.38567,0.54316,-1.7026,0.68839,0.59977,0.1144
7.8975,-1.0575,-0.60887,-0.15759,0.27344,-0.006886,-0.91996,0.07821,-0.49073,3.5998,8.3523,6.1912,-0.42052,0.84284,-0.8729,0.6055,-0.3689,-0.061971,1.1495,-6.4819,7.1051,0.26842,0.67624,0.90768,0.45597,0.46215,-0.55155,-8.4676,3.8378,-0.74754,-0.016522,-0.031038,-0.5472,0.71831,-0.43995,0.13312,-8.5569,-1.7057,-1.6326,0.26759,0.7121,-1.5371,0.6564,0.62957,0.12678
9.5421,-1.4421,-0.34524,-0.4334,0.2791,0.11052,-0.91469,0.087217,-0.49674,2.9883,6.4822,6.8545,-0.27987,0.7996,-1.0027,0.64154,-0.33465,-0.057497,0.53017,-6.3919,7.4218,0.32225,0.80354,0.88133,0.49582,0.43681,-0.54221,-10.634,1.0543,-0.77304,-0.87679,0.083851,-0.35107,0.71583,-0.43333,0.12905,-10.559,-3.123,-1.6703,0.29355,0.74763,-1.4537,0.62176,0.65704,0.14617
10.355,-1.0217,0.35005,-0.31449,0.095324,0.001255,-0.91073,0.098027,-0.50215,2.5398,6.8697,6.9653,-0.17379,0.66887,-1.0701,0.6723,-0.30131,-0.044975,0.36987,-6.7312,7.5035,0.29448,0.84093,0.71703,0.53523,0.41521,-0.52922,-8.5267,0.21344,-2.1704,-0.55757,0.11149,-0.19939,0.71285,-0.42839,0.12548,-11.542,-4.3385,-0.958,-0.13822,0.65378,-1.3307,0.58619,0.67949,0.16456
10.252,-0.98874,-0.29214,-0.2059,-0.19646,-0.10135,-0.91235,0.10584,-0.49464,2.021,7.1651,6.5673,-0.20911,0.54738,-1.1203,0.69997,-0.25742,-0.030219,-0.011121,-6.2584,7.5531,0.35655,0.87065,0.64467,0.57569,0.39046,-0.51533,-10.754,0.087504,-2.8677,-0.067725,0.088271,0.014033,0.69987,-0.42848,0.13223,-9.1011,-5.0753,-0.73944,-0.24213,0.64904,-1.2465,0.55112,0.69956,0.18407
9.746,-1.2776,-1.1484,-0.28854,-0.20964,-0.026726,-0.9187,0.10852,-0.48608,1.7923,7.1468,6.3158,-0.19837,0.56522,-1.001,0.71966,-0.22665,-0.014913,-0.8887,-6.2791,8.0218,0.41947,0.72005,0.62828,0.61076,0.36852,-0.50331,-10.171,-1.9953,-1.0455,0.44627,-0.000754,-0.16515,0.68971,-0.42395,0.14186,-8.0996,-6.2218,-1.0693,0.25909,0.71662,-1.1753,0.52075,0.71622,0.20699
9.8161,-1.9031,-0.48791,-0.090223,0.021088,0.027291,-0.91984,0.11759,-0.48217,1.522,7.2762,6.1568,-0.22346,0.60976,-0.96059,0.73598,-0.19882,-0.003864,-1.3482,-5.5,8.1015,0.33877,0.59185,0.64907,0.63472,0.35104,-0.49363,-9.7151,-0.36806,-0.54294,0.52764,-0.089112,-0.26248,0.68346,-0.41,0.15625,-8.2352,-6.7596,-0.90865,0.71846,0.69991,-1.1132,0.48704,0.73795,0.20351
10.008,-2.0478,0.13184,-0.020116,-0.043297,0.061452,-0.92135,0.12272,-0.4804,0.83888,6.8628,6.4156,-0.29529,0.72286,-0.94623,0.75363,-0.16685,0.003801,-1.0694,-5.9377,7.7319,0.17886,0.5388,0.79719,0.66268,0.32704,-0.48242,-10.391,-2.0557,0.6458,-0.020251,-0.47645,-0.60785,0.68138,-0.39601,0.16138,-7.9506,-6.8358,-0.84428,0.66233,0.56754,-1.1303,0.45879,0.75908,0.19822
10.037,-1.8202,0.5812,0.24067,-0.094305,-0.010899,-0.92294,0.12659,-0.475,0.081699,7.0059,6.9147,-0.33141,0.67382,-0.86982,0.775,-0.12838,0.01155,-1.654,-6.0125,7.7439,0.31505,0.49209,0.73172,0.68856,0.30389,-0.46995,-8.658,-0.023138,-1.3174,-0.24158,-0.35297,-0.63675,0.6818,-0.37484,0.15924,-7.516,-6.8536,-0.61286,0.33537,0.53318,-1.1227,0.42626,0.78087,0.18906
10.279,-1.5966,-0.24366,0.40029,-0.096113,-0.053547,-0.9253,0.1235,-0.46932,-0.33599,6.9421,7.0844,-0.32951,0.55784,-0.77805,0.79701,-0.086478,0.022132,-1.9902,-6.0179,7.646,0.35021,0.50971,0.58775,0.71344,0.2808,-0.45969,-13.109,2.064,-2.4745,-0.40109,-0.2854,-0.49988,0.68222,-0.35278,0.16105,-7.798,-5.5843,-0.061362,-0.009375,0.40653,-1.0322,0.39213,0.79906,0.1811
13.184,-2.2981,-1.0842,0.36946,-0.075237,-0.01424,-0.92509,0.11914,-0.46553,-0.82782,7.6837,7.634,-0.29798,0.31597,-0.52081,0.8112,-0.058114,0.032273,-2.6129,-6.8141,7.9121,0.51759,0.3923,0.27745,0.73154,0.25876,-0.45131,-15.721,4.3059,-3.0096,-0.38935,-0.15712,-0.066095,0.67962,-0.35074,0.15225,-9.1281,-2.8688,-1.496,0.3141,0.087703,-0.31283,0.37262,0.80896,0.18934
18.357,-2.9684,0.55474,-0.49558,-0.35066,0.27726,-0.92711,0.12761,-0.45804,-1.7898,7.9854,8.4363,0.12721,-0.17016,0.28128,0.81852,-0.051883,0.02944,-3.7884,-6.7203,8.917,0.58147,-0.10187,-0.57345,0.73335,0.25393,-0.45549,-13.07,0.28826,-2.8545,-0.37663,-0.072094,0.14008,0.68108,-0.35312,0.13971,-9.327,-4.942,-2.2371,-0.12853,0.003732,0.91796,0.37722,0.80535,0.18423
14.848,-2.1514,1.4959,0.75172,-0.74251,-0.062534,-0.93671,0.12538,-0.4382,-0.94017,6.9935,8.4613,0.60499,-0.68902,0.83123,0.80567,-0.081868,0.017322,-2.2927,-5.0255,8.8124,-0.11673,-0.43354,-1.2615,0.70882,0.2755,-0.47125,-13.126,-2.4951,-0.90928,0.2429,-0.085186,0.068083,0.68349,-0.35574,0.12669,-10.978,-11.872,-0.81936,-0.49283,-0.1372,1.1722,0.40537,0.78494,0.19748
10.434,-1.1915,-1.8439,0.92812,-0.801,-0.18573,-0.9478,0.10757,-0.41403,0.18851,7.2407,7.4778,0.72189,-1.1109,0.75886,0.77952,-0.12278,0.007273,-1.936,-5.347,8.3833,-0.36297,-0.59606,-1.413,0.67331,0.31952,-0.48443,-11.306,1.0505,-0.51643,0.65274,-0.14445,0.34104,0.69313,-0.35865,0.11847,-8.0973,-5.7419,0.53829,-0.22933,-0.70152,1.0939,0.43297,0.77519,0.19775
9.2545,-0.89334,-3.6415,0.62182,-0.20869,-0.23723,-0.95003,0.085916,-0.39898,0.86721,6.0848,6.857,0.67198,-1.2983,0.72532,0.74665,-0.16963,-0.005507,-1.4034,-5.1204,9.1014,-0.19003,-1.047,-1.3456,0.62075,0.36327,-0.51033,-9.6465,0.98795,-0.11537,0.44597,-0.16435,0.31789,0.69984,-0.36731,0.1104,-5.7926,-5.6006,-2.3435,0.30664,-0.71721,1.7001,0.48258,0.75454,0.16954
8.8533,-1.2017,-1.662,0.01325,0.22861,-0.19064,-0.94822,0.074263,-0.40297,1.2942,7.0542,5.9478,1.0049,-1.2466,0.58342,0.71774,-0.21068,-0.006601,-0.75566,-4.5884,8.5494,-0.34368,-1.3542,-1.1033,0.57026,0.3942,-0.533,-8.9407,0.41215,0.14704,0.34022,-0.074767,0.32721,0.70552,-0.37832,0.096763,-7.3236,-7.8527,-1.4192,1.0093,-0.59563,1.6702,0.53545,0.73159,0.13616
7.8834,-0.82079,-0.48807,0.51756,-0.069849,-0.34191,-0.94766,0.056391,-0.4055,1.6037,7.3319,5.183,0.74135,-1.096,0.35617,0.69602,-0.23853,0.000131,0.49426,-5.4183,7.5363,-0.55649,-1.2343,-0.81772,0.52011,0.42375,-0.54866,-8.3353,1.7795,0.15772,0.84962,-0.017451,0.56085,0.71157,-0.38344,0.10087,-5.0345,-3.7905,-4.0217,0.56761,-0.54728,1.1584,0.56468,0.71901,0.096636
7.4704,-0.47207,-1.6528,0.37916,-0.28962,-0.39961,-0.94986,0.034528,-0.3974,2.4416,7.6117,4.961,0.47554,-0.91833,0.18787,0.68081,-0.25854,0.006167,1.3494,-6.3025,6.7285,-0.28251,-1.0482,-0.73383,0.47513,0.4471,-0.55959,-8.5285,2.8752,-0.17749,0.99581,0.14804,0.71224,0.70747,-0.39991,0.10913,-6.2534,-2.3643,-4.3597,-0.76875,-0.090134,1.0386,0.59313,0.69979,0.094184
8.207,0.41454,-2.5442,0.1037,0.066034,-0.35403,-0.94956,0.016077,-0.39244,2.5926,7.8253,4.9118,0.48851,-0.66952,0.13667,0.67135,-0.27218,0.009019,1.7812,-6.5716,6.6468,-0.056864,-0.65495,-0.75386,0.43783,0.46301,-0.5708,-8.6618,3.7627,-0.90142,0.53756,0.46216,0.92279,0.69949,-0.41912,0.12299,-8.7565,-4.5433,-1.6735,-0.74464,0.1178,1.4482,0.62442,0.66907,0.11385
8.9835,0.060318,-0.72766,-0.025181,0.11337,-0.27856,-0.94688,0.014245,-0.40236,2.3577,7.9218,5.0056,0.33199,-0.51206,0.13967,0.66353,-0.28657,0.010936,1.7877,-6.0663,6.5257,0.12913,-0.21468,-0.84808,0.40538,0.47251,-0.58107,-9.4391,3.6268,-1.4271,-0.26016,0.81939,1.3461,0.68492,-0.45526,0.13803,-9.5284,-5.5007,-0.29956,0.13029,0.091215,1.2527,0.6582,0.63675,0.10543
8.6949,0.33081,-1.1011,0.051111,-0.23367,-0.3071,-0.94728,0.001548,-0.40014,2.4695,8.0847,4.9147,0.26857,-0.36255,0.041436,0.65523,-0.29652,0.016645,2.2402,-6.0216,7.319,0.24318,-0.027427,-0.94813,0.38624,0.47691,-0.58521,-10.454,0.7999,-0.75413,-0.73357,0.59163,1.3731,0.65922,-0.50184,0.13365,-9.6965,-3.2603,0.12201,0.66877,-0.038374,1.303,0.68838,0.60865,0.094152
8.5933,0.57135,-1.7718,0.13009,-0.077447,-0.3688,-0.94777,-0.015419,-0.39242,2.6262,7.8768,4.7907,0.14072,-0.19512,-0.036651,0.6477,-0.30187,0.020621,1.4928,-5.4953,8.301,0.2308,-0.070709,-0.79562,0.36834,0.48324,-0.59237,-9.4041,0.054218,-0.79226,-0.38529,0.48323,1.3007,0.64021,-0.53716,0.12837,-7.5977,-2.4034,0.077602,0.69735,-0.2858,1.2786,0.71455,0.5847,0.068973
8.1391,-0.87055,-1.531,-0.21993,-0.075261,-0.23896,-0.94826,-0.022591,-0.38931,3.0407,7.6251,4.1967,0.19365,-0.028465,-0.19446,0.64324,-0.30643,0.033596,1.6036,-4.9697,8.6945,0.34834,-0.40225,-0.60268,0.34631,0.48195,-0.60129,-8.5707,3.5079,-0.8693,0.035849,0.65838,1.2858,0.6143,-0.57276,0.13301,-8.6528,-1.0794,-1.1395,0.014163,-0.19279,1.1121,0.7411,0.55558,0.048025
8.1557,-0.69882,-1.9028,0.35699,0.028729,-0.33712,-0.9462,-0.033599,-0.38848,3.0366,7.5975,4.3837,0.11199,0.12571,-0.35835,0.64861,-0.30002,0.042618,3.0953,-4.8032,7.8438,0.31907,-0.51535,-0.13175,0.32327,0.47592,-0.61265,-7.9386,4.2287,-0.45222,-0.40576,0.42447,1.1996,0.5901,-0.60628,0.13642,-9.096,-1.5537,-1.6413,-1.0347,-0.44379,1.2037,0.76618,0.52753,0.03991
7.8171,0.068234,-2.2286,0.32038,-0.013537,-0.28777,-0.94302,-0.048315,-0.38437,2.7976,7.5505,4.5692,0.17839,0.24549,-0.58772,0.66453,-0.28536,0.051158,3.155,-5.1615,7.181,0.43942,-0.33694,0.25293,0.31021,0.46241,-0.62656,-7.5254,3.1859,-1.7933,-0.87859,0.5515,1.1146,0.56703,-0.64111,0.1165,-7.3904,-3.3423,-0.85528,-1.1298,-0.61073,1.1904,0.79093,0.49881,0.016237
7.7428,0.47363,-1.5625,0.15816,0.25374,-0.16689,-0.93973,-0.057024,-0.38806,2.2002,7.964,4.8055,0.16308,0.32805,-0.83261,0.68074,-0.26716,0.06316,3.0161,-5.0074,6.9317,0.36247,0.12918,0.36153,0.31395,0.4473,-0.63502,-8.5908,4.2005,-1.5157,-0.84653,0.6023,1.3049,0.53877,-0.67605,0.094356,-8.0197,-3.3544,-0.851,-0.70462,-0.39946,1.0933,0.81609,0.47086,0.012778
8.1663,0.24763,-1.4713,0.19825,0.28186,-0.19793,-0.93363,-0.063318,-0.39634,1.5943,7.9531,5.0691,0.001579,0.40042,-1.0488,0.6996,-0.24238,0.077398,3.0431,-5.2873,7.2255,0.24116,0.51959,0.37629,0.3288,0.43639,-0.63848,-8.162,2.2814,-1.3249,-0.36878,0.48098,1.5031,0.51149,-0.70557,0.084732,-8.4819,-2.5938,0.15927,-0.75096,-0.38069,0.96442,0.83438,0.44884,0.016701
8.6067,0.17166,-1.8862,0.086082,0.29236,-0.20905,-0.92651,-0.067859,-0.40299,1.4359,7.9529,4.6307,-0.00324,0.5353,-1.1931,0.71961,-0.21166,0.10186,2.6231,-5.0141,7.6789,0.21501,0.80223,0.40677,0.35574,0.42561,-0.63502,-8.0962,3.8876,-1.5505,0.49594,0.33024,1.5263,0.47308,-0.73967,0.088262,-8.5354,-3.0106,-0.20136,-0.20988,-0.25678,0.83189,0.85579,0.42813,0.010593
9.1442,0.56597,-1.5289,0.21352,0.42417,-0.22486,-0.91806,-0.071762,-0.41481,0.61506,8.682,4.2839,0.083657,0.62221,-1.3392,0.74044,-0.17165,0.13349,1.794,-4.814,8.0443,0.22473,0.9457,0.52432,0.39169,0.41365,-0.6255,-9.0828,4.1968,-1.0904,0.43084,0.18477,1.6357,0.43203,-0.7684,0.10348,-10.117,-3.4872,-0.64773,0.30944,-0.15998,0.62667,0.87228,0.41046,-0.003843
9.5934,1.257,-1.0883,-0.071915,0.3714,-0.041625,-0.91032,-0.066743,-0.43206,-0.038,8.5819,4.9502,0.063425,0.92227,-1.3571,0.76548,-0.11654,0.16883,1.545,-4.7478,8.3523,0.13593,0.97785,0.66817,0.4371,0.40195,-0.61349,-8.8918,4.508,-1.7922,0.10907,-0.010403,1.5408,0.38797,-0.8013,0.10438,-8.8062,-3.0047,-1.5208,0.47998,0.04197,0.36287,0.8871,0.39796,-0.021886
10.189,1.1636,-1.1739,-0.10697,0.3666,0.11526,-0.90723,-0.062333,-0.44402,-0.91147,8.8039,5.184,-0.33976,0.52401,-1.0501,0.78014,-0.075321,0.19242,1.0731,-5.124,8.2441,0.23544,0.95137,0.69456,0.48052,0.3867,-0.60085,-8.8711,4.9197,-1.5972,-0.25942,-0.011903,1.1844,0.34224,-0.82896,0.08994,-9.9039,-1.1332,-1.1906,0.21244,0.096382,0.12191,0.89657,0.38971,-0.017705
10.654,0.69601,-0.017013,-0.38499,0.30408,0.23106,-0.90332,-0.047115,-0.45521,-1.3452,8.398,5.3885,-0.40274,0.36226,-0.94301,0.78911,-0.039888,0.20826,-0.61132,-6.3253,8.5647,0.24806,0.82064,0.5365,0.51339,0.36967,-0.59237,-8.1331,5.2076,-1.5902,-0.35817,-0.15659,1.0078,0.31325,-0.85054,0.081925,-9.341,-0.38056,-1.4032,-0.2486,0.080418,0.045772,0.90263,0.38721,-0.011878
