7.423,-0.4685,6.3855,-0.078814,-0.64633,-0.11248,-0.40794,0.00745,-0.87671,-7.4355,7.1647,0.079233,-0.87587,-0.35068,0.32188,0.78545,-0.54095,-0.12769,-6.1524,-0.025941,7.8136,0.84167,-0.25232,0.11707,0.57856,-0.17621,-0.76295,0.62652,8.8522,2.6386,0.055834,-0.12009,0.53138,-0.53762,-0.6946,-0.39869,-1.9214,-10.772,0.94209,-0.23747,0.22813,-0.70126,-0.3568,0.90575,0.023882
7.4767,-0.33394,5.969,0.032864,-0.50432,-0.22421,-0.43009,0.00151,-0.86587,-6.6574,7.4089,0.1969,-0.46209,-0.27202,0.36264,0.77512,-0.54916,-0.14895,-5.5371,-0.93053,8.176,0.18428,-0.38847,-0.17356,0.56698,-0.18909,-0.76919,0.94781,8.9647,2.9375,-0.1013,-0.097123,0.55891,-0.55207,-0.6824,-0.39704,-1.441,-10.124,0.83989,0.27982,-0.001119,-0.69345,-0.38057,0.89336,0.02058
7.2918,-0.53621,5.0487,0.26715,-0.41959,-0.24622,-0.45713,-0.009615,-0.85027,-5.736,7.0382,-0.37263,-0.83556,0.085148,0.59535,0.7638,-0.55652,-0.15471,-4.3719,-2.4094,7.7427,0.13653,-0.55488,-0.42105,0.55385,-0.17719,-0.77883,1.4693,7.9826,3.3467,-0.22125,-0.13598,0.51784,-0.56531,-0.67083,-0.39953,-0.40544,-8.6621,0.14416,0.35946,-0.038884,-0.70167,-0.40545,0.8852,0.026276
8.693,-0.47348,5.0746,0.17324,-0.32763,-0.21285,-0.47184,-0.022284,-0.84386,-5.7264,7.6228,-1.9008,-0.60649,0.36684,0.66791,0.74969,-0.57024,-0.16346,-3.8434,-2.8708,8.92,0.62033,-0.52348,-0.61465,0.53707,-0.17824,-0.79116,1.3363,9.9617,5.2176,-0.14393,-0.11654,0.51142,-0.57922,-0.65661,-0.40388,0.096207,-9.2576,1.0101,0.001283,0.064935,-0.63336,-0.42641,0.87443,0.020128
8.6355,-0.19749,4.7105,0.13017,-0.26392,-0.22323,-0.48263,-0.031714,-0.83573,-3.8325,7.8307,-1.8251,-0.1148,0.55783,0.7017,0.73785,-0.58681,-0.15196,-2.566,-2.7345,7.9493,0.016524,-0.37134,-0.92199,0.52427,-0.16765,-0.79912,1.1479,8.0708,3.4602,0.16548,0.119,0.57792,-0.59463,-0.6425,-0.40491,-0.16701,-9.9441,1.1308,0.091677,0.11549,-0.6349,-0.44713,0.86258,0.018762
8.1004,-0.087933,4.3192,0.24433,-0.28864,-0.25405,-0.48283,-0.047186,-0.83007,-3.0858,7.7126,-2.482,-0.57738,0.76603,0.96547,0.72233,-0.60847,-0.14752,-1.2991,-4.359,8.4955,0.59727,-0.4755,-1.0344,0.50967,-0.15529,-0.81047,1.7339,8.7862,3.3212,0.13552,-0.013298,0.54711,-0.61134,-0.62922,-0.40388,0.29776,-9.504,0.70659,0.18318,0.11995,-0.51594,-0.46745,0.85259,-0.002037
7.9603,-0.077026,3.7214,0.18744,-0.089413,-0.25138,-0.4904,-0.060563,-0.82364,-2.878,8.1459,-2.8481,-0.48558,0.7745,0.91949,0.70026,-0.63077,-0.13584,-1.1762,-3.3537,8.1033,0.27161,-0.51282,-1.2467,0.49442,-0.14575,-0.81978,1.4294,8.8266,4.1403,0.09519,-0.000712,0.59226,-0.62495,-0.61679,-0.4018,-0.36159,-9.6731,0.81452,0.23505,0.10336,-0.55657,-0.48321,0.84282,-0.012923
9.2624,-0.12011,4.477,0.24355,-0.044053,-0.2185,-0.49793,-0.070702,-0.81896,-1.4528,7.7327,-1.6797,-0.12565,0.97063,1.1588,0.67945,-0.65415,-0.11274,-0.048724,-3.9842,7.2733,0.21389,-0.56376,-1.2854,0.48202,-0.12836,-0.82716,0.71046,9.3174,4.463,-0.066332,-0.051205,0.56468,-0.63571,-0.60436,-0.39735,-0.085352,-10.46,1.2728,0.26411,0.12818,-0.57013,-0.5014,0.83227,-0.010271
9.0492,0.24656,3.9779,0.14641,-0.21268,-0.12765,-0.50403,-0.080718,-0.81462,-1.5285,9.5102,-2.2747,-1.0646,1.3651,1.2382,0.65269,-0.68234,-0.098238,0.13184,-4.6329,8.2726,0.44314,-0.5965,-1.2455,0.46435,-0.11474,-0.83733,1.6892,7.9254,4.6717,-0.09648,-0.16433,0.56535,-0.65365,-0.58828,-0.39849,-0.46518,-9.4596,1.8293,0.26155,0.035472,-0.5489,-0.51948,0.82195,-0.020429
8.9668,0.2098,4.074,0.08645,-0.10896,-0.18017,-0.50894,-0.088509,-0.80787,-0.61611,8.2737,-3.2517,0.18574,1.3459,1.0125,0.62187,-0.70905,-0.077554,-0.049254,-4.3412,8.5875,0.14289,-0.53005,-1.1477,0.44373,-0.1006,-0.84892,1.5852,7.8794,4.8198,0.19518,-0.10041,0.52522,-0.66439,-0.57561,-0.39352,0.022134,-9.0876,1.6145,0.23065,0.086102,-0.51526,-0.53483,0.81009,-0.029679
9.2035,-0.10381,4.223,0.093051,-0.39546,-0.15702,-0.50543,-0.096495,-0.80661,0.78135,10.013,-2.0347,-0.42053,1.44,1.143,0.59382,-0.73701,-0.039194,0.98283,-3.9027,8.884,0.27159,-0.59167,-1.1633,0.42264,-0.082571,-0.86214,1.601,7.5288,4.3703,0.12256,-0.16469,0.39408,-0.68065,-0.56249,-0.38854,0.26934,-9.149,1.7529,0.098892,0.10169,-0.51403,-0.55229,0.79719,-0.044523
8.9096,0.34648,3.3509,0.13293,-0.58327,-0.15074,-0.52427,-0.10509,-0.79324,0.85267,7.5645,-3.0272,-0.60399,1.4791,1.348,0.55592,-0.76582,-0.02838,1.0358,-3.2389,8.2816,0.33881,-0.63606,-1.2162,0.40123,-0.071872,-0.87455,1.8888,8.0118,3.9404,0.080057,-0.25638,0.29645,-0.68894,-0.55754,-0.38055,0.47969,-8.7238,1.6381,0.25722,0.006779,-0.3605,-0.56437,0.78834,-0.050291
9.3296,0.83273,3.1707,0.13813,-0.46701,-0.1749,-0.54332,-0.11319,-0.77895,2.912,10.877,-2.3044,0.12096,1.1739,1.2444,0.51633,-0.78838,0.002302,1.8686,-2.9714,8.3678,-0.21299,-0.69142,-1.1955,0.37815,-0.055876,-0.88256,1.5615,8.9798,3.4976,0.013599,-0.19189,0.28649,-0.69886,-0.54969,-0.37067,0.3292,-9.1716,1.724,0.17889,0.001742,-0.24358,-0.57289,0.78144,-0.050303
9.2899,0.27767,3.122,0.24666,-0.52288,-0.20463,-0.55648,-0.12535,-0.76824,2.0349,11.299,-2.2544,-1.5905,0.7892,0.88284,0.48562,-0.80988,-0.007731,2.0405,-3.9296,8.744,0.033708,-0.69322,-1.129,0.35529,-0.032011,-0.89366,2.1311,8.4883,3.2094,-0.004199,-0.16054,0.17716,-0.7096,-0.54463,-0.36843,-0.10542,-9.3042,1.7761,0.16256,-0.020168,-0.17836,-0.57858,0.77748,-0.052788
9.6871,0.16786,1.9904,0.27047,-0.41073,-0.096577,-0.5721,-0.13642,-0.75393,3.6482,10.048,-1.7618,-1.0479,0.5502,0.48775,0.45888,-0.82039,-0.042456,3.2973,-3.8638,9.1188,0.55242,-0.60905,-1.1164,0.32398,-0.027653,-0.90364,1.9288,7.591,4.1517,0.16125,-0.19942,0.084999,-0.71086,-0.54054,-0.36063,0.059258,-9.3872,1.8085,0.17602,-0.038484,-0.10984,-0.58306,0.77368,-0.058671
10.417,0.41102,2.7062,0.3581,-0.58534,-0.064583,-0.58377,-0.14727,-0.74013,3.5268,9.9975,-0.92926,-0.9074,0.44734,0.4896,0.44255,-0.82566,-0.059722,3.9884,-2.8821,8.1465,-0.30626,-0.6652,-1.1755,0.30296,-0.014189,-0.9106,2.1602,8.4898,2.8724,-0.028225,-0.020648,0.072228,-0.71395,-0.53702,-0.3575,0.16502,-8.9927,2.0653,0.20731,-0.05108,-0.027757,-0.58493,0.77112,-0.068455
9.8571,1.0881,1.2218,0.48976,-0.76296,-0.1057,-0.60605,-0.16489,-0.71701,3.6446,8.575,-0.56566,-0.99264,0.31504,0.52322,0.42336,-0.83566,-0.088126,5.0158,-4.2755,9.0787,0.27365,-0.79235,-0.91352,0.27121,0.001284,-0.92417,1.3683,9.0516,4.0938,-0.12703,-0.072928,0.008525,-0.71508,-0.53774,-0.35847,-1.5737,-9.2217,1.5274,0.10796,0.011286,-0.14118,-0.58567,0.77114,-0.071252
9.3628,0.36005,0.88506,0.41694,-0.37259,0.050207,-0.62169,-0.17462,-0.70059,3.9923,8.9372,-0.27513,-0.48618,0.22379,0.26081,0.41531,-0.83573,-0.10607,5.8348,-3.1852,9.3802,0.2354,-0.35288,-0.49547,0.25006,-0.003563,-0.92624,1.2815,8.6152,4.3252,-0.01961,-0.014892,0.063571,-0.7176,-0.53476,-0.3582,-0.31545,-9.7081,2.2047,0.097372,-0.066112,-0.048143,-0.58703,0.76848,-0.068605
10.253,1.0424,0.74704,0.30389,-0.25312,-0.078035,-0.63117,-0.18578,-0.69028,4.2214,9.1352,0.8693,-0.13494,0.22794,0.19579,0.41537,-0.83843,-0.11026,5.3699,-2.1122,9.4474,-0.31849,-0.21242,-0.30862,0.24824,0.005161,-0.93009,1.905,8.8774,3.1894,-0.012084,0.063973,0.064099,-0.72007,-0.53398,-0.35766,-0.29956,-9.1628,2.1915,0.087956,-0.088977,-0.024786,-0.59057,0.76844,-0.068189
10.784,0.88592,-0.10041,0.077587,-0.20428,-0.019269,-0.63871,-0.19068,-0.6806,4.4025,8.6423,0.52067,-0.13238,0.17847,0.2915,0.40159,-0.84101,-0.11328,6.1334,-3.8346,9.1857,0.35109,-0.37538,-0.13414,0.22676,0.007524,-0.93125,1.6509,8.9435,3.2893,-0.14092,0.023745,0.014422,-0.71782,-0.53317,-0.36294,0.25387,-9.3275,1.543,0.086328,-0.008033,-0.004594,-0.58972,0.76741,-0.069464
10.319,0.21576,-0.15306,0.001977,0.1915,-0.079512,-0.63735,-0.19397,-0.67748,4.0588,10.23,0.11027,0.010193,0.062279,0.25161,0.39295,-0.84452,-0.10931,6.0586,-2.6729,8.7879,0.067173,-0.10475,-0.062275,0.22093,-0.006653,-0.93278,1.2285,8.6684,4.1215,0.000416,0.072236,0.051829,-0.71854,-0.52769,-0.36495,-0.45077,-9.8634,1.948,0.071837,0.006363,-0.007735,-0.58966,0.76534,-0.072593
10.469,1.1141,0.89835,-0.13272,0.41087,-0.12979,-0.62923,-0.19375,-0.68882,4.2191,10.42,-0.067704,0.71728,0.19693,-0.022872,0.38785,-0.85091,-0.097505,4.5033,-2.8227,9.9698,-0.45648,0.15504,-0.13347,0.21911,0.005779,-0.9341,0.98682,9.1402,4.0561,0.006675,0.083815,0.087308,-0.71973,-0.5267,-0.36685,-0.59948,-9.3407,2.2009,0.039825,0.007214,-0.049208,-0.58822,0.76723,-0.077864
10.243,0.47254,0.6239,-0.10191,0.42518,-0.10251,-0.61815,-0.19404,-0.69687,3.4875,11.368,0.002608,0.3376,0.1153,0.099868,0.3893,-0.85062,-0.075426,4.2915,-3.9078,9.1738,0.027304,-0.003981,-0.11573,0.22455,0.014676,-0.93044,1.0443,8.1057,3.9833,0.008992,0.12068,-0.002656,-0.71944,-0.5233,-0.36868,-0.65949,-9.1596,1.7671,-0.064361,0.12869,-0.051744,-0.58993,0.76445,-0.076415
10.526,0.40336,0.68528,-0.098079,0.42997,-0.15265,-0.60439,-0.19302,-0.71159,3.8907,9.7264,-0.043724,0.13848,0.11621,-0.025798,0.39138,-0.85433,-0.070869,5.3619,-2.7471,8.7982,0.085461,0.13034,-0.097303,0.23202,0.011724,-0.93373,0.38178,9.0487,3.8489,0.12799,0.082124,-0.009767,-0.72023,-0.52598,-0.36871,-1.4995,-9.7231,1.6767,-0.064792,0.19798,-0.005656,-0.59205,0.76523,-0.078081
10.111,0.89643,0.47646,-0.067605,0.38702,-0.12054,-0.59231,-0.19374,-0.718,3.4637,11.132,0.008678,0.19478,0.10972,-0.15244,0.38907,-0.85079,-0.060508,4.0022,-3.1302,9.591,-0.22506,0.2184,-0.01931,0.2323,0.016573,-0.9306,0.43926,9.4245,3.7071,0.090928,0.089177,-0.024653,-0.71489,-0.53071,-0.36792,-1.4841,-9.7095,2.0505,-0.015558,0.12119,3.9e-05,-0.58909,0.76517,-0.082872
10.342,1.0697,1.1582,-0.05482,0.47856,-0.053368,-0.57389,-0.19483,-0.73212,3.7426,9.0968,-0.19088,0.062304,0.086214,-0.12682,0.39924,-0.84785,-0.052801,4.6177,-3.4542,8.5303,0.16343,0.061793,0.027787,0.24429,0.020972,-0.92636,0.93006,8.3916,3.6656,0.054261,0.12414,-0.080231,-0.71535,-0.53142,-0.36925,-0.83897,-9.1223,2.0182,-0.092612,0.17711,0.040989,-0.58925,0.76504,-0.08327
9.9893,0.84849,1.6017,-0.022355,0.46869,-0.038709,-0.56141,-0.19389,-0.74357,3.6195,9.1968,-0.29567,0.19702,0.082953,-0.17686,0.40083,-0.84946,-0.049853,4.773,-3.0787,8.5701,-0.052302,0.1862,0.092345,0.24169,0.016455,-0.92824,1.1015,8.3335,3.369,0.000331,0.15663,-0.16828,-0.71032,-0.53572,-0.37268,-1.0494,-9.4269,1.8121,-0.1105,0.23592,0.11208,-0.58559,0.76825,-0.08691
9.6903,0.74651,1.7704,-0.061891,0.52621,-0.045419,-0.54767,-0.19185,-0.75365,3.9252,9.1263,0.21619,0.21054,0.031083,-0.14073,0.41079,-0.84552,-0.045907,3.7955,-2.8456,8.583,-0.25247,0.21579,0.020385,0.2544,0.02109,-0.92459,0.59086,9.1165,3.9731,-0.11627,0.13676,-0.26352,-0.70488,-0.53991,-0.37596,-1.1995,-9.5831,1.8166,-0.056748,0.17602,0.19484,-0.58301,0.77011,-0.087523
10.235,1.0822,1.9557,-0.035066,0.51443,0.014022,-0.53474,-0.19055,-0.76906,4.0019,8.4125,-0.068482,0.33033,0.026888,-0.10004,0.41624,-0.84897,-0.036023,4.4318,-2.6822,7.8075,0.08899,0.073877,0.089583,0.26181,0.024434,-0.92669,0.85476,8.7193,4.1439,-0.19432,0.16664,-0.30752,-0.69907,-0.5452,-0.3842,-0.8545,-9.4284,1.9797,-0.025174,0.15218,0.25594,-0.57542,0.77703,-0.091106
9.9742,1.069,2.073,-0.053156,0.49712,-0.015133,-0.51777,-0.1887,-0.77796,3.2752,9.5518,-0.49543,0.20124,-0.026308,-0.13748,0.41638,-0.84343,-0.027753,4.5635,-3.17,8.6296,-0.24837,0.17024,0.16886,0.26222,0.023487,-0.92339,0.64268,7.7593,3.9456,-0.094249,0.24047,-0.3919,-0.68492,-0.55306,-0.39178,-1.1384,-8.9561,1.894,-0.10653,0.17062,0.33597,-0.56649,0.782,-0.094743
9.6664,0.71476,2.3519,-0.14577,0.49125,0.037633,-0.4997,-0.18368,-0.79107,3.3818,8.4427,-0.27141,0.47012,0.006927,-0.12719,0.42484,-0.84164,-0.016129,3.8518,-2.9866,8.5374,-0.22387,0.047484,0.11546,0.27379,0.035523,-0.92238,0.40282,7.849,3.7906,-0.11411,0.20355,-0.54391,-0.67208,-0.56655,-0.39954,-1.3173,-8.455,1.9372,-0.15826,0.11958,0.47692,-0.5529,0.79143,-0.093692
9.755,0.75689,2.7557,-0.078842,0.45457,-0.001303,-0.48824,-0.17867,-0.80153,3.2896,8.0244,-0.98832,0.49584,-0.012996,0.014667,0.42319,-0.84168,-0.00129,4.5762,-2.9252,7.567,-0.1734,0.054294,0.22704,0.27105,0.038196,-0.9221,0.21616,7.8927,3.9219,-0.20555,0.14209,-0.63962,-0.65475,-0.57877,-0.40854,-1.0703,-8.448,1.7397,-0.11564,0.023662,0.6461,-0.53385,0.8055,-0.09308
9.2114,0.98248,3.0067,0.015253,0.46594,0.032486,-0.47179,-0.17739,-0.81283,4.098,8.3743,-1.1665,0.82973,-0.1137,-0.16272,0.42993,-0.8402,0.01192,5.1788,-3.4239,7.7413,-0.52772,0.20131,0.47965,0.28206,0.045868,-0.91988,0.49233,7.9982,4.0699,-0.16232,0.1806,-0.70639,-0.64041,-0.59124,-0.41308,-1.2279,-8.7094,1.938,-0.24344,-0.000772,0.74402,-0.51481,0.81899,-0.085459
8.8685,1.1909,3.4456,-0.058293,0.63988,0.06264,-0.4536,-0.17499,-0.82367,0.48736,11.191,-1.9193,0.41086,-0.23881,-0.22422,0.43369,-0.83868,0.031786,1.1134,-3.6985,9.6696,0.034338,0.059886,0.47526,0.28779,0.047715,-0.92039,0.3967,7.5568,3.7158,-0.028917,0.22442,-0.77677,-0.61972,-0.609,-0.41928,-1.1825,-8.3803,1.7753,-0.3927,-0.037196,0.83094,-0.48992,0.83437,-0.077291
8.9231,0.6677,4.5094,-0.24969,0.71117,-0.025437,-0.42963,-0.16573,-0.84003,0.07839,10.703,-2.325,0.96811,-0.40001,-0.68509,0.45322,-0.82705,0.042804,1.1037,-1.8151,11.338,-0.7557,0.57754,0.21767,0.30389,0.050396,-0.91401,0.50299,8.6746,3.7392,-0.003052,0.2789,-0.83087,-0.5968,-0.62757,-0.42538,-0.70573,-9.6506,1.2421,-0.42184,0.017296,0.87643,-0.46057,0.85169,-0.061886
8.0833,0.57046,6.442,0.12032,0.55215,0.053281,-0.40899,-0.1637,-0.85197,-0.60272,12.589,-1.8273,0.49256,-0.21738,-0.67471,0.47541,-0.81456,0.06991,0.08379,-4.1935,12.181,-0.94537,0.65231,-0.003722,0.33048,0.088619,-0.89809,1.0463,7.9982,4.5837,-0.33253,0.16637,-0.90063,-0.57096,-0.64557,-0.43383,-0.13374,-8.4006,1.9125,-0.38718,-0.15549,0.93278,-0.43172,0.87165,-0.047469
9.187,1.9821,8.7648,-0.098441,-0.21475,0.02828,-0.40685,-0.16227,-0.85402,-0.96017,11.394,-0.82161,0.72107,-0.15333,-0.7547,0.50189,-0.7975,0.081594,1.6304,-4.7872,11.325,-0.099159,0.65329,0.41098,0.3559,0.099641,-0.8856,2.8407,7.1255,3.3602,-0.33915,0.18305,-0.89375,-0.54513,-0.65875,-0.44754,1.4229,-8.6957,0.8996,-0.36596,-0.083443,1.0085,-0.39754,0.88773,-0.033339
6.6567,1.0518,5.6286,-0.24701,0.078274,-0.15237,-0.40455,-0.15848,-0.85793,-0.068048,12.359,0.1773,0.36648,-0.69694,-0.72946,0.52813,-0.78372,0.090881,1.2013,-2.7728,10.383,0.040659,0.68329,0.45721,0.38603,0.096238,-0.8767,2.0349,7.4328,4.4391,-0.36765,0.24773,-0.98669,-0.52076,-0.67221,-0.45672,0.56872,-8.969,1.1459,-0.33673,0.061184,1.1409,-0.36523,0.90315,-0.021237
7.034,1.1253,6.8704,-0.68943,0.37944,-0.14687,-0.39525,-0.13894,-0.86632,-2.7054,9.3813,-1.6556,-0.087773,-0.7285,-0.50806,0.54582,-0.77556,0.074196,-1.1158,-4.6439,8.4323,0.23261,0.31328,0.81269,0.40795,0.08683,-0.86681,1.4804,7.8794,4.7126,-0.47867,0.25253,-1.0412,-0.48786,-0.68425,-0.47234,0.13423,-9.2675,1.6607,-0.18322,-0.051892,1.2323,-0.3207,0.91926,-0.014041
6.4675,1.5341,7.6744,-0.56934,0.54062,-0.1018,-0.37796,-0.11708,-0.87852,0.9917,7.9327,-1.0174,-0.027207,-1.0194,-0.68927,0.57461,-0.75775,0.05485,2.7408,-1.7671,6.1035,0.15227,0.49559,0.96805,0.42463,0.056971,-0.86411,1.3332,7.7486,5.3625,-0.54709,0.28085,-1.0887,-0.45503,-0.69231,-0.49163,-0.15097,-9.3993,1.282,-0.27406,0.033514,1.301,-0.27581,0.93248,-0.005854
5.9015,-0.20093,7.3679,-0.49774,0.39722,-0.037379,-0.36868,-0.10059,-0.88755,-2.3106,7.3689,-1.6283,-0.14165,-1.0528,-0.61269,0.58976,-0.74852,0.022307,-1.9213,-2.52,5.8577,-0.15309,0.43295,0.99975,0.45153,0.036935,-0.85216,1.4386,7.1904,4.4499,-0.040177,0.31175,-1.1574,-0.41572,-0.70778,-0.50365,-0.94571,-9.8739,1.342,-0.17827,0.069836,1.296,-0.22457,0.94576,0.002269
5.47,0.50961,8.3913,-0.56184,0.72188,0.066048,-0.34891,-0.076755,-0.89782,0.57718,7.4211,-0.98342,-0.12706,-1.2752,-0.42852,0.60662,-0.73501,-0.006618,0.58045,-1.1648,6.6103,-0.19199,0.083501,1.1517,0.46288,0.02026,-0.84823,0.3322,9.8966,3.697,0.49167,0.47533,-1.1769,-0.37438,-0.72921,-0.50166,-1.2913,-10.064,0.54376,-0.35599,-0.007536,1.2183,-0.17692,0.95559,0.011265
4.9501,0.64162,7.9108,-0.50094,0.64896,0.16396,-0.32088,-0.055589,-0.91186,-0.71748,7.2625,-1.7211,0.44454,-1.6029,-0.6202,0.62263,-0.72473,-0.039777,-2.0439,-3.1865,8.0237,-0.72113,0.35793,0.93168,0.47752,0.022473,-0.84104,0.94792,9.3955,3.9575,0.39266,0.56755,-1.2328,-0.33255,-0.75677,-0.49373,-1.785,-9.7936,0.86485,-0.55091,0.027647,1.2156,-0.13444,0.96282,0.028861
5.3928,-0.030935,8.4917,-0.52958,0.58181,0.20621,-0.29748,-0.032075,-0.92106,-3.4922,8.9847,-0.37185,0.24891,-1.2219,-0.64344,0.63852,-0.70904,-0.064806,-3.1095,-4.6544,9.055,-0.50256,0.057975,1.4201,0.48856,0.020183,-0.83316,-0.81692,11.915,2.2911,0.54891,1.0127,-1.1507,-0.28023,-0.78095,-0.484,-2.9667,-12.044,-1.2753,-1.2034,-0.15778,1.2708,-0.088368,0.96535,0.063825
5.6474,-0.62384,9.9146,-0.28857,0.39428,0.36063,-0.27967,-0.012579,-0.92594,-0.86626,12.376,-2.4034,1.1545,-1.4742,-1.2134,0.66303,-0.68703,-0.079057,-0.57452,-3.3185,10.943,-0.72308,0.11739,1.7264,0.4965,0.008018,-0.8299,-3.0817,15.535,9.8197,-0.397,1.0526,-0.76192,-0.23264,-0.78933,-0.49644,-3.7706,-12.911,-2.352,-0.11077,-0.30871,1.2141,-0.04021,0.96642,0.08911
5.3897,-0.66825,8.5621,-0.16209,0.43162,0.29853,-0.26909,0.002634,-0.93041,-6.63,9.4593,-2.627,0.5291,-1.7686,-1.4495,0.69122,-0.65621,-0.10961,-5.181,-5.0666,10.373,-0.52905,-0.039866,1.4899,0.49879,-0.014077,-0.82916,-4.9248,15.851,11.358,0.79072,0.056367,0.39441,-0.21563,-0.79467,-0.49366,-5.3145,-15.336,1.2236,1.1432,-0.012067,0.57983,-0.005904,0.97038,0.06306
4.9012,0.091099,8.6006,-0.11424,0.18951,0.2522,-0.26024,0.008484,-0.93276,-4.6815,9.4686,-0.64181,0.52061,-1.5745,-1.0887,0.71567,-0.62508,-0.14269,-0.18713,-4.3071,10.154,-0.029799,0.14126,1.6531,0.50166,-0.039807,-0.82716,-2.1424,12.081,4.4627,0.83501,-0.52265,0.698,-0.24019,-0.8099,-0.45594,-6.3444,-13.872,2.6818,0.07212,-0.093123,-0.088785,0.002074,0.96936,0.036263
4.9024,-0.054066,7.8462,-0.14828,0.60912,0.25942,-0.24459,0.013988,-0.93908,-3.8571,9.555,-4.4078,1.115,-1.6998,-1.4855,0.73934,-0.59352,-0.16862,-3.4932,-4.7302,7.7988,-0.4363,0.33067,1.66,0.51624,-0.060763,-0.81869,-2.4922,9.7608,2.9951,-0.47731,-0.58066,0.87345,-0.27361,-0.80104,-0.45438,-5.503,-11.991,1.9466,-0.93288,0.088696,-0.86704,-0.012269,0.96962,0.051911
5.4323,-0.97355,8.8738,-0.12585,-0.17818,0.43072,-0.23491,0.024664,-0.94064,-7.2895,5.6371,-1.8271,0.6026,-1.2571,-1.496,0.76221,-0.55747,-0.20368,-3.8744,-4.6355,8.8084,-0.32199,0.43577,1.4668,0.52562,-0.088972,-0.81166,-1.8862,9.5236,2.9025,-0.71564,-0.63875,0.87648,-0.31274,-0.77788,-0.46887,-5.3843,-11.957,0.58157,-0.25343,-0.17497,-1.0912,-0.051126,0.96748,0.073953
6.7173,-0.11829,9.1576,-0.28513,-0.41829,0.52837,-0.24876,0.038504,-0.93716,-7.4511,3.5566,8.5508,1.042,-0.22855,-1.3999,0.79695,-0.52064,-0.19512,-8.5191,-1.2144,8.3069,0.51534,0.57187,1.2481,0.54315,-0.1164,-0.79698,-1.3039,7.7314,5.197,-0.3568,-0.44405,0.81582,-0.34586,-0.75514,-0.48137,-4.7257,-12.259,0.47982,0.89017,-0.30731,-1.1893,-0.092414,0.96508,0.060928
0.91918,-3.5507,2.8994,1.1415,-7.9364,0.54522,-0.37317,0.038384,-0.89559,-11.1,-0.988,9.9099,1.5396,2.1287,-0.21358,0.80568,-0.50447,-0.13768,-15.743,10.129,4.8805,0.83952,0.74374,0.19867,0.56432,-0.17299,-0.77478,-0.37918,6.5801,5.1718,0.58383,-0.33763,0.50753,-0.38632,-0.7496,-0.46439,-2.857,-5.4158,0.036793,0.97294,-0.26419,-1.0854,-0.15201,0.96049,0.036003
6.284,-0.83712,8.2395,0.078582,-0.35974,-0.20108,-0.41019,0.03211,-0.88108,-14.168,8.2124,2.6234,1.3076,1.7807,0.23516,0.8144,-0.51505,-0.037146,-10.281,11.324,5.3825,-1.6216,-0.027791,-1.5245,0.58077,-0.13041,-0.77114,-0.34636,8.3627,3.9851,0.60842,-0.18108,0.40657,-0.40328,-0.75785,-0.43723,-1.9068,-6.0549,-0.053463,0.14551,-0.03393,-0.70416,-0.18152,0.95588,0.019037
3.7317,-1.9919,7.6009,0.07193,-0.37521,-0.086439,-0.43806,0.029239,-0.86823,-13.904,12.114,3.9964,0.67545,0.33429,0.1657,0.81846,-0.51755,0.016526,-10.22,1.9762,10.103,-1.0508,-0.83662,-1.4399,0.56976,-0.065681,-0.78304,-0.096544,9.5897,4.9567,-0.28702,-0.18079,0.55328,-0.41461,-0.75033,-0.43502,-1.23,-9.2572,0.53203,-0.39355,0.098261,-0.79257,-0.20045,0.95236,0.009254
6.9879,-0.30044,7.8455,0.16658,0.18004,-0.006227,-0.45051,0.024139,-0.8639,-10.533,10.076,2.2071,-0.46325,-0.11905,0.49659,0.81101,-0.52808,0.014897,-9.6005,-3.5429,12.443,-0.15356,-0.72082,-0.18494,0.54373,-0.027083,-0.80223,0.81476,9.4743,4.6975,-0.41014,-0.3659,0.60309,-0.43752,-0.73291,-0.4427,-1.0993,-12.204,1.4526,-0.009243,0.003328,-0.68011,-0.22752,0.94613,0.018014
8.1777,-0.52733,8.4797,0.10175,-0.030919,-0.17125,-0.4375,0.016202,-0.86811,-9.2619,8.4777,0.8079,-0.76004,-0.23281,0.73492,0.79384,-0.54993,-0.006615,-8.066,-2.4648,10.903,0.39533,-0.024735,0.18862,0.53426,-0.035646,-0.81148,0.99561,9.0784,4.4915,-0.085884,-0.26955,0.67075,-0.46125,-0.71916,-0.4449,-2.2957,-11.169,1.8834,0.56625,-0.18671,-0.71486,-0.24915,0.94063,0.007258
6.6748,-0.79087,6.9969,-0.095238,-0.50496,-0.1387,-0.43998,0.014611,-0.85998,-8.9171,8.6854,-0.99942,-0.84166,-0.1961,0.62735,0.77315,-0.57248,-0.031524,-6.7308,-1.6039,9.1769,0.70433,0.019228,0.18072,0.52406,-0.029652,-0.81992,1.5248,7.6203,3.9485,0.16186,-0.11708,0.55854,-0.48458,-0.70832,-0.43815,-1.0321,-7.8119,1.376,0.34094,-0.079262,-0.8373,-0.2825,0.92978,0.010753
7.1093,-0.82746,6.0078,0.052552,-0.096859,-0.094664,-0.44615,0.012416,-0.85676,-7.9748,8.8187,-1.5058,-1.0746,-0.39013,0.29673,0.76293,-0.58252,-0.060594,-5.635,-1.2623,9.256,0.67288,-0.059985,0.064283,0.52155,-0.054772,-0.82022,0.41278,8.9056,4.0148,0.36933,0.050425,0.50003,-0.50007,-0.70427,-0.43128,-0.55463,-8.8593,1.2019,-0.032779,0.10494,-0.78287,-0.30996,0.9218,0.00844
7.5564,-0.97077,5.7491,0.10567,-0.32639,-0.073514,-0.47927,0.00958,-0.84331,-6.4669,7.1249,-0.71693,-0.65719,-0.24467,0.30656,0.75625,-0.58682,-0.087389,-4.9252,-2.7044,8.5657,0.16338,-0.12875,-0.20485,0.52398,-0.088112,-0.81452,0.48608,9.109,3.866,0.021829,-0.18154,0.51606,-0.51341,-0.69627,-0.42418,-1.5294,-9.5202,1.3704,-0.33972,0.18057,-0.76667,-0.33433,0.91338,-0.000501
7.7964,-0.80099,5.4164,0.15444,-0.42102,-0.15511,-0.49478,0.005412,-0.83435,-4.9393,7.3023,0.14377,-1.2657,0.22046,0.63359,0.74589,-0.59571,-0.10684,-3.8711,-3.4425,8.3159,0.49812,-0.36377,-0.48734,0.51194,-0.093529,-0.81974,1.0282,8.2267,3.7278,-0.19408,-0.17272,0.56532,-0.53251,-0.68202,-0.42406,-1.2464,-10.034,0.43255,-0.009597,-0.007477,-0.77519,-0.36325,0.9031,0.003917
7.9315,-0.70501,5.224,0.38554,-0.24028,-0.19387,-0.50478,-0.007725,-0.82642,-5.4953,8.0587,-1.3239,-0.53775,0.56342,0.82679,0.7274,-0.61048,-0.11581,-3.4469,-4.0631,9.2279,0.54823,-0.4034,-0.58182,0.49724,-0.095471,-0.82819,0.69841,8.6063,4.1109,-0.015152,-0.19828,0.58291,-0.55006,-0.66947,-0.42387,-0.45025,-8.903,0.74039,0.066157,-0.060071,-0.71915,-0.3866,0.89409,0.003339
8.9269,0.23519,5.2228,0.39644,-0.59439,-0.21409,-0.49874,-0.031628,-0.82311,-3.8325,9.4701,-1.9415,-0.67744,0.69057,1.03,0.70556,-0.63391,-0.1095,-2.6639,-2.6472,8.2543,0.48618,-0.44661,-0.8545,0.47269,-0.0845,-0.84327,1.2801,8.6771,3.8824,0.16012,-0.030688,0.55231,-0.56708,-0.65703,-0.42076,-0.946,-9.8427,0.96854,-0.001075,0.070451,-0.7287,-0.413,0.87969,0.018082
8.5038,0.094184,4.2787,0.19822,-0.57503,-0.18261,-0.51958,-0.046131,-0.80765,-3.1642,7.7075,-2.4628,-0.89536,0.94189,1.2235,0.67982,-0.66165,-0.10774,-1.9441,-4.4079,7.8411,-0.024573,-0.55605,-1.1467,0.45566,-0.064599,-0.85296,1.2362,8.6679,4.2417,0.092319,-0.019998,0.55945,-0.58292,-0.64848,-0.41733,-0.19707,-9.6352,0.44388,0.18296,0.069126,-0.64268,-0.43538,0.87007,0.014377
8.4127,-0.29741,4.2083,0.3873,-0.20988,-0.11829,-0.54846,-0.058137,-0.79185,-2.3742,7.6742,-2.5991,-0.52562,1.1972,1.5438,0.64523,-0.69489,-0.093704,-1.1603,-3.7797,7.3776,1.0151,-0.66373,-1.2426,0.43377,-0.081207,-0.86011,1.0736,8.1588,3.8638,0.16663,-0.033275,0.50454,-0.59548,-0.63703,-0.41348,0.11795,-9.5331,0.71841,0.224,0.038783,-0.55087,-0.45408,0.86151,-0.004021
8.3917,-0.14068,3.9555,0.52026,0.001808,-0.02874,-0.55153,-0.077429,-0.78561,-0.61469,8.9432,-2.3759,-0.30665,1.387,1.4083,0.60835,-0.72709,-0.071572,-0.15934,-3.4154,7.2446,-0.7364,-0.58434,-1.4932,0.41341,-0.054735,-0.87116,1.2549,9.2988,4.0538,-0.048305,-0.082324,0.55648,-0.61264,-0.62383,-0.41012,0.3424,-9.5632,0.48307,0.19151,0.19448,-0.51006,-0.47239,0.85026,-0.012056
9.2339,0.19109,4.5161,0.37799,-0.025129,-0.068823,-0.55065,-0.092286,-0.78441,0.35147,8.5669,-2.7776,-0.97773,1.5767,1.3376,0.56907,-0.75759,-0.055652,0.8981,-6.564,7.9853,0.64229,-0.72784,-1.3126,0.38576,-0.023478,-0.88296,1.5635,8.9317,4.2329,-0.002195,-0.12038,0.56055,-0.62595,-0.61117,-0.40737,-0.14434,-9.6667,0.83315,0.21882,0.19327,-0.53613,-0.48812,0.84221,-0.024161
9.5474,0.43938,4.7812,0.4351,-0.3642,-0.069971,-0.54818,-0.10755,-0.77811,-0.18088,9.4655,-3.0999,-1.1524,1.8635,1.3646,0.52587,-0.78578,-0.049899,1.3099,-4.5148,9.4448,0.70382,-0.42467,-1.2384,0.35373,-0.024971,-0.89732,1.5048,8.6323,4.037,0.097275,-0.13457,0.5701,-0.63892,-0.59858,-0.40302,-0.10722,-10.267,1.5792,0.25351,0.14385,-0.5899,-0.50432,0.8303,-0.028815
9.0421,0.011923,3.387,0.59705,-0.58891,-0.27047,-0.56274,-0.1282,-0.76422,1.7053,9.3545,-2.7511,-0.13328,1.7465,1.034,0.49241,-0.80783,-0.031756,1.6153,-3.4377,9.1006,-0.16945,-0.18214,-1.3517,0.34349,-0.009879,-0.90152,1.9702,8.1324,3.8668,-0.009821,-0.16464,0.51328,-0.65574,-0.58494,-0.39781,-0.54048,-9.7133,1.8722,0.26325,0.069852,-0.53416,-0.52116,0.81763,-0.038626
9.3895,0.31799,2.0935,0.49834,-0.49019,-0.57565,-0.58712,-0.15258,-0.74101,2.689,10.212,-2.1701,-1.2301,1.318,0.76188,0.46032,-0.82485,-0.018651,1.5125,-4.0665,8.0905,0.38506,-0.45861,-1.4665,0.32766,-0.001018,-0.90496,2.0724,7.4772,4.6199,0.16441,-0.21599,0.4246,-0.66768,-0.57292,-0.39224,0.65966,-8.7179,1.8503,0.23379,0.086593,-0.4821,-0.53713,0.80735,-0.05083
9.6956,0.91215,2.9502,0.39747,-0.82387,-0.25506,-0.60324,-0.17374,-0.72161,3.5112,9.4958,-1.4611,-2.1042,0.85838,0.41991,0.44868,-0.82664,-0.067908,3.5832,-2.8354,8.9292,0.93897,-0.71029,-1.4251,0.30227,-0.010526,-0.91437,1.7998,8.1959,4.6587,0.26787,-0.19665,0.36048,-0.68137,-0.56701,-0.38082,0.42072,-8.6595,2.5786,0.20951,-0.012009,-0.39213,-0.55316,0.79742,-0.058156
9.0605,0.17907,2.299,0.4773,-1.0977,-0.14719,-0.63636,-0.19598,-0.68882,2.6718,8.2882,-0.40744,-1.1481,0.65466,0.56005,0.43248,-0.83349,-0.10213,3.9037,-2.3862,9.3028,0.54087,-0.70613,-1.3398,0.27193,-0.014948,-0.92493,1.9857,8.2279,4.3622,0.20363,-0.18441,0.2529,-0.69038,-0.56405,-0.37089,-0.14188,-8.8944,2.1202,0.12792,-0.028084,-0.29591,-0.56149,0.79109,-0.062795
10.072,1.2027,1.7837,0.34264,-1.0362,0.092317,-0.66232,-0.20681,-0.6553,4.3359,10.343,-0.24691,-1.0901,0.4626,0.37595,0.41677,-0.83069,-0.12814,6.8288,-3.4513,10.065,0.72174,-0.35949,-0.88858,0.24701,-0.012164,-0.92978,1.3712,8.3925,3.877,0.19622,-0.24405,0.1431,-0.69499,-0.56038,-0.36101,0.4039,-9.2989,1.7249,0.025608,0.002302,-0.18715,-0.56694,0.78421,-0.060728
9.8152,1.1811,0.26718,0.23729,-1.0847,-0.080997,-0.69046,-0.2153,-0.62267,4.0139,10.334,0.62347,-0.19209,0.34525,0.048668,0.41638,-0.83234,-0.13804,5.3282,-1.2595,8.0677,-0.011558,-0.11686,-0.51994,0.24791,-0.014494,-0.93192,2.0807,9.2189,2.4123,0.047782,-0.15451,0.078488,-0.70077,-0.56032,-0.35394,0.56804,-9.3423,1.0851,0.080579,-0.026353,-0.10796,-0.57194,0.7818,-0.060844
10.739,0.57036,-0.7593,0.13254,-0.81614,-0.016611,-0.71661,-0.21954,-0.59239,5.2397,7.7005,1.1997,-0.27401,0.21175,0.13208,0.40903,-0.83238,-0.14784,6.8649,-3.0669,7.0663,0.15041,-0.37852,-0.33189,0.22765,-0.018757,-0.93122,2.0799,9.3762,2.4496,-0.051869,-0.10153,0.12565,-0.70361,-0.5578,-0.34818,0.14024,-9.8257,1.0616,0.098516,0.006403,-0.093102,-0.57387,0.78103,-0.065645
10.192,0.86121,-2.0074,-0.075076,-0.36811,-0.035344,-0.73146,-0.22014,-0.57335,4.6472,9.8455,1.3515,0.019764,0.13161,0.10972,0.41113,-0.83293,-0.14276,7.6427,-1.7246,6.4924,-0.00517,-0.14293,-0.16784,0.2229,-0.025786,-0.93101,2.2884,8.5179,3.4376,-0.08134,0.002308,0.13771,-0.71079,-0.55047,-0.34932,0.43243,-10.106,1.6485,0.17117,0.074111,-0.12008,-0.57901,0.77694,-0.067846
10.475,0.87424,-2.132,-0.20485,0.086787,-0.073933,-0.73401,-0.22067,-0.57172,4.7745,9.0965,0.83121,0.35239,0.016238,-0.007551,0.40702,-0.83718,-0.13853,5.2057,-2.7759,9.0555,-0.91739,-0.096115,-0.1237,0.21612,-0.00196,-0.93378,1.3845,8.7522,3.9444,-0.07757,0.12957,0.21106,-0.70841,-0.54738,-0.3538,-0.5388,-9.0582,2.5015,0.1472,0.022337,-0.11634,-0.57891,0.77452,-0.075985
10.546,0.32285,-1.4636,-0.12063,0.311,-0.030985,-0.72415,-0.21748,-0.57997,4.9822,9.7813,0.59989,0.25659,-0.065428,0.22501,0.40435,-0.83578,-0.11606,5.7919,-3.4047,8.7526,0.01837,-0.32785,-0.095609,0.21116,0.024954,-0.93004,0.67199,8.1765,4.6435,-0.2022,-0.053054,0.11795,-0.71193,-0.53929,-0.35937,-1.1233,-9.2423,2.536,0.11776,-0.009239,-0.085452,-0.58052,0.77138,-0.078619
10.444,0.79846,-1.6404,-0.10869,0.35955,-0.009293,-0.71665,-0.21575,-0.59056,4.8107,8.7668,-0.15911,0.35238,-0.035782,0.18951,0.39929,-0.84487,-0.11359,4.714,-3.3427,9.6349,-0.18569,-0.10933,-0.17255,0.20499,0.028455,-0.93571,0.71457,8.4185,4.2164,-0.078528,-0.028625,0.077562,-0.71738,-0.53598,-0.36002,-1.5582,-9.5469,2.6249,0.12374,-0.12792,-0.02364,-0.58336,0.77109,-0.079497
10.474,0.7981,-1.6103,-0.0913,0.40985,0.006935,-0.71123,-0.21293,-0.59792,3.7753,11.579,-0.099154,0.69582,-0.038266,-0.038984,0.39193,-0.84422,-0.097148,5.3228,-3.8682,11.083,-0.19095,0.13383,-0.035951,0.19917,0.026579,-0.93183,0.44018,9.1776,3.5498,-0.075717,-0.02678,0.030059,-0.7173,-0.53162,-0.3599,-1.8282,-9.364,1.9709,0.024607,-0.14439,-0.027924,-0.58564,0.76871,-0.078601
10.472,0.54449,-1.1643,-0.12228,0.52429,-0.041009,-0.69838,-0.2107,-0.61493,4.1425,9.4604,0.31625,0.31879,0.11824,0.03321,0.39776,-0.84767,-0.082611,5.2949,-3.4848,8.8149,0.056078,0.10352,0.034997,0.21218,0.03304,-0.9321,0.32845,9.0355,3.3677,0.027883,0.040022,0.018144,-0.72268,-0.52839,-0.35859,-1.4699,-9.6391,1.1096,-0.022522,-0.046282,-0.039977,-0.59018,0.76838,-0.075571
10.128,0.45824,-1.1377,-0.10366,0.6081,-0.059619,-0.68578,-0.20893,-0.62903,3.5374,10.557,-0.27999,0.39731,0.054287,-0.000497,0.39056,-0.85142,-0.068439,5.1014,-3.9828,8.1899,0.21038,0.078796,0.007656,0.2046,0.026391,-0.93355,0.20146,9.1093,3.5301,0.12524,0.098076,0.039761,-0.71895,-0.5316,-0.35972,-1.4097,-9.5427,1.223,-0.032237,0.017218,-0.043177,-0.58779,0.76879,-0.07537
9.7031,0.82854,-0.25818,-0.19771,0.85302,-0.035251,-0.66181,-0.20598,-0.65303,3.751,10.509,0.49872,0.089891,0.007554,-0.12354,0.3981,-0.84733,-0.056646,5.2148,-1.9731,8.2104,-0.27236,0.31884,0.021062,0.22015,0.027685,-0.92803,0.33106,8.7633,3.8857,0.12756,0.12617,0.016957,-0.71716,-0.53201,-0.35989,-1.3794,-9.4538,1.4105,-0.06461,0.096956,-0.037152,-0.58832,0.76812,-0.073658
10.291,0.59383,-0.16573,-0.1869,0.88786,0.019388,-0.6392,-0.20109,-0.67776,3.8653,9.3521,0.1272,0.074099,0.097468,-0.051942,0.39986,-0.84972,-0.05316,4.8281,-3.3875,7.4175,-0.14726,0.13157,0.045325,0.22483,0.040519,-0.92966,0.41491,8.4931,4.0078,0.12187,0.13491,-0.046566,-0.71513,-0.53555,-0.36215,-1.1769,-9.5157,1.7574,-0.076046,0.14627,0.013772,-0.58695,0.76919,-0.07469
10.245,0.7987,0.56635,-0.15717,0.91905,0.075877,-0.61601,-0.19317,-0.70143,3.2784,10.073,-0.51221,-0.11708,0.035932,-0.14764,0.4032,-0.84586,-0.057424,4.8175,-3.5796,8.8435,0.035903,0.14165,0.10203,0.23062,0.036283,-0.92649,0.45124,8.7254,4.0908,0.030912,0.082126,-0.16513,-0.71358,-0.53496,-0.36116,-1.1838,-9.2549,1.9373,-0.076723,0.16881,0.065476,-0.58915,0.76723,-0.077893
9.6175,0.83806,1.2482,-0.30698,0.99114,0.021528,-0.58847,-0.18561,-0.72758,3.1004,9.8758,0.14191,0.18609,0.10321,-0.17205,0.41396,-0.84525,-0.053501,4.0546,-2.3289,9.4288,-0.32511,0.29788,0.061201,0.24314,0.043534,-0.92668,0.78768,8.585,3.9026,-0.081147,0.053881,-0.24304,-0.71092,-0.54352,-0.36338,-1.1609,-9.1364,2.2069,-0.11428,0.16536,0.16774,-0.58496,0.77226,-0.079438
10.36,0.78413,2.1338,-0.38435,0.89361,-0.039145,-0.5602,-0.17196,-0.75242,3.1305,8.7297,-0.46579,0.01929,0.10677,-0.096129,0.41192,-0.84266,-0.050314,4.2371,-2.9612,8.1981,-0.061428,0.12864,0.10975,0.24565,0.050876,-0.92388,1.0905,7.9102,4.1495,-0.003338,0.11695,-0.33626,-0.70199,-0.54982,-0.36635,-0.9738,-9.2495,2.2546,-0.13905,0.12758,0.25611,-0.57667,0.77641,-0.081231
9.6885,0.59659,2.217,-0.089647,0.82031,0.008927,-0.53336,-0.1673,-0.7746,2.7875,9.4725,-0.66134,0.16146,-0.02683,-0.19579,0.422,-0.84088,-0.046964,4.1755,-3.0233,9.0833,-0.016366,0.20801,0.073711,0.25715,0.049396,-0.92188,0.99841,8.2264,3.7797,-0.029454,0.10023,-0.44398,-0.69443,-0.56167,-0.36794,-1.139,-9.2622,1.8334,-0.11692,0.05609,0.34609,-0.56675,0.78409,-0.078019
9.4488,0.56712,2.6626,-0.19792,0.88802,-0.01705,-0.50684,-0.16032,-0.79284,3.3075,9.1491,0.018359,0.16543,-0.009543,-0.1352,0.42485,-0.8396,-0.046317,4.0727,-2.4364,8.453,-0.28259,0.18789,0.009814,0.26118,0.058223,-0.91892,0.69886,8.3603,3.751,-0.013882,0.1047,-0.54803,-0.67938,-0.57443,-0.37205,-0.98827,-8.7852,1.9568,-0.15651,-0.024426,0.45049,-0.55374,0.79311,-0.075922
9.8958,0.79866,3.1449,-0.059739,0.6671,0.006052,-0.47972,-0.15536,-0.81223,3.1569,8.488,-0.13625,0.3804,0.010658,-0.11209,0.43439,-0.83802,-0.036172,4.3062,-3.3567,7.9029,-0.081025,0.088283,0.032794,0.27311,0.061991,-0.91579,0.96522,7.5501,4.0574,0.013217,0.11328,-0.64343,-0.66908,-0.5887,-0.37167,-0.56828,-8.4734,1.9498,-0.23933,-0.092622,0.55496,-0.54247,0.80364,-0.068363
9.188,0.55452,2.6307,-0.046463,0.7525,-0.012641,-0.46059,-0.1552,-0.8254,3.649,8.7252,-0.55498,0.5486,-0.20456,-0.26745,0.43849,-0.83716,-0.029271,4.8268,-3.1077,8.3807,-0.25286,0.29663,0.20629,0.27864,0.066926,-0.91539,0.82268,7.6398,3.9944,0.15284,0.099913,-0.72908,-0.65091,-0.60868,-0.37287,-0.80846,-8.666,1.7808,-0.34358,-0.078217,0.66125,-0.52321,0.81856,-0.059309
8.5819,0.67303,3.8578,-0.1367,0.70382,0.04217,-0.4342,-0.14867,-0.84086,0.67011,10.036,-0.38258,0.69546,-0.23336,-0.43632,0.45227,-0.82961,-0.011152,1.1342,-4.6121,9.989,0.013565,0.35497,0.42983,0.29526,0.071643,-0.90867,0.52234,7.9683,4.063,0.16737,0.056854,-0.8343,-0.63086,-0.62887,-0.36886,-0.92852,-8.8074,1.8083,-0.4076,-0.15999,0.70433,-0.50034,0.82993,-0.043208
7.7137,0.74002,5.5302,-0.30977,0.59843,-0.11174,-0.41091,-0.13863,-0.85262,-0.27711,11.052,-0.32543,0.71584,-0.21935,-0.8348,0.4756,-0.81785,0.005738,0.58451,-3.1165,11.426,-0.42263,0.76857,0.24466,0.31633,0.07363,-0.90315,0.38937,7.5937,3.8582,0.20103,0.037452,-0.90511,-0.60732,-0.65637,-0.36296,-0.47893,-8.5019,1.4133,-0.55867,-0.15677,0.80671,-0.47526,0.84995,-0.026007
8.3725,1.2497,8.2838,-0.15794,0.27151,-0.081635,-0.39864,-0.13185,-0.86279,-1.3172,11.851,0.86743,0.93745,-0.17647,-0.70305,0.49813,-0.80361,0.034638,-1.2401,-4.6415,11.269,-0.65461,0.70932,0.1818,0.34388,0.095997,-0.88799,1.0731,9.7261,3.9221,0.26994,-0.008682,-0.87501,-0.58316,-0.68293,-0.35508,-0.15166,-9.6824,1.0496,-0.67721,-0.12017,0.78091,-0.44681,0.86446,-0.003579
8.3078,1.0923,7.0141,0.35565,0.40137,-0.13173,-0.38414,-0.13229,-0.87097,2.1893,11.808,0.6992,0.27998,-0.50275,-0.71389,0.52718,-0.78851,0.048304,4.1468,-4.3425,8.3284,-0.095856,0.61132,0.70669,0.37469,0.096419,-0.87804,2.5207,8.0493,2.7375,-0.093371,0.078063,-1.0072,-0.56252,-0.70216,-0.35314,1.3915,-9.4494,0.7028,-0.59208,-0.14649,0.90102,-0.42351,0.87892,0.018949
7.6064,0.39051,6.0866,-0.49028,0.01454,-0.10673,-0.37717,-0.13176,-0.87415,-2.6844,10.881,-1.4539,0.33737,-0.42658,-0.69632,0.54539,-0.77563,0.042111,-2.2956,-3.3697,9.2822,0.28689,0.36898,0.75434,0.39414,0.078629,-0.86991,2.0837,8.6563,2.443,-0.041363,0.082642,-0.94884,-0.53164,-0.72257,-0.35387,0.8674,-8.9291,0.030481,-0.48623,-0.10692,0.96726,-0.39035,0.89194,0.038517
6.1077,0.68053,6.9649,-0.41075,0.3946,-0.053635,-0.37225,-0.11479,-0.88044,-1.0705,7.7412,-1.4827,0.025711,-0.47692,-0.45231,0.56403,-0.76616,0.033688,0.572,-2.5755,7.9354,0.2732,0.29689,0.82044,0.41283,0.059629,-0.86704,1.6359,8.6538,2.5991,-0.08275,0.17619,-1.002,-0.50397,-0.74126,-0.35843,0.37234,-9.3452,0.050877,-0.53961,-0.013634,1.0623,-0.35618,0.90652,0.059542
6.6734,0.55734,6.9982,-0.34613,0.67997,-0.003649,-0.35432,-0.10217,-0.89096,0.84405,7.0153,-1.8145,0.22064,-0.7005,-0.57759,0.58345,-0.75073,0.02391,3.2157,-0.81993,7.231,0.10247,0.48463,0.85512,0.42947,0.038353,-0.86008,1.2746,9.0809,2.3662,-0.18943,0.23636,-0.99885,-0.46784,-0.75998,-0.36509,-0.3333,-9.975,-0.47073,-0.30816,-0.051667,1.1649,-0.31303,0.9182,0.078001
7.0668,0.46344,7.4631,-0.63521,0.52161,0.055064,-0.33184,-0.083251,-0.90003,-4.3347,6.6006,-2.1349,0.25905,-0.87338,-0.40017,0.59945,-0.73969,0.009779,-1.8932,-2.318,6.7738,-0.049472,0.43881,0.81177,0.45159,0.02532,-0.84858,0.73604,9.1915,2.3103,-0.34125,0.35124,-0.99802,-0.43429,-0.77224,-0.37844,-0.66263,-9.9369,-0.26702,0.007031,-0.11159,1.1974,-0.27119,0.93143,0.080543
5.6485,0.26502,8.0628,-0.46467,0.85859,-0.050236,-0.30858,-0.061643,-0.91452,1.3212,9.4455,-2.0191,0.98444,-1.1832,-0.72387,0.61774,-0.72735,-4e-06,2.7336,-1.4798,8.1838,-0.15273,0.27947,0.95134,0.466,0.007619,-0.84359,0.2444,9.2317,2.9906,-0.097883,0.50789,-0.9845,-0.39995,-0.78437,-0.39254,-1.4867,-9.9474,-0.41544,0.059045,-0.064754,1.2314,-0.22849,0.94287,0.080108
4.6038,0.25634,8.6293,-0.38078,0.2537,-0.055805,-0.28801,-0.045803,-0.92232,-4.515,9.0447,-0.24394,0.37981,-1.454,-0.86807,0.64012,-0.70985,-0.018925,-4.8752,-3.1282,7.8673,-0.77732,0.32908,0.81066,0.48093,0.00724,-0.83556,-0.46908,11.33,2.809,0.041403,0.45355,-0.91736,-0.363,-0.79752,-0.39733,-2.0998,-9.8362,0.64277,-0.052579,-0.25504,1.1439,-0.18557,0.95088,0.082121
6.2721,0.4915,9.4641,-0.4886,0.37838,-0.1575,-0.27614,-0.027907,-0.92729,-1.7546,11.406,0.10454,0.3665,-1.3274,-0.62461,0.66673,-0.68548,-0.039286,0.31056,-4.4271,6.883,-0.17176,-0.53604,1.1042,0.47939,0.001387,-0.83635,0.29352,11.376,3.2144,0.025814,0.28786,-0.71115,-0.33421,-0.81053,-0.39936,-1.9237,-11.296,-0.70287,-0.30902,-0.25341,1.1806,-0.14319,0.95791,0.091002
5.6731,-0.5599,8.6843,0.073617,0.83629,-0.1789,-0.25555,-0.019732,-0.93503,0.15171,10.171,-2.6743,0.1935,-1.5957,-1.118,0.68651,-0.66559,-0.084651,-2.8028,-4.257,8.6665,-0.70037,-0.81071,0.95724,0.45634,-0.005581,-0.85159,-0.062153,8.5935,4.6658,-0.13869,0.84458,-0.68747,-0.3014,-0.81464,-0.41079,-2.3273,-10.982,-0.28303,-0.077789,-0.20209,1.1019,-0.095681,0.96239,0.097188
3.6597,-1.1564,8.128,-0.15123,0.61404,0.10422,-0.23125,-0.021106,-0.94044,-6.3424,5.9953,-0.28366,-0.07324,-1.2933,-1.2857,0.71201,-0.63087,-0.12637,-4.0396,-6.8737,12.766,-0.69507,0.059225,1.6437,0.44685,-0.000294,-0.85598,-1.7412,9.7714,4.7809,0.56247,0.9986,-0.63751,-0.26503,-0.82447,-0.41155,-3.3752,-9.9426,-1.4036,0.019997,-0.057071,1.0587,-0.05593,0.96553,0.098398
6.277,0.76406,7.9738,-0.22893,0.3532,0.1475,-0.20952,-0.011838,-0.94642,-1.8019,10.678,-1.221,0.80031,-1.2068,-1.0385,0.73905,-0.5975,-0.15151,1.6678,-3.2699,10.086,0.075228,0.27729,1.5605,0.45948,-0.029887,-0.85162,-3.2223,14.158,7.2973,0.29181,0.57832,-0.45762,-0.23577,-0.83983,-0.40293,-4.6606,-9.4669,0.99644,-0.24007,0.26493,0.89026,-0.020256,0.96742,0.10333
6.0259,-1.3575,9.2264,0.010327,-0.004609,0.32261,-0.20482,-0.00509,-0.94735,-5.7508,8.8767,-5.9483,0.99938,-1.0949,-1.4327,0.75334,-0.57201,-0.1687,-1.1241,-3.4059,9.8653,-0.15001,-0.11434,1.359,0.46307,-0.057441,-0.85015,-5.471,15.864,7.7605,0.11263,0.3759,0.2579,-0.22386,-0.84143,-0.4021,-7.2323,-16.251,2.7276,-0.20536,-0.012589,0.42668,0.00531,0.966,0.11606
3.7271,-0.085369,6.912,0.056304,-0.36465,0.45707,-0.21321,-0.002613,-0.9461,-8.0704,4.3286,-1.4829,0.37564,-0.87033,-1.1179,0.77997,-0.53839,-0.18949,-2.2775,-4.6934,10.716,-0.008372,0.21177,0.96991,0.46592,-0.076995,-0.8482,-2.3736,9.748,2.5848,-0.13726,-0.30673,0.55417,-0.2455,-0.83684,-0.40379,-5.7898,-12.726,0.84905,0.16331,-0.012634,-0.50666,-0.0006,0.96598,0.11125
6.0994,0.94404,7.7797,-0.2647,0.58163,0.33431,-0.2109,0.007731,-0.94688,-3.7577,12.359,4.2034,2.2287,-0.58731,-1.2852,0.79749,-0.51159,-0.17023,-1.2749,-6.0626,9.2638,-0.040457,-0.11456,1.101,0.47675,-0.094079,-0.83966,-1.6595,10.053,1.9911,-0.24455,-0.20135,0.51431,-0.26223,-0.82923,-0.40892,-4.8859,-9.3434,0.14133,-0.42638,0.022572,-0.59508,-0.025608,0.96412,0.11643
5.3566,-1.7837,7.8384,0.22787,-0.66602,0.63202,-0.21952,0.005852,-0.94508,-13.281,1.6605,4.8081,1.1888,0.61547,-0.36992,0.81189,-0.49694,-0.14886,-11.289,2.022,9.343,1.3239,0.24771,0.96875,0.47609,-0.14429,-0.83327,-3.9337,12.332,5.6194,-0.6087,-0.62196,0.75208,-0.29037,-0.81505,-0.41762,-5.8562,-12.226,1.1182,0.15203,-0.13286,-0.77515,-0.049811,0.9612,0.12337
0.60556,-2.5806,11.05,-0.14933,-1.4368,0.17485,-0.25614,0.006468,-0.93537,-15.277,6.5196,7.1655,1.6483,0.83953,-0.082249,0.82519,-0.49961,-0.095958,-14.503,11.045,6.0519,-0.033703,0.85697,0.032277,0.48893,-0.17771,-0.81966,-1.2293,9.3725,5.6019,-0.43306,-0.70707,0.92199,-0.32799,-0.79152,-0.4323,-4.169,-10.331,-0.40203,1.1794,-0.24405,-1.123,-0.083511,0.96343,0.097293
3.8386,0.4601,11.094,-0.0724,-1.9748,0.13026,-0.30079,0.005358,-0.92503,-14.096,10.585,5.206,0.55879,0.45443,-0.12086,0.82898,-0.501,-0.054408,-13.192,7.8109,6.4655,-1.1165,-0.1035,-0.57497,0.50556,-0.14336,-0.81753,-0.3083,7.2411,5.0075,0.30712,-0.82481,0.7566,-0.3683,-0.78055,-0.42294,-3.0808,-9.3062,-0.082065,0.90459,-0.28843,-1.0354,-0.12311,0.96311,0.055231
5.8431,-2.0462,9.5413,0.44076,-0.31177,0.089197,-0.3538,-0.004151,-0.90289,-10.428,10.048,2.9928,-0.25169,-0.030043,0.20652,0.82872,-0.49992,-0.047106,-8.7089,0.72143,9.6908,-0.87279,-0.6044,-0.65821,0.49428,-0.094806,-0.83236,2.1446,5.9974,3.4225,0.42333,-0.35543,0.56005,-0.40093,-0.77876,-0.39771,0.18833,-7.7254,0.63483,-0.066123,-0.042405,-0.87461,-0.16092,0.95731,0.045814
4.2228,0.89755,10.22,0.035481,0.3327,0.082196,-0.36814,-0.012021,-0.89942,-8.6644,8.7765,1.1534,-0.28979,-0.13311,0.56827,0.81512,-0.5189,-0.042222,-7.4586,-1.565,11.053,-0.30085,-0.24499,0.20705,0.48247,-0.084788,-0.838,1.8305,8.7876,3.083,0.33361,-0.45029,0.39582,-0.42721,-0.7739,-0.38125,-1.5782,-12.159,1.99,-0.29186,0.10178,-0.72738,-0.19255,0.95281,0.04502
5.5653,-0.55731,10.116,0.20437,-0.017322,-0.018131,-0.35361,-0.013815,-0.90467,-9.8987,7.7374,1.474,-0.5586,-0.19252,0.55382,0.80127,-0.5358,-0.056183,-6.8577,-2.274,10.761,-0.08636,0.18697,0.42379,0.4847,-0.082552,-0.83845,1.6368,10.85,4.7425,0.035587,-0.036006,0.39391,-0.44273,-0.77096,-0.37202,-1.8854,-12.473,2.4247,0.21648,-0.10711,-1.1351,-0.22878,0.9459,0.044124
7.2252,-0.63509,7.6959,-0.009963,-0.83788,0.063576,-0.38037,-0.014678,-0.89086,-9.8899,7.4899,1.0331,-0.88261,-0.18753,0.36262,0.79265,-0.54311,-0.086124,-6.3001,-0.67201,10.815,0.41486,0.15863,0.33364,0.48047,-0.090071,-0.84296,-0.2817,10.915,5.3942,-0.45536,-0.42947,0.68772,-0.45854,-0.75725,-0.37922,-0.56152,-7.5834,-0.51297,0.27999,-0.19378,-0.99193,-0.26327,0.93573,0.04493
5.65,-0.1885,6.6126,-0.095516,-0.44216,0.030555,-0.39797,-0.014308,-0.88373,-8.0842,6.0102,1.1589,-0.75197,-0.31254,0.50326,0.78218,-0.55169,-0.11241,-5.1573,-0.59,10.626,0.48147,0.22486,0.21673,0.48471,-0.1106,-0.83841,1.205,8.269,2.7559,0.40595,-0.26153,0.73588,-0.48613,-0.747,-0.36913,-0.72055,-8.9218,0.063436,-0.037637,0.19284,-0.78402,-0.29175,0.92889,0.045204
6.0351,-0.9162,6.2751,-0.081897,-0.48418,-0.02032,-0.4154,-0.011211,-0.87343,-6.9293,6.4477,1.3867,-0.51868,-0.27937,0.66362,0.76502,-0.56557,-0.13472,-4.5612,-0.73578,9.1262,0.56008,0.088853,0.068346,0.48693,-0.13028,-0.83424,0.46582,9.163,1.6746,0.018536,-0.11725,0.70348,-0.50622,-0.73916,-0.35881,-1.3806,-9.4642,0.095645,-0.011514,0.21646,-1.0459,-0.32447,0.91732,0.042658
7.4772,-0.59789,5.281,0.022231,-0.39829,-0.12441,-0.44832,-0.014083,-0.85865,-6.7912,7.8292,-0.49674,-0.86759,-0.081765,0.72106,0.74788,-0.58349,-0.14536,-4.786,-1.4521,8.5045,0.52828,-0.24293,-0.16565,0.49422,-0.16179,-0.82397,0.6607,9.2741,2.2186,-0.28909,-0.26472,0.84719,-0.53539,-0.71249,-0.36772,-1.0063,-9.593,0.1315,0.063381,0.068646,-0.87629,-0.36441,0.89921,0.029042
8.0658,-0.39694,5.7194,-0.06138,-0.11658,-0.17033,-0.45701,-0.016951,-0.85313,-6.5022,7.6442,-1.8251,-0.73784,0.13953,0.5451,0.7342,-0.596,-0.16493,-3.6749,-1.833,9.2027,0.20615,-0.31387,-0.46088,0.48185,-0.16846,-0.83091,1.5234,7.6006,3.2732,-0.36543,-0.12516,0.69606,-0.56051,-0.69201,-0.37433,-0.72054,-9.2452,0.68261,0.18119,0.10183,-0.84665,-0.39556,0.89111,0.021464
7.6858,-0.62911,5.26,0.11772,0.003836,-0.17159,-0.44931,-0.023357,-0.85531,-4.5824,8.0074,-1.2892,-0.25843,0.34431,0.54441,0.72002,-0.60529,-0.16682,-2.4004,-3.3545,9.2241,0.10183,-0.17674,-0.80053,0.46498,-0.14999,-0.84006,0.7253,9.065,3.8483,-0.24474,-0.11606,0.72208,-0.57803,-0.67467,-0.37493,-0.74856,-8.5233,1.4834,0.19049,0.009299,-0.76951,-0.4176,0.87881,0.023762
8.2782,-0.002788,4.903,0.30623,-0.072354,-0.075184,-0.44946,-0.034646,-0.85338,-3.1855,8.467,-1.1132,-0.72636,0.65369,0.65071,0.70869,-0.61866,-0.16449,-1.6098,-4.053,9.2825,0.51348,-0.17798,-0.89882,0.46073,-0.14183,-0.84238,1.2718,8.7306,3.6271,-0.021998,-0.056798,0.67035,-0.59766,-0.6569,-0.37628,-0.39097,-9.6076,1.3371,0.18556,0.006345,-0.73346,-0.44362,0.86588,0.020266
9.1877,0.26248,5.2846,0.29174,-0.54162,-0.006493,-0.46061,-0.047024,-0.84471,-3.8122,8.0771,-2.6692,-0.19959,1.0289,0.97094,0.69275,-0.63681,-0.15267,-1.5267,-3.8725,8.6058,-0.000661,-0.12768,-1.1801,0.45773,-0.135,-0.8446,1.4753,8.1114,3.0316,0.18568,0.041339,0.58794,-0.61286,-0.64463,-0.37611,-0.33005,-8.8749,1.0712,0.26072,0.063981,-0.60126,-0.46559,0.85564,0.011303
8.8591,-0.26551,4.5998,0.212,-0.48919,-0.13276,-0.48358,-0.056515,-0.82964,-1.6627,9.1004,-1.7766,-0.084758,1.0819,0.94681,0.6731,-0.66314,-0.11568,-0.95027,-4.5939,8.5,0.52016,-0.31147,-1.2372,0.45285,-0.1155,-0.84691,1.2587,9.6025,3.1607,0.071397,0.075097,0.63437,-0.62666,-0.62861,-0.3806,-0.45116,-9.3957,0.64941,0.0984,0.17234,-0.57836,-0.48418,0.84222,-0.004624
8.2942,-0.1556,4.1785,0.35492,-0.48327,-0.063358,-0.50123,-0.070545,-0.81882,-1.3329,9.3168,-2.4054,-0.83341,1.4323,1.0661,0.65201,-0.68601,-0.092853,-0.35235,-3.3912,7.7987,0.60325,-0.33997,-1.2015,0.44466,-0.11606,-0.85031,0.47264,9.0691,4.4285,-0.11672,0.062543,0.60601,-0.6436,-0.61004,-0.38341,-0.52743,-10.33,0.88465,0.125,0.18211,-0.54392,-0.50095,0.83358,-0.009225
8.5178,-0.33385,3.8433,0.33925,-0.1683,-0.041023,-0.50965,-0.083633,-0.80846,-0.41031,7.7995,-3.4759,-0.81982,1.3485,1.1463,0.6222,-0.71226,-0.084345,-0.008307,-4.6661,6.9948,0.18451,-0.42583,-1.2888,0.4272,-0.1004,-0.85878,0.99647,7.6815,4.9507,-0.08503,-0.077751,0.53594,-0.65295,-0.59652,-0.38112,-0.63096,-10.019,1.7802,0.23467,0.05765,-0.55763,-0.51762,0.82347,-0.011022
9.7793,0.20367,3.9757,0.015393,-0.33907,-0.14272,-0.51602,-0.091408,-0.80176,1.338,9.441,-2.1041,-0.58255,1.3131,0.94469,0.5942,-0.73422,-0.067837,1.5003,-3.7107,7.4411,0.4176,-0.48694,-1.3111,0.40936,-0.088867,-0.86477,1.6922,7.4371,4.8674,0.081684,-0.073062,0.47767,-0.66669,-0.58384,-0.37878,-0.32991,-9.1311,1.713,0.30839,-0.022251,-0.48616,-0.5348,0.81199,-0.021657
9.0138,0.44096,3.5984,0.34345,-0.53785,-0.20626,-0.53152,-0.1005,-0.79024,0.94463,7.424,-2.0939,-0.386,1.3899,1.0943,0.56948,-0.75651,-0.057451,2.0885,-3.054,7.82,-0.042633,-0.35821,-1.3782,0.39788,-0.071624,-0.87385,1.3904,7.85,4.4782,0.21118,-0.062569,0.41076,-0.67934,-0.57649,-0.37192,0.39725,-8.5503,1.2637,0.16848,0.033133,-0.46048,-0.55016,0.80311,-0.02885
