8.6148,-1.3256,4.6077,-0.003322,0.050728,-0.004739,-0.70571,0.49408,-0.27745,8.2395,5.2541,0.34034,0.020521,0.014416,-0.018866,-0.53411,-0.28614,-0.32177,9.3046,-1.8536,2.4059,0.023446,0.018682,-0.002688,-0.63182,0.43558,0.10605,-9.5747,-1.0162,-1.7797,-0.021091,0.002181,-0.022946,0.5261,-0.10377,0.48686,-9.7934,-0.13458,-0.43408,-0.010211,0.012514,-0.004078,0.58151,-0.047767,-0.30443
8.6002,-1.3031,4.563,0.006556,0.037271,0.000802,-0.70493,0.49306,-0.27794,8.264,5.2541,0.33563,0.040172,0.010884,-0.016375,-0.5354,-0.28525,-0.32173,9.2851,-1.8633,2.4302,0.003893,0.003899,-0.005397,-0.63139,0.4357,0.1047,-9.5745,-1.0314,-1.7421,-0.014288,0.004823,-0.00881,0.52628,-0.10368,0.48791,-9.8233,-0.13444,-0.43459,-0.004554,0.008571,-0.023099,0.58208,-0.048158,-0.30388
8.6299,-1.3329,4.5481,0.019251,0.041689,0.002625,-0.70523,0.49461,-0.2785,8.2076,5.3122,0.34526,0.03832,0.016263,-0.006552,-0.53382,-0.28692,-0.32122,9.3143,-1.8635,2.4771,0.020034,0.002993,-0.009789,-0.63137,0.43467,0.1051,-9.6267,-1.0466,-1.7507,-0.017889,-0.003069,-0.007103,0.52531,-0.10479,0.48722,-9.8084,-0.16439,-0.43442,-0.006448,-0.001206,-0.018642,0.58126,-0.048554,-0.30429
8.5854,-1.288,4.5331,0.009297,0.039906,-0.001032,-0.70449,0.49309,-0.27952,8.2149,5.3582,0.36253,0.010467,-0.003194,-0.012642,-0.53368,-0.28781,-0.3212,9.3191,-1.8514,2.4672,0.018109,-0.003208,-0.002736,-0.63236,0.43419,0.10532,-9.5668,-1.0764,-1.7419,-0.00925,0.00394,0.005293,0.52418,-0.10548,0.48587,-9.8234,-0.17931,-0.41977,-0.007449,0.007941,-0.009526,0.58152,-0.047508,-0.30417
8.5777,-1.3031,4.6076,0.004744,0.034543,-0.003749,-0.70506,0.49401,-0.28021,8.1758,5.3123,0.34021,0.003319,0.000365,-0.009911,-0.53369,-0.28806,-0.32145,9.3142,-1.8319,2.4692,0.041447,-0.001373,-0.009771,-0.63248,0.43473,0.1028,-9.5896,-1.0164,-1.765,0.010579,0.01096,-0.006998,0.52554,-0.10625,0.48567,-9.8085,-0.17923,-0.46434,0.002431,-0.008139,-0.008761,0.5828,-0.047882,-0.30478
8.6007,-1.258,4.4141,0.048175,0.014338,-0.014553,-0.70468,0.49351,-0.2806,8.1851,5.3415,0.29206,-0.022902,-0.01536,0.002827,-0.53264,-0.28858,-0.31969,9.3435,-1.8125,2.4082,0.037798,0.0096,-0.006208,-0.63171,0.43444,0.10322,-9.6044,-1.0166,-1.7277,0.001602,0.000419,-0.004423,0.52427,-0.10469,0.48509,-9.8084,-0.14196,-0.44182,0.003504,0.006001,-0.01862,0.58303,-0.048021,-0.30346
8.6149,-1.3475,4.533,-0.039586,0.043836,-0.001115,-0.70498,0.49301,-0.28127,8.2196,5.2736,0.29682,-0.010219,-0.018181,-0.015079,-0.53424,-0.28805,-0.32068,9.2703,-1.7855,2.4237,0.018046,0.015056,-0.000939,-0.63138,0.43444,0.10236,-9.5743,-1.054,-1.7196,0.002793,0.004796,-0.017637,0.52578,-0.10497,0.48529,-9.8084,-0.16444,-0.41947,-0.00317,0.002906,0.006703,0.58325,-0.04645,-0.30374
8.5406,-1.2437,4.6524,0.02906,-0.014405,-0.0336,-0.70662,0.49318,-0.28213,8.2174,5.3168,0.38448,-0.01592,-0.029459,0.009813,-0.5345,-0.28882,-0.32068,9.3752,-1.815,2.3574,-0.015452,0.005188,-0.018633,-0.63253,0.43513,0.10178,-9.5894,-1.0315,-1.7424,0.010847,-0.009293,-0.02126,0.52559,-0.10367,0.48437,-9.8084,-0.14935,-0.46425,0.00241,0.0135,-0.002286,0.58232,-0.04698,-0.30402
8.6897,-1.3036,4.5114,0.022352,0.10055,-0.019506,-0.7064,0.4925,-0.28066,8.2052,5.2393,0.35489,-0.012188,-0.018915,0.0036,-0.5332,-0.28818,-0.3205,9.2898,-1.7734,2.4238,-0.009943,0.012306,-0.027466,-0.63254,0.43423,0.10168,-9.5593,-1.0913,-1.7493,0.014311,-0.00667,-0.015961,0.52508,-0.10469,0.48487,-9.7785,-0.17937,-0.46383,0.009714,0.007993,-0.009589,0.58452,-0.047489,-0.30289
8.4804,-1.3471,4.6886,-0.022666,-0.029188,-0.025407,-0.7056,0.49178,-0.28302,8.1807,5.1621,0.29121,0.042575,-0.004864,0.001429,-0.53453,-0.28727,-0.32097,9.3556,-1.781,2.4054,-0.036149,-0.012038,-0.009864,-0.63149,0.43367,0.10263,-9.5744,-1.0465,-1.7271,0.007116,0.000393,-0.012372,0.5259,-0.10546,0.48465,-9.8237,-0.12004,-0.47039,0.000623,0.017007,-0.008561,0.58295,-0.048042,-0.30262
8.6894,-1.4658,4.3164,0.058488,0.03682,-0.072093,-0.70685,0.48996,-0.28159,8.0383,5.3125,0.27401,0.036287,-0.018232,-0.010154,-0.53411,-0.28754,-0.32043,9.4555,-1.9108,2.6952,0.095629,-0.034553,-0.04066,-0.63273,0.43307,0.10283,-9.6044,-1.0091,-1.7202,0.001719,-0.006626,-0.010647,0.52677,-0.10476,0.48612,-9.8088,-0.13508,-0.46271,0.025702,0.013786,0.004917,0.58272,-0.045557,-0.30359
8.6296,-1.3038,4.6975,0.037536,0.055547,-0.028409,-0.70769,0.48897,-0.28254,8.3761,5.2809,0.27837,0.030867,-0.052801,-0.03158,-0.5349,-0.28786,-0.31841,9.1581,-1.7268,2.5139,0.045896,0.016676,-0.053923,-0.63326,0.43258,0.10232,-9.597,-0.98668,-1.6976,0.003091,0.009226,0.008882,0.52677,-0.10452,0.48638,-9.8089,-0.23973,-0.44058,0.00949,0.001964,-0.000544,0.58348,-0.046995,-0.30235
8.5713,-1.1101,4.5342,0.023659,-0.010823,-0.035446,-0.70779,0.48799,-0.28441,8.3449,5.2777,0.42883,0.043486,-0.018263,-0.017275,-0.53505,-0.28842,-0.31661,9.2898,-1.8441,2.5326,0.003878,0.060162,-0.009697,-0.6342,0.43353,0.101,-9.5896,-1.0015,-1.7425,0.007124,0.009202,-0.012301,0.52744,-0.10376,0.48628,-9.8088,-0.1799,-0.46283,0.012994,-0.002356,0.006652,0.58251,-0.046347,-0.30293
8.7437,-0.96282,4.4022,-0.057446,0.082319,-0.016789,-0.70756,0.48724,-0.28519,8.1702,5.5157,0.36323,0.014446,-0.031229,0.013129,-0.53575,-0.29255,-0.31606,9.1974,-1.8603,2.3604,-0.03119,0.063955,0.005261,-0.63463,0.43202,0.099768,-9.5741,-1.1065,-1.727,0.001691,0.004803,-0.007059,0.52565,-0.1046,0.48555,-9.8088,-0.13513,-0.44777,-0.011251,0.008161,-0.000456,0.58224,-0.04661,-0.30306
8.6528,-1.1703,4.5941,-0.068404,0.069004,-0.014018,-0.70687,0.48715,-0.28716,8.1843,5.5405,0.23464,-0.11163,-0.043636,-0.012573,-0.53564,-0.29012,-0.31584,9.2023,-1.8772,2.3167,-0.034198,0.058002,0.022026,-0.63476,0.43282,0.097242,-9.5595,-1.0389,-1.7193,0.028468,0.012682,-0.012283,0.52632,-0.10497,0.48506,-9.8088,-0.16517,-0.40303,-0.013939,0.009905,-0.002245,0.58254,-0.047002,-0.30265
8.4368,-1.2125,4.4803,-0.037484,0.092043,-0.011367,-0.7067,0.4879,-0.28636,8.2512,5.2351,0.22394,-0.10684,-0.039445,-0.037518,-0.53557,-0.28843,-0.31664,9.2217,-1.785,2.2787,-0.06052,0.054691,0.0432,-0.63502,0.43308,0.097097,-9.5747,-0.99391,-1.7422,0.020531,0.008296,-0.015835,0.52682,-0.10281,0.48482,-9.8089,-0.23976,-0.43311,0.028326,0.012113,0.010331,0.5838,-0.048171,-0.3018
8.2571,-1.2125,4.8295,-0.024301,0.036722,0.011688,-0.70565,0.48892,-0.28659,8.2981,5.0945,0.22358,-0.004536,0.009166,-0.022107,-0.53573,-0.28752,-0.31717,9.1534,-1.7165,2.2301,-0.10422,0.017111,0.044828,-0.63301,0.43249,0.097216,-9.5895,-1.0314,-1.7574,0.02021,0.00215,-0.000885,0.52714,-0.10486,0.4851,-9.8089,-0.22472,-0.46295,0.044121,0.022301,-0.020393,0.58337,-0.047273,-0.30038
8.3089,-1.2283,4.9641,-0.038752,-0.12435,0.021492,-0.70551,0.48911,-0.28392,8.2645,5.0261,0.33484,0.027282,0.005927,0.020283,-0.53585,-0.28803,-0.31704,9.246,-1.7537,2.3641,-0.051565,-0.052661,0.005022,-0.63339,0.43454,0.099635,-9.5442,-1.1063,-1.7414,0.008914,0.000374,-0.012385,0.52736,-0.10382,0.48433,-9.7936,-0.000588,-0.49197,-0.010065,0.022153,-0.017563,0.58465,-0.047908,-0.30099
8.5483,-1.1699,4.6977,-0.011597,-0.12808,0.025205,-0.70899,0.48954,-0.27954,8.2935,5.2245,0.40154,0.067864,0.002873,0.080432,-0.53751,-0.28633,-0.31884,9.3431,-1.6597,2.4862,-0.046244,-0.12934,-0.075465,-0.63287,0.43462,0.10266,-9.5739,-1.1365,-1.727,0.023091,-0.00667,-0.010673,0.5257,-0.10201,0.48424,-9.8384,0.10423,-0.49991,-0.030077,0.007918,-0.009453,0.58165,-0.047145,-0.30215
8.8456,-1.3499,4.6541,-0.020512,-0.12115,-0.002175,-0.70907,0.4924,-0.27583,8.1875,5.414,0.341,0.017691,0.029654,0.10411,-0.53693,-0.28534,-0.31754,9.4063,-1.753,2.8604,-0.027838,-0.11915,-0.10633,-0.63483,0.43171,0.10588,-9.5596,-0.97919,-1.6594,0.00362,-0.019855,-0.018673,0.52734,-0.10229,0.48432,-9.8311,-0.090257,-0.43308,-0.030227,0.00272,-0.000437,0.58266,-0.045841,-0.30082
8.6755,-1.2877,4.2727,0.041439,-0.053533,0.003057,-0.70974,0.49183,-0.27346,8.1406,5.4797,0.27783,-0.030737,-0.005797,0.08476,-0.53749,-0.28449,-0.31591,9.47,-1.9719,2.8847,-0.016441,-0.074123,-0.055889,-0.63343,0.42971,0.10888,-9.6046,-0.98662,-1.7203,-0.024616,0.002202,-0.025583,0.52786,-0.10152,0.48395,-9.7793,-0.41155,-0.47789,0.027761,-0.002788,-0.016908,0.58434,-0.045951,-0.30129
8.7497,-1.3182,4.3402,-0.005203,0.046466,0.014429,-0.70909,0.49094,-0.27383,8.1655,5.2594,0.22352,-0.042854,-0.015044,0.035877,-0.5389,-0.28188,-0.31771,9.3071,-2.0094,2.6091,0.05403,-0.041356,-0.011626,-0.63385,0.42868,0.11039,-9.5893,-1.0317,-1.6899,-0.025534,0.016281,-0.022846,0.52707,-0.10217,0.48444,-9.7791,-0.29208,-0.46263,0.018513,0.006508,0.001262,0.58472,-0.046481,-0.29983
8.5569,-1.2416,4.0856,-0.01009,-0.051645,-0.011633,-0.71074,0.49194,-0.2723,8.1954,5.2104,0.32554,-0.004965,-0.010071,0.00536,-0.53915,-0.28087,-0.31736,9.2317,-1.9747,2.4362,0.071332,0.012219,0.012335,-0.63308,0.4297,0.1084,-9.657,-0.86033,-1.4814,0.020114,-0.027758,-0.046045,0.52762,-0.1008,0.48498,-9.7942,-0.37418,-0.4631,0.011189,0.008445,0.009443,0.58298,-0.045844,-0.30002
8.7347,-1.3036,4.4148,-0.010819,-0.001203,-0.002699,-0.71154,0.49246,-0.27247,8.244,5.3268,0.31179,0.029212,-0.004924,-0.009987,-0.53891,-0.28111,-0.31772,9.3048,-1.9165,2.2945,0.10221,0.010012,-0.012334,-0.6343,0.43053,0.10657,-9.6195,-0.94202,-1.6381,0.023342,0.007434,-0.024647,0.52874,-0.10046,0.48244,-9.7941,-0.32936,-0.46298,0.020199,0.015703,0.012181,0.58309,-0.048969,-0.30088
8.9058,-1.3936,4.3558,0.016562,0.041673,-0.001011,-0.71094,0.49121,-0.27364,8.2981,5.2684,0.3556,-0.013465,0.006406,-0.03447,-0.53963,-0.28146,-0.31917,9.3533,-1.7733,2.1852,0.003375,0.029105,0.019415,-0.63331,0.43049,0.10637,-9.5966,-1.0469,-1.6525,-0.000938,0.026826,-0.008654,0.52834,-0.10185,0.48229,-9.8089,-0.17963,-0.53753,0.031098,0.033676,0.012274,0.58376,-0.050412,-0.29912
8.6971,-1.3184,4.5039,0.013185,0.085492,-0.010334,-0.71026,0.49222,-0.27335,8.2495,5.1255,0.33277,0.009873,-0.011473,-0.05257,-0.53828,-0.28263,-0.31817,9.3778,-1.8391,2.2258,-0.06125,0.057177,0.036179,-0.63389,0.43182,0.10468,-9.5888,-1.1292,-1.6823,0.005537,0.021524,-0.019298,0.52766,-0.098956,0.48329,-9.8011,-0.000526,-0.49956,0.003923,0.021097,0.015864,0.58386,-0.048973,-0.29941
8.5852,-1.3104,4.5628,0.007741,0.088277,-0.00489,-0.70874,0.49301,-0.27463,8.2445,5.1184,0.2914,0.018843,8.7e-05,-0.043693,-0.53703,-0.28286,-0.319,9.3434,-1.7128,2.3307,-0.061147,0.056995,0.029113,-0.63394,0.43119,0.10357,-9.5742,-1.0617,-1.6671,-0.015724,0.01186,-0.024647,0.52764,-0.099694,0.48264,-9.7712,-0.060452,-0.49175,0.007303,0.008848,0.030235,0.58521,-0.048703,-0.29885
8.6154,-1.2733,4.4887,-0.008605,0.055741,-0.033955,-0.70883,0.49126,-0.27648,8.2686,5.1865,0.25784,0.01316,-0.015602,-0.021487,-0.53749,-0.28366,-0.31811,9.3285,-1.6378,2.4612,-0.069637,0.036352,0.007865,-0.63364,0.43219,0.10468,-9.6042,-1.0393,-1.6827,-0.008746,0.023312,-0.017502,0.52737,-0.099318,0.48289,-9.7489,-0.13515,-0.52146,0.007457,0.012227,0.0203,0.58397,-0.050288,-0.29807
8.6005,-1.2657,4.4886,0.005874,0.045649,-0.043925,-0.70849,0.49077,-0.2774,8.2981,5.1694,0.28467,0.00222,-0.034975,-0.015272,-0.53824,-0.28444,-0.31788,9.3918,-1.6698,2.5605,-0.042145,0.033808,-0.027423,-0.63314,0.43217,0.10458,-9.5892,-1.069,-1.7424,-0.01234,0.019787,-0.01489,0.5285,-0.099491,0.48372,-9.8385,-0.000375,-0.49273,-0.014281,0.012263,0.024912,0.58334,-0.050934,-0.29966
8.5707,-1.2581,4.4884,-0.015822,0.0484,-0.050353,-0.7101,0.48964,-0.27785,8.2054,5.186,0.35951,0.047059,-0.022705,-0.016477,-0.53796,-0.28522,-0.31747,9.3091,-1.7107,2.5599,-0.054485,0.040829,-0.034515,-0.63442,0.4312,0.10405,-9.5304,-0.88134,-1.7189,-0.035848,0.002197,-0.000858,0.529,-0.10084,0.48556,-9.7785,0.059047,-0.47661,-0.057849,-0.00015,0.040283,0.58374,-0.051598,-0.29779
8.6161,-1.1545,4.4298,0.014753,0.005166,-0.05012,-0.71026,0.48863,-0.27838,8.1657,5.2977,0.31604,0.055991,-0.015578,-0.009392,-0.5382,-0.28459,-0.31711,9.3263,-1.7956,2.4688,-0.014256,0.046561,-0.037108,-0.63452,0.43056,0.10456,-9.6041,-1.0245,-1.6227,-0.094268,0.042795,-0.008543,0.52781,-0.10185,0.48252,-9.8088,-0.14255,-0.46273,-0.018641,-0.001033,0.077287,0.58445,-0.051841,-0.29908
8.6604,-1.1701,4.5419,-0.079204,0.048812,-0.055899,-0.71035,0.48835,-0.27759,8.2381,5.4512,0.1568,0.004024,-0.036762,-0.020607,-0.53854,-0.28691,-0.31657,9.3629,-1.803,2.4303,-0.053119,0.052301,-0.013285,-0.63562,0.43113,0.10249,-9.5871,-1.4219,-1.6219,-0.019651,0.01452,-0.003522,0.52759,-0.1034,0.4833,-9.7942,-0.34388,-0.58255,0.06321,0.023592,0.039261,0.58336,-0.053688,-0.29802
8.6904,-1.1408,4.5498,0.002322,0.040876,-0.072165,-0.71035,0.48771,-0.27771,8.233,5.4539,0.11304,-0.076732,-0.056043,-0.014711,-0.53836,-0.28617,-0.31554,9.3118,-1.8245,2.3908,-0.072521,0.035561,-0.022189,-0.63623,0.42974,0.10275,-9.574,-1.1512,-1.7795,0.03854,0.032031,-0.021879,0.52799,-0.10402,0.4828,-9.794,-0.22437,-0.58222,0.060003,0.024763,0.009424,0.5845,-0.055511,-0.29717
8.6305,-1.1702,4.6088,-0.012099,0.088131,-0.029528,-0.71174,0.48519,-0.27895,8.2488,5.1433,0.16761,-0.058685,-0.049072,-0.020196,-0.53811,-0.28642,-0.31578,9.2484,-1.8147,2.5217,-0.029573,0.004866,-0.027521,-0.63656,0.42923,0.10374,-9.5442,-1.1213,-1.7414,0.00352,0.007425,-0.00881,0.52604,-0.10196,0.4827,-9.831,-0.000463,-0.47766,-0.000597,0.004881,0.012163,0.58381,-0.053936,-0.29906
8.5414,-1.1394,4.5039,0.014528,-0.036024,-0.047211,-0.71182,0.48452,-0.27788,8.3029,5.2009,0.28485,0.020128,-0.029663,-0.01183,-0.53839,-0.2859,-0.31606,9.1873,-1.7489,2.5367,-0.015383,-0.01125,-0.023133,-0.63631,0.42871,0.10377,-9.5585,-1.2265,-1.7116,0.031315,0.000347,-0.019466,0.52731,-0.10277,0.48354,-9.7788,-0.060182,-0.55911,0.041644,0.001737,0.026488,0.58392,-0.055771,-0.29797
8.5713,-1.1321,4.4743,-0.005248,0.001909,-0.035543,-0.71266,0.48449,-0.27618,8.3173,5.3366,0.29284,0.016613,-0.010157,-0.00634,-0.53926,-0.28477,-0.31536,9.2361,-1.7904,2.5406,0.009859,-0.022271,-0.034598,-0.63743,0.42977,0.10381,-9.6039,-1.1216,-1.7201,0.073102,0.028486,-0.018361,0.52692,-0.1014,0.4843,-9.8087,-0.075215,-0.49242,0.043634,0.008642,0.012977,0.58399,-0.056952,-0.29716
8.6681,-1.111,4.5647,-0.041551,0.000605,-0.020981,-0.71421,0.48474,-0.27545,8.3222,5.2761,0.2683,-0.048924,-0.043697,-0.011322,-0.53952,-0.28343,-0.31759,9.2849,-1.7856,2.4557,-0.004362,-0.007912,-0.037219,-0.63645,0.42756,0.10342,-9.5894,-1.039,-1.7424,0.042578,0.00916,-0.007012,0.52748,-0.10092,0.48484,-9.8234,0.066782,-0.49229,0.051019,0.012018,0.001224,0.58374,-0.059041,-0.29739
8.6755,-1.1554,4.5198,-0.030645,0.016813,-0.008271,-0.71424,0.48475,-0.27598,8.2956,5.1694,0.27251,-0.040888,-0.01876,0.013623,-0.53875,-0.28495,-0.3179,9.2704,-1.8195,2.4316,-0.047573,-0.00051,-0.018713,-0.6375,0.42668,0.10489,-9.5596,-1.0313,-1.7418,0.031233,0.000351,-0.017662,0.52816,-0.099422,0.48539,-9.8235,0.1046,-0.62665,-0.027046,-0.009143,0.032023,0.58436,-0.05877,-0.2979
8.6306,-1.1847,4.5341,-0.047899,0.017087,0.004468,-0.71482,0.48446,-0.2744,8.2882,5.1647,0.23842,-0.039328,-0.004277,0.052809,-0.53984,-0.28245,-0.31608,9.2656,-1.851,2.4003,-0.053994,0.00149,-0.009888,-0.63858,0.42582,0.10586,-9.5891,-1.0767,-1.6824,0.025129,0.005653,-0.022926,0.52686,-0.098593,0.48403,-9.8238,-0.074726,-0.6122,-0.10449,-0.018704,0.016781,0.5841,-0.060337,-0.29814
8.6234,-1.1916,4.4221,-0.028119,-0.015372,0.002804,-0.71417,0.48549,-0.27465,8.3078,5.1477,0.24332,-0.015931,-0.018663,0.027643,-0.54095,-0.28171,-0.31512,9.2533,-1.8218,2.4265,-0.06907,-0.016919,-0.013477,-0.6385,0.42529,0.10737,-9.5743,-1.0392,-1.6821,0.021503,-0.006671,-0.02124,0.52689,-0.096864,0.48533,-9.7712,-0.045513,-0.49171,-0.11865,0.007758,-0.000216,0.58386,-0.056939,-0.299
8.6382,-1.2286,4.3922,-0.019043,-0.013673,0.000984,-0.71426,0.48566,-0.27133,8.2955,5.1768,0.2531,0.075682,0.009399,0.01637,-0.54157,-0.28001,-0.31673,9.2946,-1.7954,2.4854,-0.039807,-0.011056,-0.006353,-0.63786,0.42641,0.10775,-9.5589,-1.1738,-1.7567,-0.038934,0.011,-0.017623,0.52791,-0.096191,0.48394,-9.8087,-0.15038,-0.35816,-0.034066,0.004819,0.01586,0.58415,-0.057591,-0.29872
8.7204,-1.1848,4.3707,-0.010023,-0.019073,0.002852,-0.71476,0.48604,-0.27082,8.165,5.4485,0.21952,0.060788,0.014383,-0.021703,-0.54228,-0.28234,-0.31596,9.3385,-1.7836,2.5152,-0.010487,-0.012512,-0.001011,-0.6376,0.42628,0.10789,-9.559,-1.1364,-1.7267,-0.003404,0.005675,-0.017649,0.52768,-0.096725,0.48471,-9.8012,-0.097764,-0.46248,0.049804,0.014278,0.024755,0.58429,-0.056823,-0.29662
8.8465,-1.194,4.5805,-0.024249,0.03482,-0.002849,-0.71475,0.48718,-0.27056,8.1942,5.4172,0.17339,-0.017057,-0.000663,-0.037148,-0.53997,-0.28206,-0.31609,9.3871,-1.7232,2.5466,0.003924,-0.005342,-0.008909,-0.63761,0.42422,0.1077,-9.5439,-1.1812,-1.7564,0.024665,0.017965,0.001841,0.52642,-0.095925,0.48413,-9.7935,0.089467,-0.61125,0.036588,0.004794,0.001195,0.58447,-0.058897,-0.29816
8.7208,-1.1033,4.3712,0.009403,0.05598,-0.00565,-0.71419,0.48639,-0.27,8.2975,5.2862,0.19772,-0.098058,-0.034817,-0.014432,-0.53952,-0.28241,-0.31735,9.4333,-1.6966,2.5029,-0.02454,0.003389,-0.013324,-0.63838,0.42528,0.10738,-9.5815,-1.1065,-1.7122,0.032006,-0.006678,-0.01243,0.52774,-0.097409,0.48601,-9.8084,0.1341,-0.53668,0.006872,0.009951,-0.004119,0.58545,-0.058633,-0.29734
8.6597,-1.2301,4.7131,-0.044928,0.067242,-0.001205,-0.71323,0.4872,-0.27183,8.2882,5.1406,0.22373,-0.076667,-0.029405,0.003184,-0.54032,-0.28125,-0.31767,9.2604,-1.7151,2.4835,-0.042871,0.016634,0.009595,-0.63837,0.42541,0.1075,-9.5588,-1.1516,-1.6817,0.017552,0.002139,-0.000907,0.52765,-0.096192,0.48406,-9.7634,0.11884,-0.50608,0.022909,0.006705,0.010273,0.58505,-0.05994,-0.29759
8.5414,-1.1688,4.4515,0.001057,-0.004401,-0.033689,-0.71334,0.48732,-0.27144,8.264,5.2007,0.33078,-0.10557,-0.043419,0.015803,-0.54138,-0.28061,-0.31812,9.3874,-1.8395,2.4362,-0.06931,0.017819,-0.004539,-0.63744,0.42459,0.1087,-9.5902,-1.0173,-1.6821,0.028333,0.023159,-0.008567,0.52946,-0.095298,0.48618,-9.8087,-0.030213,-0.54459,0.01851,0.001143,0.001227,0.58472,-0.058908,-0.29657
8.7051,-1.222,4.4599,-0.063067,0.053821,-0.004828,-0.71418,0.48741,-0.26974,8.3154,5.1378,0.29192,-0.068934,-0.039795,0.029747,-0.54127,-0.27805,-0.31791,9.2777,-1.8341,2.4442,-0.063767,0.015859,-0.013399,-0.6379,0.42473,0.10942,-9.5898,-1.1221,-1.742,-0.033967,0.021477,-0.003313,0.52904,-0.096034,0.48564,-9.7788,-0.037642,-0.5964,0.007807,-0.006275,-0.008759,0.58435,-0.059435,-0.29631
8.5201,-1.1302,4.101,-0.019645,0.025434,-0.017448,-0.71568,0.48783,-0.27047,8.2931,5.2155,0.2727,-0.069603,-0.017773,0.020984,-0.54404,-0.27624,-0.31899,9.2169,-1.8702,2.4195,-0.065157,0.010148,0.011297,-0.63761,0.4242,0.11032,-9.5599,-1.137,-1.7264,-0.026802,-0.002315,-0.007894,0.5289,-0.0974,0.48486,-9.7935,0.029265,-0.48442,-0.010117,0.00152,-0.018607,0.58484,-0.058905,-0.2967
8.6162,-1.066,4.5273,-0.049638,0.039636,0.014402,-0.71368,0.48807,-0.27039,8.381,5.1964,0.20754,-0.057143,-0.024782,0.02619,-0.54301,-0.27521,-0.31883,9.2362,-1.7805,2.428,-0.035618,0.005704,0.006036,-0.63903,0.42516,0.10935,-9.5673,-1.1222,-1.6816,-0.001113,-0.012023,-0.005307,0.52853,-0.096184,0.48303,-9.8086,-0.045336,-0.49234,0.036034,0.004217,-0.026833,0.58511,-0.059946,-0.2968
8.7053,-1.2438,4.3553,-0.074415,-0.025597,0.019203,-0.71441,0.48938,-0.26643,8.2759,5.2155,0.27746,-0.076899,-0.027428,0.028103,-0.54417,-0.2742,-0.31865,9.2362,-1.7464,2.3736,-0.028481,-0.016012,0.007771,-0.63864,0.42617,0.10959,-9.5746,-1.1821,-1.7267,0.02453,0.002034,0.003603,0.52894,-0.096434,0.48279,-9.8086,0.059555,-0.5817,0.033458,-0.00316,-0.036831,0.5859,-0.059416,-0.29679
8.6295,-1.4658,4.4428,-0.053131,0.065694,0.020653,-0.71294,0.49001,-0.26638,8.2249,5.099,0.29362,-0.053304,-0.017102,0.002153,-0.54406,-0.27106,-0.32076,9.4068,-1.7861,2.3794,-0.035575,-0.019823,0.006033,-0.63675,0.42635,0.11006,-9.5595,-1.197,-1.7188,0.035299,0.015214,0.000163,0.5289,-0.0974,0.48486,-9.801,0.07425,-0.52177,0.031447,0.006121,-0.020486,0.58508,-0.05929,-0.29721
8.5542,-1.4886,4.7405,0.007356,0.020285,0.002698,-0.71332,0.49026,-0.26587,8.3379,4.898,0.25209,0.006263,0.002885,-0.030252,-0.54275,-0.2717,-0.32055,9.4311,-1.7814,2.4065,-0.060297,-0.024004,-0.006362,-0.63728,0.42648,0.11177,-9.5748,-1.1223,-1.6817,0.005,0.012623,0.001925,0.52916,-0.096388,0.48487,-9.8235,0.044555,-0.54464,0.044004,-0.005402,-0.016965,0.58485,-0.059166,-0.29669
8.6746,-1.3479,4.5036,0.04523,-0.019512,-0.002546,-0.71269,0.49104,-0.26651,8.3943,4.8882,0.27669,0.10261,0.009345,0.014347,-0.5434,-0.27413,-0.32105,9.3385,-1.859,2.5923,-0.03584,-0.040621,-0.024069,-0.63706,0.42594,0.11379,-9.5898,-1.0776,-1.6296,0.001077,0.004725,0.016882,0.52898,-0.096102,0.48408,-9.8087,-9.9e-05,-0.61175,0.042515,0.000442,-0.037731,0.58536,-0.058117,-0.2967
8.7497,-1.2814,4.4001,0.067206,0.035143,0.008197,-0.7143,0.49042,-0.26697,8.2373,5.152,0.36198,0.15018,0.025078,0.005159,-0.54482,-0.27312,-0.32089,9.2655,-1.9365,2.6928,0.021288,-0.041273,-0.068194,-0.63954,0.42526,0.11419,-9.62,-1.0325,-1.6677,-0.007448,-0.004943,-0.000825,0.52832,-0.096737,0.48432,-9.8087,-0.045022,-0.58199,0.015225,0.000654,-0.022284,0.58584,-0.058238,-0.29734
8.556,-1.2282,4.4587,0.045247,-0.015938,-0.000748,-0.71409,0.48788,-0.26801,8.2244,5.4476,0.40456,0.08466,0.005687,0.000299,-0.54511,-0.27431,-0.31934,9.2997,-1.9705,2.6034,0.050015,-0.018332,-0.034544,-0.63749,0.4221,0.11513,-9.5602,-1.0472,-1.6815,-8.9e-05,-0.010271,-0.012338,0.5278,-0.097882,0.48455,-9.8088,-0.089998,-0.53729,-0.01017,-0.012775,-0.016882,0.58455,-0.058514,-0.29698
8.6759,-1.1693,4.2958,0.030946,0.003612,-0.020909,-0.71469,0.48843,-0.26924,8.2245,5.3025,0.31642,0.049124,0.012632,-0.019845,-0.54408,-0.27603,-0.31733,9.2998,-1.9557,2.4907,0.028527,0.026309,0.009685,-0.63918,0.42256,0.11378,-9.5902,-1.0173,-1.6821,-0.021669,0.007384,0.000144,0.52893,-0.095804,0.48291,-9.8089,-0.17222,-0.52257,-0.020931,0.011384,-0.016691,0.58513,-0.058122,-0.29631
8.6605,-1.17,4.5195,-0.055946,0.045969,0.015279,-0.71366,0.48991,-0.26734,8.2484,5.3008,0.17562,0.040274,0.014389,-0.025987,-0.54286,-0.27739,-0.31878,9.2121,-1.9017,2.3906,0.06068,0.012076,0.009675,-0.63777,0.42316,0.11209,-9.5899,-1.0774,-1.6671,-0.003738,0.021441,-0.005063,0.52864,-0.097914,0.48511,-9.8238,-0.10492,-0.52264,0.008744,0.008059,-0.009546,0.58553,-0.057858,-0.29617
8.6686,-1.1029,4.3858,0.025547,0.02904,-4.4e-05,-0.71454,0.4874,-0.26896,8.3023,5.4047,0.25175,0.004268,0.014598,-0.00788,-0.54244,-0.27651,-0.318,9.0948,-1.697,2.2973,0.006831,0.021148,0.023751,-0.63792,0.42471,0.11166,-9.5599,-1.1073,-1.6664,-0.003505,0.018779,-0.015677,0.529,-0.097372,0.48409,-9.8237,-0.04516,-0.52248,0.01331,0.009794,-0.013166,0.58541,-0.058252,-0.29603
8.5562,-1.1102,4.5937,-0.046052,0.038809,0.021703,-0.71465,0.49021,-0.26845,8.1364,5.4137,0.39415,-0.057816,-0.004702,0.006733,-0.54333,-0.2778,-0.31803,9.3679,-1.8004,2.3668,-0.053613,-0.008814,0.014854,-0.63707,0.42469,0.11096,-9.5902,-1.0323,-1.6971,-0.011611,0.009123,-0.012201,0.53024,-0.098021,0.48402,-9.7937,-0.075181,-0.52205,0.006895,0.00091,-0.007795,0.58572,-0.05824,-0.29721
8.6746,-1.3184,4.5485,-0.036846,0.056502,0.007962,-0.71366,0.49017,-0.26734,8.2173,5.2588,0.34291,-0.088889,0.002257,-0.012545,-0.54442,-0.27727,-0.31912,9.3945,-1.7424,2.4395,-0.05902,-0.003399,0.015754,-0.63777,0.42445,0.11205,-9.605,-1.0325,-1.6524,0.010427,-0.002334,-0.005217,0.53024,-0.0989,0.48376,-9.7788,-0.097557,-0.55174,-0.010356,0.004614,0.001311,0.58493,-0.057219,-0.29528
8.6298,-1.3992,4.4581,-0.01062,0.041869,0.002577,-0.71194,0.49195,-0.26742,8.2859,5.1404,0.2626,-0.047768,0.002333,-0.000441,-0.5432,-0.27595,-0.32011,9.3481,-1.7668,2.6153,-0.044628,0.006513,0.007823,-0.63858,0.426,0.11347,-9.6049,-1.0476,-1.6224,-0.010861,0.005615,-0.00693,0.53053,-0.098797,0.48429,-9.8088,-0.10489,-0.55227,-0.006904,0.001272,0.012148,0.58582,-0.058105,-0.2976
8.585,-1.3695,4.5326,0.001174,0.061749,0.020748,-0.71297,0.49124,-0.26932,8.2443,5.0993,0.24271,-0.004542,0.003809,-0.02659,-0.54377,-0.27414,-0.32069,9.3361,-1.8786,2.6708,-0.010503,-0.001643,-0.001884,-0.63731,0.42544,0.11367,-9.6045,-1.1225,-1.6448,-0.012584,0.010895,-0.007792,0.52994,-0.098241,0.48323,-9.8087,-0.075084,-0.52978,-0.004889,0.008153,-0.002284,0.58603,-0.05746,-0.29642
8.6299,-1.3696,4.4732,0.047572,0.0744,-0.015721,-0.71278,0.49204,-0.27065,8.2962,5.0963,0.3548,0.043866,0.002758,-0.037653,-0.54322,-0.27658,-0.32061,9.2705,-1.9411,2.5438,-0.001029,0.019645,-0.027464,-0.63633,0.42605,0.11333,-9.5822,-1.1,-1.6369,0.010307,0.019665,0.002864,0.52943,-0.098272,0.48424,-9.8012,-0.03017,-0.56688,-0.007725,0.002949,0.006727,0.58657,-0.058759,-0.29651
8.6004,-1.2586,4.5484,0.036498,0.05054,0.003522,-0.71283,0.49002,-0.2717,8.2201,5.2053,0.37184,0.10853,0.033582,-0.038908,-0.54113,-0.27798,-0.32022,9.3438,-2.0433,2.4733,0.04317,0.015089,-0.006214,-0.63763,0.42495,0.1123,-9.59,-1.0474,-1.6596,-0.0019,0.017917,-0.00861,0.52908,-0.098321,0.48228,-9.7939,-0.11984,-0.567,-0.01489,0.00464,0.003138,0.58572,-0.057313,-0.2988
8.5559,-1.2137,4.5408,0.049203,0.039418,-0.017392,-0.71288,0.48799,-0.27276,8.2098,5.2494,0.28693,0.076064,0.007191,-0.031666,-0.54059,-0.27901,-0.31991,9.29,-1.9264,2.4387,0.035905,0.031543,-0.001776,-0.63842,0.4255,0.11162,-9.5976,-1.0399,-1.6823,-0.01971,0.00914,-0.00779,0.53051,-0.098904,0.48377,-9.8012,-0.03017,-0.56688,-0.01022,0.000815,-0.009562,0.58489,-0.057867,-0.29593
8.5558,-1.1992,4.6081,0.016534,0.030748,-0.013747,-0.71238,0.48941,-0.27328,8.2636,5.2785,0.28496,0.057977,-0.008615,-0.024474,-0.53982,-0.28015,-0.3201,9.2558,-1.8219,2.4339,0.028754,0.016969,-0.000931,-0.638,0.42563,0.10989,-9.5749,-1.0923,-1.6667,-0.028771,-0.006699,-0.000853,0.52993,-0.098358,0.48297,-9.8086,-0.000308,-0.55198,-0.01757,0.008181,0.001362,0.58667,-0.057321,-0.29667
8.5707,-1.1919,4.6082,-0.005255,0.022883,-0.010093,-0.71134,0.48967,-0.27364,8.2364,5.3827,0.29256,0.030976,0.003111,-0.001061,-0.54126,-0.28035,-0.31825,9.2849,-1.754,2.4283,0.014397,0.014201,0.002595,-0.63807,0.42667,0.10861,-9.5746,-1.1596,-1.7117,0.003556,0.017896,-0.012166,0.52924,-0.098724,0.48281,-9.8086,-0.00036,-0.53704,-0.017476,-0.008174,-0.009601,0.58732,-0.05798,-0.29506
8.6004,-1.2145,4.6382,-0.018107,0.003501,0.008216,-0.71059,0.4884,-0.27453,8.2291,5.356,0.29725,-0.010368,-0.011808,0.00542,-0.54107,-0.28082,-0.31952,9.2945,-1.7006,2.4226,0.007738,-0.000983,-0.019516,-0.6384,0.4268,0.10958,-9.5897,-1.1297,-1.7195,0.012399,0.016133,-0.010406,0.52929,-0.099389,0.48359,-9.8086,-0.015352,-0.52214,-0.012212,-0.000727,0.003099,0.58563,-0.058245,-0.29668
8.5712,-1.1985,4.4142,0.023482,-0.018412,0.004705,-0.71342,0.49018,-0.27279,8.2171,5.3025,0.32123,-0.05696,-0.0224,0.001293,-0.53998,-0.2811,-0.31843,9.3239,-1.7469,2.4239,-0.019271,-0.01998,-0.006334,-0.63752,0.42626,0.10964,-9.605,-1.0624,-1.6899,-0.00816,0.000326,-0.007855,0.52961,-0.10044,0.48438,-9.7862,-0.060225,-0.53683,0.014041,-0.000747,-0.002401,0.58529,-0.057588,-0.29763
8.6297,-1.3332,4.6227,-0.03525,0.018005,0.011776,-0.71246,0.48964,-0.27222,8.2566,5.1427,0.27701,-0.015533,0.007614,0.002874,-0.54174,-0.27979,-0.31983,9.2557,-1.7928,2.4774,-0.007396,-0.020206,-0.019593,-0.63706,0.42586,0.10868,-9.5748,-1.0999,-1.6517,0.003376,0.000298,-0.006979,0.52939,-0.098736,0.48307,-9.8087,-0.045179,-0.53717,0.013121,-0.006121,-0.002425,0.58479,-0.058784,-0.29565
8.5256,-1.3025,4.5624,0.028917,-0.033967,-0.018933,-0.71243,0.49014,-0.27169,8.2664,5.2055,0.33567,0.009348,-0.011843,0.005245,-0.54098,-0.27927,-0.32006,9.3728,-1.9026,2.4664,-0.024333,-0.029467,-0.018726,-0.63695,0.42648,0.11092,-9.605,-1.04,-1.6524,4.6e-05,0.007354,-0.017505,0.52981,-0.098503,0.48348,-9.8237,-0.060021,-0.54493,0.004231,0.006251,-0.009549,0.58552,-0.05864,-0.29642
8.6748,-1.2888,4.5487,0.00455,0.00331,0.006424,-0.714,0.48938,-0.27135,8.2468,5.162,0.30619,0.055963,-0.01373,-0.001384,-0.54095,-0.27878,-0.31929,9.2851,-1.9023,2.5091,-0.017078,-0.013189,-0.025775,-0.63899,0.42618,0.1102,-9.5599,-1.0997,-1.6814,0.005102,0.009092,-0.00339,0.52877,-0.098785,0.4846,-9.7937,-0.030232,-0.55928,-0.013735,0.000652,-0.016793,0.58596,-0.058495,-0.29759
8.6455,-1.2215,4.4594,0.008989,-0.021029,0.000146,-0.71415,0.48964,-0.27162,8.2368,5.2783,0.31153,0.068616,0.009259,0.001316,-0.54093,-0.27993,-0.31927,9.2509,-1.9021,2.5184,-0.032654,-0.012805,-0.006372,-0.63869,0.425,0.11112,-9.5898,-1.0999,-1.667,0.00614,0.009102,-0.010447,0.52931,-0.099037,0.48437,-9.8236,-0.015229,-0.53734,-0.012115,-0.009868,-0.006001,0.58734,-0.057576,-0.29664
8.6154,-1.2512,4.5336,0.02176,-0.005032,-0.004466,-0.71293,0.49039,-0.27118,8.2094,5.3586,0.26312,0.054087,-0.015435,0.003977,-0.54183,-0.28058,-0.31931,9.2996,-1.8781,2.5456,0.000492,-0.013641,-0.013385,-0.63841,0.4255,0.11174,-9.59,-1.0623,-1.6821,-0.010527,0.009117,-0.02103,0.52928,-0.098505,0.48372,-9.8012,-0.07512,-0.52965,0.005865,0.002905,0.002173,0.58577,-0.059679,-0.29679
8.675,-1.259,4.5042,0.004581,0.002299,-0.001781,-0.71458,0.48985,-0.26964,8.2338,5.3852,0.26339,-0.003296,-0.010823,0.016931,-0.54247,-0.2816,-0.31945,9.263,-1.839,2.5101,0.005812,-0.015349,-0.011622,-0.63844,0.42551,0.11112,-9.5675,-1.0773,-1.6666,-0.003588,0.019665,-0.012135,0.5298,-0.099489,0.4827,-9.8088,-0.10499,-0.52239,0.013133,-0.013347,-0.005184,0.58514,-0.059934,-0.29825
8.6305,-1.2289,4.4816,0.012808,0.014739,-0.004563,-0.71425,0.49046,-0.26857,8.2293,5.2929,0.30426,-0.028385,-0.01879,0.013526,-0.54226,-0.27986,-0.31767,9.3045,-1.844,2.4693,0.014888,-0.012738,-0.01866,-0.63742,0.42598,0.11153,-9.5901,-1.0473,-1.6821,0.003648,0.005579,-0.019286,0.53134,-0.099048,0.48394,-9.8087,-0.09005,-0.52235,0.004273,-0.002827,-0.015042,0.58577,-0.059418,-0.29679
8.6305,-1.2142,4.5041,-0.009057,0.00348,0.013697,-0.71463,0.48924,-0.2707,8.2539,5.2542,0.29694,-0.022966,-0.023281,0.005453,-0.54287,-0.27956,-0.31938,9.2849,-1.7953,2.4437,0.016223,-0.012164,0.002539,-0.63969,0.42504,0.11119,-9.5901,-1.0473,-1.6821,0.006959,0.007342,-0.007802,0.53024,-0.09953,0.48363,-9.7937,-0.075181,-0.52205,0.004128,-0.002611,-0.004194,0.5853,-0.058632,-0.29761
8.6751,-1.2663,4.4743,-0.014387,0.0205,0.009969,-0.71364,0.49048,-0.26948,8.2711,5.2081,0.29197,-0.008466,-0.004771,0.001872,-0.54287,-0.27943,-0.31926,9.2703,-1.8196,2.4781,0.001909,0.013184,0.002567,-0.63969,0.4253,0.11118,-9.5901,-1.0324,-1.6596,-0.000815,0.023192,-0.017394,0.53031,-0.10034,0.48494,-9.8086,-0.022822,-0.52216,-0.010396,-0.005238,0.001256,0.58565,-0.057972,-0.29814
8.6751,-1.2515,4.4893,0.001042,0.022097,0.002689,-0.71373,0.48841,-0.26866,8.259,5.2152,0.32109,0.013093,0.003123,-0.000931,-0.54218,-0.27747,-0.32054,9.3581,-1.8418,2.4554,-0.029282,0.020121,0.000802,-0.63888,0.42577,0.11246,-9.6199,-1.0475,-1.6677,-0.005214,0.002083,-0.021074,0.52919,-0.099924,0.48436,-9.8012,-0.060102,-0.55202,-0.013971,-0.012495,-0.002404,0.58588,-0.058618,-0.29864
8.6376,-1.2884,4.5111,-0.007013,0.043705,0.006229,-0.71337,0.49086,-0.26933,8.1898,5.3804,0.2631,0.024926,0.002013,-0.025923,-0.54373,-0.27849,-0.32086,9.2993,-1.7953,2.5419,0.01098,0.003265,-0.000964,-0.6384,0.42506,0.11175,-9.5454,-1.0618,-1.7562,0.003466,-0.02613,-0.012456,0.52943,-0.099401,0.48385,-9.8088,-0.09752,-0.52237,0.013867,-0.000483,0.010276,0.58594,-0.059666,-0.2981
8.6302,-1.2883,4.4892,0.036274,0.000266,-0.005414,-0.71414,0.49084,-0.26905,8.2346,5.2587,0.36488,0.025935,0.016119,-0.027641,-0.54146,-0.27916,-0.31944,9.2653,-1.8583,2.5718,-0.020043,0.010036,-0.010717,-0.63855,0.42726,0.11118,-9.56,-1.0921,-1.7115,-0.007096,0.015262,-0.013936,0.53026,-0.099174,0.48428,-9.8088,-0.089998,-0.53729,0.013059,-0.002425,0.003028,0.5862,-0.060329,-0.2965
8.5705,-1.332,4.4138,-0.037703,0.072762,0.018786,-0.71352,0.49046,-0.26982,8.2195,5.264,0.27247,-0.002721,-0.005163,-0.04175,-0.54174,-0.28043,-0.31995,9.2849,-1.8827,2.5603,0.027854,0.013505,0.002597,-0.63846,0.42752,0.11043,-9.6048,-1.0775,-1.6524,-0.001887,0.022325,-0.008585,0.52884,-0.09885,0.48292,-9.7938,-0.075025,-0.56687,-0.000592,-0.002293,0.0121,0.586,-0.059007,-0.2989
8.6156,-1.2509,4.4147,0.047409,0.055807,-0.00017,-0.7128,0.4905,-0.27126,8.2144,5.2836,0.23365,0.011697,0.01788,-0.032853,-0.54162,-0.28093,-0.32019,9.275,-1.8,2.5123,0.041083,0.013813,0.009684,-0.63914,0.42729,0.10941,-9.6049,-1.07,-1.6674,0.006542,0.024943,-0.027978,0.52917,-0.097775,0.48462,-9.7938,-0.10496,-0.55202,0.011081,-0.004866,0.015673,0.58647,-0.060574,-0.29819
8.6153,-1.222,4.6088,0.034597,0.039002,0.00628,-0.71296,0.49096,-0.2742,8.2005,5.1522,0.33503,0.032247,-0.00973,-0.050971,-0.54099,-0.28015,-0.32043,9.3531,-1.8708,2.4976,0.052873,0.019111,0.000892,-0.6393,0.42821,0.10875,-9.5752,-1.062,-1.7418,-0.005491,0.024954,-0.005039,0.52954,-0.098996,0.48658,-9.7787,-0.030407,-0.52915,0.010256,0.006702,0.012125,0.58644,-0.060585,-0.29688
8.6601,-1.178,4.6319,0.038421,0.070202,-0.00661,-0.71197,0.48944,-0.27561,8.2787,5.1692,0.32586,0.0681,0.019578,-0.031532,-0.54024,-0.28333,-0.32136,9.3043,-1.8049,2.4443,0.023396,0.020755,0.002621,-0.63999,0.42876,0.10732,-9.575,-1.0922,-1.6968,-0.015954,0.0144,-0.015706,0.53009,-0.09876,0.48687,-9.8085,0.059372,-0.52941,-0.014107,-0.002397,0.009421,0.58741,-0.061609,-0.29814
8.6006,-1.1995,4.5641,0.005728,0.051597,-0.004761,-0.71198,0.48996,-0.27588,8.2586,5.3462,0.3144,0.090337,0.025015,-0.013882,-0.53937,-0.28491,-0.31974,9.3287,-1.8391,2.5235,0.001867,0.002521,0.008744,-0.63914,0.42771,0.10677,-9.575,-1.107,-1.7418,0.001924,-0.004994,-0.02114,0.52924,-0.098591,0.48605,-9.8235,0.044425,-0.50729,-0.023026,0.002803,0.002249,0.58677,-0.061097,-0.29778
8.615,-1.2004,4.7876,0.002171,0.063223,-0.010244,-0.71179,0.48912,-0.27711,8.1996,5.4335,0.30472,0.03286,0.009225,-0.008156,-0.53785,-0.28463,-0.32017,9.3189,-1.8149,2.5523,0.003494,0.01361,0.01495,-0.63884,0.42999,0.10797,-9.6049,-1.1071,-1.7424,-0.01029,0.028481,-0.028848,0.53004,-0.098467,0.48583,-9.8012,-0.030327,-0.52206,-0.014054,-0.00518,0.00488,0.58665,-0.062142,-0.29777
8.5856,-1.2877,4.4436,0.022186,0.074667,-0.007553,-0.71041,0.48992,-0.27866,8.2045,5.4335,0.31446,-0.013683,0.003039,-0.014918,-0.53854,-0.2841,-0.32099,9.2189,-1.8095,2.5605,-0.016201,0.009935,0.018424,-0.63688,0.4298,0.10708,-9.59,-1.0772,-1.7046,-0.014337,0.021452,-0.007713,0.52895,-0.098323,0.48578,-9.8088,-0.10489,-0.55227,0.016871,-0.009912,-0.013311,0.58621,-0.062141,-0.29844
8.4957,-1.2435,4.7043,-0.025078,0.0491,-0.003854,-0.71129,0.48971,-0.28029,8.1653,5.3949,0.2776,-0.062282,-0.018887,-0.002199,-0.53853,-0.28378,-0.32305,9.2946,-1.9095,2.5829,0.030607,0.01161,-0.000937,-0.63798,0.43025,0.10501,-9.5898,-1.1222,-1.712,-0.010594,0.000314,-0.017576,0.52963,-0.097327,0.48607,-9.7788,-0.10511,-0.52935,0.011392,0.002753,-0.00599,0.58655,-0.062146,-0.29737
8.5258,-1.2728,4.5626,0.012806,0.02202,0.004517,-0.71128,0.48971,-0.28003,8.1777,5.3319,0.26281,-0.065061,-0.028564,0.002212,-0.53811,-0.28329,-0.32227,9.241,-1.8629,2.4762,0.055569,-0.002627,0.001703,-0.6377,0.42895,0.10556,-9.5455,-1.0319,-1.7563,0.001586,0.007326,-0.005157,0.5289,-0.099661,0.48759,-9.8012,-0.030118,-0.58182,0.008605,0.013691,0.003141,0.58768,-0.061622,-0.29629
8.615,-1.2886,4.608,0.009284,0.030831,-0.01193,-0.71109,0.48903,-0.27895,8.2494,5.1715,0.34514,-0.049901,-0.032974,0.006502,-0.53955,-0.28226,-0.32262,9.3288,-1.8779,2.4778,0.037918,0.006034,-0.007991,-0.6379,0.43064,0.10413,-9.5747,-1.152,-1.7417,0.006846,0.003814,-0.000793,0.52936,-0.09933,0.48878,-9.8086,-0.000282,-0.55945,-0.00485,-0.013504,-0.009668,0.58784,-0.060827,-0.29749
8.5853,-1.2662,4.6303,0.007289,0.004107,3.6e-05,-0.71167,0.48881,-0.28004,8.2103,5.1883,0.36927,0.003957,-0.018965,0.000794,-0.54027,-0.28312,-0.32432,9.319,-1.8487,2.4698,0.025504,0.003114,-0.011544,-0.63841,0.4304,0.10399,-9.5746,-1.1598,-1.6817,-0.005157,0.014382,-0.021013,0.52899,-0.098241,0.48695,-9.7937,-0.045302,-0.52197,-0.000386,-0.002628,-0.004184,0.58629,-0.060455,-0.29702
8.585,-1.2446,4.7577,0.014567,-0.001534,-0.022753,-0.71299,0.48995,-0.27992,8.2051,5.2733,0.3429,0.038992,-0.014677,-0.010132,-0.53993,-0.28265,-0.32264,9.2458,-1.7803,2.4675,-0.033075,0.00609,0.01576,-0.6392,0.43095,0.10318,-9.545,-1.1219,-1.7411,-0.003583,0.024933,-0.010347,0.52948,-0.098316,0.48879,-9.801,0.06678,-0.52179,0.013134,-0.007954,-0.004254,0.58632,-0.060327,-0.29663
8.5488,-1.1691,4.4669,-0.001612,0.024629,-0.01196,-0.71101,0.48762,-0.28009,8.2268,5.351,0.32152,0.032553,-0.018941,0.005028,-0.54044,-0.28189,-0.32229,9.2994,-1.8317,2.5181,-0.022849,0.013806,-0.004517,-0.63901,0.43096,0.10194,-9.59,-1.0772,-1.7121,-0.0141,0.035529,-0.017321,0.5276,-0.097317,0.48649,-9.8236,0.029642,-0.55215,0.013085,0.002042,0.002155,0.58619,-0.061878,-0.29871
8.6001,-1.2297,4.6982,0.002048,0.029016,-0.022903,-0.71179,0.48814,-0.27986,8.1705,5.3413,0.32356,-0.021314,-0.029418,0.013408,-0.5405,-0.28269,-0.32125,9.2141,-1.7998,2.5553,-0.003015,-0.008967,-0.013394,-0.63896,0.42953,0.10298,-9.5898,-1.1073,-1.697,-0.005354,0.017036,-0.01216,0.53004,-0.098583,0.48894,-9.8087,-0.075058,-0.53725,-0.007649,-0.009782,-0.002397,0.58791,-0.062397,-0.29693
8.4663,-1.2133,4.5779,0.044492,-0.005519,-0.031835,-0.71352,0.48765,-0.27992,8.2559,5.3634,0.27315,-0.050872,-0.029324,0.016336,-0.54106,-0.28127,-0.32182,9.3555,-1.8831,2.5687,-0.017011,-0.016741,-0.025759,-0.63927,0.4303,0.10432,-9.5902,-1.0471,-1.7271,-0.021719,-0.011982,0.001765,0.52916,-0.09814,0.4876,-9.7788,-0.10511,-0.52935,-0.008546,0.008205,0.001331,0.58685,-0.062277,-0.29697
8.5854,-1.2292,4.6086,0.007605,0.063207,-0.007544,-0.71268,0.48813,-0.27909,8.2099,5.2081,0.2916,0.009458,-0.011949,-0.006327,-0.54141,-0.28052,-0.32109,9.2482,-1.8146,2.6001,0.009423,-0.005198,-0.011599,-0.63981,0.43071,0.10353,-9.5748,-1.1222,-1.6967,0.003399,0.002057,-0.006973,0.52855,-0.097331,0.48653,-9.7937,-0.075181,-0.52205,0.002285,0.009144,0.001316,0.58671,-0.062003,-0.29882
8.5708,-1.1993,4.5639,0.001832,-0.008529,-0.011806,-0.71408,0.48818,-0.28048,8.2343,5.3557,0.35317,0.030848,-0.010136,0.001535,-0.54143,-0.27898,-0.32111,9.2214,-1.8728,2.6105,0.020984,-0.012301,-0.008963,-0.63979,0.42981,0.10381,-9.5974,-1.0922,-1.7197,0.008649,-0.001459,-0.003462,0.52845,-0.097607,0.48718,-9.8087,-0.030265,-0.52965,0.018596,0.006409,-0.004164,0.58756,-0.062522,-0.29812
8.586,-1.1695,4.4896,0.021954,0.028042,-0.013761,-0.71413,0.48705,-0.28154,8.2095,5.3802,0.29724,-0.017423,-0.019034,-0.013233,-0.54313,-0.28051,-0.32195,9.2555,-1.8364,2.5762,0.024862,-0.007208,-0.023949,-0.63941,0.42839,0.10387,-9.5677,-1.077,-1.7416,0.012627,0.019636,-0.020962,0.5289,-0.098283,0.48811,-9.8086,0.014579,-0.537,0.010228,-0.002252,0.012077,0.5862,-0.063458,-0.29696
8.6005,-1.1997,4.6089,-0.005044,0.071402,-0.004858,-0.71335,0.48654,-0.28177,8.2636,5.3171,0.32159,-0.036265,-0.018959,-0.007741,-0.54234,-0.28179,-0.32188,9.2166,-1.8289,2.5314,-0.007677,0.009416,-0.004532,-0.63861,0.42811,0.10242,-9.5676,-1.0771,-1.7116,0.010907,0.014356,-0.024527,0.52946,-0.099053,0.48814,-9.8085,0.05945,-0.55182,-0.004315,-0.004846,0.019329,0.58661,-0.062789,-0.29854
8.4961,-1.1548,4.6979,-0.010781,0.02139,0.006288,-0.71336,0.48757,-0.28191,8.215,5.2151,0.34512,-0.017469,-0.003859,0.00639,-0.54153,-0.27951,-0.32072,9.2411,-1.9115,2.5137,-0.00168,0.013417,0.007848,-0.63928,0.4294,0.10409,-9.5752,-1.077,-1.7568,0.009181,0.014359,-0.026293,0.52961,-0.097058,0.48905,-9.801,0.11928,-0.58141,-0.019704,0.010481,0.026699,0.58772,-0.062133,-0.2976
8.5182,-1.2288,4.6528,-0.012591,0.031438,0.020832,-0.71206,0.48808,-0.2824,8.2,5.259,0.29177,-0.021292,-0.018729,0.02235,-0.54384,-0.27902,-0.32047,9.2094,-1.8725,2.5027,-0.026269,-0.001787,-0.009881,-0.63916,0.42991,0.10396,-9.5599,-1.1072,-1.6814,0.009219,-0.010295,-0.03088,0.52899,-0.096609,0.48746,-9.8086,-0.00036,-0.53704,-0.029529,-0.013134,0.013007,0.58657,-0.061887,-0.29711
8.5406,-1.2511,4.6081,0.012694,0.013282,0.017296,-0.71229,0.48986,-0.28162,8.286,5.145,0.30393,-0.015959,-0.020447,0.027631,-0.5439,-0.27809,-0.32152,9.241,-1.9019,2.5526,-0.010138,-0.019022,-0.012542,-0.64058,0.43049,0.10312,-9.5898,-1.1072,-1.712,-0.02189,-0.001439,-0.029939,0.52851,-0.097168,0.489,-9.7938,-0.1199,-0.55206,-0.012102,0.008124,-0.002272,0.5868,-0.062142,-0.29763
8.5111,-1.2284,4.5483,0.037883,-0.020055,0.019292,-0.71282,0.48961,-0.28164,8.2541,5.1476,0.27701,0.040034,0.011043,-0.001122,-0.54422,-0.27768,-0.32258,9.2508,-1.9165,2.5628,0.009573,-0.02623,-0.016065,-0.63946,0.43017,0.10544,-9.5898,-1.137,-1.757,-0.022959,0.01441,-0.019248,0.52846,-0.097119,0.4877,-9.7862,-0.060225,-0.53683,-0.030164,0.006261,-0.002245,0.58699,-0.062393,-0.29867
8.5854,-1.2145,4.6311,0.039633,-0.02807,0.021165,-0.71276,0.49009,-0.28058,8.2077,5.1813,0.32548,0.07515,0.034793,-0.006622,-0.54161,-0.27768,-0.32192,9.2264,-1.8727,2.5568,0.030647,-0.015646,-0.001008,-0.63901,0.42939,0.10448,-9.5746,-1.1523,-1.6817,-0.001849,0.005582,-0.010484,0.52817,-0.097848,0.48691,-9.8087,-0.082632,-0.50738,-0.024783,-0.002677,-0.002307,0.58865,-0.062385,-0.29757
8.6091,-1.0949,4.3261,0.05063,-0.003026,0.028359,-0.71242,0.48871,-0.28162,8.2098,5.2711,0.30404,0.12188,0.051471,-0.01402,-0.54207,-0.27963,-0.32127,9.3287,-1.844,2.5383,0.035804,-0.011772,0.007869,-0.63748,0.42869,0.10496,-9.575,-1.107,-1.7418,0.005438,0.014369,-0.017475,0.52872,-0.097611,0.48719,-9.7938,-0.090121,-0.52209,0.004403,0.015879,-0.020351,0.58852,-0.062647,-0.29757
8.675,-1.1709,4.6693,0.02189,0.038274,0.009924,-0.70994,0.49005,-0.27993,8.2046,5.3319,0.25568,0.097764,0.048787,-0.022722,-0.54217,-0.28296,-0.32121,9.3067,-1.8051,2.5471,0.02042,-0.008003,0.017572,-0.63798,0.4305,0.105,-9.5751,-1.077,-1.7418,0.005035,0.007339,0.00013,0.52968,-0.097631,0.48737,-9.8086,-0.000412,-0.5221,0.020558,0.002572,-0.016859,0.5888,-0.062124,-0.2973
8.4815,-1.1909,4.511,0.038112,0.020192,0.013644,-0.70963,0.489,-0.27911,8.1558,5.4211,0.37,0.041887,0.021563,-0.008172,-0.54115,-0.28295,-0.32141,9.3823,-1.815,2.4701,-0.02277,0.013881,0.034369,-0.63785,0.43101,0.10512,-9.5601,-1.0772,-1.6965,-0.010792,0.005588,-0.008706,0.52872,-0.097357,0.48719,-9.7936,0.014561,-0.55169,0.002379,0.00631,-0.005943,0.58801,-0.063045,-0.29744
8.6296,-1.2525,4.7803,-0.016025,0.061821,0.007033,-0.71193,0.48911,-0.2824,8.1803,5.351,0.32123,0.007701,0.004005,-0.000877,-0.5416,-0.28426,-0.32051,9.3066,-1.7418,2.4579,-0.014693,0.001201,0.032572,-0.6359,0.43146,0.10421,-9.5747,-1.1596,-1.7192,-0.004273,0.005577,-0.021076,0.52877,-0.097529,0.48836,-9.7936,-0.000379,-0.55173,-0.012048,0.002635,-0.00774,0.58591,-0.063067,-0.29724
8.556,-1.2137,4.4891,-0.021922,-0.02771,0.019246,-0.71159,0.49099,-0.28107,8.2292,5.3705,0.3119,-0.001254,0.014714,0.008156,-0.54194,-0.28371,-0.32195,9.275,-1.7514,2.4723,-0.024683,-0.005201,-0.001023,-0.63728,0.43305,0.10409,-9.6047,-1.1297,-1.7273,0.021456,0.001159,-0.019334,0.52957,-0.09715,0.48814,-9.8086,-0.000308,-0.55198,0.006827,0.00913,-0.000501,0.58747,-0.062658,-0.29747
8.5851,-1.2591,4.6681,-0.020736,0.020548,0.004458,-0.7109,0.4911,-0.28051,8.207,5.3513,0.26793,-0.032811,-0.013491,0.011815,-0.54158,-0.28242,-0.32209,9.3042,-1.7418,2.4677,-0.035162,-0.009213,-0.011633,-0.63709,0.4329,0.10548,-9.5898,-1.1221,-1.727,0.001901,0.003817,-0.019316,0.52947,-0.096929,0.48904,-9.7787,-0.015389,-0.55152,0.007763,-0.000826,-0.005105,0.58769,-0.062911,-0.29824
8.645,-1.2665,4.5491,-0.023531,0.009911,0.01362,-0.71117,0.49265,-0.28053,8.2244,5.3147,0.30676,-0.028322,-0.022418,0.002838,-0.54107,-0.2819,-0.3222,9.2579,-1.7756,2.4749,-0.067458,-0.00924,-0.002854,-0.63628,0.43287,0.10652,-9.5675,-1.1071,-1.7191,0.006185,0.024933,-0.010341,0.53083,-0.096944,0.48897,-9.7937,-0.022762,-0.55926,0.004137,-0.006212,-0.005125,0.58574,-0.062138,-0.29937
8.5779,-1.2145,4.6534,-0.037943,0.013377,-0.004654,-0.70983,0.49275,-0.28021,8.1855,5.2564,0.33541,-0.022798,-0.010133,-0.00427,-0.54086,-0.28149,-0.32297,9.3361,-1.9022,2.4905,-0.068835,-0.009767,-0.021394,-0.63656,0.43211,0.10591,-9.5749,-1.1071,-1.7192,0.007234,0.028452,-0.017376,0.5297,-0.095892,0.4884,-9.7937,-0.02284,-0.53685,0.011284,-0.008784,-0.000637,0.58605,-0.063197,-0.29724
8.5778,-1.2441,4.6532,-0.024295,0.020358,-0.011962,-0.71083,0.49222,-0.27918,8.2001,5.2589,0.32093,-0.004908,-0.006569,0.00094,-0.54111,-0.2806,-0.32274,9.2849,-1.8704,2.4843,-0.058251,-0.004062,-0.016082,-0.63701,0.43109,0.10704,-9.5675,-1.0996,-1.7266,0.006221,0.023171,-0.012117,0.52808,-0.097514,0.4882,-9.7937,-0.000327,-0.56667,-0.001243,0.00092,-0.00597,0.5871,-0.064475,-0.29929
8.6002,-1.2884,4.5635,-0.037973,0.017138,0.010829,-0.71001,0.49348,-0.27863,8.2246,5.2734,0.32115,0.004098,-0.01197,-0.009828,-0.54088,-0.28072,-0.32324,9.2898,-1.907,2.5486,-0.05725,0.00487,-0.022248,-0.63793,0.43047,0.10863,-9.5748,-1.1147,-1.6967,0.001562,-0.008503,-0.005281,0.52836,-0.095896,0.48899,-9.8011,-0.000448,-0.52198,-0.003257,0.008414,0.01037,0.58643,-0.064755,-0.29772
8.5553,-1.2809,4.6304,-0.036172,0.007122,-0.000983,-0.71025,0.49309,-0.27824,8.205,5.2758,0.3259,0.014973,0.011019,-0.006241,-0.54199,-0.28075,-0.32227,9.2995,-1.9314,2.576,-0.043828,-0.01233,-0.023152,-0.63709,0.43042,0.11042,-9.5749,-1.1221,-1.7267,0.001572,0.012623,-0.003372,0.53014,-0.09668,0.48894,-9.7937,-0.000327,-0.56667,0.022157,-0.005194,-0.00245,0.58665,-0.063445,-0.298
8.6073,-1.3037,4.6679,-0.003574,0.003262,-0.006387,-0.71053,0.49348,-0.27838,8.1953,5.2661,0.33065,0.012907,-0.014519,0.004308,-0.54164,-0.27869,-0.32255,9.2703,-1.9215,2.5828,-0.044198,-0.001882,-0.006358,-0.63723,0.42991,0.11018,-9.5748,-1.1371,-1.7117,0.010455,0.009091,-0.003398,0.52907,-0.096561,0.48954,-9.7861,0.014551,-0.55903,0.006798,-0.009735,-0.002447,0.58782,-0.063953,-0.29835
8.5705,-1.2879,4.5036,-0.028878,0.013303,-0.001916,-0.71095,0.49382,-0.27627,8.2171,5.2929,0.31147,0.009427,-0.004813,0.000838,-0.54251,-0.27858,-0.32208,9.3044,-1.9557,2.6083,-0.012131,0.005693,-0.004533,-0.63773,0.42903,0.11018,-9.5749,-1.1145,-1.7417,0.019526,0.023158,-0.010355,0.53021,-0.097618,0.49024,-9.8087,-0.015248,-0.55202,-0.003133,-0.009765,-0.002411,0.58649,-0.063458,-0.29669
8.6374,-1.2814,4.6012,0.021892,0.029161,0.000833,-0.70985,0.49482,-0.27557,8.2,5.2833,0.29431,0.032677,-0.003032,0.005986,-0.54334,-0.28034,-0.32351,9.2215,-1.8946,2.5864,0.016438,0.01502,-0.006265,-0.63875,0.42921,0.10962,-9.5901,-1.0771,-1.7421,0.046376,0.023126,-0.019169,0.529,-0.094241,0.48525,-9.8087,-0.015248,-0.55202,0.014939,0.005575,-0.000544,0.588,-0.064347,-0.29781
8.5183,-1.3023,4.5031,0.045417,0.015392,-0.007301,-0.711,0.49333,-0.2772,8.1807,5.278,0.3695,0.014951,-0.006786,-0.019676,-0.54213,-0.28145,-0.32496,9.3678,-1.9486,2.5285,0.027205,0.011377,-0.007989,-0.63953,0.43078,0.10904,-9.5753,-1.047,-1.7418,0.02321,0.030192,-0.016469,0.52807,-0.093871,0.48585,-9.7787,-0.037851,-0.53664,0.004102,0.011836,0.001321,0.58714,-0.064088,-0.29863
8.5999,-1.3036,4.6604,0.023807,0.050665,0.000741,-0.70993,0.49396,-0.27716,8.2199,5.2152,0.33057,0.036524,0.007375,-0.015335,-0.54138,-0.28124,-0.323,9.2629,-1.8582,2.5033,0.035911,0.000856,0.002577,-0.63827,0.43034,0.10936,-9.5448,-1.1371,-1.6961,-0.010722,0.003818,-0.011378,0.52833,-0.093488,0.48911,-9.7787,-0.00045,-0.55148,-0.008537,0.009998,0.001338,0.58693,-0.064487,-0.29798
8.5485,-1.2431,4.4441,0.026379,0.012865,-0.004579,-0.71105,0.49297,-0.27827,8.2294,5.259,0.30653,0.079615,0.012553,-0.024548,-0.5409,-0.28326,-0.32396,9.2849,-1.8923,2.5287,0.042893,0.004724,0.009661,-0.6369,0.43029,0.10919,-9.5599,-1.137,-1.7264,0.012282,0.0126,-0.005139,0.52805,-0.09448,0.48858,-9.8086,0.007162,-0.55196,-0.00575,0.004492,-0.005928,0.58694,-0.065009,-0.29797
8.5555,-1.2218,4.683,0.02658,0.056826,-0.006578,-0.71012,0.49303,-0.28076,8.1852,5.3172,0.29195,0.075077,0.007268,-0.02276,-0.54008,-0.28302,-0.32302,9.3043,-1.8245,2.5327,0.043127,0.013494,-0.002673,-0.6376,0.43188,0.10761,-9.5599,-1.137,-1.7414,0.005296,0.016126,-0.01041,0.52766,-0.093615,0.48934,-9.8085,0.059398,-0.53688,-0.004305,-0.000365,0.01936,0.58747,-0.066047,-0.29819
8.6078,-1.2441,4.5937,0.050066,0.043206,-0.006487,-0.71035,0.49077,-0.28262,8.239,5.3438,0.31184,0.040064,0.007411,-0.012676,-0.5395,-0.28471,-0.32219,9.2653,-1.7854,2.4972,0.001988,0.007849,0.00256,-0.63919,0.43054,0.10582,-9.5598,-1.1595,-1.7414,-0.01079,0.030233,-0.005023,0.52978,-0.094583,0.49074,-9.8086,0.059555,-0.5817,-0.001244,0.008132,-0.004108,0.58676,-0.065527,-0.29875
8.5555,-1.1997,4.713,0.004729,0.031844,-0.010146,-0.71098,0.49024,-0.28197,8.2,5.3122,0.32117,0.027486,0.00212,-0.011723,-0.53957,-0.28506,-0.32347,9.3239,-1.8633,2.4945,0.026827,0.010946,0.00967,-0.63815,0.43062,0.10662,-9.5449,-1.1668,-1.7711,-0.005358,0.01437,-0.010431,0.52875,-0.094626,0.49225,-9.7936,0.029552,-0.56659,-0.007579,-0.000878,-0.005063,0.58687,-0.065016,-0.29718
