8.9938,0.28852,3.8363,0.006742,0.022675,-0.02017,-0.75441,0.41816,-0.28503,9.3586,2.4324,1.5733,-0.025286,-0.017758,-0.022703,-0.54417,0.18617,-0.56982,8.6311,-4.188,1.7529,0.044579,-0.010574,-0.020768,-0.51012,0.45848,0.11986,-9.6799,-0.24909,-1.4554,0.01182,0.005871,-0.008663,0.40345,-0.23519,0.37358,-9.6739,1.2859,-0.75741,0.006314,0.006787,-0.005048,0.48895,-0.1506,-0.56466
8.9787,0.28097,3.9033,-0.006135,0.001547,0.001793,-0.75387,0.41764,-0.285,9.3171,2.454,1.6096,-0.012094,-0.013116,0.006553,-0.54429,0.18565,-0.56981,8.7139,-4.1884,1.7297,0.047783,-0.014666,-0.003085,-0.50949,0.46077,0.11983,-9.6655,-0.14409,-1.4402,-0.007696,0.005009,-0.012178,0.40359,-0.23571,0.37359,-9.7039,1.2262,-0.72073,0.008058,-0.002126,-0.003287,0.49026,-0.14978,-0.56663
8.9787,0.25889,3.8658,-0.010617,0.016013,0.00993,-0.75554,0.41846,-0.28602,9.383,2.4542,1.576,-0.010695,0.016673,-0.0253,-0.54437,0.18582,-0.57124,8.6968,-4.164,1.7193,0.029767,0.001747,0.003991,-0.50983,0.46003,0.11808,-9.6803,-0.18896,-1.4854,0.006395,0.023486,-0.003235,0.40192,-0.23338,0.37403,-9.7189,1.2862,-0.78806,-0.002766,0.011361,0.000451,0.48938,-0.15243,-0.56634
9.0084,0.31733,4.0156,0.022974,0.019123,-0.012825,-0.75375,0.41777,-0.28527,9.3195,2.4202,1.5925,-0.017989,0.007003,-0.018193,-0.54385,0.18576,-0.56889,8.7139,-4.1495,1.7242,0.004993,-0.01507,-0.004898,-0.50871,0.46035,0.12051,-9.6654,-0.17409,-1.4401,-0.000677,-0.009082,-0.008753,0.40167,-0.23607,0.37376,-9.674,1.2261,-0.75011,-0.009965,-0.004028,-0.005078,0.48962,-0.14966,-0.56625
8.9934,0.2511,3.933,0.017608,0.029887,-0.012886,-0.75469,0.41804,-0.28531,9.3392,2.4176,1.6144,-0.01549,-0.018629,-0.018347,-0.545,0.18664,-0.56845,8.7042,-4.2345,1.7597,0.024776,-0.01509,-0.011952,-0.50914,0.46038,0.11948,-9.6802,-0.20397,-1.4854,-0.015751,0.000624,-0.008694,0.40291,-0.23481,0.37408,-9.6889,1.301,-0.7651,0.006216,-0.010164,-0.001537,0.48847,-0.149,-0.56723
8.919,0.27398,3.9177,0.006689,0.015543,-0.017407,-0.75331,0.4171,-0.28471,9.3635,2.4444,1.5953,-0.02729,-0.014881,0.003118,-0.54489,0.18614,-0.56895,8.7286,-4.2298,1.76,0.040002,-0.005967,-0.015441,-0.50857,0.46075,0.11825,-9.6874,-0.24918,-1.4405,-0.014836,-0.005535,-0.010508,0.40191,-0.23528,0.37324,-9.7039,1.2862,-0.79527,-0.008217,0.006892,0.002237,0.49041,-0.14991,-0.56635
8.9192,0.30367,3.903,0.001256,0.021049,-0.010142,-0.75612,0.41725,-0.28441,9.3489,2.4685,1.6245,-0.005586,-0.002684,-0.012999,-0.54579,0.18741,-0.56864,8.6505,-4.1686,1.7431,0.026353,-0.003908,-0.003104,-0.51068,0.4598,0.11855,-9.6655,-0.15891,-1.4852,0.011694,0.008508,-0.003334,0.40291,-0.23482,0.37421,-9.6888,1.3308,-0.75755,-0.014643,-0.00199,0.007612,0.49054,-0.14938,-0.56636
8.9789,0.31807,3.8886,0.024755,0.015578,-0.005521,-0.75478,0.41698,-0.28449,9.3194,2.4735,1.5903,-0.009302,-0.020339,-0.01129,-0.54518,0.18904,-0.56656,8.692,-4.1736,1.6998,0.056859,-0.01476,-0.010145,-0.51066,0.45931,0.11656,-9.696,-0.20474,-1.4629,0.006013,-0.005651,0.00902,0.4023,-0.23612,0.37346,-9.689,1.2562,-0.76522,-0.006377,0.012234,0.000454,0.49057,-0.15057,-0.56607
8.9643,0.36281,3.844,0.012125,0.026443,-0.002851,-0.75428,0.41517,-0.28527,9.3169,2.4832,1.5903,-0.003844,0.007159,0.001261,-0.54498,0.18997,-0.56747,8.704,-4.096,1.7182,0.030875,-0.01487,-0.005748,-0.51156,0.45832,0.11604,-9.6964,-0.14465,-1.4855,0.017262,0.004002,-0.017373,0.40289,-0.23477,0.37507,-9.7039,1.2636,-0.75051,-0.006282,0.004883,-0.008634,0.48908,-0.14953,-0.56627
9.009,0.37715,3.8743,0.014021,0.049847,0.004353,-0.75331,0.41645,-0.28457,9.3805,2.5027,1.5786,-0.003851,-0.002606,-0.005891,-0.54518,0.18865,-0.56656,8.6699,-4.0716,1.7148,0.003332,-0.004333,-0.011948,-0.51084,0.4592,0.11531,-9.6662,-0.20453,-1.4848,-0.007964,0.01107,-0.000573,0.40311,-0.23523,0.37337,-9.689,1.1963,-0.72803,-0.011711,0.001273,-0.008648,0.49055,-0.14993,-0.56449
8.9787,0.28832,3.9182,0.021176,0.027307,-0.001928,-0.75389,0.41595,-0.2854,9.3535,2.4761,1.5565,-0.005551,-1.9e-05,-0.012986,-0.54507,0.18969,-0.56683,8.7041,-4.1398,1.7312,-0.028939,0.004658,-0.004898,-0.51048,0.46045,0.11766,-9.6664,-0.15959,-1.4699,-0.002478,0.0093,-0.008517,0.40238,-0.23391,0.37294,-9.704,1.1964,-0.75069,0.003451,0.012421,0.007676,0.48922,-0.15006,-0.56626
8.9195,0.2895,3.7387,0.058379,0.029547,-0.011933,-0.75581,0.4156,-0.28615,9.236,2.4762,1.5412,0.009711,-0.000994,-0.018472,-0.54516,0.18993,-0.56606,8.7042,-4.1957,1.7591,-0.01104,-0.006157,-0.006672,-0.5108,0.45944,0.1163,-9.6661,-0.20466,-1.4548,-0.000832,-0.004783,-0.003329,0.40103,-0.23431,0.37366,-9.6964,1.3011,-0.78017,-0.01356,0.015758,-0.001312,0.49075,-0.15097,-0.56553
8.9189,0.25181,3.9026,-0.029422,0.050058,-0.00119,-0.75445,0.41558,-0.28596,9.3145,2.3792,1.5363,-0.004653,-0.002684,-0.013028,-0.54605,0.18786,-0.5662,8.7187,-4.1351,1.7778,0.015625,-0.000391,-0.003087,-0.5113,0.45843,0.1163,-9.6659,-0.23466,-1.4548,0.001855,0.002255,-0.003286,0.40268,-0.2347,0.37322,-9.674,1.2711,-0.79481,0.000895,0.002288,-0.005065,0.48914,-0.15085,-0.56571
8.9935,0.34681,4.0829,0.031853,-0.015902,-0.014483,-0.75419,0.41597,-0.28608,9.3974,2.5246,1.5472,0.038989,-0.011413,0.002606,-0.54644,0.1885,-0.56598,8.7431,-4.1667,1.7738,-0.009215,0.010122,-0.010156,-0.51188,0.4596,0.11712,-9.6885,-0.21212,-1.4853,0.009072,0.016337,-0.006713,0.40187,-0.23598,0.37331,-9.7188,1.376,-0.81022,0.015055,-0.001722,0.014788,0.49019,-0.15045,-0.56582
9.0016,0.36263,3.8144,0.02115,0.010085,-0.015534,-0.75606,0.41624,-0.28575,9.2753,2.447,1.5583,-0.014766,-0.032695,-0.009544,-0.54514,0.18966,-0.56567,8.6968,-4.1883,1.7539,0.01062,0.028226,-0.020709,-0.51105,0.45894,0.1163,-9.6811,-0.20468,-1.4626,-0.00531,0.007554,-0.000596,0.40327,-0.23347,0.37469,-9.6889,1.2861,-0.78008,0.004456,0.007774,-0.000508,0.48988,-0.1515,-0.56661
8.9045,0.34101,3.8583,-0.014029,0.028079,-0.028435,-0.75543,0.4145,-0.2841,9.3121,2.5073,1.6195,0.014078,-0.009809,-0.015868,-0.54501,0.19017,-0.56554,8.6334,-4.1394,1.757,0.021109,-0.007723,-0.008419,-0.51118,0.45894,0.11605,-9.6889,-0.14468,-1.4704,0.011882,0.002246,-0.01562,0.40351,-0.23421,0.37352,-9.7038,1.3085,-0.76533,-0.0046,0.015885,0.003192,0.48976,-0.1502,-0.56437
8.9939,0.33276,3.8888,0.012066,0.010234,-0.010073,-0.75589,0.41544,-0.28507,9.383,2.4953,1.6005,0.006729,-0.014036,0.002853,-0.54585,0.18962,-0.56454,8.6968,-4.1592,1.7388,0.014253,0.007483,0.019882,-0.51092,0.45803,0.11621,-9.696,-0.18984,-1.4404,-0.009756,0.002286,-0.001511,0.40332,-0.23517,0.37522,-9.674,1.2263,-0.78746,0.003521,0.015926,0.004067,0.49125,-0.15032,-0.56406
9.0237,0.31782,3.8591,-0.00057,0.013836,-0.015577,-0.75785,0.41368,-0.28662,9.4075,2.4905,1.5909,0.030539,0.009444,-0.038118,-0.54676,0.18782,-0.56482,8.7284,-4.1011,1.7724,0.028096,-0.003904,-0.002191,-0.51119,0.45895,0.11592,-9.6812,-0.18959,-1.4852,0.0063,0.004016,-0.003265,0.40352,-0.23383,0.37378,-9.7189,1.2563,-0.78067,-0.002594,0.008396,-0.013135,0.49129,-0.15136,-0.5655
8.9786,0.28814,3.963,-0.000611,0.023071,0.004447,-0.75486,0.41428,-0.28596,9.2926,2.4541,1.5997,0.034797,0.002508,-0.018652,-0.54652,0.18706,-0.56531,8.6894,-4.1179,1.7917,0.014948,-0.011554,-0.012833,-0.51171,0.46013,0.11561,-9.6809,-0.23468,-1.4626,-0.002526,0.01547,-0.004959,0.40246,-0.23462,0.37465,-9.6589,1.3308,-0.77945,-0.001009,-0.009284,-0.000624,0.49193,-0.15084,-0.56403
8.964,0.3624,3.9484,0.026543,0.022925,0.008133,-0.75695,0.41493,-0.28484,9.3024,2.4226,1.5997,0.032149,0.025621,-0.003393,-0.5448,0.18654,-0.56468,8.743,-4.106,1.7728,-0.00545,0.021705,-0.02072,-0.51042,0.45969,0.11631,-9.6661,-0.20456,-1.4773,0.016952,0.01544,-0.001423,0.40345,-0.2349,0.37496,-9.7038,1.331,-0.78021,-0.018906,0.006631,-0.008594,0.49078,-0.15005,-0.56501
9.0015,0.36239,3.8741,0.004892,0.025544,-0.008324,-0.75597,0.41418,-0.28668,9.3586,2.4661,1.6099,0.036443,-0.00624,-0.009807,-0.54581,0.18472,-0.56458,8.7139,-4.1885,1.7933,-0.007129,0.020673,-0.025157,-0.51111,0.46049,0.11501,-9.6957,-0.2499,-1.4254,-0.011921,0.009317,-0.023533,0.40444,-0.23456,0.3758,-9.6889,1.301,-0.78751,-0.017895,0.001068,-0.017684,0.49053,-0.15256,-0.56524
8.9419,0.37757,3.9036,0.019287,0.008432,-0.00641,-0.75449,0.41456,-0.28663,9.3292,2.4638,1.5903,0.023807,-0.00256,0.005427,-0.54576,0.18631,-0.5659,8.6749,-4.1688,1.763,-0.003801,0.010127,-0.012818,-0.51182,0.46,0.11586,-9.6811,-0.18965,-1.4701,0.002772,0.000499,-0.005054,0.40374,-0.23403,0.37563,-9.7039,1.2712,-0.76543,-0.023611,0.0087,0.005906,0.49095,-0.15071,-0.56459
8.9641,0.36252,3.9186,0.013821,0.006756,-0.000936,-0.75754,0.41391,-0.2858,9.329,2.4713,1.5514,0.024742,-0.002584,0.001863,-0.54582,0.18736,-0.5667,8.7041,-4.1544,1.7657,0.006865,-0.004279,-0.010177,-0.51048,0.4597,0.11519,-9.696,-0.18984,-1.4404,0.002142,0.000501,-0.017405,0.40258,-0.23511,0.374,-9.7265,1.2265,-0.78087,-0.00821,0.010483,0.002274,0.49038,-0.15098,-0.56514
8.9941,0.38468,3.8742,0.013916,0.013736,-0.015556,-0.75523,0.41349,-0.28543,9.3216,2.4956,1.5369,0.03899,-0.007864,0.006165,-0.54676,0.18621,-0.5675,8.6796,-4.0863,1.7886,-0.002172,-0.013306,-0.004907,-0.5127,0.45823,0.11574,-9.6512,-0.1896,-1.4545,0.001254,-0.00128,-0.01742,0.403,-0.23563,0.37389,-9.689,1.2413,-0.79514,-0.018918,0.004854,-0.007705,0.49027,-0.15177,-0.56499
8.994,0.37704,3.9338,0.010213,0.015849,0.00632,-0.75607,0.41469,-0.28601,9.3216,2.4763,1.5223,0.031832,-0.011412,0.003534,-0.54452,0.18621,-0.56673,8.7137,-4.0695,1.7668,-0.018463,-0.005902,0.005699,-0.51163,0.46077,0.11472,-9.6884,-0.21981,-1.4402,-0.009444,0.001393,-0.015642,0.40358,-0.23478,0.37497,-9.6889,1.286,-0.76514,0.008226,0.001237,-0.014128,0.49159,-0.15136,-0.56509
9.0015,0.42122,3.9864,0.032882,0.017409,-0.000947,-0.7556,0.4138,-0.2872,9.3093,2.4957,1.5174,0.02281,-0.004214,0.016985,-0.54452,0.18685,-0.56661,8.6894,-4.1106,1.7769,-0.046616,0.007918,-0.013746,-0.51218,0.45975,0.11622,-9.6885,-0.19724,-1.4553,0.001137,0.018107,-0.010226,0.4036,-0.23594,0.37497,-9.7189,1.3162,-0.81039,-0.020788,0.003156,-0.003179,0.49042,-0.15045,-0.56448
8.9343,0.36273,3.9258,-0.021402,0.031289,0.006204,-0.75491,0.4134,-0.28704,9.3535,2.4954,1.5711,0.005767,-0.011292,0.01354,-0.54393,0.18637,-0.56774,8.7041,-4.1835,1.7686,-0.037866,0.008215,-0.004906,-0.51078,0.4597,0.11654,-9.6885,-0.21968,-1.4703,0.008279,0.007533,-0.012069,0.40302,-0.23527,0.37455,-9.704,1.2413,-0.78046,-0.017036,-0.000661,-0.014975,0.48999,-0.15204,-0.56526
9.0383,0.34669,4.0235,-0.016987,0.016142,0.011761,-0.75647,0.41339,-0.28602,9.3631,2.5101,1.5372,0.04066,-0.011298,0.016812,-0.54415,0.18558,-0.56722,8.6602,-4.1663,1.7677,-0.002205,-0.015048,-0.002274,-0.51087,0.45918,0.1173,-9.6812,-0.17465,-1.4702,-0.009653,0.014599,-0.004953,0.40259,-0.23487,0.3744,-9.7264,1.2864,-0.81059,-0.006337,0.014899,-0.001322,0.49121,-0.15149,-0.56656
8.9945,0.42196,3.8148,0.001125,-0.004022,-0.008203,-0.75555,0.4143,-0.28626,9.2825,2.5148,1.5708,-0.000575,-0.02102,0.013531,-0.54683,0.18638,-0.56893,8.7284,-4.1618,1.7931,-0.009127,-0.0027,-0.013719,-0.51195,0.46052,0.11584,-9.6958,-0.23484,-1.4404,-0.002597,0.000515,-0.003297,0.40509,-0.2358,0.37425,-9.7039,1.2412,-0.75057,-0.006365,0.001408,-0.003229,0.49038,-0.15163,-0.56526
8.9792,0.3626,3.8665,0.00121,0.021209,0.001719,-0.75476,0.41391,-0.28663,9.3366,2.4662,1.5952,0.017512,-0.000744,0.009937,-0.54537,0.18765,-0.56784,8.6212,-4.1103,1.7759,-0.019879,-0.009953,-0.011122,-0.51117,0.45958,0.1164,-9.6511,-0.20466,-1.4395,0.003728,-0.002158,-0.008604,0.40401,-0.23582,0.37499,-9.7039,1.3012,-0.81017,0.004522,0.015792,-0.003163,0.49045,-0.1511,-0.56606
8.979,0.34767,3.8962,-0.006074,0.013189,0.000833,-0.75581,0.41573,-0.28615,9.3438,2.5146,1.6052,0.012067,-0.006013,0.012629,-0.54475,0.18677,-0.56857,8.7187,-4.1617,1.7587,-0.012934,0.001213,-0.002236,-0.51118,0.45956,0.11865,-9.6962,-0.15984,-1.4405,0.004252,0.014599,0.009171,0.40456,-0.23442,0.37528,-9.6815,1.2712,-0.80988,-0.014436,-0.006783,-0.007798,0.4916,-0.15057,-0.56484
9.0237,0.36204,3.919,0.003933,0.021168,-0.001918,-0.75511,0.41571,-0.28558,9.3732,2.4711,1.5809,0.032076,0.016815,-0.002532,-0.54498,0.18676,-0.56806,8.7381,-4.106,1.7727,-0.039704,0.008233,-0.003125,-0.51146,0.46035,0.11812,-9.6958,-0.2199,-1.4254,-0.002439,0.018997,-0.009341,0.40524,-0.23416,0.37518,-9.704,1.2564,-0.82524,0.006295,0.003252,-0.003249,0.49055,-0.15177,-0.56485
8.9716,0.36252,3.9037,0.00126,0.037443,0.008947,-0.7534,0.41519,-0.28632,9.2997,2.4905,1.5854,0.02463,0.001063,0.016109,-0.54576,0.18534,-0.56834,8.67,-4.181,1.795,-0.050556,-0.011619,0.005627,-0.51169,0.45959,0.11838,-9.6513,-0.17457,-1.4621,-0.005178,0.011057,-0.006743,0.4035,-0.23496,0.37628,-9.6589,1.2934,-0.77955,-0.002729,0.006788,-0.003224,0.49117,-0.15149,-0.56537
8.9044,0.33342,3.903,0.0156,0.010495,0.013634,-0.7539,0.4159,-0.28823,9.3488,2.4735,1.5953,0.022886,-0.002531,0.008107,-0.54433,0.18676,-0.5679,8.7065,-4.1569,1.7878,-0.023477,-0.000901,-0.010204,-0.5108,0.45929,0.11868,-9.6958,-0.21996,-1.4104,0.00482,0.00754,-0.017361,0.40439,-0.23362,0.37487,-9.7041,1.2116,-0.82536,0.002626,-0.000272,0.000356,0.49046,-0.15057,-0.56581
8.9639,0.31801,3.9332,-0.006051,0.026777,0.011718,-0.75322,0.41627,-0.28794,9.3682,2.4616,1.5541,0.021326,0.006165,-0.009617,-0.54524,0.18547,-0.56831,8.7261,-4.1885,1.7544,-0.007347,0.010055,-0.013693,-0.5111,0.45944,0.11779,-9.681,-0.20475,-1.4476,-0.002679,-0.010053,-0.000718,0.40384,-0.23451,0.37472,-9.6887,1.3905,-0.73497,-0.013777,-0.003744,0.009405,0.49107,-0.15018,-0.56473
9.0086,0.33976,3.9636,0.002997,0.015804,-0.001896,-0.7515,0.41621,-0.28598,9.2948,2.4954,1.5756,0.013912,-0.014077,0.000999,-0.54452,0.18525,-0.5693,8.7041,-4.1641,1.7463,0.003242,-0.013311,-0.006667,-0.51102,0.45942,0.11941,-9.6657,-0.26478,-1.4247,0.02961,0.005736,-0.012088,0.40353,-0.23473,0.37378,-9.7041,1.1668,-0.82548,-0.035361,0.00151,0.006795,0.49108,-0.14925,-0.56621
8.9789,0.34752,3.9335,-0.014119,0.026559,-0.010178,-0.75371,0.41626,-0.28715,9.3436,2.4908,1.5297,0.019332,-0.011429,-0.000803,-0.54394,0.18432,-0.56835,8.7431,-4.1375,1.7342,-0.003859,0.011083,-0.010144,-0.51099,0.45993,0.1199,-9.6961,-0.18234,-1.4404,0.012578,0.000494,-0.006814,0.40374,-0.23454,0.3755,-9.7038,1.376,-0.83986,0.020505,0.007258,0.014827,0.49154,-0.15228,-0.56587
8.964,0.33288,3.9184,-0.00235,0.023756,-0.011976,-0.75721,0.41695,-0.28716,9.3239,2.5223,1.5273,0.001373,-0.01136,0.004681,-0.54471,0.18688,-0.56779,8.67,-4.1397,1.7673,-0.030251,0.007698,-0.027866,-0.51142,0.45841,0.1188,-9.6886,-0.17481,-1.4403,0.009313,0.014571,-0.019069,0.40412,-0.23541,0.37447,-9.6889,1.2636,-0.77267,0.011482,0.012595,0.014884,0.49103,-0.15268,-0.56562
8.9789,0.33282,3.9036,-0.009608,0.026589,-0.004702,-0.75637,0.41666,-0.28645,9.3289,2.4835,1.5296,0.00321,-0.016745,-0.004259,-0.5447,0.1847,-0.56801,8.6895,-4.1446,1.7433,-0.039363,0.015122,-0.019024,-0.51262,0.45883,0.11998,-9.6886,-0.17487,-1.4253,0.004676,0.017224,-0.010226,0.40414,-0.23403,0.37196,-9.704,1.2413,-0.78046,-0.011892,-0.005633,0.003973,0.48947,-0.15256,-0.56687
9.0385,0.36162,3.9938,0.01199,-0.0041,-0.012737,-0.7538,0.4165,-0.28621,9.3435,2.4763,1.5102,0.027445,-0.002584,0.000953,-0.54628,0.18663,-0.56826,8.6944,-4.198,1.7492,-0.021868,0.003899,-0.001367,-0.51247,0.45895,0.12035,-9.6959,-0.21977,-1.4554,0.002626,0.002272,0.002013,0.40414,-0.23402,0.37526,-9.704,1.2414,-0.7954,-0.006518,-0.012745,0.005721,0.48987,-0.15283,-0.56512
8.9786,0.31765,3.993,-0.000711,-0.005763,-0.008194,-0.75455,0.41557,-0.28529,9.3633,2.4495,1.537,0.006124,0.003505,-0.013065,-0.54429,0.1843,-0.56759,8.6871,-4.1737,1.7731,-0.016339,0.003717,-0.010194,-0.51121,0.458,0.12057,-9.6959,-0.2049,-1.4254,0.007908,0.012831,0.004738,0.40469,-0.23403,0.37528,-9.7039,1.2863,-0.81022,0.009887,0.006886,-0.001426,0.49048,-0.15309,-0.56417
9.0534,0.31735,3.919,-0.042237,0.030562,0.006188,-0.75551,0.41649,-0.28547,9.3387,2.4228,1.5175,0.031912,-0.016835,-0.013242,-0.54413,0.18536,-0.56776,8.6382,-4.1152,1.7615,-0.004228,-0.022034,0.009189,-0.51011,0.45874,0.12011,-9.666,-0.21966,-1.4548,0.01358,0.012799,-0.010267,0.40409,-0.23284,0.37459,-9.6889,1.316,-0.79494,-0.004608,-0.002098,0.000351,0.49181,-0.15308,-0.56412
8.9791,0.37727,3.9039,0.032819,0.001223,-0.002709,-0.7526,0.41571,-0.28642,9.2899,2.4226,1.5658,0.007783,-0.015102,-0.018376,-0.54557,0.18407,-0.5682,8.7772,-4.1839,1.7844,-0.007039,0.022356,-0.02955,-0.51315,0.45796,0.11935,-9.7032,-0.24243,-1.4255,-0.000706,-0.020613,-0.010504,0.40355,-0.23284,0.37496,-9.6743,1.3528,-0.83043,-0.007468,0.002571,0.00764,0.4905,-0.15365,-0.56536
8.9939,0.33288,3.8589,-0.005923,0.031828,-0.012928,-0.75275,0.41526,-0.2844,9.3413,2.3936,1.5466,0.031806,-0.009616,0.004578,-0.54571,0.18254,-0.56883,8.6359,-4.1929,1.7824,-0.010913,-0.006294,-0.012874,-0.5107,0.45811,0.12072,-9.6661,-0.20472,-1.4398,-0.011106,0.004022,-0.020915,0.40426,-0.23401,0.37487,-9.6894,1.2555,-0.77865,-0.00114,0.001663,0.005821,0.4886,-0.15314,-0.56583
9.0089,0.36233,3.8742,0.00483,0.01755,-0.002817,-0.75457,0.41662,-0.28556,9.3633,2.4371,1.5663,0.017389,0.001168,0.022549,-0.54434,0.1829,-0.56734,8.692,-4.2077,1.7591,0.01016,-0.012976,0.003932,-0.51152,0.45813,0.1218,-9.6959,-0.20484,-1.4404,-0.012143,0.02869,-0.011918,0.40512,-0.23367,0.37583,-9.6968,1.2856,-0.81605,-0.013676,-0.000319,-0.001396,0.48912,-0.15168,-0.56571
9.0087,0.34728,3.9338,0.021147,0.031047,0.009006,-0.75326,0.41623,-0.28619,9.4023,2.4567,1.5375,0.044489,-0.000868,-0.006131,-0.54455,0.1846,-0.56842,8.7187,-4.1447,1.7462,0.021679,-0.016433,0.007485,-0.51172,0.4588,0.1204,-9.6885,-0.20474,-1.4553,0.003179,0.004013,-0.023561,0.40481,-0.23427,0.37476,-9.7043,1.3005,-0.80867,-0.004703,0.003393,0.003132,0.48895,-0.1554,-0.56325
8.9939,0.34755,3.8963,0.01759,0.038147,0.002583,-0.754,0.41516,-0.28499,9.324,2.4615,1.5468,0.028467,0.009715,-0.008623,-0.54387,0.18215,-0.56833,8.6967,-4.1009,1.7524,0.015415,-0.009201,0.00749,-0.5106,0.45786,0.12023,-9.666,-0.21966,-1.4548,-0.004367,0.026911,-0.001346,0.40489,-0.23244,0.37397,-9.6743,1.3153,-0.79318,-0.000398,-0.012494,0.01476,0.49051,-0.15299,-0.56511
8.9638,0.30311,3.9555,0.026533,0.013844,-0.00095,-0.75304,0.41495,-0.28725,9.3777,2.4954,1.5472,0.024807,0.007138,-0.002368,-0.54436,0.18284,-0.57005,8.7186,-4.0767,1.745,-0.005439,-0.01098,-0.019024,-0.51222,0.45663,0.12031,-9.6659,-0.23472,-1.4398,-0.004914,0.014578,-0.0182,0.40454,-0.23249,0.37554,-9.6893,1.3154,-0.8009,0.000974,0.013813,-0.014004,0.49021,-0.15326,-0.56564
8.9638,0.31795,3.9482,0.003861,0.015934,0.009955,-0.7558,0.41488,-0.28844,9.3678,2.5005,1.5035,0.021119,-0.006975,-0.000637,-0.5435,0.18101,-0.56881,8.7285,-4.1594,1.7637,-0.0249,-0.002262,-0.026983,-0.51079,0.45747,0.12148,-9.6808,-0.24972,-1.4551,-0.02221,0.007576,0.000277,0.40482,-0.23276,0.37226,-9.6892,1.3602,-0.80825,-0.008102,0.004854,-0.012235,0.49176,-0.15233,-0.56428
8.964,0.34026,3.9259,-0.000658,0.015937,0.008124,-0.75316,0.4152,-0.28685,9.3239,2.4858,1.5372,0.039056,-0.006164,-0.004346,-0.54239,0.18066,-0.5699,8.6992,-4.1446,1.7483,0.001483,-0.007913,-0.008424,-0.5115,0.45699,0.11971,-9.6659,-0.24966,-1.4548,0.008142,0.014569,-0.004967,0.40365,-0.23294,0.37405,-9.6743,1.3229,-0.82304,-0.007267,-0.003138,-0.008678,0.49063,-0.15181,-0.56512
9.0013,0.3474,3.9188,0.006521,0.00153,0.006375,-0.75378,0.41603,-0.2885,9.3336,2.4713,1.5226,0.023799,-0.017667,-0.008728,-0.54339,0.18031,-0.57164,8.7285,-4.135,1.7241,-0.009159,0.001904,-0.011939,-0.51113,0.4584,0.11956,-9.6957,-0.26471,-1.4704,-0.014956,0.018132,-0.004947,0.40489,-0.23396,0.37345,-9.7042,1.3303,-0.7787,-0.017284,-0.003955,-0.003218,0.49066,-0.15168,-0.56473
8.9791,0.36252,3.8889,0.018313,0.003205,0.004557,-0.75264,0.4156,-0.28724,9.3583,2.476,1.5616,0.0175,-0.004287,0.004739,-0.54388,0.17991,-0.57127,8.6944,-4.1494,1.7459,-0.000342,-0.004242,-0.006654,-0.51184,0.45738,0.12043,-9.6661,-0.20472,-1.4398,-0.009514,0.01811,-0.011111,0.40502,-0.23307,0.37359,-9.6893,1.2854,-0.77857,-0.006335,-0.005896,-0.012308,0.49008,-0.15128,-0.56528
9.0015,0.36234,3.889,0.004839,0.017517,-0.005552,-0.75303,0.41534,-0.28698,9.3583,2.4518,1.5494,0.019108,-0.01122,0.020691,-0.54475,0.1806,-0.57288,8.7332,-4.1445,1.7148,-0.005521,-0.013361,-0.010197,-0.51156,0.4572,0.1202,-9.6811,-0.21953,-1.5001,-0.012329,0.008439,-0.004125,0.40424,-0.23285,0.37486,-9.7043,1.3004,-0.77878,0.002668,-0.013028,-0.012371,0.4909,-0.15154,-0.56499
9.0533,0.34666,4.0012,-0.010618,0.009623,-0.003705,-0.75409,0.41482,-0.28675,9.3117,2.4832,1.5614,0.022845,-0.00339,0.00825,-0.54258,0.17979,-0.57119,8.6942,-4.1055,1.7355,-0.018225,-0.000492,-0.001361,-0.51109,0.45706,0.1196,-9.6958,-0.2199,-1.4254,0.017079,0.007529,-0.008537,0.40423,-0.23297,0.3746,-9.6894,1.2331,-0.77124,-0.00629,0.001237,-0.014067,0.49047,-0.15154,-0.5654
8.9785,0.30266,4.0377,-0.008847,0.005176,0.000869,-0.75208,0.41571,-0.28681,9.3633,2.4565,1.5786,0.015727,-0.006087,0.001186,-0.54337,0.18069,-0.57125,8.6991,-4.1444,1.7558,-0.028829,0.007462,-0.006658,-0.51114,0.45808,0.12107,-9.6661,-0.2195,-1.4923,-0.018304,0.009313,-0.01559,0.40371,-0.23312,0.37537,-9.6892,1.3302,-0.76351,0.009869,-0.002179,-0.008706,0.49098,-0.1514,-0.56565
9.0237,0.30313,3.8291,-0.034932,0.042166,0.008876,-0.75202,0.41588,-0.2883,9.3143,2.4469,1.5612,0.034575,-0.002602,-0.000739,-0.54393,0.18212,-0.5717,8.6991,-4.1201,1.7285,-0.028873,0.013879,-0.004876,-0.51065,0.45806,0.12085,-9.6959,-0.21977,-1.4554,0.02789,0.007511,-0.014714,0.40328,-0.23348,0.37482,-9.6893,1.3003,-0.76359,-0.00642,-0.000372,-0.005035,0.4904,-0.15142,-0.56461
8.979,0.36975,3.9337,0.022929,0.008342,-0.012784,-0.7526,0.41636,-0.28643,9.2727,2.4855,1.6,-0.000385,-0.002546,0.002216,-0.5428,0.17996,-0.57276,8.7966,-4.1837,1.7287,-0.04265,-0.003221,-0.026985,-0.51122,0.45848,0.11956,-9.6662,-0.20441,-1.5149,-0.006381,0.026038,0.010119,0.40567,-0.2324,0.37611,-9.7193,1.3306,-0.83872,-0.008199,0.011323,-0.003132,0.49009,-0.15128,-0.56515
8.9417,0.30373,3.8434,-0.033048,0.037341,-0.015731,-0.75143,0.41519,-0.28719,9.3532,2.5003,1.5325,-0.002226,-0.004224,0.008461,-0.54403,0.17966,-0.57166,8.6749,-4.1882,1.7732,-0.02867,-0.001114,-0.017288,-0.51009,0.45835,0.12049,-9.7108,-0.20496,-1.4257,0.018853,0.007535,-0.008533,0.40388,-0.23493,0.37538,-9.6743,1.3151,-0.75582,0.006175,-0.005671,-0.0033,0.49013,-0.15195,-0.56474
8.9713,0.30325,3.9033,-0.010476,0.037405,-0.000191,-0.75558,0.41562,-0.28695,9.3484,2.5172,1.5617,-0.022015,-0.006792,0.015726,-0.54365,0.18083,-0.57153,8.6774,-4.2052,1.7539,-0.013056,0.002298,0.003933,-0.51107,0.45864,0.12081,-9.6362,-0.20451,-1.4617,-0.004061,0.00576,-0.017375,0.40405,-0.23254,0.37367,-9.7194,1.2558,-0.81651,0.008073,-0.003069,-0.008692,0.48915,-0.15169,-0.56531
9.0309,0.30271,3.9187,-0.01499,0.037397,-0.004751,-0.75245,0.41655,-0.28872,9.4463,2.4711,1.55,0.010553,-0.009806,-0.023673,-0.54223,0.18135,-0.57159,8.731,-4.1957,1.7203,-0.016711,0.014167,0.007502,-0.51118,0.45864,0.12105,-9.7108,-0.23477,-1.4707,0.00286,0.011074,-0.007635,0.40302,-0.2354,0.37455,-9.7042,1.3304,-0.80859,0.004434,-0.003947,-0.00689,0.49074,-0.15127,-0.56526
8.9861,0.31759,3.9931,0.004824,0.019378,-0.00191,-0.75456,0.41563,-0.28785,9.3142,2.4445,1.5466,-0.000181,0.004409,-0.012865,-0.5443,0.18031,-0.57169,8.6603,-4.1638,1.7481,-0.01367,-0.000772,-0.009323,-0.50968,0.45897,0.12112,-9.6664,-0.15953,-1.4849,0.000747,0.014586,0.007403,0.40283,-0.23357,0.37401,-9.6894,1.2406,-0.77869,0.002797,-0.003321,-0.019547,0.49011,-0.15128,-0.56488
8.9934,0.27314,3.9779,0.008475,0.026553,0.000798,-0.75256,0.41615,-0.28832,9.3926,2.4324,1.5373,0.010504,-0.002641,-0.011201,-0.54427,0.17991,-0.57129,8.7164,-4.2272,1.7305,0.010469,-0.014255,-0.010196,-0.5093,0.4587,0.12127,-9.6883,-0.24221,-1.4627,-0.008812,0.021645,-0.001388,0.40267,-0.23431,0.37321,-9.6891,1.4125,-0.79317,-0.008187,-0.005829,-0.00869,0.48975,-0.15116,-0.56423
8.979,0.36234,3.9336,0.040068,0.013915,0.011839,-0.75168,0.41539,-0.28949,9.3679,2.4229,1.4983,0.012302,-0.009759,-0.016595,-0.54434,0.17943,-0.57258,8.7286,-4.2225,1.7477,0.028327,-0.002333,-0.011913,-0.50911,0.45793,0.12006,-9.6662,-0.1821,-1.4699,-0.007902,0.019872,-0.003154,0.40208,-0.23275,0.37292,-9.6744,1.2554,-0.76346,-0.011604,0.002858,-0.021286,0.49026,-0.15234,-0.56486
9.0012,0.33255,3.9261,-0.00333,0.019456,0.000813,-0.75405,0.41636,-0.29095,9.3582,2.4325,1.5274,0.028446,-0.004485,-0.0167,-0.54367,0.17788,-0.57251,8.6748,-4.1831,1.7366,0.026671,-0.011344,-0.013709,-0.51136,0.45978,0.11926,-9.6959,-0.23465,-1.4854,-0.002539,0.004033,-0.005039,0.40315,-0.2354,0.37442,-9.7042,1.3154,-0.78621,-0.022727,-0.00573,-0.001407,0.48956,-0.14982,-0.56666
8.9938,0.34743,3.9262,0.0184,0.015672,-0.002789,-0.75236,0.41501,-0.28965,9.3314,2.4324,1.5515,0.005784,-0.018435,0.002971,-0.54303,0.17892,-0.57237,8.7089,-4.1541,1.7195,0.055153,-0.018299,-0.010145,-0.51091,0.46041,0.11827,-9.6962,-0.15971,-1.4705,-0.002602,0.004036,-0.003258,0.40231,-0.23512,0.37425,-9.6893,1.2404,-0.7264,-0.008169,0.004923,-0.00861,0.48881,-0.14892,-0.56577
8.9642,0.36993,3.9186,0.006586,0.005864,-0.00459,-0.75373,0.41659,-0.28999,9.3339,2.4662,1.5809,-0.009396,-0.00868,0.004932,-0.54307,0.1792,-0.57315,8.7088,-4.1152,1.7261,0.05312,-0.019838,0.001334,-0.51013,0.46025,0.11881,-9.6811,-0.20459,-1.4851,-0.018686,0.012853,0.002086,0.40181,-0.23617,0.37502,-9.7043,1.2855,-0.77882,0.000795,-0.003029,-0.005063,0.48973,-0.14798,-0.56576
8.994,0.36234,3.9039,-0.00238,0.022947,-0.005586,-0.75399,0.41542,-0.28986,9.3388,2.471,1.5809,-0.022187,-0.018197,0.026329,-0.54399,0.18074,-0.5731,8.7087,-4.0667,1.7253,0.021115,-0.025701,-0.004009,-0.51071,0.46042,0.11728,-9.6887,-0.18215,-1.4778,-0.006076,0.002274,-0.006805,0.40221,-0.23528,0.37517,-9.6893,1.2629,-0.74875,-0.006334,-0.011312,-0.014152,0.48921,-0.14918,-0.56588
8.979,0.34758,3.9186,-0.027789,0.020563,0.004421,-0.75232,0.41616,-0.28871,9.3583,2.5242,1.6007,-0.021175,-0.012984,0.01569,-0.54349,0.18126,-0.57334,8.7161,-4.1177,1.7483,-0.019779,-0.007158,-0.01197,-0.5104,0.46026,0.1183,-9.6662,-0.17472,-1.4399,-0.000932,0.011066,0.002083,0.40275,-0.23476,0.3748,-9.7044,1.2407,-0.78642,-0.010037,-0.000361,-0.004113,0.49115,-0.14902,-0.56662
8.905,0.39316,3.784,-0.018694,0.012171,-0.011959,-0.75275,0.41696,-0.28928,9.3288,2.5727,1.6105,-0.047976,-0.013915,0.007015,-0.54341,0.18296,-0.57401,8.6846,-4.1299,1.7087,-0.016094,-0.00655,-0.020808,-0.50982,0.46003,0.11833,-9.6962,-0.15971,-1.4705,0.004305,0.018117,0.007429,0.40111,-0.23679,0.37459,-9.7267,1.2855,-0.74932,-0.00801,0.0083,-0.019427,0.48797,-0.14851,-0.56806
8.964,0.26674,3.7837,-0.057679,0.023544,0.014388,-0.75349,0.41654,-0.28795,9.3241,2.5023,1.6174,-0.070238,0.003799,0.009061,-0.54394,0.18341,-0.57172,8.714,-4.2176,1.7596,0.005109,-0.015213,-0.010204,-0.50978,0.46195,0.11903,-9.6961,-0.18234,-1.4404,-0.000902,0.004917,0.000275,0.40208,-0.23719,0.37451,-9.6895,1.1883,-0.76389,-0.003567,0.006625,-0.014036,0.48882,-0.14785,-0.56725
8.9931,0.25803,4.0524,0.021866,-0.018476,-0.009931,-0.75321,0.41849,-0.28782,9.3827,2.5171,1.579,-0.003701,0.016809,-0.011858,-0.54376,0.18615,-0.57267,8.7773,-4.1887,1.76,0.02612,-0.026571,-0.033145,-0.50979,0.46234,0.11902,-9.6963,-0.15965,-1.4855,0.01487,0.000501,0.010836,0.40207,-0.23744,0.37425,-9.6893,1.3005,-0.81588,-0.000135,0.000625,-0.001427,0.48962,-0.14758,-0.56723
8.9716,0.31845,3.8065,0.030094,-0.008742,-0.009974,-0.75371,0.41626,-0.28715,9.2356,2.4812,1.488,0.005479,0.017467,-0.034193,-0.54315,0.18508,-0.57119,8.6773,-4.164,1.7874,0.036862,-0.004707,-0.036647,-0.50848,0.46114,0.1175,-9.666,-0.21975,-1.4323,0.001735,0.016344,0.002993,0.40223,-0.23619,0.37517,-9.6743,1.3151,-0.74835,0.005329,-0.002164,-0.006892,0.48913,-0.14746,-0.56658
8.9939,0.34758,3.8889,-0.024129,0.020416,-0.004694,-0.75415,0.41693,-0.28771,9.2895,2.5053,1.5176,-0.036982,-0.00791,-0.012624,-0.54373,0.18575,-0.57227,8.6578,-4.1833,1.7728,0.023059,-0.004287,-0.016356,-0.51001,0.46018,0.11694,-9.6664,-0.13719,-1.4474,0.006491,0.01809,-0.011979,0.40147,-0.23611,0.37356,-9.7043,1.3155,-0.80863,-0.001109,-0.001972,0.003087,0.48985,-0.14849,-0.56787
9.0387,0.34722,3.8892,-0.016829,0.030212,-0.006545,-0.75487,0.41585,-0.28625,9.3507,2.4786,1.513,-0.03249,-0.017702,-0.021599,-0.54326,0.18687,-0.57059,8.7041,-4.1832,1.7101,0.028555,0.000542,0.02342,-0.5091,0.4619,0.11682,-9.6816,-0.12203,-1.5002,-0.009888,0.014606,0.005645,0.40098,-0.23744,0.3713,-9.7045,1.1509,-0.74931,0.008175,0.00305,-0.015889,0.48955,-0.14652,-0.56792
8.979,0.34035,3.8738,0.00038,0.022787,-0.015617,-0.75501,0.41742,-0.28613,9.3534,2.4759,1.5664,-0.028757,-0.00453,-0.02956,-0.54469,0.1884,-0.5703,8.7137,-4.159,1.7343,0.035745,-0.017642,0.021629,-0.51043,0.46209,0.11537,-9.6889,-0.12971,-1.4629,0.006258,0.014586,-0.001413,0.40138,-0.23883,0.37369,-9.7343,1.2707,-0.7719,-0.00281,-0.000345,-0.005022,0.48984,-0.14757,-0.56789
8.979,0.34767,3.8962,-0.01869,0.015802,-0.011963,-0.7541,0.4169,-0.28676,9.2849,2.4517,1.5708,-0.003723,-0.000985,-0.022649,-0.54455,0.1875,-0.57041,8.6649,-4.1004,1.7032,0.043918,-0.015913,0.014569,-0.50865,0.46267,0.11582,-9.6662,-0.18213,-1.4624,0.00067,0.014589,0.010929,0.40093,-0.23866,0.37301,-9.6894,1.2031,-0.73397,-0.007975,0.003733,-0.023089,0.48916,-0.14613,-0.5678
8.964,0.33288,3.9184,0.004894,0.026441,-0.00833,-0.75462,0.41521,-0.28664,9.3045,2.4734,1.588,-0.022652,0.000943,-0.00736,-0.54469,0.18711,-0.57054,8.7185,-4.1105,1.7482,0.036323,-0.014735,-0.00662,-0.50926,0.46243,0.11617,-9.6961,-0.18977,-1.4554,-0.000672,0.001389,-0.010341,0.40042,-0.23907,0.37378,-9.7268,1.2557,-0.76434,-0.006298,0.000352,-0.014057,0.48911,-0.14678,-0.56859
8.964,0.30349,3.8585,-0.020415,0.045609,0.006141,-0.75555,0.41632,-0.28884,9.3585,2.4467,1.5906,0.001753,0.014936,-0.021708,-0.54478,0.18812,-0.56979,8.6747,-4.1346,1.7577,0.017776,-0.013286,-0.015485,-0.50935,0.46335,0.11439,-9.6666,-0.12203,-1.4849,0.00271,0.016339,-0.001401,0.40225,-0.23887,0.37465,-9.6819,1.263,-0.78598,0.004455,-0.003991,-0.008706,0.49027,-0.14717,-0.56735
8.9716,0.34773,3.8962,0.013933,0.02279,-0.008302,-0.75491,0.41685,-0.28936,9.3144,2.4854,1.6197,0.001623,0.018598,-0.005683,-0.54595,0.18555,-0.57032,8.7064,-4.1493,1.7585,0.030091,-0.020242,-0.006646,-0.5091,0.46308,0.11441,-9.6887,-0.15974,-1.4553,-0.016908,0.02518,0.002183,0.40068,-0.23932,0.37339,-9.7043,1.2556,-0.78638,-0.0181,-0.000483,-0.008617,0.48874,-0.14679,-0.5682
8.9638,0.31795,3.9482,0.004878,0.033782,0.004407,-0.75423,0.41736,-0.28934,9.3341,2.4224,1.6074,-0.008977,0.006025,-0.030566,-0.54407,0.18623,-0.57126,8.704,-4.1395,1.7338,0.004728,-0.009078,0.011012,-0.50863,0.46371,0.11379,-9.696,-0.20471,-1.4704,-0.038274,0.019929,0.0039,0.39963,-0.24038,0.3744,-9.7043,1.2705,-0.76392,-0.004677,0.003335,0.00042,0.48901,-0.14586,-0.56795
8.9343,0.34803,3.8959,0.019293,0.021173,0.009037,-0.75564,0.41539,-0.28803,9.2802,2.4394,1.595,0.005938,0.00274,0.001298,-0.54418,0.18526,-0.56866,8.6991,-4.1857,1.7639,0.008646,-0.018557,-0.004906,-0.50788,0.4651,0.11379,-9.6516,-0.12204,-1.4696,-0.019523,0.025164,-0.000458,0.40054,-0.23995,0.373,-9.7044,1.2256,-0.73416,0.000729,-0.005646,-0.00146,0.4896,-0.14771,-0.56749
8.9418,0.36279,3.896,-0.004217,0.024866,0.00443,-0.75515,0.4158,-0.28882,9.3144,2.4564,1.5953,0.01407,0.013343,0.001295,-0.54416,0.18634,-0.57049,8.721,-4.1493,1.7465,0.040845,-0.000237,-0.010121,-0.50677,0.46365,0.11339,-9.6816,-0.11459,-1.4852,-0.013503,-0.004754,0.006394,0.39908,-0.24126,0.37411,-9.7267,1.2855,-0.76426,0.007881,-0.005501,0.003958,0.48768,-0.14574,-0.56786
8.9347,0.40021,3.8142,0.050939,-0.01351,-0.020869,-0.75563,0.41512,-0.28789,9.3142,2.4614,1.5613,0.0049,-0.011336,0.006574,-0.54422,0.18779,-0.57143,8.7038,-4.0472,1.7224,0.015779,-0.000344,-0.006612,-0.50855,0.46449,0.11277,-9.6669,-0.062031,-1.485,0.02567,0.003991,0.003821,0.39988,-0.24175,0.3731,-9.6969,1.1807,-0.73416,-0.001099,-0.005618,0.000352,0.48931,-0.14519,-0.56915
8.964,0.30346,3.866,-0.034994,0.023223,-0.000166,-0.7555,0.41695,-0.2879,9.3094,2.4275,1.5514,-0.020166,-0.01308,0.005877,-0.54432,0.1888,-0.57068,8.7087,-4.0667,1.718,-0.059988,0.00984,-0.010211,-0.50748,0.4647,0.1142,-9.6891,-0.099618,-1.4854,0.004663,-0.010946,-0.012175,0.40024,-0.24132,0.37193,-9.7194,1.2108,-0.76434,-0.003729,0.010476,-0.001334,0.48863,-0.14704,-0.56966
9.0083,0.30977,4.0529,-0.01522,-0.003777,-0.002745,-0.75434,0.4169,-0.28637,9.3777,2.4713,1.5228,0.040694,-0.002431,0.017009,-0.54253,0.18933,-0.57098,8.6942,-4.1054,1.7037,-0.083865,0.000321,-0.019097,-0.50772,0.46432,0.11432,-9.6814,-0.12971,-1.4552,-0.009668,0.015481,-0.004937,0.39999,-0.24084,0.37284,-9.6894,1.2405,-0.76375,-0.006457,0.003287,-0.00139,0.4892,-0.14544,-0.57074
9.0238,0.318,3.8143,0.019157,-0.009337,0.006435,-0.75386,0.41705,-0.28743,9.2751,2.4372,1.5512,0.017297,-0.027239,0.009934,-0.54357,0.18779,-0.57127,8.709,-4.2221,1.7304,-0.072724,0.018045,-0.040252,-0.50806,0.46445,0.11517,-9.6965,-0.11462,-1.493,0.000974,0.007552,-0.004108,0.39711,-0.24145,0.3731,-9.6969,1.2106,-0.74902,-0.008179,-0.00045,-0.008642,0.48934,-0.14625,-0.56899
8.9639,0.30325,3.9182,-0.013316,0.019606,0.008089,-0.75393,0.41656,-0.28864,9.3244,2.3981,1.6121,0.042454,-0.009569,0.013382,-0.54295,0.18716,-0.57187,8.6261,-4.2144,1.7584,-0.042573,-0.001432,-0.030565,-0.50818,0.46394,0.11518,-9.6368,-0.099415,-1.4844,0.008918,0.011916,-0.001428,0.39954,-0.24118,0.37177,-9.7043,1.2554,-0.71914,-0.004526,0.000386,-0.012261,0.48934,-0.14664,-0.56898
8.9938,0.34005,3.9187,0.017424,0.008623,0.006359,-0.75592,0.41618,-0.28818,9.3194,2.4514,1.6172,0.019674,-0.034073,0.037455,-0.54323,0.18807,-0.57216,8.6895,-4.2316,1.701,-0.007458,0.004105,-0.003118,-0.50906,0.4641,0.11513,-9.6966,-0.099647,-1.4856,0.006314,0.014588,-0.004055,0.39932,-0.24161,0.37307,-9.7043,1.2405,-0.73412,0.004447,-0.002195,-0.008682,0.48856,-0.14612,-0.56875
9.0088,0.31794,3.859,0.003033,0.017521,-0.005557,-0.75472,0.41812,-0.28828,9.3879,2.4805,1.625,0.042426,-0.016659,0.008921,-0.54509,0.18667,-0.57327,8.7236,-4.2075,1.6889,-0.00028,-0.000439,-0.004873,-0.50963,0.46424,0.11622,-9.7041,-0.084676,-1.4857,0.015334,0.014576,-0.010227,0.39959,-0.24224,0.37256,-9.7193,1.2407,-0.76426,-0.000873,0.003058,-0.014055,0.48836,-0.14559,-0.56943
9.0234,0.28801,3.9036,-0.00059,0.030306,0.009889,-0.756,0.41791,-0.28968,9.3097,2.49,1.6659,0.024517,0.004689,0.025177,-0.54474,0.18765,-0.57146,8.6845,-4.1734,1.7097,0.006766,-0.02206,0.000381,-0.5084,0.46407,0.11592,-9.6892,-0.084587,-1.4929,-0.006251,0.002279,0.000273,0.39904,-0.24161,0.37306,-9.7043,1.233,-0.72667,-0.007216,-0.002349,-0.014081,0.48908,-0.14558,-0.57061
8.9638,0.27374,3.8882,-0.000599,0.027598,0.009894,-0.75489,0.41801,-0.28896,9.3123,2.4656,1.6925,0.022836,-0.002547,0.006477,-0.54407,0.18848,-0.57325,8.7526,-4.1057,1.7193,0.000519,-0.005812,-0.001333,-0.50762,0.46545,0.11642,-9.6962,-0.14496,-1.4105,-0.002483,-0.003007,-0.01036,0.3996,-0.23946,0.374,-9.7193,1.2407,-0.76426,-0.017422,-0.000145,0.007672,0.48769,-0.1452,-0.56946
8.9935,0.25868,3.8883,-0.003317,0.030359,0.013529,-0.7541,0.41853,-0.28934,9.3513,2.4731,1.6539,0.031916,0.011582,0.004706,-0.54404,0.18667,-0.57295,8.7089,-4.159,1.7342,-0.025043,0.003603,-0.016375,-0.50838,0.46381,0.11618,-9.6891,-0.099618,-1.4854,0.00327,0.011933,-0.027898,0.39926,-0.2413,0.37162,-9.7044,1.2032,-0.73422,-0.024432,0.006698,-0.006741,0.48944,-0.14585,-0.56939
9.0011,0.31771,3.9335,0.021075,0.01306,0.004521,-0.75282,0.41862,-0.28808,9.3121,2.4707,1.6391,0.028479,0.014999,-0.008593,-0.54384,0.1876,-0.57399,8.7089,-4.1444,1.7169,-0.009072,0.001126,-0.011944,-0.5091,0.46383,0.11689,-9.6813,-0.14478,-1.4402,-0.002372,0.011946,-0.013788,0.40097,-0.24188,0.37276,-9.7193,1.2257,-0.74936,-0.017351,0.004244,0.00318,0.48849,-0.14559,-0.56956
8.9787,0.3031,3.9258,0.006613,0.013979,-0.000977,-0.7564,0.4196,-0.28944,9.3193,2.4781,1.61,0.019478,0.015073,-0.002293,-0.54246,0.18763,-0.57469,8.7357,-4.1833,1.7155,-0.024836,0.007892,-0.026075,-0.50854,0.46483,0.11814,-9.6815,-0.12215,-1.4702,0.002863,0.018983,-0.008441,0.39876,-0.24185,0.37278,-9.7044,1.2406,-0.764,0.000895,0.014822,-0.00856,0.48844,-0.14638,-0.57035
8.9938,0.3327,3.9037,0.017463,0.015788,0.006327,-0.75337,0.41869,-0.29067,9.3094,2.4661,1.588,0.010535,0.017752,-0.00043,-0.54145,0.18752,-0.57515,8.6894,-4.1588,1.6997,-0.00399,-0.013009,0.002157,-0.50807,0.46302,0.11734,-9.6667,-0.11441,-1.515,0.003002,-0.006557,-0.016561,0.40082,-0.24123,0.37275,-9.7044,1.2331,-0.76402,0.000952,0.009334,-0.014024,0.48903,-0.14704,-0.56965
9.0013,0.31057,3.8663,-0.004131,0.042818,0.00618,-0.7525,0.41931,-0.28956,9.3363,2.4565,1.576,0.003342,0.006234,-0.005764,-0.54466,0.18723,-0.57481,8.7235,-4.1201,1.6971,-0.012921,0.001434,0.001306,-0.50879,0.46393,0.11815,-9.6664,-0.14459,-1.4699,0.004656,-0.008315,-0.011283,0.40002,-0.24176,0.37324,-9.6894,1.2405,-0.76375,0.009847,0.010462,-0.004096,0.48755,-0.1464,-0.56798
9.0232,0.31706,4.0531,-0.007815,0.017511,-0.016505,-0.75401,0.41881,-0.29002,9.3143,2.4614,1.5661,0.012168,-0.009673,-0.004147,-0.54202,0.18838,-0.57365,8.7088,-4.1006,1.7137,-0.025468,-0.002237,0.003931,-0.50819,0.46418,0.11743,-9.6516,-0.12204,-1.4696,0.005249,0.011931,0.003863,0.3989,-0.24071,0.37331,-9.7194,1.1808,-0.73454,-0.00372,-0.000354,-0.005023,0.48962,-0.14518,-0.57047
8.9933,0.25824,4.0002,0.008326,0.001533,0.006378,-0.75257,0.4198,-0.28835,9.3338,2.4614,1.5663,-0.014577,-0.004407,-0.012787,-0.54328,0.18707,-0.57331,8.7284,-4.1469,1.705,-0.030788,0.00767,0.002181,-0.50905,0.46343,0.1179,-9.6963,-0.14474,-1.463,0.015436,0.002246,-0.015619,0.40047,-0.24014,0.37128,-9.7044,1.2406,-0.764,0.00433,0.005197,0.002221,0.48784,-0.14705,-0.56956
9.0084,0.25844,3.9183,-0.051205,0.049467,0.008824,-0.75284,0.41986,-0.29079,9.3485,2.4227,1.537,0.001446,-0.004314,-0.000473,-0.54378,0.18642,-0.57306,8.6552,-4.1077,1.713,-0.029015,0.011352,0.002173,-0.50808,0.46392,0.11719,-9.6664,-0.14466,-1.4549,-0.000635,0.007536,-0.012055,0.39849,-0.24148,0.37317,-9.6894,1.2406,-0.77869,0.005942,9.9e-05,0.015743,0.48915,-0.14797,-0.5683
8.9416,0.31825,3.9181,0.030177,0.010103,-0.010052,-0.75335,0.41907,-0.29026,9.3143,2.4613,1.5807,0.008609,-0.011477,-0.008573,-0.54311,0.18731,-0.57239,8.7991,-4.2079,1.6973,-0.035827,0.003596,-0.01195,-0.50794,0.46286,0.11998,-9.7112,-0.15977,-1.4708,0.011796,0.016344,-0.01023,0.40018,-0.24089,0.37417,-9.6893,1.2928,-0.75614,0.006163,0.006955,0.00041,0.48886,-0.14573,-0.56822
8.9849,0.41946,3.8878,0.0069506,0.022379,-0.0076621,-0.75616,0.4167,-0.28918,9.3703,2.508,1.5519,-0.023005,-0.0098262,0.014462,-0.55427,0.19369,-0.55548,8.7073,-4.1441,1.7,0.028427,-0.036202,-0.015471,-0.51918,0.43171,0.13208,-9.6943,-0.18639,-1.4283,-0.01222,-0.0045779,-0.0086847,0.40445,-0.2251,0.36662,-9.6929,1.1759,-0.77532,0.017013,-0.0046856,-0.0053909,0.49734,-0.14323,-0.56983
8.9536,0.3629,3.9048,0.055271,0.017159,0.019925,-0.75625,0.409,-0.29556,9.3001,2.495,1.5868,-0.040186,-0.015053,-0.0045203,-0.53024,0.18857,-0.56826,8.6975,-4.118,1.7395,0.024342,-0.0070661,0.0036846,-0.50756,0.45721,0.10222,-9.6671,-0.14573,-1.4347,0.02011,0.0039087,-0.010435,0.39152,-0.24922,0.3922,-9.7113,1.3185,-0.78726,-0.0071768,0.00010395,0.0071924,0.49339,-0.15487,-0.56925
8.9951,0.33895,3.898,0.0063171,0.022303,-0.0093484,-0.76119,0.42626,-0.28037,9.3549,2.4745,1.6025,0.011196,-0.013197,0.0024706,-0.54147,0.19168,-0.55031,8.7038,-4.1537,1.7682,-0.042003,0.012207,0.014149,-0.51496,0.46043,0.11197,-9.69,-0.21808,-1.418,0.0036933,-0.016081,0.0030729,0.40349,-0.22289,0.38564,-9.7418,1.3267,-0.75559,-0.015129,0.020632,0.012468,0.49876,-0.15094,-0.53442
8.9417,0.43792,3.9112,0.014615,0.0026445,-0.013568,-0.76234,0.42509,-0.29232,9.3498,2.4982,1.6108,0.0071058,0.014932,0.004642,-0.55064,0.18796,-0.56108,8.8102,-4.1233,1.7299,-0.0078675,-0.010957,0.0070153,-0.51003,0.45752,0.10248,-9.6883,-0.14948,-1.4493,0.013803,0.0065961,-0.016515,0.41199,-0.24725,0.37173,-9.6829,1.3222,-0.77766,-0.022074,-0.0060707,-0.0027435,0.48718,-0.16358,-0.57112
8.9755,0.36929,3.9275,0.037027,-0.013116,0.013874,-0.74326,0.40919,-0.30051,9.279,2.4714,1.556,-0.021396,-0.0035993,0.016603,-0.53395,0.18584,-0.56837,8.6754,-4.1745,1.7334,0.027317,0.0037045,-0.021452,-0.5127,0.47528,0.12528,-9.676,-0.13228,-1.4543,0.0020085,0.012132,-0.017515,0.4295,-0.23692,0.38277,-9.728,1.1475,-0.80091,0.0031006,-0.0043598,-0.019548,0.47527,-0.14678,-0.55422
8.9951,0.33457,3.9672,0.015157,0.027159,0.0042771,-0.76048,0.42053,-0.27892,9.3353,2.5022,1.5728,-0.0077776,0.0072975,-0.030877,-0.56625,0.18027,-0.57129,8.6738,-4.1913,1.7685,-0.0096997,-0.011975,-0.0088744,-0.52084,0.47039,0.11429,-9.7064,-0.12989,-1.4453,0.0016381,-0.0013252,-0.02634,0.40811,-0.23222,0.37374,-9.6807,1.2654,-0.75342,-0.0031117,0.010503,-0.032653,0.50672,-0.14034,-0.57564
9.0006,0.35864,3.9414,-0.0017211,0.010498,-0.0045393,-0.74302,0.41241,-0.28382,9.339,2.4751,1.592,-0.0057543,-0.013161,-0.02216,-0.54659,0.19229,-0.55081,8.73,-4.1997,1.7579,0.0057245,-0.0034143,-0.019197,-0.51853,0.47438,0.10852,-9.6886,-0.19182,-1.4564,-0.00072954,-0.010758,0.023104,0.40274,-0.21989,0.37216,-9.695,1.1921,-0.80932,-0.010479,0.009642,-0.01002,0.48276,-0.15543,-0.55543
9.0041,0.36583,3.9017,-0.035601,0.020772,-0.026418,-0.75017,0.4288,-0.30696,9.3278,2.4729,1.5488,-0.012197,-0.011954,-0.025996,-0.54368,0.19452,-0.58257,8.6763,-4.1985,1.718,0.027956,0.00034886,-0.022881,-0.50793,0.45433,0.12226,-9.6961,-0.19225,-1.4697,0.0060876,0.0089675,-0.0039537,0.41066,-0.23748,0.38168,-9.7173,1.2612,-0.79184,0.00030256,-0.0050895,0.0035574,0.47821,-0.14491,-0.55612
8.9309,0.34586,3.9009,-0.048115,0.028101,0.014127,-0.75299,0.39954,-0.25762,9.3506,2.4896,1.5835,-0.0010364,0.011007,-0.023564,-0.54686,0.1673,-0.56146,8.7278,-4.1707,1.7595,0.023118,-0.0054769,-0.016632,-0.48951,0.44003,0.1218,-9.6897,-0.10709,-1.4843,0.0034556,0.0063113,-0.011398,0.41677,-0.22232,0.38195,-9.7023,1.2649,-0.81052,0.0028533,-0.010294,-0.044499,0.46616,-0.14917,-0.58001
9.0481,0.32483,3.9897,0.035638,-0.010359,0.0050181,-0.73092,0.41658,-0.29415,9.3557,2.4908,1.534,0.043213,0.0022179,-0.020448,-0.544,0.17555,-0.56924,8.7386,-4.2331,1.7246,0.022178,-0.011324,-0.021782,-0.50723,0.45179,0.11748,-9.6975,-0.15075,-1.4232,-0.01333,0.032904,-0.0051654,0.39479,-0.25012,0.38093,-9.7243,1.2531,-0.73735,-0.0036036,-0.028805,0.0034099,0.48861,-0.15369,-0.57232
8.979,0.34538,3.9934,0.015563,-0.025877,-0.014632,-0.76099,0.423,-0.28708,9.3456,2.5292,1.5273,-0.019045,-0.0061387,0.0058167,-0.54144,0.20196,-0.56478,8.655,-4.2252,1.7545,0.0089053,0.012528,0.0055021,-0.5176,0.47609,0.12973,-9.6612,-0.20828,-1.5021,0.0043153,0.003005,-0.0016894,0.40988,-0.25638,0.38024,-9.6819,1.2664,-0.80941,-0.0070141,0.0087329,-0.024956,0.49859,-0.1665,-0.56271
8.9776,0.34625,3.9281,-0.036821,0.017873,-0.0037763,-0.73587,0.41695,-0.29033,9.2887,2.4681,1.5086,0.021502,-2.6421e-05,-0.0047373,-0.55055,0.19806,-0.57443,8.6974,-4.1856,1.7388,0.007659,0.0091096,-0.0060282,-0.50789,0.45446,0.11802,-9.7068,-0.12681,-1.43,0.0025775,-0.0078985,0.0010815,0.39959,-0.22878,0.37336,-9.7067,1.2174,-0.81133,0.011589,0.00065325,-0.015885,0.497,-0.16275,-0.56429
8.9572,0.34664,3.9145,-0.0077809,0.047675,-0.0081077,-0.75194,0.41011,-0.276,9.3434,2.4662,1.5094,-0.0040352,-0.0010201,0.061471,-0.53848,0.18746,-0.56816,8.7023,-4.1594,1.7188,-0.0070608,-0.0032918,-0.013743,-0.51602,0.46188,0.1243,-9.6587,-0.12922,-1.4898,-0.020433,0.017825,-0.0038264,0.40622,-0.22892,0.37554,-9.687,1.2926,-0.82283,0.010013,-0.0025469,-0.020916,0.46868,-0.17497,-0.56642
9.0263,0.33355,3.8792,-0.0036341,0.029801,0.0057906,-0.76606,0.42394,-0.30105,9.3567,2.4373,1.5282,0.029886,-0.001727,0.016933,-0.56747,0.1974,-0.57282,8.6995,-4.1108,1.7235,-0.013111,0.00087473,-0.023656,-0.51444,0.44769,0.12809,-9.6999,-0.059211,-1.4569,0.0027226,0.013478,-0.0077831,0.40599,-0.23455,0.38162,-9.6827,1.1923,-0.77808,-0.0093239,0.0017722,0.0030172,0.48796,-0.14485,-0.57205
8.9431,0.36076,3.8832,-0.025878,0.0099623,-0.01096,-0.75969,0.41544,-0.28364,9.3945,2.4147,1.5227,0.042771,0.010422,-0.0019062,-0.53782,0.18335,-0.5643,8.7268,-4.0748,1.7366,0.0076164,-0.0071394,-0.04028,-0.52044,0.45567,0.11883,-9.6794,-0.094298,-1.5231,-0.011396,0.016824,0.017672,0.39671,-0.23551,0.35381,-9.7009,1.2128,-0.81359,-0.016823,-0.0059363,-0.025985,0.49161,-0.16164,-0.56495
8.8971,0.31182,3.9432,-0.006097,0.044633,0.019114,-0.76312,0.41164,-0.29649,9.3222,2.4187,1.5672,0.034244,-0.011245,0.015393,-0.54822,0.18485,-0.56787,8.697,-4.1074,1.7461,-0.0024329,-0.01969,0.004933,-0.53752,0.47918,0.11867,-9.6638,-0.14314,-1.4282,0.01057,0.0033672,0.01326,0.41724,-0.21555,0.3655,-9.6824,1.2305,-0.74295,-0.016659,0.02078,-0.0078783,0.49714,-0.14673,-0.56051
8.9685,0.33111,3.8622,-0.025772,0.032329,-0.0081647,-0.75624,0.42088,-0.26805,9.3866,2.4033,1.551,0.034142,-0.024017,-0.020372,-0.53169,0.19652,-0.5669,8.7152,-4.1215,1.7067,-0.014437,0.027755,0.020995,-0.52209,0.46105,0.1136,-9.6743,-0.10448,-1.4544,-0.0057066,-0.019221,-0.019866,0.4044,-0.23694,0.37828,-9.705,1.2026,-0.838,-0.033481,-0.014939,-0.015051,0.50716,-0.16344,-0.549
9.0155,0.37639,3.9517,0.037365,0.0099447,-0.004772,-0.7579,0.40631,-0.2833,9.3641,2.4338,1.5558,0.0213,-0.003942,-0.034403,-0.53895,0.19524,-0.57897,8.7793,-4.2195,1.7493,-0.021141,0.0078715,-0.0072028,-0.51117,0.45962,0.10518,-9.6947,-0.10834,-1.4851,-0.020787,0.011902,0.00084367,0.40482,-0.23326,0.35468,-9.7121,1.2626,-0.84635,-0.0038484,0.017053,0.003516,0.4918,-0.16054,-0.56687
8.9857,0.31735,3.9315,0.015791,0.041232,-0.0059008,-0.75493,0.42567,-0.29059,9.3314,2.4754,1.539,0.029518,-0.00414,-0.026695,-0.54939,0.19131,-0.57929,8.666,-4.1813,1.7527,-0.018505,0.0076795,0.0065626,-0.51156,0.45145,0.11928,-9.6677,-0.085173,-1.489,-0.0083276,-0.026301,0.0089888,0.41586,-0.2322,0.36098,-9.7267,1.2238,-0.77181,0.0075384,0.019197,0.0005042,0.48159,-0.1518,-0.55341
8.972,0.35646,3.9203,0.02328,0.034974,-0.014027,-0.75133,0.41818,-0.29817,9.3299,2.4487,1.5474,0.039122,6.7707e-06,-0.003643,-0.54447,0.17261,-0.57335,8.6643,-4.1688,1.7739,0.0086683,-0.0041186,-0.0012447,-0.51614,0.45319,0.12106,-9.7047,-0.096255,-1.4536,0.025862,-0.0052159,0.00060979,0.41459,-0.25266,0.37008,-9.7011,1.2335,-0.79569,0.004058,-0.018734,-0.020019,0.47379,-0.13806,-0.5707
8.9911,0.34886,3.9173,-0.0036107,0.024357,-0.012539,-0.76626,0.42147,-0.28962,9.3567,2.4832,1.548,0.02555,0.0066946,-0.036893,-0.55055,0.19244,-0.57826,8.6972,-4.1796,1.7913,-0.016988,0.0032732,-0.0057865,-0.50248,0.45171,0.12497,-9.6753,-0.074729,-1.4729,-0.015946,0.0047885,0.0045898,0.41264,-0.22646,0.36705,-9.7069,1.2114,-0.8,-0.027492,0.0078638,0.0036916,0.47431,-0.13939,-0.5751
9.032,0.35435,3.8991,0.046929,-0.0090895,-0.016997,-0.75108,0.40712,-0.28504,9.3582,2.5092,1.523,0.025381,0.015391,-0.0066547,-0.5595,0.17959,-0.57935,8.7151,-4.1954,1.7028,-0.021438,-0.0038427,-0.02685,-0.51126,0.46326,0.12436,-9.6722,-0.14921,-1.4968,0.024512,0.019945,-0.012234,0.40196,-0.23302,0.36073,-9.7115,1.2534,-0.78956,-0.029311,0.021497,-0.017874,0.50003,-0.15548,-0.57412
8.9843,0.28951,3.8946,-0.039004,0.015802,-0.02195,-0.75744,0.41439,-0.2764,9.3128,2.4794,1.5347,0.0055489,-0.017968,-0.0060674,-0.54537,0.16363,-0.57752,8.6689,-4.1679,1.7438,-0.023021,0.018118,0.012224,-0.53246,0.44679,0.11846,-9.7069,-0.090692,-1.4687,-0.0046783,0.013364,-0.011204,0.41081,-0.22957,0.37782,-9.7269,1.1844,-0.79514,0.0043231,-0.019463,-0.021571,0.50177,-0.15683,-0.56834
9.0527,0.30673,4.0021,-0.0040557,-0.0051952,0.0030295,-0.74466,0.4322,-0.28601,9.3752,2.4652,1.5238,0.042121,-0.017833,-0.022143,-0.54226,0.18584,-0.56219,8.7172,-4.091,1.7066,-0.054784,0.014486,0.0078597,-0.50791,0.46905,0.12301,-9.6847,-0.13904,-1.4901,0.016368,0.0081742,0.0056364,0.39932,-0.23827,0.37188,-9.6864,1.2154,-0.8195,-0.013444,0.0039979,0.014387,0.47143,-0.14514,-0.57235
8.9773,0.33862,4.0427,0.017117,-0.0061606,-0.0050335,-0.74116,0.40998,-0.26758,9.3287,2.4612,1.5719,0.0079994,-0.029331,-0.0093209,-0.53219,0.17356,-0.57987,8.6769,-4.1002,1.7459,-0.050952,-0.015121,-0.012927,-0.50556,0.44656,0.11278,-9.674,-0.13245,-1.4853,-0.014545,-0.0058898,-0.017363,0.4225,-0.22364,0.37825,-9.7012,1.2468,-0.78931,0.002288,0.0088541,0.0015666,0.48844,-0.14686,-0.56688
