-3.4422,-0.012887,9.1611,0.034023,-0.016587,-0.013339,0.17227,-0.44487,-0.79936,-6.8547,0.71138,6.9644,-0.012938,0.005219,-0.006546,0.89363,-0.19648,-0.2414,-7.8469,0.67282,5.9034,0.076951,0.009211,0.013976,0.37535,-0.001709,-0.84522,0.12388,7.6316,-6.0874,0.001167,0.000558,-0.00892,0.005396,-0.95339,0.12585,0.020212,-6.377,-7.3949,0.0044,-0.006209,-0.013206,0.18705,0.1897,0.95647
-3.4344,0.13462,9.3113,0.034132,0.012191,-0.009801,0.17292,-0.44442,-0.7972,-6.8793,0.79122,6.9986,0.021951,-0.0153,-0.02294,0.89495,-0.1952,-0.2407,-7.8566,0.6462,5.8793,-0.0314,0.013168,-0.009107,0.37564,-0.000173,-0.84462,0.10886,7.6465,-6.0878,0.006619,-0.01705,-0.016098,0.005294,-0.95291,0.12689,-0.009744,-6.3769,-7.388,0.004183,0.004027,0.004967,0.18759,0.19117,0.95501
-3.4419,0.13471,9.3038,0.028644,0.006941,-0.002492,0.17182,-0.44684,-0.79776,-6.8874,1.0121,6.9485,0.021111,0.000663,-0.019264,0.89497,-0.19443,-0.2402,-7.8756,0.37188,5.9057,-0.009627,-0.000661,-0.023273,0.37691,0.000424,-0.84432,0.21346,7.632,-6.1081,-0.007857,0.007572,-0.001816,0.005319,-0.9542,0.12703,0.005233,-6.392,-7.3654,0.004221,0.002155,0.00133,0.18708,0.1905,0.95513
-3.4048,0.10463,9.3412,0.004948,-0.028846,-0.011485,0.1712,-0.4457,-0.79699,-6.8796,0.86898,6.9649,-0.030881,-8.5e-05,-0.009966,0.89616,-0.19521,-0.23986,-7.8513,0.40084,5.9301,0.023903,0.016394,-0.007293,0.37739,0.000539,-0.8448,0.18371,7.6168,-6.0862,-0.011345,0.004068,-0.005372,0.005557,-0.95379,0.12625,-0.009744,-6.3769,-7.388,-0.010312,-0.005848,0.006745,0.18743,0.19037,0.95634
-3.4123,0.089991,9.3112,0.003279,-0.00014,-0.00979,0.17149,-0.44649,-0.79644,-6.9136,0.80587,6.979,-0.013784,-0.005542,-0.023488,0.89451,-0.19189,-0.23871,-7.871,0.52242,5.891,0.029293,0.007313,-0.009065,0.37667,-0.002289,-0.844,0.10888,7.6465,-6.0803,-0.016913,0.00764,0.00525,0.005899,-0.95424,0.12771,-0.0247,-6.3619,-7.3882,-0.012102,-0.008576,0.004929,0.18673,0.19012,0.95394
-3.4044,0.1347,9.2295,0.012383,0.007846,-0.009814,0.17096,-0.44816,-0.79644,-6.8403,0.8543,6.9894,0.008705,0.013912,-0.020882,0.89506,-0.19268,-0.23815,-7.9317,0.46457,5.8299,-0.009881,-0.003037,-0.010919,0.37614,-0.001485,-0.84468,0.12387,7.6464,-6.0574,-0.007583,0.000567,-0.015975,0.006175,-0.95526,0.12733,-0.024718,-6.3768,-7.3808,-0.011867,0.005469,-0.009449,0.18787,0.19038,0.95503
-3.3754,0.030252,9.3558,-0.004089,-0.017903,-0.002424,0.17055,-0.44647,-0.79661,-6.8796,0.88826,6.9869,0.006843,0.015754,-0.011967,0.89526,-0.1902,-0.23883,-7.8684,0.43985,5.8924,-0.00119,0.019061,-0.002018,0.37823,-0.00145,-0.84306,0.15356,7.6617,-6.1019,0.019102,0.004038,-0.015949,0.006385,-0.95444,0.12603,-0.017234,-6.3768,-7.3881,-0.000492,-0.001144,0.015801,0.18884,0.19091,0.95571
-3.3749,0.097216,9.2817,-0.00217,0.009073,0.006581,0.16888,-0.44642,-0.79788,-6.8721,0.86632,7.0111,-0.024404,0.026381,-0.013433,0.89507,-0.19101,-0.23766,-7.9196,0.48392,5.8396,-0.001194,3.4e-05,-0.0003,0.37959,-0.000202,-0.84366,0.13887,7.6241,-6.0796,0.013764,-0.000349,-0.015986,0.005608,-0.95435,0.1273,-0.00975,-6.3769,-7.3954,-0.006485,0.009144,-0.005827,0.18913,0.19052,0.956
-3.4196,0.11242,9.274,-0.002143,0.012622,0.004738,0.16937,-0.44718,-0.79879,-6.8795,0.77706,6.9208,-0.005615,0.010395,-0.020802,0.8957,-0.19074,-0.23802,-7.8806,0.47397,5.8623,0.00428,0.016251,-0.007316,0.37834,-0.000674,-0.84346,0.15364,7.6467,-6.1019,0.005346,-0.009138,0.002485,0.006428,-0.95511,0.12682,-0.032196,-6.3769,-7.3659,0.004122,0.002313,0.008584,0.18819,0.19092,0.9541
-3.4122,0.075352,9.2663,0.008781,0.017828,-0.002566,0.16853,-0.44644,-0.79695,-6.9137,0.73833,6.9107,0.005967,0.027348,0.000522,0.89679,-0.19011,-0.23693,-7.8588,0.50778,5.8963,0.009724,0.019785,-0.012593,0.38011,-0.000353,-0.84338,0.1986,7.6169,-6.1084,-0.01343,0.011113,0.009676,0.005864,-0.9537,0.12705,-0.039706,-6.3767,-7.3885,0.002483,0.007467,-0.002229,0.18696,0.19089,0.95539
-3.3897,0.097543,9.2293,0.014245,0.017694,-0.009853,0.16916,-0.44695,-0.79773,-6.9087,0.7648,6.9497,0.010412,0.014004,-0.008472,0.89637,-0.18997,-0.23748,-7.8613,0.54181,5.8859,-0.012803,0.018054,-0.002022,0.38016,-0.001789,-0.84233,0.15379,7.6316,-6.0718,-0.014614,0.019924,-0.01761,0.005286,-0.95418,0.12624,0.005257,-6.3695,-7.3802,-0.001175,0.007513,0.001378,0.1878,0.19037,0.95596
-3.4196,0.11962,9.3262,0.003394,0.028638,-0.002616,0.16919,-0.44709,-0.79719,-6.8992,0.84488,6.9355,0.013069,0.015809,-0.004915,0.89602,-0.18993,-0.23438,-7.9172,0.4839,5.842,0.003323,0.012714,-0.003801,0.38078,-0.001423,-0.84243,0.13877,7.654,-6.0571,-0.014867,0.012898,-0.007065,0.00556,-0.95367,0.12638,-0.03217,-6.3619,-7.3659,-0.006706,-0.013037,0.004889,0.18863,0.18946,0.95626
-3.3749,0.11935,9.3042,-0.009418,0.003659,-0.000699,0.16921,-0.44788,-0.79678,-6.904,0.79155,6.9328,0.010358,0.008723,-0.006717,0.89651,-0.19068,-0.23512,-7.8708,0.4691,5.8406,-0.009089,0.01068,-0.00734,0.38066,-0.001159,-0.84244,0.12387,7.6464,-6.0574,-0.000951,-0.000309,0.006079,0.00624,-0.9543,0.12589,-0.032234,-6.3917,-7.3809,-0.010076,0.000997,-0.00948,0.18722,0.18998,0.95515
-3.3523,0.14901,9.2523,0.004179,0.00535,-0.000687,0.17027,-0.44582,-0.79689,-6.9093,0.89351,6.9065,0.015593,-4.9e-05,0.000319,0.89605,-0.19072,-0.23398,-7.8806,0.44241,5.858,-0.015474,0.005353,-0.000299,0.38144,-0.000288,-0.84193,0.15364,7.6467,-6.1019,0.001964,-0.008258,-0.00545,0.005267,-0.95365,0.12597,-0.032222,-6.3767,-7.3958,-0.002952,0.016481,0.001459,0.18786,0.18999,0.9549
-3.3748,0.075406,9.1771,-0.007454,0.030498,-0.00082,0.16942,-0.44682,-0.79772,-6.9333,0.7867,6.9351,-0.016432,0.00334,-0.01898,0.89672,-0.19066,-0.23589,-7.8951,0.41575,5.868,-0.008155,0.010647,-0.009118,0.38117,-0.000534,-0.84218,0.18354,7.6468,-6.0938,0.004488,-0.001229,0.001657,0.00578,-0.95311,0.12521,-0.00222,-6.3695,-7.3654,0.018818,0.005574,-0.009534,0.18793,0.18919,0.95572
-3.4646,0.060839,9.2957,0.003451,0.035739,-0.006303,0.16956,-0.44708,-0.79771,-6.9186,0.71896,6.9057,-0.005709,-0.00464,-0.020897,0.89668,-0.18929,-0.2341,-7.8976,0.45226,5.8331,0.032594,0.018617,0.004196,0.38089,-0.001037,-0.84269,0.18356,7.6468,-6.0863,-0.000212,0.023407,-0.025525,0.004971,-0.95375,0.12543,-0.009731,-6.3694,-7.388,-0.000511,-0.015524,0.013892,0.18799,0.18958,0.95651
-3.4494,0.090468,9.2661,0.004397,0.044716,-0.004515,0.17025,-0.44542,-0.79716,-6.8791,0.64365,6.9347,0.015626,-0.000949,0.000285,0.8982,-0.189,-0.23467,-7.9393,0.61525,5.7807,0.029207,-0.002511,-0.003795,0.38209,-0.001611,-0.84148,0.13138,7.6315,-6.0723,0.004955,0.015509,-0.018521,0.004815,-0.95437,0.12477,-0.024725,-6.3768,-7.3882,0.004338,-0.008811,-0.009585,0.18735,0.19051,0.95528
-3.3748,0.11215,9.2519,-0.004147,-0.021348,0.010356,0.17036,-0.4458,-0.79755,-6.9141,0.90304,6.9406,0.034428,0.006997,0.001092,0.89773,-0.18916,-0.23379,-7.9247,0.60298,5.8081,-0.025753,-0.004329,-0.02064,0.38232,-0.001874,-0.84196,0.10886,7.6391,-6.1028,0.005608,0.007602,-0.007987,0.006719,-0.95234,0.12486,-0.032236,-6.3767,-7.4108,-0.004793,0.011135,0.003237,0.18771,0.19091,0.95475
-3.3002,0.10423,9.2301,-0.031074,0.023619,0.006484,0.16966,-0.44629,-0.79838,-6.9824,0.88354,6.9644,0.006743,0.022959,0.005837,0.89683,-0.18891,-0.23358,-7.8878,0.38656,5.8784,-0.049167,-0.006076,-0.0092,0.38256,0.000448,-0.84214,0.13111,7.6766,-6.0873,0.006488,0.011112,-0.007954,0.004658,-0.95384,0.1245,-0.009744,-6.3769,-7.388,-0.00643,0.019862,-0.007564,0.1879,0.19051,0.95556
-3.3902,0.037957,9.311,-0.034696,0.027272,0.010105,0.16943,-0.44463,-0.7976,-6.9289,0.83077,6.8478,-0.014893,-0.018627,-0.006656,0.89683,-0.19097,-0.23393,-7.8998,0.30402,5.9041,0.018678,-0.003732,-0.010896,0.38235,-0.001235,-0.84122,0.19863,7.6243,-6.0784,-0.014929,0.012869,-0.003544,0.005903,-0.95386,0.12456,-0.024692,-6.3694,-7.3658,0.000538,-0.017549,0.002125,0.18673,0.19012,0.95394
-3.4198,0.031143,9.2212,0.014324,0.033837,-0.008104,0.17018,-0.44371,-0.79851,-6.9231,0.64605,6.9393,0.013835,-0.00719,-0.005075,0.8974,-0.18983,-0.23288,-7.9489,0.55701,5.7865,0.037726,-0.000115,0.015641,0.38066,-0.002067,-0.84229,0.1239,7.6464,-6.0424,-0.016723,0.01291,-0.003535,0.0054,-0.95365,0.12585,-0.009762,-6.3918,-7.3805,-0.015541,0.008251,-0.004001,0.18808,0.18986,0.95425
-3.4197,0.09011,9.2962,0.022363,0.019557,-0.00073,0.17038,-0.44465,-0.79729,-6.9457,0.84486,6.9401,0.03337,-0.010642,0.006328,0.89736,-0.18982,-0.23353,-7.9149,0.60044,5.8425,-0.015229,-0.000405,-0.012669,0.38286,-0.001643,-0.84118,0.1386,7.6766,-6.0797,0.008067,-0.002972,-0.000111,0.00586,-0.95446,0.12666,-0.017209,-6.3619,-7.3881,-0.009972,-0.001862,-0.017647,0.18709,0.18985,0.95515
-3.4195,0.12721,9.2815,0.02515,0.031152,-0.003512,0.1693,-0.44579,-0.7976,-6.9192,0.87678,6.8578,0.008388,-0.007096,0.001224,0.8953,-0.18996,-0.23339,-7.8659,0.43992,5.8509,-0.013323,-0.002346,-0.017088,0.38211,-0.000838,-0.84112,0.22834,7.647,-6.1004,0.008081,-0.003017,-0.000121,0.004734,-0.95353,0.12647,-0.00226,-6.3769,-7.3953,0.004099,-0.016552,0.006635,0.18792,0.19064,0.95582
-3.4198,0.075235,9.311,0.001563,0.021427,-0.006238,0.17013,-0.44517,-0.7969,-6.9235,0.7577,6.9155,0.004731,-0.008809,0.009233,0.8971,-0.18917,-0.23343,-7.9148,0.50331,5.8417,-0.004726,0.010849,-0.002928,0.38134,0.000487,-0.84132,0.15381,7.6316,-6.0643,-0.0078,0.004079,-0.005366,0.004835,-0.95287,0.12582,-0.009737,-6.3769,-7.3805,0.002408,-0.017638,-0.00241,0.18791,0.18906,0.95532
-3.3828,0.045157,9.3484,0.012422,0.021381,-0.005307,0.17091,-0.44697,-0.79739,-6.9186,0.74075,6.9106,0.032613,0.001713,0.003722,0.89667,-0.19096,-0.23459,-7.9269,0.4912,5.8613,-0.004869,0.005575,0.004121,0.38157,-0.001587,-0.84188,0.13878,7.6317,-6.1021,0.008354,0.008462,-0.011512,0.006137,-0.95522,0.12641,-0.024718,-6.3768,-7.3808,0.002537,-0.007026,-0.009568,0.1882,0.19077,0.95596
-3.3751,0.089602,9.3339,-0.002144,0.012624,0.002921,0.17067,-0.44621,-0.79687,-6.9142,0.92261,6.9066,0.033479,-0.014298,-0.009683,0.89599,-0.19159,-0.23513,-7.9244,0.44025,5.8329,-0.008092,-0.003935,-0.010919,0.38297,-0.001386,-0.84144,0.12395,7.6314,-6.0574,0.00832,0.007591,-0.010634,0.004985,-0.95503,0.12531,-0.009738,-6.3694,-7.3954,-0.002865,0.000139,-0.00861,0.1884,0.19012,0.95505
-3.4049,0.030964,9.2363,-0.002128,0.014404,0.004727,0.17148,-0.44622,-0.79671,-6.9188,0.9029,6.9697,0.013706,-0.008882,0.002067,0.89657,-0.19072,-0.23395,-7.9073,0.44015,5.843,-0.008072,0.006017,-0.012661,0.38119,-2.1e-05,-0.84182,0.16124,7.6317,-6.0792,0.006641,0.005811,-0.01506,0.005302,-0.95381,0.12676,-0.024732,-6.3768,-7.3957,-0.008377,-0.003332,-0.002281,0.18776,0.19195,0.95566
-3.4046,0.10504,9.2367,-0.003879,0.019681,-0.004415,0.16961,-0.44672,-0.79677,-6.9039,0.75765,6.9254,0.004972,0.003411,-0.008484,0.89668,-0.19122,-0.23432,-7.9341,0.41603,5.8283,-0.004843,-0.010768,0.004963,0.38142,-0.00119,-0.84228,0.12383,7.6465,-6.0724,0.008154,0.02168,-0.001709,0.005105,-0.95312,0.12557,-0.009744,-6.3769,-7.388,-0.012034,-0.00238,0.001346,0.18833,0.19012,0.95584
-3.4346,0.082822,9.2961,0.00432,0.030387,-0.004451,0.17016,-0.44757,-0.79889,-6.9188,0.83041,6.9208,0.021965,0.006957,-0.005042,0.89667,-0.19006,-0.23435,-7.888,0.54688,5.8463,0.004045,-0.007982,0.005003,0.38273,-0.002027,-0.84118,0.15356,7.6617,-6.1019,-0.000659,-0.002974,-0.007175,0.00445,-0.95441,0.12594,0.005257,-6.3695,-7.3802,-0.001003,0.003652,-0.012215,0.18643,0.18957,0.95526
-3.4419,0.10525,9.2588,-0.003851,0.026872,-0.002625,0.17221,-0.44504,-0.79789,-6.9188,0.78931,6.8963,0.022686,-0.010656,0.001966,0.89668,-0.19045,-0.23434,-7.8807,0.5128,5.8714,-0.011853,-0.002872,-0.002955,0.38067,-0.000128,-0.8421,0.18357,7.6468,-6.0787,-0.007705,0.014625,-0.008821,0.00446,-0.95505,0.12594,-0.009724,-6.3694,-7.3805,-0.002986,0.005719,0.001377,0.18719,0.19143,0.95499
-3.4197,0.075471,9.2514,-0.007447,0.03046,-0.004468,0.17184,-0.44634,-0.79736,-6.9139,0.82552,6.9281,0.015534,-0.007113,0.00205,0.89616,-0.19123,-0.23435,-7.905,0.49114,5.8323,-0.013322,-0.018676,-0.016244,0.37999,0.000402,-0.84064,0.13866,7.6542,-6.1022,-0.009678,0.009372,-3.2e-05,0.00402,-0.95414,0.12565,-0.00975,-6.3769,-7.3954,-0.013877,-0.015831,0.00126,0.18828,0.18933,0.95506
-3.4047,0.090108,9.2665,-0.00018,0.03398,-0.006295,0.1713,-0.4471,-0.79751,-6.9188,0.83768,6.9208,0.013723,-0.014211,-0.001529,0.8956,-0.19211,-0.23541,-7.8977,0.4692,5.8622,-0.012493,-0.015879,-0.013589,0.38145,0.000616,-0.8417,0.13877,7.6466,-6.0721,-0.000759,0.008481,-0.001802,0.006492,-0.95416,0.12537,-0.024707,-6.3618,-7.3957,-0.013639,-0.000884,-0.013106,0.18745,0.19025,0.95475
-3.4047,0.10481,9.2964,0.007854,0.016077,-0.000733,0.17262,-0.44569,-0.79773,-6.9263,0.85954,6.9136,0.024524,-0.007162,-0.002468,0.8959,-0.19187,-0.23461,-7.8708,0.43505,5.8729,0.002539,-0.011057,-0.007375,0.37985,-0.000344,-0.84339,0.15371,7.6466,-6.0718,-0.002439,-0.00121,-0.007165,0.005965,-0.95443,0.12588,-0.009725,-6.3619,-7.3954,-0.002952,0.003872,-0.001349,0.18717,0.1888,0.95424
-3.3899,0.082462,9.2964,-0.013854,0.019792,-0.002602,0.17239,-0.44764,-0.79719,-6.9091,0.85943,6.9355,0.024444,-0.018659,-0.003414,0.89625,-0.19146,-0.23512,-7.8953,0.47886,5.8791,0.009812,-0.008441,-0.01443,0.37971,0.000959,-0.84369,0.15376,7.6317,-6.0868,-0.00026,-0.006506,-0.025736,0.005431,-0.95393,0.12651,-0.00975,-6.3769,-7.3954,0.004295,0.000258,-0.004104,0.18639,0.19011,0.95472
-3.4494,0.10522,9.2812,-0.003897,0.0252,0.006503,0.17108,-0.44789,-0.79671,-6.9041,0.84003,6.9355,0.020871,-0.007088,0.005567,0.89717,-0.19229,-0.23752,-7.9001,0.4887,5.8275,0.002476,-0.018224,-0.00386,0.38068,-0.001683,-0.84192,0.15368,7.6467,-6.0869,0.015222,0.004932,-0.000945,0.005166,-0.95432,0.12663,-0.009725,-6.3619,-7.3954,0.006905,0.000415,0.003126,0.18756,0.19024,0.95622
-3.4197,0.075471,9.2514,-0.002143,0.012626,0.005647,0.17184,-0.44608,-0.79749,-6.909,0.83758,6.9403,0.024449,-0.010653,0.00285,0.89671,-0.1931,-0.23649,-7.8758,0.53223,5.8565,-0.001954,-0.011066,-0.006489,0.37931,-0.001093,-0.84415,0.15379,7.6242,-6.0868,0.001308,0.014624,-0.014118,0.006797,-0.95457,0.12592,-0.002246,-6.3769,-7.3804,-0.003034,0.00579,0.004993,0.18755,0.19011,0.95608
-3.4346,0.090289,9.2812,0.006929,0.017061,0.006553,0.17161,-0.44635,-0.7967,-6.9066,0.8353,6.9111,0.018268,-0.016058,-0.010466,0.89693,-0.19224,-0.23481,-7.8757,0.43502,5.8973,-0.02962,-0.011284,-0.005648,0.3795,-7.6e-05,-0.84291,0.16866,7.6318,-6.1015,0.003512,0.011105,0.007035,0.007102,-0.95333,0.12711,-0.009712,-6.362,-7.3805,-0.01011,-0.002558,-0.007706,0.18857,0.19091,0.95571
-3.3901,0.10427,9.401,0.020401,-0.005455,0.002119,0.17329,-0.44557,-0.79771,-6.9188,0.86901,6.9598,0.042226,-0.008781,0.017833,0.8964,-0.19301,-0.23508,-7.8976,0.44008,5.8529,-0.008048,-0.01309,-0.012697,0.38,-9.4e-05,-0.84301,0.13874,7.6466,-6.0872,-0.014629,0.011129,-0.017668,0.007254,-0.95487,0.12686,-0.00975,-6.3769,-7.3954,-0.002985,-0.00328,-0.000492,0.18864,0.19051,0.95651
-3.4048,0.075292,9.2664,-0.016697,-0.005285,-0.001589,0.1716,-0.44699,-0.79696,-6.8992,0.90282,6.9844,0.0065,-0.00349,0.011051,0.89543,-0.19363,-0.23642,-7.8708,0.4642,5.8626,0.006077,-0.018256,-0.005617,0.37771,0.000386,-0.84352,0.15369,7.6466,-6.0793,-0.00967,-0.004719,-0.001896,0.007343,-0.95381,0.12607,-0.009719,-6.3619,-7.3879,-0.013736,0.003758,-0.004941,0.18887,0.19012,0.95599
-3.4048,0.060654,9.2215,-0.042873,0.012846,0.001031,0.17057,-0.4468,-0.79874,-6.8608,0.98587,6.8586,-0.004058,-0.001825,-0.006623,0.89597,-0.19428,-0.23612,-7.9148,0.48865,5.8909,0.002471,0.001738,-0.00559,0.37916,0.001249,-0.84473,0.16858,7.6468,-6.1016,-0.0096,0.009355,-0.003564,0.006342,-0.953,0.1255,-0.009712,-6.362,-7.3805,-0.00474,-0.001569,-0.004094,0.18689,0.19064,0.95446
-3.4348,0.016389,9.2359,0.015096,0.006931,-0.008901,0.17072,-0.44553,-0.79834,-6.9037,0.73804,6.969,0.001324,0.001685,-0.00313,0.89546,-0.19326,-0.23565,-7.866,0.49332,5.8622,0.011449,-0.009162,-0.007354,0.37898,-0.000829,-0.8433,0.12381,7.6465,-6.0799,0.010222,0.011106,-0.015901,0.005698,-0.95329,0.12652,-0.02477,-6.3917,-7.4107,-0.000471,-0.01197,0.012114,0.18876,0.18934,0.95428
-3.3747,0.10492,9.2071,0.016082,0.026712,-0.004417,0.17,-0.44504,-0.7969,-6.9529,0.8253,6.974,0.058516,-0.003646,0.002598,0.89559,-0.19391,-0.23576,-7.8952,0.43019,5.9362,-0.018744,-0.005962,-0.014463,0.3786,-0.000428,-0.8432,0.12376,7.6466,-6.1025,0.006393,0.004075,-0.003598,0.006668,-0.95343,0.12656,-0.024718,-6.3768,-7.3808,-0.011692,0.007004,-0.022102,0.18724,0.18971,0.95542
-3.4045,0.14925,9.2967,0.000723,0.027594,-0.015382,0.17106,-0.44556,-0.79713,-6.9366,1.1115,6.956,0.02097,-0.016134,-0.019347,0.89594,-0.19337,-0.23653,-7.8684,0.40827,5.9028,0.004362,0.01251,-0.01086,0.37926,0.000837,-0.8427,0.22084,7.6471,-6.1155,0.002149,0.007549,-0.012402,0.00637,-0.9524,0.12642,0.005258,-6.377,-7.3653,-0.012747,0.005419,-0.01127,0.18831,0.19077,0.9557
-3.4495,0.097758,9.296,0.016087,0.033969,0.001933,0.1706,-0.44604,-0.79821,-6.8699,0.8232,6.9064,-0.046095,-0.004489,-0.011648,0.89541,-0.19362,-0.23682,-7.8489,0.48355,5.848,0.032376,0.020666,0.013932,0.37834,0.000101,-0.84335,0.16873,7.6242,-6.0865,-0.018208,0.016401,-0.015873,0.006388,-0.95393,0.12629,-0.00975,-6.3769,-7.3954,-0.006644,-0.00322,0.003136,0.18701,0.19036,0.95606
-3.4497,0.045962,9.2808,0.00165,0.043014,0.00096,0.16962,-0.44608,-0.79651,-6.8791,0.68958,6.9617,-0.000609,-0.008836,0.005719,0.89622,-0.19286,-0.23601,-7.9003,0.61985,5.8106,0.013426,0.005156,-0.017917,0.37858,-0.001199,-0.84368,0.13877,7.6466,-6.0721,-0.01107,0.015526,-0.017637,0.005942,-0.95327,0.12574,-0.00226,-6.3769,-7.3953,0.004163,-0.003145,0.004915,0.18709,0.18973,0.95329
-3.4193,0.14955,9.2518,-0.005641,0.028636,-0.006279,0.17143,-0.44607,-0.79765,-6.8896,0.91268,6.9529,0.026309,0.003508,0.004703,0.89566,-0.19439,-0.23705,-7.8757,0.48367,5.8525,-0.032891,0.00286,-0.020632,0.37855,-0.000674,-0.84433,0.10891,7.6464,-6.0652,-0.000645,0.009372,-0.007089,0.006113,-0.95469,0.12601,-0.024713,-6.3618,-7.4031,-0.004787,-0.010489,-0.002338,0.18845,0.19026,0.95386
-3.3753,0.045185,9.3261,0.004182,0.005336,-0.002513,0.17132,-0.44531,-0.79712,-6.9192,0.99037,6.9312,0.001247,0.002637,0.002242,0.89556,-0.19363,-0.23642,-7.8755,0.32337,5.8797,-0.008012,-0.002235,-0.014447,0.37899,0.000202,-0.84295,0.13862,7.6617,-6.1022,0.013544,0.018143,-0.004379,0.006361,-0.95429,0.1255,-0.032209,-6.3768,-7.3809,-0.00296,-0.001519,-0.002279,0.18876,0.19077,0.95638
-3.3897,0.11962,9.2668,0.008824,0.021328,-0.009874,0.17053,-0.44582,-0.79688,-6.8601,0.88841,6.9554,-0.017343,-0.000204,-0.022521,0.89514,-0.19362,-0.23683,-7.9293,0.43539,5.85,0.004173,-0.005377,-0.000312,0.37832,0.000494,-0.84374,0.13138,7.6315,-6.0723,-0.007823,0.000569,-0.004508,0.006095,-0.95353,0.12601,-0.009737,-6.3769,-7.3805,0.002411,-0.000535,0.001323,0.18872,0.1896,0.9556
-3.4495,0.075593,9.281,0.001711,0.042805,-0.015454,0.1717,-0.44659,-0.7975,-6.9089,0.77229,6.906,0.013773,0.003558,0.009228,0.89591,-0.19258,-0.23694,-7.8709,0.49086,5.8915,0.029204,-0.004376,-0.003793,0.37937,-0.000459,-0.84291,0.15368,7.6467,-6.0869,-0.000767,0.001431,-0.001853,0.005287,-0.95354,0.1265,-0.009737,-6.3769,-7.3805,-0.002878,0.001053,-0.007699,0.1884,0.1917,0.95529
-3.4718,0.1054,9.281,0.010636,0.032241,0.004666,0.17103,-0.44639,-0.80007,-6.9189,0.86669,6.9379,0.011852,-0.013248,0.007388,0.89598,-0.19416,-0.23586,-7.8711,0.58075,5.8655,0.01056,0.003522,-0.009089,0.37924,0.000324,-0.84306,0.18365,7.6318,-6.0787,-0.004221,0.014622,-0.005294,0.006954,-0.95408,0.12658,-0.002253,-6.3769,-7.3879,-0.002908,-0.0016,-0.005911,0.18604,0.18905,0.95526
-3.4419,0.10528,9.2514,-0.01114,0.017957,-0.002597,0.17226,-0.44622,-0.79708,-6.8844,0.80122,6.9379,0.008346,-0.008852,0.003881,0.89401,-0.19339,-0.23625,-7.8952,0.48134,5.8522,-0.020536,-0.005941,-0.013576,0.37984,-8.2e-05,-0.84365,0.15375,7.6466,-6.0568,0.001227,-0.001217,-0.012458,0.004963,-0.95324,0.12543,-0.009737,-6.3769,-7.3805,-0.008446,-0.005038,0.002224,0.18723,0.18932,0.95516
-3.4197,0.075442,9.2588,0.007942,0.032195,-0.000806,0.17342,-0.44518,-0.79771,-6.8919,0.88602,6.9503,0.035262,-0.011631,-0.007015,0.89508,-0.19353,-0.23554,-7.8757,0.42289,5.8926,-0.002683,-0.013082,-0.013571,0.37911,-0.000447,-0.84317,0.1536,7.6617,-6.0869,0.010134,0.005812,-0.012407,0.006237,-0.95379,0.12602,-0.009744,-6.3769,-7.388,0.000551,-0.003157,0.004928,0.18691,0.18998,0.95461
-3.4346,0.090289,9.2812,0.011544,0.028587,-0.000786,0.1729,-0.4448,-0.79746,-6.897,0.90311,6.9261,0.011029,-0.007082,0.00388,0.89635,-0.19428,-0.23623,-7.8781,0.44477,5.8873,-0.004723,-0.005522,-0.002075,0.37923,0.000584,-0.8432,0.15376,7.6317,-6.0868,0.005713,0.01462,-0.012352,0.0068,-0.95305,0.12657,-0.0097,-6.347,-7.3954,-0.006712,-0.001317,0.008574,0.18659,0.18997,0.95566
-3.4346,0.0902,9.3036,-0.002063,0.023287,-0.002604,0.1724,-0.4461,-0.79694,-6.8895,0.85457,6.9356,0.028881,-0.012389,0.006367,0.89554,-0.19375,-0.2368,-7.8952,0.47403,5.867,-0.001117,-0.005528,-0.003839,0.37872,8.8e-05,-0.84346,0.15368,7.6467,-6.0869,0.012429,0.009341,0.005263,0.005848,-0.95406,0.12653,-0.024707,-6.3618,-7.3957,0.004105,0.002349,0.010389,0.18762,0.19116,0.9554
-3.4345,0.090348,9.2663,-0.005664,0.028715,0.000101,0.17379,-0.4462,-0.79836,-6.8748,0.87391,6.948,0.024408,-0.00883,0.008207,0.89556,-0.19427,-0.23654,-7.8904,0.49098,5.8766,-0.006502,-0.012807,-0.002091,0.37874,8.3e-05,-0.84296,0.16127,7.6168,-6.1017,0.004823,0.009335,-0.012393,0.005433,-0.95368,0.12664,-0.009737,-6.3769,-7.3805,0.009844,0.005471,-0.013127,0.1873,0.1909,0.9546
-3.4346,0.08294,9.2662,0.011414,-0.001052,-0.00522,0.17147,-0.44686,-0.79697,-6.8797,0.91264,6.9603,0.024551,-0.012544,-0.012261,0.89561,-0.19346,-0.23785,-7.8905,0.48151,5.8843,-0.005541,-0.003582,-0.002069,0.37854,0.000856,-0.84396,0.15376,7.6317,-6.0868,-0.000675,0.00759,-0.005342,0.005997,-0.95408,0.12679,-0.00975,-6.3769,-7.3954,-0.001127,0.002049,-0.003174,0.1879,0.19077,0.95555
-3.4495,0.075623,9.2735,-0.003896,0.012438,-0.00986,0.17291,-0.44544,-0.79746,-6.8601,0.85697,6.9407,-0.000638,-0.010591,0.004847,0.89587,-0.19584,-0.23584,-7.8807,0.43048,5.8828,-0.011813,-0.004503,-0.000314,0.37816,-0.000942,-0.84393,0.1613,7.6167,-6.0867,0.00455,-0.012664,-0.001957,0.005557,-0.95278,0.12664,-0.002246,-6.3769,-7.3804,-0.002937,-0.00246,-0.004107,0.18674,0.19038,0.9542
-3.4345,0.12715,9.3262,-0.011058,0.034078,-0.005397,0.1731,-0.44638,-0.79637,-6.9235,0.84463,6.9864,0.026312,-0.010752,-0.006947,0.89562,-0.19534,-0.2356,-7.8711,0.5397,5.8762,0.002535,-0.017209,-0.003843,0.37726,3e-06,-0.84438,0.15376,7.6317,-6.0868,-0.009663,-0.00472,-0.001899,0.006543,-0.95357,0.12682,-0.024719,-6.3693,-7.3957,-0.006499,-0.019643,-0.01144,0.18854,0.1896,0.95507
-3.4497,0.038555,9.2807,-0.041924,0.018151,-0.004465,0.17262,-0.44569,-0.79773,-6.8703,1.0098,6.9267,0.014606,-0.015988,-0.00507,0.89639,-0.19559,-0.23569,-7.8588,0.44733,5.8976,-0.031192,0.012262,-0.013542,0.37868,0.001495,-0.8436,0.15367,7.6541,-6.0719,-0.009502,0.00584,-0.008879,0.006925,-0.95253,0.12644,-0.024725,-6.3768,-7.3882,-0.01013,-0.00162,-0.005883,0.18857,0.18986,0.95546
-3.4345,0.11986,9.2963,-0.03843,0.002145,0.006557,0.1715,-0.44513,-0.79885,-6.8846,0.88116,6.9528,-0.00597,-0.007078,0.002241,0.89452,-0.1939,-0.23647,-7.8904,0.39657,5.8637,0.006036,-0.001619,-0.000293,0.37791,0.001009,-0.84388,0.15369,7.6466,-6.0793,0.003015,0.00054,-0.012447,0.006288,-0.95498,0.12681,0.005257,-6.3695,-7.3802,-0.005672,0.000271,-0.001373,0.18671,0.18879,0.95529
-3.4202,-0.028414,9.2954,-0.000422,-0.012605,-0.004275,0.17056,-0.44435,-0.79876,-6.8747,0.79893,6.9112,0.00649,-0.021231,0.002052,0.89529,-0.19479,-0.2368,-7.8563,0.49811,5.8672,-0.006417,-0.007475,-0.006485,0.37684,-0.00075,-0.84315,0.15369,7.6466,-6.0793,-0.000578,0.033996,-0.007802,0.006653,-0.95494,0.12565,-0.032234,-6.3917,-7.3809,-0.010294,-0.006775,0.004941,0.18692,0.19011,0.95474
-3.4043,0.17906,9.2521,0.025094,0.012201,-0.01346,0.1699,-0.44499,-0.79878,-6.8894,0.84478,6.955,0.019078,-0.018659,-0.004257,0.89582,-0.19376,-0.23627,-7.8855,0.47391,5.9014,-0.015307,-0.018482,-0.007412,0.37847,-0.000421,-0.84333,0.0941,7.6313,-6.043,0.00448,0.000577,0.001672,0.005703,-0.95469,0.12613,-0.039706,-6.3767,-7.3885,-0.008296,0.000146,-0.007678,0.18725,0.18998,0.95555
-3.4047,0.097574,9.2516,0.008825,0.024974,-0.00442,0.17135,-0.44332,-0.79901,-6.9069,1.0048,6.9605,0.053089,-0.016047,-0.004504,0.89503,-0.19479,-0.23681,-7.8708,0.40097,5.9175,-0.002919,0.007173,-0.003816,0.3768,0.000942,-0.84396,0.19087,7.6545,-6.1386,0.006582,-0.002126,-0.012468,0.006798,-0.95393,0.12618,-0.002233,-6.377,-7.3654,0.006099,0.002053,-0.004099,0.18664,0.18958,0.95447
-3.4418,0.12751,9.2515,0.006931,0.017053,0.006552,0.17128,-0.44438,-0.79793,-6.8775,0.97332,6.946,-0.007626,-0.003656,-0.011941,0.89527,-0.19439,-0.23707,-7.849,0.45914,5.912,0.023067,-0.001848,-0.009092,0.37808,0.000373,-0.84363,0.16874,7.6168,-6.1015,-0.01223,0.004076,-0.005372,0.006413,-0.95345,0.12708,-0.009725,-6.3619,-7.3954,-0.00742,-0.001614,-0.005897,0.18687,0.18985,0.95395
-3.4422,0.045961,9.2659,-0.016528,0.026958,-0.002644,0.17137,-0.44597,-0.79631,-6.8498,0.71143,6.9547,0.010127,-0.014174,0.002054,0.89501,-0.19491,-0.23707,-7.8612,0.53942,5.8664,0.015851,-0.000895,-0.00556,0.37628,0.000576,-0.84423,0.13123,7.6467,-6.1023,-0.014554,0.007609,-0.021223,0.005437,-0.95406,0.12322,-0.00975,-6.3769,-7.3954,0.004317,-0.008778,-0.007782,0.18693,0.18919,0.95476
-3.42,0.045486,9.3407,0.0467,-0.009401,-0.009692,0.17209,-0.44672,-0.79775,-6.887,0.88351,6.9674,0.029922,-0.005432,-0.006048,0.89472,-0.19515,-0.23773,-7.8758,0.51276,5.8788,-0.024176,-0.004094,-0.010919,0.37755,0.000139,-0.84415,0.15379,7.6316,-6.0718,-0.002329,0.015512,-0.010581,0.005022,-0.95406,0.12321,-0.009725,-6.3619,-7.3954,0.000714,0.002,-0.005893,0.18887,0.18828,0.95563
-3.375,0.097157,9.2966,-0.016647,0.006395,-0.000722,0.17077,-0.44555,-0.79741,-6.8506,0.99271,6.9462,0.027184,-0.005369,-0.001559,0.89454,-0.19539,-0.23865,-7.8805,0.40109,5.8783,-0.009554,0.001074,-0.0268,0.37746,0.000393,-0.84328,0.13128,7.6466,-6.0798,0.012822,0.016382,-0.012335,0.006421,-0.95498,0.12669,-0.009738,-6.3694,-7.3954,0.009821,-0.003491,-0.013188,0.18843,0.18986,0.95532
-3.3898,0.075261,9.2441,-0.008355,0.023185,-0.013555,0.1696,-0.44581,-0.79692,-6.8603,1.0143,6.9997,-0.002358,-2.2e-05,0.000494,0.89513,-0.1958,-0.23744,-7.8854,0.43511,5.88,0.004088,-0.003488,0.003236,0.37788,0.00117,-0.84504,0.1538,7.6167,-6.1018,-0.007926,0.011124,0.001737,0.006213,-0.95364,0.12549,-0.009737,-6.3769,-7.3805,-0.003781,0.00105,-0.007696,0.18839,0.18934,0.95467
-3.4196,0.10504,9.2665,-0.002085,0.01972,-0.000765,0.17163,-0.44572,-0.7963,-6.8747,0.83515,6.9405,0.011949,-0.007101,0.002088,0.89591,-0.1958,-0.23739,-7.866,0.43009,5.9098,-0.009223,-0.019144,0.000543,0.37766,0.001173,-0.84443,0.13878,7.6317,-6.1021,-0.005864,0.000557,-0.012451,0.006266,-0.95496,0.12629,-0.009757,-6.3768,-7.4029,-0.001235,0.002215,0.004968,0.18802,0.18946,0.95518
-3.4122,0.082701,9.2813,0.007056,0.027576,-0.012641,0.17024,-0.44632,-0.79742,-6.9044,0.92733,6.931,0.026238,-0.007987,0.003752,0.89555,-0.19594,-0.23702,-7.8612,0.51262,5.9108,0.007842,-0.00554,-0.006465,0.37665,0.001599,-0.84436,0.16869,7.6317,-6.0865,-0.000717,0.005824,-0.00359,0.006859,-0.95336,0.12789,-0.009745,-6.3694,-7.4029,-0.019159,0.003757,-0.004023,0.18683,0.19091,0.95366
-3.4346,0.090289,9.2812,-0.003823,0.028601,-0.008103,0.16963,-0.44576,-0.79879,-6.8578,0.92723,6.9507,0.013819,0.008828,0.003952,0.89473,-0.19631,-0.23784,-7.8759,0.52,5.9007,-0.013408,-0.00046,-0.014431,0.37663,0.000957,-0.84485,0.15379,7.6242,-6.0868,-0.009557,0.011122,-0.00532,0.006017,-0.95397,0.12732,0.005256,-6.362,-7.3952,0.002507,0.005625,-0.004071,0.1867,0.18972,0.95341
-3.4196,0.090287,9.2514,-0.005679,0.033324,0.010114,0.17025,-0.44504,-0.79716,-6.8747,0.87382,6.965,0.015442,-0.008813,0.00917,0.8945,-0.19595,-0.23721,-7.8903,0.44001,5.8677,-0.015289,0.005128,-0.009134,0.37729,0.000409,-0.8443,0.13874,7.6466,-6.0872,-0.018418,0.00938,-0.007092,0.006804,-0.95432,0.12618,-0.009724,-6.3694,-7.3805,0.003289,-0.008599,0.001266,0.18694,0.18932,0.95489
-3.4198,0.075189,9.2891,0.012458,0.023088,-0.013559,0.17028,-0.44527,-0.79791,-6.8872,0.93213,6.9409,0.019219,0.001669,-0.005027,0.89526,-0.1958,-0.23743,-7.8612,0.46892,5.9116,0.0237,-0.003336,0.003268,0.37625,0.001489,-0.84489,0.13128,7.6466,-6.0798,0.008058,0.009355,0.001734,0.005433,-0.95406,0.12651,-0.024738,-6.3768,-7.4032,-0.000209,-0.005168,-0.005931,0.18776,0.19011,0.9553
-3.4049,0.075157,9.2669,-0.005753,0.019907,0.008318,0.17076,-0.4468,-0.79895,-6.875,0.97562,6.9703,0.010225,-0.001854,-0.004963,0.89449,-0.19645,-0.23746,-7.8685,0.49813,5.8914,-0.011431,-0.000674,-0.023261,0.37729,0.001443,-0.8442,0.15364,7.6467,-6.1019,0.001118,0.01639,-0.005278,0.005965,-0.95405,0.12601,-0.00975,-6.3769,-7.3954,-0.011928,0.003765,-0.004945,0.18778,0.18932,0.95544
-3.39,0.074919,9.2968,0.005164,0.030599,0.00829,0.1712,-0.44553,-0.79814,-6.8945,0.91754,6.9505,0.011981,-3.2e-05,0.002134,0.89553,-0.19645,-0.2374,-7.8708,0.39371,5.903,-0.015315,-0.003026,-0.007384,0.37675,0.002247,-0.84488,0.15383,7.6241,-6.0718,0.001087,0.01111,-0.004436,0.005709,-0.9533,0.12678,-0.002266,-6.3769,-7.4028,0.000668,0.002072,-0.002277,0.1881,0.18827,0.956
-3.4198,0.075248,9.2742,-0.007516,0.019755,-0.004452,0.16997,-0.44537,-0.79872,-6.8895,0.92474,6.9651,0.017257,-0.015079,0.000234,0.89293,-0.19724,-0.23766,-7.8757,0.43501,5.9022,0.012991,0.005676,0.003267,0.37625,0.001748,-0.84489,0.13127,7.6466,-6.0873,-0.000622,0.0076,-0.007986,0.005161,-0.95431,0.12649,-0.002246,-6.3769,-7.3804,-0.006553,0.003837,-0.002247,0.18771,0.19038,0.95463
-3.4123,0.075276,9.2519,0.000664,0.0196,-0.011737,0.17078,-0.445,-0.79843,-6.8601,0.92468,6.975,0.011079,-2.6e-05,0.002149,0.89425,-0.19634,-0.23709,-7.876,0.52268,5.9009,0.00054,-0.001536,0.005015,0.37626,0.002111,-0.84424,0.13883,7.6316,-6.0796,0.006581,0.004063,-0.012425,0.005825,-0.95328,0.12626,-0.009719,-6.3619,-7.3879,0.007117,-0.001709,-0.013169,0.18854,0.19026,0.95505
-3.4421,0.090155,9.2965,-0.002119,0.0171,0.001038,0.1701,-0.44576,-0.79885,-6.8651,0.87883,6.9335,0.015638,-0.000983,-0.005905,0.8945,-0.1971,-0.23745,-7.8466,0.45214,5.8928,-0.001726,-0.019307,-0.012686,0.37683,0.000806,-0.84544,0.16119,7.6318,-6.1017,0.00118,0.005821,-0.008885,0.005439,-0.95305,0.12703,-0.009744,-6.3769,-7.388,-0.000202,0.002015,-0.004985,0.18832,0.19025,0.95571
-3.4122,0.10473,9.2968,-0.01292,0.027892,-0.002668,0.17099,-0.44639,-0.79961,-6.8894,0.92702,6.9943,0.019012,-0.012389,0.00557,0.89494,-0.19603,-0.23861,-7.871,0.46196,5.902,0.000779,-0.00545,-0.005595,0.37665,0.0008,-0.84406,0.13874,7.6466,-6.0872,0.001213,0.007592,-0.010633,0.005529,-0.95339,0.12572,-0.00975,-6.3769,-7.3954,0.000698,-0.003377,-0.005928,0.18782,0.18998,0.9561
-3.4118,0.068695,9.0429,-0.009318,0.013386,-0.008086,0.17024,-0.44538,-0.79871,-6.8507,1.0194,6.9512,0.013693,-0.019537,-0.006855,0.89449,-0.19684,-0.23758,-7.871,0.44495,5.9072,-0.011783,-0.005466,-0.002078,0.37716,0.001038,-0.84392,0.15372,7.6392,-6.0868,-0.005138,0.009357,-0.004446,0.006142,-0.95485,0.12667,0.005244,-6.377,-7.3803,0.009646,0.003968,0.001328,0.1871,0.18971,0.95528
-3.4344,0.14942,9.282,-0.03923,0.018209,-0.002664,0.17102,-0.44486,-0.79909,-6.8866,0.83951,7.0401,0.013874,0.017636,0.003984,0.89444,-0.1963,-0.23838,-7.871,0.44254,5.8975,-0.000926,-0.005556,-0.009132,0.37662,0.001581,-0.84446,0.15364,7.6467,-6.1019,-0.009833,0.007609,0.007013,0.005801,-0.95377,0.12547,-0.024707,-6.3618,-7.3957,-0.004697,0.003777,-0.005861,0.18747,0.18946,0.9549
-3.3831,0.000487,9.371,-0.013077,-0.00348,-0.004354,0.17144,-0.44384,-0.79868,-6.8506,0.90324,6.8996,-0.003104,-0.001892,-0.012864,0.89494,-0.19726,-0.23651,-7.8272,0.50057,5.9118,0.019507,-0.008039,-0.005563,0.37408,0.001552,-0.84497,0.16875,7.6242,-6.079,-0.009845,-0.010003,0.006004,0.006725,-0.95399,0.12775,-0.009719,-6.3619,-7.3879,0.004067,-0.010203,0.010298,0.18815,0.19012,0.95518
-3.4121,0.14915,9.3046,0.030478,0.005035,-0.014364,0.16873,-0.44354,-0.79932,-6.8797,0.90781,6.9554,0.014757,0.002548,-0.005877,0.8926,-0.19753,-0.23664,-7.8808,0.47414,5.9065,-0.018733,-0.009387,-0.010926,0.37663,0.002615,-0.84437,0.10146,7.6463,-6.0579,0.015473,0.011113,-0.012369,0.006181,-0.95425,0.12786,-0.00977,-6.3843,-7.4029,-0.01096,-0.00353,-0.011327,0.18815,0.18973,0.95518
-3.3602,0.060041,9.2522,0.019622,0.017851,0.001069,0.16932,-0.44383,-0.79836,-6.8994,0.95376,6.9798,0.047745,-0.011619,-0.003553,0.89412,-0.19776,-0.23733,-7.849,0.4011,5.923,-0.020552,-0.005734,-0.009153,0.37689,0.002603,-0.8441,0.15349,7.6619,-6.1319,0.005027,0.007571,-0.022103,0.005703,-0.95469,0.12613,-0.009724,-6.3694,-7.3805,0.003482,0.02352,-0.005755,0.18713,0.18787,0.95545
-3.4121,0.11232,9.2521,0.003365,0.021458,-0.005356,0.16862,-0.44606,-0.80145,-6.8851,1.0775,6.9561,0.011014,-0.012437,-0.003236,0.89447,-0.19773,-0.23809,-7.8418,0.43502,5.942,0.008081,0.00528,-0.014391,0.37473,0.000489,-0.84466,0.1837,7.6168,-6.0937,-0.004063,0.012857,-0.012369,0.006434,-0.95448,0.12721,-0.002234,-6.3695,-7.3804,-0.010042,0.011743,-0.009422,0.18708,0.18893,0.9549
-3.4421,0.075428,9.274,-0.005668,0.026907,-0.004483,0.16927,-0.44535,-0.79929,-6.8843,0.79629,6.9548,-0.020233,0.001788,0.004173,0.89343,-0.19774,-0.23815,-7.8589,0.5105,5.8769,0.014981,0.003834,-0.002902,0.37584,-6.7e-05,-0.84508,0.15375,7.6391,-6.0718,-0.004226,0.014637,-0.005291,0.006923,-0.95418,0.12579,-0.009744,-6.3769,-7.388,-0.003003,-0.008658,-0.000527,0.18627,0.19023,0.95498
-3.4202,0.045115,9.4008,0.009716,0.020447,-0.013547,0.17059,-0.44407,-0.79951,-6.8674,0.84967,6.9455,0.037031,-0.002699,0.003687,0.89413,-0.19776,-0.2372,-7.8809,0.52519,5.8763,-0.016116,-0.022002,-0.007411,0.3756,0.001494,-0.84489,0.13134,7.639,-6.0723,-0.00414,0.019927,-0.008783,0.007221,-0.95344,0.12659,-0.002228,-6.362,-7.3878,-0.006694,-0.003149,0.00675,0.18703,0.19038,0.95447
-3.39,0.10431,9.3567,-0.013935,0.009121,-0.00076,0.17001,-0.4454,-0.79792,-6.8949,1.1114,6.9684,0.025338,-0.012466,-0.00424,0.89365,-0.19791,-0.23644,-7.8709,0.40128,5.8884,-0.006015,-0.001371,-0.021497,0.37613,0.001728,-0.84437,0.10889,7.6464,-6.0727,0.006448,-0.00296,-0.007175,0.007354,-0.95344,0.12646,0.005263,-6.362,-7.3877,-0.010166,-0.006074,-0.004118,0.18658,0.19036,0.95552
-3.3677,0.030617,9.2146,0.005097,0.012608,0.004716,0.16908,-0.44564,-0.79795,-6.8702,1.0241,6.9778,-0.006055,-0.012356,0.004015,0.89311,-0.19932,-0.2371,-7.8611,0.37694,5.8914,-0.001027,-0.003605,-0.003832,0.37629,0.00148,-0.84611,0.15368,7.6392,-6.1019,-0.009661,0.005843,-0.000942,0.006325,-0.95527,0.1276,-0.024707,-6.3618,-7.3957,0.007993,-0.00256,-0.011361,0.18708,0.18958,0.95502
-3.4122,0.097411,9.2744,-0.01302,0.010915,0.001963,0.16838,-0.44498,-0.79852,-6.8944,0.93196,6.9748,0.007482,-0.010696,-0.004997,0.89433,-0.19889,-0.23833,-7.8759,0.44499,5.8998,0.011391,-0.015227,-0.000307,0.37638,0.000683,-0.84432,0.12376,7.6466,-6.1025,-0.004864,0.00056,-0.017742,0.006821,-0.9537,0.12683,-0.00973,-6.3769,-7.373,0.004438,0.009035,-0.01309,0.18747,0.18998,0.95502
-3.4199,0.060403,9.2816,-0.002028,0.030473,-0.004491,0.16997,-0.44486,-0.79873,-6.8995,0.93215,6.9384,0.017428,0.001669,-0.005015,0.89505,-0.19692,-0.23924,-7.8418,0.4739,5.9291,0.011316,0.002083,0.001507,0.37586,0.000965,-0.84474,0.15364,7.6467,-6.1019,-0.000742,0.012873,-0.001774,0.006815,-0.95471,0.12631,-0.009737,-6.3769,-7.3805,0.009612,0.009424,0.004989,0.1872,0.18932,0.95476
-3.4197,0.090093,9.2668,-0.002071,0.023324,-0.002636,0.16914,-0.44419,-0.7993,-6.87,0.97073,6.98,-0.003342,-0.014163,0.000419,0.8949,-0.19723,-0.2373,-7.8514,0.49076,5.8918,-0.011758,0.006982,-0.008228,0.37565,0.000731,-0.84439,0.16866,7.6318,-6.1015,-0.004068,0.011103,-0.012378,0.007078,-0.95382,0.12632,-0.009712,-6.362,-7.3805,-0.011958,0.007404,-0.002208,0.18636,0.18904,0.95593
-3.4198,0.075218,9.2817,0.00161,0.033126,-0.005409,0.17018,-0.44445,-0.79966,-6.86,0.88349,6.97,0.012021,0.005273,0.002164,0.89485,-0.19785,-0.23832,-7.8757,0.44475,5.8922,-0.002899,-0.008283,-0.003844,0.37481,0.002072,-0.84598,0.15367,7.6541,-6.0719,-0.005053,0.008475,-0.008861,0.006111,-0.95355,0.12641,-0.002234,-6.3695,-7.3804,-0.004742,-0.01057,-0.005966,0.18695,0.19063,0.95526
-3.4123,0.089915,9.2967,-0.012858,0.038623,-0.004539,0.16981,-0.44575,-0.79926,-6.8798,0.91516,6.9408,0.019066,-0.007075,0.005597,0.89428,-0.19655,-0.2389,-7.866,0.43979,5.9169,0.015783,-0.000811,-0.002039,0.37603,0.002269,-0.84429,0.15387,7.6166,-6.0718,0.01903,0.026927,-0.010503,0.007741,-0.95304,0.12596,-0.009731,-6.3694,-7.388,-0.004711,0.007395,-0.004034,0.18602,0.1897,0.95512
-3.3752,0.067392,9.2969,0.00059,0.008913,-0.008037,0.17017,-0.44618,-0.7975,-6.8554,0.97565,6.9656,0.007573,0.007024,-0.001334,0.89392,-0.19811,-0.23863,-7.8465,0.46403,5.8875,0.004415,-0.003913,-0.012648,0.37558,0.00204,-0.84569,0.12376,7.6466,-6.1025,-0.007929,-0.008228,-0.000156,0.005567,-0.95444,0.12625,-0.009725,-6.3619,-7.3954,-0.001076,0.010975,-0.004924,0.18798,0.18973,0.95465
-3.3825,0.074918,9.2819,-0.000196,0.023102,-0.019957,0.16983,-0.4455,-0.79886,-6.8676,0.95623,6.9703,0.010255,0.010581,0.002215,0.89372,-0.19904,-0.23785,-7.8806,0.43016,5.912,-0.00994,0.001524,-0.009134,0.37569,0.002038,-0.84594,0.15368,7.6467,-6.0869,-0.000507,-0.002978,-0.014237,0.006134,-0.95534,0.12628,-0.009744,-6.3769,-7.388,0.00262,0.003652,-0.013122,0.18609,0.19075,0.95616
-3.4049,0.075098,9.2818,0.003308,0.014354,-0.000765,0.16945,-0.44499,-0.79834,-6.8652,0.94661,6.9532,-0.004127,0.001766,0.002285,0.8942,-0.19631,-0.238,-7.866,0.44468,5.9022,-0.004554,-0.009372,-0.010028,0.37526,0.002042,-0.84457,0.15364,7.6467,-6.1019,-0.005945,0.011116,-0.007963,0.005154,-0.95316,0.12675,-0.024718,-6.3768,-7.3808,-0.004606,0.010836,-0.01124,0.18806,0.18933,0.95559
-3.4123,0.075217,9.2668,-0.005705,0.009719,-0.017174,0.16874,-0.44457,-0.79931,-6.8675,0.91746,6.9652,0.015641,0.002556,-0.004991,0.89447,-0.19761,-0.23796,-7.8516,0.49827,5.909,0.011548,-0.00364,-0.009103,0.37508,0.001646,-0.84517,0.15368,7.6467,-6.0869,-0.007754,0.028725,-0.005192,0.006534,-0.95369,0.12656,-0.009725,-6.3619,-7.3954,-0.006541,-0.009678,-0.005953,0.18743,0.19051,0.95448
-3.4198,0.067929,9.2518,-0.005707,0.021575,-0.000811,0.16995,-0.44395,-0.799,-6.8702,0.97819,6.9412,0.008395,-0.001798,0.000388,0.89418,-0.1981,-0.23875,-7.8613,0.48865,5.887,0.000794,-0.003655,-0.006469,0.37609,0.000442,-0.84509,0.16875,7.6242,-6.079,0.002989,0.004054,-0.010663,0.005426,-0.95392,0.12637,-0.009712,-6.362,-7.3805,-0.012007,0.007478,0.001411,0.18609,0.18984,0.95419
-3.4124,0.067662,9.304,0.00969,0.010518,-0.017155,0.16961,-0.44462,-0.79794,-6.8479,0.89811,6.9555,0.019044,-0.00794,0.007374,0.89374,-0.19918,-0.23745,-7.8612,0.42307,5.8979,-0.00292,0.000132,0.000594,0.37434,0.002318,-0.84485,0.1387,7.6467,-6.1022,-0.007781,0.02169,-0.004359,0.005481,-0.95398,0.12769,-0.009712,-6.362,-7.3805,-0.010147,-0.007003,-0.005926,0.18678,0.18945,0.95448
-3.39,0.075008,9.2744,-0.003872,0.026954,-0.000828,0.16972,-0.44396,-0.79834,-6.8799,0.9708,6.9654,0.012146,0.009585,-0.010255,0.89433,-0.19915,-0.23846,-7.8515,0.46429,5.8974,0.001767,-0.020094,-0.009151,0.37616,0.002239,-0.84375,0.13878,7.6317,-6.1021,-0.005269,0.007607,0.001716,0.00694,-0.95318,0.12657,-0.009739,-6.3619,-7.4103,-0.015553,-0.006125,-0.005907,0.18563,0.1897,0.95524
-3.382,0.061106,9.0282,-0.002151,0.009044,0.006536,0.16928,-0.44446,-0.79902,-6.8654,1.0145,6.9487,0.006654,-0.004522,-0.008498,0.89492,-0.19789,-0.23689,-7.8662,0.45459,5.9315,-0.006371,-5.9e-05,-0.005592,0.37697,0.002351,-0.8451,0.15379,7.6242,-6.0868,0.003107,-0.017069,-0.017869,0.006425,-0.95562,0.12656,-0.009732,-6.3619,-7.4029,-0.002857,0.014535,-0.005801,0.18732,0.18946,0.95463
-3.4046,0.14912,9.2972,-0.050067,0.022742,-0.00543,0.16953,-0.44316,-0.79929,-6.8794,0.87352,7.0257,0.001221,0.003535,0.005797,0.89388,-0.19919,-0.23719,-7.8539,0.43519,5.8881,-0.005704,-0.002484,0.005888,0.37574,0.003815,-0.84445,0.13874,7.6466,-6.0872,-0.000927,-0.002958,0.005176,0.006907,-0.95378,0.12553,-0.00226,-6.3769,-7.3953,0.004182,0.011232,0.00682,0.18742,0.18997,0.95608
-3.4055,-0.014149,9.3707,0.001372,-0.008917,-0.000666,0.16986,-0.44287,-0.80062,-6.8457,0.92495,6.9216,-0.016535,0.012358,-0.002002,0.89429,-0.19906,-0.23678,-7.8565,0.49832,5.8918,0.000881,-0.001952,-0.010879,0.37573,0.000711,-0.84474,0.15377,7.6316,-6.0793,-0.00063,0.002307,-0.008026,0.006653,-0.95355,0.12617,0.005262,-6.3545,-7.4026,-0.003047,-0.008588,0.003083,0.18713,0.1901,0.95581
-3.3824,0.10455,9.2821,0.030563,0.009317,-0.029886,0.16839,-0.44427,-0.80066,-6.865,0.89809,6.9603,0.011116,0.001725,0.000375,0.89386,-0.19711,-0.23722,-7.8613,0.48373,5.9164,-0.001634,-0.013073,-0.017973,0.37368,0.001571,-0.84537,0.10893,7.6389,-6.0727,-0.000508,0.030495,-0.011356,0.007955,-0.95425,0.124,-0.002247,-6.3694,-7.3953,-0.00472,0.003808,-0.004062,0.18762,0.18867,0.95492
-3.3527,0.074796,9.2523,0.014157,0.02164,0.013814,0.16922,-0.44365,-0.8001,-6.897,0.97564,6.9677,0.039621,-0.014209,0.001839,0.89355,-0.19941,-0.2385,-7.8466,0.39375,5.95,0.002484,-0.001724,-0.002053,0.37568,0.002275,-0.84566,0.16101,7.647,-6.1467,0.013527,0.009328,-0.003564,0.006908,-0.95454,0.12526,-0.009712,-6.362,-7.3805,-0.007336,-0.000848,-0.012223,0.18682,0.18814,0.95491
-3.3899,0.089823,9.2745,0.010607,0.025061,-0.000799,0.16889,-0.4451,-0.7989,-6.8557,1.0969,6.9685,-0.002253,-0.001901,-0.013733,0.89319,-0.19839,-0.23789,-7.8466,0.44238,5.9174,0.01322,0.001965,-0.003794,0.37431,0.001288,-0.84533,0.19865,7.6169,-6.0859,-0.002617,-0.000347,0.001657,0.006677,-0.9537,0.1267,0.020226,-6.377,-7.38,0.000586,0.000382,0.003129,0.18767,0.18958,0.95583
-3.4422,0.067932,9.2964,-0.002025,0.028633,-0.008132,0.16946,-0.44603,-0.7982,-6.8574,0.80596,6.9599,-0.011327,-0.003513,0.004966,0.89425,-0.19789,-0.23732,-7.8491,0.46917,5.8827,-0.00101,-1.3e-05,-0.005579,0.37549,0.003437,-0.84457,0.13889,7.6241,-6.0721,-0.009182,0.009359,-0.022979,0.006842,-0.95474,0.12697,0.005244,-6.377,-7.3803,0.004271,-0.006917,-0.004158,0.18729,0.1909,0.95447
-3.4052,0.045172,9.3562,0.010578,0.01786,-0.004415,0.17023,-0.44486,-0.79885,-6.8503,0.87876,6.9457,0.04694,-0.000101,-0.001709,0.89397,-0.19865,-0.23784,-7.8614,0.54446,5.9007,-0.004341,0.00328,-0.017937,0.3742,0.001549,-0.84509,0.13883,7.6316,-6.0796,-0.004988,-0.002964,-0.012474,0.006902,-0.95175,0.12618,-0.009737,-6.3769,-7.3805,-0.011912,-0.009772,-0.009558,0.18795,0.18959,0.95597
-3.3751,0.10431,9.327,-0.002127,0.016217,0.000138,0.16916,-0.44588,-0.79888,-6.8483,1.0605,6.9611,0.025242,-0.01769,0.003737,0.89193,-0.19971,-0.23741,-7.8612,0.40606,5.9031,-0.023733,-0.000777,-0.027695,0.3757,0.001882,-0.84527,0.12299,7.6459,-6.0722,-0.009385,-0.003058,-0.01766,0.005888,-0.95406,0.12746,-0.009744,-6.3769,-7.388,-0.011967,0.00382,-0.002231,0.18678,0.18972,0.95461
-3.3603,0.023061,9.237,-0.013022,0.001822,-0.008029,0.16969,-0.44472,-0.79887,-6.8555,1.0386,6.9901,0.008204,-0.007862,0.014597,0.89427,-0.19944,-0.23729,-7.8757,0.34785,5.9088,0.011555,-0.015412,-0.007382,0.37487,0.001151,-0.84681,0.16038,7.6237,-6.1014,0.006328,0.019798,-0.001623,0.005291,-0.95541,0.12586,-0.0247,-6.3619,-7.3882,0.002473,0.003877,-0.00226,0.18632,0.1909,0.95391
-3.3899,0.10461,9.2821,-0.000262,0.024232,-0.001722,0.16928,-0.44394,-0.79903,-6.8455,0.93437,6.9776,-0.010203,0.005138,-0.017207,0.89311,-0.19971,-0.23722,-7.8808,0.44983,5.9192,0.012993,-0.021352,0.008513,0.37559,0.003048,-0.84493,0.13804,7.6234,-6.0718,-0.006018,0.005738,-0.007897,0.005746,-0.95482,0.12706,0.00523,-6.3694,-7.4101,0.004327,0.001114,-0.005914,0.18719,0.19011,0.95475
-3.4199,0.060344,9.2965,-0.014784,0.01988,0.00101,0.16896,-0.44372,-0.79757,-6.8898,0.95642,6.9312,0.004822,-0.00803,-0.004958,0.89388,-0.19893,-0.23719,-7.8492,0.49335,5.9311,-0.006395,-0.014573,-0.003847,0.37428,0.003108,-0.84601,0.15272,7.6611,-6.1016,-0.002574,-0.003074,-0.00354,0.005764,-0.95395,0.12785,-0.009737,-6.3769,-7.3805,-0.00816,0.000831,-0.017636,0.18696,0.18971,0.95528
-3.4123,0.090003,9.2744,-0.007483,0.030583,0.000974,0.16939,-0.44367,-0.79956,-6.8505,1.0047,6.9803,-0.000594,0.001795,0.005824,0.89387,-0.19892,-0.23745,-7.8516,0.47884,5.9069,0.0008,0.002682,-0.007338,0.37532,0.003323,-0.84546,0.1528,7.6461,-6.1016,-0.011565,0.002222,0.001787,0.005722,-0.95327,0.12706,-0.009731,-6.3694,-7.388,0.000652,0.002092,-0.001369,0.1878,0.18945,0.95571
-3.3901,0.045406,9.2668,-0.002051,0.025086,-0.005378,0.16966,-0.4438,-0.79955,-6.87,0.92718,6.9604,0.011073,-0.003576,0.00035,0.89387,-0.1997,-0.23744,-7.8564,0.43028,5.9199,-0.009819,-0.002048,-0.010898,0.37508,0.002033,-0.84506,0.15293,7.631,-6.0791,-0.012492,0.003986,0.003562,0.005299,-0.95415,0.12651,-0.002247,-6.3694,-7.3953,0.006122,-0.008774,-0.00779,0.18466,0.18863,0.95629
-3.3901,0.060104,9.2967,0.010622,0.024099,-0.006267,0.1688,-0.44389,-0.80065,-6.8799,0.94184,6.9385,0.015661,-0.00903,-0.016612,0.89308,-0.19841,-0.2375,-7.8613,0.44971,5.9293,0.006282,0.003478,-0.013518,0.37482,0.000751,-0.84529,0.13883,7.6316,-6.0796,0.001256,0.009351,-0.012388,0.005681,-0.9529,0.12625,-0.024744,-6.3918,-7.3808,-0.004913,-0.010306,0.00671,0.18575,0.18944,0.95498
-3.3826,0.074889,9.2894,-0.002018,0.026795,-0.012679,0.17,-0.44436,-0.79819,-6.8603,0.99497,6.9802,0.013771,-0.012507,-0.010379,0.89363,-0.19894,-0.23694,-7.8613,0.47894,5.8823,0.000967,-0.005678,-0.014422,0.37532,0.001767,-0.84529,0.15376,7.6317,-6.0868,-0.000762,0.012874,-0.000893,0.005426,-0.9543,0.12624,-0.009725,-6.3619,-7.3954,-0.006585,0.000292,-0.00046,0.18686,0.19009,0.95752
-3.3751,0.07477,9.3044,-0.002092,0.016104,-0.008071,0.16887,-0.44277,-0.79919,-6.8603,0.97322,6.9655,0.01989,-0.001677,0.016301,0.89347,-0.19943,-0.23772,-7.8613,0.45218,5.9097,-0.011385,-0.012314,-0.020635,0.3749,0.00218,-0.8462,0.13128,7.6466,-6.0798,0.00829,0.021672,-0.007886,0.00598,-0.95431,0.12627,-0.017234,-6.3768,-7.3881,-0.006668,0.005818,0.006818,0.18702,0.18905,0.95596
-3.4049,0.067691,9.2817,-0.001123,0.025,-0.011761,0.16964,-0.44302,-0.79982,-6.9094,1.0096,6.9557,-0.002305,-0.001848,-0.005751,0.89359,-0.20033,-0.23796,-7.8564,0.4424,5.9319,0.004142,0.005712,0.003265,0.37542,0.003065,-0.84595,0.1387,7.6467,-6.1022,0.00299,0.004068,-0.010658,0.006532,-0.95356,0.12656,-0.024732,-6.3768,-7.3957,-0.012132,0.001375,0.009518,0.18729,0.18945,0.95609
-3.405,0.067632,9.2966,-0.007499,0.01605,-0.014466,0.16953,-0.44355,-0.79929,-6.8651,0.94655,6.9654,0.019182,-0.004531,-0.006832,0.89373,-0.19892,-0.23759,-7.8613,0.44487,5.922,-0.000813,-0.011157,-0.01444,0.37556,0.001244,-0.84564,0.15383,7.6241,-6.0718,0.010118,0.004052,-0.011544,0.005113,-0.95401,0.12544,0.00527,-6.362,-7.3802,0.008851,0.007403,-0.005883,0.18743,0.18986,0.95436
-3.4198,0.060432,9.2741,-0.005726,0.022547,0.004657,0.16952,-0.44457,-0.79955,-6.8749,0.96109,6.9678,0.038864,-0.001877,-0.003423,0.89484,-0.1992,-0.23635,-7.8516,0.4837,5.9093,-0.009264,-0.005268,0.004999,0.37397,0.001554,-0.84472,0.1687,7.6243,-6.1015,-0.001443,-0.002983,-0.011596,0.005521,-0.95427,0.1252,0.005231,-6.3769,-7.3952,-0.01382,-0.005117,-0.000484,0.18669,0.18984,0.95513
-3.3901,0.052755,9.2817,0.004284,0.014116,-0.019001,0.16874,-0.44354,-0.79919,-6.8652,0.97087,6.9509,0.002813,-0.021165,0.008334,0.89402,-0.20009,-0.23716,-7.871,0.45953,5.8996,-0.009851,-0.005631,-0.00914,0.37575,0.001636,-0.84677,0.15375,7.6391,-6.0718,-0.002383,0.007591,-0.00887,0.006516,-0.95393,0.12603,-0.009724,-6.3694,-7.3805,-0.011163,-0.012237,0.001278,0.18698,0.18932,0.95542
-3.3902,0.045288,9.2966,-0.009308,0.026996,-0.000835,0.17032,-0.44368,-0.79952,-6.8456,0.97564,6.9656,0.018125,-0.007927,0.008283,0.89375,-0.19932,-0.23719,-7.8564,0.43519,5.8929,-0.008044,-0.004734,-0.010018,0.3743,0.002586,-0.84562,0.15372,7.6317,-6.1018,-0.003867,0.016386,-0.021165,0.006286,-0.95523,0.12668,0.005249,-6.362,-7.4026,-0.004797,-0.010479,-0.001447,0.18662,0.18985,0.9542
-3.3606,0.088787,9.4762,-0.002132,0.014397,-0.005318,0.16874,-0.44522,-0.79917,-6.8677,0.98052,6.9606,0.024537,0.002596,0.00028,0.89404,-0.2001,-0.2369,-7.8418,0.43507,5.9176,0.000873,0.007133,-0.010863,0.37406,0.002334,-0.84537,0.13889,7.6241,-6.0721,-0.002483,0.013763,-0.003535,0.005141,-0.95442,0.12597,-0.00975,-6.3769,-7.3954,-0.010188,-0.001532,-0.001367,0.18639,0.19037,0.95485
-3.3902,0.030473,9.2965,-0.02024,0.012707,-0.002613,0.16787,-0.44247,-0.80043,-6.8651,1.0142,7.0143,0.015411,-0.007926,0.009197,0.89282,-0.20034,-0.23787,-7.8418,0.4594,5.8927,0.004227,0.001983,-0.000268,0.37531,0.002288,-0.84556,0.1387,7.6467,-6.1022,-0.001672,0.000559,-0.000977,0.005149,-0.95354,0.12649,-0.00975,-6.3769,-7.3954,-0.003822,0.014624,-0.001274,0.1878,0.18814,0.95547
