-0.62339,-9.7769,-0.66549,0.013296,-0.015137,-0.012374,0.20428,0.72746,0.34404,0.095175,9.7766,0.64052,-0.007813,-0.002809,-0.009926,0.14509,-0.6203,-0.14163,-0.96223,3.1551,-9.2323,0.023554,0.016218,-0.006011,0.31581,-0.42897,0.50695,3.2596,-0.16313,-9.2605,-0.011811,0.017425,0.016294,-0.50268,0.26051,0.49504,0.48298,0.31613,9.6906,-0.000882,0.001833,0.00806,-0.362,-0.24723,-0.61528
-0.6084,-9.7622,-0.65824,-0.001126,-0.017083,0.007699,0.20236,0.72762,0.34439,0.10003,9.7693,0.63572,0.001032,-0.002908,0.002452,0.14527,-0.61976,-0.14096,-0.96474,3.1089,-9.2478,0.018101,0.001615,-0.00245,0.31621,-0.42817,0.50738,3.2298,-0.17789,-9.2311,0.001812,-0.001931,0.004082,-0.49988,0.25929,0.49596,0.46047,0.33843,9.6902,-0.00253,0.002073,-0.003685,-0.36174,-0.24526,-0.61563
-0.60837,-9.7474,-0.67326,0.002458,-0.015159,-0.004155,0.20333,0.72873,0.34163,0.12453,9.779,0.63583,-0.007922,-0.004709,0.004317,0.14497,-0.61978,-0.14163,-0.95741,3.1187,-9.2476,0.009105,-0.000217,0.001077,0.31783,-0.42929,0.5068,3.2522,-0.16304,-9.2456,0.009089,-0.003666,-0.002969,-0.5021,0.25874,0.49612,0.47548,0.32356,9.6905,-0.015097,-0.008577,-0.006304,-0.36155,-0.2475,-0.61447
-0.59357,-9.7551,-0.70317,-0.013799,-0.007899,-0.001368,0.2034,0.72705,0.34284,0.09024,9.762,0.64056,0.006591,-0.009829,-0.013563,0.14533,-0.61908,-0.1399,-0.93788,3.1358,-9.247,0.016403,0.00719,-0.005992,0.31737,-0.42799,0.5077,3.2524,-0.13303,-9.2456,-0.005377,-0.002811,0.008489,-0.50138,0.25981,0.49656,0.46048,0.32344,9.6753,0.008115,-5.5e-05,0.010774,-0.36284,-0.24736,-0.61571
-0.59355,-9.7624,-0.68074,0.010661,-0.005363,-0.003213,0.20439,0.72774,0.34458,0.092656,9.7717,0.62594,-0.00605,-0.01174,0.000777,0.14511,-0.62107,-0.14125,-0.95737,3.1454,-9.2324,0.012466,0.010398,0.011654,0.31707,-0.42814,0.50692,3.2446,-0.17807,-9.2608,0.001712,0.005997,0.008437,-0.50138,0.26032,0.49629,0.46048,0.32344,9.6753,0.002988,-0.0068,-0.009067,-0.36279,-0.24709,-0.61517
-0.61576,-9.7252,-0.68827,-0.013784,-0.005218,-0.001354,0.20337,0.72746,0.34339,0.095072,9.7668,0.62112,0.002879,-0.008195,0.000685,0.14532,-0.62116,-0.13981,-0.96954,3.1599,-9.2275,0.009063,-0.005721,0.002847,0.31762,-0.42955,0.50779,3.2521,-0.19304,-9.2456,0.006782,0.00952,0.019887,-0.5021,0.26041,0.4956,0.46051,0.33107,9.7201,0.007325,-0.008864,0.0036,-0.36221,-0.24709,-0.61448
-0.59364,-9.7772,-0.6881,0.001613,0.001964,-0.010465,0.20329,0.72828,0.34477,0.10004,9.779,0.63082,-0.000646,-0.011702,-0.002824,0.14646,-0.62105,-0.1404,-0.95001,3.177,-9.2318,0.016144,0.00505,0.00637,0.31707,-0.42827,0.50691,3.2521,-0.1781,-9.2606,0.002632,0.020967,0.005685,-0.50124,0.25993,0.49643,0.47548,0.32356,9.6905,-0.000935,0.007154,0.010741,-0.36113,-0.24684,-0.61444
-0.62339,-9.7475,-0.71792,-0.004731,-0.011655,0.006813,0.20226,0.72721,0.34385,0.10006,9.7814,0.63567,-0.004369,-0.007396,0.009632,0.14694,-0.62082,-0.14115,-0.97198,3.1551,-9.23,0.014546,-0.005608,-0.00333,0.31659,-0.42881,0.50738,3.2373,-0.16298,-9.2459,0.001796,-0.00985,0.005898,-0.50166,0.25941,0.49654,0.47549,0.32361,9.7054,-0.006208,0.007395,-0.000101,-0.36211,-0.24629,-0.61326
-0.5935,-9.7623,-0.65835,0.017973,-0.001079,0.00774,0.20319,0.72734,0.34408,0.090247,9.7717,0.63565,0.001168,-0.014341,-0.003715,0.14582,-0.61975,-0.14041,-0.95984,3.1211,-9.2476,0.000177,-0.00469,0.001075,0.31618,-0.42831,0.50674,3.2447,-0.16301,-9.2458,-0.006944,0.013914,-0.003093,-0.5016,0.26177,0.49721,0.47551,0.30865,9.698,0.000968,-0.001705,0.005369,-0.36287,-0.2471,-0.61624
-0.60821,-9.703,-0.68847,0.015011,-0.030325,-0.016095,0.20449,0.72928,0.34281,0.095224,9.7911,0.64288,0.000105,0.000622,0.003326,0.1449,-0.62104,-0.14022,-0.95005,3.1552,-9.2273,0.018,0.006946,0.002837,0.31593,-0.42738,0.50941,3.2521,-0.17804,-9.2456,-0.003444,-0.000164,0.000538,-0.50178,0.25968,0.4968,0.47548,0.32359,9.698,-0.006331,4e-06,0.010803,-0.36139,-0.24631,-0.61431
-0.56347,-9.7475,-0.59898,0.009825,-0.002846,0.009567,0.20249,0.72861,0.34193,0.097616,9.7742,0.64055,-0.013142,-0.004554,-0.013429,0.14553,-0.61989,-0.14095,-0.91848,3.0824,-9.2574,0.007238,0.011522,0.005481,0.31676,-0.42658,0.50821,3.2372,-0.18548,-9.2459,-0.008808,0.005103,0.001386,-0.50181,0.26081,0.49574,0.45302,0.30846,9.6752,0.011844,-0.00349,0.00265,-0.36162,-0.24709,-0.61366
-0.59365,-9.792,-0.66562,0.00084,0.005175,0.018735,0.2035,0.72838,0.34339,0.095075,9.7644,0.62356,0.001032,-0.009143,0.00782,0.14555,-0.62014,-0.14043,-0.93297,3.1601,-9.2514,0.000218,-0.007363,-0.000682,0.31626,-0.42712,0.5083,3.2372,-0.17798,-9.2459,0.003642,0.014802,0.000435,-0.50266,0.26129,0.49518,0.46053,0.30858,9.6977,0.004566,0.001863,0.005343,-0.3625,-0.24736,-0.61476
-0.6236,-9.7772,-0.74757,0.020542,-0.024315,0.002164,0.20389,0.72858,0.34119,0.10249,9.7717,0.63573,-0.007789,-0.01703,-0.000957,0.14597,-0.61986,-0.13988,-0.94767,3.1212,-9.2327,0.007341,-0.009246,-0.000671,0.31677,-0.42736,0.50844,3.2522,-0.163,-9.2381,-1.1e-05,0.016562,0.004831,-0.50125,0.25954,0.4963,0.47549,0.32361,9.7054,-0.006218,-0.001623,0.002673,-0.36198,-0.24723,-0.61501
-0.6381,-9.7618,-0.61325,0.013386,-0.015434,0.009516,0.20329,0.72835,0.34231,0.095104,9.7717,0.62596,-0.009676,-0.001109,-0.002806,0.14601,-0.62004,-0.14158,-0.98669,3.0821,-9.278,0.025414,0.005385,-0.010401,0.31752,-0.42576,0.50828,3.2522,-0.16304,-9.2456,-0.007106,-0.002812,0.005848,-0.50195,0.26055,0.49587,0.44552,0.32345,9.6974,0.008235,-0.001666,0.001747,-0.36126,-0.2475,-0.61419
-0.60827,-9.7325,-0.65843,0.007977,-0.006366,0.005908,0.20451,0.72966,0.34227,0.1099,9.7766,0.65033,-0.01059,-0.010024,0.006143,0.14656,-0.62029,-0.14103,-0.977,3.053,-9.2686,-0.005056,0.005485,-0.004249,0.31775,-0.4268,0.50775,3.2598,-0.13312,-9.2604,-0.000957,0.013924,0.008372,-0.50021,0.25821,0.49502,0.46052,0.3236,9.7201,0.004704,-0.005122,-0.003655,-0.36206,-0.24617,-0.61446
-0.60834,-9.7327,-0.68828,-0.008458,-0.022213,-0.006907,0.20331,0.72913,0.3419,0.095062,9.7668,0.61869,0.01177,0.000654,0.000565,0.14635,-0.61962,-0.14025,-0.9305,3.1869,-9.2264,0.002033,-0.010966,-0.002441,0.31677,-0.42749,0.50844,3.2371,-0.19298,-9.2459,0.007094,-0.004563,0.00675,-0.50198,0.2609,0.49494,0.48295,0.33856,9.698,0.005406,-0.009037,0.01264,-0.36157,-0.2471,-0.61486
-0.59342,-9.7622,-0.6285,0.004328,-0.005333,-0.003202,0.20287,0.72941,0.34247,0.085352,9.7717,0.63562,-0.013269,-0.0118,0.00706,0.14501,-0.62105,-0.14061,-0.93055,3.1601,-9.2318,0.005459,-0.003903,0.004616,0.31685,-0.42775,0.50755,3.2071,-0.21536,-9.2466,0.003686,0.016549,-0.002216,-0.50053,0.26098,0.49634,0.46799,0.32353,9.6904,-0.006192,-0.005192,0.001795,-0.36296,-0.24776,-0.61545
-0.60837,-9.7621,-0.64332,-0.004751,-0.015222,0.004065,0.20379,0.72935,0.34052,0.10007,9.7766,0.64055,0.006431,0.004248,-0.006524,0.14647,-0.62092,-0.14026,-0.94766,3.1114,-9.2671,0.009227,0.005378,-0.00423,0.31785,-0.42691,0.50965,3.2296,-0.19295,-9.2461,-1e-06,0.018312,0.003943,-0.50226,0.25873,0.49572,0.45298,0.34592,9.705,0.001132,-0.00866,-0.005427,-0.36099,-0.2479,-0.61406
-0.63049,-9.7027,-0.65846,0.011418,-0.029487,-0.010611,0.20332,0.72913,0.34177,0.085288,9.7765,0.61616,0.004571,0.00595,0.000593,0.14494,-0.61972,-0.1398,-0.96234,3.0871,-9.2433,0.009029,0.003329,0.004604,0.31768,-0.42588,0.50879,3.2447,-0.16301,-9.2458,-0.014325,0.014778,0.009254,-0.50062,0.26077,0.49779,0.46052,0.31607,9.7052,-0.002527,-0.000615,-0.003668,-0.36263,-0.24775,-0.61464
-0.60815,-9.7029,-0.66609,-0.010139,-0.001673,-0.000433,0.20239,0.72926,0.3414,0.10496,9.7814,0.6357,-0.013304,-0.010952,0.010615,0.14513,-0.62132,-0.14087,-0.93305,3.1164,-9.2375,0.002734,-0.007566,0.006391,0.31787,-0.42665,0.51017,3.2523,-0.14807,-9.2531,0.003559,0.024491,0.00389,-0.50084,0.26043,0.49579,0.47547,0.32351,9.6755,0.001035,-0.014217,0.003643,-0.3619,-0.24711,-0.61567
-0.62338,-9.8137,-0.59063,-0.00112,-0.011625,-0.000479,0.20303,0.72874,0.34205,0.10002,9.7717,0.63085,0.006366,-0.008282,0.011328,0.14619,-0.61989,-0.14078,-0.92335,3.08,-9.2599,-0.005135,0.001779,-0.000696,0.31715,-0.42721,0.50847,3.2372,-0.16304,-9.2609,0.000197,-0.000163,-0.002994,-0.50155,0.25964,0.49562,0.43055,0.31588,9.6897,-0.00802,0.005577,0.00084,-0.36035,-0.24777,-0.61443
-0.60837,-9.7474,-0.67326,-0.00384,-0.009784,-0.000475,0.20348,0.72937,0.34121,0.099945,9.7692,0.61385,-0.003252,-0.011632,-0.011694,0.14623,-0.61974,-0.13999,-0.9501,3.126,-9.2327,-0.001686,-0.00567,0.004609,0.31602,-0.42647,0.50868,3.2072,-0.19286,-9.2465,-0.006308,-0.020441,0.011273,-0.50249,0.2603,0.49637,0.46049,0.33099,9.6977,-0.000854,0.003675,0.005345,-0.36285,-0.2459,-0.61435
-0.60837,-9.7548,-0.65829,0.011504,-0.022478,0.002187,0.2037,0.72795,0.34229,0.085344,9.762,0.64053,0.004766,-0.011644,-0.008204,0.14596,-0.62091,-0.1399,-0.95987,3.0968,-9.2627,0.007171,-0.000387,0.008142,0.31795,-0.42743,0.50926,3.2521,-0.17804,-9.2456,0.001886,0.002484,0.00052,-0.50059,0.25964,0.4954,0.46051,0.32354,9.7052,7.1e-05,-0.004394,0.005396,-0.36172,-0.24737,-0.61501
-0.59348,-9.7255,-0.71829,-0.00664,-0.01587,-0.012358,0.20368,0.72915,0.34257,0.10485,9.7619,0.6212,0.008264,-0.004616,-0.003822,0.14488,-0.62014,-0.14073,-0.94274,3.1479,-9.2395,-0.00715,-0.009397,0.00991,0.31689,-0.4267,0.50834,3.267,-0.17816,-9.2603,-0.000213,0.00248,0.015519,-0.50268,0.26013,0.49517,0.46051,0.31602,9.6903,-0.001574,0.000351,-0.007295,-0.36184,-0.2467,-0.615
-0.60848,-9.7623,-0.68809,0.004209,-0.030463,0.000337,0.20455,0.72885,0.34172,0.099999,9.7717,0.62599,0.002872,-0.007311,0.000681,0.14677,-0.61999,-0.13971,-0.95736,3.1551,-9.2323,-0.005159,0.005364,0.001045,0.3173,-0.42759,0.50884,3.2521,-0.1781,-9.2606,-0.010568,0.00951,0.00047,-0.5019,0.26073,0.49706,0.44552,0.32345,9.6974,-0.01168,0.010021,0.003526,-0.36087,-0.24697,-0.61444
-0.61576,-9.762,-0.62087,-0.006548,-0.007966,-0.002284,0.20358,0.72913,0.34189,0.10004,9.7669,0.64059,0.006354,0.005952,0.000583,0.14541,-0.62001,-0.14057,-0.96231,3.1017,-9.2479,-0.011734,0.012278,0.016925,0.31615,-0.42646,0.50869,3.2372,-0.17798,-9.2459,-0.00181,0.016552,0.005717,-0.50165,0.26083,0.49628,0.44552,0.32345,9.6974,-0.009046,0.001798,0.010811,-0.36173,-0.24671,-0.61526
-0.62328,-9.7473,-0.67315,0.011469,-0.024188,-0.004204,0.20205,0.7289,0.34264,0.095169,9.7814,0.63564,0.002847,-0.008222,0.004241,0.14603,-0.62197,-0.14083,-0.95012,3.1115,-9.2378,0.000147,0.003455,0.002828,0.31587,-0.42765,0.50826,3.267,-0.17816,-9.2603,-0.007217,0.017439,0.009238,-0.50084,0.25992,0.49605,0.468,0.30853,9.6755,-0.006307,0.00183,0.008984,-0.36241,-0.24604,-0.61554
-0.62317,-9.7471,-0.62838,-0.003785,-0.009963,0.012296,0.20358,0.72913,0.34203,0.090209,9.7789,0.62104,0.003785,-0.002843,-0.004688,0.1461,-0.6187,-0.14024,-0.94528,3.0774,-9.2628,0.000102,-0.014761,0.003753,0.31539,-0.42845,0.50872,3.2447,-0.17798,-9.2383,-0.014432,0.006852,0.014607,-0.50108,0.26111,0.49657,0.46796,0.33092,9.6679,0.006361,2.7e-05,0.007157,-0.36131,-0.24803,-0.61474
-0.60826,-9.7472,-0.62849,-0.013841,-0.015046,-0.005042,0.20272,0.72798,0.34288,0.095078,9.762,0.626,-0.013334,0.000591,0.00433,0.14579,-0.62184,-0.14058,-0.94286,3.0726,-9.253,-0.017491,-0.007037,-0.007763,0.31512,-0.42651,0.50838,3.2523,-0.14804,-9.2456,9.9e-05,-0.009842,0.002365,-0.50137,0.26083,0.49629,0.4455,0.32337,9.675,-0.008016,0.001977,0.001762,-0.36178,-0.24657,-0.61419
-0.60851,-9.7771,-0.67307,-0.011132,-0.018686,-0.001414,0.20218,0.72824,0.34276,0.095133,9.7717,0.63325,0.01012,-0.006322,-0.010055,0.14633,-0.62118,-0.14028,-0.94764,3.1285,-9.2472,-9e-06,-0.005823,0.009912,0.31633,-0.42791,0.50714,3.2223,-0.17792,-9.2462,0.005593,0.003359,-0.006544,-0.50123,0.26071,0.49643,0.46049,0.32347,9.6828,0.008369,-0.012271,-0.005426,-0.36097,-0.24856,-0.61367
-0.59362,-9.7625,-0.71058,-0.013822,-0.015114,0.002249,0.20311,0.72745,0.34313,0.08282,9.7619,0.62107,0.015314,0.007748,-0.001282,0.14625,-0.62089,-0.13936,-0.96715,3.1357,-9.223,-0.015941,-0.005532,0.003704,0.31703,-0.42761,0.50858,3.2521,-0.17813,-9.2681,-5.1e-05,0.00952,0.007529,-0.50153,0.26043,0.49602,0.45302,0.32351,9.705,0.002929,0.002125,-0.007314,-0.36133,-0.24698,-0.61525
-0.60839,-9.7474,-0.68072,-0.001146,-0.007903,-0.008679,0.20273,0.7281,0.3426,0.095081,9.7668,0.62355,-0.013267,0.002436,-0.004573,0.1457,-0.62013,-0.14003,-0.96222,3.1575,-9.247,-0.015982,-0.001963,0.006346,0.31644,-0.42869,0.50687,3.252,-0.18563,-9.2681,0.005521,0.025379,-0.004933,-0.50196,0.26042,0.49574,0.48297,0.31607,9.6757,-0.002642,-0.008001,0.007225,-0.3613,-0.24631,-0.61497
-0.62338,-9.7622,-0.68797,-0.000285,-0.022346,-0.001445,0.20302,0.72769,0.34231,0.090138,9.7667,0.61137,0.010065,-0.000154,-0.00831,0.14519,-0.62038,-0.13993,-0.95979,3.1576,-9.2274,-0.014655,-0.006159,0.027553,0.31697,-0.42827,0.50729,3.2371,-0.18554,-9.2609,-0.003333,0.003354,-0.004779,-0.50169,0.25952,0.49588,0.46048,0.32344,9.6753,-0.006305,0.000931,0.008994,-0.36314,-0.2455,-0.61475
-0.62335,-9.7474,-0.70299,0.00429,-0.018892,0.006771,0.20142,0.72855,0.34416,0.10488,9.7789,0.61626,0.000958,-0.004773,0.013132,0.14472,-0.62042,-0.14127,-0.96954,3.1551,-9.2324,0.005521,-0.000211,0.001949,0.31808,-0.4298,0.50667,3.2372,-0.17798,-9.2459,-0.006986,0.013909,-0.001324,-0.50142,0.25951,0.4955,0.46051,0.32354,9.7052,-0.000713,-0.011414,-0.001791,-0.3629,-0.24656,-0.61489
-0.61586,-9.7474,-0.68813,0.009724,-0.017105,0.004035,0.20476,0.72703,0.34279,0.090212,9.7765,0.62348,-0.00521,0.000665,-0.002854,0.14589,-0.62062,-0.13886,-0.96227,3.1211,-9.2525,-0.019316,-0.003458,-0.005133,0.31722,-0.42865,0.50729,3.267,-0.17816,-9.2603,-0.008736,0.000719,-0.001234,-0.50094,0.26059,0.49658,0.46054,0.3086,9.7052,-0.001667,0.005619,-0.001903,-0.36166,-0.24604,-0.61445
-0.62328,-9.7473,-0.67315,-0.02114,-0.02211,-0.008711,0.2038,0.72731,0.34296,0.10493,9.7765,0.63086,-0.000813,-0.00475,0.010479,0.14599,-0.61973,-0.13962,-0.9623,3.1187,-9.233,-0.017867,-0.000241,0.010759,0.31722,-0.42917,0.50727,3.2521,-0.1781,-9.2606,-0.021427,0.009491,0.009293,-0.50238,0.26028,0.49572,0.46047,0.33843,9.6902,-0.015379,0.016202,0.008915,-0.36187,-0.24618,-0.61552
-0.58606,-9.7624,-0.66587,-0.013748,-0.009887,0.013217,0.2025,0.72828,0.34439,0.099974,9.7765,0.61625,-0.004353,-0.000268,0.002481,0.14534,-0.61985,-0.13965,-0.95247,3.1698,-9.2197,-0.002554,-0.005638,0.00372,0.31693,-0.4288,0.50651,3.2522,-0.17801,-9.2381,-0.008849,-0.004574,0.004099,-0.50127,0.26042,0.4955,0.47548,0.32356,9.6905,-0.006264,0.002803,0.005357,-0.36186,-0.24671,-0.61526
-0.60842,-9.7622,-0.6657,-0.004728,-0.005276,-0.002277,0.20233,0.72929,0.34249,0.10004,9.779,0.63082,-0.003416,-0.001108,-0.001969,0.14651,-0.62103,-0.13948,-0.94027,3.16,-9.2564,-0.009762,-0.007489,0.007254,0.31795,-0.42928,0.5068,3.2372,-0.18548,-9.2459,0.001645,0.007751,0.011074,-0.50151,0.26006,0.49655,0.47545,0.3385,9.6904,-0.008169,0.003558,0.012593,-0.3615,-0.24815,-0.61368
-0.60083,-9.7326,-0.66595,0.000727,-0.009943,0.009549,0.20269,0.72865,0.34329,0.095068,9.762,0.62357,-0.009776,-0.00477,0.011443,0.14637,-0.6196,-0.13985,-0.96225,3.1454,-9.2276,-0.012199,-0.003537,-0.004244,0.31653,-0.43025,0.50619,3.2221,-0.19298,-9.2612,-0.001463,-0.006332,-0.008239,-0.5014,0.25965,0.49589,0.47548,0.33109,9.7054,-0.001772,-0.003542,0.008102,-0.36221,-0.24749,-0.61436
-0.60844,-9.7549,-0.68813,-0.011957,-0.018955,0.020472,0.20464,0.72966,0.3424,0.095117,9.7765,0.62594,0.000977,-0.010087,0.014937,0.14633,-0.62092,-0.1404,-0.97194,3.1745,-9.2419,-0.011501,-0.015602,0.004608,0.31766,-0.42956,0.50589,3.2522,-0.17054,-9.2456,0.005227,0.016567,0.009245,-0.5016,0.26049,0.49747,0.44551,0.32342,9.69,0.001086,-0.008737,-0.001807,-0.36252,-0.24683,-0.61515
-0.61577,-9.7178,-0.70324,0.009684,-0.018798,-0.00327,0.20338,0.72784,0.34312,0.087683,9.7571,0.61626,-0.010596,-0.006476,0.004344,0.1453,-0.61935,-0.14043,-0.95253,3.126,-9.2425,-0.01059,-0.008303,0.003721,0.31717,-0.42945,0.50625,3.2522,-0.16304,-9.2456,-0.008683,0.013917,-0.004858,-0.50108,0.26111,0.49657,0.45302,0.31599,9.6901,0.001081,-0.006942,-0.001822,-0.36362,-0.24588,-0.61384
-0.62343,-9.777,-0.68041,-0.015669,-0.02592,0.005858,0.20393,0.72916,0.34311,0.11228,9.7766,0.63333,0.013694,-0.01167,-0.004718,0.14622,-0.62091,-0.13989,-0.98171,3.1794,-9.2078,-0.007227,-0.011317,0.013432,0.31742,-0.43048,0.50623,3.2521,-0.17804,-9.2456,0.00901,-0.004549,0.00057,-0.5018,0.25993,0.4964,0.46799,0.30851,9.668,-0.008019,-0.004328,0.003602,-0.36211,-0.24591,-0.61512
-0.63833,-9.7548,-0.71776,-0.004697,0.005545,-0.006791,0.20364,0.72838,0.34339,0.09024,9.7693,0.63566,-0.003414,-0.002881,-0.00107,0.14586,-0.61921,-0.13974,-0.9793,3.1502,-9.2278,0.002004,-0.001935,-0.000704,0.318,-0.43047,0.50512,3.252,-0.1931,-9.2606,0.001992,0.007769,-0.004809,-0.50167,0.26094,0.49575,0.47547,0.33855,9.7054,0.008225,0.010031,-0.000153,-0.36133,-0.24632,-0.61537
-0.59341,-9.7475,-0.65099,0.004197,-0.03133,-0.002403,0.20328,0.72717,0.34257,0.09998,9.7716,0.62113,-0.008002,0.002333,0.007833,0.14643,-0.61938,-0.14128,-0.99635,3.1574,-9.2255,-0.024804,-0.008129,0.001039,0.31755,-0.42943,0.5064,3.2521,-0.1781,-9.2606,0.008977,0.016577,0.000422,-0.50239,0.25975,0.49545,0.45304,0.31609,9.72,-0.009872,0.007329,0.003537,-0.3622,-0.24683,-0.61434
-0.59361,-9.7478,-0.73306,0.004263,-0.011508,-0.008706,0.20347,0.72708,0.34407,0.095114,9.7717,0.62839,-0.003461,-0.004713,0.006054,0.14484,-0.62107,-0.1414,-0.94512,3.199,-9.2118,0.001742,-0.005876,0.011673,0.31721,-0.43155,0.50467,3.2521,-0.17804,-9.2456,-1.7e-05,0.00776,0.005778,-0.50167,0.25953,0.49628,0.46796,0.33847,9.6903,-0.001797,0.001814,0.008974,-0.36192,-0.24709,-0.61421
-0.57883,-9.8364,-0.62067,-0.020982,-0.006219,0.009598,0.20307,0.72707,0.34381,0.11227,9.762,0.64069,-0.006205,0.000568,0.007831,0.1458,-0.62105,-0.14057,-0.93785,3.1698,-9.217,-0.008683,-0.014516,-0.002447,0.31721,-0.43129,0.50455,3.2447,-0.17051,-9.2458,0.001951,-0.001039,-0.002104,-0.50364,0.26076,0.49513,0.46052,0.30855,9.6903,0.004503,-0.00904,0.012651,-0.36289,-0.24696,-0.61464
-0.63831,-9.6738,-0.86006,0.000612,-0.022351,0.002192,0.2041,0.72762,0.34487,0.082782,9.7619,0.61135,0.006408,-0.002902,0.002405,0.14499,-0.62015,-0.14111,-0.95725,3.2329,-9.2065,-0.009811,0.008795,0.01074,0.31758,-0.43153,0.50444,3.2371,-0.19298,-9.2459,-0.001602,-0.016892,-0.001106,-0.50335,0.2595,0.49593,0.48298,0.30861,9.6757,-0.005158,-0.006801,-0.007249,-0.36246,-0.24577,-0.61447
-0.63819,-9.7325,-0.70298,0.026004,-0.015333,-0.003274,0.20407,0.72763,0.34542,0.10002,9.791,0.61861,-0.011436,-0.004648,-0.002775,0.14513,-0.61956,-0.13862,-1.011,3.1354,-9.2383,-0.00257,-0.003868,0.004587,0.31884,-0.43227,0.50423,3.282,-0.17821,-9.26,-0.012455,0.005998,0.005787,-0.5014,0.2608,0.4955,0.468,0.32358,9.7053,0.011697,-0.000997,0.012577,-0.36171,-0.24763,-0.61488
-0.60827,-9.7325,-0.65843,-0.013868,-0.020426,-0.004155,0.20453,0.72655,0.34457,0.10976,9.7595,0.62611,-0.003291,-0.013447,-0.006346,0.14503,-0.61974,-0.14045,-0.98168,3.1793,-9.2322,-0.012362,-0.005568,0.0037,0.3181,-0.43164,0.50471,3.2522,-0.1556,-9.2606,0.001639,0.018322,0.010993,-0.50123,0.26046,0.49657,0.45301,0.32348,9.6976,0.001172,0.003101,-0.010934,-0.36178,-0.24671,-0.61593
-0.58605,-9.7477,-0.68835,-0.012056,-0.015886,-0.008701,0.20534,0.72721,0.34468,0.095079,9.7765,0.61622,0.009237,-0.01166,-0.006463,0.14594,-0.62053,-0.14042,-0.93775,3.2232,-9.2259,-0.012203,0.010982,-0.002508,0.31813,-0.43177,0.50535,3.2521,-0.18557,-9.2531,0.001956,0.006007,-0.003033,-0.5032,0.26015,0.49607,0.43056,0.30844,9.6972,0.000962,0.007282,0.00352,-0.36151,-0.24723,-0.61406
-0.59356,-9.7477,-0.71068,0.006065,-0.018779,-0.002354,0.20393,0.72777,0.34556,0.10488,9.7716,0.62116,-0.017807,-0.003868,0.007947,0.14677,-0.6196,-0.1397,-0.94751,3.2354,-9.1867,0.000222,-0.00372,-0.000702,0.31643,-0.43262,0.50422,3.2521,-0.19298,-9.2306,0.005344,0.009527,0.004005,-0.50044,0.26029,0.49541,0.4605,0.31597,9.6753,0.009958,0.003597,0.007127,-0.36122,-0.24606,-0.61576
-0.6084,-9.7622,-0.65824,0.003422,-0.008978,0.002256,0.20421,0.72711,0.34541,0.11961,9.7814,0.62607,0.006528,-0.015248,-0.001083,0.14549,-0.61984,-0.13925,-0.96458,3.2232,-9.1994,-0.003713,-0.000515,0.016947,0.31892,-0.43162,0.50336,3.2297,-0.17792,-9.2386,-0.00432,0.013029,-0.001318,-0.50238,0.25938,0.49598,0.43053,0.32335,9.6897,-0.006334,0.00899,0.008954,-0.3615,-0.24764,-0.61567
-0.65332,-9.7621,-0.73998,0.017857,-0.022582,0.00765,0.20462,0.72769,0.34293,0.10492,9.7814,0.62598,-0.003545,-0.010142,0.020311,0.14648,-0.62052,-0.14,-0.98899,3.189,-9.2126,0.004381,-0.005961,0.013432,0.31705,-0.43169,0.50402,3.2672,-0.16309,-9.2453,-0.008739,0.013042,-0.002205,-0.50128,0.26015,0.49537,0.47552,0.30867,9.7055,-0.006183,-0.005171,0.000887,-0.36274,-0.24563,-0.61474
-0.62341,-9.8211,-0.59059,-0.013727,-0.008127,0.013234,0.20445,0.72811,0.34349,0.10003,9.7765,0.63083,-0.011457,-0.004662,-0.000994,0.14497,-0.61854,-0.13939,-1.0012,3.1768,-9.2081,-0.005159,0.005351,0.00103,0.31795,-0.43243,0.5043,3.2598,-0.1555,-9.2304,0.003535,0.011289,0.005749,-0.50095,0.26008,0.49671,0.46051,0.3085,9.6753,-0.000693,0.000309,-0.005488,-0.36329,-0.24576,-0.61489
-0.61597,-9.7844,-0.6655,0.018728,-0.02246,-0.003294,0.20292,0.72748,0.34423,0.092647,9.7717,0.62352,-0.015007,-0.009977,-4.8e-05,0.14534,-0.61933,-0.13964,-0.95244,3.1941,-9.2119,0.001081,-0.000141,0.001061,0.31819,-0.43139,0.50397,3.2524,-0.14791,-9.2156,-0.001891,0.018317,0.009229,-0.50167,0.26017,0.49588,0.48298,0.30861,9.6757,-0.00072,0.010175,-0.005564,-0.36143,-0.2471,-0.61472
-0.61594,-9.7475,-0.71797,-0.010145,-0.009858,0.009564,0.20472,0.72547,0.3436,0.10247,9.7838,0.62352,-0.005909,-0.017835,-0.009862,0.14553,-0.61976,-0.14082,-0.98165,3.2036,-9.2269,0.007339,-0.00837,0.000193,0.31652,-0.43302,0.50358,3.2521,-0.18554,-9.2456,0.00164,0.010399,0.011055,-0.50275,0.26032,0.49676,0.47549,0.32361,9.7054,-0.002636,-0.00438,0.005396,-0.36142,-0.24512,-0.61495
-0.5859,-9.718,-0.68108,-0.008544,-0.030124,-0.018799,0.20386,0.72787,0.34433,0.10489,9.7837,0.61624,-0.006136,-0.001154,0.0025,0.1469,-0.62038,-0.13958,-0.97685,3.1697,-9.2103,-0.011647,-0.007595,0.011655,0.31755,-0.4335,0.50387,3.2296,-0.19301,-9.2611,-0.008141,0.002454,0.011994,-0.50169,0.26054,0.49549,0.45303,0.30852,9.6901,0.001806,0.003589,0.008959,-0.36279,-0.24604,-0.61528
-0.59357,-9.7624,-0.6882,-0.019255,-0.016899,0.004074,0.20435,0.72644,0.3454,0.082801,9.7547,0.6211,-0.00789,-0.002889,-0.001033,0.14573,-0.62063,-0.13939,-0.94261,3.2329,-9.2209,6.2e-05,-0.003928,0.007249,0.31792,-0.43231,0.50355,3.2523,-0.15554,-9.2456,0.003708,0.002488,-0.001249,-0.50181,0.25953,0.49614,0.46051,0.3085,9.6753,0.002805,0.005527,0.001704,-0.3623,-0.24684,-0.61581
-0.59347,-9.7475,-0.67337,-0.004783,-0.020588,0.004038,0.20345,0.72656,0.34448,0.09513,9.7741,0.63081,0.001049,-0.002892,0.000672,0.14483,-0.61933,-0.13954,-0.96213,3.228,-9.2017,0.004584,-0.009336,0.003727,0.31611,-0.43239,0.50282,3.2521,-0.17804,-9.2456,-0.003684,0.005991,0.011084,-0.50222,0.26004,0.49625,0.46049,0.32347,9.6828,-0.007996,-0.005188,0.001803,-0.36289,-0.2459,-0.61488
-0.60845,-9.7475,-0.70311,0.010627,-0.017105,0.004032,0.20399,0.72735,0.34446,0.080369,9.7571,0.62351,-0.016952,-0.003009,0.01149,0.14611,-0.62077,-0.13963,-1.0085,3.206,-9.1881,-0.002491,-0.001038,0.001041,0.31714,-0.43313,0.50323,3.2371,-0.19298,-9.2459,-0.001631,-0.022175,0.000696,-0.50276,0.25992,0.49662,0.46051,0.32354,9.7052,-0.013544,-0.011662,0.012714,-0.36209,-0.24723,-0.61461
-0.63082,-9.7474,-0.7104,-0.001134,-0.013418,0.002242,0.20448,0.72724,0.34553,0.1001,9.7863,0.64051,-0.006944,-0.001057,-0.008165,0.14601,-0.62056,-0.14146,-0.97673,3.2352,-9.2165,0.027082,0.006136,-0.004232,0.31804,-0.43218,0.50343,3.2745,-0.18562,-9.2452,0.003096,-0.018622,-0.012567,-0.50186,0.26088,0.49442,0.47549,0.32361,9.7054,0.002734,-0.00537,0.009007,-0.36228,-0.2467,-0.61554
-0.62332,-9.7327,-0.71801,0.00242,-0.022331,-0.003275,0.20336,0.72647,0.34598,0.11959,9.7717,0.62854,0.003677,-0.001174,0.00598,0.14585,-0.61973,-0.13975,-1.0012,3.1744,-9.2301,0.016135,-0.002246,0.00637,0.31726,-0.43195,0.50314,3.2522,-0.17801,-9.2381,-0.019625,0.013895,0.007499,-0.50176,0.25996,0.4972,0.47548,0.32356,9.6905,-0.000727,0.002967,-0.003703,-0.36272,-0.24669,-0.61422
-0.60835,-9.718,-0.71822,0.007915,-0.017104,0.005858,0.20397,0.72736,0.34487,0.10986,9.7838,0.63572,-0.007852,-0.018876,0.007945,0.14659,-0.62118,-0.14039,-0.98657,3.1866,-9.2077,0.005439,-0.005762,0.005485,0.31775,-0.43256,0.50518,3.2374,-0.14798,-9.2459,-0.008072,0.021825,0.007438,-0.50156,0.259,0.49575,0.46052,0.30855,9.6903,-0.000818,0.000126,0.003558,-0.3624,-0.2467,-0.61528
-0.60852,-9.7477,-0.73295,-0.020247,-0.020258,-0.012356,0.20434,0.72724,0.34554,0.10979,9.7741,0.62361,-0.000727,-0.004667,0.000698,0.14549,-0.61945,-0.13938,-0.97194,3.194,-9.2025,0.014622,0.008109,-0.006011,0.31693,-0.43261,0.50412,3.2373,-0.16298,-9.2459,-0.005343,0.005985,0.005787,-0.50221,0.25954,0.49652,0.46799,0.32353,9.6904,-0.002571,-0.008791,0.001811,-0.36254,-0.2471,-0.61529
-0.59356,-9.7477,-0.71068,0.006048,-0.015077,-0.011458,0.2039,0.72699,0.3461,0.092702,9.7814,0.63076,-0.005162,-0.017086,0.006132,0.14685,-0.62132,-0.14038,-0.97189,3.2085,-9.2218,0.002085,-0.003659,-0.004236,0.31668,-0.4317,0.50413,3.2521,-0.19304,-9.2456,-0.007282,0.005985,0.012852,-0.50135,0.25996,0.49709,0.44554,0.30848,9.69,0.001971,0.001137,-0.00278,-0.36159,-0.2475,-0.615
-0.60852,-9.7477,-0.73295,0.01062,-0.0262,0.014936,0.20486,0.72672,0.34606,0.10501,9.7911,0.64051,0.002934,-0.007246,-0.006435,0.146,-0.62121,-0.1416,-0.96702,3.2183,-9.202,0.010783,-0.001273,0.006367,0.31756,-0.43245,0.50403,3.2447,-0.17801,-9.2458,-0.003461,0.009515,0.000471,-0.50124,0.2593,0.4967,0.45302,0.32351,9.705,-0.000854,0.002777,0.005354,-0.36326,-0.24549,-0.61449
-0.59347,-9.7328,-0.70332,0.000606,-0.022304,-0.004186,0.20483,0.72687,0.34661,0.090211,9.762,0.63326,-0.005898,-0.011584,-0.017008,0.14591,-0.61964,-0.14105,-0.98165,3.206,-9.2171,-0.002391,0.012703,-0.002511,0.31868,-0.43176,0.5036,3.267,-0.19316,-9.2603,-0.00371,-0.001044,0.0129,-0.5038,0.25921,0.49525,0.4605,0.32349,9.6902,-0.00077,-0.003404,0.000869,-0.3626,-0.24788,-0.61424
-0.62328,-9.7326,-0.70309,0.00798,-0.002737,0.003187,0.20303,0.72828,0.34464,0.09265,9.7692,0.62596,0.015472,-0.009897,-0.004745,0.14472,-0.62002,-0.14126,-0.97682,3.1794,-9.2175,-0.002547,0.010703,0.004562,0.31775,-0.43217,0.50519,3.2672,-0.16309,-9.2453,-0.012339,0.005114,0.000497,-0.50208,0.25992,0.49639,0.46799,0.32353,9.6904,0.004798,-0.001389,-0.01092,-0.36228,-0.24669,-0.61368
-0.60855,-9.7624,-0.71793,0.000617,-0.02234,-0.001449,0.20415,0.72674,0.3465,0.090247,9.7717,0.63565,0.002814,0.005988,-0.003837,0.14594,-0.62066,-0.14042,-0.97679,3.1988,-9.2122,-0.010396,0.005542,-0.00427,0.31714,-0.43167,0.50568,3.2597,-0.163,-9.2304,-0.000742,0.012168,-0.002197,-0.50142,0.25938,0.49563,0.46798,0.3235,9.6829,-0.002537,-0.011443,1.9e-05,-0.3609,-0.24698,-0.61484
-0.59361,-9.7478,-0.73306,0.000645,-0.022437,0.006756,0.20358,0.72722,0.34448,0.10983,9.7911,0.62353,-0.006136,0.004188,-0.001975,0.14559,-0.62096,-0.14201,-0.97191,3.1988,-9.2293,0.002182,-0.000818,-0.008657,0.31696,-0.43221,0.50464,3.2447,-0.17798,-9.2383,-0.016152,0.017415,0.011004,-0.50241,0.25884,0.49531,0.47548,0.31607,9.683,-0.002773,0.010708,0.012531,-0.36232,-0.24656,-0.61421
-0.62355,-9.7919,-0.7027,0.006014,-0.020431,-0.014212,0.20337,0.7266,0.34585,0.09511,9.7668,0.63084,-0.017783,-0.001166,0.002597,0.14674,-0.62014,-0.14024,-0.97194,3.1745,-9.2321,0.016278,-0.005691,-0.00068,0.31682,-0.43078,0.50442,3.2371,-0.19307,-9.2685,-0.008786,0.005985,0.000497,-0.50185,0.25924,0.49534,0.4605,0.316,9.6828,0.002913,-0.00691,-0.003639,-0.36244,-0.24616,-0.61407
-0.62343,-9.7475,-0.73284,0.00975,-0.002614,-0.006848,0.20371,0.72762,0.34461,0.10985,9.7717,0.64063,-0.01078,0.005804,0.014953,0.1449,-0.62013,-0.14047,-0.98651,3.2182,-9.2072,0.022419,-0.002243,0.004611,0.31811,-0.43177,0.50497,3.2521,-0.17804,-9.2456,0.003663,0.002486,0.00052,-0.50241,0.25973,0.49505,0.47549,0.30857,9.6756,0.001855,0.005461,0.005318,-0.36171,-0.2471,-0.615
-0.60832,-9.7326,-0.68082,0.007796,-0.027636,-0.012424,0.204,0.7276,0.34419,0.10001,9.762,0.63575,0.014485,0.002474,-0.0048,0.14616,-0.62042,-0.14119,-0.96953,3.1599,-9.2324,0.034404,0.012669,-0.013059,0.31694,-0.43115,0.5067,3.2371,-0.19298,-9.2459,-0.003592,0.005987,0.006676,-0.50194,0.26005,0.49627,0.4605,0.32352,9.6977,0.011876,-0.003431,-6.6e-05,-0.36329,-0.24629,-0.61477
-0.59344,-9.7254,-0.70336,0.020534,-0.024281,-0.000574,0.20374,0.72826,0.34407,0.11234,9.7839,0.64302,-0.007887,-0.001107,-0.002819,0.14589,-0.62017,-0.14146,-0.95733,3.1697,-9.232,0.007244,-0.005747,0.004614,0.31714,-0.42984,0.50573,3.2521,-0.1856,-9.2606,-5.5e-05,0.009519,0.007531,-0.50182,0.2599,0.49574,0.47548,0.32356,9.6905,-0.018844,-0.015973,0.005513,-0.36076,-0.24673,-0.61656
-0.60094,-9.7843,-0.61338,-0.003785,-0.002665,0.002295,0.20168,0.72803,0.34442,0.085403,9.7766,0.64532,-0.003409,-0.008211,0.002513,0.14667,-0.62108,-0.1413,-0.94275,3.1479,-9.2322,0.017079,-0.000344,0.003737,0.31603,-0.43092,0.50628,3.2672,-0.16309,-9.2453,-0.003664,0.018323,0.00923,-0.50102,0.25975,0.49499,0.47548,0.32359,9.698,0.001033,-0.007009,0.001786,-0.36283,-0.2471,-0.61557
-0.63068,-9.6883,-0.76302,0.006244,0.006126,0.013255,0.20416,0.72707,0.34391,0.090319,9.7911,0.64042,-0.003419,-0.002887,-0.000184,0.14542,-0.61994,-0.14291,-0.94268,3.1868,-9.2364,0.009193,0.003521,-0.002466,0.31617,-0.43013,0.50656,3.2372,-0.17798,-9.2459,0.002902,-0.004561,-0.004724,-0.50169,0.25938,0.49575,0.45303,0.30852,9.6901,-0.002662,0.009075,0.004411,-0.36278,-0.24749,-0.61491
-0.62352,-9.7918,-0.68778,0.020614,-0.00814,-0.002323,0.20271,0.72837,0.34302,0.095142,9.7717,0.63568,-0.01062,-0.001155,0.002537,0.14552,-0.62093,-0.14097,-0.97931,3.1551,-9.2106,0.011084,0.00727,-0.007778,0.31667,-0.43064,0.50644,3.2523,-0.148,-9.2381,-0.001591,0.004242,-0.003028,-0.50167,0.26017,0.49588,0.46051,0.31602,9.6903,0.004684,0.003839,-0.003716,-0.36239,-0.24695,-0.61328
-0.60841,-9.7548,-0.67321,0.014161,-0.024122,-0.010593,0.20378,0.72837,0.34325,0.095091,9.7668,0.62598,-0.015014,-0.008202,-0.000945,0.14619,-0.61924,-0.1409,-0.99151,3.1185,-9.2579,0.019928,0.001634,-0.004223,0.31772,-0.43059,0.50726,3.2598,-0.14806,-9.2454,-0.009752,0.009513,0.003994,-0.5018,0.25864,0.4968,0.46051,0.32354,9.7052,0.006494,-0.015062,2.5e-05,-0.36164,-0.24751,-0.61581
-0.59357,-9.7624,-0.6882,0.009696,-0.017007,-0.003262,0.20327,0.72889,0.34272,0.092746,9.7694,0.65026,0.004564,0.002395,0.003283,0.14494,-0.62011,-0.13968,-0.97201,3.1259,-9.2501,0.012823,-0.00098,-0.005988,0.31707,-0.42853,0.50691,3.2373,-0.15548,-9.2459,0.008621,0.002475,0.018164,-0.50266,0.26002,0.4957,0.4605,0.32349,9.6902,0.004537,1.4e-05,0.008069,-0.36177,-0.24698,-0.6158
-0.5859,-9.7253,-0.66611,0.006945,-0.019608,-0.008742,0.20369,0.72901,0.34243,0.10001,9.7668,0.63087,-0.00614,0.000631,0.000714,0.14532,-0.61986,-0.13992,-0.93782,3.1942,-9.2019,0.016443,0.009062,-0.007768,0.31725,-0.42826,0.50794,3.2522,-0.1705,-9.2381,-0.003403,0.020084,-0.003134,-0.50138,0.26056,0.49603,0.453,0.33848,9.7125,0.009154,0.000163,-7.9e-05,-0.36245,-0.24644,-0.61608
-0.57866,-9.7772,-0.65837,0.000712,-0.002597,-0.004099,0.20256,0.72865,0.3433,0.10498,9.7766,0.64544,-0.009749,-0.001178,0.005199,0.14566,-0.61937,-0.14093,-0.93297,3.1674,-9.2317,0.019561,0.004845,0.013445,0.3167,-0.4288,0.50713,3.2222,-0.19286,-9.2312,-0.015924,0.014769,0.000438,-0.50163,0.26072,0.49681,0.45299,0.3234,9.6752,0.005485,-0.001729,0.005368,-0.3625,-0.24762,-0.61463
-0.60837,-9.7474,-0.67326,0.020572,-0.019848,0.002184,0.20317,0.72887,0.34191,0.10497,9.7718,0.64546,0.008133,-0.001177,0.00772,0.14511,-0.61938,-0.14149,-0.95251,3.1382,-9.2325,0.026894,-0.011323,0.002886,0.31732,-0.42931,0.50677,3.2373,-0.16301,-9.2534,-0.005341,0.005986,0.005787,-0.50152,0.25954,0.49642,0.45299,0.3234,9.6752,-0.009929,0.005424,0.008976,-0.36088,-0.24698,-0.61457
-0.60841,-9.821,-0.55339,0.00973,-0.020752,0.005852,0.20342,0.72888,0.34231,0.090227,9.7644,0.63568,-0.00624,0.002317,0.010486,0.14638,-0.62038,-0.13961,-0.97695,3.0895,-9.2484,0.017981,-0.002165,0.002855,0.31706,-0.42799,0.50907,3.2374,-0.14798,-9.2459,-0.011495,0.011261,0.002217,-0.50041,0.25994,0.49634,0.47547,0.33103,9.6905,-0.001765,-0.000836,0.007179,-0.36098,-0.24831,-0.61567
-0.56354,-9.674,-0.76362,0.006101,-0.006147,-0.006868,0.20287,0.72889,0.34247,0.08539,9.7718,0.64534,-0.013265,-0.007341,0.002591,0.14569,-0.62117,-0.14018,-0.9477,3.1018,-9.2404,0.014313,0.006837,0.008138,0.31693,-0.42839,0.50906,3.2374,-0.14785,-9.2159,0.008754,-0.001043,0.012012,-0.5006,0.25848,0.49553,0.46052,0.31607,9.7052,-0.005432,0.0126,0.008009,-0.36221,-0.24698,-0.61635
-0.61585,-9.7768,-0.62824,-0.003768,-0.00455,0.009583,0.20313,0.72916,0.34273,0.095111,9.7741,0.62595,0.00107,-0.009994,0.004266,0.14593,-0.61989,-0.14067,-0.94036,3.1115,-9.2474,-0.001611,-0.005578,0.001081,0.31632,-0.42856,0.50699,3.2523,-0.15547,-9.2306,-0.010592,-0.000174,0.002299,-0.50115,0.25912,0.49551,0.45298,0.33087,9.6751,0.004491,-0.003666,0.01262,-0.36187,-0.24616,-0.61365
-0.59347,-9.7402,-0.68834,-0.012039,-0.013211,-0.007777,0.20341,0.72796,0.34258,0.080414,9.7668,0.62832,-0.014152,-0.00467,-8.5e-05,0.1454,-0.61963,-0.14095,-0.95253,3.126,-9.2376,0.002781,-0.002071,0.004607,0.31727,-0.4289,0.5083,3.2073,-0.18536,-9.2465,-0.013646,0.011233,0.018991,-0.50154,0.26003,0.49576,0.4455,0.33089,9.69,0.000883,-0.001843,0.011715,-0.36192,-0.2467,-0.6142
-0.60849,-9.777,-0.6656,-0.006551,-0.015251,0.007715,0.20256,0.73036,0.34317,0.095129,9.7669,0.6357,0.002891,-0.008177,-0.001093,0.14619,-0.61976,-0.14065,-0.96958,3.143,-9.218,0.014579,0.008061,-0.004239,0.31701,-0.428,0.50818,3.2372,-0.17792,-9.2309,-0.009121,0.018298,0.014528,-0.50239,0.26001,0.49545,0.43051,0.33832,9.6972,-0.002718,-0.001815,0.010827,-0.36207,-0.24591,-0.61459
-0.6084,-9.7327,-0.71066,0.015172,-0.004434,-0.007776,0.20253,0.72853,0.34371,0.087838,9.779,0.64046,0.001173,-0.011664,-0.006398,0.14693,-0.62056,-0.14141,-0.95736,3.1551,-9.2323,0.011936,0.001765,-0.005993,0.31711,-0.42761,0.50769,3.2522,-0.16304,-9.2456,-0.006785,-0.000162,-0.009171,-0.50061,0.25937,0.495,0.4605,0.32349,9.6902,0.00119,-0.010378,-0.009039,-0.36216,-0.24828,-0.61357
-0.60091,-9.7622,-0.64337,0.002406,-0.024093,-0.006928,0.20383,0.72914,0.34229,0.087761,9.7717,0.62592,-0.000797,0.00061,0.004224,0.14621,-0.62014,-0.14039,-0.9671,3.1673,-9.2175,0.005578,0.001679,-0.000705,0.31614,-0.42738,0.50841,3.2672,-0.16303,-9.2303,0.00175,0.01393,0.005732,-0.50101,0.26104,0.49472,0.47547,0.33855,9.7054,0.001858,0.001877,0.005344,-0.3621,-0.24842,-0.6145
-0.60835,-9.7474,-0.6658,0.020709,0.001567,0.009573,0.20239,0.73084,0.34127,0.092723,9.7717,0.64296,-0.006189,0.000589,0.006048,0.14557,-0.62013,-0.14004,-0.9525,3.1503,-9.22,0.017881,0.003171,0.008143,0.31537,-0.42715,0.50838,3.2522,-0.17797,-9.2306,0.005532,-0.008073,-0.002935,-0.50114,0.25977,0.49551,0.46047,0.33843,9.6902,-0.006073,-0.004114,-0.007253,-0.3619,-0.24684,-0.6158
-0.62322,-9.7472,-0.65076,0.018796,-0.019042,0.009489,0.20294,0.72859,0.34123,0.090224,9.7668,0.63324,-0.004293,-0.007317,0.000739,0.14687,-0.61884,-0.14033,-0.96723,3.0628,-9.2682,0.016249,0.008811,0.001069,0.31661,-0.42815,0.50778,3.2522,-0.17801,-9.2381,-0.018003,0.00421,0.015508,-0.50225,0.25938,0.49585,0.46048,0.33096,9.6902,0.009998,0.005464,0.003497,-0.36279,-0.2467,-0.61516
-0.61575,-9.7472,-0.64336,-0.003032,-0.022219,-0.010559,0.20192,0.72929,0.34237,0.095156,9.7766,0.63566,-0.007846,-0.004624,-0.004581,0.14656,-0.61977,-0.14115,-0.95259,3.092,-9.2431,0.011889,0.001718,-0.004219,0.31678,-0.42709,0.5087,3.2374,-0.14794,-9.2384,0.001964,-0.006324,-0.002071,-0.50074,0.26052,0.49474,0.45298,0.3384,9.6901,0.006421,-0.001677,0.002653,-0.36363,-0.24828,-0.61548
-0.62324,-9.7472,-0.65822,-0.022867,-0.016911,0.005907,0.20493,0.72899,0.34211,0.10486,9.7595,0.62608,0.000109,-0.001161,0.00423,0.14666,-0.62031,-0.14168,-0.94768,3.1066,-9.2525,-0.001543,-0.010948,-0.002442,0.31817,-0.42782,0.50863,3.2374,-0.14794,-9.2384,-0.004133,0.009517,-0.009241,-0.50166,0.25916,0.49667,0.47547,0.33855,9.7054,0.011838,0.009122,-0.000156,-0.36053,-0.24578,-0.61374
-0.59354,-9.755,-0.68825,-0.004795,-0.026928,0.009483,0.2025,0.72835,0.34179,0.11475,9.7718,0.64309,0.002952,-0.008117,-0.008204,0.14566,-0.62002,-0.14094,-0.93791,3.1212,-9.2423,0.007183,0.00872,0.008127,0.31727,-0.42825,0.50819,3.2297,-0.17792,-9.2386,-0.005196,0.005986,-0.001268,-0.50168,0.25952,0.49601,0.4605,0.32352,9.6977,0.016432,-0.001581,-0.003708,-0.3621,-0.24645,-0.61673
-0.59352,-9.755,-0.68078,-0.010216,-0.022376,0.006774,0.20205,0.72877,0.34264,0.092713,9.7645,0.64542,0.011798,-0.010876,0.005962,0.14522,-0.62011,-0.13941,-0.95738,3.1357,-9.2473,-0.001659,-0.003833,0.00372,0.31802,-0.4277,0.50799,3.2521,-0.17804,-9.2456,0.003993,0.021862,-0.01638,-0.49914,0.26087,0.4964,0.46046,0.33838,9.6752,0.013463,-0.001978,0.016201,-0.36163,-0.24724,-0.61567
-0.58603,-9.7476,-0.68089,0.00894,0.000727,0.012318,0.20385,0.72847,0.34201,0.10495,9.779,0.63571,-0.006298,0.007593,0.013126,0.14487,-0.62015,-0.14099,-0.94763,3.1382,-9.2422,0.007279,0.008831,0.003707,0.31676,-0.42749,0.50819,3.2522,-0.16304,-9.2456,0.005407,0.002488,0.002282,-0.50094,0.25996,0.49698,0.46051,0.3085,9.6753,0.013533,-0.009074,0.012629,-0.36255,-0.2471,-0.61543
-0.60844,-9.7549,-0.68813,0.006039,-0.022339,-0.005103,0.20246,0.72823,0.34262,0.090196,9.7741,0.62106,-0.002529,-0.011797,0.007861,0.14569,-0.62052,-0.1403,-0.94274,3.1504,-9.237,0.0145,0.001611,-0.000686,0.31604,-0.4266,0.50893,3.2521,-0.17804,-9.2456,0.007331,0.004254,-0.004786,-0.50081,0.26059,0.49645,0.46047,0.33843,9.6902,0.004497,0.005355,0.009843,-0.36246,-0.24656,-0.61435
-0.60092,-9.7475,-0.67332,0.01334,-0.017107,0.002205,0.20283,0.72871,0.34069,0.085361,9.7717,0.63805,0.000191,-0.007301,-0.000188,0.14609,-0.62039,-0.14014,-0.96716,3.126,-9.2231,0.004478,-0.009457,0.008152,0.31704,-0.42826,0.50869,3.2672,-0.16309,-9.2453,-0.015769,-0.001049,-0.004754,-0.50087,0.2599,0.49539,0.45298,0.3384,9.6901,0.004564,-0.008951,0.008133,-0.36357,-0.24655,-0.61492
-0.6084,-9.7622,-0.65824,-0.012977,-0.01856,-0.010531,0.20242,0.72944,0.34317,0.082933,9.7717,0.6429,-0.007798,-0.006349,-0.00902,0.14619,-0.61963,-0.14078,-0.95256,3.1066,-9.2477,0.012457,0.006758,0.011667,0.31648,-0.4292,0.50762,3.2597,-0.15553,-9.2379,0.001895,-0.001033,0.00054,-0.50336,0.2609,0.49528,0.46052,0.30855,9.6903,-0.002548,0.003847,-0.002794,-0.36162,-0.24683,-0.61379
-0.62333,-9.7621,-0.66559,0.009685,-0.026088,0.004911,0.20398,0.72834,0.34214,0.082872,9.7668,0.63077,0.011779,-0.001108,0.000573,0.14599,-0.62063,-0.1395,-0.93547,3.1212,-9.2521,-0.005206,-0.000134,0.002833,0.31715,-0.42747,0.50833,3.2373,-0.16292,-9.2309,-0.001648,0.011275,-0.001308,-0.50152,0.25891,0.49681,0.47546,0.33853,9.6979,-0.011677,0.00553,0.004448,-0.36271,-0.24895,-0.61547
-0.5636,-9.7477,-0.65121,0.013309,-0.020642,-0.00146,0.20357,0.72848,0.34216,0.090298,9.7766,0.64535,-0.004215,-0.001004,-0.013523,0.1469,-0.61987,-0.1397,-0.95258,3.0993,-9.2307,0.00745,-0.008202,-0.005971,0.31732,-0.42824,0.50921,3.2372,-0.17792,-9.2309,-0.011565,0.011258,0.004871,-0.50195,0.26055,0.49574,0.4605,0.32349,9.6902,0.001823,-0.001787,0.008992,-0.36285,-0.24774,-0.61398
-0.58594,-9.7475,-0.64358,-0.004773,-0.015146,-0.001409,0.203,0.72823,0.34259,0.092746,9.7766,0.64537,0.007456,-0.000958,-0.017176,0.14527,-0.62079,-0.14072,-0.94284,3.0799,-9.2602,-0.003355,-0.001882,-0.000692,0.31705,-0.42656,0.50886,3.2373,-0.17045,-9.2384,-6.3e-05,0.012152,0.007511,-0.50165,0.25955,0.49681,0.44551,0.32342,9.69,-0.013549,0.007228,0.008977,-0.36295,-0.24736,-0.61544
-0.62333,-9.7621,-0.66559,-0.026467,-0.009668,0.002295,0.20328,0.72809,0.34258,0.085313,9.7717,0.6259,0.004644,-0.004654,0.00065,0.14553,-0.62119,-0.14071,-0.93788,3.1358,-9.2568,-0.003581,-0.010338,0.009919,0.31785,-0.42678,0.50966,3.2522,-0.16304,-9.2456,-0.000592,0.016571,-0.009288,-0.50059,0.25926,0.49553,0.46048,0.32344,9.6753,0.00451,-0.001834,0.010795,-0.36253,-0.24748,-0.6133
-0.60843,-9.7769,-0.64322,0.011482,-0.022402,-0.004196,0.20149,0.72931,0.34293,0.080456,9.7717,0.63559,-0.003395,-0.00998,0.002522,0.14538,-0.6199,-0.14122,-0.98178,3.1161,-9.2529,0.014555,0.001661,-0.003343,0.31734,-0.42771,0.50973,3.2598,-0.1555,-9.2304,-0.001355,0.020097,-0.01549,-0.50227,0.26,0.49506,0.4605,0.32349,9.6902,-0.002604,0.001962,0.001742,-0.36171,-0.2471,-0.615
-0.60089,-9.7327,-0.68834,-0.010248,-0.018626,-0.005978,0.20379,0.7285,0.34311,0.090247,9.7717,0.63565,0.009965,-0.010925,0.011311,0.1461,-0.62013,-0.14001,-0.94032,3.1407,-9.2371,-0.003459,-0.000194,0.004598,0.31688,-0.42827,0.50804,3.2596,-0.17807,-9.2455,-0.008683,0.011279,-0.004836,-0.50164,0.25956,0.49694,0.4605,0.32349,9.6902,0.00119,-0.010378,-0.009039,-0.36233,-0.24843,-0.61584
-0.59341,-9.7842,-0.58359,0.007822,-0.027708,-0.008772,0.20314,0.72849,0.34245,0.095095,9.7717,0.62353,0.011764,-0.002911,0.00414,0.14513,-0.62093,-0.14086,-0.95006,3.1308,-9.2717,-0.014056,-0.007253,-0.0007,0.31755,-0.42758,0.50886,3.2373,-0.16301,-9.2534,-0.005577,0.0095,0.016351,-0.50275,0.26108,0.4965,0.45302,0.30846,9.6752,0.007309,9.3e-05,0.003542,-0.36239,-0.2467,-0.61515
-0.60869,-9.7773,-0.74768,-0.017309,0.002678,0.015098,0.2031,0.72798,0.34327,0.090208,9.7572,0.63572,-0.006875,-0.017895,-0.002738,0.14488,-0.62092,-0.14061,-0.93296,3.1698,-9.2414,-0.0194,-0.000829,-0.000719,0.31731,-0.42813,0.50655,3.2373,-0.16292,-9.2309,0.003675,-0.004563,0.000568,-0.50219,0.26135,0.49652,0.46051,0.32354,9.7052,-0.006231,-0.001645,0.003584,-0.36167,-0.24672,-0.61633
-0.6535,-9.8066,-0.73223,0.006119,-0.018966,0.011331,0.20368,0.72875,0.34257,0.070565,9.7523,0.62347,0.008266,-0.006384,-0.002928,0.14558,-0.6209,-0.13979,-0.98174,3.1404,-9.2402,-0.001518,0.003595,-0.002485,0.31709,-0.42723,0.5072,3.2672,-0.16303,-9.2303,0.009297,0.00603,-0.013625,-0.50136,0.25982,0.49682,0.47548,0.32356,9.6905,-0.004456,0.0019,0.005358,-0.36211,-0.24723,-0.61488
-0.63067,-9.7618,-0.62076,0.007919,-0.009816,-0.005958,0.20408,0.72836,0.34282,0.10975,9.774,0.61389,-0.000837,0.006789,0.004194,0.14676,-0.61948,-0.13996,-1.0013,3.099,-9.2584,-0.001671,0.002492,0.004581,0.31713,-0.42761,0.50795,3.2523,-0.15554,-9.2456,-0.009046,0.02535,0.010944,-0.50283,0.25947,0.49503,0.46051,0.32354,9.7052,-0.002513,0.003007,-0.005501,-0.36144,-0.24856,-0.61462
-0.59323,-9.7104,-0.64377,0.011556,-0.010801,0.00041,0.20221,0.72954,0.34209,0.095181,9.7718,0.6454,0.003048,-0.015136,-0.013506,0.14653,-0.61985,-0.13933,-0.96718,3.1114,-9.2332,-0.008809,0.005298,0.004575,0.31889,-0.42832,0.50777,3.2523,-0.1481,-9.2606,0.005518,0.009534,-0.003065,-0.49953,0.25987,0.49757,0.46799,0.33105,9.7053,-0.015315,0.001901,0.007198,-0.36248,-0.24656,-0.61461
-0.5934,-9.7327,-0.67347,-0.006581,-0.017885,0.004052,0.20331,0.72887,0.3419,0.09502,9.7619,0.61142,-0.002696,0.004052,0.014005,0.14591,-0.61944,-0.1387,-0.93784,3.1747,-9.2218,-0.028481,-0.005483,0.006343,0.3178,-0.42864,0.50631,3.2522,-0.18541,-9.2156,0.005384,0.006887,0.002257,-0.50071,0.25928,0.49606,0.4605,0.32349,9.6902,0.006438,-0.003448,0.001756,-0.3622,-0.24696,-0.61435
-0.59345,-9.7769,-0.61348,-0.0139,-0.02578,-0.006911,0.2018,0.72929,0.34224,0.097597,9.7814,0.63079,-0.006205,-0.002995,0.011402,0.14592,-0.62067,-0.14068,-0.90858,3.1772,-9.2311,-0.006266,-0.016667,0.009933,0.31786,-0.42758,0.50735,3.1924,-0.18518,-9.2168,0.006196,0.018301,0.004827,-0.50252,0.25976,0.49571,0.46047,0.34593,9.6976,-0.002716,-0.001806,0.010813,-0.36252,-0.2467,-0.61515
-0.6083,-9.7546,-0.62844,-0.007414,-0.006268,0.005931,0.20307,0.7278,0.34136,0.082917,9.7766,0.63558,-0.000659,-0.003697,-0.008204,0.14688,-0.62065,-0.13998,-0.94764,3.1406,-9.2275,-0.014201,0.001668,0.006346,0.31707,-0.42918,0.50689,3.2522,-0.16297,-9.2306,-0.01858,0.01302,0.000443,-0.50177,0.26033,0.4968,0.4605,0.32349,9.6902,-0.000813,0.010937,0.000773,-0.36306,-0.24603,-0.61529
-0.63798,-9.7027,-0.67333,0.006102,-0.007972,-0.007775,0.20434,0.72783,0.34295,0.09258,9.7716,0.6065,-0.000868,0.01121,0.004168,0.14568,-0.62118,-0.14031,-0.99642,3.1112,-9.2385,0.000928,0.002384,0.008117,0.31696,-0.42905,0.50726,3.2822,-0.15559,-9.23,-0.002166,0.002479,0.023457,-0.50266,0.25963,0.4957,0.46051,0.32354,9.7052,-0.012573,-0.001659,0.005409,-0.36243,-0.24737,-0.61556
-0.63797,-9.688,-0.69581,-0.049958,-0.008786,0.01692,0.20384,0.72781,0.34215,0.090215,9.7741,0.62592,0.004598,-0.004701,0.005986,0.14577,-0.62009,-0.13872,-0.97201,3.1381,-9.2279,-0.009002,-0.002207,0.013418,0.31846,-0.42965,0.50669,3.2523,-0.14797,-9.2306,0.001998,0.006008,-0.004804,-0.50182,0.26003,0.49574,0.46801,0.30859,9.6904,-0.002593,-0.00162,0.001762,-0.36115,-0.24802,-0.6126
-0.63073,-9.7914,-0.59072,-0.004789,-0.015092,-0.007785,0.20366,0.72797,0.34297,0.080398,9.7644,0.6259,-0.009685,-0.010905,0.006137,0.14528,-0.6204,-0.14058,-0.96956,3.1502,-9.2252,-0.013914,-0.007071,-0.007774,0.31667,-0.43012,0.50646,3.2523,-0.15547,-9.2306,-0.00027,0.00071,0.018176,-0.5014,0.26042,0.49563,0.4605,0.32349,9.6902,0.00095,-0.003539,0.007197,-0.36281,-0.24723,-0.6153
-0.63836,-9.7622,-0.71771,-0.01556,-0.000771,0.002317,0.2043,0.72732,0.34376,0.099932,9.7716,0.60898,-0.008776,-0.001112,-0.002813,0.14622,-0.61987,-0.14013,-0.95729,3.2038,-9.2094,-0.020411,-0.00551,0.004578,0.31726,-0.43075,0.50558,3.2297,-0.17792,-9.2386,-0.004449,0.010384,0.004878,-0.50172,0.25962,0.49508,0.47545,0.33098,9.6755,-0.012657,-0.003596,0.012651,-0.36189,-0.24697,-0.61554
-0.60841,-9.7475,-0.68818,0.000583,-0.026782,-0.005115,0.20446,0.7281,0.34335,0.095053,9.7668,0.61626,-0.000708,-0.002867,-0.00287,0.14592,-0.62145,-0.14057,-0.9769,3.1308,-9.2281,-0.019532,-0.009168,0.004588,0.31741,-0.42944,0.50601,3.2522,-0.16297,-9.2306,0.010674,0.016576,0.00395,-0.50223,0.26016,0.49585,0.46048,0.33094,9.6827,-0.009771,0.009269,-0.003716,-0.36347,-0.24669,-0.61531
-0.6383,-9.7327,-0.74775,-0.011927,-0.011775,0.020502,0.20441,0.7276,0.34417,0.090283,9.7814,0.63804,0.000977,0.000599,0.005987,0.14688,-0.62091,-0.13985,-0.928,3.233,-9.2158,-0.003621,0.008684,0.013405,0.31792,-0.43033,0.50601,3.2373,-0.16298,-9.2459,-0.005474,0.004221,0.011976,-0.50226,0.26077,0.49493,0.46799,0.32353,9.6904,-0.007867,0.000413,-0.009092,-0.363,-0.24642,-0.6145
-0.60848,-9.7476,-0.71803,-0.00487,-0.031241,-0.003304,0.20397,0.72834,0.34228,0.092636,9.7571,0.63087,-0.006027,-0.009934,-0.003677,0.14552,-0.62015,-0.14095,-0.9622,3.1746,-9.2271,-0.006892,-1.1e-05,-0.001598,0.31802,-0.43033,0.50551,3.2373,-0.16292,-9.2309,0.016477,-0.000136,-0.016228,-0.50127,0.2585,0.49629,0.47545,0.3385,9.6904,0.002891,0.000265,-0.003693,-0.36142,-0.24644,-0.61471
-0.59346,-9.7549,-0.6584,0.009658,-0.022345,-0.006932,0.20345,0.72728,0.34188,0.080411,9.762,0.63077,-0.000697,-0.007295,-0.00107,0.14622,-0.62039,-0.14001,-0.99631,3.189,-9.2127,-0.022995,-0.00539,0.000149,0.31847,-0.43137,0.50436,3.2597,-0.16306,-9.2455,0.001825,-0.01512,0.005052,-0.50255,0.25974,0.49518,0.44551,0.32342,9.69,0.011915,-0.00788,-0.001839,-0.36199,-0.24618,-0.61526
-0.62339,-9.7843,-0.65052,-0.001117,-0.011642,0.002253,0.20361,0.72945,0.34394,0.090228,9.7717,0.63079,-0.002547,-0.011811,0.00964,0.14544,-0.62,-0.14017,-0.97928,3.1599,-9.2276,-0.002684,-0.005809,0.009896,0.31697,-0.43155,0.50478,3.2523,-0.15554,-9.2456,-0.01051,-0.001051,-0.001225,-0.50074,0.25938,0.49539,0.47548,0.32359,9.698,0.001067,0.002046,-0.002797,-0.36186,-0.24737,-0.61514
-0.62331,-9.7621,-0.65813,0.00335,-0.020586,-0.00144,0.20416,0.72812,0.34378,0.095114,9.7789,0.6235,0.005481,0.005966,-0.001191,0.14623,-0.62155,-0.13977,-0.98665,3.1283,-9.2258,-0.001763,-0.007593,0.008135,0.31816,-0.43254,0.50583,3.2373,-0.17785,-9.2159,-0.00713,0.003341,0.00581,-0.501,0.25862,0.49591,0.4605,0.32349,9.6902,0.001125,0.003029,-0.007319,-0.36079,-0.24685,-0.61523
-0.60832,-9.7326,-0.68082,-0.011117,-0.015097,-0.001401,0.2046,0.72731,0.34321,0.090228,9.7717,0.63079,-0.000691,-0.014414,0.004304,0.14658,-0.62093,-0.14065,-0.96956,3.1503,-9.2203,-0.013381,0.002472,0.00987,0.31775,-0.43022,0.50524,3.2373,-0.16298,-9.2459,0.006546,0.013052,-0.010144,-0.50216,0.25754,0.49519,0.46053,0.30858,9.6977,-0.006122,0.00302,-0.005493,-0.36311,-0.24591,-0.61596
-0.60851,-9.7624,-0.70301,-0.022845,-0.011519,0.005926,0.20375,0.72759,0.34379,0.085294,9.7644,0.62593,0.004776,-0.017872,-0.003726,0.14631,-0.62093,-0.1408,-0.95001,3.177,-9.2367,-0.003513,-0.003904,0.007249,0.318,-0.43151,0.50522,3.2373,-0.16298,-9.2459,-0.008807,0.019188,0.0004,-0.50073,0.25977,0.4954,0.47549,0.32361,9.7054,0.004507,0.005379,0.008931,-0.36235,-0.24815,-0.61437
