8.5983,-2.7917,2.4956,0.46581,-0.036166,-0.055046,-0.36466,0.53168,-0.39767,9.1729,3.0885,0.64007,0.50949,-0.014954,0.14941,-0.50707,-0.23779,-0.45441,7.545,-3.5793,3.0282,0.16332,-0.026021,0.43085,-0.27909,0.6942,-0.067534,-9.7628,1.0011,-2.1399,0.74787,0.30537,-0.44208,0.43871,-0.20507,0.53888,-8.7067,-1.5752,-0.94719,0.27056,-0.098872,-1.6247,0.3696,0.53787,-0.31215
8.6719,-2.9262,2.6445,0.35929,-0.13199,-0.040177,-0.36678,0.52484,-0.40543,9.3391,3.3785,0.80032,0.26633,-0.078244,0.14937,-0.50998,-0.24038,-0.45079,7.4888,-3.6646,3.3539,0.26415,-0.23197,0.31393,-0.26838,0.69671,-0.071905,-9.7964,0.23645,-2.2073,0.51989,-0.049807,-0.19854,0.4378,-0.1877,0.54599,-6.369,-0.78567,-1.3089,0.15457,-0.17756,-1.2561,0.33757,0.55429,-0.32082
8.7312,-2.9124,2.7942,0.23315,-0.15302,-0.00559,-0.36967,0.51978,-0.40738,9.3384,3.0817,1.037,0.13219,-0.12993,0.087924,-0.51332,-0.24695,-0.44662,7.7661,-3.5257,3.5953,0.44404,-0.41086,0.16725,-0.26305,0.69805,-0.077235,-9.5027,1.4054,-1.7601,0.47982,-0.16071,-0.10289,0.43648,-0.17334,0.55144,-5.5839,-1.1601,-2.0883,0.12168,0.087493,-0.81227,0.31074,0.56545,-0.32732
8.634,-2.9856,2.7706,0.2023,-0.16352,-0.000128,-0.37188,0.51549,-0.4093,9.3103,2.8941,1.2352,0.19101,-0.1485,0.000174,-0.51605,-0.24686,-0.44154,7.8288,-3.2251,3.6545,0.4351,-0.44992,-0.002366,-0.26127,0.69545,-0.085532,-9.1804,-0.34708,-1.9317,0.44069,-0.000678,-0.14627,0.44037,-0.16042,0.55386,-5.7573,-1.8764,-2.0558,0.001249,0.3174,-0.32915,0.3019,0.56915,-0.32676
8.7835,-3.023,2.5402,0.11712,-0.19644,-0.024724,-0.37369,0.51272,-0.41095,9.0754,3.1477,1.4147,0.18132,-0.12389,-0.008508,-0.51689,-0.24744,-0.4386,8.009,-3.124,3.6115,0.28057,-0.44746,-0.20561,-0.26373,0.69311,-0.091268,-9.053,-1.891,-1.965,0.27794,-0.16171,-0.26067,0.44542,-0.14882,0.55154,-5.4143,-2.9397,-1.7317,-0.32581,0.41299,0.1172,0.30325,0.57438,-0.31586
9.0893,-2.8853,2.6927,0.001897,-0.083104,-0.066365,-0.37765,0.51082,-0.41042,9.0242,3.1379,1.4386,0.076849,-0.14364,-0.057557,-0.51954,-0.24954,-0.43484,8.1894,-3.2609,3.6655,0.16149,-0.45732,-0.43889,-0.27281,0.68784,-0.090848,-10.042,-0.93064,-1.2508,0.35333,-0.20093,-0.31892,0.45312,-0.13651,0.54908,-7.3847,-8.2966,-0.71892,0.22276,0.55503,0.40916,0.31647,0.56792,-0.31279
9.4919,-2.947,2.5013,-0.1181,-0.087328,-0.18504,-0.38016,0.51026,-0.40772,9.2827,3.3466,1.3683,-0.019182,-0.13431,-0.024634,-0.5196,-0.25013,-0.43136,8.8693,-3.4101,3.72,0.074071,-0.47019,-0.6508,-0.29132,0.6808,-0.089758,-10.011,-1.5944,-2.0596,0.42196,-0.14999,-0.26226,0.45593,-0.1215,0.54867,-9.6353,-9.6923,-2.2619,0.39048,0.49579,0.42568,0.3308,0.55857,-0.31079
9.8798,-3.0305,2.2128,-0.25631,-0.10204,-0.29002,-0.38698,0.50938,-0.40105,9.8237,3.8541,1.182,-0.24888,-0.15915,0.009295,-0.52222,-0.2512,-0.42911,9.8245,-3.6338,3.9119,0.058558,-0.49943,-0.84582,-0.31511,0.6708,-0.084742,-10.518,-0.38782,-2.4236,0.2339,-0.17763,-0.21104,0.46155,-0.11139,0.54651,-9.1592,-4.2448,0.58395,1.438,-0.097229,0.65753,0.34925,0.53414,-0.32927
11.355,-3.1021,2.3354,-0.25959,-0.07566,-0.36204,-0.39623,0.50843,-0.39527,10.644,3.9063,0.88361,-0.42839,-0.1617,-0.033558,-0.5248,-0.24452,-0.42962,10.429,-3.7489,4.099,0.11526,-0.53658,-0.95342,-0.34164,0.65819,-0.08136,-12.087,-1.1264,-1.2092,0.30699,-0.31426,-0.24026,0.46567,-0.10099,0.54377,-6.4572,0.17796,-1.2331,0.28706,0.28701,0.80261,0.36609,0.51223,-0.34822
11.622,-3.378,2.261,-0.28665,-0.046597,-0.34942,-0.40274,0.50707,-0.39019,11.661,3.8931,0.59341,-0.42585,-0.072169,-0.13608,-0.52427,-0.23689,-0.43233,11.273,-3.4936,4.2051,0.10512,-0.55346,-1.0265,-0.36477,0.64483,-0.07791,-12.443,0.055233,-0.82005,0.40028,-0.37225,-0.22186,0.4765,-0.087699,0.53691,-10.84,-5.5033,-0.35899,0.094195,0.44498,0.92213,0.38349,0.49788,-0.34896
11.1,-3.6543,2.0165,-0.359,-0.009982,-0.31327,-0.40939,0.50669,-0.38285,11.543,3.8406,0.43454,-0.20532,0.02253,-0.29037,-0.52222,-0.23567,-0.43585,11.904,-3.045,4.0847,-0.14777,-0.44388,-1.0599,-0.39502,0.62821,-0.070978,-11.376,0.23207,-0.85882,0.44641,-0.41151,-0.14007,0.48718,-0.070866,0.53105,-12.088,-4.0625,-0.65253,0.28375,0.057099,1.0969,0.40691,0.48017,-0.34843
11.447,-2.8264,1.756,-0.35436,0.058922,-0.25423,-0.41463,0.50914,-0.37641,10.97,4.3584,0.61802,-0.34047,-0.081766,-0.49969,-0.5181,-0.23767,-0.43858,10.806,-3.3227,3.6622,-0.37439,-0.41088,-0.92531,-0.42172,0.61215,-0.056034,-11.376,1.8723,-0.42555,0.62167,-0.45293,0.070019,0.49604,-0.060976,0.52361,-8.3473,-1.0429,-1.9853,0.039694,0.085372,1.17,0.4287,0.45843,-0.34992
10.366,-1.777,0.85933,-0.41423,0.065064,-0.19244,-0.41712,0.50973,-0.36825,10.411,4.2871,0.36162,-0.6995,-0.11692,-0.62152,-0.50833,-0.23904,-0.44053,9.8545,-2.4288,3.3512,-0.4417,-0.39895,-0.74096,-0.44765,0.59604,-0.040205,-10.531,3.8895,-1.5059,0.48202,-0.23915,0.28802,0.50203,-0.049393,0.51805,-11.827,-4.2427,-0.70834,0.15887,0.41631,1.0723,0.45964,0.4354,-0.33812
9.474,-1.6481,0.047676,-0.54353,0.061637,-0.21735,-0.42121,0.51482,-0.36019,9.5405,3.944,0.15794,-0.87681,-0.045555,-0.75148,-0.50239,-0.23786,-0.44608,9.1525,-1.861,2.7367,-0.84252,-0.26278,-0.56551,-0.46332,0.58448,-0.018074,-10.259,2.6527,-3.1193,-0.20077,0.073069,0.23245,0.50155,-0.050408,0.51904,-10.084,-1.9615,0.31308,-0.33015,0.17117,0.85755,0.47883,0.41961,-0.32999
9.5355,-1.3073,-0.098852,-0.57051,0.086705,-0.2339,-0.42373,0.51946,-0.3498,8.7573,4.0073,0.1097,-1.0134,-0.007648,-0.8641,-0.49483,-0.23506,-0.45605,8.5782,-2.0395,2.4133,-0.90382,-0.13422,-0.36854,-0.47419,0.57708,0.00551,-11.117,0.87349,-3.4046,-0.83715,-0.059363,0.52761,0.50091,-0.064395,0.51766,-9.3055,-1.6563,-0.43473,-0.15818,-0.007019,0.79768,0.49208,0.40648,-0.3296
9.8624,-1.2821,0.36634,-0.51739,0.19645,-0.26069,-0.42829,0.52222,-0.34067,9.5155,3.7709,-0.11995,-1.0779,0.13073,-0.93921,-0.48372,-0.23208,-0.46745,8.848,-1.7377,2.5368,-0.7219,-0.096851,-0.24451,-0.48194,0.57084,0.026076,-12.598,1.4174,-0.3896,-0.68918,-0.095483,0.82593,0.49685,-0.093332,0.51527,-9.7885,-2.8429,-2.1937,-0.2776,0.173,0.75781,0.50527,0.39421,-0.32618
9.0621,-1.7878,0.61064,-0.46281,0.25076,-0.24725,-0.43012,0.52697,-0.33491,9.7446,3.6801,-0.3959,-1.0531,0.39187,-0.89532,-0.46943,-0.22817,-0.48467,8.5771,-1.5181,2.6658,-0.75041,-0.033179,-0.16852,-0.48813,0.56593,0.043541,-10.807,-0.10302,-0.86952,0.25664,0.14381,1.2032,0.4938,-0.11202,0.51518,-9.3832,-2.0813,-2.6777,-0.61823,0.022011,0.62718,0.51807,0.38731,-0.31649
9.056,-1.3959,0.7922,-0.51387,0.29052,-0.11524,-0.43035,0.53093,-0.32909,9.2526,2.8609,-0.40266,-0.46563,0.59746,-0.92861,-0.447,-0.22454,-0.50369,8.0363,-1.5713,2.7196,-0.71267,-0.03442,-0.096215,-0.49011,0.56173,0.062886,-11.88,-0.22981,-0.25336,0.23016,0.14261,1.1873,0.48237,-0.1386,0.5185,-10.22,-1.6503,-0.92814,0.025117,0.080789,0.74938,0.53189,0.37789,-0.30546
9.0257,-1.1537,1.4202,-0.50302,0.33415,-0.075244,-0.42851,0.53483,-0.32185,9.077,4.0162,-0.70455,-0.28587,0.52708,-0.87699,-0.42616,-0.2332,-0.51698,8.0806,-1.8703,2.8208,-0.62886,-0.000961,-0.094302,-0.4928,0.55784,0.077355,-10.409,-1.3218,0.49746,0.59406,0.16445,1.3831,0.47253,-0.15172,0.52364,-9.3204,-1.1906,-1.1806,-0.10583,-0.14876,0.77849,0.54198,0.36235,-0.30844
8.1083,-1.2431,1.5544,-0.56093,0.36709,-0.039985,-0.42511,0.54201,-0.3175,8.269,3.9011,-0.93596,-0.49482,0.39675,-0.83611,-0.40765,-0.23777,-0.52649,7.8076,-1.8008,2.7739,-0.68904,0.054543,-0.078429,-0.49416,0.55517,0.089563,-9.9189,-0.94403,0.28187,0.76137,0.47654,1.4824,0.46061,-0.15586,0.53307,-9.4492,-1.7483,-1.722,-0.16001,-0.08921,0.80442,0.55246,0.34543,-0.31163
7.6611,-1.2103,1.6482,-0.59559,0.34073,-0.010774,-0.4217,0.55092,-0.31051,7.4336,3.7208,-0.72569,-0.70826,0.13721,-0.80834,-0.39455,-0.23637,-0.53825,7.2107,-1.6811,2.6748,-0.7432,0.098917,-0.007901,-0.49737,0.55293,0.10348,-9.6139,0.35763,-0.52352,0.35754,0.56576,1.4144,0.44069,-0.16874,0.54872,-8.904,-3.1205,-0.88747,-0.097795,-0.25678,0.75956,0.562,0.32838,-0.31536
7.5943,-1.1211,1.708,-0.57435,0.26933,0.024217,-0.41604,0.55775,-0.30381,7.4777,3.6095,-0.76723,-0.93233,-0.10075,-0.76775,-0.38726,-0.22969,-0.54557,7.15,-1.7387,2.494,-0.79495,0.085887,-0.004473,-0.49712,0.55104,0.11864,-9.2124,0.48118,-1.0032,0.078376,0.49561,1.6195,0.41897,-0.18859,0.56002,-8.6488,-2.5224,-1.4118,0.05958,-0.061633,0.72234,0.56862,0.31231,-0.31869
8.1734,-1.5557,1.7842,-0.57843,0.23814,0.095527,-0.41302,0.56736,-0.29417,7.6749,3.2913,-0.63386,-0.91256,-0.21295,-0.66004,-0.38279,-0.222,-0.5543,7.5161,-2.1387,2.5261,-0.77013,0.08038,-0.078578,-0.49841,0.54597,0.13454,-8.5534,-0.076753,-1.4319,-0.18098,0.48158,1.7437,0.39276,-0.2214,0.57039,-9.6804,-1.3222,-1.5007,-0.16638,0.48917,0.73332,0.5791,0.29719,-0.31072
8.7075,-1.7699,2.3986,-0.54234,0.23288,0.10297,-0.4081,0.57597,-0.28618,7.9452,3.2825,-0.33587,-0.71745,-0.25057,-0.48751,-0.38179,-0.21238,-0.5574,8.3648,-2.6673,2.5335,-0.66897,0.059461,-0.13307,-0.50116,0.54098,0.14783,-8.015,-0.12065,-1.181,-0.23441,0.52894,1.7493,0.36344,-0.25145,0.57708,-9.7991,-0.61933,-1.5755,-0.19007,0.74348,1.21,0.59903,0.27619,-0.29674
8.9152,-1.8613,2.6234,-0.47195,0.16394,0.068737,-0.40366,0.58392,-0.27741,8.0537,3.2138,-0.17518,-0.45754,-0.27258,-0.33681,-0.38219,-0.20479,-0.5588,8.8643,-2.8256,2.7296,-0.59489,-0.012861,-0.13125,-0.50346,0.53685,0.16064,-7.0737,-0.10275,-0.98206,-0.12155,0.42792,1.6162,0.33964,-0.27934,0.58325,-9.2918,-1.6291,-1.8236,-0.11068,0.45113,0.75176,0.61506,0.25579,-0.28353
8.8841,-2.0544,2.8009,-0.41079,0.073747,0.05644,-0.40058,0.58984,-0.2692,7.9664,3.4689,0.20199,-0.23789,-0.33122,-0.12994,-0.38868,-0.20052,-0.55822,8.784,-3.0053,2.9954,-0.54104,-0.10365,-0.14202,-0.50537,0.52984,0.17378,-6.3447,0.24663,-1.3653,-0.21036,0.50493,1.292,0.31199,-0.3022,0.58786,-9.2541,-1.5025,-1.7628,-0.084594,-0.059635,0.57369,0.6231,0.23942,-0.27955
8.8551,-1.9206,2.7419,-0.31429,-0.00579,0.058736,-0.39911,0.59553,-0.26132,7.9822,3.7235,0.68183,-0.30174,-0.44232,0.09946,-0.39689,-0.19301,-0.55394,8.6816,-3.0927,3.2545,-0.34148,-0.22081,-0.16503,-0.50628,0.52554,0.18496,-6.0653,1.028,-1.4881,-0.15835,0.35311,0.92228,0.28737,-0.31947,0.59032,-9.3191,-0.068188,-1.775,-0.12728,-0.10135,0.38084,0.626,0.22961,-0.28005
8.781,-1.8677,2.6372,-0.17791,-0.080278,0.059232,-0.39744,0.60022,-0.25463,8.0517,3.5677,0.81272,-0.28498,-0.45812,0.31886,-0.41185,-0.18549,-0.54765,8.3985,-2.8926,3.4569,-0.18309,-0.27165,-0.14559,-0.50803,0.52055,0.19395,-5.6821,2.1009,-1.2865,-0.12581,0.23295,0.50164,0.2703,-0.33063,0.59146,-9.0954,-0.50129,-2.101,-0.12236,-0.032981,0.30702,0.62954,0.22104,-0.27865
8.7796,-2.1348,2.7399,-0.060704,-0.14496,0.11074,-0.39609,0.60424,-0.25168,8.209,3.7358,1.123,-0.1806,-0.42418,0.57967,-0.42446,-0.17258,-0.54307,8.3008,-2.7904,3.5539,-0.054869,-0.29753,-0.13403,-0.50737,0.5176,0.20252,-5.8988,3.2055,-2.0872,-0.21839,0.33402,-0.10102,0.26008,-0.33524,0.59316,-9.2897,-0.44205,-1.6934,-0.12208,0.002458,0.28564,0.63159,0.21577,-0.27951
8.9453,-2.0082,2.2496,0.000369,-0.23112,0.14219,-0.3956,0.60682,-0.24728,8.4054,3.6697,1.2502,0.02728,-0.38899,0.79158,-0.43603,-0.15647,-0.53738,8.6864,-3.2392,3.6678,0.070378,-0.29158,-0.14883,-0.50755,0.51468,0.20888,-9.1812,11.364,-1.7645,0.31232,0.15637,-0.13837,0.25759,-0.33257,0.59506,-9.7388,0.14574,-2.5881,-0.1039,0.042403,0.2987,0.63366,0.21035,-0.27833
10.344,-2.2657,2.7062,-0.008542,-0.17855,0.14758,-0.392,0.60851,-0.24449,9.407,4.0894,1.1441,0.22028,-0.39393,1.0329,-0.44969,-0.1433,-0.52901,9.4174,-3.4226,3.7407,0.25197,-0.23812,-0.13331,-0.50695,0.51439,0.21133,-8.8871,5.5124,-0.75456,-0.52009,0.032012,-0.52782,0.25886,-0.33412,0.5931,-10.794,0.28303,-1.9932,-0.34399,-0.07378,0.25738,0.63546,0.20505,-0.27729
10.909,-2.7507,2.4387,0.011029,-0.23936,0.16614,-0.39087,0.61071,-0.24073,10.869,4.7816,1.3068,0.1622,-0.34655,1.3497,-0.46471,-0.12354,-0.5217,10.801,-3.3542,3.6529,0.31724,-0.15731,-0.10441,-0.50721,0.5153,0.20839,-8.0722,2.5456,-0.53994,-0.30288,0.028646,-0.54963,0.26794,-0.33925,0.58558,-11.072,0.030485,-2.0209,-0.3721,-0.1146,0.19038,0.63437,0.2053,-0.27822
11.169,-2.8268,2.4253,0.082217,-0.28057,0.20291,-0.38894,0.61284,-0.23934,11.719,4.8696,1.14,0.097144,-0.30731,1.5569,-0.48091,-0.097238,-0.51432,10.869,-3.0461,3.5679,0.15934,-0.075702,-0.027535,-0.50683,0.51568,0.20623,-9.2218,4.1421,-3.3101,0.26583,0.26503,-0.78596,0.27194,-0.32595,0.5909,-11.655,0.48148,-2.0594,-0.46881,-0.31315,0.21939,0.63389,0.20277,-0.27831
11.479,-2.4106,1.4456,0.1615,-0.21431,0.18358,-0.38681,0.61641,-0.23902,11.565,4.6916,0.86855,0.13847,-0.21485,1.4236,-0.49179,-0.06958,-0.50992,10.221,-3.0696,3.6025,0.12853,-0.089249,0.081731,-0.506,0.51938,0.2058,-9.007,3.4344,-2.3974,-0.56485,0.29223,-1.0983,0.27745,-0.31939,0.59164,-11.911,-0.3564,-1.3266,-0.24852,-0.29828,0.20372,0.63057,0.20368,-0.28531
12.744,-2.806,1.4526,0.29773,-0.15075,0.15898,-0.38506,0.61709,-0.24122,12.538,4.8742,0.18299,0.032687,-0.26212,1.1132,-0.50133,-0.046025,-0.5045,11.148,-3.7131,3.8013,0.36454,-0.12235,0.14749,-0.50175,0.52395,0.20601,-9.8572,2.1976,-1.4905,-0.56883,0.097205,-1.1757,0.28593,-0.3236,0.58597,-12.078,-2.4639,-0.7302,-0.39304,-0.26965,-0.12479,0.62967,0.20333,-0.2908
11.475,-3.2998,1.5293,0.43901,-0.11818,0.21361,-0.38026,0.61594,-0.24835,12.923,4.8485,0.47433,-0.15778,-0.20341,0.82169,-0.50775,-0.023806,-0.49926,11.888,-3.4688,3.6127,0.53148,-0.014574,0.26118,-0.49594,0.53189,0.19811,-10.895,2.0827,-1.9013,0.20431,0.22343,-1.2269,0.2973,-0.31045,0.58608,-11.541,-3.6831,-0.93353,-0.46492,-0.36822,-0.63198,0.6227,0.21896,-0.29614
8.9725,-3.6673,0.25456,0.52563,-0.1926,0.2648,-0.37586,0.61513,-0.25803,9.69,2.1501,0.22354,0.43508,-0.008986,0.40254,-0.51077,-0.01433,-0.49797,9.3336,-2.401,2.8515,0.52895,0.090172,0.50455,-0.48849,0.54363,0.18922,-11.182,3.2308,-0.60315,-0.059798,-0.015402,-1.1532,0.31122,-0.29698,0.58693,-9.6996,-3.9669,-1.2617,0.23522,-0.32326,-0.9915,0.61105,0.24163,-0.30301
8.719,-4.114,-0.54108,0.59262,-0.16735,0.33584,-0.37149,0.61516,-0.27091,8.4195,1.2906,0.066072,1.4071,0.05485,0.098426,-0.51136,-0.029445,-0.49761,8.1771,-4.0404,2.579,1.4834,0.079529,0.57403,-0.47481,0.56099,0.16598,-9.6626,0.89927,-1.0051,-0.005463,-0.18604,-0.97496,0.33066,-0.2856,0.57895,-11.315,-1.3085,-3.2535,0.69575,-0.3955,-0.86679,0.59729,0.25615,-0.31949
9.4064,-3.6019,-0.30872,0.53348,-0.083344,0.26436,-0.36521,0.61387,-0.28278,8.6521,2.1267,0.071315,1.6043,0.18068,0.052277,-0.5085,-0.060657,-0.49616,9.9207,-2.1627,2.3918,2.1168,0.26487,0.42037,-0.46392,0.5799,0.1201,-10.094,1.7769,-1.5098,0.16386,-0.15519,-0.87221,0.34352,-0.27297,0.57951,-10.864,-0.52035,-2.833,0.34641,-0.022213,-1.3865,0.58151,0.27277,-0.33351
8.959,-3.3487,0.25653,0.47987,-0.018082,0.14726,-0.36104,0.61213,-0.2918,8.3552,2.7559,0.28372,1.2505,0.18639,0.054374,-0.50711,-0.086839,-0.49799,10.292,-1.19,1.7841,0.88595,0.69624,0.37413,-0.45867,0.59249,0.080754,-9.2885,1.2172,-3.1883,0.38154,-0.19462,-0.79857,0.35634,-0.25326,0.58168,-12.833,-2.0145,-0.091985,0.12744,-0.014707,-0.86572,0.57037,0.2963,-0.33669
8.7795,-3.2894,0.62858,0.52205,0.028091,0.061397,-0.35893,0.60712,-0.30221,8.321,2.0353,0.41869,0.61691,5e-05,0.087844,-0.50649,-0.10285,-0.49618,9.33,-2.4518,1.5129,-0.09186,0.84215,0.54956,-0.44971,0.60254,0.060386,-9.4397,2.2584,-4.9026,0.079471,-0.092106,-0.78715,0.36726,-0.23555,0.58213,-11.294,0.91017,-1.2531,0.35768,-0.19483,-0.88912,0.55975,0.31216,-0.3429
8.541,-3.111,0.95619,0.5461,0.089061,0.002799,-0.35764,0.60026,-0.31583,8.5995,1.7647,0.7374,0.54659,-0.075965,0.077368,-0.50817,-0.11085,-0.49389,9.65,-3.1312,1.818,-0.34885,0.7764,0.76994,-0.43523,0.6155,0.053499,-9.9359,1.3445,-1.9487,-0.29252,-0.29903,-0.81689,0.38089,-0.22765,0.57705,-9.3305,1.6245,-0.97898,0.14616,-0.15694,-0.98603,0.546,0.32776,-0.35354
8.1215,-3.229,1.6535,0.56793,0.097589,-0.02549,-0.35729,0.59143,-0.332,8.6788,1.5122,0.82419,0.45392,-0.047793,0.053366,-0.50964,-0.12196,-0.49054,9.2386,-3.1213,1.5378,-0.353,0.76796,0.92878,-0.41434,0.63126,0.041538,-8.9613,0.94017,-1.1561,-0.3708,-0.34868,-0.82526,0.39942,-0.22138,0.56741,-9.5942,0.8125,-1.2246,-0.2697,0.25989,-1.3041,0.53081,0.35788,-0.34779
7.3699,-3.1918,1.2751,0.55503,0.080124,0.025546,-0.35679,0.58368,-0.34525,8.126,1.7198,1.0137,0.70945,0.083876,0.005661,-0.51038,-0.13325,-0.48988,7.9579,-3.4836,1.3976,-0.3366,0.65835,1.096,-0.39007,0.64829,0.039131,-9.0632,1.7136,-1.5341,-0.38434,-0.22539,-0.84984,0.41336,-0.21608,0.55907,-9.6328,-0.38576,-0.24265,-0.60484,0.29421,-1.4911,0.51496,0.39425,-0.33569
7.4695,-2.5557,1.3322,0.51838,0.001579,0.025868,-0.35438,0.57743,-0.35763,7.9189,2.2339,0.95644,0.78878,0.14011,-0.019557,-0.50982,-0.1443,-0.48828,7.1734,-3.5969,1.7836,0.10873,0.45979,1.1418,-0.36353,0.66636,0.038258,-8.9806,1.7798,-1.1574,-0.31587,-0.27302,-0.82014,0.42697,-0.2118,0.55198,-9.935,-2.0881,0.016521,-0.22784,0.19783,-1.6317,0.49428,0.42921,-0.32701
7.9452,-2.738,1.5062,0.49126,-0.012922,-0.013273,-0.35596,0.56871,-0.36776,8.0555,2.6402,1.1389,0.49585,0.082715,-0.060047,-0.50586,-0.15757,-0.48647,7.2241,-3.3886,1.8883,0.44423,0.32112,1.0183,-0.33263,0.68352,0.022404,-9.4054,1.6727,-1.0308,-0.35168,-0.13362,-0.71505,0.43805,-0.20762,0.54478,-9.2761,-1.9026,-0.53199,0.24933,-0.073128,-1.7273,0.46559,0.46126,-0.32719
8.4798,-2.9366,1.9267,0.48775,0.008611,-0.031542,-0.35627,0.56117,-0.37877,8.645,2.4808,1.0009,0.37705,0.085492,-0.080318,-0.50458,-0.16775,-0.48523,7.3432,-3.1754,1.8082,0.42572,0.20691,0.76018,-0.30966,0.695,0.008005,-9.822,-0.29121,-1.5546,-0.21865,0.075887,-0.65046,0.44205,-0.20245,0.54369,-8.6627,-1.9854,-1.1716,0.29288,-0.008317,-1.7146,0.43199,0.48701,-0.33632
8.5988,-2.8056,2.2866,0.47841,-0.014099,-0.000416,-0.35668,0.55528,-0.38927,9.1845,2.4823,0.69811,0.48347,0.18543,-0.07702,-0.49978,-0.18124,-0.48412,7.4843,-3.2569,2.1515,0.37401,0.052367,0.46838,-0.29074,0.70588,-0.007303,-10.22,1.6415,-1.5272,0.23829,0.36598,-0.69035,0.43987,-0.18803,0.551,-8.3405,-1.9574,-1.0615,0.37472,-0.015309,-1.6281,0.39892,0.51525,-0.33937
8.6145,-2.5471,2.4376,0.38891,-0.029495,-0.066117,-0.35815,0.54702,-0.39726,9.0665,2.5942,0.62016,0.62074,0.16983,-0.1227,-0.49475,-0.19366,-0.48562,7.6938,-3.4261,2.4803,0.42107,-0.13988,0.23491,-0.28062,0.71059,-0.01877,-10.04,1.1208,-2.3481,0.67597,0.42618,-0.43504,0.43404,-0.16731,0.56267,-7.8387,-1.9296,-1.1277,0.27053,-0.04345,-1.4004,0.36591,0.53318,-0.34708
8.6508,-2.7254,2.4964,0.31878,-0.088764,-0.044069,-0.35946,0.54029,-0.40473,8.9527,2.958,0.56282,0.44498,0.094634,-0.056714,-0.49255,-0.20312,-0.48322,7.8543,-3.4056,2.7537,0.50282,-0.32133,0.089834,-0.27522,0.71221,-0.027487,-9.2585,0.29752,-1.9565,0.42733,0.080344,-0.18616,0.43335,-0.15306,0.5674,-6.6932,-2.2041,-1.0493,0.40535,-0.10708,-1.1013,0.33895,0.54551,-0.35895
8.7178,-2.7335,2.5267,0.23716,-0.099614,-0.02771,-0.36388,0.53567,-0.40793,9.061,2.6843,0.52336,0.23069,-0.015954,-0.002205,-0.49196,-0.20889,-0.48011,7.9026,-3.3068,3.046,0.55022,-0.4444,-0.039291,-0.27517,0.71083,-0.039043,-8.9073,1.6192,-2.1309,0.42276,-0.069384,-0.084602,0.43326,-0.14033,0.56963,-6.3042,-2.3621,-1.2373,0.57666,-0.065073,-0.73805,0.31867,0.54894,-0.37007
8.7774,-2.734,2.5271,0.19163,-0.1495,-0.029376,-0.36561,0.5319,-0.41063,9.1005,2.5437,0.53025,0.2876,-0.077918,-0.005684,-0.49242,-0.21292,-0.47782,7.9657,-3.2931,3.296,0.52992,-0.50637,-0.17544,-0.27763,0.7094,-0.049756,-9.3639,0.28389,-2.3862,0.072133,-0.008086,-0.20624,0.43458,-0.13329,0.5722,-6.0426,-2.8349,-0.95786,0.41257,0.12802,-0.37556,0.30634,0.54916,-0.38154
9.3129,-3.0194,2.4398,0.12389,-0.12313,-0.044134,-0.37091,0.5263,-0.41053,9.3691,2.943,0.65276,0.24739,-0.12515,0.037181,-0.49361,-0.22245,-0.47349,8.185,-3.3915,3.4257,0.42502,-0.54492,-0.36106,-0.28929,0.70395,-0.06009,-10.149,0.77257,-1.6524,0.015946,-0.056039,-0.25936,0.43526,-0.12784,0.57121,-6.0429,-3.1792,-0.74221,-0.08274,0.1993,-0.040999,0.30599,0.5474,-0.38317
9.5054,-3.2142,2.5892,0.095102,-0.084349,-0.047056,-0.37282,0.52404,-0.41166,9.8557,3.2354,0.80769,0.090676,-0.17561,0.093462,-0.49695,-0.2228,-0.47067,8.7017,-3.6958,3.7395,0.37073,-0.55312,-0.58005,-0.30554,0.697,-0.064931,-9.5633,-1.205,-1.5409,0.17374,0.004163,-0.29288,0.43615,-0.12381,0.57174,-6.0673,-4.0587,-1.2379,-0.12018,0.20873,0.33818,0.31306,0.5478,-0.37723
9.2389,-2.8561,2.5,0.004974,-0.024136,-0.078464,-0.37485,0.52163,-0.41239,9.3211,3.077,1.0005,0.004845,-0.23902,0.024365,-0.50196,-0.2211,-0.46587,8.7551,-3.7549,4.0689,0.3854,-0.51407,-0.68947,-0.31933,0.68881,-0.066476,-9.8415,-2.3896,-1.7928,0.20013,-0.079448,-0.39253,0.44112,-0.11177,0.57093,-5.9299,-8.0697,0.79996,0.26843,0.21679,0.5382,0.32456,0.54197,-0.37665
9.5525,-2.8798,2.2337,-0.11346,-0.040316,-0.14694,-0.37879,0.5214,-0.4116,9.307,3.1342,1.1926,-0.05813,-0.32506,-0.018245,-0.50613,-0.22,-0.46188,9.0643,-3.5816,3.9899,0.30733,-0.44821,-0.71581,-0.33927,0.67902,-0.072268,-10.147,-1.1607,-1.9278,0.3279,-0.17621,-0.28,0.44641,-0.096005,0.56924,-11.143,-7.163,-1.6457,0.38525,0.13078,0.30626,0.33529,0.53565,-0.37799
10.091,-2.6829,1.9406,-0.16689,-0.076294,-0.19059,-0.38336,0.52108,-0.40752,9.8638,3.5316,1.1929,-0.26171,-0.28341,0.048716,-0.51182,-0.21896,-0.45599,9.6805,-3.5897,4.1045,0.10601,-0.35616,-0.73865,-0.36032,0.66909,-0.071105,-10.006,-0.9505,-1.8501,0.28002,-0.13567,-0.20379,0.45169,-0.088386,0.56795,-5.9838,-3.4171,-1.1452,0.70743,-0.017259,0.62039,0.34548,0.51916,-0.38884
10.298,-2.8189,2.1875,-0.26595,0.010012,-0.23302,-0.38749,0.52125,-0.40288,10.21,3.6027,1.0302,-0.45002,-0.2222,0.035543,-0.51784,-0.20974,-0.4551,9.9558,-3.6886,4.3181,-0.073485,-0.24576,-0.69705,-0.38546,0.65492,-0.066403,-10.705,-1.441,-1.7586,0.36734,-0.23761,-0.29898,0.45844,-0.073862,0.56595,-9.2522,-5.1494,-1.1752,0.40938,0.46331,0.46487,0.36366,0.49792,-0.39427
9.7312,-3.0946,1.8755,-0.30672,-0.009705,-0.23672,-0.39452,0.52157,-0.39756,9.9662,3.2905,0.94466,-0.38498,-0.17123,-0.082183,-0.52044,-0.20096,-0.45552,9.7266,-3.544,4.1923,-0.14413,-0.1345,-0.5265,-0.40063,0.64623,-0.06148,-10.24,-0.35241,-1.6605,0.36729,-0.29851,-0.23478,0.46605,-0.060016,0.56198,-9.3033,-4.989,0.004435,0.51384,0.22954,0.67474,0.38057,0.48447,-0.39809
10.426,-2.8554,1.7928,-0.35917,-0.000405,-0.25135,-0.39868,0.52259,-0.39081,10.156,3.3735,0.8126,-0.36884,-0.17831,-0.1908,-0.52296,-0.19641,-0.45511,10.017,-3.3869,3.8005,-0.18157,-0.065256,-0.40265,-0.41101,0.64086,-0.057739,-10.806,-0.67769,-1.5065,0.23319,-0.24787,-0.19389,0.47217,-0.052683,0.55808,-9.1506,-3.159,-0.23451,0.1429,0.30158,0.76101,0.39552,0.46875,-0.40296
11.014,-2.8968,1.7075,-0.32978,0.059187,-0.28069,-0.40504,0.52393,-0.3856,10.845,3.4134,0.57164,-0.4593,-0.10846,-0.22335,-0.5222,-0.19401,-0.45685,10.387,-3.1504,3.5307,-0.33815,-0.005273,-0.38491,-0.42086,0.63593,-0.050722,-11.518,-1.1269,-0.54515,0.40085,-0.36827,-0.15503,0.48118,-0.038556,0.55265,-9.5115,-3.8209,-0.56354,0.010979,0.18184,0.88373,0.41475,0.45339,-0.40158
11.036,-3.0005,1.6622,-0.3271,0.048354,-0.28429,-0.40956,0.52397,-0.38058,11.231,3.1484,0.24241,-0.32708,0.011195,-0.28069,-0.51971,-0.19207,-0.45899,10.518,-2.8302,3.2949,-0.50704,0.020879,-0.3735,-0.43047,0.63172,-0.041176,-11.369,-0.79071,-0.10747,0.35998,-0.41312,-0.088199,0.49155,-0.02934,0.54629,-10.573,-2.8459,-0.28757,0.059955,0.19345,0.99086,0.43534,0.43753,-0.39914
10.929,-2.3017,1.2705,-0.35615,0.056996,-0.2479,-0.4148,0.52354,-0.37172,10.931,3.4931,0.13769,-0.27248,0.047555,-0.35653,-0.51617,-0.19724,-0.46394,10.152,-2.5656,3.0036,-0.64046,0.036936,-0.34985,-0.43967,0.62572,-0.028179,-11.064,-0.79571,-0.41637,0.2675,-0.34973,0.004861,0.49923,-0.021148,0.53854,-10.416,-2.5611,-0.792,-0.3114,0.15908,0.95618,0.4566,0.4205,-0.39092
10.425,-1.8079,1.0386,-0.38253,0.052041,-0.21695,-0.41916,0.52703,-0.36606,10.566,3.4942,-0.071042,-0.40801,0.066753,-0.39896,-0.51093,-0.19831,-0.46886,9.7087,-2.347,2.8122,-0.7336,0.038632,-0.33238,-0.44741,0.62039,-0.01247,-9.9603,0.14615,-2.2855,0.29801,-0.29134,0.093574,0.50747,-0.015785,0.53386,-10.378,-2.2755,-1.3507,-0.37205,0.20391,0.92312,0.47471,0.41164,-0.38244
9.4891,-1.3905,0.42249,-0.43333,0.034403,-0.19334,-0.42376,0.52711,-0.35771,9.3889,3.3062,-0.2686,-0.46412,0.12063,-0.4838,-0.50578,-0.19908,-0.47554,8.6993,-1.8199,2.7731,-0.66852,-0.018155,-0.24434,-0.45444,0.61442,0.002567,-9.489,1.6007,-1.8425,0.26097,-0.15765,0.14952,0.51292,-0.011354,0.52867,-9.9392,-3.395,-2.1679,0.024366,0.21573,0.86237,0.49163,0.39637,-0.37744
9.4609,-1.2774,-0.009697,-0.45308,0.070462,-0.17895,-0.42695,0.53029,-0.35013,9.1335,3.2834,-0.54236,-0.49334,0.1551,-0.58658,-0.4986,-0.20066,-0.48408,8.1675,-1.4703,2.8763,-0.54175,-0.085708,-0.16232,-0.45887,0.61135,0.016445,-10.346,2.6401,-1.9959,0.083997,-0.001946,0.36083,0.51704,-0.010555,0.52898,-9.42,-2.6399,-0.93223,-0.25467,0.13366,0.76728,0.50719,0.38182,-0.37174
9.3699,-1.588,0.032357,-0.43584,0.10121,-0.14625,-0.43042,0.53488,-0.3427,9.074,3.4292,-0.61979,-0.48123,0.24451,-0.67067,-0.4877,-0.2014,-0.4953,8.6232,-1.6258,3.0081,-0.33544,-0.064312,-0.13278,-0.46224,0.6079,0.027003,-10.778,1.3524,-1.058,-0.028996,0.025794,0.49317,0.5158,-0.023749,0.52971,-9.1719,-1.9231,-1.2248,-0.31086,0.19954,0.67094,0.51898,0.37216,-0.36407
9.459,-1.3981,0.54158,-0.41488,0.18441,-0.089993,-0.4309,0.54051,-0.33664,8.7261,3.5506,-0.65538,-0.48976,0.28496,-0.68732,-0.47395,-0.20476,-0.50496,8.9616,-1.287,2.6578,-0.2945,0.009636,-0.13245,-0.46464,0.60431,0.035197,-10.566,-0.72949,-1.4416,0.27406,0.10805,0.57626,0.5133,-0.036263,0.53594,-10.041,-2.2166,-1.5689,-0.013774,0.099471,0.70612,0.53344,0.35645,-0.35609
9.1754,-1.2493,0.95819,-0.38389,0.22355,-0.10107,-0.43132,0.54373,-0.33188,8.5013,3.5237,-0.60344,-0.35539,0.28374,-0.69915,-0.46047,-0.20638,-0.51479,8.7222,-0.93134,2.6553,-0.48421,0.090505,-0.11311,-0.46778,0.60249,0.042944,-10.378,-1.6057,0.28836,0.46149,0.063831,0.68881,0.51242,-0.042247,0.53818,-9.4696,-1.2073,-0.47363,-0.090545,-0.04403,0.72587,0.54433,0.34292,-0.35641
8.8758,-1.4479,1.2083,-0.38195,0.2905,-0.050303,-0.42953,0.5476,-0.32811,8.6022,4.1613,-0.63149,-0.59488,0.20347,-0.6237,-0.45023,-0.2086,-0.52204,8.145,-1.0183,2.6628,-0.70265,0.083125,-0.16035,-0.47135,0.59903,0.054459,-9.4261,-1.0906,-0.068115,0.57564,0.091424,0.75525,0.51055,-0.044767,0.54378,-8.9017,-1.4606,-1.4282,-0.36062,-0.099769,0.68339,0.55399,0.33138,-0.35399
8.5476,-1.2914,1.6246,-0.41475,0.31137,0.018867,-0.42673,0.55315,-0.32524,8.3782,3.933,-0.53188,-0.77242,0.087297,-0.58469,-0.44121,-0.20398,-0.53022,7.8077,-1.7861,2.6906,-0.72503,0.098573,-0.19319,-0.47613,0.59446,0.071139,-8.1341,-1.4276,-0.73188,0.49218,0.2748,0.69814,0.50637,-0.051466,0.54991,-9.2639,-2.651,-2.259,-0.24133,-0.041473,0.69997,0.56149,0.32208,-0.3508
8.1294,-1.3336,1.9047,-0.49049,0.38725,0.025704,-0.42057,0.55928,-0.32158,7.9591,3.5492,-0.354,-0.68912,0.020249,-0.64276,-0.43361,-0.2001,-0.53449,7.6186,-2.2656,2.5836,-0.58698,0.08371,-0.21789,-0.48088,0.59116,0.083195,-9.2484,-1.1764,-0.90456,-0.26426,0.23679,0.85408,0.49681,-0.065079,0.55833,-9.5466,-1.9353,-1.4851,-0.14883,-0.1132,0.76811,0.56959,0.307,-0.34939
8.189,-1.3342,1.9349,-0.42089,0.36716,0.033189,-0.41435,0.56501,-0.31685,7.803,3.6839,-0.1357,-0.64343,-0.089466,-0.64372,-0.42921,-0.19651,-0.53805,7.6335,-2.3819,2.4539,-0.57246,0.050914,-0.22501,-0.48698,0.58479,0.097564,-8.1731,-0.94938,-0.37314,-0.68336,0.40409,0.87643,0.48706,-0.09566,0.5625,-9.0901,-2.5224,-0.80685,0.036595,-0.14992,0.78714,0.57805,0.2883,-0.35427
8.2468,-1.5728,2.2024,-0.37496,0.33123,0.046185,-0.40977,0.57263,-0.31526,7.9013,3.7243,0.02056,-0.7419,-0.17394,-0.61666,-0.42755,-0.19282,-0.54139,7.5756,-2.7899,2.7119,-0.57097,-0.017721,-0.20578,-0.49139,0.57861,0.11177,-8.3947,-1.2963,-0.10718,-0.56788,0.25891,1.0324,0.4753,-0.13215,0.56735,-9.575,-1.1146,-1.2145,0.039854,-0.011449,0.71404,0.58516,0.26958,-0.35664
8.3054,-1.6484,2.4859,-0.29409,0.23069,0.072281,-0.40453,0.57839,-0.3115,8.1181,3.3964,0.15643,-0.70217,-0.17697,-0.55298,-0.4259,-0.18845,-0.5425,7.6757,-3.0531,2.9648,-0.4297,-0.12125,-0.17227,-0.4936,0.57373,0.12375,-8.1319,-1.6691,-0.34153,-0.18033,0.20287,1.1193,0.46349,-0.16156,0.57042,-9.4328,-1.1899,-1.2123,-0.15316,-0.14654,0.67466,0.59301,0.25438,-0.3569
8.528,-1.7475,2.7182,-0.24925,0.18536,0.11817,-0.40048,0.58319,-0.31005,8.0262,3.2307,0.33003,-0.39682,-0.1143,-0.40759,-0.42345,-0.18551,-0.54515,7.9023,-3.1856,3.1319,-0.33441,-0.20302,-0.15991,-0.4964,0.56927,0.13364,-7.6457,-1.6538,0.05077,-0.36938,0.42644,1.0785,0.44722,-0.1901,0.57505,-9.254,-1.8637,-0.99455,-0.072548,-0.12654,0.58862,0.59601,0.24092,-0.36026
8.5269,-1.9036,2.8664,-0.13386,0.10517,0.14603,-0.39641,0.58722,-0.30832,8.085,3.552,0.55292,-0.17306,-0.09327,-0.1923,-0.42287,-0.18592,-0.54375,8.0436,-3.24,3.2572,-0.22112,-0.2746,-0.11309,-0.49944,0.56743,0.14357,-7.6529,-1.8773,-0.30168,-0.090362,0.521,0.85414,0.42808,-0.21526,0.58231,-9.4571,-1.9494,-1.8496,0.26102,0.10432,0.54963,0.60017,0.22644,-0.36012
8.7056,-1.9347,2.875,-0.051123,0.030002,0.19755,-0.39026,0.59099,-0.30744,8.0605,3.6824,0.65297,-0.10197,-0.10978,0.054244,-0.42789,-0.18409,-0.54392,8.0338,-3.3132,3.4587,-0.12004,-0.34751,-0.080459,-0.49873,0.56568,0.15561,-7.9168,-1.3686,-0.27753,0.18222,0.047085,0.61626,0.41368,-0.22403,0.58458,-9.6646,-1.2955,-0.60413,0.52671,0.063787,0.62386,0.6066,0.20555,-0.36146
8.9148,-1.8032,2.9222,-0.016671,0.055163,0.21576,-0.38505,0.59555,-0.30687,8.012,3.7302,0.78893,-0.087718,-0.13027,0.24431,-0.43079,-0.18015,-0.5439,8.2384,-3.3826,3.6635,0.050403,-0.38334,-0.039664,-0.49693,0.56518,0.16272,-7.8754,-0.38189,0.47233,-0.28601,-0.34871,0.095735,0.4138,-0.22912,0.5822,-9.5011,-1.577,-1.5133,0.22932,0.043419,0.46971,0.61308,0.18745,-0.36362
8.9138,-2.04,2.861,0.069503,0.084182,0.22121,-0.37715,0.59923,-0.30805,7.9905,4.0267,1.1205,-0.13816,-0.18793,0.42052,-0.43584,-0.17282,-0.54131,8.3939,-3.1503,3.6765,0.090136,-0.31251,0.01535,-0.49518,0.56608,0.16629,-8.9468,1.9497,-2.2971,-0.25815,-0.4856,0.12075,0.42254,-0.23954,0.5743,-9.5136,-0.26349,-1.1963,-0.10649,-0.015531,0.45382,0.61623,0.17323,-0.36505
8.9737,-1.9371,2.9367,0.17177,0.11558,0.27595,-0.36953,0.60054,-0.31203,8.3263,4.1345,1.3709,-0.25272,-0.19229,0.60826,-0.44297,-0.15857,-0.53908,8.4203,-2.9321,3.7048,0.027979,-0.26405,0.08076,-0.49266,0.56694,0.17074,-11.113,9.0511,-2.8284,-0.90028,-0.47194,0.54761,0.42177,-0.2635,0.56271,-9.4395,-0.59137,-1.5096,-0.10878,-0.023672,0.49445,0.61713,0.16351,-0.36485
8.975,-1.6851,2.8936,0.15003,0.113,0.27229,-0.36341,0.60221,-0.31926,8.7669,3.8657,1.2754,-0.14215,-0.08234,0.75395,-0.45117,-0.14012,-0.53887,8.5934,-3.1202,3.8769,0.041143,-0.19913,0.12863,-0.48726,0.57143,0.1745,-8.4261,13.369,-0.10876,0.42461,0.14202,0.087012,0.42767,-0.27906,0.55154,-9.6932,0.082462,-1.639,-0.17562,-0.025557,0.4983,0.62109,0.15408,-0.36481
9.7784,-1.9805,2.9201,0.12569,0.086475,0.20313,-0.3579,0.6036,-0.32545,9.6134,3.658,1.1096,0.2957,0.048207,0.86675,-0.45879,-0.1263,-0.53889,9.1342,-3.0913,3.8724,0.095538,-0.11969,0.1661,-0.4832,0.57751,0.17333,-10.024,1.8022,-0.33081,0.21858,0.39151,-0.65832,0.42309,-0.25269,0.56641,-9.9261,-0.063961,-2.1736,-0.14722,-0.098272,0.52589,0.62011,0.14699,-0.3637
10.062,-3.2293,3.3991,0.19204,0.19098,0.27027,-0.34934,0.60651,-0.33194,10.773,4.3958,0.88689,0.67088,0.21265,0.98932,-0.46136,-0.12086,-0.53937,10.106,-3.2028,3.7326,0.012336,0.005054,0.21246,-0.47833,0.5833,0.17366,-11.682,7.3759,-0.81273,-0.6267,0.16341,0.27829,0.42371,-0.25898,0.56292,-10.099,-0.48317,-1.6698,-0.30059,-0.14995,0.56763,0.62382,0.13706,-0.36545
9.4473,-2.7111,2.883,0.077511,0.14941,0.34227,-0.339,0.6077,-0.33727,10.074,4.4022,0.5814,0.73755,0.22011,0.95489,-0.46028,-0.11861,-0.53985,9.7923,-3.1377,3.5214,-0.11637,0.18154,0.21436,-0.47451,0.58901,0.17236,-7.9481,-0.14805,1.8658,0.24988,0.047919,-0.99109,0.4175,-0.26573,0.56795,-11.67,-0.43611,-0.20998,-0.44816,-0.15737,0.56505,0.62508,0.1256,-0.36775
10.387,-2.5559,2.9434,0.12122,0.132,0.24675,-0.32985,0.61231,-0.33988,9.478,4.121,0.60561,0.73977,0.029062,0.75186,-0.46305,-0.11936,-0.54048,9.7489,-3.2826,3.2789,-0.15644,0.26589,0.25156,-0.46886,0.59329,0.17131,-10.598,-5.5477,-0.33434,0.23628,0.089768,-0.59132,0.42164,-0.24211,0.57413,-10.564,-2.197,-0.039214,-0.74653,-0.16613,0.20532,0.62366,0.1275,-0.36935
10.218,-3.6881,2.9646,0.364,0.09362,0.18882,-0.32446,0.60914,-0.34844,10.562,5.0271,0.6577,0.42583,-0.085493,0.7088,-0.46803,-0.12014,-0.53563,10.546,-3.8038,3.344,-0.075811,0.24701,0.28181,-0.46446,0.60035,0.16941,-11.945,-1.7626,0.46709,0.6972,-0.0872,-0.9305,0.43029,-0.21925,0.57952,-10.635,-4.2806,-0.016153,-0.74893,-0.039285,-0.255,0.62235,0.14035,-0.36746
8.9252,-3.1194,2.2945,0.40698,0.031028,0.26014,-0.31507,0.60657,-0.36191,9.7662,3.9912,0.38572,0.28617,0.047313,0.63924,-0.47193,-0.11344,-0.5326,9.2038,-3.6563,3.3847,0.12653,0.19316,0.29393,-0.45929,0.60768,0.16342,-9.4895,0.3403,-1.6461,0.59508,-0.3109,-0.74652,0.44822,-0.19637,0.57435,-10.3,-6.1553,1.6873,-0.67388,-0.2539,-0.67636,0.61606,0.16629,-0.36684
7.9258,-3.5687,1.7916,0.39414,-0.03398,0.2475,-0.30989,0.60331,-0.37208,7.8955,2.9098,0.51264,0.71376,0.15261,0.3726,-0.47272,-0.11564,-0.53385,8.0224,-3.5746,3.0965,0.5289,0.078759,0.4325,-0.45064,0.61716,0.15175,-9.7762,-0.7458,-2.1758,-0.15254,-0.28698,-0.76517,0.46171,-0.17814,0.56949,-10.646,-2.0414,0.40793,-0.74592,-0.23961,-0.9366,0.6053,0.20067,-0.36817
7.8795,-4.1593,1.3622,0.45027,-0.09804,0.18761,-0.30785,0.59974,-0.37877,7.4412,2.6987,0.56234,1.1594,0.099648,0.15514,-0.47302,-0.12714,-0.52968,8.3174,-3.5121,2.6501,0.93531,0.088163,0.45516,-0.44191,0.62983,0.13142,-9.7695,1.2075,-1.3077,-0.43603,-0.29095,-0.76478,0.47009,-0.16404,0.56845,-11.682,2.1531,-1.6222,-0.68174,0.12465,-1.0354,0.59565,0.23437,-0.36283
9.1908,-3.9055,1.9706,0.423,-0.14665,0.11773,-0.30542,0.59341,-0.38822,8.3933,3.467,0.56197,1.1483,0.028944,0.12133,-0.47257,-0.15153,-0.52524,10.135,-3.8026,2.5532,1.0027,0.30614,0.37845,-0.43083,0.64225,0.10215,-9.1976,2.3503,-3.3302,-0.6705,-0.027717,-0.6146,0.47717,-0.16257,0.56297,-12.34,3.0394,-2.1612,-0.73138,0.12616,-0.96261,0.58893,0.26982,-0.35029
9.0729,-3.3728,2.3835,0.39787,-0.17652,0.002942,-0.30851,0.5875,-0.39669,8.8727,3.6894,0.66795,0.6838,-0.025753,0.15344,-0.47228,-0.16782,-0.51773,10.243,-3.6081,2.109,0.6878,0.54524,0.40514,-0.4217,0.65264,0.070186,-9.5947,2.1818,-1.0502,-1.259,0.003283,-0.55875,0.48224,-0.17749,0.55465,-11.155,3.6,-1.7439,-0.70287,0.20693,-1.1201,0.57833,0.30649,-0.33803
8.6242,-3.6072,2.6098,0.42765,-0.23477,-0.045143,-0.31249,0.57945,-0.40185,9.0224,3.1591,1.0503,0.40549,-0.14575,0.14261,-0.47589,-0.18055,-0.51496,9.3075,-3.7391,1.9993,0.19818,0.54144,0.61272,-0.40687,0.66378,0.043072,-9.5217,-0.20372,-0.67108,-0.53971,0.079782,-0.53393,0.4871,-0.19671,0.54281,-10.227,2.6055,-0.50602,0.054633,0.16355,-1.4355,0.56086,0.34463,-0.32868
8.2815,-3.6043,2.5774,0.48928,-0.20895,-0.017846,-0.31731,0.56893,-0.41035,8.9259,2.7274,1.0963,0.43873,-0.16105,0.022134,-0.4785,-0.18865,-0.50911,8.6964,-4.1103,2.2361,0.13591,0.41477,0.82591,-0.38669,0.67611,0.028753,-9.8605,-0.82262,-0.009622,-0.31533,-0.045332,-0.56311,0.49012,-0.19428,0.53941,-8.8037,2.071,0.92812,1.3623,0.11152,-1.3891,0.54308,0.3666,-0.33369
8.2518,-3.5891,2.5325,0.47777,-0.15964,-0.021727,-0.31963,0.56173,-0.41932,8.9219,2.48,1.1389,0.55488,-0.11645,-0.11378,-0.4822,-0.19375,-0.50436,8.4168,-4.2247,1.8403,0.34862,0.30781,0.90534,-0.36514,0.68847,0.017763,-9.7282,-0.53604,-0.28481,-0.37648,-0.004838,-0.56808,0.49465,-0.18511,0.53972,-7.8832,2.4752,-0.55641,1.6642,0.006211,-1.4145,0.52636,0.37405,-0.35535
8.4909,-3.4356,2.5801,0.43273,-0.14188,-0.065608,-0.32363,0.55428,-0.42741,9.0104,2.5422,1.3049,0.61435,-0.10985,-0.15777,-0.48245,-0.2083,-0.4974,8.2072,-4.2191,2.0106,0.45051,0.28519,0.76934,-0.34173,0.69947,-0.000105,-9.7899,-0.33953,-0.72132,-0.33927,-0.018925,-0.51874,0.49977,-0.1816,0.53603,-8.5044,2.6344,-0.3947,1.0783,-0.21502,-1.2659,0.50341,0.38108,-0.37834
8.4024,-3.1981,2.6481,0.40037,-0.12792,-0.11404,-0.3286,0.54396,-0.43366,8.8315,2.6923,1.3385,0.51828,-0.14957,-0.06117,-0.48416,-0.22264,-0.48953,8.031,-3.8835,2.1829,0.40903,0.33541,0.61305,-0.32172,0.70909,-0.017982,-9.8926,-0.61066,-0.52807,-0.29504,-0.077019,-0.51301,0.50382,-0.17855,0.53205,-7.6071,2.3351,-1.4558,0.18129,-0.42204,-1.2257,0.47869,0.39323,-0.39638
8.3718,-3.3093,2.7292,0.3426,-0.1163,-0.14883,-0.33565,0.53518,-0.4392,8.8341,2.8081,1.4459,0.2572,-0.2422,0.021424,-0.48664,-0.235,-0.48198,7.8457,-3.771,2.2222,0.33506,0.33144,0.48132,-0.30024,0.71742,-0.03551,-9.6996,-0.57811,-0.95928,0.003419,-0.10567,-0.49909,0.51229,-0.1745,0.52612,-8.0142,0.62562,-1.1536,-1.1165,-0.47502,-0.77939,0.45187,0.41878,-0.40212
8.4323,-3.1172,2.7309,0.21513,-0.086044,-0.16736,-0.34131,0.52584,-0.44362,9.0546,2.7498,1.4762,0.1531,-0.24712,0.046294,-0.49229,-0.23841,-0.476,8.15,-3.7779,2.4884,0.34013,0.29742,0.36652,-0.28815,0.72185,-0.051462,-9.5229,-0.082732,-0.91876,-0.06668,-0.13909,-0.47364,0.51758,-0.1653,0.52217,-8.2192,-0.73832,-1.6985,-1.2187,-0.14016,-0.3408,0.44044,0.44568,-0.38525
8.4626,-2.9108,2.9265,0.17286,-0.04849,-0.20313,-0.34471,0.5204,-0.44531,8.8584,2.8711,1.4561,0.1281,-0.23385,0.047442,-0.49598,-0.23724,-0.46988,8.0594,-3.6224,2.6286,0.3576,0.23476,0.25865,-0.27892,0.72125,-0.063795,-9.7879,-0.6254,-0.48844,-0.004254,-0.12231,-0.48066,0.52156,-0.15429,0.52283,-8.6945,-4.2109,0.94291,-0.50162,-0.13897,0.1146,0.43608,0.46796,-0.36515
7.9352,-1.2928,2.2906,0.57069,0.40219,-0.0035704,-0.3723,0.55257,-0.42055,8.3246,3.382,0.28962,0.77588,0.14595,-0.69925,-0.42597,-0.23474,-0.47705,7.7018,-3.3785,1.8096,-0.086318,-0.50794,-0.68053,-0.44282,0.60663,-0.039232,-10.379,3.2324,-4.8979,0.22052,-0.3428,0.50901,0.45282,-0.29518,0.57578,-10.577,-1.9808,-1.2133,-0.10718,-0.27222,-0.97308,0.31569,0.23727,-0.27432
8.4794,-1.3261,2.446,0.52292,0.37346,-0.070021,-0.40314,0.56087,-0.4174,8.5992,3.4007,0.42587,0.49235,0.23166,-0.61435,-0.43621,-0.22645,-0.49414,7.8524,-3.1838,2.159,-0.33812,-0.44012,-0.71263,-0.4582,0.59776,-0.044501,-9.419,0.89388,-1.9536,0.4002,-0.30659,-0.11152,0.43933,-0.3212,0.56873,-10.407,-1.9696,-1.5823,-0.34868,-0.36993,-0.87284,0.33178,0.27394,-0.27793
8.6161,-1.3415,2.4881,0.49973,0.31918,-0.028765,-0.38871,0.55843,-0.40979,8.6761,3.1555,0.72996,0.37497,0.27498,-0.57806,-0.44115,-0.21587,-0.50666,7.8977,-3.2662,2.4738,-0.3496,-0.354,-0.74375,-0.4533,0.59898,-0.022604,-8.1588,1.7665,-1.1759,0.36695,-0.15522,-0.14307,0.42893,-0.33397,0.55994,-10.383,-1.9336,-0.46674,-0.35471,-0.32379,-1.3771,0.32441,0.29058,-0.28809
8.6105,-1.5483,2.5323,0.49332,0.22962,-0.026506,-0.37465,0.55826,-0.40697,8.1142,3.4939,0.80544,0.47075,0.29861,-0.64488,-0.42631,-0.21223,-0.51763,7.9766,-3.4502,2.7736,-0.35423,-0.24548,-0.67819,-0.45757,0.62846,-0.04924,-9.2372,1.1889,-1.5339,0.26692,-0.018525,-0.54757,0.43049,-0.3373,0.56274,-9.9389,-2.1951,-1.4317,-0.46144,-0.41143,-0.85933,0.33999,0.28592,-0.291
8.65,-1.6556,2.5371,0.47362,0.19772,-0.030705,-0.38784,0.55222,-0.39865,7.917,3.4722,1.0209,0.59704,0.19791,-0.65975,-0.43642,-0.2041,-0.50518,8.1776,-3.4092,3.0482,0.10375,-0.13483,-0.5468,-0.45117,0.59148,-0.06313,-8.172,2.2676,-1.1612,0.28684,0.047267,-0.52989,0.45153,-0.30555,0.57585,-9.4151,-2.366,-2.2632,-0.25087,-0.025941,-0.86941,0.36933,0.32244,-0.29243
8.7059,-1.7483,2.4388,0.39544,0.090041,-0.039759,-0.37207,0.53585,-0.40935,8.0711,3.2975,0.96364,0.44171,0.076886,-0.61212,-0.42764,-0.20553,-0.53052,8.6894,-3.3081,3.2859,0.45236,-0.05094,-0.39766,-0.48289,0.59355,-0.055662,-8.389,1.3386,-1.0321,0.26199,0.085736,-0.7885,0.43408,-0.32729,0.55438,-9.1802,-2.829,-1.4847,-0.38024,-0.00022073,-1.009,0.3638,0.35415,-0.29929
8.7922,-1.9103,2.5991,0.33857,0.01528,-0.049769,-0.36484,0.54869,-0.39838,8.6417,3.2934,1.1357,0.25021,0.04056,-0.5532,-0.4155,-0.19108,-0.53241,8.7671,-3.2999,3.4365,0.43602,0.013813,-0.39107,-0.4619,0.58104,-0.081952,-8.1205,0.95361,-1.5384,0.066012,0.059681,-1.1181,0.42101,-0.33932,0.5331,-10.049,-3.1776,-0.80532,-0.4644,-0.17025,-1.3052,0.4059,0.38478,-0.31781
9.3191,-1.9369,2.4986,0.24195,0.052708,-0.094884,-0.36017,0.52499,-0.39282,9.1952,3.4342,0.98791,0.28385,-0.087893,-0.40765,-0.43528,-0.19165,-0.54138,9.0708,-3.3758,3.7502,0.38568,0.019745,-0.37556,-0.46616,0.58816,-0.082525,-7.6517,1.7071,-1.5201,-0.033852,0.075702,-1.2028,0.45755,-0.32449,0.51589,-9.4512,-4.0548,-1.2061,0.23493,-0.14662,-1.5033,0.40283,0.43896,-0.32981
9.5088,-1.8109,2.2372,0.21943,0.079561,-0.14002,-0.35865,0.5169,-0.38006,9.0682,3.5459,0.70495,0.25109,-0.17734,-0.19888,-0.44106,-0.19797,-0.54096,9.6838,-3.6907,4.0783,0.41216,0.0276,-0.36054,-0.4789,0.56524,-0.04897,-7.654,1.7715,-2.3384,0.27899,0.27718,-1.2244,0.46298,-0.31117,0.53881,-8.9135,-8.0662,-1.2083,0.70082,0.27744,-1.6227,0.43846,0.4504,-0.33986
9.2459,-2.0566,1.9289,0.11977,0.12696,-0.18698,-0.36746,0.51789,-0.36453,8.9604,3.5362,0.62004,0.082629,-0.18362,0.061911,-0.43606,-0.21622,-0.54288,9.9658,-3.7536,3.9954,0.49683,0.040843,-0.32891,-0.46511,0.5734,-0.057507,-7.9303,1.6753,-1.9342,0.45879,0.22299,-1.1411,0.45886,-0.31557,0.51746,-9.2641,-7.1612,-0.97718,0.35125,0.30985,-1.7325,0.45486,0.50584,-0.34631
9.5702,-1.9122,2.1812,0.097965,0.11278,-0.22132,-0.36701,0.51136,-0.37563,9.0438,4.1523,0.56244,0.016352,-0.12209,0.24783,-0.46307,-0.19179,-0.55599,9.7293,-3.5914,4.1277,0.55057,-0.013873,-0.23669,-0.48101,0.58462,-0.058428,-7.8794,-0.28864,-2.124,0.56606,0.39891,-0.95732,0.44356,-0.31588,0.52581,-9.553,-3.4236,-1.8357,0.1292,0.19849,-1.7056,0.47848,0.51576,-0.3392
10.08,-1.6889,1.8741,-0.01188,0.089806,-0.2403,-0.3782,0.54106,-0.33556,9.1079,3.9173,0.53225,-0.047197,-0.087732,0.41189,-0.44929,-0.2019,-0.55425,10.007,-3.5745,4.3232,0.54191,-0.1002,-0.14636,-0.51353,0.55899,-0.059166,-8.9519,1.6543,-2.3966,0.48268,0.25715,-0.86032,0.46969,-0.28515,0.54529,-9.0888,-5.1477,-0.60266,0.3651,-0.079233,-1.6111,0.47775,0.5293,-0.35256
10.305,-1.9781,1.8036,-0.11016,0.18054,-0.23789,-0.35084,0.50936,-0.35107,9.3739,3.5438,0.51997,-0.25632,-0.1395,0.632,-0.47652,-0.19871,-0.53096,10.38,-3.6858,4.1894,0.44263,-0.071979,-0.1431,-0.47338,0.55629,-0.039166,-11.124,1.1251,-1.6433,-0.26112,0.20905,-0.79453,0.49763,-0.29992,0.55066,-9.5867,-4.9715,-1.5211,0.15772,0.0039364,-1.4065,0.51823,0.54323,-0.32676
9.7438,-3.2277,1.6969,-0.17281,0.14859,-0.28462,-0.36731,0.53242,-0.35686,9.8521,3.6804,0.65689,-0.44364,-0.15626,0.76035,-0.45866,-0.20681,-0.53233,10.527,-3.5347,3.7852,0.36521,0.013453,-0.13135,-0.48205,0.58192,-0.036272,-8.4223,0.29433,-1.5599,-0.6879,0.4183,-0.79,0.49833,-0.27465,0.52649,-9.4151,-3.1669,-1.1907,-0.27066,-0.021563,-1.1096,0.54204,0.54621,-0.32865
10.434,-2.7117,1.6678,-0.26396,0.1437,-0.2653,-0.36592,0.52135,-0.32267,9.311,3.7311,0.81085,-0.38922,-0.19265,0.87791,-0.47918,-0.195,-0.51669,10.138,-3.3865,3.5326,0.36474,0.075781,-0.109,-0.47931,0.56907,-0.010291,-10.028,1.6305,-1.7884,-0.56753,0.53871,-0.80494,0.51113,-0.24653,0.53833,-9.2505,-3.8241,-1.5158,-0.59928,-0.031917,-0.73899,0.52414,0.55225,-0.30651
11.023,-2.5429,1.2601,-0.30144,0.091195,-0.24259,-0.36215,0.52142,-0.32609,9.2997,3.4022,1.0036,-0.35821,-0.19731,0.98612,-0.47448,-0.21719,-0.53718,9.7314,-3.1496,3.3014,0.30832,0.080828,-0.15479,-0.50734,0.5523,0.0095608,-11.684,0.28883,-1.9023,-0.16268,0.05129,-0.83156,0.49433,-0.24933,0.55196,-9.4493,-2.839,-1.6302,-0.21007,-0.1086,-0.37775,0.55496,0.5674,-0.34213
11.041,-3.6839,1.0408,-0.37479,0.028155,-0.22294,-0.35192,0.54031,-0.31437,9.8527,3.2041,1.184,-0.45546,-0.084944,0.96271,-0.48016,-0.19864,-0.54682,8.7111,-2.8348,2.9978,0.11465,0.11265,-0.1828,-0.49815,0.57196,0.013615,-7.9488,0.77627,-1.8339,-0.36898,-0.34427,-0.82678,0.49963,-0.22721,0.55872,-9.6661,-2.5734,-2.1722,0.26429,-0.077022,-0.045276,0.55079,0.54467,-0.33712
10.929,-3.1242,0.42051,-0.33624,-0.020892,-0.20195,-0.36367,0.52695,-0.33458,10.206,3.5812,1.1961,-0.32816,0.045226,0.73834,-0.4738,-0.20674,-0.54151,8.1869,-2.5648,2.8097,-0.07649,0.080349,-0.20752,-0.5105,0.57195,0.030175,-10.6,-1.1884,-1.7556,-0.080159,-0.48084,-0.82449,0.51955,-0.21066,0.5524,-9.4971,-2.2662,-1.6684,0.29728,0.11539,0.32103,0.56921,0.54417,-0.34979
10.438,-3.559,-0.015155,-0.31751,-0.1025,-0.18222,-0.35512,0.52975,-0.30913,9.9666,3.6887,1.0302,-0.26668,0.22269,0.70479,-0.46739,-0.18842,-0.52506,8.6202,-2.3527,2.7637,-0.15511,0.048686,-0.22171,-0.49459,0.5883,0.03247,-11.928,-2.3998,-1.6712,0.17054,-0.46874,-0.71172,0.53565,-0.21856,0.55842,-9.5062,-3.3968,-0.21668,0.38813,0.19012,0.54203,0.55862,0.54096,-0.35579
9.4767,-4.1617,0.035779,-0.36738,-0.14485,-0.15659,-0.36457,0.51288,-0.31936,10.159,3.7278,0.95784,-0.40818,0.22148,0.6208,-0.48609,-0.20914,-0.54047,8.955,-1.7982,2.8734,-0.18728,-0.022711,-0.20098,-0.49667,0.58534,0.063663,-9.4849,-1.1759,-1.5062,-0.29126,0.15166,-0.66168,0.51327,-0.21343,0.57797,-9.4253,-2.618,-0.032731,0.26169,0.22903,0.30371,0.57986,0.50728,-0.36472
9.4648,-3.8964,0.55057,-0.37869,-0.17077,-0.093228,-0.35387,0.54248,-0.32218,10.832,4.0186,0.79756,-0.46833,0.041316,0.37039,-0.4829,-0.20817,-0.54624,8.7126,-1.452,2.9899,-0.32135,-0.11061,-0.1603,-0.48769,0.59858,0.049516,-9.8098,-0.94413,-0.53866,-0.26557,0.39617,-0.6956,0.51805,-0.20965,0.57839,-9.6953,-1.9367,-0.011822,0.38841,0.21254,0.62596,0.58609,0.48446,-0.38955
9.3904,-3.3668,0.94806,-0.43603,-0.24218,-0.11346,-0.36424,0.53474,-0.33382,11.243,4.1398,0.538,-0.48464,-0.072558,0.15686,-0.47865,-0.17981,-0.56017,8.1567,-1.6147,2.6508,-0.51655,-0.19978,-0.15952,-0.48209,0.60601,0.077241,-9.78,-1.4326,-0.11937,-0.89969,0.16657,-0.42017,0.49004,-0.19701,0.58071,-9.9309,-2.2061,1.6965,0.5696,0.11817,0.4561,0.59412,0.47709,-0.39991
9.4665,-3.6003,1.1898,-0.44765,-0.19709,-0.05586,-0.36962,0.52898,-0.31822,10.919,3.8632,0.24573,-0.49161,0.039884,0.10899,-0.46415,-0.1864,-0.52404,7.8087,-1.2932,2.6341,-0.63765,-0.28051,-0.13082,-0.49289,0.58974,0.073486,-9.1992,-0.36269,-0.4268,0.40691,0.037604,-0.18105,0.51038,-0.19227,0.60453,-10.109,-1.2104,0.39669,0.42733,-0.030733,0.66391,0.60463,0.46852,-0.36783
9.1676,-3.5908,1.6303,-0.42552,-0.15296,0.0024853,-0.37674,0.54572,-0.30197,10.562,3.6454,0.14458,-0.49179,0.148,0.13923,-0.50452,-0.1806,-0.5165,7.6457,-0.93211,2.6687,-0.72996,-0.34824,-0.09065,-0.45632,0.61327,0.091672,-9.5928,-0.67654,-2.2884,0.20221,0.095734,-0.072584,0.49507,-0.17607,0.58558,-11.668,-1.4499,-1.6338,-0.080435,0.46507,0.76786,0.5965,0.46006,-0.37428
8.8791,-3.6009,1.8893,-0.42411,-0.11929,0.027314,-0.36459,0.55301,-0.29536,9.3894,4.4007,-0.063468,-0.36664,0.10155,0.12711,-0.47852,-0.17992,-0.53986,7.6435,-1.0227,2.6772,-0.67596,-0.38633,-0.045906,-0.47135,0.63348,0.10515,-9.5144,-1.1324,-1.85,-0.63329,-0.090592,-0.21351,0.50655,-0.14349,0.57712,-10.56,-2.6512,-2.1593,-0.12221,0.23376,0.86866,0.6046,0.43128,-0.38462
