8.7854,0.18826,3.6882,-0.36876,-0.17878,-0.098908,-0.72202,-0.00782,-0.97818,10.677,3.0597,2.0415,-1.387,0.82823,-1.3362,-0.80116,-0.75614,-0.43172,9.5564,-3.7405,2.8611,-0.20862,-0.38177,-0.80853,-1.7744,1.6211,-0.16273,-14.407,-4.0432,-1.9708,-0.2857,0.48246,2.5169,0.37552,-0.57292,0.38144,-9.1769,3.5268,-2.5278,0.10204,-0.19552,1.6726,0.49455,0.64242,0.22338
8.3956,-0.18015,3.9663,-0.28574,-0.20485,-0.056769,-0.72894,0.003192,-0.97408,9.7857,2.4172,1.586,-1.1908,0.95158,-1.3303,-0.76617,-0.75459,-0.54748,9.1132,-2.5731,2.9979,-0.57126,-0.2031,-0.4721,-1.8219,1.5795,-0.11691,-12.041,-3.7939,-1.946,-1.7324,0.53953,2.5736,0.27821,-0.62902,0.39608,-10.164,3.9316,-1.6245,-1.8739,-0.26534,1.587,0.55261,0.59145,0.23197
7.2327,-0.38455,3.6876,-0.1923,-0.1305,0.01951,-0.73502,0.012104,-0.96954,8.2827,2.1908,1.3255,-0.65469,0.98468,-1.2717,-0.71912,-0.74433,-0.64247,7.8331,-3.3073,2.9568,-0.97516,-0.08564,-0.10535,-1.8413,1.5544,-0.04723,-8.5987,-3.6513,-2.2971,-2.9166,0.53743,2.2955,0.18914,-0.70049,0.36834,-9.2281,0.21304,-3.2921,-2.3592,-0.39734,1.5816,0.6093,0.52067,0.26524
6.7476,-0.35226,3.9975,-0.15717,-0.10467,0.097846,-0.73974,0.019888,-0.96708,7.1733,2.4045,1.2808,-0.36638,0.89765,-1.2507,-0.66403,-0.74394,-0.7067,6.847,-3.8589,3.2448,-0.56663,-0.10166,0.11378,-1.8407,1.5632,0.032267,-7.3055,-5.3554,-2.4644,-2.3253,0.39498,1.9703,0.1169,-0.76609,0.31788,-8.5802,-2.031,-3.2722,-1.9524,-0.25257,1.2323,0.65472,0.45403,0.28951
6.7995,-0.42664,3.9675,-0.040217,-0.2305,0.13503,-0.7498,0.0268,-0.95917,6.9892,2.6081,1.2878,-0.43196,0.73769,-1.1567,-0.61173,-0.74934,-0.75224,7.3118,-3.5701,3.3544,0.01192,-0.11816,0.17462,-1.8175,1.5979,0.10797,-7.5134,-5.418,-2.0483,-1.834,0.35366,1.4459,0.06155,-0.81117,0.26229,-8.9292,-0.62009,-2.5572,-1.0743,-0.088322,0.99433,0.68689,0.40263,0.3032
7.7977,-0.38401,4.2738,0.030642,-0.30611,0.19393,-0.75948,0.034109,-0.95165,6.9513,2.3504,1.4249,-0.45612,0.55789,-0.89609,-0.56572,-0.75053,-0.78974,7.8593,-3.2235,3.4496,0.19419,-0.12113,0.11495,-1.7704,1.6452,0.17832,-6.7031,-5.5772,-0.84647,-1.4983,0.32604,0.70631,0.033954,-0.8375,0.2013,-10.404,3.5648,-1.0693,-0.53848,-0.27551,0.93077,0.71347,0.36223,0.30743
8.3194,-0.2263,4.5474,0.14654,-0.29133,0.20504,-0.77353,0.035973,-0.94305,7.0651,2.1773,1.6241,-0.2928,0.36414,-0.59081,-0.531,-0.74966,-0.81237,8.583,-3.3318,3.5993,0.30272,-0.12783,0.043713,-1.716,1.7044,0.25106,-5.6693,-6.136,-0.76506,-0.64304,0.37842,-0.27197,0.038341,-0.84022,0.14631,-8.9255,1.2225,-1.8499,-0.67129,-0.24863,0.9723,0.73892,0.32163,0.30161
8.3198,-0.24037,4.3608,0.28941,-0.16519,0.19739,-0.78385,0.035089,-0.93522,6.9346,1.9796,1.8994,-0.093135,0.16172,-0.25212,-0.51055,-0.74985,-0.81895,8.4927,-3.2512,3.5672,0.43962,-0.12061,0.065947,-1.6583,1.7697,0.31238,-6.6977,-1.9151,-3.2062,1.2527,0.76689,-0.93279,0.069672,-0.82267,0.13403,-9.6475,-0.11592,-2.6501,-0.83141,-0.11767,0.77495,0.75542,0.28089,0.30328
8.2813,-0.40391,4.5758,0.36488,-0.079283,0.22448,-0.78748,0.027522,-0.93288,6.9435,1.9293,2.2686,0.17171,-0.038857,0.10209,-0.50551,-0.75551,-0.80729,8.3537,-3.2357,3.6042,0.56595,-0.12754,0.17202,-1.5707,1.844,0.35888,-14.532,18.806,2.0908,1.7579,1.2837,-1.1423,0.12324,-0.79949,0.17811,-9.5416,0.029745,-1.7216,-0.66793,-0.2523,0.6515,0.76722,0.24638,0.30324
8.975,-0.14363,4.7917,0.32505,0.12485,0.23549,-0.78814,0.024538,-0.93289,7.8939,2.0248,2.547,0.41219,-0.2247,0.49233,-0.51234,-0.7664,-0.7809,9.3725,-3.5129,3.6855,0.7695,-0.080654,0.2468,-1.4571,1.9116,0.38213,-13.641,14.307,-0.84993,-2.6654,-0.42614,0.10084,0.1269,-0.80934,0.12636,-8.7768,1.0308,-2.7817,-0.57888,-0.1635,0.5149,0.77736,0.22,0.29825
10.069,-0.27181,5.0081,0.40308,0.14124,0.20373,-0.78489,0.019299,-0.93758,8.5432,2.0262,2.7284,0.74033,-0.4106,0.89601,-0.52818,-0.78219,-0.73671,10.206,-3.2495,3.3684,0.97925,0.039123,0.31909,-1.35,1.9677,0.36588,-5.6536,-11.068,-5.1259,-1.7399,-0.28099,-0.87349,0.13219,-0.8221,0.042605,-10.645,0.4337,-4.69,-1.4747,-0.038982,0.20492,0.78359,0.19518,0.30497
12.234,-1.1494,5.2128,0.42589,0.37658,0.21388,-0.77516,0.00865,-0.94669,10.273,2.5124,2.9138,1.0007,-0.58224,1.4731,-0.56718,-0.80095,-0.67486,12.223,-3.1669,3.114,0.54159,0.10904,0.38025,-1.2784,2.0048,0.33296,-15.213,5.5941,0.80857,0.11069,0.52298,-0.6246,0.15612,-0.82234,0.030414,-11.844,-5.5041,-3.3143,-1.4703,-0.025247,-0.54221,0.78103,0.18578,0.31705
11.429,-1.4658,4.4286,0.48025,0.54171,0.22224,-0.75588,-0.001574,-0.96069,12.057,2.9856,3.2574,1.3581,-0.76856,2.2076,-0.63156,-0.80374,-0.59531,13.238,-4.1341,3.4322,0.63192,0.18543,0.36834,-1.2866,1.9913,0.25231,-8.5945,-4.8477,-3.1511,0.51857,0.10937,-1.0033,0.17986,-0.81851,0.022119,-12.864,-7.999,0.18022,-0.57963,-0.23,-1.7843,0.76728,0.22018,0.32836
8.4269,-1.4329,4.0778,0.61563,0.19411,0.16341,-0.73895,-0.019734,-0.97364,10.54,2.8209,3.2667,1.8787,-0.80114,2.4402,-0.71971,-0.7817,-0.49481,11.069,-3.3938,2.9146,1.2508,0.27011,0.59125,-1.352,1.9286,0.03167,-9.4046,-6.989,-2.9849,1.771,0.45043,-1.1891,0.2138,-0.80173,0.073512,-10.205,-2.1012,-2.396,0.68489,0.46661,-2.7168,0.72552,0.3064,0.34322
8.5525,-1.8254,3.7852,0.61204,-0.20636,0.11222,-0.74292,-0.0422,-0.96824,9.6485,3.2714,3.3824,1.8598,-0.82362,2.1121,-0.78879,-0.73169,-0.39288,9.918,-2.6196,2.3019,1.3977,0.33715,0.89778,-1.3695,1.8338,-0.26115,-11.405,-1.0246,-1.8087,0.70814,0.3576,-1.59,0.2671,-0.7671,0.12564,-15.932,3.9587,-1.6696,0.76129,0.86173,-2.854,0.65542,0.40498,0.36275
9.3608,-1.3116,3.3694,0.49117,-0.11219,0.11173,-0.75019,-0.059531,-0.9591,10.986,4.5901,3.3553,0.73132,-0.78956,1.752,-0.82355,-0.66059,-0.33193,10.868,-2.5951,2.2548,1.3395,0.44681,0.98564,-1.3127,1.7038,-0.54635,-9.4751,-2.0024,-2.8792,-0.003884,0.24485,-1.5753,0.32101,-0.73317,0.13499,-14.733,4.1484,-1.9775,0.77658,0.76677,-2.9275,0.57134,0.48064,0.38739
8.6174,-0.61132,3.8906,0.44897,-0.060453,0.06947,-0.75138,-0.074663,-0.95675,10.045,3.3078,2.8771,0.43232,-0.6218,1.3122,-0.83088,-0.59832,-0.32834,9.5908,-1.8735,1.531,0.88053,0.60722,0.91275,-1.214,1.5385,-0.7929,-9.8504,-1.3319,-2.1598,0.89939,0.28176,-1.5933,0.37721,-0.68903,0.16061,-13.13,4.3337,-1.5615,0.58591,1.2544,-2.5971,0.48731,0.53857,0.40775
7.3524,-0.24494,3.7342,0.40987,-0.1564,0.000397,-0.75658,-0.089894,-0.94916,8.9091,3.0229,3.141,1.234,-0.41799,0.71961,-0.82263,-0.58421,-0.33238,8.2996,-1.8569,1.3596,0.30389,0.66042,0.88534,-1.0998,1.4016,-0.95551,-9.3745,-0.91017,-2.1357,1.2374,0.16759,-1.5366,0.42792,-0.63662,0.19939,-10.423,4.7473,0.44259,0.98197,1.0555,-2.1864,0.40574,0.57717,0.42934
6.7411,-0.32868,3.6693,0.39034,-0.1066,-0.02727,-0.76083,-0.10768,-0.94368,7.5391,4.1666,2.8025,1.2099,-0.32498,0.25427,-0.81221,-0.61236,-0.32027,7.0038,-2.1663,1.5018,0.023568,0.67084,0.93852,-0.98068,1.3119,-1.0462,-8.7455,1.5012,-2.4858,1.3013,0.088143,-1.3179,0.47063,-0.57991,0.23518,-8.2467,3.6074,-1.1971,1.251,1.0714,-1.609,0.34177,0.61626,0.42817
6.9346,-0.30119,3.8202,0.032638,-0.27792,-0.028817,-0.76866,-0.11388,-0.9372,7.2309,4.5241,3.0793,0.39993,-0.38052,0.061473,-0.80582,-0.64453,-0.3024,6.9556,-2.4476,1.4815,0.17206,0.57616,0.88635,-0.86965,1.2534,-1.1015,-9.1557,1.2682,-2.7639,1.0258,0.25427,-1.135,0.507,-0.52788,0.27199,-6.9232,6.0621,0.01222,1.0373,0.75038,-1.1157,0.29038,0.6499,0.42288
7.65,-0.21871,3.9903,-0.044944,-0.24004,-0.070043,-0.77901,-0.11313,-0.92723,7.7088,3.9112,3.4633,-0.060571,-0.41964,0.068624,-0.80151,-0.65939,-0.29163,7.5155,-2.3054,1.7857,0.43497,0.47475,0.68877,-0.77973,1.2088,-1.1458,-9.517,-2.3124,-2.3321,0.66643,0.13703,-0.93364,0.53315,-0.48233,0.29124,-5.3661,5.2691,0.4099,0.62959,0.33145,-0.55644,0.25946,0.67545,0.4072
8.2004,-0.37202,4.1725,-0.15327,-0.19301,-0.10955,-0.7869,-0.113,-0.92417,8.0683,3.737,3.8876,-0.10021,-0.41853,0.090347,-0.79712,-0.66403,-0.28002,7.6951,-1.801,1.6183,0.25485,0.42467,0.43068,-0.71611,1.1788,-1.1758,-9.3666,-2.217,-1.6764,0.5588,0.023494,-1.0738,0.55946,-0.43656,0.30098,-6.5212,4.0248,1.0594,0.23303,0.13136,0.41249,0.25398,0.69096,0.38909
8.6092,-0.40652,4.5708,-0.25492,-0.074252,-0.14662,-0.7935,-0.10748,-0.91935,8.5629,3.85,4.0491,-0.32653,-0.35697,0.011728,-0.79245,-0.65906,-0.27357,7.763,-1.7508,1.8532,-0.11138,0.31082,0.15979,-0.67512,1.1832,-1.1773,-9.7488,-0.96965,-2.6158,0.66331,0.049944,-1.0557,0.58774,-0.38871,0.31262,-6.9185,0.22247,-0.52637,-0.25988,0.086627,0.84605,0.27076,0.69345,0.37707
8.7959,-0.31183,4.6027,-0.32833,0.078385,-0.17106,-0.79369,-0.10089,-0.92264,9.0633,3.8679,4.3438,-0.58749,-0.23251,-0.15164,-0.78006,-0.64462,-0.27932,8.0921,-1.9762,2.0846,-0.42691,0.15104,-0.14111,-0.66013,1.2276,-1.1482,-10.658,1.3226,-2.8466,0.63641,0.063741,-0.90516,0.61099,-0.34374,0.32091,-10.025,-7.7136,-8.347,-1.3164,0.6799,1.4982,0.30007,0.6793,0.38537
9.2342,-0.56028,4.7163,-0.3816,0.087375,-0.20761,-0.79005,-0.093259,-0.92727,9.8536,3.8004,4.2439,-0.88369,-0.10653,-0.36359,-0.76433,-0.61984,-0.28789,8.6381,-2.2198,2.3244,-0.51219,-0.033524,-0.48679,-0.67101,1.2999,-1.096,-9.4387,0.048517,-1.8904,0.54648,-0.15318,-0.79222,0.62985,-0.30815,0.32576,-16.567,-22.155,-9.5946,1.9298,1.3913,0.009724,0.29546,0.68104,0.39125
9.9262,-0.83226,4.6452,-0.36255,0.10731,-0.1912,-0.78766,-0.086318,-0.93005,11.099,3.5009,3.9925,-1.089,0.1099,-0.5402,-0.75038,-0.58552,-0.29469,9.5223,-2.2003,2.4891,-0.6456,-0.216,-0.83681,-0.71053,1.3897,-1.0164,-11.363,-0.81033,-2.7909,0.99821,-0.094573,-0.44163,0.64059,-0.28226,0.32959,-5.5345,3.1108,0.47595,1.7914,-0.73619,-0.21623,0.2792,0.71339,0.3443
12.633,-0.013427,5.6559,-0.46097,0.38304,-0.20677,-0.77421,-0.076519,-0.94186,11.867,2.9388,3.4066,-0.72468,0.37431,-0.79962,-0.74368,-0.56082,-0.27541,10.814,-2.537,2.4509,-0.81312,-0.37308,-1.1735,-0.78784,1.4939,-0.89804,-12.147,6.2058,-2.6793,1.226,-0.3473,0.50666,0.64893,-0.27176,0.33622,-14.232,-8.9804,-3.6106,2.145,1.0616,0.99681,0.28657,0.73068,0.3001
11.795,0.30928,4.443,-0.37555,0.51701,-0.29856,-0.75453,-0.068173,-0.95517,14.054,3.8558,3.2274,-0.55016,0.55626,-0.85472,-0.75175,-0.57272,-0.22214,13.192,-2.6464,2.6062,-1.1362,-0.47908,-1.7175,-0.92434,1.5852,-0.74373,-12.957,8.4684,0.6932,0.6246,-0.72998,1.5652,0.63962,-0.30894,0.32621,-10.593,7.416,-2.0183,2.0566,-0.72935,0.081915,0.29436,0.75147,0.22607
9.3658,0.27035,4.2303,-0.45745,0.28287,-0.23772,-0.73579,-0.062736,-0.97119,12.311,3.6882,2.363,-0.76494,0.66319,-0.95765,-0.78624,-0.6384,-0.18266,11.036,-2.777,2.967,-1.5315,-0.58663,-1.8742,-1.1169,1.6138,-0.56057,-11.987,1.9118,-1.516,0.11301,-0.37475,2.4239,0.60329,-0.39311,0.31545,-8.0797,10.155,-2.6408,-1.9277,0.46212,1.3502,0.31457,0.73164,0.24789
8.7659,0.88433,3.8119,-0.66554,-0.1685,-0.16317,-0.73526,-0.04494,-0.97075,10.333,2.7706,1.676,-0.92909,0.65379,-1.4068,-0.82304,-0.74029,-0.21666,8.9578,-3.1903,3.6272,-1.3401,-0.65751,-1.4703,-1.2783,1.5916,-0.38198,-13.474,-5.4122,-1.913,0.3954,0.31749,2.6761,0.53731,-0.48607,0.32133,-12.619,0.86082,-2.4288,-0.28042,0.048275,1.6968,0.37204,0.69315,0.27953
9.2352,0.55659,3.306,-0.60828,-0.006594,-0.22488,-0.7382,-0.026277,-0.96736,10.301,3.5159,1.4581,-1.3752,0.58165,-1.647,-0.82223,-0.81663,-0.32285,9.9388,-3.8694,3.2432,-0.53411,-0.54702,-1.105,-1.3968,1.5524,-0.26022,-16.379,-3.694,-1.2455,0.50112,0.34702,2.7333,0.44925,-0.55896,0.35131,-8.7514,3.0493,-3.2689,0.3718,-0.15946,1.6377,0.42787,0.66343,0.25776
8.962,-0.24344,3.8359,-0.45906,-0.01066,-0.18365,-0.73596,-0.01173,-0.96765,9.754,3.1546,1.4944,-1.825,0.51658,-1.4535,-0.78646,-0.83147,-0.4652,9.718,-2.5751,2.4252,-0.64067,-0.27353,-0.80952,-1.4819,1.5042,-0.197,-13.448,-4.4905,-1.7034,-0.63138,0.55117,2.6417,0.3548,-0.61772,0.38136,-10.3,3.5009,-2.1733,-0.5304,-0.077978,1.737,0.48768,0.629,0.24264
7.9555,-0.44935,3.618,-0.3903,-0.1374,-0.079159,-0.73906,0.000324,-0.96503,8.5511,2.3415,1.2403,-1.4177,0.54629,-1.096,-0.74803,-0.80053,-0.58837,8.5582,-2.7301,2.733,-1.387,-0.096612,-0.46062,-1.537,1.4663,-0.12334,-9.901,-3.0945,-2.1739,-2.3819,0.57978,2.5183,0.25928,-0.68507,0.3751,-10.017,2.2857,-1.0961,-2.0294,-0.34578,1.5851,0.5473,0.57537,0.25936
6.9054,-0.32949,3.5437,-0.25599,-0.043682,-0.016556,-0.74367,0.011951,-0.96044,7.1812,2.0052,1.138,-0.72052,0.56763,-0.9419,-0.7084,-0.77194,-0.66781,7.2783,-3.8068,2.9475,-1.3463,-0.12775,-0.21911,-1.5691,1.4461,-0.022193,-7.487,-4.743,-2.0185,-2.5401,0.45276,2.2735,0.17507,-0.75351,0.32957,-9.2364,-0.054325,-3.7262,-2.1673,-0.31635,1.4297,0.60008,0.50968,0.28885
6.5174,-0.29768,3.7797,-0.14605,-0.10561,0.039466,-0.74543,0.019445,-0.958,6.7345,2.5118,1.1546,-0.50692,0.53552,-0.83535,-0.67089,-0.76158,-0.71817,6.7134,-4.0713,3.0804,-0.50219,-0.23358,-0.091371,-1.581,1.4413,0.070729,-6.7222,-5.3248,-2.0626,-1.9487,0.34836,1.8147,0.10885,-0.80659,0.28367,-9.273,-0.34317,-2.2485,-1.9964,-0.31419,1.2449,0.64313,0.44851,0.31243
6.8151,-0.30071,3.9386,-0.090419,-0.1553,0.099984,-0.75245,0.027327,-0.95348,6.7033,2.4095,1.2512,-0.57569,0.41348,-0.64872,-0.64031,-0.75134,-0.75646,7.0192,-3.5003,3.2952,0.072961,-0.30139,-0.081,-1.5645,1.4462,0.14843,-6.668,-5.625,-1.9411,-1.4502,0.35433,1.1282,0.064685,-0.83777,0.22831,-8.6865,0.69046,-1.6905,-0.88968,-0.26887,1.1662,0.67944,0.39484,0.32102
7.4854,-0.21851,4.2725,-0.024011,-0.23573,0.13516,-0.76201,0.031651,-0.9462,6.8985,2.2283,1.6039,-0.47241,0.29903,-0.47944,-0.61371,-0.74096,-0.78291,7.5303,-3.297,3.5585,0.2029,-0.28141,-0.1151,-1.5239,1.4633,0.22453,-5.8195,-5.9864,-0.81326,-1.3773,0.24414,0.16473,0.053582,-0.85352,0.16532,-10.016,3.004,-1.4378,-0.6003,-0.32441,1.0969,0.71007,0.34797,0.32168
8.1714,-0.046947,4.4579,0.10541,-0.23268,0.14635,-0.77177,0.034842,-0.94027,7.2125,2.0631,1.6731,-0.29976,0.18866,-0.24577,-0.5967,-0.73786,-0.79782,8.3223,-3.5419,3.8364,0.30905,-0.25568,-0.16065,-1.4771,1.4963,0.30708,-5.9655,-4.1682,-1.7185,-0.041189,0.70155,-0.54197,0.069124,-0.8476,0.11801,-9.1672,0.17883,-2.1332,-0.73846,-0.24493,1.0739,0.73693,0.30386,0.31636
8.6321,-0.25874,4.6242,0.2194,-0.077469,0.13859,-0.77959,0.032463,-0.93584,7.6011,2.0269,2.1322,0.042159,0.063616,0.057591,-0.58969,-0.7404,-0.79688,8.7192,-3.5054,4.0153,0.44728,-0.1837,-0.12314,-1.42,1.5419,0.37292,-9.3094,5.6767,-4.3923,2.6433,1.1696,-0.90182,0.10859,-0.8244,0.13911,-9.9188,-0.93543,-2.9109,-0.75284,-0.18702,0.82691,0.75427,0.26063,0.31837
8.6385,-0.27521,5.027,0.24545,0.12232,0.2071,-0.77707,0.028106,-0.93922,7.9098,2.1133,2.2875,0.38511,-0.11042,0.41314,-0.59355,-0.7533,-0.77543,9.0846,-3.4101,3.9899,0.53559,-0.11516,0.041486,-1.3401,1.5905,0.41237,-17.008,30.035,2.8242,-0.95278,1.0568,-0.032539,0.13754,-0.81256,0.16745,-9.6171,-0.26801,-1.9179,-0.57479,-0.2688,0.57071,0.76595,0.22968,0.31549
8.9149,-0.11458,5.06,0.25731,-0.008092,0.24237,-0.77557,0.026976,-0.94131,8.6388,2.319,2.3513,0.7069,-0.29262,0.72623,-0.61103,-0.77402,-0.73867,10.133,-3.6241,3.9557,0.70297,-0.005832,0.22058,-1.2532,1.6486,0.4236,-7.4096,-0.50942,-1.0462,-2.6454,-0.51941,-0.1916,0.13203,-0.83012,0.086201,-10.304,1.585,-3.2692,-0.92431,-0.054458,0.32177,0.77252,0.20649,0.31455
11.624,-0.64153,5.4204,0.32315,0.12087,0.21299,-0.77386,0.021587,-0.94471,9.4118,2.9233,2.6965,0.74285,-0.53578,1.1028,-0.64214,-0.79954,-0.68422,10.829,-3.051,3.3304,0.6845,0.10598,0.37119,-1.1784,1.7043,0.39454,-10.503,-0.84574,-2.4735,-0.46781,0.37214,-1.0976,0.16098,-0.83215,0.028185,-10.54,-3.9217,-4.7074,-1.7285,0.072497,-0.21417,0.77256,0.18693,0.32611
11.921,-1.2937,4.8812,0.36791,0.41169,0.27744,-0.76232,0.014982,-0.95499,11.263,3.0454,2.9539,0.72484,-0.75334,1.6454,-0.69576,-0.80956,-0.6182,12.365,-3.6029,3.4904,0.50363,0.15914,0.39973,-1.1403,1.7366,0.34614,-16.739,3.3673,1.0279,-1.1125,-1.0435,-0.86279,0.18636,-0.82935,0.009269,-12.355,-7.9036,-0.012614,-1.3569,-0.2942,-1.3127,0.76499,0.19644,0.33623
9.836,-1.4947,3.7449,0.38771,0.32437,0.25295,-0.74563,0.007078,-0.96722,11.514,2.8936,3.239,1.0337,-0.8445,1.9794,-0.77571,-0.79698,-0.53888,12.039,-4.0411,3.696,0.87391,0.23406,0.39487,-1.1691,1.7322,0.2375,-5.4134,-6.2157,-6.5969,0.59451,0.36204,-0.85115,0.21203,-0.82303,0.018935,-10.584,-4.8718,-2.0961,0.097334,0.13871,-2.2586,0.73904,0.25765,0.34613
8.6803,-1.4569,4.0199,0.60797,-0.093052,0.13,-0.74348,-0.007757,-0.96757,9.6939,2.8348,3.4171,1.2817,-0.80797,1.6963,-0.85005,-0.76329,-0.44451,10.528,-3.1961,2.5339,1.1855,0.42847,0.67616,-1.2229,1.7117,0.04445,-11.195,-4.8564,-3.5409,1.6263,0.33878,-1.268,0.24678,-0.80386,0.06762,-14.47,1.1341,-3.3408,1.3396,0.68697,-2.7703,0.68171,0.35506,0.36306
9.7304,-1.7754,3.7422,0.59934,-0.17961,0.14321,-0.74915,-0.028929,-0.9613,10.723,3.6605,3.1113,0.78325,-0.70763,1.2326,-0.89302,-0.71278,-0.36324,11.268,-2.7862,2.0955,1.2847,0.60911,0.95422,-1.238,1.6685,-0.20214,-10.742,-0.94342,-2.6583,0.20358,0.2823,-1.3983,0.29737,-0.77438,0.10828,-17.377,5.4969,-3.8338,0.79943,0.83611,-2.9134,0.60392,0.44064,0.38153
9.3911,-1.0316,3.6848,0.48373,-0.12249,0.1355,-0.75538,-0.046186,-0.95536,10.772,3.3267,2.9546,0.38905,-0.49226,0.94083,-0.90902,-0.64434,-0.32624,11.075,-2.3798,2.105,1.1322,0.70077,1.0275,-1.1971,1.5692,-0.4808,-9.8853,-3.4896,-2.7433,0.054101,0.25907,-1.526,0.35122,-0.74014,0.11972,-13.581,3.6207,-2.1238,0.87207,1.0852,-2.5644,0.52059,0.50487,0.39824
8.3274,-0.45347,3.9043,0.43328,-0.10131,0.095137,-0.75868,-0.059631,-0.94717,9.3018,2.4442,3.0047,1.1009,-0.29424,0.49194,-0.89154,-0.59223,-0.31905,9.3962,-2.0717,1.5804,0.76184,0.70083,1.1212,-1.1062,1.4388,-0.71806,-9.6928,-2.9062,-2.1699,1.2185,0.2786,-1.6157,0.40856,-0.69479,0.15361,-12.111,3.8116,-1.0003,0.9328,1.2703,-2.2202,0.43604,0.54543,0.41732
6.861,-0.17413,3.6861,0.39418,-0.036272,0.003459,-0.76257,-0.07382,-0.94506,7.6002,3.3157,2.8087,1.4419,-0.19625,0.057318,-0.85229,-0.58755,-0.31649,8.008,-2.2584,1.3035,0.5804,0.72809,1.2266,-0.98213,1.3213,-0.88704,-9.0598,-1.193,-2.3541,1.5982,0.14399,-1.6904,0.46382,-0.63277,0.20667,-9.0539,3.9651,0.13492,1.589,1.1524,-1.656,0.37005,0.58168,0.42601
6.1754,-0.10231,3.7784,0.20021,-0.14198,-0.086699,-0.76427,-0.086557,-0.93965,6.5167,4.1177,2.9224,0.73381,-0.29018,-0.15261,-0.81697,-0.60266,-0.31622,7.345,-2.0557,1.1823,0.51494,0.72754,1.2855,-0.85397,1.2252,-0.99619,-9.0867,1.1909,-2.1472,1.4738,0.096776,-1.5235,0.51253,-0.56615,0.25198,-7.0746,5.0916,0.036927,1.1794,0.86779,-1.3186,0.31516,0.61879,0.42213
6.9112,-0.35426,4.1703,-0.029386,-0.23897,-0.10749,-0.77204,-0.090326,-0.93184,6.7549,3.6643,3.4248,-0.006567,-0.3766,-0.12919,-0.78986,-0.61425,-0.3203,7.145,-1.9601,1.2363,0.33746,0.67226,1.2428,-0.73824,1.1563,-1.0649,-8.9948,3.3166,-2.8379,1.1191,0.12381,-1.1691,0.55321,-0.50768,0.28598,-5.889,5.9574,0.79138,1.005,0.42639,-0.80886,0.27447,0.64876,0.41449
7.5455,-0.26235,3.9967,-0.091758,-0.22242,-0.11762,-0.78273,-0.09194,-0.92578,7.3719,3.2307,3.8105,-0.14933,-0.34481,0.044715,-0.77201,-0.61343,-0.32242,7.2132,-2.0654,1.5399,0.32882,0.53365,1.0243,-0.64536,1.114,-1.1047,-9.9829,-1.6926,-2.117,0.66673,0.14436,-0.8752,0.57932,-0.4602,0.3047,-6.5791,5.04,1.3375,0.4905,0.17077,-0.20656,0.25526,0.6717,0.39779
8.6766,-0.45068,4.3621,-0.17503,-0.2319,-0.16134,-0.79124,-0.090211,-0.91911,8.344,3.2855,3.9868,-0.10023,-0.28403,0.21021,-0.76115,-0.60244,-0.31908,7.4811,-2.0134,1.5797,0.24043,0.32977,0.70064,-0.57926,1.0897,-1.1246,-9.1678,-1.8545,-2.1005,0.51391,0.04018,-1.0507,0.60289,-0.41641,0.31379,-7.0479,2.9688,0.3977,-0.043591,-0.054898,0.54787,0.2603,0.68104,0.37986
9.2199,-0.47826,4.6123,-0.19401,-0.029822,-0.15579,-0.79634,-0.091526,-0.91661,9.1469,3.3962,4.1308,-0.17084,-0.1789,0.17594,-0.7567,-0.57777,-0.30826,7.8852,-1.8993,1.7378,0.10202,0.13483,0.24978,-0.546,1.0815,-1.1165,-10.185,-0.46021,-2.9027,0.77755,0.052682,-0.99649,0.62616,-0.36868,0.32703,-8.7363,-1.3129,-3.3701,-0.75839,0.25261,1.2201,0.28379,0.67489,0.3769
9.0562,-0.32202,4.7762,-0.21464,0.15797,-0.20222,-0.7936,-0.088329,-0.92057,9.5775,3.2924,4.0284,-0.27303,-0.05299,-0.005667,-0.75596,-0.5506,-0.28717,8.0212,-1.8034,2.0145,-0.16746,-0.087368,-0.16074,-0.5381,1.0972,-1.0851,-10.237,1.0743,-2.2452,0.63498,-0.057,-0.85486,0.64715,-0.32753,0.33248,-14.796,-23.682,-2.6438,0.051695,1.1945,1.2497,0.3116,0.64881,0.40593
9.1961,-0.57592,4.9995,-0.19515,0.055413,-0.22728,-0.78777,-0.086268,-0.92696,10.45,3.3811,3.7183,-0.32043,0.11023,-0.27635,-0.75947,-0.5304,-0.25091,8.6399,-1.8385,2.2469,-0.48021,-0.29864,-0.54996,-0.54551,1.1431,-1.0259,-9.6253,-0.38341,-2.8015,0.49995,-0.079069,-0.67183,0.66301,-0.29495,0.33654,-12.786,-4.6742,-2.2672,2.1275,-0.52116,-0.30252,0.29636,0.67606,0.37741
11.618,-0.40465,5.4815,-0.24565,0.19198,-0.14558,-0.78568,-0.083922,-0.92797,11.19,3.3439,3.3825,-0.38195,0.2795,-0.45978,-0.76947,-0.53068,-0.18846,9.5761,-2.3415,2.5461,-0.65318,-0.48597,-0.9672,-0.57346,1.215,-0.93395,-11.504,2.6075,-4.2455,1.0869,-0.097955,-0.126,0.67261,-0.27492,0.33733,-7.5727,3.4545,-1.0815,1.1971,-0.29219,0.67005,0.30034,0.69725,0.33079
12.496,0.58325,4.9276,-0.28587,0.4063,-0.23949,-0.77148,-0.078715,-0.9385,13.195,3.6413,3.0073,-0.27521,0.34834,-0.5186,-0.79148,-0.57583,-0.11123,12.198,-2.4228,2.5628,-0.73805,-0.71112,-1.5853,-0.6374,1.2899,-0.82219,-12.4,6.7839,-1.267,0.656,-0.53274,0.92024,0.67311,-0.28584,0.33881,-16.616,-3.4281,1.1152,2.7146,-0.65265,-0.044434,0.30352,0.70822,0.30223
10.241,0.65049,3.747,-0.28392,0.3966,-0.22969,-0.75426,-0.077202,-0.95307,12.284,3.7339,2.9365,-0.45939,0.41398,-0.49554,-0.83714,-0.67017,-0.06978,12.214,-2.2051,2.926,-1.2059,-0.84785,-2.0745,-0.76474,1.3551,-0.68146,-13.027,5.1783,1.8958,0.5412,-0.88014,1.9368,0.65314,-0.34608,0.32445,-4.6238,11.918,-2.7868,-0.92614,0.37524,0.42659,0.30457,0.7137,0.2724
8.8377,0.20271,3.6737,-0.45686,-0.065478,-0.11957,-0.75,-0.068978,-0.95593,10.51,3.3059,2.2603,-0.73067,0.41064,-0.78003,-0.8956,-0.77426,-0.113,9.4783,-2.6099,3.4832,-1.3712,-0.91508,-1.846,-0.91951,1.3879,-0.5119,-11.681,-1.3237,-2.2866,0.045709,-0.18107,2.7254,0.6011,-0.43577,0.31649,-12.917,5.7807,-1.2253,-1.2547,0.095015,1.5746,0.33965,0.67912,0.3109
9.4533,0.94043,3.2206,-0.59476,-0.083656,-0.079494,-0.75497,-0.050416,-0.95289,10.069,3.3848,2.0028,-1.0974,0.40545,-1.1194,-0.92387,-0.84891,-0.22748,9.8066,-3.7823,3.7433,-0.6178,-0.91283,-1.4344,-1.0457,1.3897,-0.36014,-14.766,-4.2598,-2.5329,0.64068,0.544,2.6532,0.52395,-0.52034,0.3341,-9.6753,1.1238,-2.5277,0.27485,-0.17152,1.5804,0.39528,0.64913,0.30611
9.0408,0.51306,3.4684,-0.53161,-0.007981,-0.15091,-0.75284,-0.032113,-0.95253,9.9999,3.2256,1.8486,-1.5697,0.4066,-1.1583,-0.90677,-0.86154,-0.38487,10.345,-3.1223,2.542,0.16,-0.63606,-1.1837,-1.1516,1.3612,-0.27989,-15.197,-4.4589,-1.9487,0.19171,0.36781,2.5514,0.434,-0.5877,0.36359,-9.5225,3.1866,-3.0425,0.15191,-0.16521,1.7371,0.45249,0.62338,0.28048
8.3966,-0.11958,3.6384,-0.41724,-0.12153,-0.12481,-0.75623,-0.018615,-0.95033,9.4774,2.6056,1.7332,-1.5053,0.48842,-0.97092,-0.86698,-0.82392,-0.52694,9.6867,-1.5021,2.5919,-0.73526,-0.36302,-0.89804,-1.2354,1.3266,-0.21798,-11.748,-3.9656,-1.8649,-1.63,0.34033,2.5934,0.34128,-0.65211,0.37337,-10.137,2.0917,-1.009,-1.1507,-0.26443,1.7653,0.51492,0.58211,0.27467
7.4882,-0.096263,3.3333,-0.37574,-0.085832,-0.021043,-0.76165,-0.005549,-0.94579,7.9414,2.0417,1.5657,-0.84893,0.55395,-0.81805,-0.82552,-0.77825,-0.62673,8.1001,-2.7889,2.9618,-1.5603,-0.22874,-0.52482,-1.305,1.3117,-0.11081,-8.8296,-3.8021,-2.3316,-2.295,0.43296,2.4439,0.24929,-0.72501,0.34393,-9.9325,-0.21868,-2.7897,-1.8643,-0.41049,1.6729,0.57518,0.52353,0.29018
6.772,-0.25354,3.3417,-0.27066,-0.050285,0.026295,-0.76362,0.008088,-0.94448,6.8627,2.3945,1.3347,-0.50065,0.56573,-0.81389,-0.78034,-0.75387,-0.68719,6.862,-4.0525,3.031,-1.2119,-0.25631,-0.2803,-1.3522,1.3093,0.008444,-6.9618,-5.2206,-2.0975,-2.1661,0.33483,2.0811,0.16967,-0.78476,0.29651,-9.3176,0.13676,-2.7186,-1.8996,-0.42185,1.4827,0.62622,0.46143,0.30915
6.6365,-0.3577,3.728,-0.23136,-0.1226,0.064965,-0.76703,0.019965,-0.93998,6.6662,2.5815,1.2809,-0.58683,0.49038,-0.74957,-0.74318,-0.73971,-0.73148,6.9958,-4.0635,3.3291,-0.2103,-0.29531,-0.14055,-1.3621,1.3142,0.09896,-6.6693,-5.3924,-1.9714,-1.6903,0.33107,1.4563,0.11062,-0.82563,0.24596,-7.9094,-0.035288,-2.3964,-1.1383,-0.41392,1.3138,0.66893,0.40302,0.31408
7.2478,-0.18581,3.98,-0.17555,-0.14737,0.10353,-0.77438,0.031127,-0.93644,6.8289,2.3699,1.4146,-0.58206,0.37973,-0.56702,-0.7087,-0.72732,-0.7637,7.5984,-3.2002,3.5285,0.13067,-0.2356,-0.077962,-1.3382,1.3272,0.15942,-6.0636,-5.0346,-0.86422,-1.4987,0.24475,0.7076,0.079193,-0.84839,0.18986,-8.9992,2.1507,-2.3044,-0.78241,-0.20993,1.1302,0.70235,0.35408,0.31644
7.9852,-0.096772,4.3219,-0.11579,-0.13495,0.10456,-0.77954,0.039389,-0.93225,7.1362,2.0637,1.5657,-0.27086,0.28006,-0.40115,-0.68504,-0.7232,-0.78134,8.2463,-3.2598,3.7839,0.008033,-0.15186,-0.024768,-1.2971,1.3548,0.22222,-5.6559,-5.925,-0.9751,-0.7555,0.39265,-0.24979,0.078638,-0.85218,0.13439,-9.7789,1.345,-1.5727,-0.65333,-0.36226,1.0108,0.72966,0.31022,0.31193
8.3414,-0.24905,4.637,0.031722,-0.1338,0.12213,-0.78505,0.044446,-0.92967,7.6968,2.2349,1.7206,0.063697,0.18119,-0.15,-0.67011,-0.73305,-0.7824,8.9971,-3.5896,4.1188,0.16631,-0.07727,0.078189,-1.2426,1.399,0.27901,-6.744,-1.972,-3.9873,1.1788,1.0319,-0.93099,0.1067,-0.83877,0.12118,-9.7374,-0.23585,-2.4129,-0.7806,-0.20257,0.86476,0.74937,0.2702,0.30895
8.6318,-0.27391,4.7136,0.1618,0.007393,0.15274,-0.78925,0.043402,-0.92794,7.8523,2.3178,2.1302,0.28249,0.054063,0.20414,-0.6631,-0.74808,-0.76443,9.0749,-3.4904,4.0913,0.43762,-0.009034,0.23765,-1.1705,1.4473,0.30802,-14.452,17.817,1.8609,1.4866,1.3095,-1.0762,0.14798,-0.81561,0.16664,-9.5947,-0.11016,-2.2309,-0.58741,-0.2822,0.7063,0.76277,0.23716,0.30762
9.0555,-0.39681,4.9548,0.22112,0.1267,0.17972,-0.78827,0.042595,-0.93221,8.5992,2.2591,2.2122,0.5819,-0.068461,0.46879,-0.66662,-0.76886,-0.73563,9.7959,-3.3117,3.9525,0.59776,0.049625,0.42364,-1.0879,1.5024,0.30608,-13.014,13.465,0.13893,-2.1895,-0.28267,0.099085,0.15133,-0.82277,0.12506,-9.9011,0.55773,-2.6974,-0.64385,-0.2266,0.49346,0.77311,0.21168,0.30367
10.755,-0.27027,5.1028,0.35974,0.12662,0.14361,-0.78242,0.036849,-0.93841,9.1282,2.4325,2.4252,0.86704,-0.19116,0.71844,-0.67722,-0.7955,-0.68659,10.59,-3.126,3.8219,0.84731,0.12291,0.51441,-1.0109,1.5602,0.27458,-6.8955,-8.8118,-4.103,-1.38,-0.21655,-0.94481,0.15873,-0.83308,0.053528,-10.357,-1.8227,-4.9526,-1.4053,-0.003767,0.032183,0.77783,0.19289,0.30707
12.575,-1.5363,4.9517,0.44968,0.41212,0.20283,-0.77417,0.02609,-0.94772,11.151,3.0178,2.6444,0.95835,-0.36889,1.1725,-0.70193,-0.82328,-0.62316,12.861,-3.1221,3.382,0.68362,0.20189,0.48853,-0.96545,1.6107,0.22257,-16.925,4.6039,1.0528,-0.5146,-0.14621,-0.74151,0.18138,-0.83113,0.034616,-12.176,-6.9077,-3.0847,-1.1047,0.006892,-0.88277,0.77027,0.19599,0.31796
11.25,-1.7,4.0676,0.55511,0.49393,0.25351,-0.75634,0.014307,-0.96122,12.535,3.227,2.9649,1.1619,-0.52144,1.7162,-0.75546,-0.82412,-0.5514,13.493,-3.602,3.8106,1.0129,0.32878,0.51756,-0.99122,1.6397,0.12469,-7.8608,-6.2893,-5.6557,0.98792,0.20074,-0.94126,0.20596,-0.8248,0.044362,-12.144,-6.7731,-1.0294,-0.20414,-0.10506,-2.1357,0.75042,0.24984,0.32332
8.8233,-1.2941,3.7683,0.70719,0.065009,0.20972,-0.74548,-0.003844,-0.96727,9.9665,2.9912,3.1595,1.4829,-0.57293,1.6079,-0.8162,-0.80305,-0.46914,11.061,-1.7179,2.6311,1.6828,0.49738,0.72485,-1.057,1.6421,-0.07731,-10.022,-6.2017,-3.5234,1.9898,0.4028,-1.3658,0.24252,-0.80378,0.10787,-11.999,-0.039178,-2.2265,1.0433,0.64846,-2.7654,0.6969,0.34011,0.34063
9.1339,-1.7931,3.8122,0.66229,-0.2698,0.14363,-0.75043,-0.027129,-0.96002,9.4469,3.4078,3.2554,0.96804,-0.64097,1.0391,-0.85542,-0.76709,-0.39214,10.517,-2.18,1.9171,1.2931,0.60424,0.89136,-1.1231,1.6188,-0.3068,-10.944,-0.55027,-1.8075,0.12282,0.20407,-1.6334,0.29759,-0.76601,0.15055,-17.218,5.5055,-2.24,0.52456,0.96475,-2.8757,0.62432,0.42754,0.36213
8.8705,-0.90791,3.4429,0.5166,-0.09267,0.11621,-0.7579,-0.043906,-0.9521,10.15,3.7823,2.9966,-0.027184,-0.56503,0.65662,-0.86971,-0.71998,-0.35581,10.756,-2.0303,1.7347,1.0053,0.74519,0.95058,-1.1415,1.5441,-0.55812,-8.9372,-2.2902,-3.5059,0.1948,0.27073,-1.5399,0.34909,-0.72971,0.16226,-14.418,3.9645,-1.0613,0.59078,0.86633,-2.7945,0.53766,0.49611,0.38814
8.1722,-0.3325,3.6055,0.44067,-0.12007,0.042307,-0.76361,-0.060118,-0.94655,8.7736,1.9363,2.7756,0.34642,-0.33354,0.34661,-0.86298,-0.67223,-0.35119,9.0605,-2.1371,1.1413,0.4596,0.81349,0.856,-1.113,1.4324,-0.77759,-9.5505,-1.474,-1.981,1.1467,0.24526,-1.5247,0.40227,-0.68187,0.19595,-12.321,3.9389,-0.81678,0.58526,1.2257,-2.4982,0.45265,0.53985,0.41598
7.19,-0.11615,3.3458,0.31975,-0.11984,-0.052809,-0.76884,-0.074951,-0.93924,7.661,2.7066,2.9229,1.3021,-0.13888,0.13518,-0.83878,-0.65429,-0.33711,7.7842,-2.1443,0.65268,-0.007452,0.80255,0.84361,-1.0429,1.337,-0.92982,-9.1535,-0.41333,-2.3718,1.3312,0.10228,-1.4435,0.44761,-0.62635,0.23865,-10.124,4.3553,1.0592,1.5413,0.96497,-2.0637,0.37447,0.57974,0.4283
6.8539,-0.23971,3.4245,0.17554,2.2e-05,-0.075442,-0.76972,-0.087377,-0.93608,6.7767,3.7642,2.8203,1.1694,-0.17088,0.10763,-0.80914,-0.65295,-0.31808,7.2391,-2.6591,0.88806,0.1571,0.67693,0.92017,-0.95037,1.2707,-1.0275,-8.6797,1.6897,-2.6797,1.2229,0.11638,-1.3071,0.49029,-0.56735,0.27483,-8.0214,3.8598,-1.0432,1.3745,0.96159,-1.5613,0.31629,0.6222,0.42198
7.2403,-0.25927,3.8377,0.0408,-0.11878,-0.062289,-0.7722,-0.094534,-0.93491,7.1378,3.8953,3.2605,0.45655,-0.30429,0.20892,-0.78661,-0.64768,-0.30861,7.3507,-2.3367,0.84992,0.35916,0.51455,0.90777,-0.85303,1.2145,-1.0928,-9.6255,1.3393,-2.2632,0.95607,0.24322,-1.0442,0.52529,-0.51531,0.30492,-6.6236,6.1962,-0.29611,0.90997,0.6475,-0.99226,0.27039,0.65443,0.4194
7.8134,-0.3313,4.0281,-0.003838,-0.19045,-0.098457,-0.78014,-0.094386,-0.92768,7.9237,3.3724,3.5788,0.17054,-0.35235,0.32136,-0.77187,-0.6407,-0.30306,7.3427,-2.1554,1.2622,0.28126,0.36801,0.75548,-0.7719,1.1817,-1.1287,-9.2639,-2.1242,-2.2522,0.51716,0.027949,-0.95026,0.55014,-0.47269,0.32451,-5.1403,6.106,0.027519,0.28963,0.28979,-0.51351,0.24389,0.67608,0.40748
8.3343,-0.39562,4.248,-0.098845,-0.1809,-0.11863,-0.78887,-0.094819,-0.92276,8.3083,3.4733,3.7639,0.074222,-0.32677,0.29392,-0.76406,-0.62823,-0.29889,7.5105,-2.1033,1.5035,0.18959,0.23852,0.4955,-0.71584,1.1735,-1.1427,-9.0718,-1.6738,-2.1663,0.47216,0.026126,-1.0137,0.57651,-0.43177,0.3306,-6.9106,3.951,1.3215,-0.049772,0.073629,0.61649,0.24374,0.68848,0.39316
8.6838,-0.39233,4.579,-0.21748,0.008318,-0.11955,-0.7942,-0.090888,-0.92192,8.813,3.545,3.9544,-0.20719,-0.27893,0.1561,-0.75961,-0.61532,-0.29259,7.7584,-1.8963,1.7774,0.030269,0.10167,0.18512,-0.6847,1.1861,-1.1319,-9.9739,-0.84228,-2.8005,0.63588,0.052794,-0.93746,0.59885,-0.3833,0.33819,-6.9113,0.47913,-1.3025,-0.44358,0.095585,0.96503,0.26715,0.68711,0.38076
8.9151,-0.30541,4.6111,-0.25993,0.19662,-0.14228,-0.78799,-0.086681,-0.92602,9.3082,3.3748,4.0442,-0.41359,-0.16594,0.000189,-0.75403,-0.60107,-0.28409,8.0747,-1.8136,2.1646,-0.28674,-0.062259,-0.13432,-0.67498,1.2267,-1.0938,-10.51,0.37662,-2.46,0.59974,-0.001413,-0.89432,0.61769,-0.34317,0.34758,-11.078,-10.293,-8.3642,-1.4305,0.8392,1.757,0.29967,0.67116,0.38933
9.1526,-0.35296,4.9111,-0.25636,0.19584,-0.14224,-0.78033,-0.081104,-0.93331,9.9933,3.2783,3.9386,-0.3932,0.018707,-0.12427,-0.74904,-0.5911,-0.27309,8.5572,-1.9913,2.3926,-0.57083,-0.2323,-0.48815,-0.69289,1.2999,-1.0303,-9.6455,-0.43186,-1.9916,0.31796,-0.22853,-0.82992,0.63619,-0.30548,0.34771,-16.892,-19.031,-9.7485,2.2903,1.1165,-0.35115,0.28891,0.68168,0.38484
9.6578,-0.86708,4.628,-0.21254,0.12736,-0.078025,-0.77875,-0.077205,-0.9388,10.928,3.3079,3.7986,-0.36866,0.21798,-0.20061,-0.7507,-0.58536,-0.25033,9.4446,-2.2727,2.4354,-0.75257,-0.39853,-0.82762,-0.73603,1.3975,-0.92822,-11.514,-0.69686,-3.1692,0.90862,-0.14367,-0.4102,0.64795,-0.28206,0.34885,-3.0153,5.1349,-0.66382,1.5112,-0.68354,-0.27611,0.27513,0.71368,0.33574
12.693,0.13367,5.8066,-0.42614,0.39352,-0.074508,-0.76404,-0.067051,-0.94975,11.156,3.1866,3.3305,-0.028768,0.30802,-0.37987,-0.75725,-0.59639,-0.21879,10.439,-2.7176,2.6635,-0.76392,-0.55179,-1.211,-0.8074,1.4933,-0.79308,-11.767,4.8286,-2.9852,1.1927,-0.32997,0.34323,0.65394,-0.26786,0.35641,-13.372,-6.0791,-1.3098,2.2497,0.89826,1.2482,0.28771,0.73179,0.29234
11.898,0.23976,4.9506,-0.36058,0.64832,-0.26806,-0.74072,-0.057966,-0.96778,12.746,4.1518,3.7092,-0.12441,0.33216,-0.30206,-0.77481,-0.63381,-0.1793,13.192,-2.7197,2.8422,-1.0957,-0.65848,-1.8079,-0.93161,1.5637,-0.62687,-12.225,8.0703,-0.2445,0.62207,-0.61525,1.2588,0.6446,-0.29934,0.35448,-12.586,6.7641,-0.91823,2.1947,-0.76532,0.64125,0.30754,0.74825,0.2197
9.2751,0.19545,4.6171,-0.44653,0.48916,-0.22764,-0.71663,-0.049843,-0.98414,11.53,4.1471,3.2108,-0.64474,0.34447,-0.26148,-0.818,-0.68291,-0.17241,11.979,-2.7577,3.0836,-1.576,-0.62424,-1.9624,-1.1048,1.5794,-0.44225,-10.368,3.9784,-0.99052,0.29884,-0.45768,2.2596,0.61306,-0.3716,0.34456,-8.3748,9.1685,-4.1425,-0.99964,0.33403,1.3943,0.34129,0.7313,0.22504
7.6599,0.43232,4.2035,-0.50154,0.007357,-0.18569,-0.70733,-0.03501,-0.98806,9.4471,3.3333,2.6306,-0.91816,0.39391,-0.66315,-0.86545,-0.74037,-0.22,8.9989,-3.0157,3.6394,-1.6812,-0.60013,-1.4617,-1.2606,1.5523,-0.26895,-12.538,-4.27,-1.5503,0.086431,0.20212,2.6287,0.54904,-0.4621,0.34544,-11.38,2.3998,-2.0003,-0.9249,0.068925,1.7033,0.39596,0.6885,0.25377
8.2041,0.32522,3.9532,-0.43278,-0.027447,-0.21095,-0.70728,-0.022888,-0.98922,9.3369,3.4132,2.6521,-1.2894,0.44211,-0.96395,-0.88429,-0.78585,-0.31858,8.8236,-4.3033,3.29,-0.69635,-0.51236,-0.85467,-1.3735,1.5201,-0.14287,-15.512,-3.8173,-1.4455,0.25051,0.45428,2.7022,0.46329,-0.54118,0.36928,-9.0298,1.8224,-2.3655,0.24789,-0.20708,1.6966,0.45507,0.65128,0.24291
8.5897,-0.092868,3.9833,-0.40466,-0.14867,-0.14835,-0.71228,-0.013731,-0.9845,9.8021,2.8524,2.3098,-1.4498,0.56649,-0.92729,-0.87418,-0.79102,-0.44711,9.3489,-3.5259,2.9007,0.078021,-0.35565,-0.52822,-1.4425,1.4909,-0.097996,-14.258,-4.0489,-2.2454,-0.83721,0.5113,2.6212,0.36878,-0.6092,0.3876,-9.6613,4.7226,-2.0696,-0.51512,-0.15682,1.6565,0.51415,0.61321,0.22441
7.8741,-0.11671,3.9702,-0.26898,-0.1218,-0.062624,-0.71825,-0.003123,-0.98023,9.083,2.231,2.0037,-0.91185,0.7297,-0.76123,-0.84623,-0.7689,-0.5635,8.879,-2.4507,3.0875,-0.40138,-0.20861,-0.32183,-1.4819,1.4598,-0.075525,-10.321,-3.0415,-2.6925,-2.4105,0.52457,2.5647,0.27105,-0.68432,0.37486,-9.9862,2.8627,-1.6617,-2.1607,-0.36967,1.6232,0.57347,0.55432,0.24517
6.9205,-0.093943,3.896,-0.196,-0.13759,0.024084,-0.72304,0.005283,-0.9767,7.6867,2.2667,1.6745,-0.30312,0.8418,-0.75878,-0.81129,-0.74847,-0.641,7.4235,-3.2931,3.0777,-0.83251,-0.15954,-0.13548,-1.5122,1.444,-0.017632,-7.8764,-5.0844,-3.2564,-2.7961,0.48395,2.135,0.18305,-0.76145,0.32396,-9.3101,0.42258,-3.2929,-2.2406,-0.33214,1.6361,0.62947,0.48516,0.27114
6.5762,-0.29203,4.101,-0.10692,-0.21289,0.074658,-0.72972,0.014166,-0.97082,7.1225,2.6453,1.5974,-0.18122,0.80932,-0.80802,-0.76644,-0.74232,-0.69409,7.0344,-3.7917,3.276,-0.33884,-0.16484,0.022118,-1.5301,1.4532,0.046406,-6.5746,-5.3952,-3.0274,-2.2764,0.40141,1.695,0.11475,-0.81763,0.26622,-9.0526,-2.4176,-3.1767,-1.7092,-0.2279,1.2049,0.67237,0.42455,0.28903
7.1501,-0.27456,4.106,-0.041064,-0.23341,0.10405,-0.74098,0.020877,-0.9651,7.2643,2.6359,1.5448,-0.32005,0.70904,-0.77894,-0.71994,-0.7426,-0.73671,7.2869,-3.3708,3.4485,0.19065,-0.18718,0.081076,-1.5161,1.4774,0.09425,-6.4922,-6.4786,-2.1167,-2.063,0.2881,1.1081,0.07344,-0.85198,0.19208,-9.3089,0.46283,-1.9855,-0.9473,-0.081445,0.86576,0.70142,0.37877,0.2991
7.8352,-0.22215,4.4472,0.035364,-0.28949,0.15555,-0.7506,0.025037,-0.95647,7.5442,2.3158,1.5596,-0.18912,0.60196,-0.68099,-0.68208,-0.74351,-0.76811,7.9833,-3.1316,3.4452,0.32217,-0.18143,0.060262,-1.4836,1.514,0.13549,-6.3631,-7.5503,-0.35731,-1.5174,0.3782,-0.11699,0.066906,-0.86405,0.11469,-9.5958,3.0904,-1.0718,-0.66506,-0.27713,0.8855,0.72462,0.34098,0.29909
8.2303,-0.25452,4.3381,0.16944,-0.2577,0.18664,-0.76328,0.026419,-0.94983,7.7058,2.3881,1.6363,0.010414,0.45141,-0.48866,-0.65042,-0.75146,-0.78228,8.6656,-3.2616,3.6044,0.43742,-0.16575,0.007612,-1.4459,1.5646,0.17647,-6.8767,-5.9076,0.87602,0.36832,0.49007,-0.9301,0.096489,-0.85042,0.081587,-9.5565,0.34545,-2.2664,-0.85081,-0.13661,0.86346,0.74404,0.29977,0.2973
8.5875,-0.25816,4.5348,0.35266,-0.16152,0.22665,-0.77162,0.02209,-0.94528,7.5429,2.4399,1.949,0.11143,0.25367,-0.23536,-0.63023,-0.76483,-0.78401,8.4606,-3.0174,3.426,0.53787,-0.11766,0.10671,-1.3997,1.6248,0.20557,-10.682,8.895,-5.9239,3.4286,1.0389,-1.0715,0.14671,-0.82388,0.12224,-10.068,-0.71194,-2.5393,-0.80027,-0.12318,0.66923,0.76026,0.26253,0.30127
8.8411,-0.25988,4.4546,0.3245,0.045634,0.28593,-0.7727,0.015995,-0.94554,7.9188,2.2206,2.1617,0.1177,0.086374,0.034053,-0.61935,-0.77411,-0.77427,8.8214,-3.1553,3.5072,0.53346,-0.056332,0.26942,-1.3233,1.6889,0.22901,-17.101,26.826,0.74754,-1.2473,0.98264,0.53443,0.15554,-0.81295,0.16138,-9.541,0.37356,-1.7805,-0.46635,-0.30921,0.54841,0.77215,0.23391,0.29981
9.6251,0.21431,4.7248,0.30408,0.11188,0.2456,-0.76924,0.014742,-0.94864,8.5636,1.8736,2.22,0.48161,-0.010438,0.32226,-0.61828,-0.78949,-0.74981,10.108,-3.3221,3.5149,0.83589,0.008526,0.30734,-1.2348,1.7518,0.2305,-6.1713,-8.4516,-3.4661,-2.3369,-0.65285,-0.48371,0.14313,-0.83277,0.07472,-10.081,1.0847,-3.6254,-1.071,-0.006488,0.24187,0.77751,0.21698,0.29976
12.54,-1.1142,5.0512,0.39773,0.34066,0.19031,-0.76252,0.005794,-0.95655,9.9759,2.4602,2.6784,0.87679,-0.21055,0.80912,-0.62865,-0.81299,-0.70313,12.525,-2.8159,2.8778,0.72715,0.12466,0.29407,-1.1749,1.8052,0.20447,-13.352,3.7435,0.3453,-0.093236,0.1658,-0.61081,0.15797,-0.83338,0.038095,-11.56,-4.985,-4.7424,-1.4084,0.14041,-0.5161,0.77268,0.2078,0.31519
11.473,-1.7256,4.4721,0.49352,0.49804,0.24798,-0.74394,-0.004668,-0.97111,11.493,2.953,3.0035,1.1767,-0.4225,1.5421,-0.67102,-0.82864,-0.63895,13.329,-3.182,2.9941,0.35111,0.26773,0.26409,-1.1886,1.8234,0.14912,-10.257,-4.5644,-4.3252,0.34719,0.17468,-0.8704,0.17856,-0.82888,0.043614,-13.207,-7.5835,1.453,-0.96741,-0.27564,-1.8432,0.7546,0.24148,0.32848
8.956,-1.4371,4.0669,0.61949,0.149,0.2731,-0.73004,-0.0188,-0.97788,10.254,2.7579,3.2598,1.5656,-0.52524,1.8156,-0.73214,-0.82571,-0.55728,11.284,-3.8271,2.9866,0.80959,0.3501,0.52557,-1.2566,1.7998,0.013678,-9.2628,-6.8174,-2.6372,1.897,0.29882,-1.1972,0.21587,-0.81235,0.093599,-10.173,-1.1032,-1.5934,0.34718,0.49136,-2.581,0.71354,0.31373,0.34323
8.4631,-1.707,3.9942,0.77281,-0.2225,0.19642,-0.73267,-0.040954,-0.97499,9.0152,3.0484,3.3751,1.3885,-0.5932,1.5284,-0.78835,-0.80743,-0.46998,9.9286,-2.9539,1.9363,1.398,0.37927,0.80158,-1.2949,1.747,-0.22214,-10.867,-1.3278,-2.3302,0.60603,0.26947,-1.5104,0.26564,-0.77983,0.14217,-16.292,3.4508,-1.1915,0.66519,0.7512,-2.7231,0.65023,0.39941,0.3665
8.9586,-1.2124,3.4416,0.68328,-0.18938,0.21443,-0.74188,-0.064147,-0.96468,10.058,3.6791,3.2871,0.60068,-0.61339,1.1918,-0.82718,-0.77007,-0.40235,10.615,-2.5106,1.8778,1.5539,0.42379,0.93456,-1.2682,1.6441,-0.50006,-9.392,-1.1085,-3.3059,0.17453,0.25864,-1.4461,0.31599,-0.74597,0.16026,-15.009,4.4459,-1.2344,0.71421,0.67414,-2.8899,0.57301,0.47386,0.38731
8.4984,-0.60996,3.7559,0.57421,-0.12845,0.14923,-0.74855,-0.086035,-0.95695,9.471,2.5959,3.2008,0.63146,-0.44287,1.0108,-0.84191,-0.71771,-0.36601,9.9174,-1.9481,1.6106,1.0867,0.52154,0.91466,-1.1906,1.4954,-0.74766,-9.4632,-1.3305,-2.2867,0.88404,0.21383,-1.3846,0.36405,-0.70418,0.18694,-12.262,3.0584,-1.1618,0.47145,1.0541,-2.4556,0.49174,0.52802,0.40862
7.7105,-0.21062,3.6629,0.48466,-0.19937,0.037165,-0.75666,-0.099708,-0.94827,8.4231,2.7029,3.156,1.3909,-0.24503,0.72978,-0.83315,-0.68066,-0.33504,8.5972,-1.999,1.2394,0.56392,0.62681,0.91214,-1.0961,1.3596,-0.91775,-9.5424,-1.9898,-2.5127,1.2805,0.16227,-1.4194,0.40992,-0.65291,0.2276,-10.357,4.1287,-0.036067,0.71206,1.1192,-2.0912,0.41312,0.56324,0.43207
6.9513,-0.14411,3.3741,0.38754,-0.12448,-0.027216,-0.76456,-0.1181,-0.93833,7.4687,3.6652,3.2129,1.3007,-0.21702,0.50123,-0.81052,-0.66794,-0.31288,7.7057,-2.1743,1.317,0.28697,0.66802,0.9293,-0.9957,1.2624,-1.028,-9.0315,-1.0214,-2.2634,1.3697,0.021049,-1.5005,0.45598,-0.59225,0.26615,-8.3065,3.3217,-0.57134,1.2762,0.79491,-1.5458,0.35458,0.59913,0.4306
7.1278,-0.40666,3.8363,0.16617,-0.19086,-0.023552,-0.77133,-0.12626,-0.93207,7.1257,4.004,3.3484,0.53492,-0.31915,0.44296,-0.78965,-0.66403,-0.30116,7.3133,-2.2458,1.6301,0.3519,0.63,0.98128,-0.89523,1.19,-1.1009,-9.0641,2.3164,-2.3877,1.0375,0.15018,-1.296,0.50076,-0.53153,0.29681,-7.0455,4.9447,-0.70254,0.89899,0.75282,-1.1505,0.30881,0.62952,0.42938
7.6051,-0.23345,4.0276,-0.039733,-0.24481,-0.022627,-0.77967,-0.12806,-0.92483,7.5838,3.4494,3.7132,0.19006,-0.39061,0.50768,-0.77644,-0.65998,-0.30065,7.4787,-2.1399,1.709,0.37566,0.58269,0.87087,-0.80168,1.1385,-1.1523,-9.8135,-0.10128,-2.4452,0.77924,0.085915,-0.92107,0.53144,-0.48061,0.31784,-6.2068,4.821,-0.62894,0.60783,0.45634,-0.63928,0.27768,0.65569,0.41816
8.0443,-0.31143,4.12,-0.12621,-0.18917,-0.074921,-0.79033,-0.12514,-0.91813,8.1154,3.6081,3.9602,0.14312,-0.40262,0.53302,-0.77043,-0.65713,-0.29588,7.8608,-1.8455,1.607,0.2333,0.53613,0.59961,-0.72941,1.1103,-1.1908,-9.3446,-2.2757,-1.976,0.32919,-0.036038,-0.98073,0.55832,-0.44115,0.32494,-6.7306,4.4157,0.60866,0.38556,0.29815,0.12205,0.26265,0.67432,0.40548
8.6088,-0.48071,4.5633,-0.203,-0.16098,-0.10426,-0.79663,-0.12054,-0.91274,8.5192,3.8158,4.1094,-0.058629,-0.36198,0.49232,-0.76815,-0.65011,-0.29037,7.8656,-1.7971,1.6795,-0.084822,0.43267,0.29081,-0.68035,1.1117,-1.203,-9.6837,-1.8705,-2.3509,0.50499,0.017571,-1.0067,0.58376,-0.3986,0.32917,-6.4365,1.3227,0.34383,0.1027,0.079686,0.71281,0.27397,0.6832,0.38855
8.9069,-0.43907,4.6703,-0.32412,0.064843,-0.11265,-0.7996,-0.11497,-0.91533,8.7744,3.7521,4.2346,-0.26351,-0.28353,0.3353,-0.76833,-0.63614,-0.29128,7.9536,-2.0308,1.7778,-0.35748,0.23956,-0.050808,-0.65776,1.1442,-1.1889,-9.9342,-0.008315,-3.1232,0.64694,-0.024694,-0.92726,0.60497,-0.35412,0.33762,-9.101,-2.4264,-7.0098,-0.64262,0.56725,1.4066,0.29549,0.67767,0.3875
8.8399,-0.3942,4.7,-0.32855,0.18729,-0.2126,-0.79224,-0.10918,-0.92074,9.1123,3.6504,4.1997,-0.34051,-0.18275,0.11599,-0.76085,-0.61478,-0.29408,8.3386,-2.2008,2.0702,-0.41077,0.015505,-0.38862,-0.66199,1.2032,-1.1557,-9.7818,0.016593,-1.7547,0.58736,-0.13546,-0.7912,0.62356,-0.31387,0.34426,-15.434,-32.706,-3.8517,0.62673,1.5141,0.80878,0.30938,0.65971,0.41185
9.5985,-0.64544,4.8682,-0.37635,0.048802,-0.2202,-0.7883,-0.10138,-0.92712,10.244,3.9183,3.9357,-0.44131,-0.032204,-0.10356,-0.75339,-0.58615,-0.29587,9.4932,-2.0634,2.0682,-0.57518,-0.13469,-0.70849,-0.69435,1.2885,-1.0949,-10.047,-0.99396,-2.4642,0.67969,-0.035028,-0.59042,0.6372,-0.28313,0.34379,-10.052,-0.86777,-0.7167,2.595,-0.92092,-0.3484,0.29224,0.69626,0.36255
11.842,-0.081515,5.7096,-0.53429,0.37606,-0.22154,-0.77857,-0.093186,-0.93583,10.456,3.6729,3.5471,-0.43255,0.10351,-0.36079,-0.7483,-0.54728,-0.28501,9.9441,-2.2313,2.3249,-0.84245,-0.265,-0.97391,-0.75972,1.3967,-1.0018,-11.506,3.08,-4.2386,1.3712,-0.1634,-0.046924,0.64829,-0.25907,0.35221,-8.519,2.3859,-1.8325,1.8134,0.038244,0.96969,0.29879,0.71989,0.30819
12.257,0.58421,5.1351,-0.54945,0.47998,-0.37245,-0.75998,-0.08254,-0.95203,12.776,4.5403,3.5848,-0.60344,0.14326,-0.45557,-0.76176,-0.51478,-0.23824,12.232,-2.3692,2.3717,-1.109,-0.39223,-1.4446,-0.87731,1.5131,-0.8676,-12.585,7.6104,-1.8193,0.59227,-0.56865,0.94308,0.64633,-0.26959,0.35084,-16.355,0.57058,0.12193,3.5841,-0.77256,0.11424,0.30817,0.73638,0.25155
10.275,0.42451,4.5819,-0.55649,0.53203,-0.32184,-0.73616,-0.072523,-0.97098,12.763,4.2797,3.3429,-0.95017,0.23042,-0.44518,-0.81146,-0.52335,-0.16356,12.261,-2.491,2.5381,-1.5576,-0.45063,-1.8312,-1.0575,1.5891,-0.69782,-12.27,5.4874,0.42515,0.26371,-0.69357,1.976,0.62831,-0.33631,0.33815,-5.0997,14.004,-2.8938,-0.54955,0.44714,0.75732,0.31935,0.74154,0.22481
8.7339,0.46905,3.9437,-0.69366,0.11928,-0.24839,-0.72468,-0.056226,-0.97685,10.856,3.6294,2.5239,-0.93447,0.34732,-0.88172,-0.88733,-0.60132,-0.1247,9.494,-3.0512,3.1488,-1.8372,-0.56713,-1.6771,-1.2488,1.6018,-0.5072,-12.067,-3.0514,-1.9848,-0.024203,-0.02238,2.7006,0.57739,-0.42931,0.32959,-12.881,5.1784,-2.063,-1.2461,0.10104,1.6904,0.3641,0.70177,0.27004
8.5562,0.8107,4.0864,-0.65473,-0.06025,-0.24848,-0.72109,-0.036039,-0.97928,10.265,3.8669,2.5554,-1.3684,0.43901,-1.3615,-0.94193,-0.71479,-0.18396,9.3829,-3.7334,3.4182,-1.111,-0.62304,-1.3321,-1.4052,1.5778,-0.33836,-15.427,-3.4981,-2.367,0.46061,0.52264,2.7856,0.49722,-0.51346,0.34719,-9.2111,0.94216,-2.4756,0.25221,-0.18102,1.6526,0.42229,0.6666,0.26331
8.4418,0.057303,3.7448,-0.48852,-0.14199,-0.2288,-0.72503,-0.022726,-0.97468,10.437,3.2235,2.2619,-1.9301,0.53912,-1.5217,-0.93335,-0.78284,-0.3376,9.5436,-3.3518,2.7563,-0.39769,-0.51101,-1.1022,-1.5302,1.5338,-0.24276,-15.214,-4.0685,-2.062,-0.32888,0.42486,2.6189,0.40287,-0.58277,0.3723,-9.6407,3.7073,-2.2513,0.10488,-0.19888,1.7217,0.48537,0.63163,0.23857
7.9484,-0.35318,3.634,-0.37823,-0.25029,-0.073213,-0.73467,-0.011084,-0.96867,9.8259,2.2951,1.7582,-1.6029,0.73076,-1.4757,-0.87766,-0.78416,-0.50118,8.9377,-2.4482,2.8537,-0.68787,-0.36943,-0.85415,-1.6216,1.4877,-0.17209,-11.746,-4.76,-2.1488,-1.7619,0.50945,2.7145,0.30278,-0.65174,0.37647,-10.434,3.4154,-1.0403,-1.6659,-0.27333,1.6825,0.5457,0.58072,0.24209
7.0995,-0.21287,3.5986,-0.29134,-0.21623,-0.009484,-0.74408,-0.000141,-0.96089,8.2104,2.083,1.5432,-0.92192,0.8278,-1.4571,-0.80905,-0.7685,-0.6146,7.6553,-3.5276,3.1879,-1.0307,-0.33592,-0.62531,-1.6991,1.4581,-0.06938,-8.3785,-4.5061,-2.269,-2.6498,0.42079,2.4914,0.21054,-0.7262,0.34741,-9.7298,0.072156,-2.9199,-2.165,-0.41455,1.6193,0.60479,0.51431,0.27101
