-4.0395,-0.76815,8.9862,-0.006588,0.038615,-0.014808,0.30167,-0.27911,-0.82574,-0.22424,6.9692,6.8807,0.006793,-0.013002,0.006175,-0.055327,-0.693,-0.21076,-0.87325,-8.0539,5.5482,-0.003505,0.002026,-0.004298,0.090365,0.34715,-0.66802,-1.2311,8.5964,-4.4215,0.012147,0.015829,-0.01595,0.13822,-0.64727,0.017715,-1.0291,-8.7684,-4.3077,0.014186,-0.001228,-0.003577,0.041224,0.31705,0.63144
-4.0841,-0.74565,9.0084,0.01419,0.054123,0.017982,0.30326,-0.28023,-0.82403,-0.18253,6.9425,6.8881,0.00957,-0.009526,-0.00094,-0.054533,-0.69236,-0.21046,-0.86834,-8.0831,5.5635,0.017863,0.007704,-0.002497,0.0873,0.34805,-0.66833,-1.2462,8.5965,-4.4744,0.010146,-2e-06,-0.006356,0.13764,-0.64775,0.017025,-1.0142,-8.7683,-4.3598,-0.002945,-0.012102,-0.006329,0.042218,0.31706,0.6304
-4.1138,-0.73045,8.971,0.005119,0.043298,0.008892,0.30531,-0.27959,-0.82395,-0.21228,7.0034,6.8348,0.009612,-0.000658,0.001777,-0.055797,-0.69408,-0.20998,-0.85375,-8.0491,5.5338,-0.00544,0.004916,0.002777,0.088634,0.34695,-0.66709,-1.1864,8.6042,-4.4507,0.009898,0.005259,0.005152,0.13847,-0.64687,0.017328,-0.98421,-8.7836,-4.2846,-0.008564,0.002554,0.010956,0.040488,0.31811,0.63073
-4.1435,-0.71527,8.941,0.003344,0.046834,0.005223,0.30459,-0.28009,-0.82466,-0.25143,7.0082,6.8418,0.000709,-0.00071,-0.004381,-0.054826,-0.69481,-0.21148,-0.89761,-8.0684,5.5652,0.003679,-0.00523,-0.00608,0.088537,0.34684,-0.66899,-1.1791,8.6342,-4.443,0.001103,-1.7e-05,-0.000173,0.13837,-0.64767,0.017856,-0.96931,-8.8284,-4.2994,0.007784,0.006067,0.004603,0.039508,0.3165,0.63166
-4.1585,-0.72271,8.9781,-0.004804,0.048701,0.006116,0.30629,-0.27948,-0.8235,-0.21451,6.9596,6.8589,-0.018974,0.002869,-0.002421,-0.055658,-0.69343,-0.20972,-0.87321,-8.0733,5.5388,0.001606,-0.006705,0.008053,0.088894,0.3472,-0.66695,-1.2014,8.6116,-4.451,0.006425,0.031677,0.003574,0.13886,-0.64723,0.016419,-1.0068,-8.8282,-4.3299,0.013212,0.000685,0.002761,0.041062,0.31692,0.63104
-4.1437,-0.73773,9.0005,0.007709,0.010885,-0.000998,0.30525,-0.28128,-0.82504,-0.19493,6.9596,6.859,0.000581,-0.018371,-0.003581,-0.054358,-0.69446,-0.21002,-0.86853,-8.0489,5.5484,-0.001521,-0.003432,-0.009602,0.089505,0.34777,-0.66826,-1.1866,8.6267,-4.4657,-0.004239,0.012317,0.001675,0.13955,-0.64775,0.016188,-0.99918,-8.7535,-4.3296,0.007882,-0.011173,-0.006356,0.041455,0.31758,0.63104
-4.0764,-0.73051,8.9116,0.020409,0.017122,0.003555,0.30549,-0.28027,-0.82325,-0.22189,6.9911,6.8711,0.002406,-0.002403,0.004492,-0.055931,-0.69446,-0.21011,-0.85389,-8.0586,5.5488,-0.004249,0.0075,-0.007813,0.089646,0.3475,-0.668,-1.2163,8.5891,-4.4663,0.010155,0.015829,-0.005365,0.13847,-0.64815,0.016934,-1.0141,-8.7535,-4.3,-0.001203,0.004181,0.001012,0.040347,0.31519,0.63011
-4.1731,-0.72943,8.8362,0.011119,-0.033073,0.00192,0.30481,-0.28146,-0.82314,-0.19753,6.9888,6.8397,-0.002922,0.004702,0.006355,-0.055176,-0.69353,-0.21048,-0.87341,-8.0464,5.5532,0.007156,-0.015771,0.002746,0.09039,0.34774,-0.66834,-1.2014,8.6265,-4.4135,-0.0111,-0.01056,-0.0126,0.13795,-0.64689,0.018099,-1.0067,-8.7909,-4.3149,0.000613,0.002375,8.9e-05,0.040995,0.31572,0.63172
-4.1433,-0.68552,8.9113,0.016653,-0.01249,2.4e-05,0.30451,-0.28316,-0.82368,-0.23656,6.9887,6.8734,-0.001096,-0.008712,-0.009743,-0.05526,-0.6946,-0.20981,-0.86365,-8.0562,5.5535,-0.017692,-0.002524,-0.004319,0.089283,0.34725,-0.66763,-1.2013,8.604,-4.4134,-0.000457,0.015836,-0.00889,0.13916,-0.64661,0.017095,-1.0067,-8.7834,-4.3149,-0.007491,-0.007587,-0.003576,0.040568,0.31639,0.62969
-4.1359,-0.70039,8.9113,-0.006676,0.038902,0.010715,0.30437,-0.28104,-0.8237,-0.20719,6.9693,6.859,-0.001269,-0.016534,0.004446,-0.055706,-0.69302,-0.21052,-0.88316,-8.0586,5.5826,-0.014466,-0.001172,0.011579,0.088297,0.34689,-0.66703,-1.1866,8.6267,-4.4582,0.01887,-3.6e-05,0.000709,0.13921,-0.64692,0.018292,-1.0142,-8.7834,-4.315,-0.004039,0.000771,0.010042,0.041001,0.31772,0.63035
-4.1585,-0.74484,8.9556,-0.012104,0.027978,-0.005663,0.30516,-0.28064,-0.82422,-0.23653,6.9838,6.8783,0.011465,0.008154,0.000913,-0.055421,-0.6951,-0.21046,-0.85861,-8.0637,5.5462,-0.010717,0.00387,-0.000767,0.089247,0.34915,-0.6675,-1.1865,8.6266,-4.4357,0.013762,0.012289,-0.008911,0.13918,-0.64804,0.017232,-0.99921,-8.791,-4.2998,0.007824,0.00421,0.000984,0.039531,0.31863,0.63055
-4.1584,-0.7078,8.9558,0.005913,0.01632,0.003533,0.30576,-0.27935,-0.82311,-0.24156,6.9985,6.854,-0.004671,-0.006037,-0.007921,-0.054664,-0.69444,-0.21082,-0.87811,-8.0685,5.5582,-0.007848,-0.001786,-0.009613,0.08916,0.34747,-0.66923,-1.1866,8.6417,-4.4657,0.010013,0.008777,-0.00011,0.13905,-0.64843,0.017227,-0.99922,-8.7834,-4.3147,0.006057,0.007752,-0.000797,0.041387,0.31746,0.6301
-4.1436,-0.73021,8.9707,-0.0005,0.00203,0.003587,0.30413,-0.27908,-0.82304,-0.2244,6.9888,6.8541,-0.002873,-0.009603,-0.01151,-0.054576,-0.69461,-0.20925,-0.85861,-8.0637,5.5462,0.003711,0.00017,-0.007823,0.0895,0.34692,-0.66755,-1.1865,8.6117,-4.4507,0.011766,0.014057,0.001686,0.14014,-0.64791,0.016746,-0.99927,-8.8133,-4.3148,-0.008432,0.007773,0.002858,0.040492,0.31718,0.63061
-4.1285,-0.7006,8.9487,0.009489,-0.00542,-0.012781,0.30489,-0.28156,-0.82423,-0.19261,6.9864,6.8445,0.000757,0.001038,-0.007921,-0.05544,-0.6947,-0.21073,-0.87325,-8.0515,5.536,-0.008964,0.0003,0.000992,0.089566,0.34836,-0.66873,-1.2014,8.6265,-4.436,0.00837,-0.009703,-0.008182,0.13846,-0.64698,0.01693,-1.0142,-8.7684,-4.3299,-0.006554,-0.001325,-0.004439,0.041273,0.31745,0.63036
-4.1137,-0.70093,9.001,-0.00326,-0.012391,-0.005469,0.30388,-0.28093,-0.82277,-0.20717,6.9669,6.8638,0.006116,0.008154,-0.000818,-0.055824,-0.69419,-0.2105,-0.86595,-8.054,5.563,-0.013262,0.011852,-0.00782,0.089211,0.34759,-0.66822,-1.2014,8.6265,-4.436,0.013711,0.005255,-0.007195,0.13896,-0.64835,0.018549,-1.0142,-8.7683,-4.3373,-0.00653,0.002242,-0.00532,0.040261,0.3173,0.63114
-4.1137,-0.7156,8.9636,0.00764,-0.008928,-0.008207,0.30302,-0.28169,-0.82348,-0.22196,6.9888,6.8517,0.013089,-0.009468,0.006144,-0.05475,-0.69524,-0.21016,-0.87325,-8.0588,5.5532,0.007014,0.002343,0.004546,0.090014,0.34781,-0.66742,-1.2015,8.6416,-4.436,-0.004433,0.007049,0.009585,0.13862,-0.64714,0.017469,-0.99921,-8.7835,-4.3073,0.00598,-0.001137,0.002762,0.041195,0.31771,0.63116
-4.1136,-0.7228,8.9113,0.000398,-0.011616,-0.010944,0.30277,-0.28196,-0.82321,-0.21708,6.9815,6.8444,-0.002953,-0.000615,0.005434,-0.05477,-0.69341,-0.21019,-0.88054,-8.0636,5.5385,-0.005181,0.007336,-0.009591,0.089809,0.34846,-0.66643,-1.2015,8.6341,-4.436,0.00838,0.007903,-0.007175,0.13839,-0.64884,0.017859,-0.99923,-8.7984,-4.3073,-0.003988,0.009692,0.008286,0.039627,0.31784,0.6299
-4.1136,-0.70069,8.9413,-0.006777,0.012807,0.001711,0.30235,-0.28037,-0.82338,-0.22682,6.9791,6.854,-0.005791,-0.022717,0.004448,-0.055314,-0.69288,-0.2105,-0.87806,-8.0806,5.5291,0.001844,0.011171,-0.004277,0.088461,0.34696,-0.66798,-1.194,8.6266,-4.4358,-0.0002,0.008782,-0.02129,0.13955,-0.64761,0.016054,-0.98426,-8.7984,-4.3145,0.004348,-0.001406,-0.009905,0.040594,0.31732,0.63021
-4.1137,-0.71551,8.9412,-0.001306,0.014467,-0.005585,0.30224,-0.28085,-0.8253,-0.23163,6.9596,6.8636,0.007902,0.011712,0.002737,-0.054254,-0.69262,-0.21018,-0.88295,-8.0684,5.5215,-0.003379,-0.001742,-0.009608,0.089797,0.34834,-0.66668,-1.1941,8.6416,-4.4509,0.017035,0.003493,0.003384,0.13932,-0.6474,0.01737,-0.98423,-8.7835,-4.307,-0.004777,-0.001292,-0.002646,0.041838,0.31759,0.63078
-4.1136,-0.70075,8.9562,0.008575,-0.005385,-0.010957,0.3024,-0.28165,-0.82501,-0.22197,6.9791,6.8443,0.020459,0.003671,-0.006297,-0.055097,-0.69487,-0.20927,-0.88299,-8.0612,5.5531,-0.003715,-0.006794,0.006278,0.089142,0.34758,-0.66708,-1.1865,8.6266,-4.4432,-0.002587,0.009678,0.006952,0.13981,-0.6485,0.018722,-0.9992,-8.7835,-4.2998,0.00336,0.004119,-0.002623,0.040772,0.31639,0.63063
-4.1136,-0.70075,8.9562,0.000398,0.002052,0.005416,0.30159,-0.28085,-0.82478,-0.21218,6.9936,6.8542,0.00959,0.001136,0.005342,-0.05564,-0.69513,-0.20969,-0.87094,-8.0634,5.5535,-0.009814,0.000457,0.002759,0.089934,0.34709,-0.66733,-1.2163,8.6115,-4.4363,-0.004097,0.008807,-0.005409,0.13943,-0.64763,0.01658,-0.99923,-8.7834,-4.3297,-0.008466,-0.004774,0.002773,0.041773,0.31865,0.63009
-4.1136,-0.68605,8.9862,0.00224,0.001931,-0.003699,0.30183,-0.28255,-0.82544,-0.20732,6.9936,6.8445,-0.005725,-0.015655,0.002712,-0.055644,-0.69473,-0.20969,-0.86607,-8.0683,5.5561,-0.010585,-0.006057,-0.002553,0.0892,0.34764,-0.66675,-1.2015,8.6266,-4.4435,0.015454,-0.015873,-0.007343,0.13858,-0.64863,0.015878,-1.0142,-8.7684,-4.3299,-0.004674,0.00757,-0.008002,0.040504,0.31837,0.63099
-4.0989,-0.73063,8.986,0.002241,0.001933,-0.003699,0.30156,-0.28202,-0.82545,-0.2342,6.9839,6.8491,-0.001189,-0.004157,0.005398,-0.055942,-0.69342,-0.21013,-0.87334,-8.0706,5.5243,-0.00167,0.004031,-0.002524,0.090416,0.3476,-0.66783,-1.1865,8.6266,-4.4357,0.010327,0.015811,-0.014181,0.13887,-0.64686,0.016949,-0.98423,-8.7835,-4.307,-0.008289,0.01115,-0.007077,0.040681,0.31719,0.62955
-4.1066,-0.74559,9.0381,0.004959,0.001902,-0.005518,0.30006,-0.28069,-0.82539,-0.22672,6.9717,6.8759,0.006018,-0.000659,0.00269,-0.056176,-0.69473,-0.20986,-0.87825,-8.0585,5.5387,-0.012387,-0.005132,-0.001673,0.090377,0.34787,-0.6686,-1.1865,8.6266,-4.4357,0.008581,0.012291,-0.015971,0.13917,-0.6479,0.016966,-1.0067,-8.7983,-4.3149,-0.002866,0.009367,-0.007996,0.040201,0.31599,0.63009
-4.0988,-0.71569,8.9562,0.003921,-0.023159,-0.001766,0.29991,-0.28095,-0.82552,-0.21704,6.9839,6.8541,0.009725,0.009902,-0.002617,-0.055495,-0.69448,-0.2093,-0.86118,-8.0683,5.544,0.016038,0.016135,0.002823,0.088633,0.34767,-0.66792,-1.2015,8.6117,-4.4735,0.015514,0.010532,-0.007163,0.13887,-0.64609,0.017213,-1.0067,-8.7984,-4.2999,-0.010168,0.007657,-0.002563,0.039478,0.31716,0.63138
-4.0687,-0.67865,8.897,-0.010419,0.00288,-0.005544,0.29973,-0.28119,-0.82635,-0.22198,6.9985,6.8541,0.001489,0.002967,0.011642,-0.055265,-0.69343,-0.2097,-0.88798,-8.0682,5.5362,-0.010499,-0.010684,-0.006101,0.089284,0.34673,-0.66761,-1.2014,8.6265,-4.436,-0.005843,0.007041,-0.007184,0.13794,-0.64675,0.017966,-1.0142,-8.7834,-4.3,0.010523,-0.006568,-0.000897,0.040654,0.31665,0.63089
-4.0691,-0.73084,8.9788,-0.004858,0.031577,-0.002922,0.29852,-0.2825,-0.82612,-0.21212,6.9887,6.8639,-0.009138,-0.002477,-0.006083,-0.055801,-0.69453,-0.20775,-0.86848,-8.0731,5.544,-0.003396,0.012107,-0.006041,0.090071,0.34852,-0.66711,-1.209,8.6341,-4.4511,0.001054,0.014083,0.003455,0.13855,-0.64771,0.015477,-1.0067,-8.7683,-4.3447,-0.006422,0.012885,-0.010679,0.04031,0.31639,0.62982
-4.1061,-0.67124,8.9714,0.007766,0.014346,-0.01104,0.29865,-0.28197,-0.82625,-0.22679,6.9597,6.8491,0.014914,-0.007721,0.004355,-0.054411,-0.69437,-0.20859,-0.85144,-8.0684,5.5466,0.001971,0.00032,-0.006054,0.088701,0.34909,-0.66656,-1.1939,8.5967,-4.4583,0.009284,0.007016,-0.00719,0.13972,-0.64624,0.017519,-0.9992,-8.7684,-4.3296,-0.015603,-0.001326,-0.002614,0.040108,0.31626,0.62888
-4.0838,-0.70837,8.9489,0.011267,0.003797,0.007249,0.30014,-0.28185,-0.82647,-0.21459,6.9839,6.8565,0.018557,-0.011351,-0.006359,-0.053652,-0.69448,-0.20907,-0.86848,-8.0682,5.5268,0.013617,-0.003256,-0.007819,0.08917,0.35026,-0.66734,-1.1863,8.604,-4.4056,0.010222,0.00173,-0.010753,0.13862,-0.64867,0.016942,-0.98425,-8.7834,-4.3294,0.000655,-0.013892,-0.006362,0.039943,0.31664,0.63033
-4.0766,-0.70882,9.046,-5.1e-05,-0.085773,0.003976,0.29906,-0.28251,-0.82623,-0.20732,6.9888,6.8396,0.013334,0.008988,-0.006206,-0.05431,-0.69357,-0.20899,-0.88065,-8.0779,5.5341,0.000329,0.009232,-0.013112,0.08893,0.34935,-0.66707,-1.2015,8.6341,-4.451,-0.012296,0.005294,0.003393,0.13918,-0.6474,0.017496,-0.99924,-8.7984,-4.3148,-0.009202,-0.005036,-0.009889,0.040617,0.31743,0.63235
-4.0246,-0.70218,9.136,-0.004212,-0.017705,-0.005432,0.29685,-0.28088,-0.82688,-0.23898,6.9693,6.8685,-0.004644,0.001943,-0.004325,-0.055935,-0.69407,-0.21012,-0.86848,-8.0634,5.5242,-0.003461,0.007653,-0.002517,0.089223,0.34933,-0.66629,-1.2013,8.5966,-4.4585,0.013499,0.007021,0.003399,0.13972,-0.64739,0.016991,-1.0292,-8.7683,-4.3376,0.004177,0.006073,0.004636,0.0414,0.31625,0.63186
-4.0096,-0.73152,9.0314,0.000485,0.027285,0.012616,0.29823,-0.28249,-0.82654,-0.22183,6.9693,6.871,0.013231,-0.002496,-0.004493,-0.056483,-0.69458,-0.21066,-0.87088,-8.0925,5.5345,-0.008908,-0.002262,0.002752,0.088525,0.34754,-0.66755,-1.2312,8.604,-4.4441,0.012958,0.001745,-0.0134,0.13937,-0.64784,0.018567,-1.0067,-8.7684,-4.3372,0.01331,0.008642,-0.002615,0.040741,0.31784,0.63047
-4.069,-0.71605,8.9863,-0.008498,0.03895,0.010722,0.29637,-0.28144,-0.82566,-0.21722,7.018,6.8324,0.025677,-0.004191,0.004294,-0.055875,-0.69566,-0.2093,-0.86604,-8.0585,5.5095,0.009156,-0.001473,-0.007819,0.088924,0.34896,-0.66719,-1.1866,8.6342,-4.4657,0.005085,0.009652,-0.018636,0.13833,-0.64725,0.017057,-0.99923,-8.7984,-4.2998,-0.000957,0.000205,-0.018015,0.040119,0.31585,0.63076
-4.0913,-0.70102,8.9788,-0.008544,0.0309,0.012579,0.29864,-0.28197,-0.82639,-0.22703,7.0373,6.8421,-0.013751,-0.011234,0.001915,-0.05509,-0.69423,-0.20902,-0.90016,-8.0584,5.5188,0.001797,-0.003067,0.002758,0.089548,0.34867,-0.6674,-1.1642,8.6566,-4.4128,-0.004348,0.00703,0.005176,0.1393,-0.64713,0.017103,-0.96926,-8.7986,-4.2993,-0.004715,-0.004992,-0.008104,0.039612,0.31716,0.63138
-4.0763,-0.68627,8.9641,-0.012212,0.027435,0.019886,0.29852,-0.28158,-0.82612,-0.2464,6.9791,6.8539,-0.006456,-0.002479,-0.005223,-0.054937,-0.69359,-0.2085,-0.89282,-8.0876,5.5341,-0.014928,-0.003489,-0.007861,0.090465,0.34916,-0.66686,-1.1865,8.6266,-4.4357,0.010153,0.004372,-0.007202,0.13975,-0.64794,0.017657,-0.99178,-8.7983,-4.3445,0.000707,-0.013963,-0.009977,0.039276,0.31637,0.63032
-4.0767,-0.73098,9.0309,-0.006806,0.011989,0.005369,0.29977,-0.28186,-0.8258,-0.20226,6.9717,6.8711,-0.004632,-0.000731,-0.007889,-0.056259,-0.69385,-0.20883,-0.86117,-8.0683,5.5269,-0.010572,-0.010602,-0.002561,0.08956,0.34946,-0.66717,-1.2165,8.6267,-4.4963,-0.000638,0.010564,-0.000102,0.13963,-0.64769,0.018048,-1.0066,-8.7385,-4.3297,0.003177,0.00621,0.011864,0.040442,0.31652,0.62982
-4.0167,-0.70891,8.9495,0.00219,-0.003352,0.002714,0.29805,-0.28181,-0.82724,-0.20736,7.0227,6.8543,-0.001994,-0.007807,-0.008832,-0.055077,-0.6941,-0.20876,-0.84409,-8.0805,5.5249,-0.003254,0.007393,-0.012227,0.08881,0.34844,-0.66692,-1.2238,8.604,-4.4514,-0.003456,0.015858,0.006991,0.13877,-0.64804,0.017345,-1.0292,-8.7758,-4.3227,-0.001074,-0.003205,-0.009884,0.040125,0.31611,0.63089
-4.0838,-0.71563,8.9116,0.009323,-0.030376,-0.001728,0.29717,-0.28209,-0.82604,-0.20253,7.0131,6.83,0.004206,-0.004174,0.002695,-0.05549,-0.69488,-0.20929,-0.86848,-8.0731,5.5366,0.012694,-0.008677,-0.006066,0.088211,0.34871,-0.6662,-1.2015,8.6416,-4.436,-0.005959,0.008805,-0.001874,0.13873,-0.64775,0.016414,-0.99925,-8.7983,-4.3297,-0.008479,-0.001152,0.004607,0.03954,0.31664,0.63032
-4.0462,-0.65666,8.9123,0.007454,-0.043841,-0.005315,0.29682,-0.28166,-0.82729,-0.25126,6.9983,6.8783,0.002258,-0.009387,0.015123,-0.056812,-0.69384,-0.20938,-0.86847,-8.0707,5.5244,-0.015642,0.000817,-0.016676,0.08981,0.34866,-0.66726,-1.2014,8.6116,-4.4435,-0.002249,0.003513,-0.008976,0.1382,-0.64662,0.017713,-0.99924,-8.7833,-4.3446,-0.001239,-0.011954,0.000898,0.039801,0.31651,0.6302
-4.0315,-0.67181,8.9645,-0.017653,0.01383,0.003526,0.2969,-0.28183,-0.82591,-0.20714,6.9475,6.8589,0.004231,-0.012217,-0.006249,-0.055522,-0.69395,-0.2097,-0.88791,-8.1021,5.5246,-0.001757,0.00415,0.001885,0.089727,0.34879,-0.66638,-1.1866,8.6417,-4.4507,0.011696,0.000855,0.003365,0.14004,-0.64846,0.017672,-1.0142,-8.7834,-4.315,-0.004842,-0.006587,0.00095,0.040009,0.3169,0.63127
-4.0543,-0.73108,9.0087,-0.013948,0.036308,0.010728,0.2964,-0.28125,-0.82758,-0.20237,6.9888,6.8542,0.005115,-0.008647,-0.002675,-0.055935,-0.69342,-0.21,-0.87335,-8.0731,5.5341,0.003722,0.014012,-0.005147,0.088941,0.35013,-0.66684,-1.2015,8.6266,-4.451,-0.004265,1e-06,0.00159,0.13875,-0.64815,0.016814,-0.98426,-8.7984,-4.3145,0.006097,-0.004014,-0.006309,0.040437,0.31584,0.63143
-4.0393,-0.71635,9.0015,-0.006773,0.018265,0.005345,0.29736,-0.28179,-0.82754,-0.2367,6.9985,6.8443,-0.001015,0.001899,-0.009686,-0.056491,-0.69335,-0.2082,-0.86359,-8.078,5.527,-0.005062,0.011046,-0.011343,0.0879,0.34808,-0.66734,-1.1864,8.6116,-4.4357,-0.000467,0.007025,-0.008952,0.13947,-0.64792,0.017378,-0.98425,-8.7834,-4.3294,-0.001317,-0.004642,0.008176,0.03957,0.31664,0.63072
-4.0393,-0.71641,9.0164,-0.015875,0.003898,-0.001901,0.29835,-0.28103,-0.82668,-0.21709,6.9743,6.837,0.009648,-0.006034,-0.00626,-0.055785,-0.69382,-0.20972,-0.86847,-8.0877,5.554,0.016139,-0.001237,-0.000749,0.089441,0.34828,-0.66701,-1.2164,8.6266,-4.4513,0.00288,0.018484,0.00172,0.13964,-0.64706,0.018445,-1.0067,-8.7834,-4.2999,0.003454,-0.005025,-0.011726,0.040748,0.31731,0.63048
-4.0171,-0.73158,9.0612,0.007576,-0.012359,2.9e-05,0.29667,-0.28152,-0.82757,-0.19748,6.9839,6.8494,0.007906,-0.000742,-0.007991,-0.055932,-0.69433,-0.21011,-0.87823,-8.0682,5.5339,0.010976,-0.003322,-0.009591,0.089836,0.34853,-0.66674,-1.2014,8.6115,-4.436,0.00305,0.007029,-0.007186,0.13861,-0.6479,0.016939,-1.0142,-8.7684,-4.3149,0.003341,-0.003046,-0.002665,0.039534,0.31638,0.63019
-4.0243,-0.71641,8.9867,0.000411,-0.005276,-0.009135,0.29535,-0.28206,-0.82679,-0.21706,6.9815,6.8492,0.0007,-0.002473,-0.004387,-0.056158,-0.69241,-0.20911,-0.86117,-8.0707,5.5391,0.009313,-0.010757,-0.014903,0.091007,0.34926,-0.6662,-1.2015,8.6341,-4.451,-0.007905,-0.003513,0.005097,0.13907,-0.64781,0.018022,-0.98426,-8.7834,-4.3444,-0.002847,0.012947,-0.007983,0.040071,0.31704,0.63033
-4.0393,-0.70168,9.0389,0.003049,-0.010509,0.002749,0.29452,-0.28217,-0.8271,-0.22196,6.9839,6.8492,0.016673,-0.005023,0.009694,-0.055931,-0.69317,-0.20987,-0.87336,-8.0682,5.534,0.002146,0.011018,-0.01487,0.089109,0.34933,-0.66604,-1.1865,8.6267,-4.4507,-0.005977,0.01584,-6.5e-05,0.14071,-0.64704,0.017568,-0.99925,-8.7983,-4.3297,0.000595,-0.001193,0.000966,0.040063,0.31625,0.63008
-4.0095,-0.73135,8.9867,0.007578,-0.012354,0.00185,0.29361,-0.28159,-0.82878,-0.2122,6.9888,6.8444,0.003437,0.004596,-0.004371,-0.055547,-0.69498,-0.21034,-0.87823,-8.0633,5.529,0.000109,0.005867,-0.002519,0.089861,0.34802,-0.66876,-1.2163,8.6264,-4.4213,0.018872,-0.003542,-0.000196,0.13944,-0.6479,0.016713,-1.0067,-8.7834,-4.3149,-0.003909,-0.00483,-0.000853,0.041399,0.316,0.62999
-4.017,-0.73881,9.0164,-0.003309,-0.00857,0.010939,0.29469,-0.28107,-0.82902,-0.21701,6.979,6.8589,0.010491,-0.005992,-0.00093,-0.055368,-0.69409,-0.2093,-0.85384,-8.0805,5.5296,-0.00724,-0.000297,0.008063,0.090313,0.34864,-0.66736,-1.2164,8.6266,-4.4513,0.01367,0.000862,-0.005461,0.13902,-0.64725,0.016957,-0.99923,-8.7834,-4.3297,0.011626,0.012948,-0.010726,0.040661,0.31612,0.6309
-4.0095,-0.71672,9.0022,-0.010439,0.00386,-0.00557,0.29471,-0.28092,-0.82787,-0.22425,6.9596,6.8734,0.002526,0.002819,-0.004378,-0.05698,-0.69304,-0.20993,-0.87334,-8.0779,5.5366,-0.014151,-0.003352,-0.002554,0.089185,0.34895,-0.66704,-1.2088,8.5965,-4.4361,-0.002336,-0.003523,-0.005498,0.13961,-0.64716,0.017781,-0.98427,-8.7984,-4.3295,-0.004545,0.00917,-0.017049,0.041859,0.31613,0.63081
-4.0096,-0.73898,9.0095,0.002123,-0.012243,0.003636,0.29401,-0.28143,-0.82817,-0.222,6.9912,6.8444,0.004996,-0.005859,0.013344,-0.056413,-0.69436,-0.20935,-0.87823,-8.0633,5.529,0.000385,0.008254,-0.015762,0.089608,0.34801,-0.66623,-1.2016,8.6566,-4.436,0.010279,0.01494,-0.012416,0.1394,-0.64594,0.016441,-0.99923,-8.7834,-4.3297,-0.002995,0.001464,8.7e-05,0.040958,0.31691,0.63143
-3.9651,-0.73228,9.0994,0.003078,-0.006953,-0.005496,0.2932,-0.28037,-0.82794,-0.20242,6.9936,6.8445,-0.006472,-0.01135,-0.010596,-0.055841,-0.69327,-0.21065,-0.87337,-8.0683,5.5462,-0.00347,-0.002331,-0.001656,0.089575,0.34828,-0.66688,-1.2014,8.6265,-4.436,-0.005862,-0.003522,-0.007258,0.13933,-0.64678,0.018032,-1.0217,-8.7983,-4.3077,-0.002842,0.002127,-0.011656,0.040223,0.31585,0.63036
-3.9797,-0.71691,8.9875,-0.006929,-0.018568,-0.005467,0.29291,-0.28089,-0.82836,-0.21699,6.979,6.8638,0.004237,-0.006,-0.002657,-0.056954,-0.69422,-0.20965,-0.85146,-8.0587,5.5586,-0.008109,0.001464,0.006302,0.089586,0.34906,-0.66665,-1.1863,8.5965,-4.4131,0.004872,0.000857,-0.009879,0.13859,-0.648,0.016275,-1.0068,-8.7983,-4.3373,0.000759,0.000363,-0.010779,0.039847,0.31677,0.63086
-3.9946,-0.71679,8.9873,-0.004045,0.025513,0.008938,0.29077,-0.28042,-0.83009,-0.20968,6.979,6.8566,0.000603,-0.020179,-0.008037,-0.054733,-0.69421,-0.20966,-0.8733,-8.1022,5.5346,0.001949,-0.003263,-0.004304,0.090363,0.34955,-0.66636,-1.1864,8.5967,-4.4507,0.013829,-3.8e-05,-0.012533,0.13863,-0.64817,0.017339,-0.99919,-8.7685,-4.3147,-0.010138,0.000412,-0.006234,0.040127,0.31598,0.63089
-3.9947,-0.71699,9.0396,0.002347,0.034399,0.005263,0.29288,-0.27995,-0.82891,-0.22187,6.979,6.8686,-0.001044,-0.000747,-0.00881,-0.055513,-0.69473,-0.20969,-0.86847,-8.078,5.5392,-0.00338,-0.010609,-0.005205,0.089656,0.34907,-0.66778,-1.2014,8.6265,-4.436,-0.0068,0.012325,-0.003617,0.13914,-0.648,0.016169,-0.98423,-8.7835,-4.3145,0.006037,0.000578,-0.000852,0.03914,0.31543,0.63194
-3.9948,-0.7319,9.0619,0.009603,0.039778,0.008899,0.29306,-0.28037,-0.82808,-0.19998,7.0009,6.8494,-0.001074,0.004636,-0.000772,-0.055216,-0.69332,-0.20878,-0.87338,-8.0585,5.5387,0.009211,0.00753,-0.011335,0.089688,0.34893,-0.66714,-1.2164,8.6265,-4.4438,0.008055,-0.005285,0.006849,0.13936,-0.64718,0.018432,-0.9992,-8.7684,-4.3296,-0.002965,0.00772,-0.000776,0.040487,0.31612,0.63036
-3.9649,-0.71732,9.0622,-0.006681,0.038013,0.001592,0.29472,-0.28106,-0.8276,-0.21945,6.9935,6.8711,0.001558,0.006452,0.006325,-0.056851,-0.69421,-0.21016,-0.87822,-8.0731,5.5365,-0.006906,-0.001608,-0.007843,0.090566,0.34981,-0.66738,-1.1866,8.6267,-4.4657,0.001472,0.008778,-0.015997,0.13904,-0.64766,0.017357,-0.96927,-8.7835,-4.3366,-0.004803,-0.004843,-0.000868,0.039294,0.3165,0.63058
-4.0094,-0.73865,8.9274,0.012749,-0.071658,-0.008866,0.29022,-0.28121,-0.83024,-0.22194,6.9694,6.8443,-0.001042,-0.001627,-0.008817,-0.055786,-0.69304,-0.2096,-0.87821,-8.073,5.5243,-0.010733,-0.000408,0.00452,0.090249,0.34929,-0.66611,-1.2013,8.6115,-4.421,0.012891,0.02286,-0.008839,0.13899,-0.64633,0.016556,-0.98426,-8.7834,-4.3444,-0.004673,0.00577,-0.008027,0.039704,0.31598,0.63061
-3.9648,-0.7023,9.0101,0.014814,-0.007814,0.005464,0.29108,-0.27979,-0.8294,-0.23644,6.9716,6.8928,0.007743,-0.015737,-0.002741,-0.055997,-0.69385,-0.20882,-0.8636,-8.0683,5.5244,-0.008717,0.005673,-0.006942,0.089718,0.35023,-0.66655,-1.2164,8.6265,-4.4438,-0.002406,0.003525,-0.001914,0.13849,-0.64753,0.017596,-1.0292,-8.7608,-4.3301,0.002577,0.005753,-0.010739,0.040036,0.31571,0.63143
-3.935,-0.71003,9.0326,0.004115,0.029068,0.008942,0.29192,-0.28046,-0.82908,-0.21448,6.9693,6.8735,0.025807,0.001008,-0.006355,-0.054427,-0.69403,-0.21121,-0.87332,-8.0876,5.527,-0.014076,-0.000713,-0.006082,0.090091,0.34852,-0.66673,-1.2238,8.6116,-4.4589,0.010111,-0.004412,-0.005501,0.1383,-0.64709,0.016525,-1.0067,-8.7833,-4.3298,0.006056,-0.010244,-0.004532,0.039472,0.31623,0.63113
-3.9649,-0.73196,9.0173,0.007863,0.043207,-0.003886,0.29184,-0.28108,-0.83045,-0.2075,7.0229,6.8179,0.020255,-0.009466,0.006091,-0.055012,-0.69394,-0.20994,-0.86604,-8.0683,5.5317,-0.010716,0.011365,0.002782,0.090225,0.34799,-0.66658,-1.2014,8.6265,-4.436,5.8e-05,-0.001761,0.006873,0.139,-0.64826,0.016163,-0.98424,-8.791,-4.307,-0.008328,0.018413,-0.002506,0.040542,0.31717,0.63128
-4.0095,-0.70937,9.0171,-0.012133,0.028088,-0.004763,0.2919,-0.2794,-0.82937,-0.25144,7.0227,6.8492,-0.017336,-0.004113,0.008201,-0.056923,-0.69372,-0.209,-0.88308,-8.0852,5.5342,-0.005119,-0.001591,-0.007843,0.090899,0.34887,-0.66581,-1.2016,8.6566,-4.436,0.011905,0.015822,-0.00535,0.13851,-0.64767,0.017862,-0.98427,-8.7984,-4.3295,-0.00309,-0.010099,0.004527,0.039631,0.31757,0.62991
-4.0095,-0.70935,9.0097,-0.008443,0.043332,-0.002088,0.29327,-0.28153,-0.8293,-0.23647,6.9499,6.8708,-0.001066,0.001053,-0.004361,-0.056217,-0.69289,-0.21029,-0.88794,-8.0876,5.5341,0.001888,-0.014081,-0.000797,0.088503,0.34872,-0.66796,-1.1865,8.6117,-4.4582,0.010149,0.017576,-0.005349,0.13928,-0.64737,0.016572,-1.0067,-8.7759,-4.3298,-0.003013,-0.008411,-0.00088,0.039452,0.31557,0.63074
-4.0024,-0.74671,9.0766,0.000497,0.021777,-0.001981,0.29436,-0.28035,-0.82926,-0.18753,6.9523,6.8687,-0.002876,0.004649,0.001017,-0.0562,-0.69381,-0.21014,-0.86117,-8.0683,5.5342,-0.012685,-0.002955,0.012466,0.090563,0.34785,-0.66745,-1.2014,8.6265,-4.436,0.003148,0.021111,-0.010615,0.13875,-0.647,0.017342,-0.98423,-8.7835,-4.307,0.000542,-0.001125,0.004577,0.039548,0.31545,0.63021
-3.9649,-0.73931,9.0024,0.004237,0.045067,-0.000252,0.29392,-0.28014,-0.82723,-0.22708,7.008,6.8568,-0.001148,-0.001547,-0.002434,-0.055151,-0.69554,-0.21065,-0.87334,-8.0804,5.5342,0.003344,0.006303,0.013382,0.089809,0.34919,-0.66727,-1.2237,8.6113,-4.4064,-0.007799,0.017623,0.001713,0.13933,-0.64754,0.017636,-1.0142,-8.7684,-4.3299,-0.004865,0.000658,0.004615,0.038785,0.3153,0.63072
-4.0393,-0.74579,8.9197,-0.001456,-0.012355,-0.004584,0.29427,-0.28116,-0.82844,-0.21002,7.0033,6.8326,-0.001072,-0.005167,-0.013123,-0.056064,-0.69399,-0.21033,-0.87089,-8.0828,5.5343,0.009016,-0.00857,-0.000772,0.089427,0.3492,-0.66729,-1.2015,8.6341,-4.436,-0.006161,0.001768,0.006899,0.13921,-0.64794,0.017896,-0.98422,-8.7685,-4.3294,-0.006542,0.002251,-0.004428,0.040393,0.31545,0.63077
-3.9941,-0.67192,8.8832,0.01675,0.005438,-0.005543,0.29449,-0.28088,-0.82939,-0.23181,6.9812,6.8786,-0.001194,-0.01664,-0.009632,-0.055799,-0.69425,-0.21031,-0.85385,-8.078,5.5369,-0.01625,0.007904,0.011603,0.089167,0.34843,-0.66741,-1.1937,8.589,-4.4133,0.005546,0.007908,0.000758,0.14,-0.64791,0.016873,-0.98426,-8.7909,-4.3294,0.010511,0.002461,0.002768,0.041733,0.3156,0.63081
-3.9794,-0.68703,8.928,-0.013972,0.027294,0.003445,0.29275,-0.28154,-0.82877,-0.20242,6.945,6.8591,0.014885,-0.005033,0.005414,-0.056394,-0.6937,-0.21154,-0.89769,-8.0924,5.539,-0.005018,-0.006247,-0.012273,0.090191,0.34891,-0.66724,-1.194,8.6415,-4.4208,0.013675,-0.010592,-0.007302,0.13998,-0.64751,0.016473,-0.99921,-8.7835,-4.3073,0.005102,-0.001178,0.000955,0.039649,0.3153,0.63155
-4.0545,-0.74618,9.0464,-0.00387,0.053168,-0.001216,0.29466,-0.27905,-0.82871,-0.2172,6.9886,6.8641,0.002371,0.000292,0.006438,-0.053573,-0.69398,-0.2102,-0.86121,-8.0513,5.5461,-0.005288,0.005858,-0.000753,0.088566,0.34949,-0.66671,-1.2165,8.6341,-4.4513,0.00479,0.007915,-0.005411,0.139,-0.64685,0.01669,-0.98425,-8.7834,-4.3294,0.006752,-0.006331,0.011763,0.040173,0.3169,0.63167
-4.0097,-0.74636,9.002,-0.008443,0.05427,0.012455,0.29634,-0.27975,-0.82782,-0.23685,6.9911,6.8494,-0.004721,0.001122,-0.000616,-0.05565,-0.69387,-0.20992,-0.85386,-8.0708,5.5344,-0.019359,-0.001767,-0.009616,0.089187,0.34816,-0.66702,-1.2015,8.6266,-4.451,-0.00228,0.008796,-0.007172,0.1387,-0.64836,0.015485,-1.0142,-8.7759,-4.3,-0.001297,-0.010982,0.004529,0.039416,0.31598,0.63033
-4.0544,-0.73877,9.0464,0.010528,0.037878,0.002517,0.29686,-0.27921,-0.82835,-0.22433,6.9693,6.8588,0.004301,0.004619,-0.000825,-0.054838,-0.69376,-0.2115,-0.88062,-8.0925,5.5294,-0.010911,-0.004728,0.01334,0.090077,0.34891,-0.667,-1.1865,8.6117,-4.4582,-0.002401,0.00175,-0.001931,0.13928,-0.64737,0.016572,-0.99921,-8.7985,-4.2849,-0.001318,-0.001055,0.008208,0.040545,0.31625,0.63116
-4.0544,-0.73136,9.0465,0.014982,0.019863,-0.001959,0.29718,-0.2795,-0.82751,-0.21213,6.9791,6.8541,0.005997,-0.004186,0.002674,-0.055544,-0.69459,-0.21022,-0.8685,-8.0585,5.529,0.014559,-0.014209,-0.009606,0.089746,0.34918,-0.666,-1.1939,8.6265,-4.4208,0.004715,0.001745,-0.002808,0.13932,-0.64779,0.017238,-0.98425,-8.791,-4.3145,0.00691,-0.001175,0.000944,0.040687,0.31572,0.63118
-4.0244,-0.71654,8.9871,0.009528,0.009045,-0.009215,0.29857,-0.28006,-0.8269,-0.23413,6.9742,6.8588,0.013176,-0.0149,-0.008117,-0.056356,-0.69354,-0.21054,-0.86362,-8.0732,5.5587,0.003839,-0.007029,-0.009604,0.089913,0.34788,-0.66774,-1.2015,8.6266,-4.4435,0.006356,-0.003532,0.003332,0.13733,-0.64709,0.016611,-1.0067,-8.7683,-4.3596,-0.003023,0.00242,0.00281,0.040288,0.31586,0.62943
-4.0544,-0.70919,9.0616,0.005884,0.00913,-0.005572,0.29771,-0.28042,-0.82776,-0.22442,6.9815,6.8443,0.006139,0.004573,-0.006174,-0.05532,-0.69236,-0.21051,-0.86366,-8.044,5.5435,-0.007083,-0.013211,0.000972,0.089803,0.34906,-0.6674,-1.2017,8.6418,-4.496,0.010198,-2.5e-05,-0.008997,0.13929,-0.6475,0.016572,-0.99924,-8.7908,-4.3297,-0.0012,0.010489,0.002857,0.040733,0.31664,0.63197
-4.0691,-0.71613,8.9719,0.010432,0.019977,0.006238,0.29604,-0.28118,-0.82837,-0.21459,6.9742,6.8492,0.004419,-0.000835,-0.018637,-0.054781,-0.69366,-0.21045,-0.87826,-8.061,5.5558,-0.004271,-0.003361,-0.006076,0.08956,0.34919,-0.66716,-1.2164,8.6265,-4.4363,0.011748,0.008791,0.001654,0.13935,-0.64679,0.018298,-0.99925,-8.7983,-4.3297,-0.00645,0.000316,-0.011669,0.039396,0.31664,0.63018
-4.0691,-0.71618,8.9868,0.000581,0.038814,0.001584,0.29846,-0.2798,-0.8265,-0.20711,6.9596,6.8735,-0.00107,0.002844,-0.002567,-0.056178,-0.69382,-0.20974,-0.87089,-8.0804,5.5294,-0.010521,-0.006119,-0.005205,0.08993,0.34892,-0.66739,-1.2013,8.604,-4.436,-0.005041,0.008802,-0.002764,0.13946,-0.64741,0.017509,-1.0067,-8.7834,-4.3149,-0.002928,-0.011248,-0.008134,0.03914,0.3165,0.63031
-4.0693,-0.746,9.0314,0.004094,0.023656,0.008951,0.29801,-0.2807,-0.82733,-0.24166,6.9789,6.8639,0.011387,-0.004238,-0.004336,-0.055594,-0.69292,-0.21111,-0.87824,-8.0634,5.5363,0.007261,-0.005899,-0.002535,0.088632,0.3478,-0.66793,-1.2014,8.6117,-4.466,-0.000783,-0.003523,0.005092,0.1383,-0.64709,0.016525,-0.98426,-8.7984,-4.3145,0.000603,-0.013819,-0.002743,0.041338,0.31572,0.63093
-4.0841,-0.7457,8.9865,0.006067,0.037687,-0.012998,0.29889,-0.2814,-0.8262,-0.21719,6.9789,6.8616,0.013205,-0.00604,-0.008803,-0.055343,-0.69337,-0.209,-0.87822,-8.0731,5.5291,-0.001774,0.011423,0.001905,0.087627,0.34757,-0.66772,-1.2024,8.6409,-4.4357,-0.000546,0.022774,-0.006964,0.13866,-0.64806,0.01733,-0.99922,-8.7834,-4.3147,0.013171,-0.011866,0.002672,0.041362,0.31612,0.63133
-4.0468,-0.73115,8.9794,0.005944,0.016232,-0.009254,0.30013,-0.2801,-0.82588,-0.21474,6.9789,6.8617,0.005981,-0.011309,-0.006103,-0.054983,-0.69361,-0.20963,-0.87337,-8.0683,5.5487,-0.003445,-0.006902,-0.002549,0.088492,0.34781,-0.66819,-1.1872,8.596,-4.4354,-0.014741,-0.000104,-0.009782,0.13906,-0.64716,0.017347,-0.99923,-8.7834,-4.3297,-0.006461,-0.003269,-0.011694,0.040736,0.31745,0.63035
-4.069,-0.70137,8.9869,-0.001335,0.023684,0.008943,0.30047,-0.28034,-0.8271,-0.20252,6.9838,6.8593,0.007744,-0.01306,-0.004346,-0.056587,-0.69348,-0.21024,-0.8685,-8.0585,5.5339,-0.000717,-0.003309,-0.005185,0.089537,0.34776,-0.66763,-1.2022,8.611,-4.4507,0.002106,0.006925,-0.007082,0.13963,-0.64717,0.017639,-0.99174,-8.7834,-4.3295,-0.006625,-0.001221,0.00098,0.039804,0.31558,0.63008
-4.0691,-0.71624,9.0017,-0.001323,0.023641,0.005295,0.30034,-0.27915,-0.82698,-0.20743,6.9789,6.8544,-0.003091,-0.012953,0.006412,-0.054337,-0.69347,-0.20972,-0.86113,-8.0926,5.5297,-0.007841,0.005701,-0.006059,0.08901,0.34674,-0.66801,-1.2024,8.6409,-4.4357,0.013791,0.021872,-0.012264,0.13978,-0.64731,0.017646,-0.98422,-8.7685,-4.3294,-0.000218,-0.004037,-0.006295,0.039963,0.31797,0.63085
-4.0841,-0.73085,8.9791,0.015025,0.021549,-0.008356,0.29926,-0.2802,-0.82674,-0.21722,6.9789,6.8543,0.005931,-0.013037,-0.001667,-0.05618,-0.69335,-0.20996,-0.8685,-8.0683,5.5488,0.00186,0.013174,-0.001617,0.088327,0.34819,-0.66643,-1.1949,8.641,-4.4506,0.001326,0.00868,-0.012358,0.13781,-0.64663,0.017551,-1.0142,-8.7983,-4.3225,-0.00946,0.006166,0.011901,0.039633,0.31612,0.62967
-4.0689,-0.68637,8.9422,-0.004935,0.009054,-0.014713,0.29939,-0.28112,-0.827,-0.2221,6.9789,6.8567,0.009686,-0.000757,-0.011414,-0.055477,-0.69356,-0.21149,-0.86606,-8.0634,5.534,-0.003709,-0.002946,0.009826,0.089378,0.34725,-0.66826,-1.1799,8.6112,-4.4803,0.006337,-0.010692,0.001618,0.13897,-0.64796,0.01814,-1.0067,-8.7833,-4.3298,0.000589,-0.002983,0.000957,0.039996,0.31571,0.63089
-4.0543,-0.73112,8.9868,-0.003974,0.03985,0.009782,0.30059,-0.28059,-0.82737,-0.19513,6.9861,6.874,-0.001247,-0.016576,-0.0034,-0.055907,-0.69504,-0.21004,-0.888,-8.0682,5.5583,-0.000123,-0.004753,0.008936,0.090092,0.34786,-0.66671,-1.1873,8.611,-4.4354,-0.000808,-0.000113,0.003458,0.13924,-0.64796,0.017888,-0.99925,-8.7983,-4.3297,0.004195,-0.004764,0.000933,0.040617,0.31611,0.63211
-4.0989,-0.71594,8.9866,0.00687,0.039846,0.016177,0.30001,-0.28011,-0.82561,-0.21717,6.974,6.864,-0.005674,-0.01128,-0.00423,-0.056309,-0.69426,-0.21008,-0.85386,-8.0683,5.5343,0.007463,-0.003429,-0.012238,0.090116,0.34864,-0.66622,-1.2024,8.641,-4.4582,0.006401,-0.009801,-0.001898,0.13945,-0.64726,0.016569,-1.0067,-8.7685,-4.3148,0.007818,-0.011079,-0.001829,0.039605,0.31665,0.62939
-4.0843,-0.73121,9.0687,0.005027,0.038137,0.019835,0.30123,-0.28012,-0.82557,-0.21473,6.9716,6.8592,-0.003034,-0.014794,-0.001603,-0.055521,-0.69439,-0.21003,-0.87576,-8.0876,5.5368,0.003624,-0.006749,0.00099,0.089006,0.34922,-0.66808,-1.2022,8.6035,-4.4582,0.001112,0.01045,-0.001765,0.13932,-0.64675,0.01696,-1.0292,-8.7833,-4.3152,0.007648,-0.006315,0.011781,0.040107,0.31598,0.63062
-4.0768,-0.71645,9.0688,-0.001486,-0.008632,0.003612,0.30111,-0.27986,-0.8253,-0.21718,6.9886,6.8714,-0.005767,-0.00407,0.011817,-0.055544,-0.69295,-0.21019,-0.87827,-8.0512,5.5459,0.003884,0.000187,-0.012241,0.089581,0.34867,-0.66676,-1.2023,8.6259,-4.4207,0.005701,0.00428,-0.009742,0.13894,-0.64768,0.017475,-0.97676,-8.791,-4.3144,-0.001295,-0.000182,0.007299,0.040611,0.31824,0.63059
-4.1278,-0.71429,8.6282,0.009415,-0.006952,0.010889,0.29906,-0.28247,-0.82564,-0.22204,6.9499,6.8518,0.006072,-0.014955,-0.018578,-0.05473,-0.69413,-0.20987,-0.88313,-8.0682,5.5632,0.001973,-0.002399,-0.006069,0.088843,0.34817,-0.66628,-1.2024,8.641,-4.4582,0.006356,0.008686,0.001761,0.13867,-0.64769,0.01786,-0.99922,-8.7834,-4.3147,0.004295,0.005879,-0.004423,0.040669,0.31625,0.63103
-4.024,-0.68656,8.8978,0.020493,0.025056,-0.011096,0.30119,-0.28208,-0.82637,-0.20238,6.9594,6.8786,0.016699,-0.01486,-0.006211,-0.055043,-0.69475,-0.21092,-0.86852,-8.0586,5.5535,-0.008753,-0.00156,-0.005191,0.089079,0.3479,-0.66664,-1.2319,8.5808,-4.4363,-0.001305,0.011342,-0.013232,0.13946,-0.64714,0.016835,-1.0442,-8.7682,-4.3453,-0.011026,-0.008594,-0.008985,0.040249,0.31611,0.63076
-4.069,-0.70137,8.9869,0.015028,0.038854,0.012548,0.30063,-0.28233,-0.82681,-0.20015,6.9887,6.8448,0.015134,0.00095,-0.018559,-0.056064,-0.69399,-0.21033,-0.85141,-8.0781,5.5394,0.016136,0.001487,-0.000737,0.088236,0.34847,-0.66822,-1.2025,8.656,-4.4432,-0.000531,-0.000114,-0.009768,0.13782,-0.64818,0.01729,-1.0142,-8.7534,-4.3298,0.007717,-0.001015,0.00819,0.042143,0.31639,0.63108
-4.1136,-0.68601,8.9419,0.009731,0.057575,0.003334,0.30154,-0.28186,-0.82499,-0.24184,7.0033,6.8349,0.007704,-0.011242,0.001883,-0.054845,-0.69362,-0.20949,-0.8734,-8.0512,5.5435,-0.018519,0.005569,-0.007838,0.089601,0.3484,-0.66637,-1.2023,8.6259,-4.4357,0.008333,-0.007167,-0.00894,0.13947,-0.64754,0.016969,-0.98425,-8.791,-4.3145,0.000541,0.006083,0.006435,0.041826,0.31706,0.63052
-4.1287,-0.71562,8.964,0.000606,0.049665,0.01065,0.30211,-0.28332,-0.82469,-0.22217,6.979,6.8397,-0.006541,-0.005957,-0.002417,-0.056002,-0.69376,-0.20916,-0.88069,-8.0634,5.5485,-0.012337,-0.001562,-0.004316,0.089691,0.34736,-0.6671,-1.2025,8.6561,-4.4658,0.001059,0.008691,-2e-06,0.13972,-0.64765,0.016318,-0.9843,-8.8133,-4.3295,0.005909,-0.010926,0.006309,0.041247,0.31587,0.62972
-4.1286,-0.68604,8.9791,-0.001405,0.009328,0.008999,0.30324,-0.28138,-0.82383,-0.20474,6.9448,6.8907,0.009671,-0.002529,-0.011424,-0.055854,-0.69383,-0.21124,-0.84898,-8.083,5.5542,-0.00535,0.013197,0.001912,0.089257,0.34765,-0.66815,-1.2022,8.6109,-4.4357,-0.004096,-0.000109,-0.008895,0.14003,-0.64806,0.016864,-0.97678,-8.7984,-4.3293,-0.000258,-0.001276,-0.002661,0.038792,0.31717,0.62935
-4.0691,-0.73826,8.9493,0.004993,0.009101,-0.005581,0.3036,-0.28136,-0.82478,-0.22204,6.9813,6.8738,0.005919,-0.004135,0.006383,-0.055843,-0.69345,-0.21099,-0.8612,-8.0635,5.5586,-0.003275,0.00196,-0.011359,0.089395,0.34868,-0.66792,-1.2021,8.5811,-4.4732,-0.005857,-0.00187,-0.008915,0.13911,-0.64784,0.018279,-1.0142,-8.7833,-4.3299,0.006839,-0.001055,0.006385,0.039582,0.31758,0.62924
-4.0695,-0.70954,9.1808,-0.006912,0.009597,0.021773,0.30205,-0.2835,-0.82318,-0.19756,6.9788,6.8739,0.006116,-0.000765,-0.013159,-0.055557,-0.69437,-0.21069,-0.86364,-8.0635,5.5585,0.00371,0.004022,-0.004282,0.089695,0.34866,-0.66701,-1.2173,8.626,-4.466,0.020695,0.00515,-0.00356,0.13891,-0.64727,0.016942,-1.0142,-8.7834,-4.3,-0.001144,0.007692,-0.002582,0.0397,0.31624,0.6306
-4.114,-0.73079,9.0237,-0.010419,0.01016,-0.001959,0.30255,-0.28242,-0.82399,-0.2197,6.9862,6.8495,-0.008276,-0.009575,-0.012201,-0.056788,-0.69357,-0.21156,-0.87094,-8.0585,5.5388,-0.008601,-0.00083,-0.012255,0.08946,0.34867,-0.66664,-1.2023,8.6408,-4.3907,0.00095,0.022781,0.005391,0.13979,-0.64758,0.017913,-1.0142,-8.7834,-4.3,-0.008415,-0.00126,-0.000815,0.040332,0.31691,0.63021
-4.1135,-0.68592,8.9195,0.011343,0.016304,0.001689,0.30098,-0.28158,-0.82529,-0.23176,6.9619,6.8785,0.005917,-0.011256,0.001006,-0.055015,-0.69464,-0.21039,-0.88071,-8.0537,5.5557,-0.003528,-0.00408,0.000989,0.089143,0.34713,-0.66788,-1.1871,8.581,-4.4353,0.004783,-0.000128,-0.008019,0.14003,-0.64755,0.016995,-0.99924,-8.7908,-4.3297,-0.00121,0.006904,0.002833,0.040354,0.31678,0.63048
-4.0989,-0.71588,8.9716,-0.015718,0.047123,0.012466,0.30151,-0.28264,-0.82554,-0.20739,6.9789,6.8641,0.007723,-0.000581,0.008168,-0.056172,-0.69413,-0.20994,-0.9002,-8.0535,5.5456,0.007473,0.000203,-0.013126,0.089697,0.34762,-0.66698,-1.1873,8.6111,-4.4654,0.008238,-0.003651,-0.003627,0.13897,-0.64656,0.0188,-1.0142,-8.7833,-4.3299,0.015237,-0.006844,-0.015382,0.039077,0.31636,0.63125
-4.1138,-0.71582,8.9864,0.000549,0.030713,-0.00021,0.3025,-0.28108,-0.82482,-0.23195,7.0032,6.8592,0.009438,-0.008525,0.009889,-0.054084,-0.69321,-0.20985,-0.87335,-8.0682,5.5291,-0.004301,-0.003314,-0.004308,0.090313,0.34864,-0.66736,-1.1724,8.6261,-4.4351,-0.004132,0.003399,-0.007104,0.14051,-0.64722,0.01861,-1.0067,-8.7834,-4.2999,-0.014893,-0.018149,0.007225,0.040674,0.31665,0.63116
-4.1138,-0.70107,9.0015,0.007679,0.005525,-0.003738,0.30263,-0.28186,-0.82509,-0.22467,6.9912,6.8349,-0.004635,-0.011416,-0.020245,-0.055393,-0.69478,-0.21015,-0.87337,-8.0634,5.5437,0.000673,-0.000997,0.013366,0.088403,0.34819,-0.66744,-1.1873,8.6036,-4.4579,0.009901,-0.014213,0.000711,0.13902,-0.64827,0.015888,-1.0142,-8.7983,-4.315,-0.003835,0.007665,-0.003479,0.041247,0.31719,0.62997
-4.0987,-0.6861,8.9345,0.011285,-0.005374,-0.011896,0.30195,-0.28252,-0.82511,-0.2123,6.9813,6.8617,0.007767,0.001155,0.004619,-0.056033,-0.69492,-0.20992,-0.86118,-8.0707,5.5465,0.009157,-0.006938,-0.00783,0.088939,0.34765,-0.66689,-1.2023,8.626,-4.4507,-0.008736,-0.002739,-8.8e-05,0.13867,-0.64807,0.017595,-1.0142,-8.7908,-4.315,0.000455,0.01072,0.013715,0.039985,0.31651,0.63087
-4.1135,-0.67114,8.927,-0.003276,-0.015974,-0.007311,0.30055,-0.28249,-0.82571,-0.20737,6.974,6.8641,0.009561,-0.00508,-0.000764,-0.055587,-0.69358,-0.2111,-0.87337,-8.0634,5.5364,-0.010623,-0.003277,-0.000783,0.089089,0.34934,-0.66643,-1.2023,8.626,-4.4432,0.005534,0.003404,-0.001808,0.13839,-0.64729,0.017846,-1.0142,-8.7608,-4.3448,0.000598,0.011415,0.003769,0.039985,0.31783,0.63112
-4.0765,-0.70866,8.9719,-0.005081,-0.012334,-0.005501,0.30018,-0.28224,-0.82491,-0.23194,6.9887,6.8519,0.011255,-0.007659,0.008098,-0.055603,-0.69493,-0.20924,-0.87337,-8.0634,5.5388,-0.005033,0.000111,-0.012251,0.088783,0.3491,-0.66745,-1.2024,8.6409,-4.4357,-0.012284,0.006949,-1.6e-05,0.13891,-0.64701,0.017074,-0.98426,-8.7984,-4.3145,-0.002821,0.007494,-0.011637,0.042592,0.31495,0.62965
-4.0989,-0.70859,9.0015,-0.002296,0.000174,-0.007376,0.29865,-0.28023,-0.82553,-0.22457,6.9814,6.8543,0.002361,-0.005925,0.002846,-0.055359,-0.69323,-0.20926,-0.86364,-8.0562,5.5486,-0.003556,0.004123,0.001893,0.089709,0.34801,-0.66674,-1.1872,8.6035,-4.4354,0.008173,0.006915,-2.3e-05,0.1391,-0.64809,0.017881,-0.99924,-8.7984,-4.3148,0.000747,0.010274,-0.008002,0.03932,0.3161,0.63086
-4.0839,-0.70113,8.9569,-0.004975,0.005539,-0.009227,0.30056,-0.28223,-0.82544,-0.2171,6.9715,6.8786,0.000585,-0.007725,-0.000706,-0.056728,-0.69321,-0.21038,-0.86846,-8.0804,5.5343,-0.014194,0.001239,-0.000778,0.089057,0.34921,-0.66706,-1.1874,8.6261,-4.4654,-0.000482,0.019243,-0.009641,0.13908,-0.64691,0.017745,-1.0142,-8.7908,-4.3299,0.000718,-0.000476,-0.008068,0.040577,0.31743,0.63181
-4.0543,-0.73112,8.9868,-0.008738,-0.007633,0.009068,0.29889,-0.28206,-0.82619,-0.20246,6.974,6.869,0.008701,-0.004226,-0.004308,-0.055224,-0.69363,-0.20925,-0.85869,-8.0877,5.5248,-0.014187,-0.001492,-0.000781,0.08995,0.34852,-0.66699,-1.2022,8.596,-4.4507,0.011869,0.017476,-0.005246,0.13909,-0.64744,0.017879,-1.0142,-8.7685,-4.3,0.003372,-0.007602,-0.006314,0.040097,0.31598,0.63049
-4.0542,-0.71625,8.972,-0.007784,0.000401,0.00721,0.29917,-0.28207,-0.82605,-0.20495,6.9837,6.8642,0.007743,-0.008612,-0.000766,-0.055184,-0.69469,-0.2087,-0.87335,-8.0707,5.5341,0.010527,-0.000958,0.01161,0.089472,0.34906,-0.6664,-1.1873,8.611,-4.4354,0.002372,0.008671,-0.019423,0.13932,-0.64663,0.017092,-0.99175,-8.7909,-4.3296,0.015023,0.00248,0.00276,0.039022,0.31677,0.63057
-4.054,-0.68655,8.9572,0.00948,0.010114,0.005368,0.297,-0.28034,-0.82587,-0.2123,6.9837,6.8641,0.009597,0.004671,0.002845,-0.05427,-0.69344,-0.2109,-0.88069,-8.0585,5.5435,-4e-06,0.004183,0.002776,0.088415,0.34858,-0.6672,-1.1949,8.6261,-4.4731,0.008128,-0.000123,0.001695,0.13938,-0.64797,0.018027,-1.0142,-8.7684,-4.3299,0.000561,0.004263,0.004626,0.039856,0.31611,0.63088
-4.0691,-0.70154,9.0317,0.011321,0.009081,-0.005567,0.29675,-0.28087,-0.82533,-0.20503,6.9935,6.8521,0.00416,0.00297,0.009107,-0.055791,-0.69296,-0.20994,-0.86851,-8.0586,5.5437,-0.017685,0.007462,-0.005183,0.090184,0.3493,-0.66738,-1.2023,8.6259,-4.4357,-0.005882,-0.002747,-0.008911,0.14034,-0.64694,0.017937,-1.0292,-8.7908,-4.3153,-0.004783,-0.003071,-0.002638,0.041022,0.31626,0.63038
-4.054,-0.68661,8.9722,0.012111,-0.005114,0.007262,0.29697,-0.28191,-0.82641,-0.21725,6.9838,6.8495,-0.001113,-0.004243,-0.007786,-0.056335,-0.69386,-0.21048,-0.87089,-8.0852,5.5295,-0.010559,-0.005164,-0.003437,0.090479,0.3485,-0.66658,-1.2024,8.641,-4.4507,-0.011331,-0.002738,-0.003614,0.13893,-0.64741,0.017341,-0.99919,-8.7685,-4.3147,0.004366,-0.003231,-0.011721,0.039693,0.31677,0.63059
-4.0394,-0.73124,8.9869,-0.011455,-0.010346,0.005429,0.29805,-0.28151,-0.82664,-0.21479,6.9935,6.8593,-0.008338,0.002944,0.004763,-0.055992,-0.69403,-0.20902,-0.8733,-8.0876,5.5075,-0.001685,-0.006836,-0.000781,0.089064,0.34882,-0.66692,-1.2023,8.6259,-4.4357,-0.004046,0.008692,-0.010595,0.13894,-0.64717,0.017739,-0.99926,-8.7983,-4.3372,0.000616,-0.003021,-0.000855,0.040843,0.31732,0.62995
-4.0473,-0.71719,9.1959,0.009215,-0.048266,-0.008961,0.29586,-0.28162,-0.82673,-0.21215,6.9497,6.8785,0.011374,-0.00422,-0.002556,-0.055415,-0.69269,-0.21019,-0.85142,-8.0805,5.5468,-0.005334,-0.010427,0.002746,0.090311,0.34969,-0.66739,-1.2023,8.6408,-4.4132,0.002685,0.015737,0.007106,0.13935,-0.64767,0.017229,-0.99922,-8.7834,-4.3147,-0.011961,-0.013972,-0.008134,0.04096,0.31744,0.63156
-4.0244,-0.7607,8.9122,-0.015862,-0.004327,-0.015581,0.29306,-0.28261,-0.8282,-0.21237,6.9887,6.8496,0.009487,0.003008,0.014397,-0.056071,-0.69399,-0.21047,-0.87824,-8.0633,5.5339,-0.005247,0.00764,-0.002522,0.08995,0.34852,-0.66699,-1.1949,8.6335,-4.4356,0.008983,0.010441,0.003537,0.13791,-0.64685,0.016495,-1.0142,-8.7759,-4.315,0.004216,-0.003902,-0.000864,0.041222,0.31519,0.63107
-3.9722,-0.70221,9.0025,0.000529,0.038086,0.012542,0.29337,-0.28171,-0.82737,-0.21964,6.9837,6.8641,0.007779,-0.016662,-0.011482,-0.056279,-0.69506,-0.20967,-0.86844,-8.0925,5.5296,-0.006166,0.004036,-0.000764,0.089828,0.34905,-0.66689,-1.2246,8.581,-4.4736,0.002921,-0.000106,-0.003608,0.13965,-0.64783,0.017774,-1.0142,-8.7609,-4.3299,0.002549,0.00039,-0.009877,0.041212,0.31652,0.63118
-4.0095,-0.70202,9.0321,0.004155,0.028014,-0.002004,0.29479,-0.28294,-0.82635,-0.18802,6.9937,6.8206,0.007815,-0.004211,-0.004297,-0.055747,-0.69376,-0.20927,-0.85867,-8.0925,5.5102,-0.003563,0.006877,0.002781,0.088542,0.34858,-0.66719,-1.1724,8.6261,-4.4501,0.002212,-0.006296,-0.013348,0.13897,-0.64834,0.017875,-0.99923,-8.7834,-4.3297,-0.010106,0.005772,-0.007102,0.040283,0.31651,0.63128
-4.0468,-0.71651,9.0243,-0.007583,0.034358,-0.002052,0.29589,-0.28269,-0.82631,-0.22711,7.025,6.8594,-0.008368,-0.011274,-0.004203,-0.054815,-0.69506,-0.2092,-0.89769,-8.0875,5.5291,-0.010648,-0.006859,0.000967,0.089974,0.34956,-0.66651,-1.1574,8.626,-4.4048,0.011923,-0.004552,-0.010687,0.13907,-0.64793,0.017216,-0.98428,-8.8134,-4.3071,-0.003795,0.000394,-0.008063,0.040172,0.31665,0.62981
-4.0168,-0.68694,8.9799,0.004113,0.016313,-0.004693,0.29588,-0.28269,-0.82644,-0.22217,6.9718,6.8348,-0.004779,-0.005928,0.001124,-0.05476,-0.69288,-0.2078,-0.87822,-8.0779,5.539,-0.008754,-0.008809,-0.004327,0.090384,0.34837,-0.66595,-1.2024,8.6409,-4.4357,0.006521,-0.002762,-0.007142,0.13934,-0.64716,0.01736,-0.99923,-8.7834,-4.3297,0.005222,0.000451,-0.007175,0.039777,0.31612,0.6298
-4.0693,-0.70172,9.0764,-0.006859,0.009429,0.010825,0.29554,-0.28213,-0.82756,-0.18038,6.9595,6.8715,0.004277,-0.006046,-0.011393,-0.056242,-0.69248,-0.20854,-0.84899,-8.0659,5.5344,-0.000764,-0.008706,-0.002542,0.089705,0.35062,-0.66681,-1.1947,8.6035,-4.4355,-0.000366,0.010441,-0.015882,0.13878,-0.64663,0.017332,-0.98423,-8.776,-4.3294,-0.002963,-0.000388,-0.002645,0.038526,0.3177,0.62947
-3.9869,-0.68703,8.9428,0.000433,0.009247,0.001718,0.29629,-0.28269,-0.82643,-0.22219,6.9863,6.8398,0.001475,-0.005037,0.002858,-0.056073,-0.69451,-0.21059,-0.86355,-8.0998,5.5249,0.000233,0.002086,-0.007825,0.089968,0.34944,-0.66664,-1.232,8.6107,-4.4138,0.006731,0.00693,-0.015902,0.13845,-0.64697,0.016123,-1.0221,-8.7691,-4.3136,0.016742,-0.006452,0.000924,0.040444,0.31698,0.63169
-4.0099,-0.71737,9.1663,0.003888,-0.021234,-0.000874,0.29502,-0.28331,-0.8273,-0.18794,7.0008,6.8449,0.004236,-0.00066,-0.002468,-0.055038,-0.69449,-0.21079,-0.88064,-8.0828,5.5293,-0.01046,-0.008912,-0.007863,0.089498,0.34892,-0.66588,-1.2024,8.6484,-4.4357,-0.001666,0.001655,0.001714,0.13977,-0.64807,0.01725,-1.0146,-8.784,-4.3284,-0.012034,0.003189,-0.004371,0.040273,0.31647,0.62929
-4.0317,-0.65739,9.0322,0.006653,-0.025051,-0.014541,0.29424,-0.2824,-0.82651,-0.21231,6.9886,6.8641,-0.010107,-0.005977,-0.005051,-0.056973,-0.69283,-0.21001,-0.83438,-8.0684,5.5444,0.003731,-0.008721,-0.0043,0.089217,0.34933,-0.66642,-1.2021,8.6108,-4.4057,-0.005733,-0.001871,-0.015965,0.13932,-0.64727,0.016829,-0.99962,-8.7841,-4.3282,-0.006814,0.002603,0.010078,0.040373,0.31712,0.63075
-3.9943,-0.65751,8.9877,-0.010485,-0.005099,-0.005529,0.29418,-0.28211,-0.82761,-0.21713,6.9595,6.864,0.006115,-0.006102,-0.01675,-0.056787,-0.6939,-0.2092,-0.89282,-8.0876,5.5365,-0.014298,-0.003163,0.004505,0.08911,0.34855,-0.66602,-1.2024,8.6485,-4.4507,-0.006068,0.001659,-5.2e-05,0.13932,-0.64714,0.016828,-0.99962,-8.7841,-4.3282,-0.00132,0.004305,0.004648,0.039861,0.31605,0.63089
-4.0245,-0.71672,9.0319,-0.01948,0.022098,0.013491,0.29383,-0.28286,-0.82899,-0.21224,6.974,6.8714,0.018403,-0.009436,0.008031,-0.056198,-0.69438,-0.21047,-0.87333,-8.0852,5.5343,-0.010713,0.011368,0.002778,0.090224,0.34877,-0.6666,-1.1947,8.6035,-4.4355,0.002915,0.017487,-0.002597,0.13924,-0.64937,0.01736,-0.98464,-8.7992,-4.2981,-0.003999,-0.000266,0.001001,0.039723,0.31631,0.63088
-4.017,-0.71666,9.0021,-0.006651,0.035179,-0.007524,0.29549,-0.28275,-0.82865,-0.22701,6.9886,6.8592,0.012183,-0.000575,0.009907,-0.055492,-0.6931,-0.20927,-0.86847,-8.0731,5.5293,0.003732,-0.005068,-0.004302,0.090427,0.34953,-0.66509,-1.1947,8.611,-4.4355,0.006332,0.015726,0.003569,0.1393,-0.64724,0.016164,-0.99963,-8.799,-4.3133,-0.001281,0.002438,0.001019,0.041069,0.31606,0.63092
-4.0021,-0.70214,9.0471,-0.006824,0.002034,-0.007378,0.29523,-0.28236,-0.82839,-0.2172,6.9789,6.8592,-0.002054,-0.005981,-0.004231,-0.054658,-0.69351,-0.20843,-0.86357,-8.0926,5.537,-0.004494,-0.009436,0.005394,0.089547,0.34959,-0.66743,-1.1874,8.626,-4.4429,-0.011399,0.000778,-6.3e-05,0.13875,-0.64687,0.016668,-1.0146,-8.799,-4.2986,0.015136,0.004036,-0.011667,0.039508,0.31472,0.6313
-4.0171,-0.71684,9.0469,0.000389,0.003912,0.003566,0.29507,-0.28222,-0.82867,-0.19772,6.9887,6.8399,-0.008255,0.002874,-0.004128,-0.055621,-0.69324,-0.20928,-0.87336,-8.0634,5.5339,-0.008973,0.013248,0.004552,0.089994,0.34917,-0.66612,-1.2172,8.6258,-4.421,-0.018245,-0.007128,-0.013353,0.13865,-0.64664,0.017724,-0.99962,-8.7841,-4.3282,-0.003077,-0.011982,-0.002692,0.039198,0.31551,0.63087
