-3.4796,-0.39624,9.2554,-0.00311,0.045479,0.005218,0.24746,-0.30841,-0.83138,-0.2221,6.9351,6.8738,0.003366,-0.000713,-0.009437,-0.056617,-0.69169,-0.21075,-0.87855,-8.0629,5.566,0.003806,-0.002004,-0.00076,0.090254,0.3472,-0.66769,-1.1816,8.6025,-4.4797,0.001047,-0.005617,-0.005196,0.13862,-0.64608,0.019028,-0.98544,-8.8004,-4.3249,-0.004871,0.002269,-0.011596,0.041501,0.31807,0.63159
-3.4872,-0.39639,9.3076,0.000393,0.025795,0.008958,0.24732,-0.31051,-0.83164,-0.18806,7.0103,6.8695,0.009588,0.001107,-0.004127,-0.05691,-0.69349,-0.21165,-0.86151,-8.0533,5.5637,-0.004149,-0.003078,-0.004298,0.089176,0.34815,-0.66637,-1.2188,8.5948,-4.4654,0.001031,0.008487,-0.003332,0.13878,-0.64661,0.019302,-0.99286,-8.7556,-4.325,0.002286,-0.010213,-0.009886,0.040187,0.31606,0.63158
-3.4351,-0.41892,9.278,-0.004069,0.023792,-0.010189,0.24517,-0.31011,-0.83105,-0.19295,6.9861,6.8524,0.022024,-0.004142,0.003741,-0.057685,-0.69324,-0.21143,-0.83465,-8.0777,5.5474,-0.008687,0.004244,-0.00075,0.08978,0.34865,-0.66699,-1.2038,8.5723,-4.4651,0.005428,-0.000328,-0.001633,0.13959,-0.64545,0.019072,-1.0154,-8.8302,-4.3031,-0.006678,0.004063,-0.011564,0.040421,0.31675,0.62944
-3.4948,-0.49223,9.2025,-0.003457,-0.020797,0.010967,0.24524,-0.31048,-0.83227,-0.18809,6.9789,6.8402,0.00421,-0.001534,-0.004102,-0.058378,-0.69115,-0.21177,-0.86877,-8.0799,5.5543,0.009323,-0.00851,-0.007831,0.089627,0.34853,-0.6675,-1.204,8.6024,-4.4726,0.001114,0.011998,-0.006836,0.13928,-0.64657,0.017998,-0.98533,-8.7558,-4.28,0.000326,-0.013608,4.2e-05,0.040299,0.31727,0.62969
-3.4569,-0.38116,9.1438,0.007477,-0.019268,-0.003612,0.24458,-0.31061,-0.83175,-0.22448,6.9447,6.8982,-0.004722,-0.001575,-0.007595,-0.057298,-0.69272,-0.21142,-0.8688,-8.0581,5.5539,0.005392,0.008242,0.008098,0.089896,0.34786,-0.66722,-1.1817,8.6102,-4.5397,-0.007738,0.001432,-0.008678,0.13928,-0.64567,0.018262,-0.9854,-8.7855,-4.31,0.004099,-0.006625,-0.009869,0.040698,0.31754,0.6297
-3.4497,-0.38152,9.2185,-0.017701,0.024964,0.005288,0.24511,-0.30942,-0.83201,-0.18797,6.9643,6.8596,0.00786,0.011736,-0.001395,-0.056891,-0.69259,-0.21114,-0.88098,-8.0678,5.5636,0.00555,0.001696,0.001015,0.090176,0.34811,-0.6667,-1.2485,8.5942,-4.361,0.022457,0.001433,-0.00955,0.13885,-0.64514,0.01824,-1.0004,-8.7855,-4.2953,-0.011338,-0.003842,-0.002569,0.040728,0.31754,0.6301
-3.5022,-0.44055,9.2624,-0.014062,0.025784,0.001637,0.24627,-0.30947,-0.83087,-0.18326,7.0056,6.8404,0.005952,-0.00772,-0.004145,-0.056708,-0.6934,-0.21033,-0.86148,-8.0581,5.5393,-0.008442,0.001231,-0.012243,0.089221,0.34827,-0.66548,-1.197,8.6925,-4.4951,0.008206,-0.000338,-0.007787,0.13947,-0.64828,0.018542,-0.98544,-8.8004,-4.3249,0.003058,0.002593,0.002859,0.041018,0.31542,0.63002
-3.4426,-0.44103,9.2629,0.002282,0.034648,0.001627,0.24662,-0.30878,-0.83182,-0.23205,6.9643,6.8545,-0.006511,0.002001,-0.004004,-0.057247,-0.69145,-0.21026,-0.84925,-8.08,5.535,0.001215,-0.003034,-0.004291,0.090599,0.34743,-0.6659,-1.1966,8.6249,-4.465,0.021017,0.017242,-0.022677,0.13909,-0.64754,0.019717,-1.0154,-8.8302,-4.3031,0.004108,-0.006635,-0.010758,0.040188,0.31634,0.62984
-3.4872,-0.38903,9.2858,0.000337,0.009583,-0.000125,0.24519,-0.30833,-0.83211,-0.20248,6.9447,6.891,0.008481,-0.012928,0.009135,-0.057044,-0.69258,-0.21154,-0.86875,-8.0775,5.5347,-0.00321,-0.00129,-0.006064,0.091016,0.34861,-0.66769,-1.1591,8.5802,-4.5092,0.017177,0.015474,-0.008584,0.13784,-0.64715,0.016737,-0.97045,-8.7855,-4.3396,0.00959,0.007696,-0.011603,0.040729,0.31608,0.62986
-3.4722,-0.38171,9.2785,0.007505,-0.008437,-0.003684,0.24534,-0.30847,-0.83183,-0.17829,6.9934,6.8525,0.012222,-0.000613,0.001176,-0.056495,-0.6922,-0.21099,-0.85421,-8.0485,5.5637,0.014441,0.006332,0.001927,0.089896,0.34786,-0.66722,-1.2039,8.5875,-4.4951,0.002845,0.000553,-0.005155,0.13862,-0.64634,0.019029,-0.9854,-8.7855,-4.31,0.01129,-0.000251,-0.006226,0.040503,0.31594,0.63039
-3.4127,-0.41174,9.2563,0.000293,0.009744,0.011735,0.24474,-0.30856,-0.83295,-0.22726,7.0031,6.8547,0.004259,0.001068,-0.008537,-0.056468,-0.69404,-0.21083,-0.86148,-8.0679,5.5639,-0.010364,0.0041,-0.006058,0.088698,0.34842,-0.66577,-1.2041,8.6398,-4.4502,-0.002465,0.008483,-0.006852,0.13891,-0.64622,0.019174,-1.0154,-8.7854,-4.3105,0.014804,-0.015392,-0.002704,0.041284,0.31622,0.63014
-3.4501,-0.44116,9.2782,-0.003301,0.013315,0.008976,0.24464,-0.30937,-0.83226,-0.2345,6.9884,6.8716,0.00235,0.001181,0.004814,-0.056508,-0.69298,-0.21137,-0.85905,-8.063,5.5541,0.008993,-0.00176,0.007201,0.090266,0.34746,-0.66744,-1.204,8.6248,-4.4502,-0.004227,-0.00648,-0.008725,0.13756,-0.6483,0.019647,-1.0004,-8.8153,-4.3252,-0.006853,0.008835,0.002932,0.039874,0.31674,0.62928
-3.4798,-0.41123,9.2633,-0.014146,0.018782,0.010759,0.2438,-0.30777,-0.83258,-0.19764,6.952,6.8813,0.004181,-0.011314,-0.009493,-0.057393,-0.69274,-0.21077,-0.86876,-8.0775,5.5444,0.000185,-0.011949,0.00275,0.089227,0.34777,-0.66788,-1.2039,8.5948,-4.4501,0.004457,0.024324,0.003838,0.13956,-0.64658,0.018012,-0.98544,-8.7929,-4.3399,0.013178,0.000544,-0.011652,0.040153,0.31674,0.62943
-3.4425,-0.41158,9.2785,-0.012305,0.016849,-0.00017,0.24493,-0.30886,-0.83198,-0.20755,6.9691,6.8643,0.011476,-0.001662,-0.016615,-0.058148,-0.69302,-0.21028,-0.87367,-8.0532,5.5342,-0.004936,-0.01954,-0.007869,0.089432,0.34787,-0.66635,-1.1741,8.61,-4.4721,0.008224,0.011975,-0.006835,0.13905,-0.64636,0.019315,-0.98539,-8.7705,-4.3249,0.006646,-0.004564,0.002801,0.03962,0.3154,0.63104
-3.4723,-0.39659,9.2933,-0.005029,0.033093,0.012536,0.24658,-0.30729,-0.83165,-0.18801,6.9788,6.8597,0.011389,-0.000679,-0.005934,-0.057629,-0.69314,-0.21038,-0.86391,-8.0678,5.5492,-0.000625,-0.006615,-0.001654,0.090205,0.34653,-0.66614,-1.2042,8.6549,-4.4727,0.004598,0.02256,-0.003222,0.13922,-0.64741,0.01959,-1.0004,-8.8004,-4.3028,0.005666,0.00815,0.011037,0.04011,0.31594,0.63051
-3.4425,-0.42629,9.2485,-0.005016,0.027592,0.00344,0.24503,-0.30792,-0.83253,-0.21245,6.9788,6.8692,0.002459,-0.002481,-0.01032,-0.056462,-0.69391,-0.2107,-0.86393,-8.0581,5.5588,-0.003113,0.002206,-0.011353,0.089184,0.3471,-0.66621,-1.2039,8.5949,-4.4801,-0.002325,-0.000325,-0.013101,0.14058,-0.64702,0.018991,-1.0079,-8.8004,-4.2954,-0.010501,-0.001037,0.002878,0.038992,0.3162,0.62994
-3.4574,-0.41144,9.2709,-0.003252,0.013149,-0.003792,0.2451,-0.30888,-0.83129,-0.19775,6.9618,6.8595,0.006077,0.002829,-0.009433,-0.056419,-0.69308,-0.21215,-0.8688,-8.0508,5.5391,-0.003158,-0.015889,-0.007858,0.089553,0.34787,-0.66647,-1.2039,8.5948,-4.4501,-0.00056,0.008477,-0.012156,0.13864,-0.64623,0.01956,-1.0079,-8.8004,-4.3104,0.004055,-0.020958,-0.009954,0.040612,0.31729,0.6285
-3.4501,-0.4411,9.2633,0.000282,0.002484,0.005378,0.24483,-0.30848,-0.8313,-0.23211,6.9885,6.8546,0.004132,-0.005035,0.001209,-0.057892,-0.69171,-0.21016,-0.86389,-8.0775,5.5445,0.000375,-0.014907,-0.006086,0.090967,0.34781,-0.66614,-1.2039,8.6023,-4.4651,0.010069,0.006703,-0.010402,0.13907,-0.64727,0.01945,-0.98537,-8.7556,-4.3248,0.007645,-0.004708,-0.004439,0.039857,0.31727,0.62914
-3.4425,-0.41147,9.2486,-0.001538,0.006174,0.012657,0.24433,-0.30889,-0.83036,-0.19535,6.9836,6.8645,-0.009141,-0.002499,-0.014667,-0.057352,-0.69185,-0.20987,-0.86389,-8.0775,5.5494,0.004567,-0.010004,0.006293,0.089413,0.34749,-0.66672,-1.2189,8.5948,-4.4729,0.0098,-0.007366,0.00097,0.13923,-0.64896,0.019329,-1.0154,-8.7779,-4.3104,-0.003237,-0.00377,-0.000774,0.039735,0.31739,0.63114
-3.4574,-0.41138,9.256,0.000335,0.011421,0.003516,0.24505,-0.30911,-0.83224,-0.18797,6.9715,6.8645,0.005941,-0.005937,-0.001472,-0.057805,-0.69299,-0.21118,-0.85906,-8.0533,5.5442,-0.007465,0.005671,-0.016648,0.090076,0.34719,-0.66617,-1.2039,8.6023,-4.4651,0.006462,-0.000333,-0.008686,0.13892,-0.64687,0.019176,-1.0004,-8.7929,-4.3327,-0.001417,0.015129,0.00296,0.04096,0.317,0.63132
-3.42,-0.41876,9.1741,0.019395,0.011158,-0.005577,0.24421,-0.30837,-0.83009,-0.21489,6.9642,6.8618,0.005221,0.006345,-0.011188,-0.056478,-0.69377,-0.21096,-0.86876,-8.0799,5.5494,0.006485,0.000746,-0.00075,0.089204,0.34709,-0.66583,-1.2039,8.5948,-4.4651,0.007286,0.00495,-0.005121,0.13932,-0.6461,0.019194,-1.0004,-8.8004,-4.3103,0.009471,0.003369,-0.004381,0.040577,0.31595,0.62959
-3.4426,-0.4117,9.3083,-0.014129,0.015078,-0.000163,0.24532,-0.31044,-0.83222,-0.20261,6.9545,6.8643,-0.001259,-0.005002,0.003922,-0.055971,-0.6935,-0.2112,-0.87367,-8.0678,5.5589,-0.007249,-0.002572,0.016008,0.090438,0.34784,-0.66655,-1.204,8.61,-4.4952,0.017159,0.001412,-0.009556,0.13851,-0.64713,0.01929,-1.0004,-8.7705,-4.3102,0.004954,0.002456,-0.004377,0.040238,0.31567,0.63039
-3.4278,-0.42664,9.3083,-0.022255,0.021434,0.001623,0.24479,-0.31031,-0.83211,-0.21249,6.974,6.8546,-0.003096,-0.005843,0.00838,-0.057288,-0.6909,-0.21093,-0.84444,-8.0582,5.5591,-0.012225,-0.008541,-0.001665,0.090564,0.34901,-0.66658,-1.2041,8.6398,-4.4502,0.000942,-0.010883,-0.001693,0.1385,-0.64674,0.019289,-0.98541,-8.793,-4.3025,0.002925,0.000983,0.011893,0.039631,0.31634,0.62955
-3.4425,-0.41153,9.2636,-0.010539,0.013341,0.007143,0.24367,-0.30843,-0.83244,-0.19523,6.9641,6.8814,-0.008393,-0.007698,-0.002255,-0.056525,-0.69206,-0.21152,-0.86873,-8.0872,5.5299,0.002218,-0.000426,-0.009589,0.090056,0.34798,-0.66658,-1.189,8.6024,-4.4723,0.00287,-0.000335,-0.006923,0.13895,-0.64857,0.019315,-0.98543,-8.8005,-4.31,0.006683,0.000776,0.001029,0.041166,0.31714,0.63052
-3.4351,-0.38965,9.3384,0.005696,0.00068,0.0054,0.24446,-0.30948,-0.83309,-0.20749,6.9593,6.8716,0.001494,-0.000627,-0.000523,-0.05674,-0.69312,-0.21086,-0.85174,-8.063,5.5542,0.016076,-0.002544,0.009859,0.090966,0.3486,-0.66616,-1.1891,8.61,-4.4949,0.000964,0.011114,0.000217,0.13865,-0.64688,0.019429,-1.0004,-8.7705,-4.3102,0.011327,-0.012008,-0.011725,0.040606,0.31807,0.63035
-3.4201,-0.39695,9.2787,0.003874,-0.008376,-0.001861,0.24204,-0.30921,-0.8325,-0.19293,6.974,6.8499,-0.001123,0.001989,-0.005819,-0.05631,-0.69229,-0.21242,-0.86881,-8.0581,5.5588,-0.013185,0.000625,0.000996,0.09044,0.34692,-0.66653,-1.1889,8.58,-4.4798,-0.004372,0.029607,0.002105,0.13889,-0.64736,0.018247,-1.0004,-8.8004,-4.3103,0.003929,-0.006363,0.002803,0.040561,0.31635,0.62945
-3.4126,-0.39689,9.249,-0.004224,0.004269,0.001721,0.24252,-0.31004,-0.8311,-0.22226,6.9788,6.8643,0.0151,0.004517,-0.016613,-0.058054,-0.69287,-0.21094,-0.86389,-8.0775,5.5445,0.000406,-0.010405,-0.007843,0.090638,0.34703,-0.66512,-1.1889,8.5948,-4.4498,-0.008746,0.012006,-0.003308,0.1388,-0.64651,0.016515,-1.0078,-8.7705,-4.3103,-0.009457,-0.003942,-0.007999,0.039796,0.317,0.63008
-3.4423,-0.36707,9.2638,0.005057,0.030788,-0.022093,0.24204,-0.30948,-0.83236,-0.2026,6.9642,6.8741,0.007843,0.001063,-0.008567,-0.056793,-0.69284,-0.21178,-0.86393,-8.0532,5.5441,-0.003201,0.013215,-0.007797,0.090812,0.349,-0.66669,-1.2187,8.5872,-4.4354,0.004617,0.007602,-0.005103,0.13913,-0.64682,0.017727,-1.0004,-8.7855,-4.3102,-0.015748,-0.003108,-0.00979,0.040512,0.31635,0.62878
-3.4276,-0.4264,9.2487,0.00401,0.020339,0.001661,0.24198,-0.30865,-0.83347,-0.21733,6.9739,6.8692,-0.001071,-0.005199,-0.01831,-0.057814,-0.69351,-0.21143,-0.86391,-8.0605,5.5393,-0.001335,-0.015922,-0.009621,0.090344,0.34718,-0.6659,-1.204,8.6322,-4.4427,0.01353,0.004942,-0.006877,0.1395,-0.64768,0.019605,-1.0154,-8.7853,-4.3329,0.000471,-0.013798,-0.009895,0.040561,0.31569,0.62933
-3.3909,-0.42024,9.4878,-0.001007,-0.069159,0.003878,0.24248,-0.3095,-0.8318,-0.21737,6.974,6.8594,-0.001305,-0.01653,-0.000585,-0.057924,-0.69274,-0.21093,-0.87365,-8.0702,5.5467,0.005563,-0.004671,0.001004,0.090432,0.34758,-0.66667,-1.1967,8.625,-4.495,0.000927,0.01376,0.002003,0.14018,-0.64754,0.019238,-0.97794,-8.8005,-4.3099,0.0058,-0.001058,-0.000794,0.040665,0.31674,0.63092
-3.398,-0.44902,9.286,-0.001601,-0.026423,-0.014558,0.23997,-0.3101,-0.83299,-0.20742,6.9593,6.8886,-0.001127,0.004645,-0.00403,-0.057017,-0.69247,-0.21102,-0.85174,-8.0582,5.5419,-0.013864,-0.015986,-0.007866,0.089156,0.34867,-0.66677,-1.2039,8.5874,-4.4801,0.009816,0.010231,0.001972,0.13935,-0.64727,0.019331,-1.0153,-8.778,-4.2955,0.014737,0.008113,0.007402,0.042483,0.31623,0.63005
-3.3531,-0.39026,9.3241,0.003163,0.024704,-0.011115,0.24013,-0.31064,-0.83257,-0.19517,6.9447,6.8838,0.031145,-0.007893,-0.01859,-0.056413,-0.69251,-0.20954,-0.87361,-8.092,5.5446,-0.003437,0.001712,0.004537,0.08917,0.34775,-0.66649,-1.2338,8.5948,-4.4807,0.008113,-0.000317,-0.002511,0.14012,-0.64697,0.017907,-1.0153,-8.7705,-4.3104,-0.008643,0.003399,0.000192,0.039811,0.31594,0.6301
-3.3975,-0.36732,9.2343,0.004048,0.024769,-0.002914,0.24068,-0.31052,-0.83241,-0.198,7.0105,6.8306,0.005995,-0.014884,-0.014856,-0.056941,-0.69147,-0.20946,-0.85906,-8.0533,5.5466,-0.003246,-0.007617,-0.004306,0.090182,0.34837,-0.66658,-1.1965,8.6099,-4.465,0.006718,0.015501,-0.019163,0.13859,-0.64605,0.01823,-1.0004,-8.7855,-4.3102,-0.006899,-0.001006,0.00377,0.03948,0.31753,0.62953
-3.4125,-0.35996,9.279,0.003126,0.035761,0.014366,0.24073,-0.31008,-0.83392,-0.24205,7.0274,6.845,-0.016368,0.001127,-0.00481,-0.056957,-0.69406,-0.2102,-0.87855,-8.058,5.5464,0.004019,0.007732,-0.011337,0.090069,0.34785,-0.66632,-1.1816,8.6323,-4.4347,0.011656,-0.004746,-0.003416,0.13876,-0.64608,0.019034,-0.98542,-8.8005,-4.3025,-0.008776,0.003592,0.01013,0.041583,0.31555,0.63043
-3.4426,-0.41161,9.2859,0.0005,0.036388,-0.007532,0.24082,-0.31184,-0.83239,-0.22695,6.9157,6.8713,-0.010179,-0.004139,0.001324,-0.057898,-0.69249,-0.21041,-0.87367,-8.0581,5.5489,-0.014053,0.01149,-0.000751,0.090691,0.34887,-0.66657,-1.1742,8.625,-4.4796,0.02415,0.013717,-0.00329,0.13962,-0.64701,0.01921,-0.98544,-8.8004,-4.3249,-0.005056,-0.006454,0.000105,0.039874,0.31674,0.62928
-3.3979,-0.41947,9.3086,0.002219,0.023926,-0.001087,0.24168,-0.31135,-0.83154,-0.18775,6.9446,6.9032,0.00947,-0.000563,0.008306,-0.057128,-0.693,-0.21075,-0.85412,-8.0873,5.5375,-0.00129,-0.005079,-0.012248,0.089905,0.34656,-0.66705,-1.2039,8.5799,-4.4801,0.001183,0.003193,-0.010432,0.1393,-0.64646,0.018397,-1.0079,-8.7853,-4.3402,0.00408,0.009627,-0.004324,0.039825,0.31633,0.63036
-3.3679,-0.41201,9.2343,0.005799,0.020408,0.00714,0.24134,-0.31157,-0.83279,-0.19298,6.9837,6.8451,0.005988,-0.005089,-0.005914,-0.057688,-0.69363,-0.21156,-0.84436,-8.0897,5.5352,0.005568,-0.004681,0.001011,0.089061,0.34867,-0.66614,-1.2188,8.5798,-4.4804,-0.013161,-0.000299,-0.005163,0.14006,-0.64615,0.01684,-1.0303,-8.7405,-4.3106,-0.004998,0.011465,-0.000662,0.040424,0.31728,0.62956
-3.383,-0.41224,9.3237,0.001956,-0.02259,0.005499,0.24107,-0.31157,-0.8328,-0.19798,7.0032,6.8305,0.005106,0.001133,-0.002315,-0.05621,-0.69299,-0.2107,-0.86394,-8.0533,5.5539,-0.015863,0.002421,0.000998,0.090546,0.34784,-0.66693,-1.2189,8.6097,-4.4429,0.008056,0.008481,0.000202,0.13878,-0.64713,0.019304,-0.99287,-8.7706,-4.3101,-0.000493,0.007885,-0.000713,0.040668,0.31688,0.62918
-3.4125,-0.3821,9.2565,0.003772,-0.028994,-0.001772,0.24058,-0.30961,-0.83173,-0.22705,6.969,6.8837,-0.008367,-0.005954,-0.004029,-0.056725,-0.69248,-0.21048,-0.84931,-8.0631,5.564,-0.005175,0.013418,0.001036,0.090248,0.34707,-0.66781,-1.1888,8.5723,-4.4498,0.009804,0.017267,0.002902,0.13831,-0.64657,0.018218,-1.0004,-8.8004,-4.3103,0.005768,-0.015411,-0.001784,0.039362,0.31501,0.6293
-3.39,-0.35256,9.2345,0.000385,0.020374,0.001661,0.24067,-0.31038,-0.83255,-0.20001,6.9205,6.8788,0.014914,-0.000632,0.001141,-0.056267,-0.69296,-0.21175,-0.87358,-8.1066,5.54,-0.013962,0.007761,-0.004295,0.090185,0.34706,-0.66654,-1.2039,8.5948,-4.4501,0.006146,0.017282,0.007319,0.13997,-0.64671,0.017899,-0.99291,-8.7854,-4.325,0.005703,-0.009906,0.00458,0.040386,0.31607,0.63065
-3.4574,-0.38201,9.3233,-0.021347,0.040553,0.025253,0.24249,-0.31115,-0.83425,-0.21009,6.9909,6.8547,0.015935,0.003692,-0.010397,-0.055447,-0.69142,-0.21082,-0.85905,-8.0606,5.5492,0.00898,0.008246,0.007222,0.089437,0.3484,-0.66624,-1.1888,8.5798,-4.4498,0.017087,-0.003873,-0.00695,0.13969,-0.6467,0.017753,-0.9854,-8.7855,-4.31,0.00949,-0.006568,-0.008073,0.041156,0.31582,0.63015
-3.3979,-0.42676,9.2787,0.007795,0.05987,0.009708,0.24379,-0.31014,-0.83283,-0.25176,6.9983,6.8448,0.011424,0.001054,-0.008602,-0.05844,-0.69352,-0.21094,-0.85905,-8.063,5.5541,-0.011478,0.004366,0.00454,0.089391,0.34867,-0.66714,-1.1892,8.625,-4.4949,0.002762,0.003189,-0.0016,0.14057,-0.64829,0.018197,-1.0154,-8.8003,-4.3255,0.00672,0.004334,-0.000743,0.039885,0.315,0.63092
-3.4128,-0.38245,9.3461,-0.017577,0.050972,-0.000317,0.24396,-0.31042,-0.83228,-0.17802,6.9399,6.8838,-0.00126,-0.005892,0.003031,-0.056584,-0.6921,-0.21021,-0.86391,-8.0727,5.564,0.003862,-0.013879,-0.002547,0.089597,0.34812,-0.66559,-1.2039,8.5948,-4.4501,0.001112,0.013759,-0.006824,0.13877,-0.64712,0.018905,-1.0004,-8.7705,-4.3102,0.00054,0.014895,-0.008806,0.040447,0.31701,0.62983
-3.4574,-0.41138,9.256,-0.006861,0.011308,-0.009261,0.24422,-0.31055,-0.83254,-0.17838,6.9787,6.8648,0.008631,-0.000617,-0.0022,-0.056787,-0.69315,-0.21199,-0.86389,-8.0678,5.5223,-0.008659,0.001507,-0.001646,0.090067,0.34863,-0.66634,-1.2038,8.5873,-4.4501,0.001082,0.017281,-0.005037,0.13904,-0.64699,0.018785,-1.0153,-8.7704,-4.3179,-0.001368,0.000645,-0.004367,0.039675,0.31673,0.63022
-3.3974,-0.3819,9.1745,-0.001499,0.004234,0.001723,0.24351,-0.31073,-0.83051,-0.24446,6.9883,6.8742,0.007731,0.008267,0.004958,-0.057538,-0.69382,-0.21149,-0.87361,-8.092,5.5422,0.013662,0.001673,-0.002508,0.089795,0.3476,-0.6667,-1.189,8.5875,-4.4798,0.013369,0.008459,0.00196,0.1384,-0.6469,0.020081,-1.0004,-8.778,-4.3102,-0.007094,-0.013315,0.015446,0.041225,0.31622,0.62934
-3.4576,-0.4117,9.3381,0.006772,0.034737,0.006165,0.24487,-0.30889,-0.83047,-0.18821,6.9642,6.8453,0.005937,-0.010389,-0.008459,-0.056631,-0.69342,-0.21158,-0.84933,-8.0436,5.5441,-0.016165,-0.008112,0.015995,0.090183,0.34798,-0.66657,-1.204,8.6098,-4.4576,0.004594,-0.005609,-0.005192,0.13861,-0.64723,0.018499,-1.0004,-8.8004,-4.3028,0.005805,-0.006467,-0.002629,0.039802,0.31726,0.63021
-3.4275,-0.38939,9.2564,-0.010515,0.004148,-0.011056,0.24317,-0.31043,-0.83176,-0.20279,6.9786,6.8841,0.003274,-0.004201,-0.007514,-0.057281,-0.692,-0.21125,-0.87856,-8.0434,5.5339,-0.006804,-0.014004,-0.004327,0.090222,0.34797,-0.6658,-1.1889,8.5874,-4.4648,-0.009369,-0.003846,-0.016657,0.13894,-0.64664,0.019841,-1.0004,-8.7929,-4.3102,-0.003288,-0.000993,0.003761,0.039038,0.31579,0.63048
-3.4424,-0.41132,9.2113,-0.011449,0.013369,0.009875,0.24356,-0.31082,-0.83215,-0.21503,6.952,6.8645,0.000749,0.012562,-0.010967,-0.05641,-0.69158,-0.21199,-0.87362,-8.0823,5.5396,-0.010326,0.00952,-0.007818,0.089678,0.34878,-0.66649,-1.2041,8.6249,-4.4802,0.002939,0.008473,-0.009504,0.13933,-0.64726,0.018932,-1.0079,-8.7704,-4.3327,0.004874,-0.018118,-0.002702,0.040158,0.31606,0.63118
-3.4574,-0.41147,9.2784,0.0122,0.023787,-0.004728,0.24517,-0.3099,-0.83251,-0.20776,6.9787,6.8647,0.00758,-0.000468,0.015588,-0.057795,-0.69161,-0.21102,-0.84437,-8.0898,5.545,-0.010279,0.002186,-0.009592,0.089724,0.34838,-0.66559,-1.1815,8.595,-4.4722,0.002868,0.019028,-0.005025,0.1377,-0.64702,0.016597,-1.0003,-8.7555,-4.3251,-0.010548,0.01345,0.010205,0.039268,0.31567,0.62996
-3.4201,-0.41156,9.2264,-0.003293,0.014206,0.008973,0.24352,-0.30948,-0.83271,-0.21512,6.9714,6.8549,-0.001308,-0.000518,0.008545,-0.057305,-0.69172,-0.21165,-0.86386,-8.0872,5.5373,0.000143,-0.006447,0.004528,0.089464,0.34761,-0.6657,-1.2037,8.5647,-4.4426,0.001039,0.012001,-0.003313,0.13843,-0.64668,0.017693,-0.98538,-8.7706,-4.3099,-0.006821,-0.011932,-0.004451,0.040359,0.31727,0.6305
-3.4425,-0.41158,9.2785,0.009459,0.031179,0.010742,0.24459,-0.30908,-0.83322,-0.21255,6.9689,6.884,-0.002988,0.008263,0.002382,-0.056501,-0.69199,-0.21134,-0.85904,-8.0679,5.5542,0.005929,-0.002404,-0.01665,0.089973,0.34811,-0.66569,-1.2042,8.6548,-4.4502,0.00658,0.011989,-0.013883,0.13875,-0.64685,0.018638,-1.0004,-8.8005,-4.2729,-0.010445,-0.001132,-0.001648,0.040531,0.3174,0.63103
-3.4574,-0.41141,9.2634,-0.008686,0.024127,0.010745,0.24454,-0.30966,-0.83157,-0.23464,6.9641,6.8644,0.000581,0.004713,0.00144,-0.057021,-0.69381,-0.21159,-0.87365,-8.0629,5.5294,-0.007767,-0.013013,-0.000794,0.090146,0.34733,-0.66731,-1.2041,8.6248,-4.4652,-0.004355,0.004967,-0.001586,0.13846,-0.64593,0.018622,-0.97047,-8.8155,-4.3098,0.007663,-0.006542,-0.006265,0.04084,0.31635,0.62959
-3.4574,-0.41141,9.2634,-0.004108,0.034862,0.011617,0.24549,-0.30834,-0.83155,-0.20781,6.9836,6.855,0.006036,0.001072,-0.011066,-0.056502,-0.69121,-0.21122,-0.87362,-8.0823,5.5396,-0.014763,-0.00689,-0.007857,0.091082,0.34794,-0.66639,-1.189,8.595,-4.4948,0.008261,0.004938,-0.008653,0.13932,-0.64725,0.018799,-0.97039,-8.7406,-4.3544,0.000318,0.009843,0.007427,0.039667,0.31594,0.62996
-3.4426,-0.41164,9.2934,-0.004941,0.028244,-0.016624,0.24632,-0.30941,-0.83151,-0.19789,6.9592,6.8719,-0.006587,-0.011287,-0.011029,-0.056791,-0.69276,-0.21199,-0.86877,-8.0726,5.5444,0.01113,0.002376,-0.009572,0.090718,0.34822,-0.66604,-1.1891,8.6249,-4.4649,0.004773,0.010223,-0.012138,0.1391,-0.64679,0.02038,-1.0004,-8.7855,-4.2953,-0.006901,0.011596,0.006568,0.03991,0.31634,0.6297
-3.4722,-0.39647,9.2634,0.003932,0.011477,0.009904,0.24647,-0.30823,-0.8311,-0.20028,6.9519,6.8816,0.002251,-0.007627,0.004922,-0.057532,-0.69174,-0.21101,-0.8737,-8.0435,5.5487,0.000301,0.006062,-0.004277,0.089417,0.34853,-0.66662,-1.1963,8.5872,-4.435,-0.004529,-0.007355,0.00538,0.14018,-0.64651,0.019501,-1.0079,-8.8153,-4.3104,0.005877,0.013236,-0.003398,0.039883,0.31646,0.63116
-3.4576,-0.4264,9.3081,0.003079,0.009482,-0.007414,0.24624,-0.3103,-0.83287,-0.20278,6.9689,6.8792,0.016686,-0.005087,-0.005852,-0.056493,-0.69212,-0.2112,-0.87367,-8.058,5.544,-0.005224,-0.001031,0.004533,0.090678,0.34888,-0.66682,-1.2191,8.6398,-4.4655,0.00651,-0.01089,-0.012281,0.13937,-0.64729,0.019863,-1.0004,-8.7705,-4.3251,-0.001403,0.0043,-0.000732,0.040384,0.31621,0.63065
-3.3978,-0.41929,9.2638,-0.007011,-0.003679,0.009049,0.24572,-0.30925,-0.83235,-0.19796,6.9762,6.8647,0.005967,-0.005091,-0.00843,-0.057855,-0.6934,-0.21243,-0.86879,-8.0629,5.5442,0.008715,0.000216,-0.021943,0.089164,0.34789,-0.66662,-1.1889,8.5725,-4.4948,0.020677,0.017246,-0.005924,0.1393,-0.64774,0.018002,-1.0303,-8.7555,-4.2957,-0.005017,-0.002017,-0.002561,0.040112,0.31647,0.63064
-3.4423,-0.39653,9.2189,0.005834,0.029396,0.010742,0.24619,-0.30849,-0.83124,-0.20771,6.9689,6.8695,-0.003094,-0.010316,-0.000383,-0.058176,-0.69344,-0.21114,-0.86634,-8.0727,5.5493,-0.00419,-0.008464,-0.001663,0.090079,0.34915,-0.6661,-1.1892,8.6548,-4.4499,-0.013277,0.015536,0.000258,0.13768,-0.64725,0.019384,-1.0153,-8.7705,-4.2955,-0.007632,0.004132,-0.007946,0.039675,0.31607,0.63009
-3.4724,-0.41881,9.2931,0.000422,0.029352,0.003439,0.2465,-0.30844,-0.83315,-0.2126,6.9593,6.8645,0.007645,-0.000532,0.00847,-0.057378,-0.69318,-0.21084,-0.85901,-8.0727,5.5347,-0.006833,-0.003075,-0.003419,0.090598,0.34809,-0.66591,-1.2038,8.5798,-4.4501,0.002749,-0.003845,-0.001656,0.13816,-0.64591,0.018076,-0.9855,-8.8303,-4.34,-0.003353,0.002719,0.010112,0.040694,0.31582,0.62933
-3.4426,-0.41164,9.2934,0.005917,0.035491,-0.004784,0.2466,-0.30889,-0.83122,-0.20299,6.9982,6.8453,0.011227,-0.002311,0.006659,-0.057274,-0.692,-0.21112,-0.86152,-8.0436,5.5537,-0.012405,-0.000142,0.006297,0.089981,0.34758,-0.66555,-1.1963,8.5649,-4.4724,0.015244,0.007577,-0.002462,0.13945,-0.64621,0.018802,-1.0004,-8.7854,-4.3252,0.002348,-0.013907,-0.015334,0.041283,0.31594,0.63189
-3.4429,-0.40482,9.4427,0.00032,0.011451,0.001703,0.24638,-0.30832,-0.83288,-0.20771,6.9834,6.8793,-0.00489,-0.014764,-0.003946,-0.056944,-0.69229,-0.20992,-0.86391,-8.0678,5.5492,0.009072,0.009953,0.002807,0.090686,0.34835,-0.66668,-1.2043,8.6847,-4.4352,0.019772,0.003174,-0.008643,0.1394,-0.64693,0.02066,-0.9853,-8.7258,-4.3098,0.016742,-0.00389,-0.009884,0.039956,0.31726,0.63048
-3.5089,-0.42462,8.9645,0.00752,-0.016657,-0.008229,0.24368,-0.30857,-0.8323,-0.20525,6.9496,6.8597,0.000616,0.004689,-0.002115,-0.058421,-0.69222,-0.21301,-0.859,-8.0848,5.5447,-0.003118,0.011302,-0.011335,0.089428,0.34631,-0.66643,-1.2039,8.5725,-4.5101,-0.0072,0.007614,0.008125,0.13819,-0.64824,0.017951,-1.0004,-8.7855,-4.3102,-0.003416,0.001002,0.013724,0.03982,0.31739,0.63048
-3.3901,-0.39683,9.1894,0.011283,0.025673,0.002561,0.24476,-0.30963,-0.83253,-0.24183,6.9543,6.8984,0.0167,-0.011349,-0.013008,-0.057177,-0.69146,-0.21165,-0.85414,-8.0727,5.5299,-0.014032,0.00148,-0.000767,0.090081,0.34811,-0.66607,-1.2188,8.5799,-4.5029,0.01363,0.021669,-0.008538,0.13739,-0.64724,0.019105,-1.0304,-8.8003,-4.3033,-0.015875,-0.003812,-0.000735,0.039966,0.31594,0.63037
-3.4275,-0.37466,9.2788,0.005928,0.032722,-0.011154,0.24505,-0.30885,-0.83225,-0.2029,6.9642,6.8452,0.015659,-0.018289,-0.000581,-0.057887,-0.69332,-0.2106,-0.87361,-8.0872,5.5348,0.005704,-0.021179,-0.00433,0.090609,0.34887,-0.66568,-1.2116,8.6473,-4.4653,0.013467,0.011109,-0.003302,0.1397,-0.64735,0.021206,-1.0304,-8.8003,-4.3108,-0.015017,-0.010942,0.001024,0.041389,0.31515,0.63137
-3.502,-0.39611,9.2334,0.002287,0.042832,0.00885,0.24449,-0.30844,-0.83241,-0.23251,7.0467,6.8429,0.005092,0.006454,-0.002134,-0.057514,-0.69201,-0.21074,-0.87372,-8.024,5.5385,0.00558,-0.00833,0.000118,0.089947,0.34851,-0.66622,-1.1888,8.5798,-4.4348,-0.004932,0.006713,-0.015701,0.13987,-0.64687,0.018691,-0.96293,-8.7706,-4.3394,-0.022983,-0.003107,-0.007981,0.040739,0.31608,0.62999
-3.4797,-0.41117,9.2484,-0.004783,0.065087,-0.007668,0.24654,-0.30913,-0.83232,-0.24203,6.9714,6.8596,-0.016439,-0.005048,-0.005586,-0.05626,-0.6936,-0.20959,-0.8688,-8.063,5.5637,-0.000389,0.007619,-0.01399,0.08991,0.34747,-0.66695,-1.1739,8.5799,-4.4495,0.009063,0.004933,-0.005125,0.13922,-0.6469,0.019855,-0.98545,-8.8004,-4.3324,0.00754,-4.2e-05,0.004639,0.040801,0.31594,0.6308
-3.4873,-0.42592,9.2482,-0.018432,0.07178,0.017819,0.24962,-0.30853,-0.83097,-0.21,6.9446,6.8937,-0.003071,-0.011237,-0.003948,-0.058436,-0.69305,-0.21103,-0.87854,-8.058,5.5366,-0.010447,0.000586,-0.001653,0.090405,0.34824,-0.6672,-1.1742,8.625,-4.4796,0.012647,0.000526,-0.006912,0.13888,-0.64633,0.01851,-1.0229,-8.7928,-4.3106,0.011231,-0.002855,-0.002608,0.041976,0.31622,0.63043
-3.45,-0.43355,9.226,-0.010465,0.024037,0.003445,0.24803,-0.30755,-0.83255,-0.19555,6.9739,6.8526,0.009507,-0.005938,-0.004018,-0.058449,-0.69318,-0.21129,-0.86144,-8.0873,5.5472,-0.007856,-0.002924,0.00276,0.09057,0.34888,-0.66645,-1.2038,8.5799,-4.4726,0.002866,0.015517,-0.005051,0.13921,-0.64638,0.01972,-1.0154,-8.8005,-4.2732,0.005885,-0.001197,-0.008013,0.041064,0.31701,0.63092
-3.4874,-0.4114,9.3229,-0.012379,0.013441,0.013522,0.2501,-0.30864,-0.83218,-0.24207,6.9884,6.8596,0.000399,-0.009348,0.01026,-0.057649,-0.69305,-0.21099,-0.842,-8.0582,5.5494,0.002907,0.004344,-0.000737,0.089694,0.34708,-0.66619,-1.2039,8.58,-4.4951,-0.00061,0.013758,-0.008595,0.13808,-0.64609,0.019533,-1.0003,-8.7556,-4.3027,-0.00139,-0.013737,-0.006279,0.039363,0.31634,0.62954
-3.5023,-0.48484,9.188,-0.010481,0.009507,-0.009269,0.25007,-0.30803,-0.83013,-0.2029,6.9739,6.8525,-0.003933,-0.009473,-0.005706,-0.057278,-0.69161,-0.21113,-0.86882,-8.0533,5.5636,-0.010483,0.007878,-0.000752,0.09006,0.3489,-0.66647,-1.1963,8.5723,-4.4499,0.001215,0.003189,-0.012197,0.13902,-0.64723,0.018253,-0.97042,-8.7781,-4.3246,-0.008689,0.006168,0.004713,0.040756,0.31701,0.63038
-3.487,-0.39608,9.1962,0.007657,0.026608,0.005279,0.24851,-0.30799,-0.83129,-0.21246,6.9301,6.879,0.004146,0.002057,0.001396,-0.058,-0.6921,-0.21247,-0.86388,-8.0726,5.5298,-0.01044,0.011474,-0.002511,0.09033,0.34784,-0.66617,-1.174,8.6098,-4.4195,-0.001746,-0.000329,0.00014,0.14042,-0.64596,0.018715,-0.98548,-8.8153,-4.3399,-0.004111,0.002494,-0.000742,0.040408,0.3166,0.63104
-3.4797,-0.41852,9.2334,0.007753,0.049072,0.008833,0.24972,-0.30786,-0.83152,-0.20777,6.9787,6.8622,0.005972,0.016265,0.008577,-0.057124,-0.6937,-0.21108,-0.8639,-8.0678,5.5346,-0.010464,0.000604,-0.000767,0.089821,0.3476,-0.66619,-1.1889,8.5949,-4.4573,-0.002348,0.00143,-0.012206,0.13962,-0.64676,0.019342,-0.98545,-8.7928,-4.3548,0.003391,0.005702,-0.020639,0.040673,0.31621,0.63093
-3.5171,-0.4405,9.2479,-0.003137,0.047395,0.012469,0.25208,-0.30698,-0.83075,-0.22751,7.0079,6.8428,0.01128,-0.016611,-0.011204,-0.05629,-0.69261,-0.21236,-0.87365,-8.0678,5.5442,-0.01388,-0.003244,-0.007847,0.090595,0.34926,-0.66595,-1.204,8.6099,-4.4727,-0.002454,-0.026729,-0.009752,0.14007,-0.64679,0.02016,-0.97041,-8.7631,-4.3395,0.007566,0.008021,0.004684,0.040832,0.31755,0.6297
-3.517,-0.41828,9.248,-0.010392,0.039275,0.004287,0.25044,-0.30802,-0.8308,-0.22245,6.9593,6.8499,0.009472,-0.011248,-0.004053,-0.0584,-0.69307,-0.21038,-0.85411,-8.0897,5.5326,-0.005291,-0.000947,0.008069,0.09121,0.34768,-0.66638,-1.204,8.61,-4.4952,0.013278,0.001426,0.005445,0.13919,-0.64649,0.019322,-1.0003,-8.7556,-4.3176,-0.006871,0.007957,0.003828,0.039521,0.3174,0.63006
-3.5319,-0.4108,9.2629,0.012146,0.013022,-0.003778,0.25293,-0.30793,-0.83016,-0.18821,6.9787,6.8551,0.008637,-0.007742,-0.008464,-0.056274,-0.69295,-0.20974,-0.85904,-8.0581,5.5394,-0.003597,0.005528,0.011618,0.088906,0.3496,-0.66668,-1.2039,8.5799,-4.4801,0.002747,0.012,0.000218,0.13917,-0.64621,0.018922,-1.0079,-8.8004,-4.2954,-0.014101,-0.010068,0.000113,0.039483,0.3166,0.62941
-3.5095,-0.41093,9.2481,0.005889,0.034671,0.003418,0.25335,-0.30952,-0.82999,-0.18816,6.9593,6.855,0.007778,0.000235,-0.00575,-0.057423,-0.69303,-0.21163,-0.86147,-8.0678,5.5444,-0.013235,0.013404,0.002789,0.091176,0.34847,-0.66704,-1.1966,8.6249,-4.465,0.005194,0.004958,0.009003,0.13947,-0.64662,0.019202,-0.98536,-8.7706,-4.295,-0.004885,0.000474,-0.011609,0.040581,0.31635,0.62972
-3.5394,-0.4255,9.2478,0.000515,0.03633,-0.009368,0.25353,-0.3073,-0.82918,-0.21266,6.9811,6.8646,0.007845,-0.002515,-0.016437,-0.056207,-0.69226,-0.21079,-0.8688,-8.0532,5.5367,-0.001599,-0.00107,0.001889,0.089827,0.34759,-0.66607,-1.2189,8.6098,-4.473,-0.008044,-0.009102,0.003606,0.13892,-0.64803,0.018781,-0.98544,-8.7854,-4.3548,-0.003296,-0.011768,0.002777,0.041162,0.31608,0.63028
-3.5319,-0.42548,9.2255,-0.00682,0.032128,0.00888,0.25279,-0.307,-0.83017,-0.18818,6.9787,6.8648,0.004065,-0.012986,-0.00223,-0.057268,-0.69187,-0.21099,-0.87367,-8.058,5.544,-0.006867,-0.008482,-0.001667,0.091508,0.34844,-0.6655,-1.1815,8.595,-4.4797,0.002296,-0.002963,0.019528,0.13958,-0.64685,0.018279,-1.0004,-8.7705,-4.3176,0.009437,-0.000179,-0.002597,0.04151,0.31715,0.62973
-3.5169,-0.41072,9.2108,-0.003083,0.049039,0.001517,0.25345,-0.30818,-0.83068,-0.21261,6.9641,6.8646,0.002207,-0.01292,0.005782,-0.05732,-0.69367,-0.21227,-0.86148,-8.0605,5.5443,-0.003099,-0.005069,-0.011367,0.08919,0.34749,-0.6661,-1.189,8.6024,-4.4648,-0.002714,-0.010884,0.003592,0.13919,-0.64687,0.019057,-1.0004,-8.8003,-4.3327,0.000361,0.006173,0.002896,0.039772,0.31553,0.63131
-3.547,-0.44032,9.2626,0.004204,0.052485,-0.005785,0.25565,-0.30703,-0.83019,-0.20775,6.9617,6.8549,-0.001126,0.002863,-0.009222,-0.056531,-0.69347,-0.20974,-0.86148,-8.0557,5.5295,-0.00137,0.009547,-0.009568,0.090219,0.34928,-0.66584,-1.2039,8.5948,-4.4501,0.012504,0.006707,0.000186,0.13847,-0.64658,0.018491,-1.0004,-8.7854,-4.3177,0.003989,0.013356,0.002934,0.039965,0.31528,0.63025
-3.5767,-0.4399,9.2176,0.005964,0.045353,-0.000285,0.25568,-0.30757,-0.82964,-0.20282,6.9786,6.8744,-0.011072,-0.004156,-0.004728,-0.056753,-0.6916,-0.2111,-0.86874,-8.0921,5.5447,0.007344,0.000799,0.001017,0.090845,0.34873,-0.66605,-1.2039,8.5949,-4.4801,0.010216,0.01022,-0.016556,0.13977,-0.64664,0.019615,-1.0303,-8.7554,-4.3256,-0.00127,0.000503,-0.011598,0.040202,0.31608,0.62998
-3.5693,-0.44002,9.2326,-0.019329,0.059899,0.001444,0.25709,-0.30695,-0.8289,-0.18818,6.9811,6.8648,0.013011,-0.018331,-0.005889,-0.057777,-0.69396,-0.21111,-0.88342,-8.0531,5.5365,-0.004067,-0.003157,-0.007837,0.089685,0.34878,-0.66636,-1.189,8.6023,-4.4498,0.00943,0.020775,-0.020892,0.13809,-0.64687,0.019536,-1.0004,-8.7855,-4.3027,0.000637,0.003041,-0.018834,0.040052,0.31714,0.62995
-3.5917,-0.43996,9.2622,-0.034029,0.027889,0.013416,0.25856,-0.30655,-0.82939,-0.22004,6.986,6.8598,0.002315,-0.00947,-0.00398,-0.057262,-0.69239,-0.21098,-0.86148,-8.0605,5.5443,-0.010348,-0.004993,-0.006076,0.090759,0.34729,-0.66525,-1.2188,8.6022,-4.4504,0.004542,0.008484,-0.001565,0.13985,-0.64671,0.018158,-1.0004,-8.7854,-4.3252,-0.006718,-0.003074,-0.009812,0.04055,0.31648,0.62931
-3.5916,-0.45454,9.2025,-0.032152,0.033132,0.005185,0.2583,-0.30603,-0.82913,-0.21746,6.9544,6.8693,0.005824,-0.015633,-0.000489,-0.057793,-0.69317,-0.21126,-0.86145,-8.0775,5.5372,-0.01588,-0.006629,0.002745,0.090156,0.34864,-0.6671,-1.204,8.595,-4.4951,0.011414,0.015515,0.010834,0.13918,-0.64687,0.018924,-0.98542,-8.7855,-4.3249,0.008473,0.002613,0.002845,0.041158,0.31635,0.63027
-3.5914,-0.43949,9.1429,-0.014778,0.057976,-0.004021,0.25894,-0.30522,-0.8298,-0.17833,6.9544,6.8623,-0.008391,-0.00058,-0.000285,-0.057658,-0.69357,-0.21124,-0.86873,-8.0921,5.5398,0.002281,-0.005953,-0.012251,0.090241,0.3481,-0.66543,-1.1965,8.6248,-4.45,0.005455,-0.007373,-0.004319,0.14018,-0.64677,0.019369,-0.98535,-8.7632,-4.295,0.003887,-0.002709,0.006438,0.040076,0.31621,0.63011
-3.6216,-0.48406,9.2319,-0.015678,0.063421,-0.000397,0.26178,-0.30365,-0.83025,-0.20288,6.9835,6.8647,-0.01287,-0.013044,-0.010985,-0.05668,-0.69242,-0.2099,-0.8688,-8.0483,5.5342,0.00043,-0.00317,-0.009593,0.09045,0.34836,-0.66631,-1.1964,8.5799,-4.4725,-0.007832,-0.012641,-0.006131,0.13907,-0.64714,0.01945,-1.0079,-8.8003,-4.3253,0.005652,0.009983,0.012861,0.040268,0.31633,0.63091
-3.6512,-0.44665,9.2021,-0.021166,0.049058,-0.003994,0.261,-0.3034,-0.82946,-0.20776,6.9738,6.8598,-0.001195,-0.004192,-0.007479,-0.05847,-0.69252,-0.21157,-0.87119,-8.0726,5.5296,-0.006989,-0.010141,0.004512,0.089529,0.34746,-0.66443,-1.2039,8.5948,-4.4651,-0.001569,0.003199,-0.006899,0.14044,-0.64714,0.018851,-1.0154,-8.7779,-4.3104,-0.003059,0.014868,-0.009694,0.038986,0.31593,0.62981
-3.6664,-0.49851,9.2314,-0.008537,0.043664,0.001516,0.26329,-0.30222,-0.82992,-0.20775,6.9617,6.8549,-0.004935,-0.009365,0.006749,-0.05714,-0.69226,-0.21111,-0.86876,-8.0775,5.5371,-0.000724,0.000779,0.002775,0.088817,0.34972,-0.66593,-1.189,8.6098,-4.4498,-0.00269,0.006722,0.003717,0.14049,-0.64795,0.019652,-1.0004,-8.7779,-4.3326,0.000456,-0.002973,-0.006211,0.040226,0.31581,0.63025
-3.681,-0.45376,9.1869,-0.003576,-0.060517,-0.010799,0.26109,-0.30219,-0.83028,-0.19783,6.9422,6.8743,0.006787,-0.004128,0.001345,-0.056395,-0.69301,-0.21197,-0.88826,-8.0701,5.5342,-0.015967,0.002569,0.006289,0.089316,0.34814,-0.66611,-1.189,8.595,-4.4798,0.008033,-0.002097,0.001005,0.13869,-0.64705,0.017042,-0.97045,-8.8005,-4.3098,0.004119,-0.008458,-0.011696,0.040141,0.31754,0.62941
-3.5917,-0.46942,9.2173,0.005842,0.034827,0.017997,0.26113,-0.30366,-0.82959,-0.20758,6.9639,6.8986,-0.002179,-0.002338,0.003209,-0.056723,-0.69155,-0.21293,-0.84925,-8.0824,5.5375,-0.006777,-0.015859,-0.00521,0.090092,0.34954,-0.66586,-1.2039,8.5948,-4.4651,0.011474,0.011113,0.007275,0.13955,-0.64631,0.017878,-1.0153,-8.7706,-4.2805,0.003936,-0.017189,-0.000881,0.039543,0.3166,0.63021
-3.6514,-0.48376,9.2167,0.007837,0.061535,0.006023,0.26298,-0.30293,-0.82815,-0.18804,6.964,6.889,0.019318,-0.011268,-0.005016,-0.057153,-0.69303,-0.21149,-0.8517,-8.0776,5.5374,-0.012197,-0.008558,-0.002551,0.090239,0.34901,-0.66545,-1.2262,8.5648,-4.4655,-0.001124,0.006743,0.014298,0.13865,-0.64791,0.019166,-1.0153,-8.7705,-4.3104,-0.014075,-0.022705,-0.004492,0.040451,0.31608,0.62972
-3.6662,-0.4834,9.1569,-0.013877,0.063447,0.005069,0.26464,-0.30401,-0.8278,-0.22268,7.0225,6.8356,0.015774,0.00117,0.001305,-0.056596,-0.69201,-0.21069,-0.87123,-8.0507,5.5293,-0.012111,0.007687,-0.00782,0.091131,0.34924,-0.66541,-1.1891,8.61,-4.4799,-0.003949,0.01375,-0.019177,0.13848,-0.64813,0.018363,-1.0003,-8.7555,-4.3251,0.007911,0.002995,-0.022471,0.040015,0.31701,0.62942
-3.6958,-0.45352,9.1569,-0.003829,0.077666,0.001371,0.26513,-0.30148,-0.82876,-0.22496,6.9981,6.8598,0.0005,-0.005886,0.00139,-0.057156,-0.69212,-0.21137,-0.8882,-8.0992,5.5201,-0.003244,0.001493,-0.004299,0.090238,0.34993,-0.66548,-1.1741,8.6249,-4.4496,-0.002458,0.010229,-0.006844,0.1389,-0.64634,0.019042,-0.98544,-8.8155,-4.2951,-0.001497,-0.000973,0.004656,0.040174,0.31595,0.62958
-3.7706,-0.47539,9.2159,-0.003195,0.039362,0.020684,0.26764,-0.30312,-0.82769,-0.20758,6.9253,6.8717,0.008693,-0.006025,-0.012912,-0.057447,-0.69211,-0.21191,-0.87116,-8.0896,5.5251,0.003973,-0.004912,-0.007831,0.089978,0.34915,-0.6656,-1.1742,8.6251,-4.4946,-0.007667,0.00847,-0.012153,0.13821,-0.64634,0.019142,-1.0079,-8.8004,-4.3104,-0.004149,0.000743,0.001065,0.040249,0.31595,0.62878
-3.6961,-0.49804,9.1715,0.005831,0.016629,-0.000178,0.26751,-0.30127,-0.82757,-0.2077,6.9738,6.8768,0.01667,-0.000622,-0.000493,-0.056979,-0.69305,-0.21069,-0.87366,-8.0532,5.5268,-0.000675,-0.008359,0.000991,0.089864,0.34889,-0.66534,-1.2039,8.58,-4.4951,-0.007524,0.017283,-0.017394,0.13748,-0.64591,0.018442,-0.9854,-8.7855,-4.31,0.004239,0.007568,-0.01701,0.040005,0.31701,0.62928
-3.6588,-0.48352,9.1719,-0.003137,0.030983,-0.004807,0.26805,-0.30154,-0.82768,-0.198,6.9787,6.855,0.005734,-0.012865,0.011982,-0.055735,-0.69275,-0.2118,-0.84925,-8.0824,5.535,-0.0103,-0.00868,-0.007848,0.090473,0.34979,-0.66584,-1.2264,8.6098,-4.4656,0.0013,0.011124,-0.015664,0.13927,-0.64643,0.017732,-1.0154,-8.7704,-4.3254,-0.005101,0.008023,0.006545,0.040493,0.31661,0.63038
-3.7404,-0.52649,8.9621,-0.006858,0.011306,0.002548,0.26546,-0.30244,-0.82764,-0.19798,6.9714,6.8574,-0.005796,-0.012959,-0.000373,-0.057373,-0.69163,-0.21048,-0.88337,-8.0677,5.5147,-0.003242,-0.003055,-0.004304,0.089167,0.34959,-0.66654,-1.1966,8.6248,-4.4575,-0.004571,-0.007354,0.007152,0.13986,-0.64596,0.018821,-1.0004,-8.7705,-4.3251,-0.012034,0.005758,-0.015167,0.040356,0.31541,0.63013
-3.6957,-0.46061,9.0748,0.013093,0.020174,0.002549,0.26686,-0.30313,-0.82703,-0.20753,6.9446,6.8985,0.009573,0.001986,-0.00576,-0.057656,-0.69305,-0.21112,-0.87852,-8.0702,5.5393,0.003903,0.000615,-0.005171,0.090211,0.35019,-0.666,-1.2046,8.5717,-4.4498,-0.0023,0.017175,-0.015523,0.13934,-0.64713,0.018524,-0.9854,-8.778,-4.3174,-0.012331,-0.003701,0.004662,0.040776,0.31662,0.62878
-3.7183,-0.49033,9.1416,-0.010236,0.06153,-0.001308,0.26706,-0.30296,-0.82839,-0.21262,6.9496,6.8523,0.014918,0.001134,-0.002253,-0.05661,-0.69278,-0.21107,-0.87849,-8.0823,5.5346,-0.008789,0.00167,0.004531,0.089103,0.34997,-0.66528,-1.19,8.6243,-4.4646,0.01699,0.001305,-0.005034,0.13852,-0.64739,0.018751,-0.9929,-8.7855,-4.3176,-0.003347,0.0072,0.010144,0.04223,0.31583,0.63018
-3.7558,-0.51237,9.171,-0.006748,0.045545,0.012442,0.26862,-0.30301,-0.82724,-0.23228,6.9932,6.8646,0.006024,0.015314,0.001456,-0.05618,-0.6928,-0.21039,-0.86873,-8.0823,5.5176,-0.012976,0.007657,-0.008706,0.089474,0.34957,-0.66551,-1.2049,8.6243,-4.4724,0.002758,0.017176,-0.00316,0.13825,-0.64598,0.019531,-0.99292,-8.8004,-4.3101,-0.004024,-0.006652,-0.009845,0.040649,0.31581,0.63053
-3.711,-0.49792,9.1714,-0.006843,0.016701,-0.001109,0.2703,-0.30107,-0.82636,-0.22729,6.9714,6.8718,0.000627,-0.001565,-0.009262,-0.055553,-0.69213,-0.21076,-0.86869,-8.1017,5.5106,0.013641,-0.002827,-0.00075,0.090787,0.34951,-0.66467,-1.1899,8.6019,-4.4796,0.001094,0.011885,-0.008496,0.13884,-0.64666,0.020092,-1.0004,-8.7855,-4.3102,0.000509,0.000537,-0.009805,0.041199,0.31489,0.63057
-3.7258,-0.49765,9.134,0.010292,-0.000496,-0.003751,0.26952,-0.30167,-0.82831,-0.19304,6.9617,6.8598,0.02038,0.005488,-0.009383,-0.058185,-0.69266,-0.21116,-0.86387,-8.0726,5.52,0.006883,-0.000639,-0.019296,0.088937,0.35024,-0.66606,-1.1973,8.6017,-4.4497,-0.011189,0.000457,-0.017399,0.13908,-0.64663,0.019041,-1.0079,-8.7854,-4.3103,-0.008417,0.009358,-0.015148,0.041323,0.31663,0.62893
-3.7109,-0.49774,9.1266,-0.001601,-0.032818,-0.014571,0.26799,-0.30124,-0.82878,-0.20288,6.9835,6.8647,0.015754,0.008306,0.009345,-0.05668,-0.69242,-0.2099,-0.85903,-8.0678,5.5395,-0.003214,-0.001295,-0.00606,0.090736,0.34939,-0.66569,-1.2048,8.6093,-4.4724,0.016891,0.006597,0.000294,0.13976,-0.64585,0.018938,-1.0079,-8.7778,-4.3552,-0.012173,-0.010223,-0.008035,0.04098,0.31728,0.62985
-3.711,-0.49792,9.1714,0.002041,-0.013776,0.003594,0.26752,-0.30127,-0.82743,-0.21765,7.003,6.855,0.007742,0.002929,-0.000399,-0.056768,-0.6931,-0.20924,-0.84679,-8.0921,5.5255,-0.007391,-0.012569,-0.018451,0.090737,0.34886,-0.66568,-1.2047,8.6017,-4.4499,0.006293,-0.016278,-0.005161,0.13868,-0.64831,0.019026,-0.98544,-8.8004,-4.3249,-0.001378,-0.000241,-0.003481,0.037896,0.31566,0.62951
-3.6961,-0.5128,9.1565,0.006688,0.003115,-0.00468,0.26658,-0.30087,-0.8272,-0.21767,6.9885,6.8403,-0.001393,-0.000429,0.018329,-0.056405,-0.6923,-0.20962,-0.87115,-8.0871,5.5103,0.000418,0.001405,-0.008705,0.090084,0.35007,-0.666,-1.2198,8.6242,-4.4652,-0.00192,-0.005692,0.005505,0.13997,-0.64785,0.020016,-0.98543,-8.8005,-4.31,-0.006678,0.011261,-0.009722,0.040256,0.31647,0.63077
-3.7186,-0.5202,9.2011,-0.005192,-0.016503,-0.0037,0.26512,-0.30055,-0.8289,-0.2126,6.9593,6.8645,0.007828,0.001065,-0.011085,-0.058116,-0.69308,-0.20997,-0.8736,-8.0871,5.5225,0.007646,0.00044,-0.013115,0.090273,0.34835,-0.6648,-1.2049,8.6242,-4.4649,0.010149,0.003074,-0.017375,0.13958,-0.64633,0.018002,-0.98543,-8.7854,-4.3398,0.017623,0.002463,-0.006224,0.03998,0.31633,0.63063
-3.6662,-0.49822,9.1568,-0.001504,0.004228,0.007164,0.26371,-0.30183,-0.82977,-0.22244,6.9714,6.8597,0.007652,-0.005882,0.003106,-0.057164,-0.69219,-0.20914,-0.87847,-8.0822,5.5053,-0.004868,-0.005982,-0.011377,0.089284,0.34904,-0.66423,-1.2047,8.5942,-4.4649,0.013397,0.018923,-0.001388,0.14046,-0.64676,0.018709,-0.99286,-8.7706,-4.3026,0.002229,0.013272,-0.000684,0.039689,0.31514,0.63011
-3.6662,-0.49816,9.1419,0.002197,0.013964,-0.00017,0.26523,-0.30159,-0.82944,-0.20536,6.9787,6.8525,0.007686,-0.002349,0.002239,-0.055983,-0.69361,-0.20931,-0.87848,-8.0823,5.5199,-0.004836,-0.00512,-0.013142,0.09025,0.35045,-0.66524,-1.2047,8.5941,-4.4423,-0.00726,0.011914,0.007387,0.14016,-0.64623,0.018561,-0.9854,-8.7855,-4.31,0.010358,0.006094,-0.002563,0.03986,0.31433,0.63227
-3.6963,-0.54249,9.1712,0.013025,0.007636,0.001693,0.26462,-0.30149,-0.82809,-0.23724,7.003,6.8549,-0.003957,0.001219,0.00502,-0.056781,-0.69387,-0.20962,-0.87366,-8.058,5.5367,0.00563,0.000697,-0.002516,0.090564,0.34862,-0.66657,-1.2049,8.6243,-4.4799,0.0011,-0.003072,-0.01036,0.13963,-0.64727,0.01867,-0.98581,-8.7861,-4.3309,-0.009482,-0.004864,-0.011609,0.040721,0.31629,0.62973
-3.6961,-0.47599,9.2164,0.000303,0.00057,0.001711,0.26428,-0.30066,-0.82921,-0.23961,6.9715,6.8523,0.006001,0.004661,-0.003941,-0.05744,-0.69231,-0.20942,-0.87116,-8.092,5.53,-0.014014,-0.008519,-0.000794,0.090258,0.34927,-0.66508,-1.1972,8.5942,-4.4497,-0.000914,0.01542,0.002117,0.13934,-0.64623,0.018787,-1.0008,-8.801,-4.3237,0.003058,-0.011874,-0.006253,0.040003,0.31707,0.63103
-3.6515,-0.52806,9.1791,-0.001545,-0.00475,0.00538,0.26471,-0.30147,-0.82891,-0.19311,6.9787,6.855,0.007772,-0.007773,-0.012015,-0.056256,-0.69256,-0.20935,-0.8736,-8.0798,5.5053,-0.002985,0.002081,-0.016656,0.09046,0.35006,-0.6661,-1.1899,8.6242,-4.4346,0.003117,0.010117,-0.020855,0.14042,-0.64673,0.017777,-0.98579,-8.7712,-4.3383,-0.014071,0.009644,-0.002457,0.040146,0.31508,0.6308
-3.6668,-0.49169,9.3807,0.018057,-0.080403,-0.016146,0.2625,-0.3009,-0.82941,-0.20535,6.9787,6.855,-0.001246,-0.005919,-0.003041,-0.057988,-0.69412,-0.2102,-0.86386,-8.0872,5.5373,-0.01072,1.2e-05,0.011594,0.09054,0.34886,-0.66454,-1.2198,8.6092,-4.4727,-0.013192,0.022483,-0.004891,0.13868,-0.6469,0.016102,-1.0008,-8.786,-4.3386,0.004737,-0.006268,0.004634,0.040374,0.31547,0.63214
-3.6368,-0.55788,9.194,-0.003457,-0.01807,0.013644,0.26193,-0.30102,-0.82998,-0.21757,6.9884,6.8646,0.005936,0.002944,0.001392,-0.056341,-0.69408,-0.21116,-0.86638,-8.0484,5.544,-0.005157,-0.010198,0.001868,0.0902,0.34954,-0.66623,-1.1898,8.5943,-4.4796,-0.000608,0.010125,-0.01204,0.13863,-0.6475,0.018092,-1.0008,-8.7711,-4.3311,0.002147,-0.002859,-0.003478,0.040502,0.31454,0.6319
-3.5769,-0.50641,9.1724,0.01131,0.023743,-0.003837,0.26018,-0.3026,-0.82949,-0.20281,6.9738,6.8744,0.013077,-0.002383,-0.000472,-0.055783,-0.69319,-0.21036,-0.86871,-8.0969,5.5252,-0.017408,0.001228,-0.009609,0.089664,0.34983,-0.66678,-1.2197,8.5941,-4.4501,0.002904,0.011897,-0.01026,0.13909,-0.64728,0.019176,-1.0157,-8.7562,-4.3164,0.00744,0.002744,0.006502,0.038507,0.3156,0.63048
-3.6364,-0.48376,9.187,-0.00316,0.034706,0.005211,0.25968,-0.30096,-0.83117,-0.19566,7.003,6.8454,0.018442,-0.005932,-0.002309,-0.056407,-0.69347,-0.20986,-0.8687,-8.092,5.5056,0.002088,-0.008427,-0.00254,0.090023,0.34928,-0.66471,-1.1824,8.6242,-4.4419,-0.004507,0.000454,0.002018,0.13964,-0.64665,0.019333,-0.9854,-8.7705,-4.3398,0.006641,0.000852,0.004646,0.040226,0.31581,0.63025
-3.6514,-0.4984,9.1719,0.011315,0.025541,-0.002028,0.26056,-0.30245,-0.83003,-0.22257,7.003,6.8501,-0.00292,0.001083,-0.010993,-0.056953,-0.69476,-0.21052,-0.87848,-8.0847,5.5297,0.002082,-0.009336,-0.002545,0.089472,0.35035,-0.66553,-1.205,8.6393,-4.4724,0.008379,0.008358,-0.017336,0.13801,-0.64756,0.016603,-0.97046,-8.793,-4.3396,-0.011395,-0.010944,0.000987,0.039837,0.31488,0.63026
-3.6513,-0.48358,9.172,0.011403,0.041651,-0.003921,0.26134,-0.30257,-0.83082,-0.215,6.9399,6.8644,-0.010141,-0.005968,-0.009199,-0.056767,-0.69452,-0.20947,-0.8541,-8.097,5.5303,0.011106,-0.002131,-0.007813,0.089972,0.3485,-0.6657,-1.19,8.6317,-4.4496,0.007792,0.003967,0.009104,0.13944,-0.64658,0.01773,-1.0079,-8.8153,-4.3104,-0.010381,-0.003012,-0.00618,0.039951,0.31554,0.63011
-3.6365,-0.48388,9.2168,-0.001335,0.028264,-0.007525,0.26258,-0.30266,-0.82803,-0.20531,6.9787,6.8647,0.004237,-0.004261,-0.014637,-0.055626,-0.69151,-0.2096,-0.86394,-8.0484,5.5489,-0.007004,-0.006508,0.004523,0.089768,0.34902,-0.66471,-1.2047,8.5867,-4.4498,-0.016806,0.022483,-0.002248,0.14006,-0.64729,0.018956,-1.0004,-8.7705,-4.3251,0.004072,0.007831,-0.004339,0.03911,0.31353,0.63106
-3.6364,-0.47641,9.202,0.014013,0.025582,0.001627,0.26226,-0.30343,-0.829,-0.1981,6.9909,6.8405,0.007842,0.002842,-0.01107,-0.059163,-0.69257,-0.2099,-0.85411,-8.0921,5.5327,-0.01734,0.003859,-0.013132,0.089295,0.34919,-0.66652,-1.2196,8.5792,-4.4801,0.00637,0.018937,-0.004921,0.13844,-0.64783,0.016623,-1.0004,-8.7629,-4.355,-0.005071,0.007088,0.004722,0.039579,0.31553,0.6305
-3.6289,-0.49834,9.1123,-0.010688,-0.024439,0.003628,0.26182,-0.30274,-0.82957,-0.18589,6.9934,6.8333,0.000731,0.009926,-0.010971,-0.057277,-0.69324,-0.209,-0.8541,-8.0897,5.5253,-0.012322,0.004315,0.002772,0.089798,0.3493,-0.66663,-1.2049,8.639,-4.4199,0.020482,0.007474,-0.002338,0.13915,-0.64772,0.017055,-0.97042,-8.7706,-4.3396,0.003223,0.007747,-0.007969,0.039168,0.3154,0.63036
-3.6288,-0.46876,9.1275,0.00752,-0.0176,-0.012791,0.26198,-0.30303,-0.82901,-0.2347,6.9835,6.8645,-0.021044,-0.018265,-0.002059,-0.055666,-0.69383,-0.21073,-0.83462,-8.0874,5.5353,-0.012278,-0.003016,0.000996,0.091641,0.34909,-0.66538,-1.1973,8.6091,-4.4347,0.009707,0.015408,0.003886,0.14003,-0.64701,0.018423,-1.0004,-8.7705,-4.3251,-0.001411,0.009714,0.001114,0.040336,0.31541,0.62986
-3.6138,-0.44678,9.1576,-0.012319,0.004132,-0.007435,0.25914,-0.30307,-0.83118,-0.18812,6.9496,6.8598,0.004118,0.006549,0.00854,-0.056927,-0.69301,-0.21213,-0.87116,-8.0896,5.5299,0.003754,-0.008278,0.00276,0.090845,0.34873,-0.66605,-1.1899,8.6093,-4.4796,0.009579,0.000442,0.009074,0.13886,-0.64669,0.017305,-1.0083,-8.771,-4.3536,0.014823,-0.007364,-0.007154,0.040401,0.31601,0.6308
-3.6365,-0.48382,9.2019,-0.008541,0.045503,0.005158,0.25963,-0.30232,-0.82966,-0.20291,7.0029,6.8697,0.009439,0.001237,0.008473,-0.057334,-0.69256,-0.20993,-0.86147,-8.0581,5.5295,0.000369,0.002354,-0.006931,0.090125,0.34888,-0.6652,-1.1898,8.6017,-4.4496,0.008145,0.003956,-0.006785,0.13933,-0.64725,0.018258,-0.98578,-8.7712,-4.3234,-0.005203,-0.017102,0.00277,0.03866,0.31399,0.63225
-3.6065,-0.46903,9.15,-0.010451,0.028539,0.00979,0.26125,-0.30352,-0.82999,-0.22261,7.003,6.8404,-0.010199,-0.002348,-0.000281,-0.056615,-0.69291,-0.21119,-0.87361,-8.0823,5.5298,0.007375,0.006215,-0.000739,0.09035,0.34757,-0.66578,-1.2049,8.6317,-4.4649,0.000693,0.008384,0.009134,0.13961,-0.64751,0.018272,-0.9708,-8.7713,-4.3231,0.010988,0.004648,0.011913,0.038507,0.31494,0.63035
-3.6365,-0.49129,9.2168,0.000472,0.027355,-0.007519,0.26088,-0.30235,-0.8292,-0.19791,6.9641,6.8695,-0.017343,-0.004139,-0.003789,-0.058055,-0.69253,-0.21115,-0.84923,-8.0921,5.5254,-0.001154,-0.007058,-0.018433,0.088188,0.34883,-0.66581,-1.2047,8.5942,-4.4498,0.00461,0.014531,-0.006713,0.13794,-0.64736,0.018325,-1.0083,-8.786,-4.3313,0.00392,-0.001002,-0.000752,0.038452,0.31493,0.63142
