9.1186,-1.657,3.2398,-0.37902,-0.17301,-0.38151,-0.40513,-0.020509,-0.17636,6.9466,2.7615,6.7,-0.36398,0.74785,-0.42665,-0.2023,-0.20771,-0.26784,9.2509,-4.186,1.0993,-0.26085,0.18074,-0.38432,-0.13752,-0.024168,-0.044107,-9.4899,-2.3942,-1.5615,0.59188,-0.18096,-0.25115,0.47809,0.20323,-0.44349,-9.6329,-3.7149,0.79943,0.36206,0.23241,0.11046,0.41587,0.19473,0.1856
10.118,-1.4427,3.2264,-0.44316,-0.15931,-0.41621,-0.40266,-0.02594,-0.17117,7.174,2.8899,6.7166,-0.34063,0.75669,-0.43029,-0.18637,-0.20305,-0.28212,9.738,-4.1694,1.2775,-0.2542,0.18582,-0.32234,-0.14873,-0.013909,-0.056192,-10.147,-2.501,-1.7622,0.77448,-0.1395,-0.21909,0.46694,0.19803,-0.43924,-9.2187,1.9903,0.87411,0.42634,-0.007649,0.77036,0.42064,0.19245,0.17897
10.911,-0.78251,3.289,-0.5468,-0.068193,-0.44582,-0.40021,-0.02735,-0.1686,7.4669,3.0062,7.2147,-0.14933,0.7726,-0.39969,-0.17011,-0.19661,-0.29472,10.658,-3.956,1.5567,-0.18603,0.22735,-0.30601,-0.16089,-0.004118,-0.069825,-10.707,-2.2966,-0.94077,0.72392,-0.22273,-0.20457,0.45408,0.19353,-0.43242,-12.374,-3.2992,0.92608,0.82221,0.27002,0.5151,0.42394,0.19068,0.17081
11.047,-0.59049,3.1719,-0.55683,0.02389,-0.54107,-0.3994,-0.030645,-0.16882,7.7804,3.5887,7.071,0.029342,0.77462,-0.36101,-0.15432,-0.19079,-0.30422,11.13,-3.4978,1.952,-0.33848,0.2529,-0.27946,-0.16945,0.00749,-0.084458,-10.942,-2.7646,-0.45727,0.41813,-0.3278,-0.13392,0.43737,0.19263,-0.42659,-11.381,-0.80604,0.17256,0.33348,0.099697,0.52546,0.42488,0.18863,0.16312
10.154,-0.53695,2.6879,-0.55853,0.016202,-0.55574,-0.39818,-0.03513,-0.16901,7.3857,3.65,6.945,0.026957,0.75647,-0.30691,-0.1369,-0.18809,-0.31279,10.225,-3.1739,2.5585,-0.54844,0.24215,-0.14572,-0.17999,0.023421,-0.095914,-10.431,-3.1838,-0.16893,0.39377,-0.38955,0.001448,0.42205,0.19234,-0.41725,-9.4629,0.21916,-0.75604,0.2209,0.2718,0.5721,0.42863,0.18445,0.15876
9.4105,-0.21854,2.3709,-0.47927,-0.063191,-0.53348,-0.39732,-0.038714,-0.16827,6.9568,3.6459,6.7965,-0.035541,0.74654,-0.33142,-0.12057,-0.18273,-0.31952,9.1159,-3.1934,2.9577,-0.25907,0.21984,0.007918,-0.1854,0.04059,-0.10815,-9.251,-3.0602,0.10977,0.59035,-0.43601,0.19173,0.40536,0.18656,-0.40942,-9.6794,0.052104,0.30823,0.056658,0.29329,0.68944,0.4303,0.17715,0.16016
9.0269,0.46019,2.0142,-0.49757,-0.069744,-0.48335,-0.39567,-0.041176,-0.16545,6.5883,3.4707,6.9344,-0.12774,0.77588,-0.4124,-0.10255,-0.17736,-0.32616,8.7207,-2.8804,2.8729,0.28219,0.22594,0.061461,-0.19535,0.054407,-0.11775,-8.616,-3.0133,0.24253,0.79744,-0.44707,0.31344,0.3894,0.17268,-0.40035,-9.8388,-1.1875,0.37691,0.23363,0.24886,0.67346,0.4338,0.16948,0.16068
8.9768,0.8244,1.8222,-0.50032,-0.080559,-0.48605,-0.39576,-0.04251,-0.16477,6.6354,3.1535,6.8652,-0.054839,0.87249,-0.47032,-0.0818,-0.17094,-0.33267,8.6464,-2.0539,2.5787,0.36913,0.33714,0.074216,-0.20304,0.064384,-0.12776,-8.6974,-2.9704,0.67605,0.80563,-0.46984,0.4192,0.38126,0.15842,-0.39077,-9.6735,-0.53584,-0.33578,0.27877,0.2425,0.61712,0.43684,0.16194,0.16066
9.1791,1.0892,1.8926,-0.49799,-0.12305,-0.44935,-0.39485,-0.04349,-0.16295,6.4307,3.2787,6.5559,-0.007646,0.89768,-0.41458,-0.061361,-0.16573,-0.33787,8.9385,-1.6954,2.2492,-0.090387,0.46242,0.11116,-0.20931,0.070801,-0.13708,-9.2334,-3.1467,1.0782,0.83777,-0.51267,0.52832,0.37083,0.13823,-0.38142,-9.6806,-0.15404,-0.559,0.21158,0.22536,0.57916,0.44079,0.15575,0.15849
9.3894,1.3403,1.6795,-0.56372,-0.18823,-0.39625,-0.39399,-0.042928,-0.15964,6.172,3.0941,6.6239,0.009196,0.8488,-0.33235,-0.04225,-0.16173,-0.34144,9.1047,-1.9633,2.232,-0.47238,0.47866,0.162,-0.21323,0.082404,-0.14228,-9.6316,-3.7742,1.8812,1.039,-0.52326,0.55112,0.36448,0.11794,-0.37439,-9.7929,-0.10874,-0.54583,0.22118,0.20744,0.53204,0.44231,0.14953,0.15799
9.5395,1.4289,1.4424,-0.59611,-0.15767,-0.40553,-0.39468,-0.041537,-0.15722,5.7504,3.3535,6.6419,0.11643,0.81579,-0.24186,-0.022506,-0.16024,-0.34337,8.8056,-2.2847,2.189,-0.39244,0.4393,0.22726,-0.21479,0.090941,-0.14802,-9.2414,-4.0434,2.0694,0.98958,-0.47855,0.45608,0.35605,0.095758,-0.36785,-9.5988,-0.36273,-0.80473,0.37506,0.1921,0.50072,0.44349,0.14477,0.15691
9.4799,1.4296,1.3972,-0.61352,-0.050536,-0.44615,-0.39335,-0.040747,-0.15772,5.4133,3.4325,6.859,0.014738,0.77265,-0.12392,-0.003999,-0.15763,-0.34396,8.9026,-2.052,2.1815,-0.35716,0.37918,0.24842,-0.21798,0.099646,-0.15121,-8.9598,-3.8598,1.4671,0.80026,-0.40814,0.30302,0.3478,0.078266,-0.36197,-9.7178,0.31134,-1.1411,0.36164,0.20325,0.43211,0.44571,0.14107,0.15718
9.3607,1.4894,1.516,-0.59882,-0.003059,-0.44087,-0.39238,-0.041489,-0.15495,5.2843,3.231,6.9107,-0.054139,0.76285,-0.034531,0.012223,-0.15597,-0.34374,8.7566,-2.3069,2.5138,-0.1599,0.3155,0.28907,-0.2179,0.1059,-0.15465,-8.8279,-3.3941,1.4242,0.54814,-0.37804,0.16123,0.34002,0.065969,-0.35649,-9.6344,0.88611,-1.1232,0.26288,0.16605,0.38501,0.44747,0.13752,0.15503
9.2556,1.5037,1.8511,-0.48196,0.007775,-0.44622,-0.39104,-0.040838,-0.15517,5.2911,3.4589,6.9191,0.019079,0.79319,0.007741,0.02861,-0.15419,-0.34287,8.9484,-2.1533,2.9468,0.19088,0.16793,0.24242,-0.21843,0.11126,-0.15773,-8.6953,-2.9889,1.5165,0.2921,-0.31092,0.079703,0.33506,0.056145,-0.35219,-9.6562,1.2522,-1.0927,0.13311,0.17424,0.37091,0.44887,0.13273,0.15677
9.1884,1.4894,1.8654,-0.37105,-0.05703,-0.40567,-0.38953,-0.040661,-0.15743,4.9379,3.4767,6.7493,0.15124,0.7435,0.009881,0.042691,-0.15626,-0.33972,8.815,-1.4644,3.6516,0.35628,0.092935,0.17447,-0.21998,0.11137,-0.16336,-8.8255,-2.315,1.6632,0.043811,-0.23836,0.04681,0.33162,0.052966,-0.34586,-9.5363,1.3113,-1.0756,0.054348,0.11667,0.37609,0.45088,0.12664,0.15749
9.2414,1.755,2.0243,-0.24656,-0.099159,-0.34328,-0.38978,-0.04297,-0.1547,4.9474,3.775,6.2501,0.1284,0.52967,-0.00349,0.053724,-0.15889,-0.33543,8.6289,-1.2217,4.2045,0.30212,0.03419,0.031167,-0.21918,0.11315,-0.16262,-9.0722,-2.1299,2.0032,-0.15529,-0.17635,0.043761,0.32858,0.051073,-0.33938,-9.6492,0.92304,-0.98143,-0.024652,0.14496,0.28247,0.45259,0.1232,0.15814
9.1532,1.949,1.8607,-0.16528,-0.09895,-0.27843,-0.38863,-0.043144,-0.15356,4.9764,3.8285,6.2092,-0.024712,0.38572,-0.017211,0.063339,-0.1609,-0.33083,8.5364,-1.1408,4.0281,0.064493,0.096924,-0.21098,-0.22217,0.11133,-0.16423,-8.9512,-2.34,2.1559,-0.041774,-0.1766,-0.025098,0.32655,0.052448,-0.33392,-9.7391,0.78834,-0.79653,-0.029263,0.12475,0.21456,0.45228,0.11959,0.16061
9.1911,2.0821,1.8619,-0.09666,-0.10514,-0.23544,-0.3875,-0.043639,-0.15023,4.6758,3.6776,6.8313,-0.18011,0.22499,-0.10665,0.071915,-0.16155,-0.3284,8.3935,-1.4891,3.6945,-0.18807,0.2368,-0.42125,-0.22193,0.10874,-0.16452,-8.8784,-2.0986,1.887,0.02623,-0.15209,-0.042536,0.3257,0.04941,-0.32879,-9.6564,1.0572,-0.88406,-0.06599,0.12871,0.19654,0.45293,0.1148,0.16126
9.2736,2.1559,1.7734,-0.071751,-0.12749,-0.14776,-0.38768,-0.043948,-0.14846,4.5166,3.5207,6.6935,-0.31602,0.060365,-0.1527,0.074815,-0.16027,-0.32736,8.4456,-1.8457,3.3715,-0.36505,0.31162,-0.53083,-0.22151,0.10601,-0.16619,-8.8942,-1.941,1.8565,0.047249,-0.11777,-0.026381,0.3257,0.047497,-0.32283,-9.7912,1.0503,-0.85647,-0.003646,0.11985,0.18825,0.45493,0.11176,0.16245
9.5269,2.1537,1.8052,-0.032069,-0.11261,-0.089371,-0.38857,-0.043114,-0.14482,4.5206,3.2377,7.5282,-0.26261,0.024669,-0.16491,0.079148,-0.15833,-0.32611,8.544,-2.1926,2.9658,-0.49013,0.26723,-0.55402,-0.22133,0.10535,-0.16515,-9.1615,-2.168,2.0615,-0.020866,-0.10433,0.000152,0.32732,0.044706,-0.31824,-9.8209,1.2073,-0.85655,-0.13942,0.13658,0.15433,0.45425,0.10816,0.16343
9.675,1.8788,1.7,-0.003375,-0.14554,-0.054534,-0.38777,-0.0416,-0.14261,4.1425,2.6751,8.0628,0.331,-0.050265,-0.13298,0.083547,-0.16132,-0.32452,8.7445,-2.504,2.7591,-0.52805,0.15494,-0.5207,-0.22239,0.1041,-0.1663,-9.235,-2.3635,2.1277,-0.052521,-0.098979,-0.013966,0.32925,0.043676,-0.31232,-9.6938,1.0726,-0.95189,-0.15457,0.14976,0.14536,0.45387,0.10547,0.16695
9.4817,2.0061,1.7442,0.0292,-0.097404,0.014601,-0.38756,-0.040457,-0.14111,4.8214,5.0777,5.6088,0.25221,-0.25567,-0.27798,0.08238,-0.16734,-0.31837,8.5989,-2.8263,2.7967,-0.40613,0.034049,-0.45376,-0.22276,0.10331,-0.16353,-9.2484,-2.6338,2.1803,-0.078173,-0.053194,-0.05429,0.33025,0.042741,-0.30856,-9.6415,1.1552,-1.1525,-0.18754,0.16077,0.12016,0.4542,0.10239,0.17077
9.2879,1.9047,1.563,0.064981,-0.12898,0.095921,-0.38847,-0.037109,-0.1379,4.2069,2.1401,7.8858,0.50186,-0.15968,-0.49605,0.087149,-0.17109,-0.31725,8.5527,-2.8988,2.7484,-0.21068,-0.079092,-0.32131,-0.22358,0.10048,-0.16236,-9.1217,-2.4843,2.4078,0.025795,-0.042839,-0.09741,0.33163,0.040947,-0.3028,-9.6866,1.0284,-1.1461,-0.17226,0.13212,0.11814,0.45421,0.099451,0.17216
9.3407,1.8905,1.3021,0.019798,-0.13989,0.063978,-0.38913,-0.034288,-0.1348,3.2386,3.3786,8.984,0.60442,-0.052584,-0.32112,0.088597,-0.18006,-0.31129,8.8278,-2.8619,3.0233,-0.14657,-0.1026,-0.1905,-0.22712,0.10036,-0.16253,-9.0038,-2.1985,2.3423,0.039773,-0.030583,-0.087566,0.33314,0.041072,-0.29982,-9.5815,1.2373,-1.226,-0.18104,0.12631,0.09998,0.45492,0.097832,0.1761
9.7504,1.8869,1.3723,0.041682,-0.12045,0.044817,-0.39059,-0.03317,-0.13173,3.6843,4.4154,9.147,0.079677,-0.14088,-0.20234,0.092422,-0.18503,-0.30865,8.9493,-2.8534,3.338,-0.051329,-0.11004,-0.013739,-0.22658,0.10059,-0.16176,-9.0407,-2.2739,2.3942,0.050753,0.009051,-0.057299,0.33602,0.036342,-0.29583,-9.6265,1.2679,-1.3611,-0.16968,0.12202,0.061952,0.45332,0.095015,0.17744
9.617,2.0069,1.2826,-0.005322,-0.10584,0.043764,-0.39155,-0.030985,-0.12933,3.9939,5.2301,8.1562,-0.016234,-0.087703,-0.23492,0.094371,-0.1856,-0.30633,9.0169,-2.5797,3.5421,0.09776,-0.098153,0.18786,-0.22627,0.10122,-0.16062,-9.2122,-2.2304,2.6008,0.063944,0.018837,-0.012203,0.33986,0.03468,-0.29101,-9.5208,1.8056,-1.4476,-0.18074,0.091714,0.073465,0.45453,0.093951,0.1791
9.6319,1.9774,1.2228,0.040225,-0.050534,0.049058,-0.39182,-0.028092,-0.12909,3.8437,4.6464,7.5305,0.065362,-0.060934,-0.29959,0.09709,-0.18545,-0.30644,9.0212,-2.2909,3.5811,0.18076,-0.087018,0.30989,-0.22689,0.10357,-0.16047,-9.1282,-2.4341,2.9553,0.000102,-0.025986,0.014806,0.34171,0.033473,-0.28721,-9.5208,1.7905,-1.4177,-0.071438,0.078936,0.13009,0.45366,0.090618,0.17954
9.5705,1.6072,1.2796,0.031448,-0.009473,0.032438,-0.3915,-0.027,-0.12567,3.7302,3.8659,7.9928,0.078906,-0.009583,-0.16616,0.10053,-0.18585,-0.30533,9.0891,-2.058,3.5145,0.19196,-0.034533,0.36657,-0.22484,0.10582,-0.1598,-9.1432,-2.4415,2.9175,0.029507,-0.021594,0.053661,0.3429,0.03095,-0.28609,-9.6117,1.1485,-1.406,-0.018322,0.061792,0.069316,0.45401,0.090745,0.18062
9.6907,1.799,1.2445,-0.019619,-0.06808,0.045405,-0.39228,-0.026743,-0.12516,3.5445,3.8946,8.089,-0.007589,-0.041947,-0.032267,0.10128,-0.18673,-0.30605,8.933,-1.9113,3.424,0.11686,-0.030548,0.33114,-0.22467,0.10751,-0.16148,-9.1221,-2.3498,2.5502,-0.051788,0.012805,0.038012,0.34347,0.029403,-0.28314,-9.6791,1.1785,-1.3623,-0.022959,0.062385,0.010569,0.45465,0.088485,0.18162
9.5863,1.7555,1.1986,0.043948,-0.030836,0.051701,-0.39369,-0.024275,-0.12332,3.5334,3.8326,8.3512,-0.32057,-0.091864,0.082081,0.10054,-0.18372,-0.30706,8.9501,-1.9478,3.3736,0.12509,-0.02453,0.27994,-0.22251,0.11015,-0.16106,-9.174,-2.4102,2.5867,-0.076553,0.01638,0.032732,0.34554,0.02964,-0.27987,-9.6111,1.6421,-1.584,-0.083038,0.054432,-0.016523,0.45178,0.087784,0.18261
9.63,1.6579,1.4002,0.03856,-0.014551,0.052516,-0.39161,-0.023444,-0.12152,3.6488,4.2719,8.7476,-0.27526,-0.060605,0.1282,0.098705,-0.18056,-0.3093,9.1279,-1.8807,3.3678,0.14822,-0.042882,0.19873,-0.22187,0.11233,-0.16084,-9.2193,-2.2684,2.7057,-0.026473,0.010173,0.015081,0.34616,0.028812,-0.27878,-9.513,2.0074,-1.4917,-0.083041,0.011623,0.039212,0.45306,0.087789,0.18359
9.6288,1.3986,1.3986,0.055165,0.0299,0.034099,-0.39284,-0.022772,-0.12157,3.6949,4.5866,8.8489,-0.053094,-0.029058,0.027005,0.09585,-0.17781,-0.31119,9.1033,-1.7324,3.333,0.051013,-0.014161,0.10949,-0.22113,0.11321,-0.1612,-9.1226,-2.3044,2.4376,-0.099094,0.017244,0.00716,0.34538,0.030563,-0.27683,-9.5962,1.4771,-1.4198,-0.097378,0.010512,0.030254,0.45317,0.086318,0.18483
9.5093,1.4064,1.5395,0.06151,0.051679,0.057721,-0.39342,-0.022747,-0.12228,3.448,4.4226,8.1881,0.040067,0.029757,-0.010879,0.097682,-0.17935,-0.3112,8.9209,-1.9501,3.4172,-0.087555,0.011788,-0.004624,-0.22039,0.11331,-0.16142,-9.1732,-2.6048,2.4744,-0.076067,0.026043,0.015107,0.34691,0.030026,-0.27689,-9.6115,1.3505,-1.4951,-0.039884,0.011603,-0.015093,0.45325,0.085117,0.18565
9.5537,1.3542,1.5469,0.076873,0.024344,0.030503,-0.39313,-0.023812,-0.12199,3.2789,3.7433,8.286,0.014727,0.006017,0.011314,0.097068,-0.18015,-0.31069,8.9944,-2.2323,3.4941,-0.042814,-0.007643,-0.13533,-0.22124,0.11269,-0.16082,-9.2629,-2.6645,2.3301,-0.14998,0.034956,-0.016619,0.34807,0.031634,-0.27525,-9.6109,1.6491,-1.4495,-0.046483,-0.00783,0.000158,0.45339,0.087136,0.18254
9.6284,1.3392,1.4429,0.062381,0.004424,0.007771,-0.3926,-0.023547,-0.12224,3.3182,4.2029,8.0161,-0.005265,0.022438,0.056977,0.094811,-0.18001,-0.3116,8.9825,-2.3778,3.4353,0.011607,-0.00569,-0.2183,-0.22168,0.11088,-0.15965,-9.1574,-2.7697,2.4824,-0.099569,0.052434,-0.044747,0.34787,0.032965,-0.27606,-9.6114,1.3125,-1.3159,-0.066145,-0.010948,-0.016984,0.45278,0.085916,0.18482
9.5095,1.473,1.5772,0.024504,0.024175,-0.011518,-0.39232,-0.025003,-0.12208,3.5063,3.9296,8.3563,-0.07346,0.036849,0.082518,0.09519,-0.17961,-0.31172,9.0387,-2.4118,3.295,-0.009778,0.028646,-0.22,-0.22272,0.10769,-0.16025,-9.1725,-2.7546,2.4296,-0.086368,0.062084,-0.078208,0.34741,0.036598,-0.27596,-9.6191,1.2081,-1.3686,-0.042019,-0.023965,-0.000843,0.45354,0.086444,0.18618
9.5846,1.5175,1.4284,0.024457,0.017059,-0.002335,-0.39271,-0.024297,-0.12287,3.3715,3.9781,8.3605,-0.029512,0.034001,0.069676,0.094463,-0.17777,-0.31283,9.0026,-2.5375,3.0912,-0.0604,0.074565,-0.18819,-0.22258,0.10664,-0.15996,-9.2254,-2.6944,2.3309,-0.031181,0.072598,-0.079887,0.34834,0.037772,-0.27644,-9.6112,1.3646,-1.256,0.092532,-0.011026,-0.005618,0.45389,0.086203,0.18365
9.5544,1.495,1.5623,0.009226,0.053056,-0.001595,-0.39321,-0.024313,-0.12207,3.4402,3.9587,8.3657,-0.086351,0.012276,0.10205,0.092911,-0.1774,-0.31266,8.9979,-2.5567,2.9644,-0.0956,0.095903,-0.12637,-0.22199,0.10611,-0.16079,-9.2777,-2.7093,2.2698,0.01204,0.024136,-0.10846,0.34712,0.040445,-0.2781,-9.5737,1.4318,-1.3,0.10121,-0.04107,0.014038,0.4538,0.085799,0.18419
9.5471,1.5689,1.6224,-0.051561,0.036526,0.002957,-0.39554,-0.025861,-0.12243,3.3231,3.963,8.4817,-0.043227,0.010208,0.079436,0.091878,-0.17528,-0.31458,8.9688,-2.6584,2.9241,-0.10589,0.056686,-0.057587,-0.2229,0.10602,-0.16134,-9.3542,-2.3944,2.2154,0.030521,0.043522,-0.1012,0.34656,0.041092,-0.27786,-9.7011,1.3723,-1.1978,0.13381,-0.042933,0.003153,0.454,0.086074,0.18325
9.5839,1.4061,1.5097,-0.060557,0.033683,-0.011642,-0.39288,-0.025067,-0.12355,3.2984,4.3692,8.7021,-0.09111,0.014999,0.015891,0.089539,-0.17568,-0.3147,8.9103,-2.6655,3.0016,-0.083895,0.05562,-0.001059,-0.22208,0.10507,-0.16014,-9.2352,-2.2889,2.2102,0.030628,0.027641,-0.067765,0.34405,0.043436,-0.28063,-9.6109,1.5063,-1.1959,0.1105,-0.037871,-0.006751,0.45487,0.087299,0.18071
9.5994,1.4658,1.3759,-0.073323,0.019495,-0.004305,-0.39338,-0.025479,-0.12275,3.32,4.0677,8.3849,-0.10934,-0.002276,0.054138,0.088172,-0.1723,-0.31536,8.8173,-2.5391,3.152,-0.036517,0.027891,0.036015,-0.22164,0.10649,-0.16129,-9.1762,-2.1536,2.2112,0.081435,0.032852,-0.034169,0.34462,0.04444,-0.27995,-9.626,1.4165,-1.1217,0.091706,-0.034613,-0.019334,0.45479,0.087837,0.17976
9.5701,1.533,1.309,-0.10401,0.041222,-0.002621,-0.3946,-0.025337,-0.12266,3.4923,4.2508,8.1292,0.001739,0.033259,0.080136,0.087928,-0.1718,-0.31499,8.8853,-2.4499,3.2835,-0.01307,0.02514,0.064323,-0.22254,0.1064,-0.16159,-9.2662,-2.0642,2.2619,0.11632,0.039914,-0.004092,0.34451,0.04339,-0.283,-9.6409,1.5213,-1.1665,0.086992,-0.055913,-0.008609,0.45506,0.088768,0.18002
9.615,1.5844,1.2952,-0.12504,0.025662,0.026575,-0.39523,-0.024945,-0.12316,3.3978,3.5972,7.9264,-0.079488,0.028809,0.16959,0.08687,-0.17231,-0.31543,8.9289,-2.3288,3.3261,-0.009858,0.042795,0.078516,-0.22126,0.10764,-0.16131,-9.2207,-2.1691,2.2854,0.12435,0.039906,0.036477,0.34422,0.041609,-0.2838,-9.5658,1.6707,-1.2768,0.078215,-0.056293,-0.024912,0.45502,0.089716,0.17773
9.5703,1.629,1.3548,-0.13298,0.065115,0.022747,-0.396,-0.024893,-0.12482,3.6321,3.4789,8.3064,-0.14843,0.013683,0.25192,0.084707,-0.17138,-0.31686,9.0359,-2.2225,3.3405,-0.070205,0.074699,0.1024,-0.22196,0.10794,-0.16261,-9.2346,-2.3347,2.3978,0.14138,0.020548,0.069846,0.34304,0.039771,-0.28279,-9.6106,1.7005,-1.1804,0.085505,-0.056407,-0.032147,0.45521,0.089063,0.17667
9.6369,1.554,1.4369,-0.15644,0.079559,0.015365,-0.39539,-0.025917,-0.12616,4.1089,3.2783,8.6535,-0.10174,0.046415,0.25889,0.083984,-0.17057,-0.31809,8.987,-2.1544,3.412,-0.11144,0.10363,0.10858,-0.2212,0.11011,-0.16251,-9.2488,-2.4698,2.4052,0.07715,0.006557,0.080305,0.34399,0.039529,-0.28698,-9.5885,1.4763,-1.1806,0.11353,-0.067175,-0.037715,0.45547,0.089877,0.17479
9.5467,1.4579,1.5774,-0.13459,0.11182,0.026195,-0.39557,-0.024448,-0.12686,3.7629,3.3205,8.4571,0.025321,0.052544,0.2756,0.080484,-0.16911,-0.32012,8.9407,-2.1055,3.3713,-0.16646,0.1446,0.091816,-0.21977,0.11187,-0.16173,-9.2347,-2.3345,2.3528,0.048249,-0.000443,0.099692,0.34303,0.039913,-0.2865,-9.7011,1.2824,-1.1233,0.14358,-0.062959,-0.0576,0.45616,0.092152,0.1737
9.3902,1.518,1.6811,-0.19101,0.0675,0.034508,-0.39539,-0.024139,-0.12863,3.7442,3.5224,8.8225,-0.1395,0.050878,0.26987,0.079285,-0.16717,-0.32036,8.6607,-2.2473,3.3402,-0.17786,0.1288,0.043104,-0.21782,0.11427,-0.16308,-9.039,-2.5443,2.4845,0.12491,-0.012962,0.08986,0.34203,0.036748,-0.29157,-9.5961,1.3639,-1.0765,0.22597,-0.10223,-0.019222,0.45482,0.093877,0.17229
9.6062,1.4426,1.5703,-0.15643,0.10505,0.044439,-0.39559,-0.02529,-0.12986,4.0088,3.7111,8.4021,-0.18359,0.080751,0.22599,0.075564,-0.16548,-0.32163,8.6436,-2.1596,3.2504,-0.21251,0.11183,-0.004657,-0.21676,0.11489,-0.16456,-9.3689,-2.4098,2.2977,0.11967,0.004777,0.046776,0.3385,0.036463,-0.29306,-9.5962,1.3643,-1.2109,0.28228,-0.1133,-0.045667,0.45604,0.096438,0.1692
9.7022,1.3963,1.8468,-0.13005,0.15185,0.066183,-0.39638,-0.023781,-0.13181,3.813,3.4943,7.6417,-0.15635,0.089546,0.21595,0.071594,-0.16179,-0.32478,8.7341,-2.4542,3.3864,-0.30561,0.05926,-0.070232,-0.21751,0.11608,-0.16438,-9.3257,-2.2134,2.0132,0.017999,0.010144,0.023007,0.33687,0.037597,-0.29844,-9.7689,1.1262,-1.2295,0.16158,-0.088857,-0.057782,0.45579,0.098054,0.16622
9.508,1.2794,1.8147,-0.12756,0.12978,0.099088,-0.39661,-0.024258,-0.13359,3.7743,2.8456,7.9155,-0.056371,0.11635,0.27653,0.072454,-0.15956,-0.32529,8.5712,-2.6233,3.3747,-0.27124,0.060903,-0.090564,-0.21644,0.11655,-0.1632,-9.2643,-2.3498,2.4123,0.051564,0.032977,0.0311,0.33461,0.038936,-0.30212,-9.5965,1.1476,-1.1667,0.17265,-0.087447,-0.075968,0.45591,0.09965,0.16619
9.3441,1.325,1.8586,-0.10587,0.096024,0.066419,-0.39563,-0.023691,-0.13547,3.3362,3.2951,8.226,-0.043184,0.072671,0.35088,0.070406,-0.15798,-0.32686,8.5933,-2.7863,3.505,-0.27827,0.035254,-0.094169,-0.21539,0.11741,-0.16229,-9.0866,-2.1532,2.198,0.060095,0.023177,0.006349,0.33383,0.038639,-0.30428,-9.6562,1.2669,-1.0479,0.11379,-0.074811,-0.061243,0.45643,0.10166,0.16456
9.642,1.2487,1.8155,-0.10221,0.10504,0.068234,-0.39656,-0.022704,-0.13756,4.0017,3.3515,7.5887,-0.24075,-0.039954,0.34668,0.065425,-0.15521,-0.32965,8.6787,-2.9108,3.6307,-0.22343,0.010812,-0.0703,-0.21579,0.1186,-0.16285,-9.3326,-2.2591,2.1632,0.02535,0.002214,0.009714,0.33195,0.039628,-0.30914,-9.7161,1.2675,-1.1236,0.064187,-0.071404,-0.061977,0.45692,0.10315,0.16241
9.5229,1.3381,1.9197,-0.10764,0.1269,0.091841,-0.39687,-0.023931,-0.14084,3.9434,2.9642,7.4456,0.040246,-0.14869,0.28325,0.062271,-0.15218,-0.33222,8.7591,-2.9112,3.6197,-0.24354,0.02392,-0.048194,-0.21534,0.11921,-0.16133,-9.2349,-2.3341,2.2553,-0.0111,0.054127,-0.027,0.33149,0.041079,-0.313,-9.7314,1.0431,-1.0348,0.09493,-0.099315,-0.07398,0.45665,0.10395,0.16078
9.5083,1.346,1.8375,-0.11562,0.14829,0.079877,-0.39577,-0.023354,-0.14312,4.2243,3.3063,6.9021,-0.039692,-0.28691,0.20856,0.057468,-0.1506,-0.33433,8.7056,-2.9595,3.5977,-0.24141,0.05026,0.018965,-0.21536,0.12103,-0.16176,-9.1587,-2.5147,2.4821,0.056867,0.045195,-0.047381,0.32867,0.042939,-0.31658,-9.6563,1.2072,-1.063,0.14375,-0.12087,-0.084234,0.45459,0.10528,0.15854
9.4554,1.1909,1.8138,-0.06391,0.17678,0.095317,-0.39707,-0.020343,-0.14688,4.7291,2.9733,5.5889,-0.067039,-0.39335,0.12108,0.052286,-0.14877,-0.33621,8.6204,-2.9589,3.5377,-0.20649,0.088063,0.095897,-0.21246,0.12235,-0.16177,-9.1456,-2.2886,2.2195,0.040896,0.062807,-0.046344,0.32908,0.045239,-0.31922,-9.7163,1.1026,-0.95966,0.080815,-0.1062,-0.10113,0.45703,0.10757,0.15751
9.4191,1.5016,2.0095,-0.11837,0.16296,0.1017,-0.39587,-0.022578,-0.1475,4.4473,3.2317,6.2907,-0.16952,-0.58013,-0.010665,0.044909,-0.14638,-0.34017,8.6035,-3.0291,3.4458,-0.13919,0.075881,0.16483,-0.21064,0.12512,-0.16062,-9.0377,-2.8142,2.4699,0.022988,0.066281,-0.078186,0.32791,0.046461,-0.32365,-9.6711,1.2068,-0.92873,0.091474,-0.11673,-0.091305,0.45678,0.10838,0.15601
9.605,1.2935,1.8006,-0.063636,0.20869,0.06419,-0.39531,-0.023382,-0.15212,5.2696,2.8089,5.9828,-0.44413,-0.78167,-0.082315,0.034827,-0.13712,-0.34492,8.6374,-2.8812,3.4584,-0.072132,0.052791,0.20021,-0.20776,0.12566,-0.161,-9.1521,-2.5058,2.1371,0.05128,0.10324,-0.10788,0.32543,0.049276,-0.33198,-9.6114,1.162,-1.0175,0.07929,-0.11744,-0.12296,0.45696,0.11145,0.15355
9.6117,1.2923,2.0917,-0.01465,0.24996,0.087806,-0.39494,-0.022772,-0.15538,6.0447,2.2353,4.7722,0.02183,-0.88869,-0.16762,0.024126,-0.13161,-0.34977,8.7102,-2.765,3.4722,-0.069658,0.018685,0.25316,-0.20681,0.12834,-0.15976,-9.1592,-2.5734,2.1595,0.006836,0.12179,-0.106,0.32323,0.051836,-0.33712,-9.7463,1.0728,-0.96025,0.065191,-0.13421,-0.15373,0.45618,0.11332,0.15242
9.3592,1.4649,2.0387,-0.045768,0.20567,0.11712,-0.39343,-0.024638,-0.16009,6.036,2.6091,4.6839,0.32028,-1.0469,-0.23667,0.010535,-0.13521,-0.34968,8.6663,-2.7332,3.4563,-0.037885,0.024842,0.2691,-0.20263,0.13103,-0.15937,-9.0075,-2.889,2.4405,0.025282,0.15249,-0.13408,0.32288,0.053567,-0.34495,-9.6793,0.78832,-0.87023,0.081887,-0.15108,-0.19189,0.45712,0.11453,0.15082
9.4329,1.3085,2.0979,-0.043539,0.27171,0.09404,-0.39317,-0.023972,-0.16541,6.3659,2.7837,4.6649,0.25602,-1.411,-0.2549,-0.009752,-0.14056,-0.34888,8.5637,-2.5505,3.4271,-0.086452,0.023119,0.28669,-0.20056,0.13327,-0.1582,-8.9722,-2.7291,1.9008,-0.052753,0.20537,-0.13282,0.32446,0.058485,-0.35204,-9.7459,1.2369,-0.87015,0.12857,-0.18114,-0.18134,0.45608,0.11814,0.14657
9.3876,1.2049,2.1715,-0.048919,0.30619,0.12398,-0.39234,-0.024908,-0.17015,7.281,2.8691,4.039,-0.019484,-1.7237,-0.11187,-0.036586,-0.142,-0.34604,8.6028,-2.626,3.4657,-0.10559,0.033233,0.26285,-0.19623,0.13465,-0.15738,-9.0984,-2.7681,2.1384,-0.002556,0.24761,-0.15105,0.32477,0.059603,-0.36103,-9.6188,1.1016,-0.82354,0.11949,-0.19014,-0.17962,0.45586,0.12215,0.14421
9.3649,1.2487,2.3805,-0.032549,0.29944,0.091206,-0.39248,-0.02497,-0.17766,7.4344,3.09,3.9972,-0.16769,-2.0398,0.088681,-0.069568,-0.14649,-0.34219,8.7051,-2.5974,3.4545,-0.14326,0.029112,0.18776,-0.19254,0.13658,-0.15662,-9.097,-3.0233,2.1988,0.054995,0.23344,-0.18031,0.32686,0.061995,-0.37008,-9.769,0.77292,-0.61777,0.12541,-0.21704,-0.22676,0.45658,0.12629,0.14201
9.2221,1.0862,2.5426,-0.023654,0.27893,0.10406,-0.39051,-0.025545,-0.18154,8.6135,3.1304,5.0983,-0.57475,-2.3531,0.27912,-0.10805,-0.14519,-0.33342,8.6323,-2.8377,3.5749,-0.18511,0.010338,0.14347,-0.18761,0.13767,-0.154,-8.9063,-2.5183,1.7744,-0.011313,0.28801,-0.15162,0.32629,0.061889,-0.3807,-9.7316,0.75814,-0.7143,0.10957,-0.22848,-0.25757,0.45471,0.1295,0.13734
9.1934,1.2499,2.4091,-0.039944,0.27901,0.10404,-0.38832,-0.027349,-0.18881,9.7374,2.4646,5.384,-0.72967,-2.4274,0.33257,-0.1507,-0.14199,-0.31973,8.4765,-2.8976,3.5736,-0.079507,-0.000905,0.12939,-0.18287,0.1381,-0.14986,-8.8229,-2.6762,1.9488,-0.036385,0.30564,-0.10123,0.32993,0.063471,-0.39284,-9.7163,0.922,-0.59406,0.10261,-0.24517,-0.283,0.45474,0.13364,0.13486
9.1625,1.1013,2.5721,0.001543,0.27563,0.14059,-0.38797,-0.027189,-0.19494,9.9443,2.0182,5.427,-0.12613,-2.2688,0.35598,-0.1887,-0.14494,-0.30293,8.3571,-2.8214,3.4091,-0.10452,0.004482,0.13199,-0.17472,0.13736,-0.14589,-8.9169,-3.3286,1.8275,-0.006249,0.33467,-0.12587,0.33712,0.06265,-0.40442,-9.6867,0.63785,-0.55697,0.090409,-0.2612,-0.31926,0.45364,0.13697,0.13141
9.1028,1.1459,2.6764,-0.006732,0.26514,0.15613,-0.38665,-0.027973,-0.20062,11.125,2.1388,4.5429,0.42054,-2.0033,0.43668,-0.22294,-0.15264,-0.27727,8.4819,-3.0963,3.3571,-0.14021,-0.030291,0.13719,-0.16639,0.13687,-0.14066,-9.1124,-3.2603,1.4484,-0.092605,0.38853,-0.15197,0.34406,0.059619,-0.41917,-9.7321,0.429,-0.58818,0.069421,-0.27127,-0.3708,0.45465,0.14325,0.12811
9.1314,0.90084,2.7496,0.054578,0.25651,0.21461,-0.38394,-0.02826,-0.2057,10.735,2.3446,5.1004,0.52566,-1.6944,0.42232,-0.2529,-0.16328,-0.25223,8.0388,-3.2905,3.2535,-0.12001,-0.095933,0.11751,-0.15698,0.13398,-0.13404,-8.6084,-2.8351,0.69269,-0.34358,0.51357,-0.16344,0.35237,0.05903,-0.43043,-9.7316,0.60759,-0.38597,-0.006812,-0.3075,-0.4188,0.45183,0.14749,0.127
8.7283,0.81486,2.8281,0.056527,0.14964,0.27614,-0.38335,-0.027627,-0.20991,10.655,2.2565,5.7532,0.52108,-1.3332,0.30423,-0.27496,-0.17405,-0.22519,7.6885,-3.6288,3.3324,-0.10836,-0.19358,0.16665,-0.14522,0.12983,-0.12588,-8.9486,-3.4742,0.74658,-0.46592,0.58075,-0.20721,0.36794,0.062276,-0.43937,-9.6564,0.63615,-0.10819,-0.11032,-0.31656,-0.44667,0.45076,0.15375,0.1227
8.8168,0.58456,2.8049,0.10507,0.079445,0.28015,-0.38494,-0.025656,-0.21408,10.497,2.2603,5.4801,0.66099,-1.0176,0.23714,-0.29121,-0.18353,-0.20097,7.6338,-4.4201,3.3428,0.21423,-0.35388,0.15865,-0.13061,0.12206,-0.11634,-8.7034,-3.1735,0.81871,-0.40996,0.6404,-0.24556,0.38546,0.063061,-0.44569,-9.4993,0.34328,0.11781,-0.17598,-0.30603,-0.53062,0.44894,0.15907,0.1208
8.6809,0.31804,3.026,0.21685,0.023832,0.33708,-0.38445,-0.024117,-0.21763,9.626,1.9604,5.3567,0.81517,-0.58293,0.17041,-0.29931,-0.19545,-0.18002,7.318,-4.7772,2.9873,0.47819,-0.52621,0.22561,-0.11856,0.11219,-0.1075,-8.3703,-2.8324,0.26228,-0.33036,0.72733,-0.13374,0.40878,0.06024,-0.44789,-9.6417,0.2162,0.33172,-0.22621,-0.29055,-0.55474,0.44604,0.16568,0.12085
8.5895,-0.007993,3.2172,0.44777,-0.1224,0.38178,-0.38498,-0.023068,-0.21724,9.2075,2.2004,4.8838,0.99678,-0.27588,0.24164,-0.30713,-0.20409,-0.16068,7.5124,-5.6222,2.4915,0.99425,-0.70692,0.3159,-0.10936,0.098422,-0.10008,-9.6666,-3.3639,0.59697,-0.29188,0.71385,-0.10388,0.43368,0.055931,-0.44564,-9.68,-0.25418,0.3074,-0.19107,-0.30068,-0.61908,0.44435,0.17335,0.12293
8.9145,-0.55221,3.4026,0.67485,-0.27053,0.48034,-0.38702,-0.020084,-0.21475,9.4938,2.7979,4.6574,0.73852,-0.041836,0.27181,-0.31258,-0.21118,-0.14513,7.2726,-4.7994,2.009,1.4027,-0.86662,0.33196,-0.10265,0.076319,-0.092174,-10.527,-3.128,0.76702,-0.31305,0.5691,-0.047446,0.45717,0.048988,-0.44186,-9.832,-1.7109,0.51756,-0.15779,-0.19107,-0.78924,0.44061,0.18142,0.12266
9.5297,-1.1731,3.6644,0.8373,-0.3235,0.54741,-0.38997,-0.018562,-0.21147,10,2.6901,3.9018,0.36626,0.097773,0.18676,-0.31487,-0.21613,-0.13556,7.8551,-4.7581,1.7335,1.1305,-0.9437,0.261,-0.10341,0.055802,-0.08495,-10.359,-2.4284,0.43197,-0.41419,0.38433,0.005205,0.47661,0.044154,-0.44092,-10.978,-1.9764,1.0578,-0.22112,-0.13441,-0.9139,0.43556,0.19462,0.12559
10.443,-1.6935,4.1082,0.88749,-0.38219,0.58705,-0.39258,-0.016486,-0.20435,10.905,2.3816,3.4952,0.18723,0.14203,0.036517,-0.31474,-0.22078,-0.12676,8.8478,-5.2922,1.6503,1.0618,-0.97168,0.095944,-0.10735,0.027325,-0.073126,-11.355,-1.3369,-1.4651,-0.68834,0.34905,0.072164,0.49183,0.039934,-0.44443,-11.27,-1.6463,1.0538,-0.13518,-0.043887,-0.9767,0.42872,0.20594,0.13119
11.246,-2.0045,4.2988,1.0338,-0.39088,0.67035,-0.3985,-0.015142,-0.19818,11.977,2.2316,3.4039,0.32363,0.15789,-0.079066,-0.31496,-0.22545,-0.12201,10.517,-5.257,1.6603,1.192,-0.95698,-0.16041,-0.11496,0.005343,-0.061678,-11.267,0.26172,-1.6301,-0.8544,0.073846,0.2682,0.50104,0.03952,-0.4436,-11.259,0.26614,1.0292,-0.12782,0.10352,-0.95592,0.41832,0.21947,0.13622
10.605,-2.1387,3.9499,1.1224,-0.38839,0.72327,-0.40233,-0.013711,-0.19111,11.375,2.1586,3.4825,0.53231,0.1983,-0.26119,-0.3111,-0.23231,-0.11674,10.75,-4.6366,1.6971,1.0165,-0.92782,-0.3088,-0.11858,-0.018104,-0.048469,-9.2481,-2.1098,-2.9826,-1.0867,0.10482,0.37367,0.50857,0.04477,-0.44788,-9.9401,0.49854,1.1717,-0.85484,0.06937,-0.58955,0.41072,0.22779,0.14907
9.2307,-1.5251,3.3465,1.1547,-0.30218,0.71915,-0.40704,-0.011714,-0.18516,9.446,1.601,3.5192,0.74974,0.29647,-0.46827,-0.30593,-0.24407,-0.10727,9.7256,-4.4233,2.0568,0.98996,-0.88695,-0.070565,-0.11932,-0.036319,-0.038159,-8.9794,-4.4534,-1.9017,-0.65586,0.01782,0.2703,0.5139,0.049389,-0.44844,-8.9875,-3.1811,1.0882,-1.0058,0.085517,-0.28544,0.40503,0.22333,0.16745
8.6883,-1.4152,2.8879,1.1838,-0.17658,0.62282,-0.41031,-0.010363,-0.18025,8.1799,1.6746,3.3829,0.71191,0.38725,-0.57261,-0.29864,-0.25565,-0.099251,9.0497,-3.9175,2.1527,1.0054,-0.79832,0.24567,-0.12023,-0.05011,-0.028867,-8.8007,-4.0653,-1.2757,-0.42141,-0.018724,0.10075,0.51478,0.048951,-0.44747,-8.3896,-3.66,0.52174,-0.81871,0.16517,-0.14272,0.40017,0.22025,0.18087
8.912,-1.4609,2.7326,1.0673,-0.036488,0.50899,-0.41216,-0.011027,-0.17936,7.6947,1.6464,3.2024,0.72035,0.49986,-0.41746,-0.28896,-0.26808,-0.092902,9.1025,-3.6197,2.4612,0.86912,-0.60125,0.38549,-0.1222,-0.060096,-0.020367,-9.3522,-1.4646,-1.3271,-0.40555,-0.014049,0.076624,0.51499,0.046203,-0.44348,-8.9214,-4.274,1.6467,-0.461,0.16978,0.01409,0.39802,0.21479,0.19617
9.3514,-1.465,2.8851,0.78938,0.0905,0.3932,-0.41216,-0.012805,-0.17689,7.3116,1.8365,3.0089,0.91396,0.50293,-0.032279,-0.28441,-0.27553,-0.089396,9.3068,-3.3876,2.4138,0.64954,-0.33922,0.28695,-0.12259,-0.067099,-0.018298,-9.9714,-0.31826,-1.611,-0.63546,-0.002876,0.09281,0.51502,0.049239,-0.4415,-9.3619,-3.4582,1.7984,0.02093,-0.077316,0.020467,0.39817,0.21249,0.2013
9.5959,-1.6604,3.1021,0.58922,0.15823,0.24493,-0.41223,-0.013826,-0.17812,7.3358,2.4023,3.3276,1.0993,0.35656,0.43945,-0.2846,-0.28119,-0.077093,9.6233,-3.2411,2.4479,0.259,-0.075467,0.17233,-0.12305,-0.072039,-0.014904,-9.8463,-1.4201,-1.6748,-0.76799,-0.09083,0.061953,0.51409,0.057913,-0.44077,-9.1516,-2.5289,0.66881,0.030098,-0.22108,0.13149,0.39873,0.21117,0.20148
9.3431,-1.5104,3.1534,0.42222,0.19035,0.14513,-0.41111,-0.017469,-0.18023,7.7047,3.1327,3.6734,0.87463,0.097665,0.80822,-0.29256,-0.28388,-0.066311,9.5747,-3.3867,2.5475,-0.021622,0.080403,0.10076,-0.11877,-0.075959,-0.01495,-9.44,-2.0255,-1.801,-0.65421,-0.10356,-0.011509,0.51287,0.070811,-0.43847,-8.9695,-0.99753,0.43694,-0.16951,-0.18595,0.35457,0.40175,0.20839,0.20364
8.9998,-1.5231,3.3,0.3641,0.26844,0.055318,-0.40859,-0.022336,-0.18146,8.2801,2.9585,3.6008,0.38317,-0.058199,0.98757,-0.30407,-0.27839,-0.057305,9.1508,-3.4357,2.581,-0.1672,0.2192,0.057474,-0.11339,-0.076307,-0.013402,-9.4091,-2.1684,-1.6652,-0.47468,-0.13196,-0.012601,0.51033,0.078801,-0.43967,-8.5043,-0.67174,0.6474,-0.70024,-0.18703,0.75724,0.40645,0.19606,0.2071
8.8191,-1.7599,3.603,0.28299,0.30774,-0.001515,-0.4064,-0.027956,-0.18393,8.8975,2.6386,3.5521,0.22199,-0.082674,0.97994,-0.31669,-0.27092,-0.054113,8.9247,-3.6625,2.4739,-0.18776,0.29898,0.015139,-0.10537,-0.075824,-0.014389,-9.4381,-2.2147,-1.3956,-0.37301,-0.14793,-0.032113,0.50459,0.085313,-0.43837,-9.1036,-0.54078,0.31636,-0.97153,-0.079808,0.95788,0.41353,0.1748,0.21563
8.7436,-1.8933,3.7582,0.27393,0.28591,-0.032445,-0.40323,-0.035115,-0.18839,9.2985,2.5279,3.3742,0.36761,-0.000483,0.78539,-0.32759,-0.26449,-0.050546,8.9469,-3.7253,2.226,-0.15329,0.36367,-0.097731,-0.098166,-0.075322,-0.014031,-9.5981,-1.7194,-1.6094,-0.34463,-0.14965,-0.032026,0.50076,0.091442,-0.43791,-9.3574,0.065886,0.20911,-0.93719,-0.076929,1.089,0.42146,0.15207,0.22809
8.751,-1.8934,3.7583,0.25123,0.26805,-0.039695,-0.3996,-0.040989,-0.19176,9.2532,2.8678,3.2783,0.43446,0.084254,0.47588,-0.33392,-0.26301,-0.044948,8.8206,-3.792,1.8976,-0.15425,0.40335,-0.21957,-0.089528,-0.073199,-0.012765,-9.5835,-1.6592,-1.6392,-0.25054,-0.15681,-0.026765,0.4967,0.097404,-0.43639,-9.5824,0.3387,-0.60084,-0.7729,-0.073222,1.2353,0.42937,0.12736,0.23818
8.6695,-1.7448,3.8333,0.29036,0.29628,-0.054354,-0.39492,-0.049485,-0.19601,9.1351,3.0837,3.2664,0.33839,0.13176,0.1337,-0.33733,-0.26263,-0.045532,8.6138,-3.839,1.6313,-0.16818,0.39992,-0.3168,-0.08064,-0.072769,-0.011562,-9.5759,-1.7338,-1.729,-0.23036,-0.19031,-0.056136,0.49148,0.10227,-0.43625,-10.227,0.53877,-1.4106,-0.38811,0.064194,1.3884,0.43553,0.10009,0.24947
8.6705,-1.5227,3.872,0.29185,0.24448,-0.04044,-0.39165,-0.056567,-0.19842,9.0806,3.0844,3.1081,0.16026,0.1409,-0.16357,-0.3369,-0.26832,-0.045793,8.4899,-3.9399,1.3964,-0.24686,0.37022,-0.38764,-0.07526,-0.072729,-0.0099,-9.5587,-2.0944,-1.5782,-0.22136,-0.26516,-0.065548,0.48594,0.10718,-0.43388,-10.34,-0.27096,-0.42103,-0.45672,0.16622,1.3957,0.44284,0.074159,0.2621
8.9549,-1.2876,3.7936,0.32519,0.2521,0.00794,-0.38604,-0.064996,-0.2006,9.2932,3.0366,2.9804,-0.009724,0.13753,-0.37912,-0.33253,-0.27323,-0.049877,8.3709,-4.0507,1.2205,-0.23846,0.28463,-0.39668,-0.072743,-0.073837,-0.012511,-9.5562,-2.4258,-1.2477,-0.13344,-0.26435,-0.020586,0.47612,0.11301,-0.43383,-10.427,-3.5751,0.33064,-0.69296,0.17817,0.97049,0.44327,0.046407,0.27737
8.9877,-0.69469,3.6858,0.33402,0.23091,0.037244,-0.38301,-0.073072,-0.2052,9.4305,2.8623,2.9197,-0.097314,0.15627,-0.477,-0.3263,-0.28233,-0.056249,8.4029,-4.2793,1.3203,-0.20305,0.15341,-0.41635,-0.072566,-0.077718,-0.014029,-9.4049,-2.6367,-0.89174,0.037934,-0.28661,0.025124,0.46995,0.11315,-0.43174,-10.364,-0.27995,-2.095,-0.68604,0.33711,0.93516,0.44191,0.026218,0.29162
9.4588,-0.34289,3.6991,0.32347,0.1136,0.029585,-0.37825,-0.080759,-0.20523,9.6916,2.7738,2.6633,-0.11779,0.21422,-0.5343,-0.32116,-0.28807,-0.063003,8.8491,-4.5098,1.3629,-0.095421,-0.031791,-0.43064,-0.079798,-0.081535,-0.019964,-9.4052,-2.4504,-0.59931,0.038333,-0.2628,0.084463,0.46245,0.11068,-0.43249,-12.252,-2.1803,1.2449,-0.99636,0.073562,0.79584,0.44186,0.002596,0.30478
9.2749,0.10384,3.5216,0.32501,0.060702,0.034363,-0.37445,-0.088359,-0.20816,9.6917,2.6263,2.5848,-0.11618,0.29544,-0.54457,-0.31209,-0.29508,-0.069388,9.1124,-4.8377,1.9545,0.25046,-0.19828,-0.32633,-0.090932,-0.081554,-0.028224,-9.6269,-2.723,-0.19078,0.19778,-0.2435,0.11017,0.45816,0.10356,-0.43122,-8.5827,-1.5073,-1.7245,-0.86613,0.083177,0.58222,0.44017,-0.017664,0.311
8.6495,0.22019,3.4728,0.30096,0.1032,-0.007865,-0.37298,-0.095337,-0.20887,8.7461,2.5042,2.2893,0.029206,0.33842,-0.54039,-0.30327,-0.30306,-0.078106,8.3288,-4.2956,2.427,0.60828,-0.32621,0.051637,-0.10829,-0.077547,-0.039944,-9.2552,-2.3988,-0.22118,0.3826,-0.18493,0.11594,0.45259,0.092129,-0.43225,-9.4047,-0.88707,-0.66092,-0.17456,0.16696,0.42586,0.44002,-0.028747,0.3179
8.6941,0.16821,3.4131,0.20403,0.11037,0.010212,-0.37102,-0.10012,-0.20794,8.5834,2.5565,2.0212,0.074618,0.33066,-0.51238,-0.29519,-0.30798,-0.085623,8.5471,-3.948,2.9084,0.96265,-0.36588,0.58725,-0.13412,-0.070492,-0.052062,-9.3762,-2.025,-0.043942,0.26736,-0.13276,0.13933,0.4501,0.081536,-0.43247,-10.152,0.17564,-0.20746,0.1743,0.15208,0.23888,0.43677,-0.032284,0.32402
9.1863,0.32659,3.582,0.11736,0.16207,-0.002834,-0.36922,-0.1072,-0.21,8.8033,2.7115,2.05,0.05188,0.26522,-0.32486,-0.28895,-0.3149,-0.091385,9.3888,-3.3459,3.2652,1.2229,-0.27537,0.92099,-0.15818,-0.060397,-0.063923,-9.5707,-2.0105,-0.10789,0.13906,-0.12372,0.11291,0.44779,0.072955,-0.43111,-9.5735,1.2053,-0.6133,0.39877,0.094359,0.18699,0.43766,-0.028968,0.32572
9.2602,0.35432,3.9111,0.028706,0.18603,-0.008505,-0.36503,-0.11059,-0.21309,8.8666,2.9705,2.1293,-0.035352,0.15621,-0.071254,-0.28432,-0.31613,-0.092536,9.7333,-2.498,3.3363,1.0354,-0.083068,1.037,-0.17733,-0.046102,-0.073508,-9.7347,-2.0639,-0.066108,0.087993,-0.14824,0.088029,0.4464,0.069011,-0.43262,-9.8656,1.1917,-0.62574,0.18086,0.16529,0.09768,0.43562,-0.024917,0.33147
9.0209,0.20789,3.9531,-0.049181,0.16105,-0.037714,-0.36106,-0.11255,-0.2151,8.8027,2.8983,2.0217,-0.076971,0.023238,0.077742,-0.28395,-0.31824,-0.095594,9.5278,-1.9918,3.3,0.50915,0.12916,0.96974,-0.19346,-0.033865,-0.083257,-9.7346,-2.0566,-0.006087,0.054728,-0.13146,0.1058,0.44432,0.063529,-0.43098,-9.7458,1.1837,-0.61627,-0.010771,0.13122,0.045409,0.43318,-0.022832,0.33336
8.7968,0.1573,4.0854,-0.11476,0.082514,-0.044779,-0.35908,-0.11543,-0.21637,8.8247,2.9853,2.0781,-0.17182,-0.10756,0.16498,-0.28525,-0.31664,-0.097643,9.0358,-2.0522,3.1909,0.11236,0.27146,0.82547,-0.2002,-0.020284,-0.094451,-9.4949,-2.2203,-0.10614,0.09003,-0.09731,0.083048,0.44259,0.056966,-0.43171,-9.7374,1.7892,-0.74897,-0.027492,0.11974,0.012783,0.43265,-0.020877,0.33733
8.7741,0.039239,4.0098,-0.12577,0.0776,-0.011952,-0.35811,-0.11723,-0.2185,8.9377,2.9994,2.1761,-0.27934,-0.19635,0.20099,-0.28817,-0.3145,-0.10083,8.7149,-2.3073,2.8286,-0.067,0.28484,0.62117,-0.20566,-0.009631,-0.1026,-9.4648,-2.1461,0.13449,0.10614,-0.07093,0.0762,0.44048,0.051257,-0.43431,-9.64,1.7434,-0.58308,0.018045,0.10436,0.04328,0.43148,-0.020112,0.33982
8.9375,-0.058513,4.0403,-0.1295,0.052491,-0.018218,-0.35634,-0.11659,-0.21843,8.985,2.892,2.3047,-0.29652,-0.22111,0.19922,-0.29201,-0.31332,-0.1021,8.6127,-2.3161,2.6365,-0.10469,0.27108,0.38085,-0.20726,-0.004194,-0.10926,-9.5472,-2.0941,0.1703,0.13833,-0.061252,0.067461,0.44155,0.044631,-0.43438,-9.625,1.7736,-0.71723,0.076125,0.06814,0.013942,0.43083,-0.018145,0.34217
8.9594,-0.16982,4.0397,-0.13849,0.076031,-0.004653,-0.35467,-0.11794,-0.21781,9.098,2.906,2.4172,-0.25975,-0.22836,0.1829,-0.29525,-0.31193,-0.10179,8.6422,-2.4083,2.5065,-0.20503,0.19595,0.11121,-0.20814,-0.001804,-0.11177,-9.5404,-2.026,0.042802,0.11015,-0.046266,0.056983,0.44124,0.038151,-0.43438,-9.655,1.8413,-0.80721,0.088055,0.062525,-0.000587,0.43011,-0.01604,0.34371
8.8989,-0.33983,4.0605,-0.14024,0.070391,-0.024706,-0.35295,-0.11701,-0.21857,8.9956,2.9393,2.548,-0.20131,-0.21453,0.16114,-0.29779,-0.30933,-0.10263,8.6132,-2.5003,2.4686,-0.28287,0.12729,-0.12661,-0.20861,-0.006047,-0.11356,-9.6983,-1.787,0.12941,0.084961,-0.030323,0.027149,0.44086,0.031084,-0.43597,-9.5948,1.9678,-0.73114,0.07259,0.035594,0.001049,0.4281,-0.013555,0.34601
8.9435,-0.41404,4.0007,-0.095131,0.037848,-0.020857,-0.35245,-0.11845,-0.21935,8.9569,2.9339,2.6741,-0.16677,-0.19647,0.11293,-0.30045,-0.30938,-0.10147,8.6477,-2.7825,2.6354,-0.34976,0.04674,-0.33354,-0.20783,-0.013208,-0.11319,-9.6616,-1.6668,0.12251,0.036466,-0.003881,0.009705,0.44103,0.027729,-0.43648,-9.6401,1.804,-0.83694,0.031227,0.037967,-0.007852,0.42917,-0.010758,0.34653
8.9133,-0.47328,4.0523,-0.056972,0.056303,-0.029095,-0.34946,-0.12124,-0.21949,9.0257,2.9602,2.7475,-0.14799,-0.15733,0.043642,-0.30127,-0.30918,-0.099703,8.7406,-3.0455,2.8027,-0.35987,-0.004839,-0.52795,-0.20546,-0.025499,-0.11133,-9.6024,-1.5764,0.086088,-0.032885,-0.002061,0.009728,0.44267,0.022109,-0.4393,-9.5953,1.624,-0.68725,0.031636,0.021973,-0.044151,0.42886,-0.008251,0.34821
8.8836,-0.47274,3.9775,0.014437,0.027086,-0.029791,-0.35049,-0.12231,-0.21857,9.1238,2.8608,2.7307,-0.11129,-0.095912,-0.004347,-0.30195,-0.30917,-0.10026,8.7358,-3.206,2.9326,-0.36882,-0.033799,-0.69408,-0.2037,-0.041529,-0.10902,-9.6619,-1.6366,0.069951,-0.038521,0.02087,0.026642,0.44307,0.019943,-0.44047,-9.6547,1.9081,-0.67254,0.049766,0.020114,-0.051428,0.42849,-0.00562,0.35083
8.9729,-0.43695,4.1127,0.053296,0.022522,-0.019669,-0.34993,-0.12443,-0.21826,9.2977,2.8123,2.734,0.006199,-0.020572,-0.067134,-0.30004,-0.30997,-0.098842,8.9651,-3.3968,3.0665,-0.36301,-0.030077,-0.7585,-0.19745,-0.060054,-0.10767,-9.6012,-1.8609,-0.048641,-0.04648,0.022604,0.029247,0.44486,0.017761,-0.4417,-9.5874,1.818,-0.64177,0.049943,0.014421,-0.065964,0.42789,-0.003643,0.35211
8.9283,-0.41442,4.1274,0.08043,0.029731,-0.001427,-0.34901,-0.1266,-0.21643,9.371,2.7859,2.6735,0.10946,0.05825,-0.13692,-0.29698,-0.31367,-0.095617,9.019,-3.5379,3.0478,-0.36243,-0.016969,-0.74345,-0.19112,-0.080409,-0.10487,-9.6685,-1.8314,0.010003,-0.088205,0.026211,0.02575,0.44616,0.013741,-0.44216,-9.6175,1.6832,-0.50069,0.10063,0.007143,-0.080589,0.42845,0.000206,0.35313
8.8537,-0.39918,4.1717,0.10198,0.014677,0.02511,-0.34933,-0.12927,-0.21492,9.2557,2.7838,2.6072,0.14403,0.073686,-0.18427,-0.29397,-0.31585,-0.09554,9.0047,-3.6735,2.9057,-0.4398,0.034498,-0.62864,-0.18232,-0.10046,-0.10296,-9.7222,-1.6358,-0.17887,-0.13364,0.049205,0.073589,0.44797,0.010771,-0.44313,-9.6173,1.848,-0.62725,0.10119,0.008132,-0.12039,0.42946,0.003525,0.35471
8.8391,-0.35449,4.1421,0.10809,-0.021971,0.037131,-0.34894,-0.13131,-0.21271,9.2115,2.7477,2.563,0.073825,0.06614,-0.24865,-0.28988,-0.31927,-0.092654,8.8545,-4.0438,2.6653,-0.44922,0.079422,-0.47495,-0.17198,-0.1212,-0.1031,-9.9458,-1.7268,-0.16076,-0.2836,0.13405,0.15093,0.45241,0.009826,-0.44371,-9.617,2.0273,-0.62676,0.014729,0.02914,-0.12909,0.4276,0.006953,0.35552
8.8836,-0.39919,4.1123,0.1214,-0.04845,0.076479,-0.34904,-0.13442,-0.20968,9.1921,2.6847,2.5626,0.020662,0.032728,-0.23596,-0.28617,-0.32277,-0.091735,8.6993,-4.3265,2.3721,-0.1428,0.043448,-0.31665,-0.16144,-0.13857,-0.10433,-9.5879,-1.5756,-0.10871,-0.20129,0.086253,0.16121,0.45331,0.006046,-0.44353,-9.5347,2.012,-0.64035,-0.098643,0.020977,-0.15604,0.42604,0.009836,0.35849
8.8539,-0.40612,4.0523,0.11872,-0.030343,0.090984,-0.34806,-0.1349,-0.20664,9.1092,2.5659,2.5616,0.003156,0.015436,-0.19148,-0.28353,-0.32542,-0.089073,8.5453,-3.9831,2.2293,0.059322,-0.051091,-0.20799,-0.15556,-0.15459,-0.10533,-9.5725,-1.6358,-0.033301,-0.2275,0.084557,0.22119,0.4589,0.003387,-0.44378,-9.6253,1.5643,-0.6655,-0.18019,0.012188,-0.13413,0.42506,0.011672,0.36017
8.8688,-0.43576,4.0224,0.10863,-0.057167,0.091084,-0.35034,-0.1372,-0.20371,9.0263,2.5027,2.5899,0.013564,0.005051,-0.16141,-0.28086,-0.32854,-0.088218,8.4894,-4.0092,2.0871,0.054747,-0.11317,-0.11187,-0.15044,-0.16629,-0.10902,-9.4953,-2.2195,-0.28623,-0.097655,0.064923,0.14593,0.46095,-0.001207,-0.44646,-9.7156,1.3106,-0.62289,-0.1549,0.006873,-0.13689,0.42747,0.010871,0.36361
8.9056,-0.56183,3.9771,0.11587,-0.048975,0.10565,-0.35072,-0.13635,-0.20059,8.997,2.5123,2.6141,-0.011433,-0.013695,-0.083943,-0.27839,-0.32962,-0.085984,8.5234,-3.939,2.0864,0.066231,-0.1609,-0.061598,-0.14676,-0.17831,-0.11353,-9.6005,-2.0999,-0.28847,-0.053041,0.034934,0.052214,0.46141,-0.006875,-0.44761,-9.6859,1.191,-0.66006,-0.098799,0.023077,-0.14326,0.42711,0.013369,0.36636
8.9725,-0.62146,3.9324,0.12499,-0.038305,0.10379,-0.34958,-0.14014,-0.19737,9.0119,2.4491,2.6333,-0.003069,-0.013114,-0.015546,-0.27617,-0.33187,-0.083742,8.6601,-4.1025,2.1451,0.064116,-0.2085,0.000147,-0.14849,-0.18453,-0.1205,-9.7222,-1.6804,-0.28387,-0.11457,0.017451,0.013352,0.46332,-0.009941,-0.4495,-9.7383,1.2212,-0.66087,-0.083855,-0.003261,-0.11993,0.42634,0.014949,0.36711
8.9202,-0.63592,3.9469,0.12501,-0.022902,0.1174,-0.35308,-0.13947,-0.19656,8.973,2.3861,2.6377,0.061792,0.005096,0.056916,-0.27794,-0.33216,-0.082925,8.8013,-4.0572,2.21,0.16125,-0.20909,0.088618,-0.15085,-0.18762,-0.12721,-9.7177,-1.103,-0.24689,-0.1415,0.033342,0.018875,0.46495,-0.011078,-0.45088,-9.7009,1.1462,-0.6455,-0.045117,-0.011123,-0.11648,0.42705,0.016544,0.36791
8.8754,-0.63579,4.0062,0.086268,-0.003248,0.090815,-0.35308,-0.14072,-0.1941,8.9385,2.4636,2.6475,0.13745,-0.017724,0.086409,-0.27711,-0.33393,-0.079859,8.9837,-3.886,2.3394,0.22416,-0.22397,0.23445,-0.15493,-0.18857,-0.13331,-9.7642,-0.80292,-0.30068,-0.10322,0.040382,0.055165,0.46955,-0.013836,-0.45158,-9.7611,0.99694,-0.60209,-0.014421,-0.003825,-0.11647,0.42684,0.01798,0.37082
8.905,-0.70248,3.9463,0.078027,-0.028392,0.083614,-0.35346,-0.14145,-0.1911,8.9481,2.6089,2.692,0.12527,-0.024324,0.13807,-0.27858,-0.33418,-0.075909,9.2438,-3.6594,2.5399,0.33121,-0.20349,0.39809,-0.16554,-0.18475,-0.13863,-9.8012,-0.89273,-0.38386,-0.080443,0.037736,0.072775,0.46998,-0.017179,-0.45248,-9.7758,1.0864,-0.52738,-0.000639,-0.005077,-0.1364,0.42824,0.021318,0.3704
8.9572,-0.7323,3.8868,0.072548,-0.045505,0.074561,-0.35361,-0.14296,-0.18891,8.9236,2.6404,2.6993,0.07732,-0.045134,0.17748,-0.28136,-0.33359,-0.074515,9.2528,-3.3369,2.7177,0.50194,-0.19205,0.50432,-0.17342,-0.1804,-0.14231,-9.7098,-1.3043,-0.53165,-0.079374,0.040317,0.071816,0.47065,-0.020486,-0.45443,-9.7156,1.2804,-0.55573,0.001834,0.003387,-0.11649,0.42761,0.023563,0.37127
8.9568,-0.82852,3.8638,0.085487,-0.006357,0.059814,-0.35302,-0.14338,-0.18807,8.9775,2.7151,2.785,0.038255,-0.080151,0.20965,-0.28371,-0.33406,-0.072297,9.2668,-2.9461,2.7503,0.56495,-0.12111,0.55404,-0.18307,-0.1738,-0.14363,-9.7248,-1.3116,-0.59197,-0.083217,0.022705,0.043453,0.4728,-0.022493,-0.45697,-9.7456,1.2206,-0.48168,-0.063376,0.007966,-0.1,0.42602,0.024591,0.37361
8.9644,-0.76952,3.9165,0.087281,-0.005407,0.063466,-0.35368,-0.14562,-0.1878,9.0096,2.6858,2.8288,0.02508,-0.054585,0.201,-0.28669,-0.33441,-0.069857,9.1346,-2.5665,2.6757,0.37019,-0.035602,0.47451,-0.18913,-0.16761,-0.14361,-9.6655,-1.1992,-0.51586,-0.14518,0.010427,0.027504,0.4732,-0.023506,-0.45774,-9.7385,1.0264,-0.51197,-0.07228,0.020371,-0.10532,0.42737,0.025385,0.37565
8.9717,-0.81403,3.9162,0.1055,0.006874,0.052493,-0.35331,-0.1462,-0.18601,9.1149,2.6785,2.8343,0.072455,-0.017166,0.13859,-0.28969,-0.33294,-0.067452,8.8863,-2.6427,2.5339,0.062298,0.052166,0.30645,-0.19307,-0.16484,-0.14667,-9.7102,-1.2293,-0.52423,-0.18023,0.010479,0.004555,0.47497,-0.023233,-0.45872,-9.7612,0.88452,-0.49779,-0.066697,0.028243,-0.11612,0.42717,0.027099,0.37695
8.9565,-0.85842,3.9308,0.11638,0.018611,0.065223,-0.35474,-0.14727,-0.18483,9.1541,2.7099,2.8614,0.13023,0.047254,0.1358,-0.29106,-0.33324,-0.066483,8.7019,-2.9764,2.3462,0.001262,0.053928,0.074913,-0.19045,-0.16322,-0.14985,-9.725,-1.2594,-0.5245,-0.13236,0.01307,0.01163,0.47587,-0.023056,-0.46026,-9.7762,0.91484,-0.60256,-0.033933,0.046004,-0.13055,0.42578,0.02827,0.37822
8.9417,-0.85824,3.9157,0.1507,0.019588,0.090799,-0.35509,-0.14913,-0.18401,9.1562,2.7634,2.8179,0.15602,0.06876,0.070794,-0.292,-0.33252,-0.0646,8.6974,-3.1315,2.2045,0.014961,0.033017,-0.1053,-0.18816,-0.16666,-0.15191,-9.7106,-1.1393,-0.51683,-0.10395,0.012149,0.01165,0.4773,-0.023876,-0.45966,-9.7914,0.82542,-0.64789,-0.02018,0.048456,-0.14503,0.42552,0.031303,0.3807
8.8521,-0.8283,4.0197,0.14719,0.033797,0.077963,-0.35419,-0.15142,-0.18246,9.1268,2.7442,2.7885,0.12713,0.084177,0.01064,-0.29271,-0.33437,-0.063565,8.805,-3.3018,2.0796,-0.009971,0.000634,-0.18751,-0.18529,-0.17348,-0.15509,-9.7253,-1.192,-0.50206,-0.089605,0.033261,0.008259,0.47747,-0.024167,-0.4623,-9.7616,0.69813,-0.6029,-0.011762,0.067825,-0.16302,0.42435,0.03341,0.38156
8.8819,-0.85797,3.9675,0.16714,0.040844,0.079783,-0.35405,-0.15288,-0.18244,9.1071,2.6573,2.6981,0.14116,0.10141,-0.039197,-0.29101,-0.33624,-0.061229,8.8492,-3.4719,2.0147,-0.020712,-0.034062,-0.22381,-0.18152,-0.17878,-0.1579,-9.7253,-1.1695,-0.48708,-0.11271,0.001601,0.004513,0.47872,-0.024311,-0.46237,-9.739,0.77273,-0.60232,0.004732,0.069302,-0.18115,0.42256,0.035357,0.38495
