9.9705,-1.5427,2.5167,-1.2787,0.1422,-0.55374,-0.37919,0.087349,-0.15097,7.67,2.5311,5.683,-2.349,0.51175,-1.2819,-0.1372,-0.067109,-0.17471,7.6941,-2.994,6.6443,1.0832,0.81238,-0.7661,0.15186,0.25738,0.14211,-10.154,-1.2579,-1.4407,1.1249,-0.16734,-0.29124,0.32016,0.11631,-0.2644,-9.2713,-1.4132,-0.29843,0.20536,0.15957,0.34349,0.36868,0.15061,0.10515
10.844,-0.91436,2.9751,-1.4066,0.13899,-0.55285,-0.37767,0.08041,-0.14826,8.2391,2.1888,5.7675,-2.3561,0.4833,-1.2116,-0.11063,-0.058333,-0.1621,7.8534,-2.4668,7.3123,0.62618,0.79032,-0.93704,0.14155,0.2885,0.12796,-10.341,-0.99021,-1.0546,1.4185,-0.13062,-0.26794,0.31794,0.11085,-0.26317,-11.083,-2.0097,1.7986,0.17949,0.15986,0.47557,0.37548,0.15272,0.099432
11.304,0.22286,3.0009,-1.5428,0.1693,-0.65432,-0.37973,0.071489,-0.14896,8.8031,1.4064,6.1028,-2.0627,0.39962,-1.1389,-0.083124,-0.054608,-0.14026,8.1764,-1.9542,7.565,0.11974,0.63932,-1.1188,0.12571,0.3227,0.11155,-11.731,-0.45175,-0.19772,1.1864,-0.04322,-0.069492,0.31664,0.10362,-0.2603,-12.415,0.44083,-0.76493,0.95557,0.47207,0.45723,0.3764,0.16218,0.097275
10.143,0.54451,2.7107,-1.5698,0.16516,-0.68546,-0.38278,0.06207,-0.15038,8.3217,1.7685,5.9265,-1.8463,0.26604,-1.0161,-0.052866,-0.062692,-0.10804,7.3568,-1.5376,7.7336,-0.3336,0.5832,-1.1135,0.10398,0.35958,0.096013,-10.647,-2.2095,-0.32409,1.4829,-0.15837,0.2911,0.31418,0.093506,-0.25616,-7.5781,4.0757,-2.0182,0.83276,0.11122,0.68975,0.37781,0.16868,0.084876
9.086,0.59861,2.4194,-1.6084,0.12697,-0.58333,-0.38296,0.055311,-0.14884,7.6624,1.2399,5.9638,-2.0555,0.14934,-0.92803,-0.021259,-0.08563,-0.072746,6.4659,-0.54675,7.4657,-0.25151,0.69753,-0.95611,0.080476,0.39486,0.077914,-9.2847,-2.4166,0.25876,1.7892,-0.26845,0.45619,0.30975,0.078204,-0.25474,-10.435,1.0104,0.35338,0.37862,0.35613,0.97253,0.38461,0.16316,0.085199
8.4463,0.78958,2.2666,-1.625,0.1118,-0.50218,-0.38416,0.051232,-0.14858,7.125,0.77959,5.905,-2.0049,0.078377,-0.83295,0.018611,-0.12416,-0.038655,5.9384,0.2334,7.2094,-0.37574,0.83241,-0.91542,0.058692,0.4261,0.056238,-8.4491,-2.144,0.44033,2.0005,-0.1881,0.51151,0.30824,0.05851,-0.25145,-9.5587,0.96083,0.53242,0.92719,0.17231,1.0112,0.39019,0.15702,0.079735
8.3431,1.0203,2.2225,-1.5603,0.072718,-0.43718,-0.38529,0.045339,-0.14954,6.8056,0.8681,5.6652,-1.792,0.066748,-0.71388,0.069748,-0.18206,-0.013327,5.6703,0.56128,6.6104,-0.68698,0.88335,-0.96252,0.035754,0.45251,0.041698,-8.3144,-2.1438,0.51807,2.1508,-0.13199,0.55603,0.30778,0.035536,-0.24414,-9.6719,0.79944,-0.16475,0.88458,0.22366,1.1166,0.39608,0.14676,0.074225
8.5659,0.89952,2.3279,-1.3739,0.076597,-0.38858,-0.38521,0.044181,-0.15062,6.9706,1.0632,5.4241,-1.8556,0.055472,-0.50708,0.13639,-0.24921,-0.010229,5.5527,0.95761,6.6311,-0.83429,0.8219,-1.0414,0.013202,0.47946,0.037372,-9.2018,-0.88833,0.784,2.1997,-0.10862,0.70297,0.30819,0.012649,-0.23943,-9.6057,-0.13611,0.24477,1.3099,0.033496,1.1197,0.40504,0.13785,0.068654
9.1598,0.59683,2.7185,-1.1335,0.073739,-0.28877,-0.38643,0.041559,-0.15065,7.2912,0.55032,5.6862,-1.5913,0.014043,-0.2525,0.21903,-0.31261,-0.03464,5.4573,1.0914,6.7569,-0.63211,0.62565,-1.0999,-0.008439,0.50322,0.038604,-10.253,-0.14005,0.20682,1.9697,0.085047,0.87035,0.30974,-0.01118,-0.23082,-10.213,-0.16759,-0.62478,1.5211,0.089609,0.87742,0.41175,0.12845,0.056188
9.3984,0.75684,2.9899,-0.96192,0.058754,-0.18629,-0.38517,0.039228,-0.15263,7.6433,0.54338,5.6106,-1.0456,-0.066217,-0.064412,0.30575,-0.35561,-0.078432,5.5426,1.0276,6.8962,-0.44079,0.35026,-1.1868,-0.028059,0.53292,0.047458,-10.751,0.81859,0.075706,1.3867,0.12491,1.1002,0.3121,-0.030512,-0.21795,-9.4131,-0.43676,-1.6281,0.80827,0.14351,0.49477,0.41697,0.1259,0.050109
9.487,0.63705,3.1241,-0.74937,0.00803,-0.18577,-0.38439,0.037524,-0.15327,7.7608,0.27036,5.4156,-0.55766,-0.049804,0.059678,0.38891,-0.3759,-0.12401,5.8664,-0.12953,6.7354,-0.11472,0.025032,-1.1323,-0.049762,0.56448,0.06006,-10.804,-0.50965,0.18114,0.9404,0.21089,1.1252,0.31238,-0.045858,-0.20346,-9.7325,1.434,-2.0916,0.11498,0.1359,0.37438,0.42185,0.12692,0.04556
9.2625,0.60803,3.4207,-0.58396,-0.032243,-0.16258,-0.38609,0.036916,-0.15457,7.7922,-0.15988,5.6374,-0.159,-0.042604,0.13997,0.46154,-0.37142,-0.16803,5.8076,-0.16652,7.1826,0.34103,-0.23987,-0.90098,-0.07323,0.58925,0.070117,-10.12,0.14608,0.066605,0.49945,0.34756,1.1315,0.31374,-0.057219,-0.18496,-9.7764,1.6031,-1.2701,0.019067,0.10405,0.3699,0.4246,0.12443,0.044222
8.6666,0.68683,3.4391,-0.45896,-0.035122,-0.16883,-0.38422,0.032437,-0.15528,7.5309,-0.16058,5.7865,0.2351,0.009998,0.15919,0.52218,-0.35586,-0.19875,5.5348,-0.56937,7.782,-0.008223,-0.16531,-0.71942,-0.093703,0.6082,0.082007,-9.4769,0.251,0.7022,0.18302,0.31684,1.0758,0.31364,-0.063644,-0.16614,-9.4322,1.2946,-1.1007,-0.016873,0.12601,0.22799,0.4274,0.12328,0.042057
8.6958,0.58278,3.461,-0.30723,-0.10224,-0.14827,-0.38434,0.029341,-0.15772,7.2246,-0.010217,5.7853,0.44911,0.054978,0.08561,0.57291,-0.33321,-0.21704,5.3461,-1.1724,7.4669,-0.42338,0.057487,-0.62592,-0.11458,0.61726,0.098317,-10.05,1.1804,0.322,-0.325,0.31068,1.0062,0.31366,-0.068774,-0.14732,-9.7397,1.1243,-1.1213,-0.010405,0.1281,0.14944,0.42939,0.12517,0.040211
8.8737,0.43258,3.6107,-0.14092,-0.12418,-0.09686,-0.38534,0.025622,-0.15623,7.1503,0.46921,5.9134,0.426,-0.005807,0.003726,0.6103,-0.30443,-0.22161,5.7782,-1.3386,6.9214,-0.61783,0.1333,-0.37151,-0.13034,0.60711,0.1109,-9.9309,1.3147,0.60188,-0.92221,0.15299,1.0598,0.31313,-0.071344,-0.13079,-9.6268,1.5654,-1.3573,-0.078344,0.10351,0.099628,0.43074,0.12507,0.038515
9.0074,0.34248,3.6409,-0.001904,-0.16194,-0.032657,-0.38532,0.024226,-0.15827,6.8424,1.0824,6.4538,0.41407,-0.094016,-0.16733,0.6301,-0.26647,-0.21616,5.5762,-1.3467,6.5737,-0.92294,0.14028,-0.11401,-0.1391,0.57752,0.12226,-9.6604,1.1645,0.90761,-1.0038,0.07284,1.0027,0.31136,-0.073909,-0.11736,-9.537,1.5202,-1.3709,-0.29064,0.15567,0.060662,0.43304,0.12856,0.037586
8.7915,0.38885,3.5948,0.14062,-0.22305,0.037089,-0.38545,0.022053,-0.16072,6.3762,1.642,6.5507,0.42124,-0.24646,-0.41006,0.61926,-0.21654,-0.20131,4.4415,-1.7658,6.5491,-0.86049,-0.009109,0.15565,-0.13839,0.5278,0.12585,-9.1766,1.5261,0.98447,-0.73946,0.10473,0.81946,0.30959,-0.076468,-0.10406,-9.4311,1.9522,-1.1363,-0.44621,0.11584,0.07157,0.43441,0.12988,0.040017
8.9046,0.61062,3.4927,0.26536,-0.18213,0.15018,-0.38617,0.019579,-0.16155,6.0426,1.2044,7.3049,0.4939,-0.43754,-0.59673,0.57674,-0.15247,-0.18146,3.7139,-0.80748,6.3405,-0.94423,-0.45627,0.42831,-0.12579,0.46718,0.12521,-8.8401,1.5045,1.0888,-0.63167,0.084942,0.60137,0.30988,-0.078531,-0.090926,-9.5501,2.4304,-1.01,-0.59311,0.074443,0.17661,0.43618,0.12989,0.040476
9.0235,0.53563,3.4781,0.31021,-0.18553,0.25788,-0.38541,0.021181,-0.16262,6.1013,1.0788,7.1929,0.63512,-0.64302,-0.63101,0.50993,-0.080941,-0.16529,3.14,-1.9037,7.1968,0.098316,-1.2,0.62288,-0.10425,0.40299,0.10924,-8.3039,1.74,0.87422,-0.57269,0.068674,0.46274,0.31051,-0.080138,-0.079634,-9.7006,1.9675,-0.87932,-0.66771,0.042216,0.27797,0.43766,0.12538,0.041546
8.8672,0.58129,3.4922,0.34963,-0.24638,0.28919,-0.38387,0.023316,-0.16421,6.5013,0.26252,7.5246,0.66658,-0.77663,-0.5422,0.43384,-0.013955,-0.15591,3.3566,-0.66757,7.7434,0.10037,-1.8656,0.6367,-0.079876,0.34178,0.081744,-8.2543,2.1908,0.73966,-0.67761,-0.044015,0.24497,0.31122,-0.078752,-0.068611,-9.5678,0.82449,-1.0595,-0.67968,-0.008227,0.35634,0.44068,0.12048,0.043343
9.0458,0.49112,3.4482,0.42885,-0.24532,0.41334,-0.38306,0.027128,-0.16913,6.8762,0.33509,7.0582,0.77236,-0.86739,-0.41545,0.36216,0.03895,-0.1563,4.3984,-0.58273,8.8604,-0.58207,-2.0732,0.1668,-0.061637,0.28797,0.065314,-8.1079,2.4493,0.037004,-0.56788,-0.026727,0.11275,0.314,-0.076742,-0.061067,-9.7032,0.5715,-1.167,-0.63805,-0.046411,0.4076,0.44508,0.11442,0.041992
8.995,0.72915,3.315,0.49338,-0.1226,0.51504,-0.38071,0.033867,-0.17072,7.5607,-0.1545,6.5182,0.64197,-0.94094,-0.28046,0.29444,0.081858,-0.15966,5.3878,-1.6205,8.0475,-0.51109,-2.01,-0.14102,-0.057632,0.24171,0.046799,-8.5627,3.7821,0.17648,-0.33851,0.054129,-0.022261,0.31963,-0.074956,-0.052064,-9.6803,0.8783,-1.3451,-0.65445,-0.10601,0.47596,0.44788,0.11062,0.039206
8.9945,0.6548,3.3817,0.51001,-0.016288,0.56567,-0.37656,0.043799,-0.17909,8.2043,-0.074054,5.9223,0.46391,-0.90301,-0.14175,0.23686,0.11277,-0.16249,7.0076,-2.139,7.0004,-0.72131,-1.7475,-0.24451,-0.062928,0.20305,0.028974,-9.0858,5.8818,1.5818,-0.41112,0.11809,0.21165,0.32561,-0.074001,-0.038406,-9.673,0.83386,-1.4647,-0.65641,-0.20743,0.60011,0.45254,0.10421,0.032244
9.0244,0.70621,3.4345,0.41137,0.038853,0.61638,-0.37157,0.055816,-0.1869,8.7021,0.53181,5.9621,0.30348,-0.83938,0.020135,0.19413,0.13479,-0.16357,6.5643,-3.6299,6.934,-0.17464,-1.7199,0.074738,-0.076335,0.17467,0.012959,-8.8942,4.9821,1.6767,-0.23882,0.16179,0.23295,0.33156,-0.075586,-0.022757,-9.7791,0.11718,-1.4609,-0.69362,-0.27427,0.66766,0.45785,0.096645,0.021038
9.2918,0.43046,3.3004,0.32087,0.07216,0.64713,-0.3623,0.070132,-0.1936,8.652,-0.2568,5.1125,0.8874,-0.90751,0.18733,0.15963,0.15085,-0.16719,8.5488,-3.2867,5.1,0.48015,-1.7181,0.51506,-0.095503,0.15352,-0.004694,-8.2243,1.9827,0.3203,0.33004,0.28547,-0.024501,0.33893,-0.077464,-0.003331,-9.511,-0.64485,-1.8096,-0.75209,-0.2112,0.60934,0.46293,0.094544,0.007847
10.525,-0.23322,3.7457,0.16734,0.16492,0.63753,-0.35298,0.090012,-0.20143,9.3224,0.82959,4.5626,0.93601,-1.0268,0.46219,0.13317,0.16117,-0.17209,10.062,-2.4374,3.915,0.61033,-1.5548,0.89319,-0.11799,0.14102,-0.018101,-13.035,3.9378,1.7372,0.15352,0.13298,-0.38673,0.3482,-0.073189,0.017362,-10.456,-1.1183,-1.8717,-0.58466,-0.14992,0.31854,0.47129,0.095981,-0.011197
11.119,-1.0651,3.0583,-0.045708,0.27374,0.62673,-0.3441,0.11024,-0.20751,10.044,1.9061,4.5476,0.59013,-1.1826,0.75703,0.1164,0.16487,-0.17425,11.328,-0.95352,4.2311,-0.97966,-1.327,0.95327,-0.13695,0.13775,-0.021381,-11.715,2.2988,0.32486,-0.97619,-0.38568,-0.44205,0.35315,-0.067442,0.028178,-12.575,-1.2165,-0.86176,-0.092857,-0.2688,-0.13383,0.47692,0.10478,-0.040381
12.503,-1.801,2.7282,-0.17443,0.12127,0.46315,-0.3353,0.13078,-0.21004,10.485,1.9724,4.8568,0.41394,-1.4211,1.0418,0.10314,0.16479,-0.1794,12.924,-2.0788,4.3751,-2.2572,-0.97823,0.63668,-0.15199,0.14277,-0.011964,-8.2502,-6.1478,-3.3405,0.34693,0.40979,-0.64226,0.35828,-0.060076,0.04072,-12.419,-3.0748,0.51803,0.1675,-0.51415,-0.91304,0.47688,0.12869,-0.08731
11.696,-2.4299,2.2703,-0.14988,0.14235,0.2596,-0.33026,0.14731,-0.20941,10.444,1.8091,5.5217,0.65798,-1.6349,1.1996,0.089093,0.15498,-0.1887,13.36,-3.1823,3.819,-2.5596,-0.52271,0.24163,-0.16393,0.14919,0.001479,-12.196,-2.8556,0.24576,1.2574,0.44746,-1.0654,0.36402,-0.043811,0.057774,-10.307,-2.4318,-0.31867,0.30836,-0.42931,-1.4095,0.46351,0.16422,-0.1582
8.5796,-2.8188,2.0352,-0.020278,0.27082,0.20873,-0.32558,0.15902,-0.21027,9.0795,1.6881,5.017,0.68948,-1.4911,1.0051,0.067689,0.13819,-0.20087,10.652,-2.9806,4.552,-1.4634,-0.17108,0.22165,-0.17443,0.15712,0.013568,-10.427,-0.28574,-0.99706,0.62361,0.3241,-1.1735,0.36665,-0.024007,0.068181,-10.905,-1.3209,-1.0281,0.60811,0.016621,-1.843,0.44734,0.18725,-0.23108
7.586,-3.506,1.7098,-0.039131,0.007248,0.082934,-0.3215,0.16951,-0.21004,7.5525,1.2971,4.199,0.98019,-1.0284,0.52381,0.036157,0.12068,-0.20839,8.8092,-1.2467,4.1956,-0.152,-0.18188,0.26165,-0.18242,0.16711,0.017786,-9.3325,0.30515,-1.3584,-0.25984,0.29738,-1.2284,0.36688,-0.00389,0.074634,-11.63,3.8657,-0.65278,0.17647,0.18492,-1.6046,0.42962,0.18697,-0.28389
8.3246,-3.3783,1.6416,-0.07194,-0.07924,0.017672,-0.32139,0.17794,-0.20518,7.9286,1.3272,3.9925,1.1336,-0.5624,0.15696,0.002633,0.10356,-0.21187,8.9628,-2.3289,3.449,0.14593,-0.10299,-0.020511,-0.19184,0.1729,0.018648,-9.7733,-0.75017,-0.51822,0.30722,0.40252,-1.2128,0.367,0.014926,0.081216,-11.858,1.9184,-1.0504,0.1303,0.3166,-1.8232,0.41296,0.18267,-0.29948
8.7278,-2.9979,2.0501,0.013866,0.005362,-0.066404,-0.3204,0.18332,-0.20436,8.6498,1.3402,3.7977,1.2463,-0.071742,-0.030628,-0.030178,0.088483,-0.21859,9.3112,-3.349,2.6799,0.19242,0.10681,-0.36092,-0.20322,0.17399,0.01803,-10.225,-0.13697,-0.50544,0.69435,0.24646,-1.2128,0.36579,0.036268,0.08667,-10.103,3.2678,-0.47169,0.32811,0.54209,-1.5861,0.39683,0.19176,-0.29294
8.4587,-2.8793,2.5861,0.086854,0.04031,-0.17407,-0.31864,0.18712,-0.20432,8.7048,1.1992,3.3721,1.6309,0.28793,-0.28888,-0.055755,0.075102,-0.23768,9.0605,-2.8987,1.5216,0.075968,0.4247,-0.56177,-0.21671,0.17372,0.018098,-9.5093,-0.29449,-1.6239,0.72892,0.21431,-1.2344,0.36247,0.059569,0.089105,-10.286,1.1767,-0.42812,1.1395,0.49241,-1.7999,0.38279,0.20792,-0.28767
8.0419,-2.7281,2.6511,0.17002,-0.028196,-0.22294,-0.31958,0.18686,-0.20408,8.6117,1.0857,3.2811,1.7286,0.53156,-0.60853,-0.077892,0.070494,-0.26363,8.7896,-2.6156,1.4759,-0.74491,0.67227,-0.57462,-0.23095,0.16777,0.018415,-9.8552,0.1096,-1.7288,0.66521,0.12301,-1.2596,0.36029,0.080019,0.091072,-10.257,0.99899,-0.90627,1.0349,0.72626,-1.7402,0.36668,0.2227,-0.29423
8.132,-2.4775,2.8175,0.24571,-0.12409,-0.25705,-0.31941,0.18664,-0.20093,8.8127,1.1337,3.3846,1.6607,0.61603,-0.86713,-0.10062,0.077268,-0.28891,8.5044,-4.1786,1.8509,-1.0658,0.70109,-0.41266,-0.2453,0.16437,0.023948,-9.6639,0.81399,-1.3881,0.30623,0.10588,-1.1184,0.35582,0.098896,0.094258,-8.8319,1.6486,-0.58159,0.92078,0.45863,-1.6392,0.3543,0.23384,-0.30729
8.4752,-2.3915,2.8431,0.22563,-0.15075,-0.25693,-0.32043,0.18484,-0.20233,8.9497,0.7158,3.0676,1.0387,0.64086,-0.85391,-0.12322,0.091004,-0.30821,8.6373,-4.82,1.7173,-0.23803,0.5466,-0.21774,-0.26048,0.16208,0.025625,-9.8739,1.201,-0.86752,0.44408,0.040807,-0.93346,0.35487,0.11628,0.09788,-8.0819,1.7994,0.16366,0.69483,0.3913,-1.2397,0.34818,0.23587,-0.31892
8.6398,-2.2446,2.8453,0.15448,-0.1315,-0.33643,-0.32292,0.18416,-0.20064,8.6324,0.38855,3.0642,0.7314,0.58539,-0.76285,-0.14519,0.11145,-0.32175,8.885,-4.2867,1.5431,0.46757,0.36964,-0.077631,-0.27419,0.16324,0.026398,-10.192,-0.87006,-0.94669,0.41498,0.095719,-0.62642,0.35321,0.1296,0.10307,-7.7872,2.7582,1.15,0.98546,0.026524,-0.67225,0.34762,0.22695,-0.3335
8.8785,-2.1359,2.9821,0.076814,-0.12984,-0.3967,-0.32394,0.18243,-0.19944,8.0974,0.22065,3.2011,0.78752,0.40208,-0.67815,-0.16951,0.13118,-0.32866,9.2247,-3.4483,1.5166,0.56171,0.32017,0.023233,-0.28712,0.17023,0.025027,-9.0643,-2.3794,-1.2675,0.41918,0.005286,-0.72271,0.35367,0.14081,0.10836,-7.0605,3.1456,0.49834,0.83995,-0.006147,0.22117,0.35664,0.20468,-0.34605
8.6931,-2.03,2.7948,0.006087,-0.029994,-0.47112,-0.32821,0.18033,-0.1981,7.487,1.4185,3.1833,0.90151,0.072057,-0.59898,-0.194,0.14601,-0.33236,8.9974,-3.0075,1.4296,0.17936,0.3832,0.08296,-0.29853,0.17653,0.02136,-9.4299,-1.1199,-1.4714,0.42834,-0.006875,-0.74901,0.35166,0.15559,0.11247,-6.4824,0.21904,-0.81471,0.37923,0.00522,0.82189,0.37325,0.18047,-0.35605
8.7016,-2.0651,2.2873,-0.10297,0.14472,-0.59607,-0.32769,0.17796,-0.19847,6.4965,2.3517,2.766,0.47576,-0.21457,-0.48324,-0.22675,0.16546,-0.32699,8.6925,-3.0236,1.7847,-0.10268,0.45199,0.12331,-0.30882,0.18546,0.022465,-9.6209,-0.28092,-1.3861,0.36601,-0.094717,-0.76356,0.35189,0.16971,0.11973,-10.716,-14.361,-0.058902,0.65998,0.85464,0.66114,0.3972,0.15704,-0.35376
9.1204,-1.7573,2.2924,-0.18897,0.27345,-0.67877,-0.33199,0.17429,-0.19766,6.9241,2.9211,2.3483,-0.44452,-0.49893,-0.21294,-0.26354,0.189,-0.30685,9.0995,-3.0451,1.7619,-0.22268,0.53037,0.13934,-0.31647,0.19447,0.018537,-9.9094,-0.83683,-1.4513,0.17381,-0.12872,-0.83274,0.35219,0.18465,0.12593,-11.829,-16.864,-0.50285,1.8804,0.56733,-0.48464,0.42443,0.11106,-0.35295
10.863,-1.6701,2.9256,-0.12043,0.41502,-0.69185,-0.32939,0.17189,-0.20245,9.2443,2.127,3.0297,-0.746,-0.63722,0.057656,-0.29911,0.2165,-0.27073,9.8423,-2.8256,1.8378,-0.41836,0.61023,0.10242,-0.32453,0.20491,0.016185,-11.937,-1.5955,-1.3261,0.41284,-0.086663,-0.81663,0.35368,0.20129,0.13457,-9.2876,1.3302,1.3524,-0.15795,-0.09231,-0.24711,0.43122,0.0896,-0.3538
13.759,-0.5174,3.4699,-0.20229,0.57802,-0.67771,-0.332,0.16627,-0.20825,14.011,1.9925,4.6112,0.44189,-0.27755,0.44277,-0.32789,0.23307,-0.23586,11.904,-3.2273,2.0668,-0.67758,0.53399,-0.12536,-0.3329,0.21123,0.0128,-12.98,3.6054,-1.2252,1.0089,-0.15243,-0.12945,0.3543,0.21415,0.14079,-14.267,-6.5679,2.1211,1.1308,0.30136,-0.58154,0.44447,0.069166,-0.34147
12.864,0.8902,3.4499,-0.12791,0.59972,-0.6814,-0.33097,0.15958,-0.21445,14.883,4.4362,4.6423,1.8018,0.26806,0.53811,-0.34021,0.23238,-0.22367,12.381,-3.2946,2.97,-1.0036,0.44864,-0.4932,-0.34062,0.21476,0.012428,-12.634,4.0635,0.76968,0.6326,-0.57302,0.91958,0.36704,0.21506,0.14656,-9.1777,11.793,-4.2285,0.058596,-0.030532,0.66395,0.4485,0.038446,-0.3342
10.876,1.2627,3.2134,-0.27736,0.49338,-0.5564,-0.33116,0.15579,-0.22071,12.595,5.2494,2.0389,-0.36872,0.018875,0.42626,-0.34974,0.22587,-0.20666,9.7477,-2.7906,4.0802,-1.355,0.38471,-0.4238,-0.34796,0.21578,0.016936,-11.102,0.2691,2.0126,0.86438,-0.73922,1.4789,0.38845,0.20787,0.1472,-11.831,5.7106,-2.4293,-0.94559,0.43932,1.3114,0.45934,0.018488,-0.31821
7.8536,1.8371,2.7465,-0.44113,0.44295,-0.38982,-0.33194,0.14993,-0.22766,10.44,2.2644,2.1725,-1.4465,-0.047894,-0.20977,-0.36047,0.21832,-0.17593,7.5832,-2.274,3.7695,-1.5536,0.47988,-0.021655,-0.35224,0.219,0.022169,-10.042,-0.24655,0.76642,0.91631,-0.36974,2.1739,0.41101,0.18785,0.14712,-10.915,0.83254,0.57641,-0.54227,0.29346,1.577,0.46791,-0.002658,-0.30588
6.5361,2.0785,2.4769,-0.58178,0.26641,-0.29363,-0.33428,0.15069,-0.23076,8.2307,2.0032,1.6133,-1.5196,0.12336,-0.70042,-0.37146,0.20039,-0.15425,6.1413,-2.6482,3.9057,-1.2737,0.54436,0.45969,-0.3537,0.22926,0.025834,-10.725,-4.0872,0.20161,1.1072,0.013973,2.0699,0.43325,0.16315,0.14771,-9.0512,0.033684,0.082754,0.21254,0.17422,1.5482,0.4689,-0.03685,-0.30039
7.1223,1.5032,2.4776,-0.55838,-0.092604,-0.25644,-0.34124,0.15321,-0.2286,8.2922,2.5664,1.4681,-1.1284,0.27069,-0.88328,-0.38313,0.17235,-0.14216,6.4582,-2.7494,3.9465,-0.61028,0.53857,0.72812,-0.35419,0.2425,0.026188,-11.245,-3.3541,0.17538,1.0403,0.30477,2.0156,0.44923,0.13507,0.15383,-9.7475,1.2462,-1.7786,-0.070122,0.22966,1.535,0.46801,-0.071576,-0.29695
8.819,1.0515,2.7188,-0.47439,-0.20861,-0.13528,-0.34591,0.15683,-0.22431,8.6337,3.1694,1.5944,-1.1223,0.37854,-0.58562,-0.39311,0.14699,-0.14159,7.4662,-2.3857,4.0728,-0.28497,0.45884,0.6156,-0.35133,0.25655,0.022909,-11.106,-3.0508,-0.48246,-0.25779,0.42246,1.9149,0.46079,0.10128,0.16505,-9.867,1.2452,-1.3398,-0.78958,-0.047545,1.6074,0.46297,-0.098604,-0.29741
9.1609,1.084,3.1843,-0.47311,-0.056749,-0.051063,-0.3523,0.1615,-0.21927,8.5565,3.0231,1.778,-0.89476,0.40295,-0.07699,-0.3959,0.13211,-0.14771,7.6999,-2.2705,4.1697,-0.33497,0.40595,0.2799,-0.34888,0.26674,0.01909,-9.6178,-2.1276,-1.0088,-1.3701,0.56053,2.0148,0.46679,0.054881,0.18214,-9.108,-1.5358,-1.7902,-1.0164,-0.18098,1.6176,0.45505,-0.1176,-0.30803
8.6543,1.1472,3.2107,-0.42497,-0.015698,-0.030245,-0.3577,0.16739,-0.21584,8.1297,2.5628,1.2167,-0.22379,0.40279,0.2081,-0.39877,0.12411,-0.15889,7.2324,-2.1162,3.4313,-0.55313,0.32287,-0.023556,-0.35284,0.2717,0.018115,-9.1313,-3.7756,-1.0498,-1.4376,0.56023,1.8273,0.46431,0.005797,0.1979,-10.453,-8.3506,-1.6446,-0.55434,0.16831,0.62479,0.44947,-0.13054,-0.30971
8.4602,1.2292,3.4784,-0.34072,-0.17931,-0.023957,-0.36248,0.17246,-0.21115,8.5432,3.0733,0.92996,0.088914,0.34268,0.23112,-0.40022,0.1169,-0.17027,7.5451,-2.5304,3.3308,-0.55112,0.13806,-0.27206,-0.35742,0.27146,0.019902,-8.6803,-4.0018,-0.34265,-0.62125,0.60281,1.4835,0.46243,-0.036574,0.21089,-10.277,2.3289,-0.91797,-0.19676,0.081308,0.43108,0.45081,-0.13858,-0.30027
8.446,1.3261,3.3595,-0.35831,-0.22893,0.013619,-0.36815,0.17525,-0.20525,8.65,3.4562,0.96153,-0.060177,0.21426,0.17127,-0.4022,0.11001,-0.17921,7.4868,-2.866,3.7881,-0.33787,-0.069164,-0.47366,-0.36425,0.26559,0.024507,-8.3984,-3.1648,0.66756,-0.15849,0.48385,0.93409,0.4565,-0.062751,0.22246,-8.7401,2.9117,-0.86055,0.16617,0.07325,0.69443,0.44893,-0.15169,-0.29178
8.3267,1.268,3.2985,-0.37531,-0.18851,0.015229,-0.37806,0.18008,-0.19981,8.2169,3.2483,0.84856,-0.27395,0.038944,0.011047,-0.40438,0.10683,-0.18642,7.2187,-2.6746,3.4384,-0.21321,-0.20418,-0.53566,-0.37302,0.25966,0.02813,-7.1319,-2.2174,1.3073,0.060242,0.39633,0.24806,0.45215,-0.074164,0.22731,-9.4002,2.4296,-0.97759,-0.14284,0.096212,0.72461,0.44907,-0.16865,-0.28208
8.4752,1.1484,3.284,-0.40581,-0.1008,0.05586,-0.38405,0.18502,-0.19489,8.1989,2.9757,1.0659,-0.422,-0.19559,-0.14463,-0.41067,0.10289,-0.19059,7.4526,-2.5395,3.2538,-0.32435,-0.19855,-0.59576,-0.38053,0.2512,0.034286,-7.0507,-1.5332,-0.80782,0.91723,0.5992,0.040449,0.45308,-0.073242,0.2402,-9.5375,1.1162,-1.2076,-0.2475,0.000498,0.70534,0.44442,-0.17896,-0.27788
8.667,0.79047,3.4622,-0.36408,-0.041163,0.1104,-0.39091,0.19137,-0.18838,8.4032,3.0468,1.3932,-0.53488,-0.42867,-0.13422,-0.41746,0.10105,-0.1869,7.5163,-2.6609,3.1151,-0.63141,-0.11971,-0.71782,-0.38942,0.24189,0.040395,-6.9095,3.4026,-6.1978,2.0435,1.2329,-0.3355,0.44855,-0.051614,0.26311,-9.5099,-0.37868,-1.0169,-0.049398,0.035164,0.61197,0.44321,-0.19046,-0.27101
9.1433,0.69725,3.5846,-0.30596,0.052723,0.18308,-0.39451,0.19881,-0.18421,8.507,3.0117,1.6269,-0.62159,-0.63613,-0.01899,-0.42701,0.10075,-0.17859,7.6191,-3.0284,3.3088,-0.92474,-0.15408,-0.8931,-0.40032,0.22653,0.049219,-11.804,7.8205,-0.073118,0.96631,1.6206,-0.45416,0.43301,-0.02598,0.30046,-9.6516,0.28879,-1.5704,-0.015926,0.043049,0.54956,0.44193,-0.20132,-0.26121
9.5153,0.45788,3.4068,-0.23535,0.08155,0.2305,-0.39787,0.20514,-0.1833,9.2741,2.9257,1.8403,-0.64422,-0.76123,0.1087,-0.43664,0.10403,-0.16879,8.2584,-3.6074,3.4459,-0.96651,-0.28454,-1.0593,-0.41008,0.20812,0.060836,-11.599,13.013,3.2569,-1.4163,-0.082662,0.028259,0.43187,-0.031439,0.30452,-9.3593,0.33936,-1.4682,-0.23643,0.082986,0.31146,0.44351,-0.20897,-0.25029
9.4694,0.10333,3.225,-0.1745,0.19088,0.3377,-0.40098,0.21326,-0.18034,9.7678,2.9331,2.2856,-0.602,-0.80687,0.24781,-0.44476,0.10813,-0.15515,8.371,-3.8701,3.4131,-0.78116,-0.33411,-1.1705,-0.42177,0.18552,0.071465,-7.7202,-2.1502,-0.97067,-1.3761,-0.69212,-0.97652,0.44243,-0.046282,0.29208,-9.3141,0.71441,-1.967,-0.4657,0.10663,0.19365,0.44731,-0.20768,-0.24042
11.112,-0.47601,3.9948,-0.084456,0.38139,0.45027,-0.40159,0.22179,-0.1837,10.164,2.921,2.7595,-0.58739,-0.81173,0.19884,-0.44962,0.11442,-0.1406,8.8003,-4.0272,3.1705,-0.70736,-0.34394,-1.112,-0.43053,0.16176,0.082782,-10.516,-3.6818,-5.092,-0.1001,0.16256,-1.7006,0.45064,-0.027081,0.28236,-11.041,-0.85786,-2.9417,-0.30891,0.05073,0.077039,0.45194,-0.20453,-0.22988
12.639,-0.5199,4.4986,-0.15523,0.61458,0.52413,-0.39775,0.22918,-0.19043,12.112,2.867,3.3447,-0.61325,-0.76349,0.11429,-0.45766,0.1186,-0.1254,11.626,-4.7873,3.3757,-0.63429,-0.35708,-1.1068,-0.43955,0.13983,0.093907,-18.986,5.0685,1.924,-1.5812,0.22508,-0.6699,0.45185,-0.019004,0.28782,-12.33,-2.6068,-0.97344,-0.089229,-0.12656,-0.23153,0.45972,-0.1967,-0.21946
10.853,-0.2801,3.6956,-0.27439,0.69121,0.33282,-0.39459,0.2398,-0.19953,12.899,2.442,3.9503,-0.4909,-0.61118,-0.038751,-0.46325,0.12087,-0.11548,13.098,-5.5222,4.1296,-0.45883,-0.28634,-1.1441,-0.44806,0.11855,0.10252,-7.8559,-2.0892,-1.3486,-0.43598,-0.69506,-1.0347,0.45631,-0.024704,0.27586,-12.674,-3.5868,2.0141,0.30881,-0.51131,-0.71061,0.46653,-0.18331,-0.20663
8.5438,-0.28865,3.0513,-0.50683,0.37018,0.11201,-0.39373,0.24806,-0.20338,9.5458,1.7481,4.1453,0.086025,-0.33904,-0.46954,-0.46913,0.11407,-0.11009,9.7855,-4.7861,3.7732,-0.64023,-0.11707,-0.50366,-0.45533,0.10389,0.10584,-8.1496,-3.2437,-1.781,0.97851,0.45644,-0.8777,0.4573,-0.000179,0.27532,-9.7999,-4.5974,0.90934,0.57708,-0.78504,-1.4904,0.47686,-0.15746,-0.20196
6.9412,-0.65134,2.4697,-0.58647,0.23192,-0.045476,-0.39685,0.25336,-0.20313,7.0532,2.4631,3.7566,-0.37076,-0.13591,-0.9043,-0.47398,0.098446,-0.1089,7.6588,-3.6778,3.7315,-0.42801,0.047009,0.67105,-0.45601,0.1083,0.10744,-9.4709,-2.9311,-0.65233,1.0105,0.050391,-0.9342,0.45593,0.025911,0.27877,-9.1514,0.18036,-3.2806,0.89484,-0.42149,-1.7408,0.48828,-0.12018,-0.19506
7.8391,-1.3488,2.7704,-0.74134,0.15295,-0.15744,-0.40156,0.25911,-0.19954,7.5379,1.5707,3.7871,-1.0922,0.29943,-0.74847,-0.48002,0.084384,-0.11274,9.0923,-3.8004,3.1245,-0.10513,0.31151,1.5953,-0.45537,0.13244,0.10288,-9.7981,-0.99854,-2.1392,0.30448,0.12542,-0.83898,0.45247,0.047934,0.27736,-10.963,1.5525,-4.4431,0.89382,0.18854,-1.6491,0.50391,-0.080543,-0.17976
9.5067,-1.7182,2.8702,-0.81102,0.12248,-0.22656,-0.4043,0.26296,-0.19476,7.586,0.89441,6.2097,-0.61193,0.59473,-0.20135,-0.48063,0.078501,-0.12488,11.564,-3.9216,2.8512,0.13138,0.6474,1.9511,-0.44894,0.16962,0.092951,-9.582,-0.97458,-2.2849,0.39099,0.030265,-0.61287,0.4527,0.06269,0.27813,-13.225,2.291,-5.3908,1.4975,-0.084171,-1.6315,0.51426,-0.044121,-0.16752
10.222,-1.4519,3.3848,-0.98414,0.17041,-0.38376,-0.40932,0.26544,-0.18706,9.0232,3.0159,4.6971,-0.1881,0.34989,0.27452,-0.48287,0.079485,-0.13736,12.167,-3.3446,2.9725,0.10701,0.92205,1.8971,-0.44,0.2116,0.072932,-9.8685,-0.32445,-1.9763,0.87142,0.001852,-0.2758,0.45325,0.07649,0.27323,-11.216,2.9227,-4.9891,2.192,0.13644,-1.4138,0.51952,-0.0125,-0.15963
9.5831,-0.95088,3.525,-1.2786,0.15143,-0.61941,-0.41738,0.26448,-0.17781,9.1454,3.6808,2.6109,0.16424,0.1923,0.44245,-0.48065,0.085634,-0.14801,11.768,-2.6188,2.9049,-0.35514,1.1193,1.753,-0.42867,0.24687,0.055118,-9.6249,-1.3646,-2.3304,1.6285,0.064233,-0.074366,0.45289,0.092943,0.27052,-10.104,4.1905,-3.7043,2.2614,0.4697,-1.0161,0.52198,0.008032,-0.14815
8.3169,-0.71877,3.6064,-1.5875,-0.035622,-0.8143,-0.42686,0.2637,-0.16466,8.4423,3.451,1.0404,-0.40696,0.038696,0.36523,-0.48368,0.092093,-0.15258,10.937,-2.191,2.3226,-0.9896,1.2477,1.6702,-0.41378,0.27753,0.042912,-9.2632,-1.822,-2.015,1.8815,-0.021611,-0.023858,0.45259,0.11227,0.26039,-8.4375,5.3274,-2.0593,2.5575,0.3681,-0.66283,0.52415,0.01768,-0.13889
8.3004,-1.2213,3.3269,-1.9004,-0.20706,-0.92529,-0.43987,0.25933,-0.14398,8.0141,3.5814,1.1599,-1.4109,-0.13706,0.14309,-0.48678,0.10186,-0.15046,9.9463,-2.4524,1.9405,-1.1642,1.3637,1.6576,-0.3987,0.30712,0.034402,-9.4346,-1.8531,-1.9058,1.678,-0.12776,0.005392,0.4535,0.12984,0.25523,-7.5989,4.603,-1.1131,2.6293,0.22544,-0.27447,0.52512,0.016978,-0.13308
8.5372,-1.7923,2.9668,-2.0245,-0.092151,-0.97339,-0.45326,0.25462,-0.12044,8.1722,3.6931,1.6037,-2.1774,-0.38352,-0.055476,-0.49156,0.11135,-0.13882,9.4178,-2.5174,1.8065,-0.75441,1.4809,1.5124,-0.37896,0.33486,0.023285,-9.4438,-1.3373,-1.5164,1.5585,-0.2332,-0.000521,0.45508,0.14818,0.24321,-7.7832,0.7566,1.0176,3.124,-0.24005,-0.293,0.52502,0.01168,-0.1354
8.9538,-2.0397,2.849,-2.1056,-0.009165,-0.98112,-0.46375,0.24551,-0.10099,8.3741,3.3799,1.691,-2.4332,-0.60503,-0.16037,-0.49629,0.12132,-0.12121,8.8274,-1.9602,1.47,-0.63633,1.6169,1.0225,-0.3631,0.35435,0.010314,-9.5318,-0.41321,-1.9544,1.4781,-0.21716,0.098583,0.45727,0.16033,0.23004,-9.3425,0.27205,0.6687,4.3668,-0.19065,0.12196,0.52183,-0.005712,-0.14174
9.1924,-2.0561,2.7612,-2.126,0.057115,-0.99875,-0.47571,0.23404,-0.081307,8.853,3.3326,1.4507,-2.349,-0.64856,-0.29283,-0.50377,0.12631,-0.097809,8.1307,-1.8685,1.0593,-0.89111,1.729,0.15502,-0.35472,0.36259,-0.003732,-9.9291,-0.11504,-1.8877,1.451,-0.23359,0.19384,0.46126,0.17093,0.2159,-9.8647,1.7402,0.25292,5.6726,-0.16357,0.67627,0.52259,-0.044938,-0.13856
9.0749,-1.8317,2.4632,-2.1592,0.063732,-1.0526,-0.48691,0.22113,-0.062676,8.754,3.3919,1.2122,-2.2507,-0.5514,-0.48965,-0.50785,0.12493,-0.077612,7.5515,-2.1468,0.83286,-1.3067,1.8235,-0.9141,-0.35961,0.35612,-0.013126,-9.7732,0.08045,-1.8547,1.557,-0.33846,0.33434,0.46539,0.17628,0.20019,-10.285,-0.12,2.9603,6.2097,-0.32957,1.0531,0.517,-0.099177,-0.12768
9.1737,-1.4985,2.3169,-2.2767,0.060081,-1.1221,-0.49684,0.20629,-0.045756,8.7277,3.3187,1.3162,-2.3201,-0.48502,-0.78839,-0.51321,0.1176,-0.058024,7.4698,-2.7701,0.69822,-1.5399,1.865,-1.9079,-0.37796,0.33406,-0.019493,-9.632,0.37952,-1.4921,1.7628,-0.45307,0.54275,0.47458,0.18049,0.18168,-11.029,1.3544,5.3126,5.0029,-0.50542,1.0407,0.51133,-0.14764,-0.10794
9.6462,-0.68108,2.6243,-2.3199,0.040307,-1.2387,-0.50719,0.18527,-0.029217,9.462,3.3717,1.3623,-2.4532,-0.45654,-1.0075,-0.52064,0.10335,-0.04193,8.711,-3.1621,0.50136,-1.6646,1.8439,-2.8025,-0.40464,0.29707,-0.031158,-9.844,0.9188,-1.5119,1.9875,-0.54291,0.74432,0.48199,0.18073,0.15925,-9.2312,5.4351,-1.9005,1.5188,0.18553,1.0221,0.50104,-0.18124,-0.0917
9.7542,0.030028,2.4507,-2.2798,-0.11553,-1.2781,-0.5153,0.15984,-0.011601,10.254,3.4302,1.2799,-2.5752,-0.40253,-1.0363,-0.52329,0.086373,-0.024222,10.535,-3.5706,-0.16803,-2.0867,1.714,-3.5835,-0.43444,0.24165,-0.042333,-10.071,-1.6603,-1.9789,2.1808,-0.56594,0.8407,0.49182,0.17604,0.13271,-9.718,3.0296,-5.5238,0.30469,0.83281,0.44719,0.50022,-0.19626,-0.076443
10.261,0.1292,2.5745,-2.0947,-0.1642,-1.211,-0.52499,0.13356,0.004319,10.619,3.5226,1.2145,-2.7436,-0.29089,-0.93735,-0.5268,0.064085,-0.011531,11.493,-3.949,-0.36451,-2.9534,1.5923,-4.0172,-0.4594,0.17398,-0.05253,-10.107,-4.8108,-1.9612,3.2703,-0.45478,0.70149,0.50198,0.17269,0.10485,-12.274,5.0926,-2.4385,0.15308,1.0942,0.70187,0.50087,-0.20641,-0.053192
10.515,0.48082,3.0712,-1.8942,-0.1502,-1.0748,-0.52867,0.10838,0.015826,11.27,3.3336,1.1739,-2.7439,-0.069582,-0.70845,-0.52818,0.051011,-0.00331,12.596,-4.8757,0.096187,-3.3092,1.3431,-4.093,-0.47604,0.10395,-0.065382,-9.4282,-3.4087,0.61712,3.5478,-0.49055,0.68224,0.50879,0.17157,0.070479,-15.449,-1.1601,10.356,1.0481,-0.090462,1.0156,0.49308,-0.2276,-0.039116
9.0458,1.9302,3.0322,-1.8148,-0.1598,-0.98905,-0.53392,0.086951,0.026015,10.797,2.5803,1.046,-2.186,0.26604,-0.63319,-0.52865,0.036469,-0.002547,12.71,-5.4516,1.2668,-2.7902,0.93341,-3.8116,-0.47735,0.033995,-0.079462,-9.672,-2.7472,0.026235,3.9824,-0.18996,0.67389,0.51529,0.16575,0.040605,-5.3471,-1.623,-1.1143,1.3878,0.62814,0.74534,0.48523,-0.24708,-0.023601
8.0856,2.0428,2.7346,-1.8795,-0.089155,-1.0133,-0.53636,0.063466,0.033054,9.3543,2.0404,0.43445,-1.0206,0.5825,-0.82907,-0.5294,0.022593,-0.011685,10.218,-5.7796,1.6113,-1.626,0.5775,-3.1475,-0.47073,-0.026923,-0.093643,-9.1555,-1.619,-0.21973,3.7814,-0.010649,0.23061,0.52003,0.16209,0.012496,-9.9586,-4.4861,-0.81142,1.7423,0.51785,0.30635,0.48382,-0.25944,0.007527
8.5012,1.8158,3.0646,-1.9581,-0.12916,-0.90371,-0.53944,0.040171,0.038153,9.452,2.539,0.12382,-0.14208,0.61504,-0.93565,-0.52921,0.004713,-0.025634,10.007,-4.3854,0.66454,-1.5671,0.60454,-2.3436,-0.45866,-0.073769,-0.10983,-10.172,1.7638,0.59654,2.4498,-0.22485,0.32155,0.52206,0.15789,-0.010575,-9.8174,-4.6775,-1.7958,1.3351,0.14266,-0.35369,0.48512,-0.25466,0.025964
10.06,2.1284,3.3024,-2.0786,-0.20135,-0.76294,-0.54016,0.019199,0.044149,9.9392,3.373,0.11604,0.26963,0.35924,-0.73925,-0.52593,-0.013135,-0.035386,10.709,-4.215,-0.11994,-2.4971,0.79266,-1.657,-0.44188,-0.09999,-0.13242,-11.401,2.6426,0.93856,2.5633,-0.36693,0.3861,0.52696,0.14666,-0.030976,-10.04,1.6172,-2.7986,1.6718,0.4124,-0.28776,0.48833,-0.2455,0.047327
10.678,1.9612,3.1119,-2.0533,-0.16956,-0.72287,-0.53866,-0.000171,0.048582,10.121,3.9669,0.60591,0.12392,-0.024624,-0.3914,-0.52499,-0.024428,-0.039152,10.418,-5.2498,0.84717,-3.4971,1.0047,-1.294,-0.43015,-0.10492,-0.1652,-10.75,0.98073,0.76586,3.5282,-0.39684,0.105,0.52626,0.13554,-0.058663,-9.7702,1.6003,-2.6148,1.2406,0.15666,-0.089537,0.49019,-0.24005,0.066172
9.7754,1.5846,2.737,-2.0221,-0.086361,-0.69229,-0.5387,-0.0176,0.049936,8.9806,2.7359,0.51067,0.38197,-0.23887,-0.15673,-0.52582,-0.030797,-0.034143,8.4298,-5.699,1.0253,-4.0489,1.1335,-1.1908,-0.41448,-0.094303,-0.19961,-10,3.0701,0.47853,3.5091,-0.16039,0.079677,0.52885,0.12289,-0.081555,-9.7337,0.34821,-1.3624,1.5815,0.083112,0.024958,0.4898,-0.23553,0.081612
9.0941,0.83486,2.615,-1.9015,0.12265,-0.66577,-0.53584,-0.035467,0.046902,8.4059,3.0037,0.80243,1.3356,-0.24501,-0.095317,-0.52536,-0.032512,-0.02837,6.9988,-6.9871,1.6324,-3.6892,1.1033,-0.98076,-0.40055,-0.07623,-0.23369,-9.1422,2.2745,1.4045,2.9139,-0.35815,-0.039249,0.52747,0.11126,-0.10265,-9.6512,0.53546,-1.6145,1.9859,0.02604,0.14112,0.48974,-0.23088,0.097999
8.9665,0.6873,2.7176,-1.8411,0.27684,-0.62988,-0.53429,-0.050646,0.037377,8.1471,5.4531,0.17773,0.73616,-0.31766,-0.026469,-0.52499,-0.03522,-0.019595,7.0092,-7.556,1.9554,-2.9607,1.029,-0.78407,-0.39135,-0.054175,-0.25867,-9.0271,3.1895,1.5334,2.1507,-0.68638,0.022127,0.52572,0.099328,-0.12257,-9.7791,0.29017,-1.7967,2.1126,0.030617,0.25215,0.486,-0.22763,0.11858
8.9344,0.53682,3.3581,-1.6507,0.37683,-0.56984,-0.53396,-0.065617,0.02548,8.6217,5.8448,0.38657,-1.5177,-0.57782,-0.000253,-0.52538,-0.033879,-0.012106,6.9019,-7.4387,1.8344,-2.4444,0.89826,-0.59299,-0.38226,-0.034108,-0.27856,-8.7234,1.7776,0.46056,1.7586,-0.84983,-0.00057,0.52071,0.08864,-0.15007,-9.645,-0.068783,-1.8701,2.1255,-0.012923,0.22555,0.48305,-0.2217,0.1378
8.605,0.53716,3.9376,-1.4443,0.45183,-0.48598,-0.53275,-0.077533,0.012367,9.1746,4.7806,0.83713,-2.971,-0.83554,-0.17109,-0.52542,-0.034969,-0.001045,6.6042,-7.1896,1.8744,-2.1164,0.6211,-0.30798,-0.37645,-0.015521,-0.29329,-9.1991,0.97635,-0.30597,1.5401,-0.81425,-0.147,0.51545,0.079858,-0.16963,-9.54,0.23883,-2.3905,2.8723,-0.054145,0.26498,0.48118,-0.21153,0.15965
8.4042,0.92191,4.4759,-1.3131,0.34678,-0.36768,-0.53038,-0.085546,0.000638,9.4861,3.5636,0.79946,-2.9778,-0.99415,-0.52411,-0.52452,-0.043553,0.013974,6.6486,-7.4104,1.7103,-1.2919,0.17592,-0.029749,-0.37466,0.004181,-0.30018,-9.4816,-0.58612,-0.009808,1.8287,-0.68349,-0.3952,0.51007,0.072212,-0.19172,-9.6195,1.6037,-1.6559,2.86,-0.042315,0.36548,0.47924,-0.19913,0.1844
8.9182,0.88799,4.5169,-1.2545,0.30348,-0.36736,-0.52789,-0.092172,-0.008775,9.8912,3.5989,0.51533,-2.7633,-1.073,-0.94416,-0.52008,-0.062707,0.027825,7.379,-6.9694,1.5352,-0.22842,-0.34816,0.084578,-0.37762,0.012966,-0.29882,-9.385,-0.98609,-1.1329,2.1991,-0.532,-0.75426,0.50382,0.067416,-0.21002,-9.717,1.6425,-1.9264,2.0905,-0.084464,0.32643,0.47738,-0.1876,0.20301
8.7839,0.82995,4.4781,-1.2334,0.29528,-0.43298,-0.52574,-0.098625,-0.019568,9.6357,3.4039,0.74132,-2.7791,-1.1136,-1.2253,-0.51503,-0.090028,0.041861,7.7443,-6.0168,2.639,0.77273,-0.74176,0.16634,-0.38785,0.010823,-0.2916,-9.0644,0.23331,-1.8632,2.0859,-0.24867,-0.88445,0.49993,0.064906,-0.22106,-9.688,1.33,-2.3153,1.2038,-0.14864,0.28476,0.47435,-0.18106,0.21216
8.3953,0.56653,4.4287,-1.2028,0.25351,-0.44831,-0.52396,-0.10707,-0.029543,9.1781,3.1059,1.1892,-2.532,-1.1845,-1.2927,-0.50554,-0.12113,0.053354,7.8355,-5.1379,2.4417,0.98763,-0.97601,0.3932,-0.40168,0.003442,-0.27824,-8.9096,0.43089,-2.333,1.6385,0.009717,-0.89149,0.49971,0.066898,-0.22557,-9.5832,1.1493,-2.06,0.90056,-0.2219,0.26508,0.47481,-0.17738,0.2172
8.5294,0.47717,4.2724,-1.1459,0.21539,-0.45354,-0.52038,-0.11397,-0.039047,9.1136,3.302,1.7316,-2.4667,-1.2445,-1.2535,-0.49356,-0.15185,0.065366,8.3905,-4.9566,2.6939,0.4962,-0.99336,0.59413,-0.4146,0.006393,-0.26424,-9.811,0.64582,-0.76811,1.2728,0.11011,-0.97097,0.499,0.073062,-0.22708,-9.5816,1.8351,-1.6397,0.77677,-0.23675,0.26436,0.47325,-0.17435,0.21843
8.6411,0.41723,4.2132,-1.0491,0.18604,-0.45328,-0.5164,-0.11916,-0.048547,9.1685,3.4554,2.0996,-2.6096,-1.2528,-1.1065,-0.47985,-0.18276,0.070982,8.5767,-5.6526,2.9925,0.70254,-0.98797,0.88051,-0.42452,0.014915,-0.24824,-10.232,5.1182,-1.6593,1.0662,0.56157,-0.50546,0.50355,0.078918,-0.22237,-9.7517,2.9855,-1.3855,0.32292,-0.30714,0.36543,0.47496,-0.17872,0.21897
8.8201,0.35723,4.0351,-0.99493,0.148,-0.45394,-0.51273,-0.1265,-0.056269,9.4289,3.2559,2.2218,-2.7493,-1.1403,-1.0034,-0.46597,-0.20878,0.073269,8.8221,-5.5968,3.6554,1.4374,-1.0672,1.1038,-0.43603,0.022709,-0.23115,-10.446,2.2535,-0.18984,0.82043,0.49855,-0.64319,0.50896,0.084615,-0.21379,-9.5067,1.519,-1.064,0.21328,-0.2922,0.33138,0.47442,-0.18016,0.2151
8.8858,0.21466,4.3555,-0.88086,0.14273,-0.46104,-0.50912,-0.13335,-0.062631,9.9593,2.7826,2.3177,-2.7175,-0.90129,-0.95968,-0.45301,-0.23427,0.065881,9.4235,-4.8604,5.4462,2.1521,-1.1522,1.329,-0.44592,0.029928,-0.2146,-10.905,2.179,1.0616,0.72161,0.31074,-0.38238,0.51213,0.088824,-0.20623,-9.5972,1.0104,-0.7905,0.074433,-0.26245,0.18908,0.47452,-0.18477,0.21023
8.9742,-0.023085,4.3397,-0.78556,0.055084,-0.39396,-0.50694,-0.13976,-0.070146,10.837,2.4157,2.4697,-2.492,-0.59778,-0.89934,-0.4396,-0.25818,0.052902,10.428,-3.0463,6.4666,2.5829,-0.97422,1.3391,-0.4576,0.033048,-0.19601,-10.854,2.2184,0.65738,0.36217,0.15284,-0.17263,0.51161,0.089056,-0.20533,-9.6561,1.5631,-0.67793,-0.075741,-0.18515,0.095906,0.47556,-0.18658,0.20574
8.9139,-0.053007,4.5331,-0.69862,-0.034565,-0.28037,-0.50459,-0.14395,-0.072071,10.998,1.9301,2.6094,-2.0519,-0.27655,-0.88351,-0.42792,-0.27536,0.035286,9.8648,-1.7238,4.572,2.1519,-0.36049,1.0997,-0.45861,0.037788,-0.18599,-9.7225,0.87115,-0.75907,0.2839,0.26503,-0.083996,0.5145,0.086746,-0.2036,-9.663,1.8765,-0.55019,-0.1584,-0.18429,0.065355,0.4758,-0.18987,0.20126
8.6914,-0.042204,4.1285,-0.60747,-0.025918,-0.17271,-0.50226,-0.14641,-0.074419,10.429,1.5013,2.5553,-1.4015,0.028312,-0.97632,-0.4134,-0.29348,0.019663,8.4577,-0.21524,2.8741,0.78464,0.31554,0.53755,-0.45847,0.040243,-0.18567,-9.817,-0.58883,0.32111,0.11548,0.1738,-0.029297,0.5161,0.087428,-0.19823,-9.5054,1.9575,-0.42778,-0.038899,-0.19168,0.035091,0.47806,-0.19129,0.19895
8.5189,-0.079372,4.5075,-0.50252,0.016422,-0.10344,-0.50174,-0.14648,-0.077265,9.8579,1.4923,2.4205,-0.78507,0.23518,-1.0675,-0.39845,-0.31058,0.004954,7.9762,-0.68824,2.6281,-0.96368,0.85508,-0.055254,-0.45226,0.045695,-0.19761,-9.4981,-1.7114,0.028603,0.16712,0.1383,-0.10039,0.51706,0.086149,-0.19566,-9.4974,2.2938,-0.47156,-0.064607,-0.14747,0.011011,0.47718,-0.1918,0.19598
8.9881,-0.33366,4.1587,-0.40687,0.006081,-0.019338,-0.50043,-0.14633,-0.078307,9.3102,1.8741,2.1905,-0.5498,0.34181,-0.96048,-0.38362,-0.32415,-0.006449,8.023,-2.2346,2.3354,-2.1843,1.1283,-0.55787,-0.4431,0.054054,-0.21351,-9.6183,-1.7033,-0.24394,0.15599,0.19813,-0.2341,0.51799,0.088868,-0.19244,-9.835,1.8312,-0.19461,-0.11256,-0.1349,0.016814,0.47991,-0.19266,0.191
8.883,-0.42967,4.2916,-0.26198,0.053375,0.042664,-0.50124,-0.14534,-0.080531,8.8522,1.9906,2.1906,-0.42039,0.32324,-0.62737,-0.37032,-0.33594,-0.01706,8.0643,-3.4435,2.0881,-2.665,1.1363,-0.9365,-0.43304,0.06419,-0.22903,-9.9504,-0.98506,-0.11634,0.084774,0.18253,-0.28258,0.5186,0.094436,-0.18898,-9.6111,1.5023,-0.43079,-0.009221,-0.11712,-0.006929,0.47988,-0.19451,0.18848
8.6371,-0.30997,4.4995,-0.13176,0.061238,0.097517,-0.5003,-0.14185,-0.083251,8.4434,1.8941,2.1026,-0.10296,0.25288,-0.22853,-0.364,-0.34045,-0.025853,7.9535,-4.2201,2.166,-2.4069,0.85406,-1.1365,-0.42504,0.06931,-0.24049,-9.9855,-0.03219,-0.22313,-0.1112,0.17579,-0.23392,0.51794,0.099653,-0.18612,-9.6556,1.6215,-0.26685,-0.03935,-0.11095,-0.050211,0.48136,-0.193,0.18515
8.5402,-0.22835,4.6634,-0.065332,-0.0011,0.16354,-0.5016,-0.13937,-0.081954,8.2075,1.9242,1.8948,0.18527,0.16717,0.12072,-0.36321,-0.33942,-0.025438,8.1665,-4.7018,2.0773,-1.7686,0.5533,-1.2582,-0.42113,0.071072,-0.25054,-9.9881,0.47771,-0.19372,-0.22021,0.10734,-0.139,0.51954,0.10456,-0.18261,-9.625,1.9647,-0.1907,-0.13852,-0.098927,-0.05715,0.48205,-0.19218,0.18382
8.4955,-0.24992,4.5883,-0.042181,-0.085615,0.15845,-0.50035,-0.13571,-0.081385,8.1136,2.1526,1.8102,0.35187,0.020017,0.39601,-0.36648,-0.33743,-0.023187,8.511,-5.2473,2.0065,-0.81532,0.20444,-1.3355,-0.42189,0.060367,-0.2533,-10.001,0.14764,-0.19363,-0.16579,0.075655,-0.023694,0.5202,0.10842,-0.17874,-9.6399,2.0471,-0.22061,-0.15474,-0.081001,-0.054273,0.48427,-0.19188,0.18121
8.7044,-0.22931,4.5751,-0.037344,-0.20941,0.14989,-0.50191,-0.13224,-0.077512,8.3312,2.3799,1.9243,0.45159,-0.16825,0.70547,-0.37451,-0.3295,-0.016631,8.9392,-4.761,1.8285,0.25086,-0.15665,-1.3596,-0.42408,0.041012,-0.25425,-9.7955,-0.67637,-0.24862,-0.054064,0.093016,0.001846,0.52064,0.10852,-0.17806,-9.6551,1.875,-0.14662,-0.13592,-0.086161,-0.047104,0.48421,-0.19212,0.17853
8.7787,-0.43618,4.2759,0.021923,-0.30834,0.16133,-0.5053,-0.12997,-0.072337,8.5047,2.6339,2.0383,0.45489,-0.35846,0.98193,-0.38786,-0.3146,-0.00634,9.0921,-4.3463,1.6622,0.59729,-0.38767,-1.19,-0.43016,0.012811,-0.24998,-9.6961,-1.0739,-0.15615,0.010045,0.08408,-5.6e-05,0.52186,0.10751,-0.17588,-9.6778,1.7255,-0.072695,-0.16973,-0.067247,-0.080343,0.4853,-0.19275,0.1751
8.8753,-0.56237,4.1415,0.078037,-0.31406,0.1669,-0.50559,-0.1274,-0.064992,8.8128,2.7865,2.0555,0.34981,-0.49589,1.2098,-0.40456,-0.30011,0.004293,9.104,-4.0935,1.4893,0.41077,-0.48135,-0.88482,-0.4345,-0.011326,-0.24372,-9.7256,-1.2159,-0.30666,-0.000492,0.099943,-0.000864,0.52219,0.10669,-0.17494,-9.6109,1.5467,-0.29618,-0.16852,-0.06222,-0.097523,0.48761,-0.19205,0.17382
8.8982,-0.48817,4.0675,0.005603,-0.31906,0.15771,-0.50569,-0.12195,-0.056568,9.3279,2.744,2.3039,0.2964,-0.54059,1.3381,-0.41959,-0.2776,0.016039,9.2523,-3.944,1.6674,0.072209,-0.48613,-0.57076,-0.43952,-0.025471,-0.23576,-9.6811,-1.1854,-0.38083,-0.11801,0.070144,0.005097,0.52282,0.10828,-0.17253,-9.6708,1.4719,-0.20027,-0.16869,-0.058384,-0.085708,0.48811,-0.1907,0.1718
9.078,-0.44401,3.7781,0.008221,-0.37156,0.12146,-0.50638,-0.12043,-0.049232,9.5727,2.635,2.2636,0.45473,-0.54769,1.351,-0.43765,-0.25478,0.029562,9.2407,-4.5129,2.0732,0.002955,-0.49493,-0.28918,-0.44526,-0.033116,-0.22689,-9.913,-1.0816,-0.31807,-0.17539,0.084431,0.026402,0.5246,0.10829,-0.16993,-9.7456,1.5017,-0.074444,-0.14334,-0.069254,-0.096662,0.49006,-0.19026,0.16918
9.1005,-0.47341,3.6736,-0.016211,-0.40243,0.079603,-0.50893,-0.11851,-0.041016,9.9051,2.7589,2.2201,0.68432,-0.52426,1.2231,-0.45137,-0.23124,0.041621,9.0599,-4.4107,2.4305,0.097864,-0.51823,-0.096636,-0.45011,-0.035996,-0.21811,-9.7271,-0.91585,-0.31452,-0.070813,0.098302,0.040653,0.52397,0.10824,-0.16837,-9.7007,1.4866,-0.10361,-0.13961,-0.073021,-0.10576,0.49088,-0.18903,0.16597
9.1086,-0.47235,3.3902,-0.031453,-0.38275,0.074013,-0.50982,-0.11689,-0.03246,9.8801,3.1631,2.3603,0.7727,-0.48864,1.0643,-0.46339,-0.20892,0.056134,9.0202,-4.2805,2.9656,0.27473,-0.47798,0.13768,-0.45551,-0.036257,-0.21006,-9.788,-0.76557,-0.43596,-0.076677,0.10363,0.065423,0.5246,0.10828,-0.16635,-9.7159,1.3674,-0.16396,-0.18317,-0.076388,-0.087576,0.49308,-0.18765,0.16333
9.0789,-0.63371,3.0382,-0.010251,-0.32394,0.066467,-0.50905,-0.11431,-0.025619,9.6099,3.4736,2.3284,0.53178,-0.483,0.86891,-0.47215,-0.1893,0.070488,9.0388,-3.9607,3.3221,0.5766,-0.39849,0.40671,-0.4584,-0.035961,-0.20228,-9.8177,-0.7139,-0.26403,-0.004405,0.091255,0.090069,0.52737,0.10506,-0.16449,-9.7686,1.2032,-0.13541,-0.14524,-0.065479,-0.087566,0.49385,-0.18803,0.16109
9.2728,-0.76751,2.7552,0.080823,-0.24967,0.038913,-0.51008,-0.11565,-0.019641,9.2509,3.5548,2.5915,0.16539,-0.41223,0.63573,-0.47673,-0.17488,0.082051,9.5594,-3.4852,3.3902,1.011,-0.26163,0.60639,-0.46089,-0.031277,-0.19409,-9.6076,-0.97476,-0.46212,0.027227,0.071723,0.070452,0.52774,0.10459,-0.16248,-9.7162,1.1428,-0.015145,-0.080634,-0.053919,-0.058724,0.4946,-0.1864,0.1588
9.7116,-0.94904,2.8021,0.16291,-0.15734,0.005837,-0.50922,-0.11423,-0.013745,9.2944,3.1272,2.7697,0.007472,-0.27376,0.38431,-0.4809,-0.16575,0.088148,9.7146,-2.7344,2.7438,1.1178,-0.081616,0.56727,-0.46259,-0.029044,-0.19034,-9.7565,-1.1027,-0.50249,0.16534,0.071632,0.098675,0.52784,0.10194,-0.16102,-9.7765,0.84397,0.057741,0.034522,-0.042136,-0.029944,0.49465,-0.186,0.15773
9.4513,-0.7549,2.9507,0.24865,-0.045215,-0.010044,-0.5096,-0.11418,-0.010619,9.5447,2.6334,2.5988,0.39682,0.004606,0.13002,-0.48253,-0.15986,0.090288,9.2657,-2.3434,2.5908,0.80803,0.11447,0.43475,-0.46302,-0.026449,-0.18879,-9.7314,-0.25441,-0.65298,0.2521,0.082061,0.067153,0.52985,0.098018,-0.16104,-9.709,0.8658,0.13365,0.1672,-0.029089,-0.028405,0.49581,-0.18573,0.15896
9.5186,-0.69626,2.9739,0.34504,0.055784,0.017934,-0.50957,-0.11433,-0.01007,9.5972,2.7994,2.3739,0.87018,0.26956,-0.1312,-0.48296,-0.15836,0.092054,8.9395,-2.3435,2.2412,0.2293,0.20435,0.29288,-0.46145,-0.021806,-0.19263,-9.8523,-0.044363,-0.77569,0.027212,0.048048,0.021056,0.5301,0.09702,-0.15878,-9.7533,1.2319,0.17872,0.12003,-0.005996,-0.074257,0.49523,-0.18361,0.15864
9.527,-0.53292,2.8706,0.32522,0.091117,0.03782,-0.5104,-0.11543,-0.00791,9.635,3.3472,2.3985,0.84804,0.39922,-0.37033,-0.48274,-0.16079,0.091073,8.68,-2.9805,2.1432,-0.035578,0.19901,0.16879,-0.45886,-0.019042,-0.19371,-9.7707,0.061025,-0.78917,-0.029133,0.015495,-0.008275,0.52994,0.096399,-0.15945,-9.7304,1.4858,0.17979,-0.060973,-0.002796,-0.10366,0.49587,-0.18093,0.157
9.4596,-0.51818,3.0269,0.35736,0.18965,0.048386,-0.50963,-0.11436,-0.008844,9.6204,3.3809,2.4423,0.43259,0.40064,-0.57141,-0.48004,-0.16772,0.089271,8.6345,-3.4148,2.0547,0.022572,0.15802,0.041539,-0.45639,-0.015601,-0.19733,-9.8523,-0.0443,-0.7907,-0.1844,-0.015087,-0.023519,0.5292,0.09696,-0.16028,-9.6549,1.8141,0.18942,-0.15042,0.014998,-0.092514,0.49814,-0.18052,0.15867
9.2128,-0.53228,3.3458,0.39264,0.23229,0.1057,-0.50947,-0.11121,-0.01323,9.9028,2.9883,2.4082,0.078089,0.3994,-0.77035,-0.47589,-0.17994,0.082321,8.7567,-3.4608,1.7053,0.07123,0.11436,0.025645,-0.4542,-0.014891,-0.19888,-9.7456,-0.45642,-0.7881,-0.32115,-0.028201,-0.067828,0.52873,0.10008,-0.157,-9.7602,1.5983,0.089935,-0.17629,0.014071,-0.047178,0.49711,-0.17984,0.15582
9.2649,-0.56225,3.3236,0.38864,0.17252,0.1251,-0.51155,-0.11064,-0.014,9.9056,2.5819,2.2217,-0.002356,0.44577,-0.93756,-0.4687,-0.19693,0.075367,8.9032,-3.6147,1.7542,0.092192,0.05874,0.051193,-0.45228,-0.016112,-0.20089,-9.7376,-0.49442,-0.66034,-0.3773,-0.031671,-0.10404,0.52905,0.10273,-0.15845,-9.7461,1.0451,0.19328,-0.16589,0.011144,-0.016453,0.49739,-0.18037,0.15583
9.0487,-0.47234,3.5091,0.40649,0.124,0.12533,-0.51055,-0.1093,-0.015472,9.6146,2.427,2.1706,0.036565,0.48531,-1.0516,-0.46042,-0.2153,0.06681,9.0204,-3.8706,1.9805,0.28345,-0.06982,0.085597,-0.45194,-0.017438,-0.19907,-9.7741,-0.64467,-0.6384,-0.36892,-0.046615,-0.080344,0.52799,0.10819,-0.15851,-9.7915,0.85138,0.094865,-0.15079,0.037259,-0.057895,0.49678,-0.18077,0.15475
8.9,-0.36766,3.5683,0.4029,0.10932,0.098017,-0.51263,-0.10609,-0.016261,9.2692,2.4226,2.0907,0.014993,0.47291,-1.0506,-0.45108,-0.2347,0.05846,8.9569,-3.778,1.9632,0.55435,-0.15323,0.14755,-0.45181,-0.017078,-0.19655,-9.6378,-0.9446,-0.53029,-0.27094,-0.035367,-0.085613,0.52558,0.11018,-0.15876,-9.7389,0.93349,0.043676,-0.18697,0.039054,-0.050586,0.49722,-0.18022,0.15355
