7.719,-0.36772,6.0622,0.003112,0.036878,-0.00801,-0.61574,-0.43252,-0.13698,-2.9627,9.1938,-1.762,0.013836,-0.010142,-0.012921,0.26292,-0.35689,0.63137,-0.37901,-8.7973,4.5664,0.01265,0.000813,0.011707,-0.52709,0.47624,-0.35,-5.0115,8.2254,1.8882,0.004022,0.014386,-0.001507,0.52244,-0.094245,-0.48715,-4.5997,-8.5305,1.7217,-0.004529,0.006637,-0.002043,0.61041,0.32992,0.36642
7.7191,-0.36032,6.0622,0.001317,0.047775,0.001972,-0.61707,-0.43161,-0.13677,-2.9747,9.1403,-1.7453,0.007401,0.00071,0.015636,0.26193,-0.35653,0.63236,-0.42054,-8.7145,4.5252,0.012729,0.007999,0.007302,-0.52644,0.477,-0.34974,-4.9967,8.2406,1.866,0.01014,-0.003232,0.001901,0.52276,-0.09467,-0.48622,-4.6072,-8.5529,1.7215,0.013552,0.000358,-0.005743,0.60908,0.32833,0.36601
7.6968,-0.34526,6.0472,0.007489,0.013653,0.001213,-0.61555,-0.43171,-0.13846,-2.9944,9.1477,-1.76,0.006723,0.011175,-0.000311,0.26241,-0.3582,0.63137,-0.44972,-8.7337,4.4958,0.014886,0.00214,-0.009497,-0.52556,0.47671,-0.34994,-4.9891,8.2106,1.8662,-0.00132,0.024945,0.000326,0.52269,-0.09372,-0.48753,-4.5772,-8.5456,1.7146,0.002693,0.018364,0.000721,0.61163,0.32837,0.36477
7.6819,-0.33779,6.0621,-0.002344,0.035163,-0.004365,-0.61706,-0.43096,-0.1365,-3.0093,9.1842,-1.7867,0.000167,-0.011666,0.01385,0.26265,-0.35714,0.6311,-0.46191,-8.7385,4.5103,-0.007498,0.005684,-0.005987,-0.52635,0.47674,-0.35049,-4.9816,8.2106,1.8663,-0.001087,0.005568,-0.012163,0.5209,-0.094454,-0.48788,-4.6072,-8.5304,1.7067,0.000726,-0.002997,0.007832,0.61101,0.32875,0.36541
7.6891,-0.37501,6.0918,-0.018665,0.031699,-0.004372,-0.61648,-0.43066,-0.13823,-3.0091,9.1381,-1.7796,0.014518,-0.013488,0.010159,0.26189,-0.35847,0.63148,-0.44254,-8.6804,4.5316,0.007819,-0.007114,-0.013051,-0.5262,0.47752,-0.35,-4.9816,8.2255,1.8963,-0.006493,0.004698,-0.009518,0.52159,-0.093452,-0.48746,-4.5848,-8.5604,1.707,-0.000906,0.001232,-0.003903,0.61094,0.32914,0.36632
7.7113,-0.40494,6.1216,-0.008739,0.028103,-0.000692,-0.61626,-0.43071,-0.13661,-3.0189,9.1622,-1.7479,0.018398,-0.000461,-0.014699,0.26268,-0.35794,0.63151,-0.4304,-8.6708,4.5683,-0.043751,-0.005968,-0.021936,-0.52539,0.47696,-0.34917,-4.989,8.2104,1.9112,-0.004965,0.003827,0.001945,0.52155,-0.094305,-0.48863,-4.5997,-8.5453,1.6843,0.002822,0.014585,-0.009244,0.61121,0.32966,0.36645
7.734,-0.33092,6.0924,0.024706,0.035369,0.024861,-0.61659,-0.43068,-0.1377,-2.9996,9.2351,-1.7791,0.003911,-0.01362,-0.007523,0.26269,-0.35651,0.63201,-0.41792,-8.797,4.4827,-0.049425,0.000791,-0.005154,-0.52644,0.47844,-0.34978,-4.9666,8.2106,1.8817,-0.000923,0.01436,-0.019161,0.52165,-0.094391,-0.4864,-4.5848,-8.5454,1.6771,-0.006234,0.007396,-0.008372,0.61151,0.32941,0.36515
7.6818,-0.36737,6.047,-0.002283,0.049544,-0.000781,-0.61706,-0.43064,-0.13906,-3.0038,9.0796,-1.7166,-0.024883,-0.027691,-0.001157,0.26135,-0.3595,0.63094,-0.47164,-8.7287,4.4758,0.038107,-0.012207,-0.009505,-0.52681,0.47767,-0.34952,-4.9817,8.2405,1.8888,-0.00105,-0.008516,-0.015784,0.52132,-0.093704,-0.48747,-4.5772,-8.5306,1.7221,0.015197,-0.004801,0.005058,0.61042,0.32913,0.36644
7.6591,-0.38976,6.1362,-0.004248,0.035479,0.01843,-0.61697,-0.42958,-0.13988,-2.9768,9.0915,-1.6824,-0.017667,-0.004621,0.010473,0.26263,-0.35922,0.63048,-0.46215,-8.5782,4.4635,0.10825,-0.003252,-0.037651,-0.52729,0.47614,-0.35154,-4.9516,8.1956,1.912,-0.017926,0.007336,-0.014801,0.52196,-0.093294,-0.48836,-4.6147,-8.5603,1.7064,0.015324,0.000423,-0.00303,0.60956,0.32965,0.36561
7.8082,-0.4056,6.0925,-0.010507,0.038922,0.002003,-0.61684,-0.42996,-0.14,-2.9949,9.228,-1.8228,0.003131,0.004088,-0.004756,0.26197,-0.35883,0.63031,-0.33052,-8.7031,4.6682,-0.03222,-0.001141,0.02227,-0.52607,0.47595,-0.35007,-5.0191,8.2554,1.8956,-0.014485,0.024973,-0.008487,0.52103,-0.093567,-0.48761,-4.6147,-8.5453,1.6915,-0.017113,-0.002477,-0.007493,0.61127,0.32941,0.3654
7.7043,-0.34526,6.0324,0.004832,0.033528,0.012068,-0.61666,-0.42973,-0.13905,-2.9549,9.1448,-1.6674,0.012949,0.004057,-0.003948,0.26201,-0.35989,0.63085,-0.40342,-8.7437,4.5162,0.029043,0.015996,-0.005025,-0.52616,0.47636,-0.35187,-4.9964,8.2029,1.9186,0.000454,0.009103,-0.001548,0.52173,-0.093834,-0.48758,-4.5922,-8.5305,1.692,0.002743,-0.003307,-0.007558,0.60996,0.32966,0.36562
7.6741,-0.38971,6.0915,-0.029652,0.012122,0.001167,-0.6162,-0.43022,-0.14051,-2.9944,9.1525,-1.7478,0.021915,-0.011965,-0.016564,0.26196,-0.3583,0.6303,-0.44263,-8.6465,4.575,0.018107,0.013436,0.004669,-0.52718,0.4764,-0.35192,-4.9966,8.233,1.896,-0.011708,-0.003214,-0.015748,0.52321,-0.093821,-0.48843,-4.6147,-8.5304,1.6916,0.006381,-0.001531,-0.009354,0.60989,0.32914,0.36457
7.659,-0.45608,6.0462,0.000278,0.026352,0.010261,-0.61662,-0.43001,-0.13838,-3.0142,9.189,-1.7843,0.009271,-0.010052,-0.002222,0.26176,-0.35696,0.62921,-0.43275,-8.7047,4.5395,-0.01037,0.002235,0.002845,-0.52572,0.47478,-0.35307,-4.9591,8.1956,1.8968,0.004159,0.012596,-0.007704,0.52141,-0.093789,-0.48864,-4.5847,-8.5306,1.707,-0.007989,0.014502,-0.011034,0.61046,0.33019,0.36536
7.7186,-0.40518,6.1664,-0.007808,0.042591,0.010194,-0.61833,-0.42943,-0.14006,-2.9843,9.1232,-1.7017,0.007562,-0.008372,-0.011093,0.26319,-0.35702,0.63152,-0.45705,-8.7629,4.5695,0.029234,0.007595,-0.013892,-0.52638,0.47638,-0.35366,-4.9825,8.2324,1.8891,0.014587,0.001931,-0.000604,0.52099,-0.094454,-0.48839,-4.5997,-8.5304,1.6844,-0.001868,0.00043,0.000622,0.61097,0.32862,0.36488
7.7038,-0.39012,6.1365,-0.013242,0.033515,-0.000721,-0.61672,-0.42827,-0.14014,-3.0042,9.167,-1.7503,0.002197,-0.000349,-0.00478,0.26349,-0.35938,0.63184,-0.4281,-8.615,4.6065,-0.010654,0.022509,0.013493,-0.52507,0.47593,-0.35281,-4.9824,8.2174,1.8966,0.00771,-0.006869,-0.01214,0.51921,-0.093815,-0.48769,-4.5847,-8.5605,1.7219,-0.006279,0.000241,-0.007514,0.61099,0.32952,0.36711
7.6515,-0.43409,6.1209,-0.026049,0.013983,0.008458,-0.61706,-0.42888,-0.1415,-3.0189,9.1792,-1.7503,-0.008503,0.013857,0.001607,0.26287,-0.35921,0.6301,-0.49584,-8.8354,4.4919,0.016661,0.024001,-0.009473,-0.52487,0.4762,-0.35395,-4.9525,8.1951,1.8898,0.006484,0.014254,0.005649,0.52155,-0.093845,-0.48771,-4.5997,-8.5529,1.7217,-0.011747,0.007507,-0.002019,0.61095,0.32848,0.36634
7.6739,-0.41946,6.1212,-0.0205,0.024497,-0.007993,-0.6166,-0.42872,-0.14283,-2.9845,9.1475,-1.7284,0.009307,0.002361,0.00318,0.26206,-0.3592,0.62966,-0.49129,-8.6997,4.5874,-0.005655,-0.000759,-0.009537,-0.52501,0.47568,-0.35407,-4.9825,8.2398,1.9116,-0.003045,-0.006852,-0.008606,0.52123,-0.09304,-0.48851,-4.5847,-8.5306,1.707,0.000802,0.001386,0.003329,0.61116,0.32954,0.36579
7.7187,-0.41979,6.1141,-0.011472,0.019065,-0.007953,-0.61696,-0.42913,-0.14217,-2.9772,9.1742,-1.7258,0.007486,-0.001168,0.003181,0.26233,-0.35764,0.63004,-0.50112,-8.651,4.5865,-0.031505,-0.021892,-0.009608,-0.52414,0.47513,-0.35465,-4.9676,8.225,1.8894,-0.009929,-0.003337,-0.018293,0.52115,-0.093216,-0.49062,-4.5997,-8.5454,1.6993,-0.007096,-0.005281,-0.014779,0.61016,0.3294,0.36471
7.6888,-0.42693,6.1063,0.006655,0.024354,-0.004307,-0.61686,-0.42872,-0.14284,-2.9944,9.1428,-1.7552,0.023642,0.005903,0.005745,0.26318,-0.35831,0.63102,-0.40337,-8.7289,4.423,-0.10465,-0.018839,-0.007896,-0.52558,0.47647,-0.35285,-4.9749,8.2099,1.8968,0.000525,0.004582,-0.00765,0.52099,-0.094716,-0.48826,-4.5847,-8.5306,1.707,-0.006343,0.002145,-0.002076,0.61112,0.3298,0.36526
7.6815,-0.40464,6.1064,0.004783,0.020921,0.006649,-0.61632,-0.42931,-0.14026,-2.9847,9.2034,-1.7451,0.018359,-0.004869,-0.01471,0.26173,-0.35676,0.63117,-0.4666,-8.8331,4.4923,0.001522,0.003851,-0.009523,-0.52485,0.47735,-0.35106,-4.9823,8.1948,1.9267,-0.015694,0.003733,0.002047,0.52027,-0.094804,-0.48908,-4.5997,-8.523,1.7068,-0.009971,-0.003241,-0.002096,0.61016,0.33019,0.36496
7.7038,-0.41958,6.0916,-0.009579,0.038831,-0.002566,-0.61758,-0.42863,-0.14112,-2.9867,9.1013,-1.697,0.054294,0.000291,-0.023884,0.26278,-0.35727,0.63111,-0.43317,-8.4984,4.6019,-0.051425,0.003658,0.001053,-0.52357,0.47703,-0.35086,-4.99,8.2399,1.8965,-0.007592,-0.002439,-0.003281,0.52028,-0.093287,-0.48843,-4.5847,-8.5454,1.6846,0.000794,-0.003094,0.003299,0.61132,0.33058,0.36631
7.6738,-0.42698,6.151,0.025653,0.027012,0.003005,-0.61705,-0.42928,-0.14136,-3.0288,9.1672,-1.7893,0.01288,-0.024325,-0.016561,0.26232,-0.35614,0.6325,-0.44212,-8.8452,4.3902,-0.059755,0.007568,-0.021942,-0.52427,0.47731,-0.34951,-4.9524,8.1949,1.9198,0.002224,0.016015,-0.003161,0.5205,-0.092732,-0.4896,-4.5998,-8.5752,1.6917,-0.01519,0.003653,-0.014698,0.6113,0.32941,0.3658
7.689,-0.40464,6.0916,-0.011515,0.015561,-0.000646,-0.61599,-0.42967,-0.14159,-3.0138,9.1258,-1.7408,0.007687,0.005753,-0.012803,0.26176,-0.35873,0.63134,-0.45198,-8.821,4.4679,-0.010025,0.009141,-0.012169,-0.52582,0.4779,-0.35011,-5.0048,8.2246,1.9412,0.01108,0.026595,-0.001313,0.52014,-0.09455,-0.48895,-4.5997,-8.5453,1.6769,-0.00094,-0.012206,-0.003987,0.61096,0.33007,0.36498
7.7039,-0.39735,6.0917,-0.004182,0.026153,-0.009799,-0.61764,-0.42821,-0.1422,-3.0338,9.1867,-1.8038,0.000391,-0.004769,-0.005682,0.26152,-0.35776,0.62948,-0.47651,-8.7286,4.461,-0.03701,0.010997,-0.002479,-0.52403,0.47678,-0.34986,-4.9674,8.2099,1.9195,-0.00681,0.023081,0.00395,0.52073,-0.093961,-0.48775,-4.6147,-8.5453,1.6841,-0.001015,-0.003988,0.003311,0.61025,0.32822,0.36579
7.7187,-0.43446,6.0767,-0.024264,-0.001425,-0.004237,-0.61712,-0.42762,-0.14003,-2.9604,9.2567,-1.7447,0.029161,0.01108,-0.009368,0.26208,-0.35764,0.63016,-0.33013,-8.8265,4.465,-0.004881,-0.016033,-0.0007,-0.52508,0.47735,-0.35044,-5.0197,8.2171,1.9409,-0.00496,0.003736,-0.001475,0.51956,-0.093508,-0.48912,-4.5548,-8.5455,1.6552,-0.002825,-0.001285,0.005115,0.61078,0.33019,0.36617
7.7187,-0.4197,6.0917,-0.009743,0.012948,0.005754,-0.61699,-0.42911,-0.14271,-2.9946,9.196,-1.7352,0.043344,-0.011959,-0.015693,0.26293,-0.35832,0.63217,-0.44251,-8.7096,4.5639,0.013984,-0.005157,-0.00951,-0.52482,0.47564,-0.35038,-4.9974,8.2248,1.8963,-0.004784,0.021325,-0.00753,0.52038,-0.093007,-0.48908,-4.5697,-8.5305,1.6849,-0.008211,0.007642,0.00429,0.61216,0.32836,0.36651
7.6808,-0.4866,6.2253,-0.013317,0.012797,-0.009753,-0.61764,-0.42886,-0.1422,-3.0437,9.1743,-1.7745,-0.021191,-0.013576,-0.00718,0.26358,-0.35773,0.62984,-0.44234,-8.7726,4.4917,-0.011098,0.008422,-0.004216,-0.52462,0.47629,-0.3514,-4.9824,8.2099,1.8966,0.006503,0.007226,0.00384,0.52152,-0.093943,-0.4885,-4.5847,-8.5455,1.7145,-0.002667,0.000255,-0.007524,0.61101,0.33006,0.36565
7.6888,-0.44897,6.0614,-0.040535,0.003146,-0.005195,-0.61732,-0.42862,-0.14138,-3.0361,9.1571,-1.7308,-0.028457,-0.011698,0.005339,0.26264,-0.36013,0.6314,-0.43226,-8.923,4.4064,0.076023,-0.003305,-0.028879,-0.52541,0.47568,-0.35206,-4.9897,8.1948,1.919,-0.013645,0.01517,-0.009344,0.51889,-0.094783,-0.48914,-4.5847,-8.5605,1.7219,-0.00445,0.016418,-0.005601,0.60993,0.32861,0.36511
7.6812,-0.46397,6.121,-0.006184,-0.002364,0.002173,-0.61684,-0.42808,-0.14244,-2.8382,8.9201,-1.3515,-0.001607,0.002428,0.012319,0.26246,-0.35926,0.62823,-0.46297,-8.2241,4.6945,0.18378,-0.003513,-0.071097,-0.5266,0.47209,-0.35545,-4.9824,8.2099,1.8966,0.002202,0.001946,-0.003257,0.52041,-0.094302,-0.48881,-4.5848,-8.5529,1.692,-0.002707,0.001226,-0.003899,0.6098,0.33018,0.36534
7.7333,-0.44969,6.1513,0.019306,0.024357,0.001188,-0.61745,-0.42733,-0.14112,-3.0636,9.2714,-1.7985,-0.005101,-0.004676,0.001636,0.26384,-0.36046,0.62925,-0.43742,-8.8554,4.6008,-0.03544,-0.003306,0.008088,-0.52587,0.47207,-0.35605,-4.9526,8.2251,1.8897,-0.008228,-0.003344,-0.014763,0.52015,-0.094184,-0.48843,-4.6147,-8.5454,1.714,-0.011884,0.002318,0.006998,0.61006,0.32887,0.36511
7.6591,-0.44867,6.0463,0.015644,0.019052,0.00849,-0.61696,-0.42757,-0.14218,-2.9894,9.1206,-1.6967,0.029135,0.009298,-0.011025,0.26332,-0.36021,0.62948,-0.43293,-8.6125,4.5526,0.02023,-0.016929,-0.009515,-0.52634,0.47208,-0.35531,-4.9524,8.195,1.9123,0.000672,0.001926,-0.014731,0.52053,-0.095045,-0.48959,-4.5772,-8.5306,1.7221,-0.007224,-0.006001,-0.005749,0.61024,0.32848,0.36565
7.6888,-0.44909,6.0913,-0.004328,0.006592,0.003049,-0.61737,-0.42704,-0.1422,-3.0433,9.1474,-1.7115,0.002012,-0.011776,0.001529,0.26367,-0.36051,0.63107,-0.42326,-8.5981,4.6209,-0.010156,0.007361,-0.009497,-0.52569,0.47153,-0.35513,-4.9675,8.21,1.8894,0.002038,0.016027,0.005665,0.52099,-0.094459,-0.48826,-4.5848,-8.5529,1.692,-0.002653,-0.005158,-0.009369,0.61019,0.33019,0.36535
7.7038,-0.41967,6.114,-0.010571,0.020894,-0.004313,-0.61816,-0.42847,-0.14195,-3.0089,9.1278,-1.6725,0.034584,0.018988,-0.012798,0.26182,-0.36012,0.6307,-0.44237,-8.7872,4.5481,0.003988,0.004994,-0.000676,-0.52525,0.47245,-0.35641,-4.9975,8.2323,1.8963,-0.00302,0.003717,-0.008534,0.52012,-0.094283,-0.48922,-4.6147,-8.5303,1.6766,0.007925,-0.000222,0.010549,0.61011,0.33019,0.36416
7.7036,-0.44939,6.1362,0.015645,0.009018,-0.007874,-0.61883,-0.42704,-0.14199,-3.0736,9.2451,-1.8619,-0.010301,0.002308,-0.00985,0.26183,-0.35895,0.63107,-0.43304,-8.5689,4.6007,-0.007639,0.014849,-0.002413,-0.52607,0.47338,-0.35508,-4.9674,8.1949,1.912,0.004259,0.019534,-0.014608,0.52015,-0.094436,-0.48856,-4.6147,-8.5304,1.6916,-0.004679,-0.004825,0.006932,0.61044,0.32887,0.36671
7.7186,-0.44927,6.0766,0.01109,0.008234,-0.000583,-0.6172,-0.42745,-0.14152,-3.0262,9.1111,-1.731,0.02009,-0.004833,-0.011034,0.26163,-0.3584,0.62987,-0.44245,-8.7484,4.5695,0.002363,-0.010668,-0.007772,-0.52563,0.47337,-0.35633,-5.0123,8.2247,1.926,-0.002912,0.003722,-0.013828,0.52111,-0.094569,-0.48878,-4.5997,-8.5454,1.7067,-0.011684,-0.005188,-0.00934,0.61182,0.32876,0.36556
7.7188,-0.42699,6.0618,0.000315,0.026232,-0.000675,-0.61661,-0.42839,-0.14054,-2.9892,9.0914,-1.6652,0.024571,0.00404,-0.005683,0.26214,-0.35969,0.62953,-0.42782,-8.7582,4.5797,-0.007917,0.002522,0.013443,-0.52442,0.47332,-0.35512,-4.9675,8.2323,1.9269,-0.002914,0.003701,-0.013828,0.52125,-0.094576,-0.48864,-4.5847,-8.5455,1.7219,-0.001815,0.000332,-0.003907,0.61186,0.3298,0.36634
7.7036,-0.43457,6.1363,0.021152,0.022401,-0.009748,-0.61668,-0.42667,-0.14191,-3.0779,9.2275,-1.7356,-0.013963,0.000558,-0.005383,0.26282,-0.35931,0.63009,-0.44734,-8.7338,4.5594,-0.010261,0.031162,-0.004168,-0.5239,0.47319,-0.35738,-4.9225,8.1802,1.8829,0.016516,0.002775,-0.006788,0.51995,-0.093495,-0.48962,-4.5698,-8.5604,1.6923,0.004479,0.005804,-0.000275,0.6105,0.33045,0.36589
7.7334,-0.46433,6.1064,-0.004205,0.025323,-0.005234,-0.61797,-0.42798,-0.14087,-3.0092,9.1547,-1.7307,0.020061,-0.001245,-0.005671,0.26279,-0.35942,0.62943,-0.45958,-8.7144,4.5833,-0.010376,0.00133,0.002834,-0.52492,0.47192,-0.35739,-4.9826,8.2548,1.9116,0.011171,0.012496,-0.006702,0.52071,-0.094326,-0.48827,-4.5848,-8.5753,1.692,-0.006427,-0.003121,0.003318,0.61047,0.3277,0.36501
7.6887,-0.44921,6.1211,0.001163,0.02003,0.004824,-0.61773,-0.42758,-0.1414,-3.0337,9.1741,-1.7356,0.007493,-0.0012,-0.002012,0.26398,-0.35942,0.62963,-0.49625,-8.6462,4.5864,-0.014603,-0.014429,-0.007805,-0.52468,0.47191,-0.35763,-4.9524,8.1801,1.8823,0.008748,0.004554,-0.017364,0.52026,-0.094033,-0.48908,-4.6147,-8.5304,1.7065,-0.009997,0.000403,0.000649,0.60928,0.32978,0.36546
7.6813,-0.45647,6.0986,-0.00053,0.031498,-0.009821,-0.61737,-0.42886,-0.14232,-3.009,9.1497,-1.7015,0.019861,-0.010848,0.008507,0.26278,-0.35962,0.63166,-0.47677,-8.6512,4.6113,-0.038728,-0.018236,-0.00607,-0.52464,0.47426,-0.35694,-4.9825,8.2398,1.9116,0.014842,0.010728,-0.012011,0.52013,-0.094545,-0.48909,-4.5997,-8.5455,1.7217,-0.0046,-0.00496,0.000594,0.60936,0.32861,0.36456
7.7039,-0.40476,6.0917,0.023042,0.034891,-0.012536,-0.61645,-0.42737,-0.14014,-3.0291,9.2228,-1.7645,0.016487,0.011217,0.003322,0.26347,-0.35969,0.62987,-0.43024,-8.7143,4.4762,-0.089728,-0.002086,0.001863,-0.52513,0.47412,-0.35403,-4.9674,8.2025,1.897,0.002246,0.003698,-0.005011,0.52048,-0.094619,-0.48723,-4.5997,-8.5529,1.7217,-0.00451,-0.003296,-0.005727,0.61091,0.32915,0.36407
7.7409,-0.44951,6.0917,-0.02064,0.004926,0.003039,-0.61754,-0.42852,-0.14044,-3.0042,9.174,-1.7014,0.002874,-0.00907,0.006882,0.26345,-0.35877,0.62959,-0.44243,-8.7435,4.5376,0.001277,-0.000438,0.001081,-0.52457,0.47461,-0.353,-4.9825,8.2323,1.9191,-0.011229,0.019572,0.002165,0.51945,-0.093527,-0.4886,-4.5997,-8.5304,1.6918,-0.00457,-0.001391,-0.000288,0.61017,0.32966,0.36497
7.6889,-0.43424,6.0839,0.012139,0.035088,-0.002523,-0.61827,-0.42874,-0.14155,-2.9995,9.1645,-1.7427,-0.028389,-0.018873,-0.008031,0.26298,-0.36049,0.63025,-0.44978,-8.7143,4.5248,-0.000229,-0.001698,-0.012171,-0.52462,0.47514,-0.35391,-4.9823,8.2097,1.9417,-0.010098,0.00548,-0.01029,0.51983,-0.09376,-0.48936,-4.5997,-8.5453,1.6843,-0.002739,-0.001421,-0.002101,0.60962,0.3294,0.36456
7.6665,-0.43404,6.0763,-0.004281,0.015546,0.003008,-0.61639,-0.42824,-0.14148,-2.9124,9.0057,-1.5071,0.018224,0.005868,0.002387,0.26086,-0.36141,0.62975,-0.42767,-8.8115,4.5072,0.11193,-0.019687,-0.040343,-0.52577,0.47338,-0.35672,-5.0122,8.2096,1.9336,0.00306,0.012524,-0.001415,0.5201,-0.094139,-0.48961,-4.5848,-8.5529,1.692,0.008112,0.001285,-0.003021,0.61116,0.32967,0.36579
7.7039,-0.40476,6.0917,0.000203,0.004728,-0.000582,-0.61781,-0.42773,-0.14046,-3.0441,9.2812,-1.8129,0.006485,-0.008188,0.005083,0.26202,-0.36269,0.62919,-0.37951,-8.5693,4.6847,0.01132,-0.014383,-0.012153,-0.52427,0.47226,-0.3547,-4.9824,8.2098,1.9192,-0.00036,0.000186,-0.008562,0.52068,-0.092646,-0.48854,-4.5997,-8.5528,1.6918,-0.006543,-0.004743,0.011454,0.61127,0.32902,0.36541
7.6741,-0.40449,6.084,-0.004301,0.009231,-0.00061,-0.6169,-0.42734,-0.14097,-3.0356,9.1154,-1.6216,0.009287,-0.00036,-0.003806,0.26279,-0.35903,0.62955,-0.46189,-8.758,4.5204,0.002308,0.011222,-0.005966,-0.52447,0.47346,-0.35614,-4.9674,8.2099,1.912,0.030854,0.023023,-0.011049,0.52136,-0.093535,-0.48903,-4.5548,-8.5455,1.6776,-0.00269,0.009303,-0.002955,0.60991,0.32914,0.36497
7.711,-0.46418,6.1137,-0.01056,0.017215,-0.011594,-0.61713,-0.42723,-0.1403,-3.004,9.1302,-1.6773,0.014543,-0.007341,0.005011,0.26356,-0.36071,0.62897,-0.43274,-8.7242,4.5643,-0.004042,-0.005084,-0.000697,-0.52587,0.47168,-0.35604,-4.9676,8.24,1.8969,0.013769,0.012487,-0.003176,0.52045,-0.095093,-0.48828,-4.5848,-8.5603,1.6771,0.002634,0.007669,0.003367,0.60995,0.329,0.36537
7.7036,-0.44927,6.1063,-0.000578,0.022544,-0.00978,-0.61786,-0.42628,-0.14128,-3.0041,9.1424,-1.6918,0.039808,0.016467,0.002264,0.2625,-0.36006,0.62877,-0.46234,-8.5444,4.6145,-0.026625,0.004105,0.009901,-0.5239,0.47264,-0.35482,-4.9675,8.21,1.8969,-0.007522,-0.010375,-0.006873,0.5201,-0.093882,-0.48961,-4.5698,-8.5455,1.6998,0.004502,0.005766,-0.002084,0.60851,0.32952,0.36399
7.6813,-0.43427,6.1062,0.022928,0.024331,0.003011,-0.61841,-0.42718,-0.14157,-3.0244,9.2713,-1.7788,0.008416,-0.002998,-0.007351,0.26274,-0.35901,0.62863,-0.4912,-8.7385,4.5661,0.007733,0.003904,-0.009515,-0.52486,0.47295,-0.35627,-4.9599,8.1949,1.9121,-0.003174,0.010746,-0.000551,0.52013,-0.093403,-0.48869,-4.6072,-8.5305,1.7216,-0.006238,-0.001618,-0.011136,0.60969,0.32848,0.36537
7.7336,-0.43461,6.0842,-0.010509,0.029809,-0.007998,-0.61686,-0.4284,-0.14015,-2.9892,9.1401,-1.6871,0.007627,-0.004886,-0.016408,0.26289,-0.35999,0.63025,-0.44277,-8.6126,4.6625,0.000343,-0.008647,0.001072,-0.52396,0.4737,-0.356,-4.9977,8.27,1.8663,-0.004894,0.003722,-0.004116,0.52068,-0.093669,-0.48867,-4.5847,-8.5455,1.707,0.006398,-0.00337,-0.011188,0.61004,0.32927,0.36484
7.6854,-0.39638,6.0618,-0.019274,0.0036303,0.0056322,-0.61431,-0.41434,-0.14077,-3.0054,9.1076,-1.7425,-0.022811,-0.015534,-0.0044043,0.24742,-0.35933,0.64612,-0.35124,-8.824,4.6491,-0.019047,-0.010471,0.013707,-0.52463,0.46748,-0.35023,-4.9864,8.2257,1.8866,0.0081498,-0.0049787,-0.009596,0.51852,-0.087222,-0.48701,-4.5931,-8.5229,1.6974,-0.016839,-0.0038543,-0.0033381,0.60739,0.32026,0.36821
7.7124,-0.32375,6.0333,0.003802,0.025877,-0.021321,-0.61825,-0.41823,-0.14625,-3.0113,9.1918,-1.7292,0.0075805,-0.0027953,0.0059629,0.28308,-0.3545,0.63196,-0.43537,-8.8195,4.511,-0.035345,-0.016659,0.020054,-0.53018,0.48151,-0.34093,-4.9879,8.2027,1.8674,0.0028851,0.034379,-0.00084101,0.51309,-0.084914,-0.4592,-4.5976,-8.5112,1.7032,0.0033459,0.00073893,-0.017081,0.60684,0.30758,0.35636
7.7104,-0.39053,6.0422,0.018765,0.026833,-0.025549,-0.6213,-0.42699,-0.14558,-2.9673,9.2367,-1.7393,0.01805,0.022316,-0.0018278,0.26327,-0.37234,0.63055,-0.44364,-8.7253,4.5811,-0.060312,-0.020221,-0.02871,-0.51701,0.46648,-0.35877,-4.9739,8.1985,1.8537,0.017209,-0.0016773,0.0093503,0.52422,-0.090742,-0.49218,-4.5862,-8.5665,1.7009,0.0039646,-0.013899,0.013197,0.6154,0.33284,0.37563
7.6703,-0.44194,6.0991,0.0027555,0.026784,0.010042,-0.61753,-0.42373,-0.13819,-2.9991,9.1786,-1.7579,0.0048214,0.0025954,-0.008703,0.26763,-0.3558,0.62612,-0.43319,-8.8237,4.5356,-0.0095886,-0.011484,0.0053521,-0.51256,0.47376,-0.35394,-4.9781,8.2365,1.865,-0.026889,0.0063701,-0.017437,0.52562,-0.076871,-0.47241,-4.5898,-8.5446,1.7092,-0.022057,-0.0030617,0.0019671,0.61923,0.34248,0.37472
7.7391,-0.40068,6.1252,-0.01722,0.053542,-0.013894,-0.60456,-0.43044,-0.13293,-2.9387,9.1612,-1.6998,0.015863,-0.01583,0.00023469,0.25014,-0.34513,0.63587,-0.43683,-8.7114,4.5583,-0.015194,-0.0052113,0.0049828,-0.52559,0.46317,-0.36366,-4.9802,8.199,1.8944,-0.0057291,0.015523,-0.016656,0.51563,-0.078203,-0.49354,-4.5866,-8.5356,1.6908,0.016977,0.013519,-0.022991,0.60182,0.31924,0.34899
7.6601,-0.39499,6.0995,-0.0085594,0.037813,-0.0037183,-0.61079,-0.44129,-0.1389,-2.9982,9.1542,-1.7964,0.051763,0.0048192,-0.0091362,0.26482,-0.35084,0.60671,-0.42011,-8.7624,4.6023,-0.030095,0.018714,-0.0053439,-0.54447,0.46526,-0.35977,-4.9833,8.2282,1.899,0.00048186,0.021215,-0.0039706,0.52487,-0.11879,-0.49442,-4.6166,-8.5509,1.6855,0.0035953,0.01578,-0.0075376,0.58908,0.32252,0.3588
7.6949,-0.42704,6.0439,-0.0039199,0.018466,0.0078374,-0.6171,-0.42348,-0.1372,-3.019,8.9317,-1.7409,0.026644,-0.011133,-0.031858,0.2634,-0.37271,0.62478,-0.42769,-8.9162,4.4986,0.012268,-0.011651,-0.017795,-0.52163,0.47229,-0.36252,-4.9723,8.2057,1.8829,0.024323,-0.0064222,-0.0068578,0.51878,-0.10093,-0.48348,-4.5582,-8.5478,1.6848,-0.030127,0.011807,-0.018725,0.60567,0.32743,0.3619
7.6928,-0.42512,6.1413,-0.037884,0.037407,0.012056,-0.6177,-0.41933,-0.14631,-2.9913,9.2626,-1.823,0.023482,-0.009817,-0.024673,0.26512,-0.35922,0.62942,-0.42143,-8.2329,4.5796,-0.0037935,-0.0004859,-0.0053808,-0.53355,0.48828,-0.36629,-4.9857,8.2094,1.8713,-0.0062223,0.0084698,0.0089394,0.52288,-0.083212,-0.4912,-4.548,-8.5315,1.7013,0.020427,-0.0016392,-0.019848,0.61213,0.33278,0.37512
7.7203,-0.42957,6.0884,0.0060846,0.04352,0.012074,-0.60339,-0.43697,-0.14432,-3.0004,9.1165,-1.746,0.013482,-0.011592,0.00012264,0.27334,-0.3681,0.62528,-0.44868,-8.8557,4.5852,0.072704,0.013104,-0.0042094,-0.52757,0.48517,-0.35024,-4.946,8.2213,1.9093,-0.021566,-0.0074869,-0.0065368,0.53226,-0.093133,-0.48777,-4.5767,-8.5507,1.6348,0.02092,-0.010732,0.014392,0.61561,0.30816,0.37796
7.7268,-0.44328,6.0243,0.0033532,-0.0060674,0.013482,-0.63705,-0.44808,-0.14179,-3.0038,9.1168,-1.7533,0.038107,-0.010521,-0.013832,0.2661,-0.36188,0.636,-0.43203,-8.6193,4.4212,0.18977,0.019279,-0.010097,-0.52712,0.47068,-0.34809,-5.0082,8.1973,1.8895,-0.00292,-0.01527,-0.0025203,0.53531,-0.10061,-0.49648,-4.5687,-8.5841,1.6793,-0.019425,0.016388,-0.018132,0.61124,0.3367,0.37207
7.68,-0.39978,6.0929,-0.0021923,0.030804,-0.0079131,-0.62296,-0.42805,-0.14442,-2.9799,9.1216,-1.7688,0.051365,-0.010055,-0.019541,0.25909,-0.38128,0.64001,-0.43664,-8.6045,4.4916,-0.024572,0.044846,-0.018428,-0.5056,0.4836,-0.35299,-4.9678,8.2081,1.9132,-0.0074461,-0.006597,0.017884,0.53425,-0.09766,-0.47558,-4.5962,-8.5605,1.7206,0.014744,-0.0047019,0.0048412,0.60803,0.32326,0.38756
7.7121,-0.43171,6.0649,-0.033711,0.04694,-0.013555,-0.62298,-0.41355,-0.12527,-2.9763,9.2383,-1.7255,-0.016824,0.023643,-0.009557,0.25328,-0.35073,0.63679,-0.42631,-8.7764,4.5987,0.017851,-0.014579,-0.037306,-0.51773,0.47899,-0.36247,-5.0286,8.2166,1.8965,-0.01634,0.00084872,0.015129,0.50932,-0.11243,-0.47978,-4.6054,-8.5453,1.7175,0.010611,0.015839,-0.0029105,0.5927,0.33748,0.3656
7.6754,-0.44214,6.1654,-0.040892,0.032827,-0.0070511,-0.61329,-0.42992,-0.13304,-2.9969,9.1049,-1.3524,-0.010324,-0.0059607,0.017829,0.27163,-0.34973,0.63492,-0.47058,-8.5523,4.3956,-0.027769,-0.029782,0.0015643,-0.52384,0.47325,-0.35109,-4.9985,8.2268,1.8965,-0.0057558,-0.0020123,-0.027447,0.5239,-0.094295,-0.4794,-4.5713,-8.5634,1.684,-0.0060839,-0.0025139,0.002395,0.59221,0.34069,0.3674
7.7064,-0.39481,6.1315,0.00018464,0.018708,-0.012994,-0.62338,-0.43434,-0.13425,-2.9794,9.1003,-1.82,0.0011598,-0.0081975,0.0081071,0.25646,-0.35399,0.63878,-0.47638,-8.7422,4.4598,-0.0026237,-0.048422,0.0044076,-0.51392,0.48571,-0.33274,-4.9728,8.203,1.8994,-0.01641,0.012298,-0.001258,0.52508,-0.096904,-0.48041,-4.583,-8.5228,1.6952,0.0037671,-0.013798,-0.019338,0.62075,0.34614,0.36087
7.6581,-0.37303,6.128,0.006543,0.040396,0.0027279,-0.62175,-0.42684,-0.14953,-2.9779,9.2238,-1.6919,0.0040554,0.0010697,0.016018,0.26717,-0.35478,0.62792,-0.49973,-8.76,4.4673,-0.011611,0.017557,0.00030506,-0.53513,0.45694,-0.36544,-5.0012,8.2209,1.885,-0.003304,0.017995,-0.011253,0.53319,-0.092627,-0.51749,-4.6164,-8.5513,1.6989,0.0041657,-0.024587,-0.004561,0.6045,0.35722,0.36944
7.6628,-0.43345,6.1074,-0.008754,0.012465,-0.011592,-0.62775,-0.42577,-0.14719,-3.0276,9.1522,-1.7328,0.022157,0.013222,0.00046813,0.2565,-0.36246,0.62432,-0.4683,-8.7435,4.4646,0.0065168,-0.012784,0.0052713,-0.50306,0.49033,-0.33681,-4.9752,8.2402,1.8793,0.005454,0.016957,-0.00073199,0.53062,-0.12114,-0.46982,-4.6151,-8.5523,1.6841,-0.017942,0.021749,-0.0072285,0.59461,0.3282,0.33941
7.716,-0.40762,6.1055,-0.0094778,0.038066,-0.015369,-0.62297,-0.4428,-0.15758,-3.0051,9.1617,-1.6528,0.0030695,-0.017161,-0.015763,0.24315,-0.36345,0.61206,-0.41973,-8.7163,4.5606,0.0018349,0.013461,-0.028566,-0.52148,0.4871,-0.34528,-4.9612,8.1984,1.8904,0.00018135,-0.016604,0.002267,0.5223,-0.072871,-0.4921,-4.597,-8.5534,1.6898,-0.0066609,0.019101,0.0028418,0.60361,0.31915,0.3788
7.7062,-0.48489,6.0985,0.034506,0.013721,-0.0039622,-0.62337,-0.41935,-0.1354,-3.0199,9.1586,-1.8729,0.026965,-0.001065,0.012578,0.26485,-0.38456,0.63591,-0.45793,-8.6488,4.4841,-0.0063853,0.014751,-0.064896,-0.5383,0.47026,-0.35905,-4.9604,8.2258,1.876,-0.0011986,0.0022369,-0.011782,0.5285,-0.10456,-0.48338,-4.5781,-8.5501,1.6907,-0.0047321,0.014344,-0.0086245,0.60875,0.33678,0.37326
7.7326,-0.44796,6.1154,-0.019853,0.03875,-0.018358,-0.62024,-0.42428,-0.14202,-2.9577,9.2185,-1.7168,-0.022462,-0.010312,-0.0033686,0.26382,-0.372,0.61413,-0.45514,-8.6416,4.4171,-0.022843,0.0053403,0.0015822,-0.5188,0.47125,-0.35635,-4.961,8.2447,1.8893,2.0818e-05,0.0026176,-0.017433,0.5171,-0.086237,-0.48745,-4.5738,-8.5245,1.7042,-0.0103,0.0037697,-0.0076295,0.6177,0.32112,0.37303
7.7185,-0.46315,6.1066,0.002124,0.021617,0.015025,-0.63471,-0.40824,-0.12467,-3.0049,9.1836,-1.6656,0.0048509,0.010611,-0.0027978,0.25168,-0.34749,0.63958,-0.4217,-8.7018,4.69,-0.019612,-0.018293,-0.016081,-0.52951,0.49174,-0.36417,-4.9849,8.1618,1.9099,-0.020789,0.00063564,0.0053048,0.52639,-0.076471,-0.47968,-4.5874,-8.552,1.7401,-0.0094441,0.0023849,-0.0018895,0.61965,0.31969,0.36967
7.6991,-0.4537,6.1543,-0.014604,0.018055,0.0021657,-0.61677,-0.43736,-0.14895,-3.0425,9.1688,-1.7634,0.04082,-0.008742,-0.010474,0.24964,-0.35425,0.62754,-0.38161,-8.741,4.6146,-0.035464,-0.019447,-0.015696,-0.51599,0.46937,-0.34259,-4.9706,8.2323,1.8945,0.0040877,-0.0098036,0.006679,0.52788,-0.09359,-0.48071,-4.6281,-8.5222,1.6915,-0.0076644,0.012113,-0.016056,0.62169,0.32127,0.37792
7.7606,-0.43522,6.0991,0.0064643,0.027763,0.0028172,-0.62715,-0.42846,-0.13281,-3.0313,9.0044,-1.7392,-0.010999,0.0028764,-0.014855,0.26084,-0.36043,0.61912,-0.45378,-8.7208,4.5441,-0.081845,0.0094133,-0.0017415,-0.5019,0.47029,-0.36767,-5.0161,8.1673,1.9312,0.02743,-0.0076057,-0.012633,0.5381,-0.091734,-0.50209,-4.5933,-8.5402,1.6943,-0.0061046,-0.0089187,-0.0052321,0.60328,0.33565,0.34826
7.6756,-0.4564,6.1,-0.012992,-0.0043958,-0.0030382,-0.61297,-0.40425,-0.15052,-2.8312,9.283,-1.7526,0.019272,0.01016,-0.0027134,0.24997,-0.34438,0.62773,-0.44992,-8.8095,4.6113,-0.015779,0.0014416,-0.0079647,-0.53247,0.46777,-0.34516,-4.9715,8.2318,1.9429,0.009854,-0.0028661,-0.0088175,0.49648,-0.080896,-0.47572,-4.5838,-8.5516,1.7186,-0.025409,-0.0066768,-0.010448,0.6233,0.32024,0.37216
7.6896,-0.41132,6.0681,-0.034132,0.021387,0.0063269,-0.63213,-0.43372,-0.14202,-3.0771,9.0988,-1.7099,-0.00030517,0.013662,0.0010055,0.26885,-0.34935,0.62141,-0.46967,-8.5773,4.5558,0.0070687,0.016689,0.00068787,-0.52242,0.47726,-0.3568,-4.9143,8.193,1.9302,-0.003176,0.019863,0.0048214,0.52037,-0.10289,-0.49525,-4.6051,-8.5321,1.7264,-0.019052,0.0017798,-0.016933,0.60869,0.31626,0.37211
7.6959,-0.44837,6.1035,-0.0041691,0.01324,-0.018879,-0.61181,-0.41344,-0.13907,-3.0044,9.1288,-1.7765,0.033045,-0.015425,-0.011581,0.2574,-0.35348,0.64061,-0.50057,-8.7565,4.5952,0.11372,-0.0030724,0.014256,-0.52535,0.45806,-0.35152,-4.9935,8.2059,1.9449,0.020114,0.00086568,-0.0053532,0.51598,-0.092084,-0.49924,-4.5937,-8.5551,1.7123,-0.0095706,-0.0091169,-0.0063695,0.61344,0.31255,0.36453
7.7204,-0.38725,6.114,-0.0098722,0.020836,-0.0034615,-0.62216,-0.43574,-0.14492,-3.0155,9.2378,-1.6867,0.0051033,0.0054922,-0.019751,0.28174,-0.35722,0.65147,-0.383,-8.6235,4.6104,-0.064915,0.018911,0.0054103,-0.53661,0.47368,-0.33623,-4.9559,8.2438,1.9419,0.013486,-0.0017229,-0.0063727,0.52071,-0.077406,-0.4885,-4.6346,-8.5241,1.6943,0.0070029,0.010667,-0.011721,0.60207,0.32857,0.37135
7.7004,-0.37858,6.1076,-0.0043566,0.049957,0.0042473,-0.62993,-0.42764,-0.13973,-2.9988,9.2048,-1.7576,0.0061267,0.002087,-0.0109,0.26097,-0.36454,0.63414,-0.43836,-8.6787,4.3853,-0.0019911,0.011588,-0.046895,-0.51933,0.47632,-0.34658,-4.9665,8.1982,1.916,0.0098666,-0.016152,-0.0028376,0.52526,-0.091296,-0.48562,-4.6099,-8.5386,1.6681,0.00056921,0.0069815,-0.010926,0.61503,0.32851,0.37072
7.672,-0.39739,6.0784,0.016912,0.02943,0.0056054,-0.60316,-0.43145,-0.15796,-3.0001,9.1772,-1.7861,0.013585,-0.017445,-0.0029815,0.27899,-0.35626,0.64316,-0.45318,-8.7618,4.4651,-0.042283,-0.011452,0.029147,-0.51583,0.46445,-0.35237,-4.921,8.2298,1.9379,-0.0087225,0.019236,-0.01675,0.533,-0.10684,-0.48988,-4.5865,-8.5314,1.7189,-0.0058545,0.0057125,0.0074322,0.60923,0.33459,0.35875
7.6878,-0.33674,6.1526,0.0032934,0.0054582,-0.013283,-0.62755,-0.4165,-0.13638,-2.9677,9.1493,-1.6956,0.0201,-0.020887,-0.0015225,0.26328,-0.3554,0.63542,-0.4495,-8.6156,4.4495,0.0014175,0.0072318,-0.0068125,-0.53403,0.46436,-0.34981,-5.0401,8.1953,1.9039,0.0064522,0.00081223,-0.0037928,0.52606,-0.1011,-0.47913,-4.6146,-8.5711,1.6845,-0.00047379,0.0090507,-0.0028029,0.61791,0.32808,0.37536
7.645,-0.38278,6.0924,-0.016421,0.039471,-0.013636,-0.62437,-0.42864,-0.14056,-2.9871,8.9288,-1.7372,0.069942,0.025433,-0.022142,0.26729,-0.37272,0.6313,-0.43773,-8.835,4.4416,0.020227,-0.004015,0.0031532,-0.53681,0.48275,-0.35272,-4.9751,8.2128,1.8973,-0.016025,0.0005319,-0.0048308,0.52068,-0.098493,-0.49214,-4.5854,-8.5558,1.6987,0.0074414,0.0073457,0.0044998,0.5976,0.33305,0.36694
7.6982,-0.44242,6.0942,0.0077563,-0.025342,0.0049401,-0.59949,-0.42892,-0.13612,-2.969,9.2775,-1.7321,0.013035,-0.020593,-0.0046611,0.26161,-0.37316,0.6333,-0.42018,-8.7005,4.5585,-0.0094494,-0.019629,0.0096135,-0.49201,0.4506,-0.35329,-5.0059,8.2235,1.9068,-0.012566,-0.0012239,-0.0077595,0.52849,-0.089074,-0.48435,-4.6001,-8.5265,1.7066,-0.010939,-0.0011845,-0.025079,0.621,0.33008,0.3673
7.7008,-0.42329,6.0838,-0.02347,0.015205,-0.0073566,-0.59868,-0.44712,-0.13959,-2.9951,9.1116,-1.7145,0.013946,-0.019759,0.0025358,0.24387,-0.36654,0.63824,-0.41037,-8.6611,4.4742,0.076852,0.0084182,-0.021227,-0.52789,0.4655,-0.35402,-4.9601,8.1986,1.8983,-0.01312,0.0040099,-0.011534,0.52473,-0.095663,-0.49777,-4.5741,-8.5442,1.6994,-0.0077586,-0.003766,-0.0049314,0.62099,0.34176,0.36363
7.716,-0.38488,6.0873,-0.001064,0.022217,-0.00031574,-0.62065,-0.413,-0.13609,-3.0351,9.1351,-1.7248,-0.0067339,0.0048608,-0.0047201,0.2606,-0.36012,0.634,-0.46106,-8.7305,4.408,0.18062,-0.008143,0.026252,-0.51555,0.4801,-0.35159,-4.97,8.2059,1.8754,-0.0049942,0.036848,-0.0035717,0.52956,-0.08677,-0.48516,-4.5899,-8.522,1.7185,-0.014177,0.0022822,0.0056192,0.60861,0.3443,0.36504
7.7173,-0.42486,6.2397,-0.023945,0.014604,-0.0048584,-0.63193,-0.44206,-0.14569,-2.9627,9.1136,-1.7551,0.040741,0.022625,-0.0068399,0.2685,-0.35932,0.64007,-0.45163,-8.8403,4.696,-0.039442,0.019245,-0.013462,-0.5111,0.47488,-0.35875,-4.965,8.2006,1.915,0.0043358,-0.021432,-0.016331,0.52187,-0.094832,-0.4858,-4.5934,-8.5518,1.6882,0.0028691,-0.016197,-0.01306,0.61476,0.34862,0.36385
7.6646,-0.41791,6.0771,-0.028567,0.0047961,-0.0030401,-0.60405,-0.44239,-0.15733,-3.0032,9.2618,-1.7741,0.021678,0.010701,0.017449,0.25305,-0.36301,0.62894,-0.32547,-8.491,4.6022,0.040151,0.016832,-0.015528,-0.53183,0.46447,-0.37194,-4.9585,8.2248,1.9034,-0.0050337,0.0077623,-0.0099838,0.50724,-0.091869,-0.47805,-4.6021,-8.5587,1.7197,-0.016649,0.0054911,0.0027,0.61428,0.32832,0.36181
7.6786,-0.43451,6.0851,-0.0072758,0.024269,-0.01822,-0.61654,-0.42136,-0.13584,-3.0072,9.112,-1.7214,-0.01958,-0.028952,-0.017214,0.25136,-0.36691,0.65103,-0.39901,-8.8386,4.5592,-0.014378,-0.0039999,-0.023496,-0.51414,0.4652,-0.35802,-4.9747,8.1865,1.8998,-0.010753,-0.016856,-0.0068828,0.52304,-0.099969,-0.47963,-4.5989,-8.5564,1.7499,-0.007271,-0.010411,-0.0084222,0.61931,0.31786,0.36438
7.6813,-0.4169,6.1374,-0.042945,0.036514,0.012254,-0.62456,-0.42024,-0.13882,-2.9893,9.0962,-1.7766,-0.063428,-0.021453,-0.00043384,0.27257,-0.3463,0.6252,-0.46701,-8.8187,4.602,0.010498,0.0041233,-0.0099234,-0.52506,0.47535,-0.36651,-4.9707,8.2023,1.9295,0.00549,-0.0078018,-0.011478,0.53411,-0.093485,-0.48385,-4.5858,-8.5428,1.7087,-0.020303,0.011478,0.0031439,0.60968,0.31743,0.35585
7.734,-0.40046,6.0318,0.00016772,-0.0089616,0.00079067,-0.61786,-0.41414,-0.12984,-2.9593,9.2094,-1.7318,0.01139,0.0043749,-0.018715,0.27015,-0.3563,0.64459,-0.42286,-8.7194,4.5387,-0.0046317,0.019908,-0.019606,-0.53939,0.49305,-0.35642,-5.007,8.2328,1.9328,0.0044764,0.027872,-0.025066,0.53574,-0.10361,-0.47977,-4.5875,-8.5245,1.6852,-0.0024279,0.022858,0.010658,0.62538,0.34136,0.36892
7.6615,-0.41594,6.0911,0.01359,0.038001,0.01729,-0.61162,-0.4196,-0.12936,-2.998,9.1676,-1.7882,0.01156,0.014718,-0.0070136,0.26409,-0.37906,0.62462,-0.46327,-8.8338,4.6072,0.0077733,0.035492,-0.014357,-0.5294,0.46457,-0.36195,-4.9976,8.1795,1.9297,0.0033598,0.0035093,-0.011546,0.52025,-0.11063,-0.49221,-4.5926,-8.5558,1.6921,-0.0079098,0.011052,0.016834,0.61123,0.34373,0.37305
7.693,-0.43209,6.1222,-0.011824,0.027352,0.0091405,-0.61887,-0.4105,-0.12418,-3.0034,9.1719,-1.7336,0.049291,0.012827,-0.01923,0.28694,-0.35993,0.63137,-0.43198,-8.7012,4.5827,-0.0026597,-0.011382,-0.010625,-0.50917,0.47862,-0.34588,-5.0018,8.2321,1.8834,-0.0089452,-0.020263,-0.025591,0.53429,-0.084219,-0.4814,-4.5955,-8.5297,1.6943,0.0022953,0.0018749,-0.0038685,0.6084,0.33821,0.36306
7.6958,-0.40447,6.1343,-0.0091563,0.012431,0.010485,-0.61085,-0.45533,-0.13156,-2.98,9.1515,-1.737,0.00052447,0.0185,-0.0070012,0.27038,-0.37967,0.63272,-0.4844,-8.7677,4.5777,-0.0078959,-0.0080852,-0.010385,-0.54002,0.46175,-0.37646,-4.9605,8.2224,1.9273,-0.013853,-0.0083867,-0.017042,0.51178,-0.088556,-0.48978,-4.605,-8.525,1.6777,-0.015378,-0.0027781,0.0017005,0.61494,0.31935,0.35919
7.7057,-0.40416,6.0756,-0.021242,0.032348,-0.005153,-0.62283,-0.42456,-0.14983,-3.04,9.2136,-1.7933,0.029805,0.0072145,-0.010894,0.25944,-0.35584,0.61698,-0.4809,-8.9222,4.5714,-0.0061881,-0.0101,-0.0010115,-0.54512,0.47794,-0.34855,-5.012,8.1678,1.8778,-0.012925,0.015612,-0.0065114,0.53331,-0.088911,-0.48538,-4.5493,-8.5356,1.6732,-0.012805,-0.011395,0.0012078,0.61093,0.32368,0.38426
7.7062,-0.42283,6.0697,0.017458,0.024397,0.005788,-0.60184,-0.43242,-0.13492,-3.0214,9.164,-1.7313,-0.020452,0.018537,-0.0023561,0.24431,-0.34919,0.64828,-0.50107,-8.2306,4.5871,-0.019053,-0.0034735,0.01046,-0.52351,0.49279,-0.3492,-4.973,8.2786,1.9182,-0.020023,-0.016181,0.0039484,0.5053,-0.07525,-0.48977,-4.5766,-8.5474,1.6787,-0.002494,-0.00055296,0.023508,0.60806,0.32105,0.38047
7.726,-0.40496,6.1464,0.0051022,0.034931,0.011746,-0.62312,-0.41657,-0.14201,-3.0406,9.1615,-1.3487,0.0057507,-0.0041499,-0.0028291,0.26113,-0.36086,0.62733,-0.40256,-8.8449,4.578,-0.046352,0.0087953,0.0046198,-0.51886,0.46947,-0.34396,-5.0165,8.1961,1.8929,0.004398,-0.0044341,0.0058417,0.51835,-0.093929,-0.49469,-4.5728,-8.5752,1.6885,-0.011268,-0.01926,-0.0055929,0.60841,0.32261,0.36639
7.6992,-0.48575,6.0942,-0.0014079,0.010427,-0.028901,-0.61785,-0.43146,-0.14386,-2.9399,9.0077,-1.7846,0.014397,-0.012704,0.031615,0.26058,-0.36599,0.63083,-0.45679,-8.6162,4.6036,-0.086479,-0.010363,-0.02353,-0.52471,0.4735,-0.35895,-5.0096,8.2437,1.9267,0.015474,0.035392,-3.5312e-05,0.52019,-0.098897,-0.49603,-4.5828,-8.5766,1.6642,-0.010819,0.013438,-0.013674,0.61442,0.34174,0.37356
7.7302,-0.45259,6.1207,0.0042184,0.031051,-0.0048421,-0.62762,-0.41315,-0.12484,-3.0064,9.2841,-1.7045,-0.0023628,-0.037298,0.0021459,0.24619,-0.35127,0.63729,-0.43494,-8.6029,4.4928,0.0029889,0.0066947,-0.024762,-0.53351,0.49234,-0.35162,-4.9888,8.211,1.9257,-0.0063626,0.030498,-0.022953,0.53155,-0.082881,-0.48725,-4.5866,-8.5312,1.6711,-0.011652,-0.0089893,-0.0087753,0.61627,0.32084,0.3637
7.6891,-0.45853,6.0884,0.0022411,0.042378,-0.004507,-0.60652,-0.43359,-0.12297,-3.0535,9.1306,-1.7136,0.0069313,0.0067063,-0.0019194,0.27214,-0.357,0.62129,-0.44573,-8.8032,4.5175,-0.0064884,0.016435,-0.06032,-0.53664,0.47195,-0.34313,-4.9817,8.2288,1.9349,0.005137,0.013755,-0.020059,0.52878,-0.10888,-0.50393,-4.6237,-8.5528,1.717,-0.016408,-0.0026803,0.0061197,0.60717,0.31733,0.35601
7.692,-0.44964,6.1,0.0030047,-0.0015398,-0.0024497,-0.64699,-0.43282,-0.12979,-3.028,9.132,-1.6862,-0.0028691,-0.0047725,-0.020138,0.28173,-0.36659,0.6202,-0.44444,-8.5615,4.5107,0.088493,-0.0028674,-0.0033204,-0.52586,0.47667,-0.37011,-4.9979,8.2134,1.9218,0.011787,0.023443,-0.012956,0.51142,-0.097718,-0.49163,-4.5722,-8.5654,1.7211,0.0064095,-0.015672,0.00068778,0.60916,0.33515,0.35541
7.707,-0.45072,6.0871,0.0091954,0.045653,-0.024937,-0.60654,-0.4343,-0.14084,-2.8362,9.1525,-1.8412,0.037242,0.0097434,-0.0040985,0.26633,-0.35376,0.60993,-0.46994,-8.7384,4.5014,0.013071,0.014302,-0.01541,-0.51061,0.46981,-0.36932,-4.9552,8.2087,1.9038,0.010751,0.012589,-0.023652,0.53093,-0.09098,-0.49387,-4.5815,-8.52,1.6807,-0.025059,-0.00040462,-0.0083275,0.60992,0.3257,0.37419
7.7342,-0.42668,6.0952,0.015544,0.025059,-0.017429,-0.60315,-0.43425,-0.15039,-3.0667,9.2686,-1.7368,0.021237,-0.012561,-0.0001507,0.26427,-0.36229,0.63452,-0.33596,-8.7512,4.6765,0.017441,0.015679,-0.016607,-0.54178,0.4765,-0.37502,-4.932,8.2003,1.8975,0.0183,0.0076683,0.0031027,0.51056,-0.087156,-0.48907,-4.6051,-8.545,1.7306,-0.0059305,0.00094785,-0.0015842,0.61593,0.31364,0.371
7.6936,-0.42766,6.0904,-0.022685,-0.0094953,0.017415,-0.60594,-0.44012,-0.14384,-2.9887,9.1468,-1.6754,-0.0050624,-0.0021196,-0.0071849,0.26561,-0.37329,0.61562,-0.44159,-8.7216,4.5051,0.00094953,0.033606,0.00068401,-0.52434,0.46913,-0.36264,-4.9746,8.22,1.91,0.0060687,0.013274,-0.013061,0.51163,-0.076971,-0.48759,-4.6121,-8.5505,1.7275,-0.015593,0.0069297,-0.0035615,0.6063,0.33092,0.38619
7.6635,-0.46823,6.096,0.0072439,0.012987,-0.0017409,-0.61513,-0.41685,-0.1313,-3.0651,9.1137,-1.718,-0.033682,-0.0065069,-0.0047909,0.2675,-0.35855,0.63439,-0.43467,-8.6949,4.5521,-0.027523,-0.0092228,-0.0063332,-0.52778,0.4651,-0.34288,-5.0114,8.2427,1.9055,-0.013687,0.0036536,-0.0024008,0.51785,-0.086074,-0.48352,-4.5978,-8.5622,1.7041,-0.0023549,0.0021139,-0.014763,0.59888,0.31572,0.36341
7.6957,-0.45763,6.086,-0.013125,0.033152,-0.005303,-0.62297,-0.4221,-0.14827,-3.0175,9.1994,-1.746,0.038297,-0.00062623,-0.015427,0.25805,-0.36309,0.62417,-0.41674,-8.644,4.6038,0.0059658,0.014473,0.0063651,-0.53161,0.47494,-0.35542,-4.9563,8.2251,1.8705,-0.0089597,0.019276,0.016611,0.50697,-0.10039,-0.4828,-4.5909,-8.5501,1.6748,0.017494,0.0087277,-0.0034986,0.61174,0.31256,0.3843
7.6679,-0.41521,6.1031,-0.0016587,0.028147,-0.017655,-0.61985,-0.42181,-0.13542,-3.0687,9.2366,-1.726,0.005628,0.0089056,-0.018329,0.27026,-0.35678,0.63832,-0.47744,-8.6534,4.5577,-0.0049912,-0.012066,0.037582,-0.53053,0.47749,-0.32961,-5.0073,8.1914,1.8745,-0.0037438,0.0087479,-0.0058379,0.5233,-0.080185,-0.50422,-4.5684,-8.5503,1.688,-0.00050807,-0.0064727,0.011521,0.59299,0.34643,0.36841
7.7038,-0.43687,6.1115,-0.016862,0.02434,-0.012331,-0.61098,-0.43993,-0.14625,-3.0253,9.1694,-1.7063,0.0070757,0.0085962,-0.0012635,0.28155,-0.36696,0.63968,-0.42978,-8.7129,4.6549,-0.011518,0.016263,-0.0032122,-0.51654,0.45884,-0.34702,-4.9826,8.2945,1.8621,0.0088759,-0.011753,-0.041407,0.51089,-0.09095,-0.4897,-4.5841,-8.541,1.7117,-0.013361,0.011922,-0.0072673,0.59323,0.32944,0.38209
7.7165,-0.45403,6.1176,-0.012438,0.040822,-0.011645,-0.61837,-0.42524,-0.1416,-2.9735,9.1621,-1.758,0.0058193,-0.0074643,-0.0085018,0.26371,-0.32159,0.61991,-0.42164,-8.7419,4.6467,-0.034059,-0.013528,0.013004,-0.51809,0.48165,-0.33694,-4.9235,8.2379,1.8509,0.035232,0.015454,-0.016405,0.52491,-0.092634,-0.47979,-4.6126,-8.5299,1.7307,-0.0038685,-0.010603,-0.00080105,0.60487,0.3467,0.36387
7.6799,-0.45854,6.0929,-0.017273,-0.021319,0.012695,-0.63327,-0.41988,-0.13913,-3.0698,9.1449,-1.7067,0.066052,0.023722,-0.0034519,0.25065,-0.33725,0.6305,-0.40289,-8.7267,4.4998,-0.059499,0.012137,-0.028551,-0.53382,0.47372,-0.37158,-4.9901,8.2211,1.8698,0.0018538,0.0061891,-0.00545,0.53182,-0.10605,-0.4771,-4.5855,-8.5364,1.6804,-0.0024012,0.0084609,0.0026454,0.61361,0.33453,0.387
7.7301,-0.45659,6.0622,0.018886,0.033487,-0.010888,-0.62995,-0.42471,-0.13852,-3.0038,8.9352,-1.7548,0.0069927,0.0041469,-0.016433,0.25448,-0.34332,0.62875,-0.43481,-8.8268,4.5804,-0.0072706,-0.020948,-0.0038455,-0.51872,0.47037,-0.35554,-4.9467,8.1964,1.9071,0.00080005,0.017521,-0.011573,0.51208,-0.10025,-0.4884,-4.6031,-8.5364,1.6968,-0.0013762,-0.0034484,-0.0035088,0.62263,0.32837,0.38963
7.6894,-0.41083,6.0407,0.0049702,0.030243,0.025361,-0.62515,-0.44075,-0.1411,-3.0291,9.2562,-1.518,0.011619,-0.011088,-0.013128,0.27468,-0.37935,0.61634,-0.435,-8.5707,4.5466,-0.022525,0.0093378,0.0065841,-0.52571,0.45599,-0.35219,-4.9854,8.231,1.8986,-0.013665,0.002469,0.019777,0.52104,-0.077032,-0.49765,-4.6112,-8.5247,1.7123,0.003476,0.0036227,-0.00567,0.59286,0.32876,0.35251
7.7223,-0.4368,6.0468,-0.0075888,0.037481,-0.02634,-0.61929,-0.41423,-0.14406,-3.0103,9.1076,-1.8134,-0.030927,-0.0075751,0.0023553,0.25344,-0.35195,0.62776,-0.44183,-8.7654,4.5593,-0.012316,0.035706,0.026922,-0.52716,0.47111,-0.35113,-4.9768,8.2017,1.8987,0.0052031,0.01618,-0.010953,0.53525,-0.087248,-0.47956,-4.5907,-8.5842,1.7193,0.0074373,0.0076676,-0.011704,0.61396,0.33015,0.358
7.7095,-0.42703,6.0987,-0.012246,0.046875,-0.018505,-0.62424,-0.44074,-0.13786,-3.0243,9.1028,-1.621,0.0002587,-0.0061315,-0.014083,0.25456,-0.35714,0.62794,-0.43216,-8.7202,4.613,0.010105,-0.0073757,-0.020694,-0.51999,0.47668,-0.36391,-4.9923,8.2336,1.8915,0.0054242,0.016697,-0.0071677,0.51906,-0.097568,-0.49389,-4.5908,-8.5519,1.7337,-0.013935,-0.0024631,-0.032877,0.6173,0.31645,0.3646
7.672,-0.45699,6.1352,0.018791,0.037585,0.01029,-0.62352,-0.42931,-0.14518,-3.018,9.1277,-1.672,0.027931,-0.0088039,-0.032816,0.24529,-0.36024,0.62928,-0.45511,-8.5549,4.4757,0.012822,-0.029953,-0.04554,-0.52062,0.46647,-0.34714,-4.988,8.215,1.9248,-0.0069428,0.01688,0.0071337,0.53654,-0.081807,-0.48918,-4.592,-8.5352,1.6788,-0.0094444,-0.00042141,0.013561,0.61231,0.31716,0.35403
7.7536,-0.40204,6.1112,-0.0047117,0.018151,-0.010511,-0.64147,-0.42329,-0.11408,-3.0017,9.2393,-1.6996,0.016812,-0.018726,-0.024656,0.26849,-0.3553,0.62381,-0.45957,-8.7423,4.6038,0.0637,-0.012355,-0.016559,-0.53439,0.48152,-0.35527,-5.0214,8.2117,1.9075,0.020708,0.0077674,0.0016896,0.51549,-0.069707,-0.48899,-4.5517,-8.5434,1.672,-0.00013173,0.0046361,-0.010024,0.6095,0.3096,0.37545
7.644,-0.4143,6.0432,-0.018876,0.045586,0.01257,-0.61534,-0.4332,-0.12967,-2.909,9.1103,-1.7852,0.030266,-0.00073728,-7.3881e-05,0.27466,-0.34439,0.62877,-0.50291,-8.6152,4.5824,0.19089,0.0012139,-0.0021284,-0.51813,0.47794,-0.36008,-4.9823,8.2262,1.9222,-0.026217,0.010358,-0.028792,0.52566,-0.082014,-0.48793,-4.5812,-8.5436,1.6888,0.0038948,-0.0074303,-0.032584,0.60927,0.31567,0.37347
7.6996,-0.46668,6.1444,-0.014542,0.037345,-0.00095673,-0.63784,-0.42039,-0.15253,-3.036,9.1048,-1.6761,0.039996,0.0087714,-0.006152,0.27144,-0.35606,0.62573,-0.47678,-8.8094,4.431,-0.041378,-0.0047472,-0.0075015,-0.5247,0.47584,-0.36258,-4.97,8.2051,1.8912,-0.0013447,0.013415,0.012206,0.53172,-0.12165,-0.48749,-4.5672,-8.5386,1.7003,0.0095093,-0.0060584,0.0018332,0.60652,0.34027,0.36506
7.6926,-0.45164,6.0865,-0.0092278,-0.0070336,0.023382,-0.61584,-0.41223,-0.15185,-3.0598,9.2256,-1.7404,0.015035,-0.011294,-0.027481,0.25328,-0.35757,0.64222,-0.42207,-8.8217,4.4904,0.022275,0.00041587,0.0007297,-0.52285,0.47786,-0.31926,-4.9828,8.2032,1.906,0.0065916,-0.00081572,-0.0041391,0.54499,-0.096947,-0.50791,-4.6088,-8.5548,1.6573,-0.02286,-0.013342,-0.014723,0.60735,0.30604,0.36122
7.7399,-0.43169,6.0335,-0.03551,0.024154,0.016827,-0.58029,-0.39969,-0.13663,-2.9989,9.1681,-1.7368,0.015133,-0.013858,-0.0086804,0.28361,-0.3471,0.62092,-0.44344,-8.7264,4.6106,-0.049457,-0.0059092,-0.022236,-0.51999,0.47846,-0.36827,-4.9656,8.23,1.8995,0.022872,0.0077439,-0.020412,0.54427,-0.091718,-0.47679,-4.5733,-8.6095,1.6738,-0.016501,0.013496,-0.017171,0.61305,0.30791,0.356
7.7181,-0.44418,6.1089,0.031805,0.058214,0.0057829,-0.62514,-0.40316,-0.14456,-3.0015,9.1652,-1.745,0.028125,-0.016931,0.015909,0.25711,-0.34478,0.6451,-0.45672,-8.8268,4.3911,-0.003056,-0.020291,0.012954,-0.53734,0.48649,-0.338,-4.9617,8.2222,1.8891,0.0041215,0.025245,-0.0043228,0.51397,-0.10392,-0.45877,-4.6076,-8.5569,1.6922,0.008553,0.016007,0.015136,0.60477,0.33907,0.38251
7.6831,-0.38774,6.057,0.018193,0.029237,-0.012188,-0.60642,-0.42233,-0.14468,-3.0217,9.1469,-1.7556,0.041668,-0.022542,-0.03077,0.246,-0.369,0.62173,-0.43051,-8.7128,4.4568,-0.013202,0.011257,0.03666,-0.51881,0.45477,-0.34857,-4.9871,8.1996,1.8875,-0.0050223,0.016038,0.00064735,0.52318,-0.10535,-0.49853,-4.5966,-8.5621,1.7118,-0.025068,-0.0056467,-0.013925,0.59095,0.33183,0.36197
7.7054,-0.3166,6.1612,-0.010671,0.024481,-0.0075655,-0.61184,-0.42493,-0.1467,-3.0045,9.2294,-1.7019,0.039009,0.021906,0.022412,0.28049,-0.3723,0.64935,-0.40265,-8.7729,4.4718,0.018677,0.0027547,0.013977,-0.5415,0.47387,-0.36541,-4.9727,8.2218,1.8901,-0.01032,-0.0060955,-0.016642,0.52,-0.090326,-0.46548,-4.5837,-8.5591,1.7178,0.031132,0.0097337,-0.0065167,0.5985,0.312,0.35239
7.6758,-0.4118,6.141,-0.024695,0.039085,-0.0048339,-0.64106,-0.42593,-0.15155,-2.998,9.1771,-1.7955,-0.015938,-0.0015689,0.02425,0.24531,-0.355,0.61911,-0.45357,-8.9362,4.4468,-0.0022211,-0.0010436,-0.026398,-0.51284,0.47833,-0.34858,-5.0086,8.24,1.8678,-0.021695,0.010182,0.0078919,0.53723,-0.10012,-0.50777,-4.5978,-8.5331,1.6978,0.013748,0.0020255,0.0025187,0.61955,0.32825,0.39169
7.7026,-0.4388,6.1343,-0.061598,0.019607,-0.021046,-0.62366,-0.40229,-0.14175,-3.0075,9.1702,-1.7415,-0.019144,0.036466,-0.01433,0.28261,-0.33749,0.63125,-0.43584,-8.2366,4.5535,0.0011479,0.0083732,0.000996,-0.53815,0.50081,-0.36369,-4.9681,8.2009,1.9118,-0.027127,-0.016913,0.0080496,0.52095,-0.079428,-0.49747,-4.5909,-8.5397,1.6852,-0.027321,-0.022185,0.012389,0.62713,0.33967,0.37366
7.6395,-0.39873,6.1065,-0.0045716,0.029213,-0.00029061,-0.61575,-0.4217,-0.13762,-2.9639,8.9955,-1.7994,0.0047559,0.0076209,-0.0022902,0.27307,-0.34386,0.60996,-0.47328,-8.8464,4.4651,-0.041622,-0.0097018,-0.0026423,-0.52538,0.48471,-0.34664,-5.0026,8.2218,1.9034,-0.022019,-0.0028612,0.017598,0.51778,-0.091647,-0.50635,-4.6109,-8.5545,1.6901,0.015004,0.018378,-0.02658,0.63941,0.34033,0.33958
7.668,-0.39776,6.1059,0.020241,0.006083,-0.015429,-0.60521,-0.44661,-0.13742,-3.0044,9.2992,-1.7492,0.0039577,-0.0081718,-0.010486,0.25838,-0.36465,0.62362,-0.47123,-8.6318,4.4158,-0.0012696,-0.0030383,0.0025322,-0.55331,0.48916,-0.3657,-4.9742,8.2558,1.9085,-0.028236,0.027926,-0.001646,0.544,-0.080904,-0.48449,-4.5595,-8.552,1.7019,0.03129,0.00019098,-0.010876,0.61937,0.35042,0.35466
7.7311,-0.44372,6.0925,0.0089589,0.021917,0.0075193,-0.61634,-0.45542,-0.13195,-2.9301,9.0896,-1.7532,0.035438,-0.025853,0.0084823,0.26168,-0.34429,0.63442,-0.43903,-8.6156,4.6972,-0.033562,-0.021266,-0.0079216,-0.52044,0.47319,-0.36125,-4.9748,8.1714,1.9347,0.0017592,0.011683,-0.005383,0.50334,-0.11841,-0.49168,-4.5621,-8.5501,1.6723,-0.029377,0.012589,-0.0045046,0.60402,0.3527,0.36565
