8.886,0.011325,2.4426,0.46143,0.21914,-0.080336,-0.74432,-0.20439,-0.50703,-7.9267,9.3092,1.7301,0.083021,-0.72895,0.62266,-0.012604,-0.68897,-0.1699,-0.20567,-6.4872,8.1903,0.32484,-0.18449,-1.0022,0.37586,0.40715,-0.97322,-8.7475,0.87925,-0.65119,-0.43786,0.041001,0.36813,0.68822,-0.13313,0.061339,-9.1887,-1.3514,-2.1973,-0.877,0.027193,1.5847,0.33224,0.49198,0.009405
8.076,0.23473,1.9231,0.33205,0.43169,-0.04687,-0.73924,-0.21759,-0.51731,-7.3002,7.0675,2.025,-0.1561,-0.77459,0.22583,-0.020751,-0.68812,-0.18408,0.25234,-5.1886,8.4681,0.46084,0.071715,-0.62853,0.36206,0.40924,-0.97524,-9.2953,-0.45438,-1.4936,-0.27462,-0.2122,0.88139,0.68111,-0.14646,0.053974,-7.1244,-3.2365,-2.0554,-0.66372,0.056083,1.8486,0.35544,0.48499,0.028625
6.9007,0.45363,1.4083,-0.22899,0.53251,-0.007165,-0.73256,-0.22495,-0.52984,-7.4818,7.0343,1.8828,-0.33205,-0.82999,-0.37415,-0.017471,-0.68378,-0.20882,0.78602,-3.856,8.5361,0.34925,0.36842,-0.19148,0.36239,0.40043,-0.97384,-8.3756,0.79438,-1.529,-0.085366,-0.12809,1.3296,0.66924,-0.16583,0.045616,-6.9139,-2.9398,-1.7224,-0.23706,0.14024,1.9466,0.38086,0.47397,0.044954
5.6317,-0.1868,1.0811,-0.37884,0.3356,0.10731,-0.72563,-0.21147,-0.53957,-6.5162,7.1727,2.3074,-0.12161,-0.68521,-0.98757,-0.00147,-0.68084,-0.24979,0.91039,-3.2665,7.2417,0.042731,0.81023,0.27904,0.37872,0.39376,-0.96139,-7.5677,-0.97376,-1.3454,0.32507,0.25329,2.007,0.64954,-0.20043,0.045295,-7.0494,-3.7411,-0.96485,-0.1012,0.23063,1.7841,0.4106,0.46211,0.058663
5.9628,0.35262,0.75886,-0.62625,-0.21438,0.14038,-0.7257,-0.19126,-0.53276,-6.6697,7.9094,2.3827,0.06179,-0.60361,-1.6368,0.031276,-0.67967,-0.29239,-0.38175,-6.3219,8.5906,-0.16429,1.1735,0.5244,0.40969,0.38979,-0.9376,-8.3755,-0.32103,-0.37201,1.0849,0.63676,2.3594,0.61837,-0.24615,0.059643,-7.5887,-3.6482,-1.1754,0.055029,0.14161,1.5573,0.43629,0.45051,0.06775
7.3607,0.071647,1.5286,-1.1029,-0.33211,0.025495,-0.72714,-0.14607,-0.51815,-7.3126,6.7893,2.4028,-0.20985,-0.59497,-2.179,0.08213,-0.6849,-0.35057,0.1389,-5.1612,7.1823,-0.009734,1.4798,0.71096,0.4507,0.37515,-0.90407,-9.6868,-0.006814,-1.4341,0.85536,0.86663,2.5622,0.57769,-0.29412,0.086112,-8.892,-3.4393,-1.5106,0.025976,0.21318,1.3178,0.46349,0.43788,0.075584
8.9707,0.52988,2.275,-0.94215,-0.52214,-0.14562,-0.73071,-0.11164,-0.49645,-7.9598,6.8117,2.778,-0.097968,-0.72446,-1.8872,0.12003,-0.687,-0.41807,-2.158,-4.6461,7.9478,0.17555,1.641,0.87339,0.49558,0.35472,-0.86115,-12.381,3.3778,-2.7374,-0.54582,0.90317,2.549,0.53245,-0.33772,0.10006,-10.569,-2.9686,-1.4182,-0.21576,0.14655,1.1477,0.4835,0.43,0.087193
11.129,-0.028995,2.4668,-0.9219,-0.45655,-0.16482,-0.73462,-0.079348,-0.47623,-6.1271,9.8818,3.5664,-0.069323,-0.89378,-1.2901,0.13817,-0.70163,-0.48964,-3.3415,-5.1529,8.2174,0.53486,1.5343,0.76721,0.52812,0.32768,-0.82118,-14.185,2.0412,-4.0626,-1.4485,1.0021,2.7735,0.48778,-0.37756,0.10251,-11.064,-2.77,-2.0236,-0.51718,0.078201,1.1383,0.50094,0.42233,0.10175
12.202,0.13814,2.9833,-0.71645,-0.32567,-0.22333,-0.73634,-0.048787,-0.45992,-6.0945,7.5721,3.4053,-0.49305,-0.80804,-0.2203,0.15524,-0.71863,-0.56473,-3.3214,-3.9359,7.8714,0.40873,1.2434,0.66857,0.5481,0.3011,-0.77873,-14.318,1.577,-4.3799,-1.0688,0.76039,2.6746,0.44082,-0.41262,0.09097,-11.462,-3.3712,-2.5848,-0.31419,0.030368,1.2091,0.52036,0.40655,0.11666
12.199,0.32578,4.2379,-0.79562,-0.19941,-0.23304,-0.73439,-0.023129,-0.45494,-5.0777,7.9717,3.9675,-0.17835,-1.0269,0.64849,0.14986,-0.75434,-0.62259,-3.3608,-3.8148,8.0911,0.62058,0.8884,0.62657,0.55218,0.2736,-0.74009,-12.131,2.8546,-2.7621,-0.39028,0.57717,2.408,0.4007,-0.4356,0.085216,-11.395,-3.011,-3.1654,0.15159,-0.077642,1.0561,0.53977,0.38811,0.12184
11.603,-0.14773,3.4246,-0.95732,0.079949,-0.17438,-0.73107,0.002052,-0.45686,-4.0422,6.9788,5.1844,-0.52219,-1.1316,1.3729,0.1167,-0.78955,-0.68237,-5.3739,-3.1572,7.3011,0.017319,0.39772,0.4186,0.54324,0.24284,-0.70052,-10.499,3.6251,-2.5351,-0.6602,0.55893,2.0506,0.36414,-0.45509,0.071515,-12.305,-1.6966,-1.84,0.18035,-0.076867,1.1686,0.55877,0.37046,0.12515
11.318,-0.074557,4.2286,-0.95133,-0.002915,-0.21413,-0.72737,0.028337,-0.46172,-2.6809,7.1688,5.4512,-0.10749,-1.2825,1.7308,0.076858,-0.81728,-0.71601,-5.6451,-4.3757,7.8218,0.28052,-0.15425,0.16233,0.5224,0.22867,-0.67508,-8.0929,3.967,-1.3166,-0.6963,0.53463,1.4786,0.34309,-0.46528,0.064013,-12.126,-1.8693,-1.83,-0.082267,-0.23449,1.3997,0.57586,0.34523,0.12458
10.47,-0.073322,3.7671,-0.93193,0.07035,-0.19629,-0.72621,0.052198,-0.46667,-2.0383,7.2805,5.8834,-0.061547,-1.2713,2.001,0.033399,-0.83986,-0.72703,-6.7964,-3.0465,6.5221,0.2578,-0.74958,-0.15527,0.49151,0.21433,-0.65969,-6.6988,3.0723,-1.2577,-0.59338,0.37863,1.0335,0.33118,-0.46921,0.063726,-11.377,-2.6134,-1.513,0.060114,-0.24022,1.2796,0.59343,0.31922,0.12324
10.022,-0.19565,3.7629,-0.89693,0.18113,-0.19676,-0.72389,0.072719,-0.47261,-0.93759,7.5325,5.8961,-0.26311,-1.1024,2.0491,-0.02104,-0.85096,-0.74055,-7.2284,-3.8303,6.1674,-0.42541,-0.99477,-0.3484,0.45369,0.21065,-0.65211,-6.211,3.8489,-1.7664,-0.5544,0.14728,0.31992,0.32588,-0.47248,0.057338,-10.735,-3.8279,-1.1245,0.22873,-0.20994,1.1616,0.60855,0.29242,0.11894
9.9173,-0.33523,3.6791,-1.0765,0.15779,-0.15315,-0.72185,0.098792,-0.4786,0.089766,7.6418,5.8252,-0.18584,-0.99037,1.9079,-0.075561,-0.85972,-0.74558,-7.9003,-4.508,6.7606,-0.45195,-1.1796,-0.60078,0.41082,0.21919,-0.64753,-6.0162,3.8338,-1.5599,-0.14062,-0.066596,-0.089207,0.32672,-0.46935,0.052007,-9.9419,-4.2192,-1.3885,0.59809,-0.089292,0.78031,0.61866,0.27216,0.11066
10.098,-0.032545,3.578,-1.1679,0.3027,-0.22866,-0.71801,0.12307,-0.48572,1.3125,6.0831,5.7453,-0.87817,-0.6229,1.5643,-0.13159,-0.84962,-0.76088,-7.5737,-5.2284,8.0519,-0.53089,-1.0812,-0.76494,0.36491,0.23126,-0.64835,-5.8923,2.8456,-1.8639,0.57214,-0.086362,-0.55718,0.33634,-0.46771,0.049314,-9.9401,-3.0982,-1.5274,0.6896,0.037349,0.38201,0.62325,0.258,0.10209
9.6636,-0.78964,2.958,-1.1796,0.41817,-0.29311,-0.71665,0.14677,-0.49453,2.1939,7.3245,6.6823,-0.035007,-0.69354,1.2745,-0.17929,-0.84315,-0.77332,-8.1481,-5.6263,8.1528,-0.34195,-0.87643,-0.72388,0.34071,0.24608,-0.64474,-7.1884,2.418,-1.2668,1.1383,-0.32695,-0.90561,0.34601,-0.46169,0.066104,-9.9077,-1.9725,-0.91126,0.51634,0.047072,0.10206,0.62253,0.25188,0.096635
9.2903,-1.0231,2.8045,-1.2134,0.49474,-0.34096,-0.711,0.16655,-0.50301,2.3282,6.2225,6.4545,-0.53317,-0.21255,1.0286,-0.20289,-0.83203,-0.78453,-8.2999,-4.6814,7.1023,-0.87666,-0.74667,-0.5016,0.32943,0.26634,-0.63899,-7.075,3.1501,-2.2857,1.2066,-0.73224,-1.2578,0.35893,-0.45629,0.088279,-9.9825,-2.0251,-0.71843,0.68121,-0.055944,0.02955,0.62203,0.24696,0.08892
9.0068,-1.345,2.3526,-0.8733,0.47184,-0.24744,-0.70644,0.18113,-0.50963,2.935,6.6098,6.0712,0.1186,-0.048461,0.65785,-0.22484,-0.82875,-0.77842,-8.1141,-5.0467,7.1555,-0.7323,-0.62846,-0.16026,0.32228,0.28881,-0.63849,-7.1049,2.526,-3.7111,0.99368,-0.82641,-1.5842,0.38126,-0.44628,0.10016,-8.9656,-3.0382,-0.76374,0.69488,-0.1864,-0.20423,0.62118,0.24221,0.076439
7.9639,-1.2771,2.3004,-0.53586,0.59876,-0.21206,-0.69901,0.18656,-0.52276,3.0087,5.5071,5.9986,0.41626,0.36564,0.15773,-0.22781,-0.83625,-0.76033,-7.2826,-5.2884,6.9547,-0.46015,-0.44187,0.2946,0.32412,0.30015,-0.64436,-7.6114,2.2317,-3.7585,1.0134,-0.66349,-1.8187,0.40831,-0.43056,0.11525,-8.02,-2.4554,0.083023,0.38445,-0.23115,-0.83191,0.61428,0.24629,0.064261
6.4875,-1.5534,2.0859,-0.22622,0.64136,-0.11258,-0.68626,0.1857,-0.53885,1.9201,6.3119,6.049,1.1579,0.41909,-0.06691,-0.233,-0.85932,-0.7215,-6.8456,-4.0511,6.3139,-0.35673,-0.33205,0.71029,0.33529,0.30241,-0.65478,-7.2119,3.0277,-3.6238,0.86939,-0.46032,-2.1004,0.44549,-0.40737,0.13237,-7.9204,-1.3069,0.4688,-0.15454,-0.39535,-1.3998,0.59779,0.2622,0.053276
5.6987,-1.6261,1.4751,0.3304,0.47844,0.025565,-0.6731,0.17495,-0.55244,2.6244,7.8207,6.347,0.29655,0.72011,-0.55849,-0.22901,-0.88057,-0.68971,-6.5279,-2.9786,5.8527,-0.52494,-0.2171,1.0603,0.35035,0.29858,-0.66519,-8.0815,4.38,-1.5642,0.37733,-0.43899,-2.0433,0.47785,-0.38422,0.14327,-7.7743,0.30934,1.6485,-0.82835,-0.3834,-1.7835,0.57907,0.28802,0.04428
5.7448,-1.2272,1.6721,1.0131,0.3165,0.0637,-0.66343,0.15337,-0.56449,2.9026,5.0582,6.0736,0.2811,1.0679,-1.2015,-0.19308,-0.88385,-0.67422,-6.5394,-4.8143,5.9235,-0.52453,-0.16819,1.2642,0.36326,0.29445,-0.67583,-8.4297,3.6899,-1.8705,-0.001206,-0.5499,-1.6384,0.50557,-0.36571,0.14204,-8.6766,-0.77798,-0.22984,-1.3896,-0.71056,-1.9666,0.5558,0.31664,0.038785
6.1817,-0.89681,3.401,0.86595,0.18346,0.18824,-0.65287,0.12096,-0.57268,0.28114,6.1684,6.1695,0.60623,1.3273,-1.5481,-0.13051,-0.88285,-0.64842,-6.0563,-5.0833,5.6788,-0.07961,-0.22775,1.285,0.37505,0.28155,-0.69645,-9.0786,2.5637,-4.0056,-0.16598,-0.29307,-1.1886,0.52758,-0.35401,0.13637,-9.4294,-3.5268,0.75107,-0.44668,-0.42031,-2.2396,0.52692,0.34988,0.038834
8.0303,-1.3301,2.4497,1.3079,-0.19899,0.15869,-0.65221,0.090073,-0.57123,-1.2275,8.637,5.1315,0.26565,1.4009,-1.6747,-0.061861,-0.87165,-0.62571,-5.7166,-4.323,5.8492,-0.52702,-0.24482,0.91724,0.37931,0.27184,-0.72432,-9.8516,1.7737,-4.1178,0.093223,-0.044642,-0.89232,0.54081,-0.34676,0.13645,-12.059,-2.386,-1.5463,-0.089387,-0.54709,-2.5007,0.48776,0.38708,0.022111
10.181,-1.117,4.1237,1.112,-0.76618,0.13107,-0.66132,0.047629,-0.5583,-1.4163,7.7428,5.0436,0.20249,1.3499,-1.4354,0.00447,-0.84427,-0.6095,-4.2974,-8.4314,7.2576,-0.67314,-0.32687,0.25274,0.37514,0.29152,-0.75496,-9.9537,1.5609,-3.5419,-0.003322,0.035817,-0.62,0.55152,-0.34057,0.13838,-13.716,-3.6327,-1.6972,-0.056854,-0.27567,-2.5796,0.44361,0.4255,0.011412
11.84,-0.54255,3.4984,1.2844,-0.57987,0.054051,-0.67236,0.008586,-0.53651,-1.6555,7.9426,5.3492,0.27494,1.3141,-1.2664,0.04763,-0.82414,-0.57568,-2.659,-9.4807,8.2077,1.6325,-0.1087,-0.29139,0.37055,0.28468,-0.7914,-10.439,0.11882,-3.5051,0.13235,0.028028,-0.46502,0.55863,-0.33962,0.1446,-13.582,-3.7683,-1.5459,0.075966,-0.088642,-2.4829,0.40162,0.45603,0.005416
12.255,-0.6882,3.8886,1.2549,-0.38409,0.19185,-0.67677,-0.018965,-0.52244,-2.423,6.9833,6.1956,0.3824,1.1194,-1.0285,0.080652,-0.80098,-0.53263,-3.4754,-3.0637,6.7317,0.76345,-0.23007,-0.82215,0.37284,0.26656,-0.82353,-11.854,-0.54579,-3.5931,0.18647,-0.12636,-0.74866,0.56674,-0.33558,0.15227,-11.604,-4.7561,0.57655,0.66864,0.22384,-2.351,0.36412,0.48413,-0.001183
11.268,-0.88397,4.8124,1.1547,-0.17945,0.36952,-0.67929,-0.045187,-0.51553,-4.4764,7.766,4.8524,0.62721,0.78764,-0.71597,0.10734,-0.76831,-0.48545,-2.6017,-5.9017,8.0118,0.018363,-0.53457,-1.2529,0.36356,0.28782,-0.85072,-12.064,-0.054863,-2.8176,-0.30075,-0.31589,-1.0252,0.58252,-0.32478,0.1488,-10.384,-5.6906,1.2969,0.5295,-0.013622,-1.9982,0.33284,0.50866,-0.012008
10.469,-1.1159,5.1256,1.2333,-0.02863,0.36982,-0.67927,-0.067759,-0.51095,-4.3407,7.3037,4.1974,0.005555,0.54883,-0.4383,0.12503,-0.73359,-0.44876,-1.8745,-5.1527,8.0245,0.55613,-0.76459,-1.4477,0.3452,0.29992,-0.88351,-11.66,-0.39635,-3.2743,-0.39146,-0.40935,-1.1036,0.60058,-0.31105,0.13836,-8.1054,-5.5111,2.4714,0.40282,-0.097191,-1.4676,0.30587,0.52773,-0.022726
10.121,-0.69859,5.2227,1.3007,0.046992,0.36501,-0.68039,-0.098021,-0.50797,-5.7471,7.0787,3.6531,0.4278,0.26728,-0.20704,0.14033,-0.692,-0.40961,-1.2829,-5.0155,8.3293,-0.089897,-0.82442,-1.5711,0.32522,0.30909,-0.91366,-10.806,0.37351,-3.6331,-0.15874,-0.41443,-1.0585,0.62386,-0.29335,0.12254,-6.6128,-3.8416,1.5374,0.013362,-0.19182,-1.0972,0.28201,0.54678,-0.027139
10.092,-0.40296,5.4557,1.5105,-0.067366,0.29285,-0.68291,-0.12812,-0.50103,-6.367,7.5925,3.1996,0.34235,0.024807,0.15067,0.14114,-0.66758,-0.36874,-1.0186,-3.7742,7.3485,0.066991,-0.79039,-1.6095,0.29802,0.33151,-0.93729,-10.311,1.2627,-4.1793,0.15603,-0.29618,-0.93133,0.6401,-0.27401,0.11658,-5.0556,-4.2817,1.4206,-0.23712,0.20266,-0.62613,0.26425,0.56134,-0.019525
9.2921,0.36236,4.6339,1.2086,-0.028833,0.22651,-0.68859,-0.15858,-0.49341,-7.0697,8.0672,2.8281,0.49732,-0.068987,0.36935,0.1385,-0.6468,-0.33731,0.3762,-6.0086,7.7899,0.22179,-0.77997,-1.4078,0.2608,0.36394,-0.95518,-9.8811,1.9831,-3.8714,0.0151,-0.30666,-0.80067,0.65528,-0.25646,0.1111,-5.2831,-5.4731,0.63659,-0.28505,0.25857,-0.1226,0.25504,0.5727,-0.009599
9.5293,-0.053527,4.3798,1.2877,-0.19706,0.1507,-0.69632,-0.18713,-0.48187,-8.649,7.8636,1.8794,0.41585,-0.15873,0.62886,0.13174,-0.6357,-0.30244,0.57169,-3.9278,8.5683,0.62906,-0.80988,-1.2844,0.22535,0.36745,-0.98057,-9.7621,1.9973,-3.6961,-0.26442,-0.24305,-0.7419,0.66787,-0.23832,0.10303,-6.1092,-7.2052,1.4696,0.055464,0.068164,0.40034,0.25452,0.57552,-0.003462
9.5932,0.33527,3.3532,0.97446,0.065399,0.26585,-0.70619,-0.21412,-0.47269,-7.2261,9.0154,2.3041,0.45314,-0.21271,0.7914,0.10953,-0.6343,-0.27509,1.727,-3.8111,7.9873,0.4953,-0.54433,-0.87737,0.19217,0.3604,-1.0034,-9.179,2.0134,-3.4143,-0.59353,-0.25862,-0.53379,0.67717,-0.22122,0.091122,-5.7661,-3.2299,0.66436,-0.7177,0.24152,0.69613,0.26058,0.57368,0.004818
9.5055,0.46387,2.861,1.1647,0.23598,0.26261,-0.71235,-0.24113,-0.46899,-7.613,8.0775,2.2294,0.37779,0.016316,0.81261,0.088539,-0.64121,-0.24571,2.3184,-5.0288,8.3328,-0.070021,-0.34178,-0.5181,0.17079,0.35822,-1.0162,-8.3269,1.1257,-1.9482,-0.40927,-0.15692,-0.21731,0.67856,-0.20952,0.079254,-7.2133,-4.0593,0.53308,-1.5487,0.18903,1.0657,0.2743,0.56605,0.042627
9.0564,0.83652,1.338,0.8544,0.58557,0.20312,-0.71362,-0.26152,-0.47345,-7.4601,7.9946,1.8314,0.16635,0.058783,0.67409,0.073314,-0.64643,-0.22911,3.0731,-4.4272,7.8913,-0.010317,-0.019945,-0.11348,0.16421,0.36318,-1.0222,-9.743,1.8635,-2.1725,-0.1933,-0.33068,-0.031253,0.67841,-0.20433,0.07073,-7.6355,-5.5129,0.21574,-1.1226,0.063484,1.5037,0.29429,0.55693,0.077362
8.0765,0.25752,1.7446,0.11678,0.76227,0.31343,-0.70782,-0.26747,-0.49005,-6.4461,8.5541,2.4113,0.36056,0.087903,0.37414,0.060655,-0.65085,-0.21756,2.3522,-4.8444,8.3228,-0.25914,0.26836,0.41383,0.16988,0.37367,-1.0219,-8.4219,1.982,-2.3487,-1.0487,-0.42349,0.050954,0.67819,-0.19856,0.050426,-7.0519,-4.8892,-1.6179,-0.43862,-0.11983,1.7085,0.31929,0.54687,0.089963
7.2958,-0.29683,3.0034,0.1727,0.75332,0.3354,-0.69716,-0.25937,-0.51257,-6.2093,7.8438,2.3998,0.17467,0.15023,-0.10689,0.057034,-0.65667,-0.20898,1.4052,-3.9365,8.3537,-0.2009,0.543,0.58915,0.19719,0.37618,-1.0135,-7.6392,-0.47586,-2.1127,-1.0052,-0.22661,0.34653,0.67085,-0.1978,0.029278,-6.1534,-4.3958,-2.9461,-0.58551,-0.047438,1.6022,0.34926,0.53321,0.099225
6.8524,0.15403,2.3311,0.21431,0.61587,0.42813,-0.6916,-0.25346,-0.5255,-6.4385,7.5238,2.3896,0.039576,0.12179,-0.54261,0.070001,-0.66089,-0.21156,0.88579,-4.9092,8.001,-0.28131,0.76588,0.6776,0.22717,0.37574,-1.0044,-8.1803,-2.2079,-0.93624,-0.24422,-0.13014,0.89141,0.65864,-0.20664,0.01669,-6.6706,-4.3543,-3.4478,-0.45942,0.18287,1.6145,0.37824,0.51687,0.11445
6.7607,0.22469,3.3753,-0.084157,0.36254,0.20086,-0.68297,-0.23592,-0.53827,-6.4934,8.3684,2.7018,0.05176,-0.077509,-0.89667,0.088154,-0.66661,-0.22378,0.9501,-5.5801,8.241,-0.038902,0.90973,0.853,0.2714,0.37068,-0.98696,-9.1857,-1.0447,-0.26745,0.89406,0.16944,1.4507,0.63381,-0.23074,0.019247,-8.3702,-5.2063,-1.0359,-0.011843,0.17588,1.701,0.41667,0.49307,0.12548
7.0126,1.0854,2.5323,-0.24066,0.17539,-0.070308,-0.67703,-0.2237,-0.53906,-6.8625,7.701,2.3708,-0.030012,-0.22564,-1.2677,0.1162,-0.67152,-0.24428,0.58303,-4.6361,8.1603,0.032401,1.0415,0.92576,0.31111,0.35523,-0.97193,-9.1013,0.16877,0.18309,1.0661,0.438,1.9628,0.60703,-0.26426,0.034427,-8.83,-3.4178,0.80632,0.66338,0.025357,1.8866,0.44969,0.473,0.1211
7.5716,1.5811,3.4351,-0.99751,-0.15527,-0.36711,-0.67356,-0.20375,-0.5384,-7.7962,7.0393,2.8457,0.000125,-0.58179,-1.528,0.14454,-0.67599,-0.26645,-0.65841,-5.5045,8.4769,-0.11024,1.0884,1.0083,0.34304,0.34624,-0.95409,-10.403,0.092282,-0.69829,0.80029,0.73669,2.3734,0.57647,-0.30296,0.056114,-9.0999,-2.7463,-0.74281,0.50556,-0.12104,1.8029,0.47996,0.4507,0.11495
8.1401,1.5064,2.4242,-1.1824,-0.21111,-0.61882,-0.66996,-0.18206,-0.5352,-7.0799,7.9325,2.6281,-0.42764,-0.86427,-1.5862,0.17164,-0.68534,-0.31253,-1.2127,-4.8755,8.6116,0.22075,0.99061,1.0507,0.37677,0.3223,-0.93298,-12.162,1.6077,-2.4759,0.48285,0.90966,2.562,0.53459,-0.34477,0.07911,-9.8406,-1.9191,-1.3283,0.48833,-0.10802,1.8178,0.51085,0.42593,0.10583
9.9339,-0.038573,3.5618,-1.5137,-0.42023,-0.73128,-0.66777,-0.15227,-0.53559,-6.0937,7.0951,3.2768,-0.82505,-0.92609,-1.2391,0.19168,-0.69263,-0.37871,-0.81142,-4.4599,8.6104,0.28616,0.88087,1.0825,0.39888,0.2925,-0.9133,-12.692,2.5386,-3.2004,-0.11752,0.7266,2.3949,0.48915,-0.3825,0.093817,-10.83,-2.1078,-1.5697,0.92858,-0.23946,1.8687,0.54369,0.39597,0.09357
11.035,-0.28613,3.9789,-1.3869,-0.49905,-0.61574,-0.67192,-0.11986,-0.52983,-5.9904,5.4171,2.8421,-0.57308,-0.83379,-0.44682,0.20134,-0.7042,-0.46051,-2.2454,-4.8181,7.9837,-0.001619,0.8034,1.0392,0.42146,0.26436,-0.88147,-12.429,3.07,-4.4936,-0.66907,0.75343,2.2213,0.44549,-0.41786,0.095781,-10.981,-2.9881,-1.7016,0.89633,-0.12112,1.479,0.57424,0.364,0.067806
11.047,-0.49582,4.5223,-1.2176,-0.33244,-0.4028,-0.67614,-0.09025,-0.52552,-4.637,8.718,4.5228,-0.35638,-0.84639,0.24208,0.17932,-0.73149,-0.52824,-2.4336,-4.3285,7.6374,0.098038,0.67356,0.97549,0.43201,0.23944,-0.85411,-12.431,3.8758,-3.5042,-0.47267,0.65111,2.1917,0.40927,-0.43842,0.093348,-10.748,-1.4886,-3.5911,0.23234,0.020116,0.92146,0.59142,0.34247,0.063735
10.846,-0.74511,4.2804,-1.0555,-0.33319,-0.15273,-0.68278,-0.062548,-0.51648,-5.008,8.1562,4.3916,-0.73921,-0.66997,0.76888,0.17042,-0.75142,-0.57921,-3.572,-4.0167,7.622,0.071412,0.49124,0.81052,0.43358,0.2186,-0.82796,-10.621,4.0579,-2.2826,-0.46305,0.63958,1.9737,0.37849,-0.45029,0.086046,-11.612,0.59922,-1.3589,-0.079683,0.036154,0.92538,0.60165,0.32642,0.068582
10.511,-0.32177,4.6835,-0.80478,-0.27185,-0.059626,-0.68779,-0.032164,-0.51194,-4.2808,6.6341,5.264,-0.79979,-0.86601,1.1933,0.15143,-0.7673,-0.62951,-3.7387,-4.5927,7.0672,-0.096902,0.40087,0.60162,0.42995,0.20322,-0.79771,-8.8152,4.603,-1.7967,-0.62366,0.63513,1.4955,0.35431,-0.46035,0.079442,-11.595,1.2855,-1.0953,-0.62404,-0.083291,0.96931,0.61321,0.30449,0.074373
9.9249,0.24587,4.7051,-0.70509,-0.099115,-0.087631,-0.69262,-0.005929,-0.51164,-3.1953,6.1943,5.9296,-0.56782,-0.95268,1.4116,0.11996,-0.78107,-0.67562,-5.1527,-4.1046,6.9566,0.069532,0.13739,0.2556,0.42276,0.1916,-0.76813,-7.2753,4.2355,-2.1105,-1.0474,0.52289,1.1133,0.34199,-0.46165,0.063692,-11.391,-1.5371,-1.6822,-0.54045,-0.12944,0.93263,0.62391,0.28174,0.082792
9.6364,0.74431,4.729,-0.59179,-0.27955,-0.11775,-0.69825,0.018304,-0.50897,-2.0529,7.9527,5.7551,-0.24432,-0.96478,1.4413,0.07228,-0.80522,-0.70522,-5.0451,-4.4165,7.2302,-0.11641,-0.059106,-0.13804,0.40687,0.18715,-0.7392,-6.63,3.3412,-2.8619,-1.1403,0.51533,0.66124,0.33387,-0.46129,0.043423,-11.16,-2.4658,-1.2923,-0.20709,-0.10683,0.84235,0.63029,0.26147,0.086803
10.053,0.44523,4.581,-0.61484,-0.17522,-0.10635,-0.70679,0.038829,-0.50088,-1.2846,6.9954,5.6655,-0.63286,-0.76459,1.4243,0.038174,-0.81174,-0.73428,-6.6901,-4.1648,6.9515,-0.2848,-0.27275,-0.59747,0.38946,0.19249,-0.71539,-6.2443,3.7933,-3.0047,-0.31864,0.51822,0.1955,0.33408,-0.45466,0.030726,-10.888,-1.4966,-1.1058,-0.24529,-0.093234,0.72932,0.63436,0.24224,0.088344
10.696,0.46574,3.7131,-0.5785,-0.16749,-0.10631,-0.71482,0.058649,-0.49571,-0.90822,6.8656,5.4315,-0.36603,-0.45769,1.3766,0.011165,-0.81494,-0.75588,-6.7556,-4.7537,7.8115,-0.3913,-0.2688,-0.96773,0.36945,0.20881,-0.6958,-8.2128,4.1063,-0.79371,0.16175,0.16816,-0.090804,0.33804,-0.44723,0.032726,-10.715,-0.93717,-1.1163,-0.17878,-0.082746,0.61878,0.6416,0.22333,0.088133
10.876,0.20175,2.6682,-0.93249,0.20791,-0.082917,-0.71903,0.083621,-0.50141,-0.23726,7.2033,5.758,-0.10707,-0.26422,1.2912,-0.023277,-0.8316,-0.75941,-7.7394,-5.0448,7.7088,-0.27892,-0.24118,-1.2169,0.34931,0.22903,-0.67883,-6.9323,3.5038,-0.77483,0.74991,-0.15388,-0.50613,0.34576,-0.44231,0.041973,-10.983,-0.13954,-0.28202,0.1528,-0.14584,0.62759,0.64578,0.20533,0.08411
10.026,-0.27058,2.0693,-1.1988,0.33264,-0.11678,-0.71966,0.11108,-0.50979,0.4622,6.6227,6.4716,0.15504,0.017723,1.2337,-0.05557,-0.85396,-0.74809,-7.6852,-5.6532,8.3118,-0.37091,-0.044019,-1.0153,0.33295,0.24774,-0.66665,-5.7337,3.4487,-2.6189,0.84293,-0.36876,-0.85278,0.35764,-0.43556,0.049055,-10.556,-0.48619,0.015604,0.3065,-0.1234,0.47614,0.64903,0.18864,0.078581
9.0027,-0.7512,2.0435,-1.2289,0.37254,-0.2156,-0.71778,0.14072,-0.51849,0.39434,6.9263,6.8541,0.43683,-0.000441,1.1246,-0.092254,-0.88177,-0.7184,-7.2121,-5.4523,7.3963,-0.22505,0.073459,-0.73916,0.31959,0.26711,-0.65483,-6.6128,2.1632,-4.5184,0.6624,-0.45374,-1.1017,0.37525,-0.4272,0.06242,-9.3207,-0.82069,0.028104,0.27732,-0.15942,0.094637,0.64624,0.17898,0.071277
8.8571,-1.4919,2.3356,-0.96183,0.017816,-0.18908,-0.72016,0.16521,-0.52236,1.2328,7.4753,7.5957,0.51449,0.10098,1.1016,-0.13453,-0.90427,-0.69081,-6.7357,-4.3605,6.5923,-0.51716,-0.098897,-0.41459,0.31485,0.28185,-0.65148,-8.0301,1.6788,-4.8089,0.6115,-0.31849,-1.3567,0.39144,-0.42069,0.070752,-8.9904,-0.2835,-0.22633,0.11578,-0.21998,-0.24925,0.644,0.17707,0.062
8.7374,-1.5505,2.4238,-0.46898,-0.028896,-0.067839,-0.7218,0.17956,-0.52266,1.4894,7.4291,8.105,0.93391,0.26185,0.76475,-0.15918,-0.92912,-0.65328,-6.3016,-4.613,6.7011,-0.60471,-0.32917,-0.13951,0.31219,0.29497,-0.64935,-7.9507,1.589,-2.9765,0.7854,-0.42881,-1.5391,0.41002,-0.41249,0.081154,-9.0942,0.10368,0.27348,-0.087126,-0.09439,-0.64494,0.64103,0.17761,0.055822
8.0376,-1.6909,1.8655,0.080097,0.084806,0.036286,-0.72427,0.18084,-0.52143,1.0584,6.7784,6.3423,0.69682,0.25825,0.49971,-0.16395,-0.94199,-0.61448,-6.0807,-5.405,6.3564,-0.84186,-0.5192,0.25725,0.30846,0.30909,-0.65333,-7.4292,2.1655,-2.2464,0.76086,-0.50658,-1.7434,0.43535,-0.40071,0.099583,-8.0614,-0.99542,1.3189,-0.24854,0.20381,-1.1359,0.63316,0.19194,0.055702
7.6193,-1.8802,1.876,0.34502,0.12989,0.20968,-0.72077,0.17634,-0.5234,1.743,7.1127,6.3821,0.053551,0.15994,0.056492,-0.16458,-0.9399,-0.59709,-5.8286,-6.0498,6.4057,-0.70044,-0.57515,0.79428,0.31075,0.32467,-0.6578,-7.8695,3.6326,-1.9792,0.89286,-0.52598,-1.9505,0.46434,-0.38174,0.1162,-8.3629,-1.9189,0.91537,-0.50163,-0.072769,-1.4309,0.62051,0.21721,0.05734
6.9145,-1.5606,1.1714,0.43578,0.34065,0.22522,-0.71939,0.15871,-0.52563,1.2425,6.6866,5.789,0.073999,0.27058,-0.32205,-0.14476,-0.92122,-0.59091,-5.6714,-5.4853,6.5987,-0.56924,-0.43157,1.2408,0.3207,0.33112,-0.6699,-7.7222,3.7261,-2.6892,0.38653,-0.59675,-1.9661,0.49719,-0.3569,0.12867,-8.2156,-3.9703,2.0404,-0.42663,-0.27621,-1.8358,0.60029,0.24936,0.056233
6.383,-1.7513,1.778,0.74839,0.45621,0.31815,-0.70501,0.14111,-0.53913,1.1512,6.4611,4.8105,-0.14827,0.50381,-0.78499,-0.11765,-0.90841,-0.58966,-5.7391,-5.3425,5.7835,-0.55619,-0.12119,1.6257,0.34566,0.32843,-0.67582,-8.5243,3.0609,-2.1944,0.13152,-0.47887,-1.8374,0.52787,-0.33307,0.12783,-8.5123,-1.8445,1.2193,0.25992,-0.80558,-2.3946,0.57366,0.28736,0.037255
6.3993,-1.2052,2.2297,0.96508,0.32649,0.30077,-0.69294,0.12068,-0.55124,1.1506,6.172,4.4543,0.25498,0.81727,-1.2686,-0.084402,-0.89508,-0.5921,-7.3496,-3.8624,5.4693,-0.14676,-0.023059,1.7426,0.37253,0.31409,-0.68633,-8.484,2.1791,-2.9279,0.008759,-0.36056,-1.3921,0.55014,-0.31871,0.12295,-9.4848,-0.16073,-0.49582,0.13781,-0.82323,-2.4212,0.54556,0.32333,0.008497
7.4771,-1.0565,3.6564,0.6681,-0.23955,0.19354,-0.68793,0.093509,-0.55072,-0.38862,8.2256,5.9415,-0.06372,0.69442,-1.665,-0.042792,-0.88785,-0.57248,-7.8029,-3.7481,5.3235,0.056536,-0.023774,1.3259,0.39101,0.29565,-0.70896,-10.506,1.3942,-3.6579,0.091883,-0.34015,-1.0224,0.56687,-0.30322,0.12069,-11.637,-1.0756,-0.89322,-1.2923,-0.2524,-2.5874,0.50758,0.36386,0.003105
9.1714,-1.7691,4.3137,0.84386,-0.25545,0.12472,-0.68866,0.065883,-0.54038,-0.93779,6.1542,6.1328,0.15863,1.0979,-1.7433,0.011913,-0.86261,-0.56593,-5.585,-7.6324,6.789,0.23881,-0.01331,0.73284,0.39207,0.28475,-0.74813,-9.5937,0.80177,-4.6143,-0.060024,-0.16959,-0.86873,0.58152,-0.29414,0.11913,-13.222,-4.1021,-0.56959,-1.1514,0.01591,-2.7488,0.46214,0.40365,0.014915
10.981,-1.6971,4.9098,1.0484,-0.54564,0.20671,-0.69633,0.032582,-0.5276,-2.2636,7.7652,4.951,0.5287,0.98408,-1.5691,0.063383,-0.84404,-0.52942,-2.8954,-8.2322,8.5858,0.99241,0.39659,0.31835,0.41274,0.25854,-0.78963,-10.662,-0.27829,-3.8093,0.0526,-0.12336,-0.76795,0.59098,-0.28704,0.12126,-12.742,-3.8429,-0.56078,0.19393,0.18395,-2.4817,0.41312,0.44171,0.009876
11.816,-1.9398,4.6385,0.99088,-0.40977,0.27725,-0.70461,0.006807,-0.51114,-2.9469,7.444,5.2175,0.15691,0.92849,-1.2838,0.092997,-0.82055,-0.49911,-3.3681,-3.8287,5.287,-0.62089,0.39204,-0.34555,0.43983,0.26634,-0.80829,-10.912,-1.2008,-4.0459,-0.018026,-0.1725,-0.82143,0.60283,-0.27737,0.12205,-11.77,-5.5317,0.43719,0.59065,0.46107,-2.1321,0.37837,0.46552,0.002123
11.321,-1.0757,4.4907,0.91314,-0.033944,0.26732,-0.70812,-0.013697,-0.50483,-3.5957,7.3169,4.4596,0.49756,0.86907,-0.9518,0.11299,-0.7928,-0.46657,-5.1721,-6.6091,6.3691,0.3079,-0.010954,-0.77357,0.45711,0.2834,-0.82445,-11.314,-1.0261,-3.1613,-0.003981,-0.31323,-1.0041,0.61515,-0.26409,0.1188,-9.9627,-4.7366,1.3663,1.1321,0.33029,-1.7606,0.35191,0.47999,-0.005985
10.105,-1.0673,4.8248,0.99042,-0.17393,0.2433,-0.7091,-0.037514,-0.50162,-4.7295,7.5528,3.8413,0.51636,0.78803,-0.59955,0.12489,-0.76683,-0.41878,-3.9717,-5.1088,7.1069,0.42227,-0.23713,-1.1285,0.4615,0.29793,-0.84949,-11.517,-2.0624,-3.0292,0.15849,-0.40315,-1.0323,0.63014,-0.24535,0.1124,-8.5022,-5.0064,1.7937,0.72049,0.31314,-1.3624,0.33006,0.49301,-0.023821
9.8358,-1.2871,4.7616,1.0019,-0.046617,0.25915,-0.71152,-0.063273,-0.49766,-5.3965,7.2211,3.2816,0.3928,0.62277,-0.20301,0.12634,-0.74165,-0.37311,-2.6411,-5.2978,7.233,-0.13371,-0.33573,-1.3277,0.45971,0.32687,-0.87262,-11.008,0.44486,-3.0967,0.14802,-0.4914,-1.0792,0.64707,-0.22299,0.1045,-6.7037,-4.4538,1.5865,-0.20502,0.36185,-1.2413,0.31203,0.5083,-0.025207
9.9407,-1.0886,4.9129,0.62271,-0.004769,0.23476,-0.71346,-0.089131,-0.49996,-6.4311,7.4143,2.9603,0.1438,0.56433,0.17203,0.11949,-0.71131,-0.32927,-2.2519,-6.0418,6.7238,-0.17757,-0.39168,-1.4329,0.45609,0.3754,-0.88435,-10.486,0.32338,-4.0465,-0.13694,-0.39795,-0.95155,0.66193,-0.20236,0.092196,-6.0004,-4.9351,1.5672,-0.54312,0.5608,-0.94995,0.29187,0.52089,-0.020009
9.6309,-0.69112,4.3312,0.76842,-0.14221,0.096882,-0.71979,-0.11231,-0.49937,-7.2676,7.0006,2.8074,0.042631,0.41485,0.57022,0.10954,-0.68727,-0.29624,-1.2898,-6.1352,7.295,0.49409,-0.44609,-1.3454,0.44211,0.40141,-0.90237,-10.307,0.62938,-3.518,-0.22359,-0.38992,-0.86053,0.67214,-0.18067,0.080716,-6.2429,-6.5323,1.4841,-0.60068,0.35038,-0.40745,0.27608,0.53188,-0.005929
9.7502,-0.75087,4.2124,0.68006,-0.079047,0.081902,-0.72786,-0.13464,-0.49631,-7.8753,8.7087,2.5661,0.23118,0.18511,0.69917,0.095827,-0.67109,-0.26455,-1.4856,-4.6448,8.0558,-0.13732,-0.33269,-1.2575,0.42526,0.41744,-0.92001,-9.4723,0.98462,-3.3816,-0.3102,-0.23603,-0.63087,0.68156,-0.16281,0.068947,-6.2587,-6.747,0.95284,-0.13603,0.20559,0.18379,0.26915,0.53956,0.007438
9.3368,-0.43233,3.1523,0.72115,0.10068,0.02544,-0.73265,-0.1603,-0.50195,-8.3908,8.4805,2.6275,-0.10728,0.11959,0.85532,0.077828,-0.65832,-0.24585,-0.78938,-6.5841,7.1417,-0.39596,-0.19169,-0.99078,0.4113,0.45776,-0.92263,-9.7566,-1.3755,-2.4094,-0.31803,-0.20582,-0.41579,0.68595,-0.14985,0.060095,-6.4347,-4.2419,0.42622,-0.067926,0.18435,0.48827,0.26926,0.53905,0.006923
9.5476,-0.29819,2.5281,0.82811,0.11791,0.037362,-0.7351,-0.18573,-0.50614,-7.8574,8.7495,2.1605,0.24896,-0.054922,0.73153,0.062275,-0.65472,-0.22659,-0.42608,-6.9462,7.5936,-0.099402,-0.023542,-0.76748,0.40382,0.48219,-0.9237,-10.306,-1.1686,-0.39486,-0.22592,-0.25481,-0.31184,0.68656,-0.13666,0.052896,-7.0334,-3.2039,-0.82866,-0.57812,0.32898,0.8941,0.27755,0.53594,0.013054
9.5189,-0.10494,2.4247,0.4908,0.24811,0.083763,-0.73736,-0.2066,-0.51666,-7.7919,8.3074,2.3339,0.12648,-0.13506,0.65026,0.045479,-0.65627,-0.21687,0.80998,-5.7181,7.1411,-0.13357,0.21637,-0.60846,0.39882,0.49578,-0.92058,-10.051,-1.5693,-1.1696,-0.30021,-0.3902,0.084157,0.68459,-0.13193,0.040232,-7.8887,-3.435,-1.9568,-0.86563,0.31188,1.2795,0.29533,0.52501,0.026233
8.8345,-0.053377,2.0169,0.11439,0.21803,0.21097,-0.73756,-0.2152,-0.5233,-8.1777,8.0648,2.3741,0.10983,-0.15864,0.38875,0.037851,-0.66082,-0.21281,0.25141,-6.6472,6.8749,-0.37086,0.52802,-0.44848,0.40613,0.51784,-0.90753,-9.2724,-0.53157,-1.0951,-0.21262,-0.30945,0.46611,0.68212,-0.13632,0.028483,-8.0003,-2.9562,-2.0022,-0.74529,0.26967,1.515,0.31744,0.51667,0.04848
8.6709,-0.095677,1.8065,-0.089016,0.12834,0.24297,-0.74067,-0.21508,-0.53158,-7.2594,7.4834,2.7319,0.14787,-0.47052,0.086317,0.031285,-0.66532,-0.21063,-0.67742,-7.9836,7.2949,-0.18452,0.70784,-0.31935,0.41729,0.53521,-0.89025,-8.7428,-0.72889,-1.8345,0.12496,-0.14706,0.91366,0.67637,-0.14701,0.018426,-8.4056,-3.3571,-2.1596,-0.40407,0.2891,1.784,0.33945,0.50855,0.074679
8.1214,-0.014502,1.1314,-0.34635,0.12212,0.061075,-0.74431,-0.20678,-0.53192,-6.7837,7.3705,3.4974,0.1484,-0.63327,-0.53424,0.035156,-0.6726,-0.22166,-0.89679,-7.89,7.1921,0.2745,0.68983,-0.25444,0.42747,0.5415,-0.87259,-8.0324,2.1598,-1.4632,0.33642,0.015489,1.3442,0.66452,-0.17158,0.018845,-8.0241,-3.8605,-1.8557,0.11834,0.14576,1.9607,0.37344,0.494,0.08633
6.7138,-0.001801,0.77762,-0.47744,0.29569,-0.21178,-0.73996,-0.1948,-0.53264,-6.5494,5.9958,3.0162,-0.23403,-0.88323,-1.0874,0.05527,-0.67161,-0.25629,-0.34351,-6.5914,7.1926,0.59786,0.72574,0.050982,0.43987,0.52943,-0.86094,-7.4795,0.95949,-0.85058,0.13361,0.21476,1.9066,0.64382,-0.20546,0.021226,-6.8697,-3.6665,-1.1783,0.36778,0.12226,1.9233,0.41021,0.47626,0.090206
6.3318,-0.14893,1.2886,-0.81098,0.17673,-0.30659,-0.73006,-0.17228,-0.53375,-7.2358,5.6608,3.1223,-0.55341,-0.90821,-1.6444,0.084051,-0.66778,-0.31197,-0.73153,-4.9923,7.4791,0.67946,0.83829,0.43111,0.46187,0.50259,-0.84085,-8.4735,-0.53534,-1.2291,0.77216,0.63003,2.2004,0.61369,-0.25038,0.034313,-7.5429,-3.1558,-1.0837,0.18099,0.20389,1.7328,0.44723,0.45671,0.091748
7.1943,-0.40905,1.6217,-0.71677,-0.17702,-0.32308,-0.72406,-0.15054,-0.52323,-7.7581,6.9536,2.5174,-0.80887,-0.67708,-2.042,0.11777,-0.6495,-0.39339,-1.6422,-5.4617,7.7449,0.088592,0.94323,0.69353,0.48422,0.47701,-0.81864,-10.424,1.1517,-1.1876,0.72417,0.9639,2.3717,0.57882,-0.29278,0.063657,-9.573,-3.3484,-0.96907,-0.096679,0.03652,1.4583,0.47673,0.44042,0.10144
9.1746,-0.35463,2.5697,-0.86877,-0.47192,-0.3236,-0.72217,-0.12543,-0.50687,-7.2776,7.6146,3.1796,-0.69208,-0.54615,-2.0128,0.14733,-0.63124,-0.48009,-1.977,-6.0684,7.2149,0.1928,0.97333,0.79602,0.50191,0.4528,-0.79935,-12.078,3.1925,-1.163,-0.4325,0.84479,2.4639,0.54105,-0.32958,0.078068,-10.418,-1.9304,-1.5921,-0.51729,-0.015558,1.2531,0.49598,0.4282,0.11456
10.74,0.16332,3.2937,-0.74491,-0.3402,-0.37577,-0.72125,-0.097967,-0.49124,-6.0841,9.1256,4.0152,-0.089814,-0.35638,-1.4703,0.17192,-0.63045,-0.56609,-2.3607,-5.5864,7.5699,0.18644,0.84096,0.84513,0.51839,0.42674,-0.7714,-13.853,1.8871,-2.7578,-1.3523,0.838,2.5676,0.49787,-0.36689,0.077442,-10.855,-3.3444,-2.5147,-0.94601,-0.10261,1.1842,0.5169,0.41005,0.13325
11.59,0.53917,3.9367,-0.7978,-0.38599,-0.37187,-0.72181,-0.071194,-0.47833,-6.1509,7.2624,3.7681,0.22987,-0.34048,-0.39898,0.19569,-0.65262,-0.62557,-2.4711,-4.8856,7.0426,-6e-06,0.83532,0.71777,0.52577,0.4007,-0.73715,-13.377,1.9236,-3.8662,-0.98845,0.52904,2.3404,0.45872,-0.39711,0.063773,-10.525,-2.6574,-2.8957,-0.64309,-0.15594,0.8021,0.53515,0.39427,0.14838
11.842,0.27101,3.7951,-1.0514,-0.13199,-0.2748,-0.7223,-0.037038,-0.47137,-5.2595,7.1135,4.4388,0.16291,-0.4554,0.38983,0.1999,-0.69,-0.68598,-3.6718,-6.1378,6.1172,-0.18341,0.78576,0.38671,0.53278,0.38877,-0.69001,-12.051,3.0123,-2.8804,-0.34829,0.47654,2.2636,0.41724,-0.4177,0.0573,-12.291,-1.3484,-3.176,-0.48192,-0.29874,1.128,0.55245,0.37443,0.16065
11.366,0.45184,3.9941,-1.2021,-0.08345,-0.34182,-0.72163,-0.006802,-0.47289,-5.3319,6.6857,5.6466,0.42662,-0.77712,1.0626,0.17876,-0.74345,-0.71799,-3.8034,-6.0031,5.8439,0.013843,0.67952,0.010464,0.52873,0.37988,-0.64804,-10.422,3.2334,-2.2027,-0.29797,0.56534,1.9889,0.38886,-0.43155,0.057573,-11.543,-2.4604,-2.3446,0.28201,-0.32387,1.3509,0.57358,0.34741,0.15892
10.588,0.18887,4.6282,-1.2429,0.058659,-0.39362,-0.71393,0.01436,-0.48051,-4.0989,6.5364,5.4177,0.42605,-0.71735,1.3939,0.15751,-0.80368,-0.73408,-5.061,-5.5934,5.5559,-0.17518,0.57222,-0.32943,0.5193,0.37723,-0.61038,-8.9578,3.4163,-1.5132,-0.53205,0.46703,1.6123,0.36913,-0.44057,0.055754,-11.795,-1.2959,-1.7631,0.55388,-0.31124,1.392,0.59217,0.32055,0.15143
9.708,-0.20236,4.1862,-0.93374,0.1237,-0.36806,-0.71333,0.039084,-0.48842,-2.5523,7.8812,5.0372,0.71813,-0.95781,1.5685,0.11141,-0.86511,-0.74583,-5.8939,-5.5225,4.9871,-0.37699,0.3728,-0.6394,0.50332,0.38557,-0.56802,-7.0751,3.3934,-1.4153,-0.41551,0.35747,1.2285,0.35442,-0.44532,0.05089,-11.33,-1.246,-1.6953,0.71403,-0.28208,1.4368,0.60944,0.29135,0.13998
9.3878,-0.022815,4.3939,-1.0021,0.15479,-0.21692,-0.7108,0.060598,-0.49276,-1.6091,7.0747,5.3407,0.030518,-0.76979,1.7361,0.061897,-0.90393,-0.75922,-6.6354,-6.3804,4.7952,-0.68219,0.13334,-0.94787,0.48344,0.40438,-0.5259,-6.4796,4.0532,-0.80385,-0.26039,0.29863,0.73592,0.34461,-0.44969,0.048086,-11.51,-1.5531,-1.2136,1.1281,-0.10263,1.4154,0.62376,0.26356,0.12814
9.8355,0.10692,4.3981,-0.71479,-0.010829,-0.26319,-0.71267,0.08306,-0.49714,-0.79404,8.5224,5.7436,0.2747,-0.7344,1.7525,-0.003674,-0.9403,-0.76292,-8.396,-6.9491,4.6855,-0.76617,0.09156,-1.0157,0.45885,0.43588,-0.48238,-6.2089,3.3973,-1.518,0.030254,0.068901,0.20296,0.33926,-0.45343,0.043657,-10.716,-1.7365,-1.0886,1.3634,-0.052474,1.3822,0.63771,0.23332,0.1108
10.543,-0.054165,4.3576,-0.98287,0.069576,-0.16169,-0.7155,0.10135,-0.49952,-0.22412,7.7689,5.1336,-0.32522,-0.61469,1.5882,-0.049699,-0.95065,-0.76422,-8.7847,-7.5637,4.6169,-0.38653,0.086116,-1.0738,0.4359,0.45891,-0.45109,-6.5553,3.7798,-1.8705,0.6794,0.023061,-0.26049,0.34072,-0.45314,0.052491,-10.383,-3.46,-2.1485,0.7636,0.039888,0.66063,0.64727,0.21083,0.10188
10.228,-0.78229,3.6641,-0.93826,0.30071,-0.1235,-0.71515,0.12201,-0.50487,0.094254,7.5457,5.6546,-0.38724,-0.53706,1.3642,-0.09282,-0.9497,-0.77204,-8.3889,-8.055,4.1085,-0.53055,-0.10239,-1.0725,0.41266,0.47969,-0.43054,-6.8385,3.6289,-1.921,0.86425,-0.28626,-0.69238,0.34497,-0.44951,0.063541,-10.117,-1.4906,-1.7427,0.52109,-0.007293,0.28626,0.64902,0.20026,0.098565
9.809,-1.4366,3.2538,-0.8305,0.31276,-0.084272,-0.71373,0.14401,-0.5126,1.324,7.2185,5.1017,-0.30995,-0.35976,1.0934,-0.13749,-0.94729,-0.77713,-8.1553,-7.9375,4.2713,-0.52896,-0.25087,-0.97201,0.38673,0.50222,-0.41631,-6.6654,3.3524,-1.9848,0.99055,-0.45402,-1.1163,0.35989,-0.44169,0.07495,-9.9356,-0.65705,-1.0875,0.035018,-0.060089,0.031934,0.65013,0.1927,0.0961
9.4135,-1.677,3.0105,-0.34566,0.36108,-0.092998,-0.71146,0.15817,-0.52212,1.3263,8.6611,6.0658,-0.42553,-0.41351,0.90048,-0.18647,-0.9449,-0.77339,-7.7995,-8.0245,4.3736,-0.35036,-0.25953,-0.72621,0.36456,0.52337,-0.40714,-7.1655,2.9187,-2.7821,1.0012,-0.63271,-1.4415,0.37733,-0.43305,0.087783,-9.3681,-1.653,-1.1553,-0.33003,-0.1465,-0.35237,0.64593,0.19008,0.090734
8.5595,-1.1651,2.7089,0.10043,0.5256,-0.001981,-0.70363,0.15903,-0.53788,2.0172,5.7727,6.7373,-0.37064,0.01977,0.55173,-0.21732,-0.91862,-0.77958,-7.0912,-7.496,4.2113,-0.33015,-0.39147,-0.41002,0.34603,0.53908,-0.41079,-7.9422,2.5589,-3.5701,0.80336,-0.68423,-1.7375,0.40673,-0.41888,0.09907,-8.5002,-2.6156,-0.45592,-0.36817,-0.071281,-0.86134,0.63478,0.19956,0.086506
7.6084,-0.84416,2.1517,0.35522,0.43913,0.062466,-0.6936,0.15376,-0.55258,1.4421,7.7246,6.2154,0.57846,0.19631,0.047053,-0.22289,-0.91823,-0.75802,-7.4151,-7.4476,3.9122,-0.19597,-0.59858,-0.02884,0.3342,0.54995,-0.421,-7.6735,2.4711,-3.8272,0.36551,-0.49215,-2.1042,0.4363,-0.4021,0.10565,-7.7041,-1.8906,0.48582,0.013022,-0.067497,-1.4343,0.62284,0.2169,0.081844
6.6711,-0.67215,1.7727,0.57407,0.3957,0.1048,-0.68664,0.1404,-0.5676,1.3637,7.1013,5.7625,-0.022873,0.5103,-0.31634,-0.21355,-0.91761,-0.74549,-6.4275,-6.4302,3.7701,0.056716,-0.77987,0.55789,0.32584,0.55365,-0.43747,-8.9308,4.12,-1.1683,0.25601,-0.3849,-2.35,0.46811,-0.37958,0.10839,-7.8655,-0.2487,1.1374,-0.20441,-0.48435,-1.8851,0.61042,0.24068,0.073748
5.4805,-0.65239,1.0699,0.90693,0.25248,0.05829,-0.68058,0.11878,-0.57725,0.36327,8.2635,6.1018,0.26977,0.62965,-0.75116,-0.18657,-0.91022,-0.73561,-5.7594,-6.7714,3.9793,0.73813,-0.64413,1.0237,0.32647,0.53939,-0.47519,-8.3425,3.8447,0.66702,-0.13325,-0.70925,-2.0779,0.50101,-0.35479,0.10176,-8.2807,2.1275,1.4954,-0.58615,-0.72419,-2.1552,0.58741,0.2779,0.05886
6.2739,-1.0697,1.9536,1.1569,0.10788,0.070305,-0.677,0.092774,-0.58108,2.2031,5.3924,5.1911,-0.008617,1.1767,-1.1364,-0.1358,-0.89339,-0.73391,-3.0209,-10.178,5.4956,1.1876,-0.44722,1.7898,0.3391,0.51123,-0.52432,-7.3713,1.8421,-3.7905,-0.72502,-0.57701,-1.8288,0.53074,-0.33412,0.083222,-9.5888,0.34777,-0.51115,-2.0944,-0.77892,-2.1277,0.56004,0.31539,0.053202
6.6406,-0.16559,2.9919,1.3263,-0.14636,0.15565,-0.67834,0.046684,-0.57518,-0.26885,6.491,4.6974,0.70254,1.3227,-1.4735,-0.06128,-0.88301,-0.70323,-3.765,-2.8322,5.7746,0.93556,-0.42211,1.7026,0.36601,0.46469,-0.5845,-9.4777,1.8041,-3.8628,-0.2203,0.044897,-1.6806,0.56087,-0.30977,0.07908,-9.9694,-3.5367,0.00982,-1.5196,-0.55253,-2.4728,0.52606,0.36214,0.059967
8.1452,-0.89963,1.9764,1.529,-0.24009,0.081621,-0.6819,0.010457,-0.56061,-3.3206,9.9071,5.2459,-0.38314,1.5244,-1.5391,0.004486,-0.85602,-0.67359,-5.3467,-6.4112,4.9328,0.40887,-0.32447,1.7536,0.40077,0.43748,-0.61822,-10.631,1.9106,-1.7327,-0.22601,-0.16894,-1.2213,0.58054,-0.29135,0.079435,-12.259,-1.9554,-0.5326,-0.68237,-0.51155,-2.8463,0.48374,0.40915,0.057881
10.306,-0.46953,3.0997,1.271,-0.85342,0.13709,-0.69015,-0.028236,-0.53884,-2.4962,7.1904,4.5047,0.59501,1.3455,-1.2549,0.056569,-0.83139,-0.64621,-5.586,-6.8354,6.4377,0.9059,-0.32642,1.3124,0.42866,0.40157,-0.65894,-10.021,0.061379,-3.7217,-0.33654,0.042264,-0.85148,0.59242,-0.28373,0.073563,-11.956,-3.6263,-1.6077,-1.0106,-0.33815,-2.8082,0.44063,0.44903,0.061711
12.411,0.10858,2.5077,1.5176,-0.65833,0.077504,-0.70374,-0.066944,-0.50456,-2.5425,7.9095,5.6887,0.62028,1.3669,-1.0032,0.083958,-0.82585,-0.5884,-4.1234,-6.9925,6.0323,0.39888,-0.37988,0.69743,0.4492,0.37611,-0.69796,-11.312,-1.5489,-3.6859,0.15352,0.11971,-0.83619,0.60372,-0.27619,0.080354,-12.087,-5.9875,-1.2428,-0.46617,0.012105,-2.476,0.39457,0.48359,0.071353
12.199,-0.093876,3.5493,1.2077,-0.2077,0.22382,-0.70793,-0.10022,-0.48428,-3.7075,6.5874,5.3839,1.0262,1.2254,-0.72316,0.11182,-0.80823,-0.51966,-4.4742,-5.9868,6.6843,0.37402,-0.48567,-0.079151,0.46049,0.3652,-0.7361,-10.781,-0.31691,-3.654,0.030712,-0.12857,-0.78563,0.61492,-0.2654,0.082423,-10.663,-6.2964,-0.2484,0.93168,0.070112,-2.193,0.3519,0.51312,0.059413
11.139,-0.087919,4.1904,1.2571,0.073332,0.22443,-0.7069,-0.13001,-0.47077,-4.8123,7.3252,3.7766,1.5742,0.9402,-0.72666,0.13433,-0.79302,-0.43072,-3.5854,-5.6734,6.7656,0.42261,-0.6803,-0.6418,0.46207,0.36318,-0.775,-10.89,-0.81292,-3.5131,0.013768,-0.094964,-0.65313,0.62511,-0.25721,0.085759,-8.9177,-5.9456,-0.38231,0.66901,0.33326,-1.7853,0.31063,0.54092,0.037384
9.8734,0.13696,4.2195,1.1455,0.19561,0.21543,-0.70207,-0.16038,-0.46622,-5.5374,7.5787,2.5436,0.512,0.69838,-0.44811,0.14939,-0.7627,-0.36679,-3.3859,-5.714,7.1581,0.29788,-0.88742,-0.93731,0.45189,0.37192,-0.81255,-10.796,0.047498,-2.927,0.087829,-0.1725,-0.60935,0.63457,-0.25037,0.084355,-7.0369,-6.1373,0.65746,0.49213,0.36248,-1.5213,0.2829,0.55641,0.030141
9.949,0.51315,4.4762,1.0938,0.21614,0.24175,-0.69538,-0.18876,-0.46429,-6.805,7.3563,2.4376,0.17859,0.40165,-0.23824,0.15619,-0.73018,-0.31902,-2.1292,-5.5779,7.5782,0.31614,-0.94487,-1.1729,0.4334,0.38532,-0.84551,-11.135,-1.0692,-3.4428,0.014109,-0.2312,-0.51471,0.64344,-0.2431,0.078735,-5.1402,-5.4156,1.0949,1.1215,0.58944,-1.0257,0.26455,0.5659,0.016178
10.111,0.3246,4.991,0.87569,0.13269,0.31298,-0.69523,-0.21411,-0.45727,-6.3022,7.4982,2.1838,-0.063742,0.18029,0.063226,0.15695,-0.69841,-0.28735,-0.87733,-5.2058,7.6198,-0.059567,-0.85649,-1.2672,0.41029,0.40562,-0.87315,-11.169,-0.36363,-3.6093,0.2565,-0.19723,-0.62726,0.65412,-0.23386,0.074372,-4.9075,-4.7873,0.55514,0.74603,0.791,-0.56317,0.2505,0.56956,8.4e-05
10.35,0.5296,5.121,0.67378,-0.036184,0.30709,-0.6989,-0.23197,-0.44913,-8.0253,6.9186,1.7672,-0.13791,0.094624,0.40445,0.15322,-0.66861,-0.26494,-0.59503,-5.1738,7.9511,-0.27523,-0.74354,-1.2901,0.38501,0.4332,-0.89104,-10.09,0.74832,-3.0561,0.23374,-0.26631,-0.5887,0.66502,-0.21964,0.070532,-6.408,-6.5826,1.145,0.10928,0.89616,-0.31955,0.24236,0.57104,0.001249
9.7111,0.90577,4.9619,0.45637,0.34952,0.36435,-0.7044,-0.24899,-0.44775,-8.1765,8.2433,1.5779,-0.029366,-0.085607,0.61793,0.14039,-0.64083,-0.25568,-0.63833,-5.4186,7.8031,-0.40639,-0.50785,-1.1741,0.35553,0.46922,-0.89759,-9.7373,0.46391,-2.8611,0.39281,-0.30006,-0.46545,0.6709,-0.20655,0.064496,-7.0282,-5.9768,1.7562,0.008428,0.8396,0.17081,0.23897,0.56625,0.006511
9.3989,0.80667,4.4292,0.50503,0.31177,0.40009,-0.70788,-0.26352,-0.4534,-7.9741,7.9319,1.7818,-0.11579,-0.18826,0.79326,0.12277,-0.6283,-0.242,-0.69588,-5.7062,7.3085,-0.33894,-0.32381,-0.90698,0.33984,0.49629,-0.89967,-10.29,0.32839,-3.2622,0.35478,-0.31553,-0.34559,0.67569,-0.19447,0.058281,-6.7338,-4.3328,1.1829,-0.34592,0.62157,0.70819,0.2465,0.56104,0.012656
9.2811,0.52304,3.3372,0.61451,0.53416,0.28338,-0.71037,-0.27686,-0.46063,-8.5177,8.3986,2.0431,-0.04294,-0.20055,1.0327,0.10563,-0.62539,-0.22578,0.13911,-6.8231,7.6316,0.052937,-0.21534,-0.62357,0.33016,0.51449,-0.90206,-10.105,-0.12775,-1.6074,0.12064,-0.40855,-0.3145,0.68058,-0.18135,0.051413,-7.9922,-4.5601,1.6391,-0.77567,0.37274,1.0492,0.25838,0.55628,0.033191
8.7435,0.16539,3.0771,0.35804,0.4591,0.24862,-0.71015,-0.29154,-0.47203,-7.5836,8.2835,1.7518,-0.29342,-0.30685,0.93648,0.086087,-0.62533,-0.22362,0.44352,-5.3772,7.5599,0.10638,0.01862,-0.38876,0.32576,0.52022,-0.90645,-9.4642,0.69523,-0.51503,-0.38503,-0.42922,-0.22625,0.6845,-0.16922,0.037569,-7.6561,-4.2043,-0.13966,-0.63762,-0.032406,1.1943,0.27473,0.54912,0.04731
7.9385,-0.078402,2.6665,0.18151,0.34645,0.33996,-0.71464,-0.2959,-0.48128,-7.5109,7.1016,1.9923,-0.091331,-0.39228,0.70747,0.068896,-0.62449,-0.2304,0.37107,-5.8336,7.733,-0.048261,0.26112,-0.17654,0.32899,0.52341,-0.90224,-8.8972,0.7283,-0.71375,-0.87002,-0.33094,0.17675,0.68175,-0.16616,0.021732,-6.3095,-3.6027,-3.1109,-0.94583,-0.10339,1.3386,0.29325,0.54383,0.060805
7.5669,-0.1179,2.171,-0.080244,0.14546,0.33858,-0.72054,-0.28893,-0.48905,-7.3274,8.1848,2.1053,0.15926,-0.54753,0.15702,0.051446,-0.62665,-0.2497,0.57866,-6.2041,7.9235,-0.13012,0.44333,-0.028753,0.34259,0.52771,-0.89149,-7.9349,-0.40825,-0.61816,-0.66563,-0.010123,0.63141,0.67262,-0.1737,0.007585,-6.5744,-4.5607,-4.3506,-1.001,0.1219,1.4905,0.32367,0.53134,0.087353
7.6807,0.13442,1.8303,-0.15505,0.042735,0.11913,-0.72576,-0.27881,-0.48919,-6.9109,7.9516,2.673,-0.11954,-0.61905,-0.37987,0.045554,-0.62882,-0.26576,0.084002,-6.2089,7.9601,-0.42324,0.58136,0.15564,0.35844,0.53536,-0.87608,-8.3473,1.1516,-0.99577,-0.16709,0.083053,1.1257,0.66079,-0.18995,0.004714,-7.4285,-5.3907,-2.9628,-0.25863,0.24638,1.5189,0.35035,0.52006,0.10637
7.6166,0.60301,1.4897,-0.26358,-0.01103,-0.21276,-0.72602,-0.27043,-0.48364,-6.0656,8.517,2.0635,-0.2207,-0.48948,-0.98101,0.052854,-0.63231,-0.28691,0.009546,-5.551,8.2018,-0.39038,0.61214,0.27942,0.3765,0.54392,-0.85645,-8.4271,-0.2036,0.19704,-0.01712,0.11673,1.7151,0.64584,-0.21758,0.005519,-7.8078,-4.8958,-0.87619,0.48386,0.16951,1.4824,0.37469,0.50758,0.10949
7.4333,1.2492,1.4478,-0.76853,-0.078991,-0.40376,-0.7204,-0.25876,-0.47802,-6.0961,6.3637,2.1434,-0.17312,-0.45836,-1.4386,0.077808,-0.63343,-0.3233,-0.21346,-5.9135,7.7595,-0.28619,0.65865,0.45971,0.39736,0.54669,-0.83427,-8.7787,-1.7925,-0.39351,1.3706,0.59062,2.0711,0.61835,-0.25712,0.017931,-8.0303,-3.3318,-1.3613,0.62389,0.14349,1.5389,0.40304,0.49481,0.10403
8.122,0.53054,1.9258,-1.1776,-0.11605,-0.53085,-0.71204,-0.23006,-0.48298,-6.9177,6.2003,2.8545,-0.20003,-0.3493,-1.566,0.1065,-0.63458,-0.36712,-0.52582,-5.718,7.903,-0.14512,0.71878,0.65953,0.41745,0.53826,-0.81456,-10.768,1.2989,-0.84199,1.1483,0.77513,2.3025,0.5861,-0.29994,0.050801,-8.526,-3.5798,-2.4087,0.60134,0.22535,1.3724,0.42875,0.48201,0.098745
9.2386,0.54905,2.4716,-1.2707,-0.26241,-0.56396,-0.70371,-0.19812,-0.48328,-6.9152,8.9251,2.8961,-0.012895,-0.33919,-1.5155,0.13401,-0.64194,-0.41955,-0.85606,-6.0063,7.1842,-0.13379,0.75349,0.72309,0.43904,0.52069,-0.78986,-11.527,3.2869,-1.6922,0.10411,0.7628,2.3963,0.54334,-0.34711,0.073638,-9.9849,-2.9181,-1.692,0.29016,0.18103,1.2595,0.4551,0.46764,0.094569
10.4,0.55211,3.0847,-1.159,-0.31238,-0.51967,-0.6971,-0.16746,-0.48351,-6.6548,7.4343,3.3381,-0.25397,-0.34125,-0.9606,0.15644,-0.65587,-0.47383,-1.5865,-6.3255,7.1933,-0.084466,0.73509,0.7582,0.45407,0.50467,-0.76579,-12.946,2.7757,-2.7631,-0.83813,0.81042,2.4176,0.50135,-0.38567,0.078304,-10.449,-2.886,-1.6998,0.10515,0.080956,1.3011,0.47736,0.45459,0.10001
10.801,0.69457,3.7079,-1.0623,-0.1028,-0.43099,-0.6918,-0.13712,-0.49061,-6.3988,7.6934,3.8949,-0.19676,-0.60487,-0.37196,0.16558,-0.67532,-0.51877,-1.7086,-5.9575,6.7988,-0.054149,0.74096,0.76002,0.46414,0.48665,-0.74293,-12.69,2.2529,-3.0275,-0.93959,0.5568,2.2472,0.46533,-0.41362,0.071449,-10.195,-2.9762,-1.9049,0.21834,-0.011913,1.1237,0.49787,0.43824,0.10611
11.03,0.18857,3.8108,-1.1588,-0.13241,-0.35073,-0.68875,-0.10858,-0.49752,-5.5673,7.4687,4.193,-0.24642,-0.72974,0.28592,0.16415,-0.70173,-0.57154,-2.7567,-5.7964,6.7021,0.067765,0.63261,0.65987,0.46947,0.466,-0.71428,-10.93,2.7551,-3.0902,-0.55402,0.53423,2.0874,0.43088,-0.43545,0.061383,-11.764,-0.78678,-2.1347,-0.23654,-0.092018,1.2995,0.51943,0.41903,0.11165
10.648,0.29227,4.5845,-1.0329,-0.11059,-0.33697,-0.6852,-0.079178,-0.50268,-5.3473,6.8637,4.9596,-0.017856,-1.0233,0.92445,0.14813,-0.73732,-0.61343,-2.7909,-5.7623,6.7352,0.21015,0.46823,0.51749,0.4698,0.44211,-0.6876,-10.56,3.8033,-2.3036,-0.1268,0.58806,1.9627,0.39984,-0.44986,0.063626,-11.229,-2.7462,-2.2056,-0.50344,-0.32294,1.369,0.54411,0.39315,0.11872
