8.8239,-0.2419,3.1092,-0.22514,-0.36575,-0.34303,-1.0098,0.059565,-0.64693,3.0793,7.6259,5.276,0.034728,0.40598,-0.080032,-0.42102,-0.60064,-0.79663,1.8987,-6.185,6.8686,0.007657,-0.00105,0.082941,0.11374,0.91914,-1.0311,-9.9298,-1.7718,-0.93006,0.28396,0.18613,-0.81481,0.40895,-0.55846,0.33929,-9.1842,2.7378,-0.58412,2.8051,0.1893,-0.94168,0.2504,0.73274,0.21346
8.7566,-0.27849,3.1308,-0.40483,-0.38146,-0.2666,-1.0199,0.058716,-0.63035,3.1556,6.8976,5.4821,0.006655,0.38053,-0.15738,-0.40672,-0.60004,-0.80075,2.2505,-6.6431,6.7719,0.058292,0.13783,0.13103,0.1237,0.92324,-1.0162,-9.0511,-0.21243,-1.7844,0.47214,-0.09198,-1.0794,0.45423,-0.517,0.34954,-6.9738,3.4762,-1.0976,0.69413,-0.24029,0.11515,0.24031,0.74778,0.16547
8.3987,-0.26126,3.2476,-0.39915,-0.29852,-0.2223,-1.0359,0.0647,-0.6067,2.9698,7.4506,5.9258,-0.011913,0.33639,-0.3468,-0.388,-0.60314,-0.79967,1.7675,-6.286,6.7021,0.028219,0.29996,0.1065,0.13787,0.93161,-0.99668,-9.2961,0.59239,-2.6004,0.83938,-0.13104,-1.0037,0.48632,-0.4705,0.35776,-5.6875,0.74096,1.8525,-0.82368,-0.43582,0.41019,0.26,0.74363,0.15807
8.4753,-0.067347,2.7645,-0.35712,-0.19244,-0.16707,-1.044,0.068277,-0.5926,2.7726,7.3436,5.5061,-0.014475,0.21536,-0.54845,-0.36767,-0.60486,-0.80187,2.016,-6.5017,7.1057,-0.10123,0.34304,0.062324,0.14888,0.93718,-0.98061,-8.3443,2.7714,-2.7187,0.89141,0.000655,-0.75174,0.52448,-0.42204,0.37245,-8.4725,-6.0045,-0.74506,-0.30124,-0.21881,0.71304,0.28813,0.72947,0.14981
10.068,-0.024677,3.7243,-0.14339,-0.19483,-0.21764,-1.0483,0.065561,-0.58567,2.2251,7.6351,5.8831,0.041503,0.013333,-0.58204,-0.35444,-0.61241,-0.80345,1.66,-6.6517,7.7312,-0.16076,0.25844,0.008964,0.15713,0.93956,-0.96733,-9.2292,1.981,-2.8556,0.84005,0.18609,-0.56881,0.56254,-0.38308,0.39129,-7.8438,-13.083,-4.6229,0.12192,-0.20039,0.74283,0.31971,0.70647,0.16572
11.556,-0.65872,3.6793,0.13063,-0.13632,-0.28305,-1.0548,0.058109,-0.57411,2.1866,7.9847,6.2855,0.023997,-0.22401,-0.53509,-0.3488,-0.6204,-0.8003,1.27,-6.5379,7.6671,-0.33713,0.058998,-0.16043,0.15796,0.95037,-0.95056,-11.927,1.0164,-2.4812,0.74918,-0.088005,-0.57788,0.58633,-0.35352,0.40291,-10.723,-7.0169,-3.0118,-0.1463,-0.17544,0.57559,0.3311,0.70314,0.15974
13.709,-0.92742,3.567,0.19691,0.25274,-0.070118,-1.0563,0.043907,-0.57247,2.019,7.9814,5.9709,0.13711,-0.35519,-0.36248,-0.35003,-0.62732,-0.8005,1.3871,-6.526,7.5024,-0.40192,-0.13772,-0.28893,0.14447,0.96724,-0.93606,-11.874,3.4116,-3.1579,0.70812,-0.31303,-0.11751,0.60549,-0.33222,0.40426,-12.324,4.3891,3.4608,1.7023,0.79171,0.9089,0.34931,0.69989,0.15019
12.585,0.36204,1.9927,0.61572,0.52608,-0.007031,-1.0483,0.030713,-0.58837,2.5161,8.489,5.7771,0.11668,-0.49666,0.11192,-0.35815,-0.63655,-0.79782,2.0241,-8.3274,7.0447,-0.12349,-0.21934,-0.60671,0.11976,0.98457,-0.92699,-10.159,11.388,-2.6745,0.93169,-0.070393,0.96849,0.59528,-0.34129,0.40381,-12.872,-11.713,-0.90946,0.15577,-0.065288,0.71244,0.39614,0.68605,0.09264
9.4571,1.8432,0.97885,0.64117,0.35511,0.028994,-1.037,0.016222,-0.60519,2.4264,7.8814,5.589,0.22512,-0.5831,0.45369,-0.3795,-0.64135,-0.7917,1.7914,-5.9655,6.6138,-0.47034,-0.21073,-0.80122,0.084961,0.99021,-0.92531,-9.7176,5.5266,0.64171,0.78153,-0.044064,2.2638,0.55342,-0.39153,0.41103,-9.5614,0.087417,-6.8872,0.54178,0.58532,0.32125,0.41957,0.66363,0.090263
8.3471,2.8501,-0.3734,0.76073,-0.39933,0.020401,-1.0332,-0.005891,-0.6085,2.4906,7.676,4.9664,0.12389,-0.56926,0.1887,-0.40192,-0.64199,-0.78816,1.8563,-5.7728,7.247,-0.14422,-0.22286,-0.4935,0.047833,0.99999,-0.92039,-13.081,-3.9834,-2.2813,0.9749,0.35505,2.5161,0.49718,-0.45555,0.42394,-6.9988,4.9608,1.6251,-0.052386,0.22764,1.5854,0.45326,0.63751,0.078876
8.5935,1.1675,-0.62868,-0.81807,-0.17491,0.17501,-1.0385,0.005953,-0.59622,3.2372,7.3568,4.78,-0.25385,-0.51693,0.033001,-0.42035,-0.63641,-0.7953,2.6447,-6.5925,7.217,0.3433,-0.16851,-0.086423,0.030045,0.98674,-0.93758,-14.281,-1.8485,-2.8629,1.2423,1.3744,2.1028,0.40513,-0.49659,0.46639,-10.035,0.95501,-2.2915,-1.9212,0.2004,1.414,0.51515,0.58623,0.088816
10.148,0.44019,2.1612,-0.62281,0.16872,0.15218,-1.0345,0.028146,-0.5989,3.7025,7.9876,4.674,-0.081535,-0.31186,0.14488,-0.43113,-0.63292,-0.79916,2.8463,-7.1551,6.3229,0.25483,-0.10547,-0.1535,0.023624,0.97182,-0.95663,-11.562,0.54479,-0.53024,0.28655,0.73546,2.2779,0.31154,-0.52662,0.49854,-10.868,-3.7734,-3.2744,-0.86996,-0.31,1.4022,0.57535,0.54008,0.087249
9.5073,0.10679,1.6021,-0.21404,0.085699,0.21683,-1.0354,0.035641,-0.59444,3.2448,7.7747,4.5635,0.076734,-0.10009,0.24078,-0.44072,-0.63251,-0.79464,2.4308,-6.4344,6.3432,0.023005,0.085282,-0.30533,0.013297,0.96506,-0.95895,-10.003,-0.19344,-0.048001,-0.90218,0.91911,1.9348,0.19793,-0.58574,0.49807,-7.8375,-2.1357,-1.4485,0.13558,-0.094395,1.5562,0.63383,0.49698,0.058804
7.6051,0.28816,2.6781,0.094955,-0.005544,0.27224,-1.0305,0.046313,-0.5954,3.7348,7.7178,5.2855,0.050867,0.12305,0.088443,-0.44243,-0.63283,-0.79292,2.7075,-5.858,6.4009,0.17158,0.30798,-0.17916,0.011809,0.95312,-0.96143,-8.9597,0.19338,-0.10248,-2.6751,1.269,1.2366,0.1114,-0.6404,0.46347,-8.622,-0.83121,-1.7645,-0.59177,0.21613,1.0846,0.67899,0.46646,0.043942
6.7356,0.61522,2.2932,0.30746,-0.11543,0.22913,-1.0238,0.054036,-0.5976,3.5013,7.0862,4.5717,-0.051194,0.37627,-0.07935,-0.42789,-0.63069,-0.79718,2.7125,-6.0869,6.7032,0.05223,0.42219,0.056723,0.021748,0.947,-0.96199,-8.3268,-1.1364,-0.7185,-3.1719,0.49276,0.94135,0.056663,-0.68206,0.39727,-9.3408,-0.89675,-1.2838,-0.63268,-0.036226,0.96942,0.72061,0.44433,0.028814
7.4228,0.9359,2.2333,0.26926,0.006383,0.1885,-1.0261,0.058226,-0.58943,3.0767,7.3003,4.4218,0.0925,0.49394,-0.23912,-0.40391,-0.63285,-0.79622,2.2439,-5.8864,7.1962,0.079823,0.46062,0.26249,0.041826,0.94646,-0.95648,-6.2839,-3.2513,-0.51761,-2.2089,-0.057262,0.49414,0.017531,-0.72378,0.3239,-9.3777,-0.44773,-1.4774,-0.48027,-0.1042,1.1667,0.75627,0.42223,0.018068
7.8519,1.2657,4.1337,0.52179,-0.20723,0.11513,-1.0288,0.058129,-0.58472,2.754,7.8749,4.9109,0.094354,0.60832,-0.38343,-0.37855,-0.63703,-0.7963,2.0738,-6.2111,7.3362,0.10409,0.4364,0.51145,0.071275,0.9443,-0.95293,-6.6825,-4.0192,-0.19469,-0.57191,-0.072737,-0.13336,0.008709,-0.74336,0.27629,-9.2114,0.24485,-1.0992,-0.76117,-0.18528,1.1568,0.79224,0.39377,0.008754
8.2579,1.2976,2.7493,0.076378,-0.19343,0.13085,-1.0436,0.057483,-0.56419,3.1666,8.1195,5.4491,-0.095799,0.59808,-0.37113,-0.34697,-0.63997,-0.79761,1.903,-6.1036,7.4442,0.21267,0.29927,0.65786,0.10713,0.94087,-0.9484,-7.7969,1.3314,1.4501,1.0887,-0.29516,-0.24123,0.018291,-0.76186,0.26116,-9.4918,-1.2221,-2.0193,-0.7008,-0.15023,1.0557,0.81814,0.37262,0.013614
10.354,1.7984,2.9774,0.042141,-0.17172,0.081701,-1.0531,0.061608,-0.55082,2.0711,8.1088,5.6732,0.030487,0.52629,-0.13888,-0.32054,-0.63996,-0.79604,1.2845,-6.4896,7.7887,0.18156,0.17122,0.70327,0.14071,0.93579,-0.94941,-9.5714,9.7615,-4.1313,1.6878,-0.27669,-0.25984,0.040075,-0.75621,0.28487,-9.6153,-3.0419,-2.6687,-0.43649,-0.019979,0.97466,0.84288,0.34566,0.014104
13.044,1.7689,3.1095,-0.56797,0.03705,0.24987,-1.0595,0.074286,-0.54541,1.3632,8.5011,5.7897,-0.040872,0.27754,0.22578,-0.30859,-0.6395,-0.79129,1.4015,-6.3804,7.4903,-0.012983,0.065833,0.63046,0.16805,0.93082,-0.95074,-10.727,10.256,-5.2354,0.2304,0.31082,-0.63519,0.056614,-0.74418,0.30885,-11.76,-4.5652,-2.089,-0.76705,-0.30068,0.90861,0.86475,0.31651,0.010625
14.411,1.517,4.0806,-0.40329,0.66872,0.13447,-1.0577,0.089951,-0.56376,1.8487,7.11,5.6843,-0.034427,-0.006228,0.51576,-0.315,-0.63381,-0.79007,1.2148,-6.7431,7.2004,-0.17848,-0.063692,0.45505,0.18583,0.93257,-0.94889,-12.003,-6.4463,-0.48649,-1.7026,0.51927,-1.5273,0.08002,-0.7535,0.28297,-10.754,-7.3142,-3.3866,-0.55141,-0.33741,0.000273,0.86487,0.30172,0.01325
12.465,-1.621,1.6506,-0.75125,0.66843,0.30321,-1.0457,0.10762,-0.59843,2.558,9.1388,5.7319,0.028387,-0.13199,0.86532,-0.33641,-0.62666,-0.79009,0.7301,-7.2691,8.0188,-0.12948,-0.41055,-0.031557,0.18343,0.93942,-0.94697,-11.321,10.828,-2.6522,-1.1865,-0.93777,-0.63138,0.13012,-0.76674,0.19688,-9.3073,-12.079,-1.4105,-0.17666,-0.14651,-1.6677,0.83344,0.33889,0.023592
9.4352,-2.8985,1.1493,-0.44615,0.002807,0.22039,-1.0404,0.12993,-0.61629,2.7653,8.4335,5.6814,0.18053,-0.1827,0.9491,-0.36527,-0.61765,-0.78489,1.2113,-6.6136,8.0562,-0.44476,-0.58495,-0.26436,0.15063,0.95295,-0.95026,-9.3401,-4.6958,-7.712,-1.3003,0.14628,-0.60261,0.12033,-0.77669,0.17605,-10.989,-2.6244,1.5521,-1.2245,-0.26606,-3.176,0.75461,0.41992,0.061671
9.6577,-1.5396,-1.9811,1.1483,-0.49187,-0.2478,-1.051,0.11311,-0.60469,3.1847,4.5913,5.1221,-0.054926,-0.084647,0.41046,-0.38334,-0.61327,-0.78556,1.5873,-6.548,7.0413,0.069949,-0.76549,-0.027312,0.11971,0.95229,-0.97593,-6.7914,-5.7843,0.39771,-0.23391,-0.20351,-1.7802,0.15986,-0.75791,0.17332,-19.88,5.8699,-6.1944,-1.2449,0.97099,-2.9036,0.66081,0.49934,0.12072
8.6374,0.61431,-1.3183,0.46364,0.81669,-0.21241,-1.042,0.08658,-0.61831,3.3746,6.9108,5.2238,-0.090382,-0.017584,-0.033137,-0.39283,-0.60921,-0.78667,1.9558,-6.6267,6.6229,0.46749,-0.69956,0.07495,0.096684,0.93534,-1.0133,-9.1857,-2.9807,-1.649,2.0563,0.45861,-1.4096,0.21036,-0.71593,0.23223,-13.242,0.31156,-1.9739,-0.67856,1.0008,-2.4969,0.58198,0.54474,0.19405
9.5106,0.88949,7.8294,0.52802,0.7761,-0.33562,-1.0117,0.070947,-0.65778,4.0155,8.8042,5.2145,-0.09867,0.087647,0.042554,-0.39256,-0.6078,-0.79105,2.2364,-6.8075,6.4836,0.13493,-0.54248,-0.069886,0.079537,0.92217,-1.0402,-10.986,3.6623,-3.0878,0.94233,-0.44046,-1.5046,0.27355,-0.6626,0.28357,-10.685,-0.2365,1.8177,-0.63641,0.87903,-2.6273,0.49253,0.5891,0.2544
8.0802,0.80073,1.3645,-0.028296,-0.079534,-0.23741,-1.0114,0.053532,-0.65711,2.9966,7.3085,5.2111,0.089956,0.29052,0.064819,-0.38605,-0.60391,-0.79115,1.8484,-6.5145,6.5949,-0.10861,-0.35853,-0.12816,0.068344,0.92183,-1.0549,-8.2817,2.3357,-2.4844,0.18009,0.30411,-1.1265,0.32448,-0.62464,0.3012,-10.754,-1.1769,1.6795,1.0514,1.486,-1.8251,0.40302,0.62633,0.29817
7.2553,0.36512,2.661,-0.14371,-0.16876,-0.27826,-1.0114,0.034204,-0.65216,3.1996,7.2554,5.1611,-0.076846,0.43883,0.017215,-0.37206,-0.60035,-0.79572,2.3037,-6.2689,6.5095,-0.17096,-0.17196,-0.062343,0.076386,0.92376,-1.061,-8.6195,0.20069,-1.5361,0.36473,0.24784,-0.9014,0.37701,-0.58132,0.33696,-9.1044,0.20628,1.248,2.9853,0.90894,-1.4501,0.3262,0.66247,0.30005
8.0742,-0.054485,2.202,-0.29161,-0.25042,-0.29995,-1.0203,0.029717,-0.63978,3.1837,7.3384,5.5307,0.004715,0.49275,-0.063179,-0.35803,-0.59784,-0.79989,2.452,-6.1338,6.5705,0.06681,0.045301,0.069139,0.086004,0.92969,-1.0504,-9.6893,-1.9369,-0.67748,0.38187,0.25367,-0.81612,0.41015,-0.54426,0.35429,-8.7954,2.3928,-0.71294,3.3712,0.22836,-1.1465,0.27677,0.71243,0.22681
8.5933,-0.15841,3.0707,-0.38951,-0.22759,-0.2782,-1.0264,0.037951,-0.63206,2.9793,7.0181,5.6033,0.013125,0.49856,-0.19667,-0.3437,-0.59777,-0.79872,2.5379,-6.5374,6.6228,0.080876,0.20641,0.071238,0.092998,0.93847,-1.0323,-9.3757,-0.84487,-1.4901,0.54631,-0.077814,-1.0512,0.44296,-0.50863,0.35933,-7.0928,4.7515,-2.5005,1.5205,-0.11546,-0.072393,0.25912,0.74248,0.1548
8.1375,-0.30384,3.305,-0.35363,-0.25865,-0.22973,-1.0346,0.040579,-0.62104,2.3883,7.1761,6.0281,0.051849,0.45342,-0.3787,-0.32273,-0.6012,-0.79893,2.1604,-6.5597,6.571,-0.019589,0.37622,0.08726,0.10567,0.94157,-1.0179,-8.8418,-0.43472,-2.23,0.69157,-0.18566,-1.0307,0.48776,-0.45987,0.37033,-5.5374,2.0175,-0.26301,-0.91819,-0.020226,0.45647,0.27318,0.73671,0.14895
8.3463,-0.33468,3.187,-0.29685,-0.10526,-0.19108,-1.0405,0.042293,-0.61046,2.3931,7.1666,5.9917,-0.03358,0.33109,-0.53693,-0.30285,-0.60505,-0.80291,2.0405,-6.3529,6.6585,-0.036744,0.50868,0.043337,0.12196,0.94464,-1.001,-8.8833,1.7033,-2.4583,0.72502,-0.1037,-0.86738,0.52807,-0.41417,0.37673,-8.4155,-3.782,0.17322,-0.96966,-0.27233,0.5876,0.29799,0.7236,0.16734
9.4203,-0.16542,3.1664,-0.13189,-0.063053,-0.18545,-1.0479,0.037076,-0.60029,1.9513,7.7383,6.0815,-0.061011,0.19619,-0.59788,-0.28,-0.60762,-0.80625,1.4991,-6.5341,7.6069,-0.17494,0.44917,0.03492,0.14237,0.94572,-0.97857,-9.962,2.2843,-2.5406,0.68013,0.10381,-0.75283,0.56791,-0.37188,0.39048,-8.2176,-13.693,-2.6738,-0.32915,-0.15547,0.56808,0.32993,0.70104,0.1775
11.021,-0.26212,3.7599,0.001566,-0.17495,-0.21379,-1.0525,0.031299,-0.58947,1.9097,7.9268,6.1987,-0.030881,0.048633,-0.48685,-0.26501,-0.6092,-0.8099,1.4702,-6.7574,7.6837,-0.31997,0.17653,-0.049739,0.14857,0.95807,-0.95647,-10.224,2.092,-3.4309,0.54475,-0.12288,-0.50037,0.59131,-0.34196,0.39588,-12.27,-10.498,-0.82133,-0.29577,0.15992,0.11416,0.3276,0.70123,0.18343
13.122,-0.37528,3.7601,-0.00124,0.088734,-0.10163,-1.0584,0.030136,-0.58221,1.6741,7.7973,5.9342,0.09901,-0.093044,-0.29579,-0.25996,-0.61014,-0.81179,0.93101,-6.6052,8.2058,-0.38747,-0.27011,-0.21074,0.13759,0.97811,-0.93659,-11.574,2.8537,-3.9615,0.4959,-0.12718,-0.053742,0.60174,-0.33061,0.39272,-8.1098,6.8852,-4.6632,0.67352,0.29012,0.61472,0.32613,0.70283,0.19224
13.652,0.88415,2.6756,0.40227,0.62389,-0.2219,-1.051,0.017788,-0.59573,1.4894,8.7651,6.3166,0.18898,-0.32531,0.044685,-0.26348,-0.61818,-0.80926,2.0126,-7.3953,7.1799,-0.24477,-0.51353,-0.30267,0.11001,0.99141,-0.93501,-11.373,10.44,-3.178,1.4084,-0.24205,1.043,0.60047,-0.33279,0.40093,-14.162,-7.9214,6.0782,2.0845,-1.0339,1.8233,0.37147,0.69551,0.12629
10.456,2.2331,1.5037,0.33573,0.38425,-0.13374,-1.0369,0.00092,-0.62125,2.1471,8.1418,6.3615,0.31964,-0.60377,0.44763,-0.28469,-0.62394,-0.80543,2.3355,-8.0329,7.0834,-0.17646,-0.5866,-0.61271,0.066329,0.99822,-0.94177,-9.3302,5.9161,1.1292,1.4449,-0.21845,2.3113,0.56578,-0.37488,0.41401,-13.206,-3.8842,-4.7933,1.015,-0.0801,0.42963,0.40279,0.67267,0.10615
8.6015,3.2469,-0.070467,0.77731,-0.34573,0.002919,-1.0363,-0.026564,-0.61996,2.1747,7.3589,5.3497,0.17381,-0.71886,0.28447,-0.31448,-0.62953,-0.80104,2.4592,-5.9634,6.2865,-0.36032,-0.45576,-0.45696,0.018789,1.0043,-0.94088,-13.857,-4.3285,-2.9792,0.87888,0.44363,2.6614,0.49232,-0.45887,0.42669,-7.282,7.287,-1.0551,0.6244,1.1504,0.77763,0.42372,0.65476,0.088075
8.8014,1.0397,-0.56079,-0.66878,-0.2399,0.35609,-1.041,-0.014832,-0.60366,2.8145,7.4741,5.0698,-0.1545,-0.77629,0.11271,-0.33756,-0.63048,-0.80023,2.6834,-5.8184,6.0527,0.26314,-0.17756,-0.17033,-0.000601,0.9976,-0.95013,-14.224,-1.4802,-3.147,0.84484,1.7656,2.0986,0.39277,-0.50929,0.46968,-7.8521,2.9014,-2.1597,-2.2416,0.10931,1.7387,0.49076,0.6043,0.098816
9.4055,0.44997,1.2007,-0.36365,0.35234,0.38783,-1.0347,0.009267,-0.61107,2.9695,8.0293,5.0539,0.05139,-0.66261,0.19886,-0.36133,-0.62995,-0.79755,2.5049,-6.6153,5.5602,0.31366,0.072321,-0.20079,-0.006386,0.985,-0.96139,-11.666,0.51252,-0.23192,-0.032668,0.72091,2.3556,0.29298,-0.55177,0.49202,-11.745,-3.6467,-4.1554,-2.3263,-0.38208,1.3704,0.54653,0.55831,0.12113
8.831,0.000102,3.7151,0.10004,0.02662,0.36347,-1.0226,0.027749,-0.62275,2.9405,7.6495,4.8916,0.15392,-0.42457,0.14943,-0.38134,-0.63127,-0.79219,3.1928,-7.37,6.0727,0.32018,0.45338,-0.36592,-0.007834,0.96701,-0.97314,-9.4931,-0.57647,0.4281,-1.022,0.78695,2.0327,0.1993,-0.59034,0.48881,-7.8481,-4.6721,-0.23044,-0.24836,-0.4797,1.543,0.6053,0.51973,0.093788
7.3095,0.46365,1.9906,0.43189,-0.30732,0.35784,-1.0246,0.039565,-0.61062,3.2734,7.5407,4.8226,-0.043866,-0.26317,-0.027658,-0.38986,-0.63348,-0.78838,3.3613,-6.1959,6.1453,0.19644,0.80234,-0.37049,0.002321,0.95313,-0.97944,-8.7418,-0.033119,0.32256,-2.6155,1.3902,1.2798,0.11223,-0.6403,0.45663,-8.2624,-0.80542,-1.2638,-0.2296,0.16228,1.1068,0.65077,0.48991,0.070705
7.3418,0.86452,1.7174,0.24078,-0.18951,0.28776,-1.0289,0.058521,-0.5997,3.5124,7.6504,4.6958,-0.14988,-0.081898,-0.24273,-0.38484,-0.63077,-0.79265,2.5037,-6.4717,6.6432,-0.032014,0.98178,-0.29648,0.028207,0.94468,-0.97242,-8.7136,-1.559,-0.59047,-3.1838,0.63371,0.97238,0.032354,-0.6956,0.38191,-9.2421,-0.01729,-1.0467,-0.19349,0.15248,0.82664,0.69524,0.45986,0.060772
8.2882,1.3348,2.6304,0.35877,0.16366,0.17348,-1.0269,0.060112,-0.59723,2.9661,7.2108,4.8751,-0.15128,0.15696,-0.29317,-0.37182,-0.6326,-0.79705,2.2886,-6.4453,7.368,-4.4e-05,1.0182,-0.1304,0.055208,0.94648,-0.95791,-6.3287,-3.5285,-0.78049,-2.0296,-0.084819,0.59106,-0.008328,-0.73676,0.30756,-10.021,0.14344,-1.1117,-0.22071,-0.06859,1.1856,0.7342,0.43702,0.048443
8.4036,1.2027,3.9584,0.26133,-0.089835,0.17451,-1.0266,0.05642,-0.59411,2.6184,6.6699,4.4477,-0.06365,0.34402,-0.30905,-0.35579,-0.63299,-0.79771,1.624,-5.827,8.2639,0.46605,0.86034,0.18584,0.084442,0.94285,-0.94613,-6.8166,-4.0001,0.35055,-0.52362,0.014319,-0.14937,-0.019898,-0.7665,0.25544,-8.8831,-0.00199,-1.6307,-0.47995,-0.26676,1.3725,0.76787,0.41641,0.026765
8.2564,1.001,2.8071,0.068681,0.14206,0.21694,-1.0291,0.06255,-0.59105,2.504,7.6797,4.6849,0.29271,0.48036,-0.22933,-0.34364,-0.63663,-0.79248,1.1347,-5.9064,7.8692,-0.077989,0.4151,0.50918,0.12077,0.94448,-0.937,-8.5462,1.7021,1.615,0.77959,-0.33319,-0.18395,-0.006305,-0.76718,0.25543,-9.4941,-2.3057,-2.0655,-0.69357,-0.29556,1.2194,0.80471,0.38537,0.017915
9.3413,0.79605,3.7242,-0.027746,0.035751,0.15358,-1.0311,0.07283,-0.5892,2.6529,8.356,5.6803,0.21105,0.5327,-0.10463,-0.33493,-0.6409,-0.78422,1.118,-6.1933,8.1453,0.23931,0.11886,0.83921,0.15346,0.93877,-0.93592,-8.5516,7.3208,-4.2654,1.4921,-0.44608,-0.24206,0.012821,-0.76329,0.27309,-8.8902,-3.8839,-2.2911,-0.31868,0.002377,1.0032,0.83007,0.35779,0.014126
11.369,0.76668,3.2917,-0.1059,0.021096,0.19749,-1.035,0.084718,-0.58903,2.447,8.8784,5.9439,0.17605,0.37863,0.065608,-0.32265,-0.64309,-0.77606,0.96682,-5.949,7.7451,0.1209,-0.17027,0.80668,0.18824,0.9248,-0.94793,-10.532,10.952,-6.5223,0.53197,0.27146,-0.64144,0.044147,-0.74657,0.2949,-11.031,-2.6855,-2.4959,-0.62137,-0.000112,0.81852,0.85048,0.32487,0.025951
13.077,1.5939,4.1904,0.041231,0.35899,0.010432,-1.0368,0.089143,-0.59501,1.8477,7.9037,5.9844,0.023618,0.21879,0.18226,-0.31562,-0.64526,-0.76998,0.9973,-6.541,7.4992,-0.082188,-0.35633,0.64175,0.20413,0.92298,-0.95403,-8.7708,-3.0793,-2.9306,-0.28322,0.41737,-1.163,0.066834,-0.74475,0.29904,-11.326,-5.0583,-2.6432,-0.62955,-0.46677,0.25756,0.85414,0.31188,0.026045
12.991,0.079582,3.2771,0.019041,0.68109,0.12017,-1.0314,0.080474,-0.61545,1.9843,9.2053,5.5319,-0.054956,0.1111,0.56666,-0.31685,-0.64205,-0.77075,0.69181,-7.6378,7.9561,-0.12633,-0.58055,0.21534,0.20092,0.92823,-0.95608,-12.337,11.004,4.3945,-2.0143,-1.9969,-0.94362,0.11323,-0.76773,0.22493,-9.6812,-10.846,-3.027,-0.061894,-0.070233,-1.1663,0.83528,0.32941,0.029177
9.7682,-1.6575,1.3539,-0.33268,0.26234,0.23502,-1.0234,0.086038,-0.6391,2.9339,9.7972,5.9317,0.078534,0.10553,1.0406,-0.33198,-0.6342,-0.7712,1.6985,-6.6285,8.1983,-0.53662,-0.73021,-0.21605,0.16941,0.9369,-0.9634,-13.15,-1.2525,-6.3891,-0.71066,-0.058595,-0.6127,0.10935,-0.76886,0.21933,-9.3103,-7.1326,2.5842,-0.97739,-0.21494,-2.7544,0.77962,0.38864,0.052455
8.8744,-2.1497,0.26955,0.42224,-0.56661,0.000513,-1.0285,0.089248,-0.63678,2.3873,4.4894,5.1532,-0.28335,0.11406,0.6889,-0.33972,-0.6234,-0.77452,1.3095,-6.2445,6.4989,-0.20606,-0.86988,-0.042896,0.13051,0.94693,-0.97908,-6.5035,-4.2281,-0.42313,-0.86535,-0.26085,-1.4556,0.13518,-0.75801,0.20707,-15.446,5.2019,-4.7842,-0.80232,0.18824,-3.5106,0.68714,0.47358,0.10348
8.5316,0.18636,-1.5383,0.8699,-0.17146,-0.22223,-1.0316,0.056394,-0.63079,2.518,5.5881,5.5405,-0.099135,-0.096294,0.3032,-0.34911,-0.61236,-0.7823,2.2677,-6.6354,6.5251,0.28824,-0.71429,0.20022,0.10337,0.93623,-1.0115,-8.1427,-4.8731,-0.17028,1.7051,0.78074,-1.2567,0.19632,-0.72192,0.23434,-13.963,0.93077,-5.0695,-0.9478,1.1881,-2.2469,0.59265,0.52762,0.19366
10.091,0.4294,1.2654,-0.43458,0.60607,-0.15045,-1.0202,0.05076,-0.64634,3.5581,9.1971,6.1806,-0.13744,-0.24104,0.1745,-0.36578,-0.60573,-0.78513,2.002,-7.0896,7.4606,0.26275,-0.52646,0.082974,0.089797,0.92059,-1.0426,-12.817,1.9173,-3.7226,1.3993,-0.53884,-1.4049,0.25454,-0.66892,0.30018,-11.952,-0.67683,1.2647,-0.32452,0.62111,-2.5198,0.5,0.573,0.25167
8.9151,0.94889,1.5434,-0.28802,-0.16636,-0.17984,-1.0208,0.039367,-0.63907,3.5161,7.0104,5.1765,-0.001261,-0.17389,0.088931,-0.37496,-0.59964,-0.78985,2.1917,-6.2821,6.1855,-0.19844,-0.36013,-0.092812,0.082744,0.91485,-1.0567,-8.2098,3.1485,-1.4632,-0.38001,-0.11615,-1.3524,0.30828,-0.62745,0.33459,-10.955,-0.069524,1.2324,0.72453,1.3613,-2.1732,0.41565,0.61091,0.30048
7.372,0.073311,3.1524,-0.2171,-0.12804,-0.22926,-1.0201,0.040035,-0.64024,3.2854,6.9605,4.978,-0.15485,-0.019191,-0.027295,-0.37644,-0.59809,-0.79086,2.0217,-6.6163,6.223,-0.20847,-0.12848,-0.13747,0.083005,0.92822,-1.0514,-8.5101,1.7624,-2.0304,-0.32059,0.25197,-1.0837,0.35312,-0.59765,0.33608,-8.8354,0.31056,0.78373,2.5323,1.3366,-1.4914,0.34189,0.6555,0.30295
7.2977,-0.39634,2.1789,-0.26476,-0.27331,-0.23607,-1.0272,0.039952,-0.62943,3.5193,7.2541,4.9298,-0.089583,0.17221,-0.17078,-0.37219,-0.59531,-0.79736,2.7083,-6.4016,6.3714,-0.01047,0.19102,-0.075438,0.090488,0.93272,-1.0436,-9.4948,-0.90032,-1.042,0.055057,0.34362,-0.91582,0.38942,-0.56862,0.34415,-8.3315,2.0445,-0.18163,3.2832,0.39982,-1.1543,0.28803,0.70699,0.2448
8.1982,-0.35411,2.7829,-0.24516,-0.29604,-0.21029,-1.0302,0.041165,-0.62542,3.4009,7.2378,5.2959,0.019686,0.33026,-0.26066,-0.36151,-0.5962,-0.79959,2.189,-6.2682,6.5373,-0.093757,0.3699,-0.032028,0.10559,0.94003,-1.0229,-9.6883,-1.1177,-1.2407,0.12606,0.090875,-1.0915,0.43961,-0.53047,0.33321,-6.7336,4.0721,-1.1203,1.8303,-0.10331,-0.31738,0.25919,0.73921,0.16533
8.4379,-0.067194,2.8015,-0.35603,-0.15665,-0.17088,-1.0373,0.044007,-0.61315,2.827,7.1831,5.5789,0.059415,0.4097,-0.44651,-0.34377,-0.59945,-0.79792,2.0262,-6.5276,6.6711,-0.060749,0.4968,0.083891,0.1223,0.94924,-1.0014,-8.9613,-0.26645,-1.4821,0.6331,-0.15045,-1.1344,0.4835,-0.48645,0.3434,-5.7914,2.946,-0.76376,-0.60391,0.027674,0.58726,0.26848,0.73721,0.15038
8.6385,-0.099212,2.9968,-0.39026,-0.10779,-0.16198,-1.0472,0.047893,-0.59539,2.554,7.1915,5.847,0.001174,0.32774,-0.61901,-0.3231,-0.6037,-0.79672,1.6942,-6.3203,7.0292,0.011817,0.57182,0.1441,0.14488,0.95196,-0.98583,-8.8272,2.005,-2.9673,0.86921,-0.099632,-0.87425,0.51352,-0.44435,0.36574,-8.8278,-4.0215,0.6676,-0.31381,-0.40152,0.62967,0.28306,0.73149,0.15526
9.9487,-0.2296,3.3341,-0.20717,0.10808,-0.17529,-1.0485,0.05089,-0.59119,2.0078,7.4838,6.5642,0.019066,0.13677,-0.70024,-0.30303,-0.6088,-0.79733,1.934,-7.1235,7.4184,-0.071565,0.45128,0.088988,0.16442,0.95692,-0.96583,-8.7705,2.5753,-3.0118,0.66588,0.17356,-0.74519,0.5451,-0.40608,0.37847,-9.2679,-9.863,-2.9635,-0.93489,-0.40081,0.84685,0.31161,0.71378,0.1702
11.035,-0.30034,4.0283,0.11496,0.001028,-0.27457,-1.0508,0.043081,-0.58735,1.8635,7.7549,6.1685,0.0428,-0.096792,-0.63232,-0.28881,-0.61703,-0.79717,0.80781,-6.9776,7.7362,-0.25365,0.29216,-0.11146,0.17443,0.9671,-0.94485,-11.5,1.9337,-2.8109,0.67534,-0.016947,-0.61948,0.5699,-0.37744,0.38756,-11.496,-11.877,-2.9767,-0.1675,0.22862,0.42877,0.32631,0.70652,0.17288
13.049,0.017127,3.9636,-0.042733,0.21238,0.007233,-1.0517,0.040662,-0.59311,1.6711,8.3101,6.1504,-0.016936,-0.33736,-0.35919,-0.28771,-0.6231,-0.8042,0.99868,-5.6587,6.9485,-0.37803,0.091038,-0.25313,0.17011,0.98192,-0.92646,-11.777,3.0465,-3.7629,0.47034,-0.20376,-0.11941,0.59551,-0.35517,0.3843,-10.029,5.2456,-3.3465,0.96293,0.55115,0.59321,0.34711,0.69143,0.18962
12.514,1.427,2.5884,0.27012,0.48649,0.057477,-1.0407,0.036228,-0.61002,2.0378,8.9628,6.5201,0.059484,-0.68678,0.2129,-0.30394,-0.62747,-0.8032,1.8477,-7.7193,6.9336,-0.22556,-0.018321,-0.43683,0.15533,0.99723,-0.91795,-10.087,11.666,-2.9131,1.0995,-0.039865,1.1003,0.59098,-0.36516,0.38954,-14.059,-10.957,2.2562,1.3035,-0.85746,1.2856,0.38653,0.68557,0.1288
10.096,1.6211,1.512,0.16848,0.066345,0.088041,-1.0387,0.0276,-0.6159,2.3658,7.9142,5.8005,0.27067,-0.80213,0.47898,-0.3298,-0.62956,-0.79918,1.5892,-7.8503,7.5236,-0.24372,-0.16863,-0.75609,0.12589,1.0098,-0.91122,-10.221,5.0533,2.0278,1.417,-0.16517,2.4467,0.54893,-0.41225,0.40371,-10.568,-1.792,-6.5642,0.68311,0.24569,0.32371,0.40177,0.67587,0.11326
9.5633,1.4777,-0.47756,0.30665,-0.52774,-0.049819,-1.0437,0.016334,-0.60692,2.5142,6.9489,4.893,0.031605,-0.76745,0.14844,-0.35982,-0.63057,-0.7981,1.8057,-6.054,7.124,-0.17875,-0.24441,-0.54308,0.087171,1.0181,-0.91069,-14.656,-5.9815,-3.1207,1.2369,0.36947,2.643,0.47134,-0.48732,0.41864,-7.3707,6.965,1.2447,0.61805,0.56034,1.3337,0.42865,0.65802,0.094061
9.4825,-0.52475,-1.6103,-0.45989,-0.021283,0.058089,-1.05,0.024002,-0.59226,3.3955,7.2897,4.5914,-0.29339,-0.68395,-0.083883,-0.37994,-0.62621,-0.80339,2.265,-6.6969,6.9344,0.33962,-0.18519,-0.24466,0.067104,1.0075,-0.92608,-13.459,-0.60775,-3.0425,0.87212,1.5275,2.1192,0.37281,-0.52773,0.45963,-9.4191,1.9275,-1.5897,-2.1092,0.10603,1.6632,0.49527,0.60461,0.10001
10.498,-0.37968,0.84546,-0.1062,0.81171,-0.007708,-1.029,0.033928,-0.6201,3.6735,7.9917,4.8101,0.003708,-0.34874,-0.017705,-0.39531,-0.62876,-0.80289,2.5096,-6.9641,6.3756,0.32715,-0.1706,-0.23841,0.050309,0.99197,-0.94838,-11.916,-0.28401,-0.07852,0.2415,0.68455,2.3022,0.26032,-0.57396,0.48553,-11.356,-4.0468,-3.6703,-1.2574,-0.4301,1.4614,0.56427,0.54603,0.10731
8.9524,0.25277,3.27,0.24826,0.40279,0.006378,-1.0061,0.0291,-0.64617,3.3886,8.4133,4.8638,0.14846,0.065082,-0.064699,-0.39258,-0.63335,-0.79829,2.2944,-6.704,6.7736,0.064814,-0.073002,-0.24915,0.039699,0.97868,-0.96147,-9.5843,-0.29161,0.36594,-0.99209,0.90392,1.8501,0.17162,-0.60671,0.48693,-7.8837,-2.7342,-1.3074,0.36328,-0.23356,1.6308,0.62456,0.50508,0.069601
6.6581,0.39037,3.1043,0.31089,0.30619,0.10332,-0.99247,0.025974,-0.65497,3.0143,6.975,4.505,0.058763,0.34504,-0.18545,-0.37186,-0.63552,-0.79828,2.6514,-5.984,6.5247,0.28264,0.084327,-0.18128,0.035694,0.96453,-0.97011,-8.2147,0.44274,0.00254,-2.9205,1.223,1.1446,0.094096,-0.64499,0.45322,-8.2251,-0.68494,-1.5915,-0.53724,0.12057,1.0946,0.66785,0.4756,0.050739
5.987,0.29953,3.0837,0.4419,-0.12249,0.099796,-0.98694,0.022797,-0.6538,2.7292,6.8261,4.7261,0.21644,0.50479,-0.27488,-0.34688,-0.64302,-0.79408,2.635,-6.3968,6.6074,0.22313,0.16985,0.014846,0.034196,0.95082,-0.97527,-8.3459,-2.051,-0.95766,-3.2698,0.41614,0.87013,0.02661,-0.70633,0.36682,-9.4378,-0.48619,-1.2679,-0.50694,0.057805,0.89562,0.70499,0.45647,0.042856
6.6558,1.8474,3.6663,0.79912,-0.21729,0.066151,-0.99232,0.012659,-0.63901,2.3103,7.5974,5.145,0.21528,0.52248,-0.25873,-0.32369,-0.6494,-0.78461,2.2244,-5.5446,6.3932,0.22692,0.31612,0.24475,0.045854,0.94195,-0.97642,-6.0152,-3.631,-1.0742,-2.0655,-0.17041,0.44217,-0.008638,-0.74345,0.29064,-9.7665,-0.037087,-1.0929,-0.57681,-0.17545,1.1992,0.74199,0.43438,0.032542
8.2616,3.0096,4.3799,0.61962,-0.43533,0.2513,-1.003,0.003518,-0.62052,1.7379,8.4138,5.7868,0.063266,0.37244,-0.23601,-0.30503,-0.65509,-0.77809,2.449,-6.3247,7.4419,0.09765,0.40575,0.5256,0.071382,0.94119,-0.96913,-7.4428,-4.5767,-0.45663,-0.1849,-0.16725,-0.27075,-0.015859,-0.77263,0.22865,-8.9583,-0.53417,-1.0059,-0.93097,-0.30019,1.1347,0.7787,0.40597,0.016979
9.4189,2.8568,3.2089,0.080785,-0.16268,0.39354,-1.0147,0.008602,-0.6035,2.1801,7.0683,5.273,-0.17251,0.13502,-0.14743,-0.29652,-0.65134,-0.78168,1.6299,-5.9413,7.1979,0.27023,0.39948,0.63511,0.10552,0.93608,-0.96923,-8.9354,2.0289,2.0044,0.83559,-0.54346,-0.25237,0.00436,-0.77063,0.23565,-9.8453,-2.0289,-1.7346,-0.65229,-0.1453,1.0622,0.80869,0.38067,0.010551
10.135,1.4288,3.1752,-0.29969,-0.050357,0.34149,-1.0236,0.026571,-0.59729,1.9386,8.8824,6.1231,-0.011114,0.030693,-0.11885,-0.29992,-0.65159,-0.78276,1.4677,-6.8449,7.8198,-0.017438,0.22737,0.5813,0.13846,0.93773,-0.96313,-9.234,10.574,-4.5903,1.5786,-0.38684,-0.24097,0.024774,-0.75722,0.26523,-9.5779,-2.9463,-2.4646,-0.35269,0.04791,0.9912,0.83491,0.35213,0.014904
11.391,0.44107,3.1261,-0.50223,0.13313,0.26208,-1.0296,0.047397,-0.59794,2.5656,8.4692,5.3328,-0.17181,-0.045545,0.003029,-0.30233,-0.64887,-0.78885,1.4085,-6.3195,7.5067,-0.029318,0.085834,0.56072,0.16607,0.93705,-0.95909,-10.678,9.8013,-4.0783,0.5339,0.36153,-0.41415,0.037596,-0.75693,0.28016,-11.092,-3.8138,-2.2908,-0.58672,-0.19005,0.81362,0.85137,0.32633,0.022295
14.072,0.41705,3.758,-0.090156,0.45307,-0.072224,-1.0263,0.05465,-0.61043,1.8334,7.2298,4.9801,0.010216,0.02971,0.16879,-0.30272,-0.64626,-0.78609,0.89512,-6.9637,8.0015,-0.040686,-0.099674,0.3508,0.17915,0.94024,-0.95653,-13.523,-6.6549,1.194,-1.5817,0.63952,-1.5413,0.056178,-0.76512,0.2596,-10.82,-6.4409,-3.3092,-0.28536,-0.31775,0.077556,0.85219,0.31364,0.022292
13.347,-1.0214,1.8108,-0.44982,0.62551,0.029381,-1.0167,0.057797,-0.64082,2.2752,9.1332,5.39,0.055146,0.09155,0.76309,-0.31739,-0.64176,-0.78569,0.91075,-7.4783,7.8787,-0.072317,-0.45495,-0.15166,0.16776,0.94121,-0.96012,-11.014,9.1636,-2.5239,-0.95901,-0.86355,-0.6858,0.10773,-0.77645,0.19306,-8.9781,-11.389,-2.7013,0.26808,0.036005,-1.4579,0.82209,0.34333,0.03164
9.0522,-1.6381,1.6251,-0.7438,0.36591,0.12358,-1.0032,0.073404,-0.66619,2.2411,7.6145,5.6161,0.27923,0.040345,1.1236,-0.33943,-0.63686,-0.77876,1.3773,-6.7692,7.8489,-0.41547,-0.67069,-0.28654,0.13071,0.95125,-0.96863,-10.212,-3.823,-7.5951,-1.0131,0.09516,-0.66439,0.10556,-0.7702,0.19552,-10.19,-3.7942,1.5789,-1.1014,-0.12589,-3.04,0.75589,0.41731,0.062288
8.3589,-0.90011,0.005632,0.19583,-0.40405,-0.021524,-1.0051,0.073306,-0.66667,1.9437,5.0066,5.979,0.18521,-0.020007,0.81239,-0.36253,-0.62729,-0.7739,1.9039,-6.2179,6.4196,-0.014548,-0.6794,0.089483,0.10286,0.95005,-0.99003,-6.2986,-5.933,0.39307,-0.50722,-0.30025,-1.6485,0.14028,-0.75404,0.18005,-18.047,5.3261,-7.127,-1.372,0.94818,-3.3637,0.66423,0.50028,0.11913
7.8161,0.63311,-0.69728,0.392,0.030447,-0.05417,-1.0086,0.058426,-0.65814,4.0577,8.2978,5.6352,-0.16861,-0.094713,0.41379,-0.38448,-0.61648,-0.78094,1.7334,-6.1439,6.2299,0.31589,-0.49781,0.31717,0.094643,0.93276,-1.0227,-8.9723,-3.6361,-0.87849,1.9018,0.4639,-1.4201,0.19907,-0.71713,0.2302,-13.931,0.80967,-2.7073,-0.81585,1.4496,-2.4498,0.56952,0.54884,0.21635
10.409,0.56584,5.4024,-0.056212,0.3134,-0.14664,-0.99922,0.058311,-0.66714,3.809,8.1385,4.5249,-0.050649,-0.10935,0.25704,-0.39257,-0.61259,-0.78492,2.4992,-6.8627,6.8261,0.16042,-0.35186,-0.02171,0.086705,0.9207,-1.0421,-12.059,3.1019,-2.9284,1.2125,-0.62696,-1.4344,0.26835,-0.66121,0.28841,-11.759,-1.6229,2.2306,-0.32042,0.96468,-2.6324,0.47609,0.59369,0.27645
9.0329,0.82791,1.8872,-0.39057,-0.079567,-0.25971,-1.0079,0.056509,-0.65409,3.2556,7.6955,5.3894,-0.014051,0.06112,0.085897,-0.39718,-0.60632,-0.7858,2.2939,-6.4829,6.8262,-0.18515,-0.22509,-0.14551,0.078542,0.92047,-1.0535,-8.1178,3.8045,-2.2198,-0.013861,0.054198,-1.1658,0.32703,-0.61151,0.3238,-10.844,-1.042,1.4857,1.279,1.5667,-1.9553,0.35877,0.65005,0.32514
7.8379,0.4509,2.2338,-0.33904,-0.17731,-0.35782,-1.0107,0.05315,-0.64777,3.5787,6.9393,4.8631,-0.081368,0.22642,-0.033661,-0.3909,-0.6032,-0.7904,2.0628,-6.4613,6.3089,0.000577,-0.092661,-0.15568,0.086387,0.92668,-1.051,-8.3703,0.71322,-2.0715,0.17553,0.36228,-0.89955,0.36781,-0.57892,0.33672,-8.9845,0.489,1.2224,3.2287,0.9403,-1.3637,0.28775,0.69722,0.30074
7.7153,-0.26694,2.2953,-0.47194,0.022206,-0.38534,-1.0098,0.046827,-0.64782,3.217,7.2237,5.1926,0.055238,0.33937,-0.22093,-0.37566,-0.60466,-0.78942,2.2937,-6.4832,6.9582,0.025148,0.05696,-0.068743,0.094079,0.93165,-1.0391,-9.4062,-0.60842,-0.82298,0.6009,0.27873,-0.76439,0.40445,-0.54536,0.33833,-7.8373,2.1628,-0.4867,3.477,0.015388,-0.8754,0.25232,0.73054,0.22078
7.8918,-0.41916,2.9597,-0.41769,-0.1417,-0.36263,-1.0148,0.044271,-0.64185,2.9391,7.0726,5.3652,-0.005105,0.37616,-0.45861,-0.35759,-0.60667,-0.79071,2.4886,-6.3211,6.7579,0.050505,0.20271,0.073851,0.10268,0.93899,-1.0239,-9.4687,-0.2397,-1.1847,0.49884,-0.091848,-1.0096,0.44521,-0.5079,0.35266,-6.5239,4.7178,-2.355,1.2413,-0.2778,0.10969,0.24058,0.74739,0.15585
7.8763,-0.36126,3.3329,-0.39139,-0.082826,-0.30811,-1.0212,0.044024,-0.63488,2.7439,7.2072,5.6173,-0.024941,0.3975,-0.63974,-0.33393,-0.61256,-0.79406,1.7629,-6.5188,6.6623,0.043755,0.28959,0.22306,0.11549,0.94188,-1.0141,-8.7402,0.10367,-1.9132,0.78112,-0.14722,-1.1123,0.48999,-0.46096,0.36211,-5.0584,0.94678,1.7755,-0.70885,-0.18239,0.51806,0.26102,0.73854,0.1543
8.5473,-0.1897,3.548,-0.29464,0.020961,-0.14783,-1.0232,0.051397,-0.6302,2.546,7.7269,5.4338,0.061087,0.30827,-0.72803,-0.30938,-0.61858,-0.79274,1.9818,-6.3379,6.7505,0.010245,0.42796,0.27725,0.13797,0.94268,-0.99798,-8.3395,4.3772,-3.1101,0.71615,-0.041454,-0.72516,0.52479,-0.41709,0.37937,-9.8062,-6.5701,0.27071,-0.60694,-0.23638,0.59223,0.28744,0.73708,0.14262
9.9637,0.33664,4.3232,0.042561,0.17252,-0.073043,-1.0231,0.053834,-0.62981,1.6566,8.2036,6.1352,0.20146,0.11099,-0.59515,-0.29201,-0.62682,-0.78676,2.18,-6.983,7.0825,-0.1972,0.40271,0.21778,0.16051,0.94858,-0.98059,-8.8413,1.7211,-3.2449,0.2617,0.44971,-0.55729,0.54996,-0.3959,0.38487,-7.7519,-11.762,-4.4146,-0.40038,-0.36322,0.67512,0.31417,0.71875,0.16653
11.122,-0.56899,4.3112,0.058113,0.049326,-0.043224,-1.025,0.047779,-0.62917,1.647,7.4078,6.2579,0.076532,-0.073455,-0.47428,-0.28031,-0.63363,-0.78317,1.2037,-7.4443,7.1149,-0.36094,0.35116,-0.047787,0.17305,0.96032,-0.9589,-12.275,1.8983,-2.2487,0.7573,-0.15027,-0.31858,0.57496,-0.38053,0.38392,-11.623,-7.9723,-2.1915,-0.32772,-0.17188,0.41916,0.32092,0.70841,0.18913
14.162,-1.2414,3.3301,0.15313,0.30249,0.075517,-1.0244,0.048932,-0.62916,1.464,8.8918,6.1858,0.13563,-0.21167,-0.31172,-0.27992,-0.63906,-0.78151,0.43182,-6.7185,7.9413,-0.52356,0.11416,-0.37364,0.16942,0.98117,-0.93132,-12.288,6.6285,-3.6495,0.85745,-0.39727,0.41475,0.58943,-0.37318,0.38509,-14.129,4.6307,2.8349,1.9407,0.93281,0.85581,0.32781,0.707,0.17919
13.012,1.0534,2.3515,0.70315,0.44753,-0.025673,-1.0123,0.031528,-0.64834,2.3347,8.9166,6.06,0.15191,-0.48834,0.2648,-0.29304,-0.64322,-0.78254,2.3005,-7.8098,7.4703,-0.31001,-0.073041,-0.83083,0.13755,0.99533,-0.92339,-10.35,11.394,-0.96754,1.2674,-0.14867,1.69,0.5695,-0.40198,0.39224,-14.47,-9.055,-0.64393,0.17881,-0.12756,0.70718,0.3686,0.69003,0.13168
9.2781,2.4032,2.0634,0.94646,0.007584,-0.020142,-1.0056,0.011743,-0.65823,1.9111,7.2565,5.4667,0.25596,-0.60315,0.40173,-0.31909,-0.64936,-0.77549,1.9812,-6.1418,7.0038,-0.30489,-0.33131,-0.76945,0.090447,1.0146,-0.91079,-11.406,-0.73757,-0.52543,1.1334,0.10253,2.8646,0.49193,-0.47932,0.41363,-7.5065,1.6593,-6.4882,0.57838,1.0215,0.11056,0.38744,0.67803,0.11656
8.629,2.3164,-0.88161,0.023264,-0.58868,0.095858,-1.0144,-0.0057,-0.64335,2.7119,8.4198,4.5292,0.007136,-0.52499,0.055905,-0.3358,-0.6551,-0.77167,1.6299,-5.6585,6.6013,0.12999,-0.24304,-0.28484,0.06094,1.0155,-0.91791,-16.57,-3.3586,-4.5274,1.1399,1.423,2.1974,0.39355,-0.54329,0.44268,-7.6836,4.4927,-0.5077,-0.82032,0.056818,1.6353,0.42785,0.64956,0.11417
9.7244,0.98627,-0.21049,-0.51775,0.12074,0.15418,-1.0137,0.00595,-0.63565,3.1624,8.7626,4.8202,0.19903,-0.32532,0.17112,-0.34708,-0.65468,-0.77114,1.5972,-6.7494,7.1136,0.4405,-0.19924,-0.20149,0.044784,0.99665,-0.93984,-12.877,0.39777,-0.84129,0.52642,1.2119,2.3714,0.29945,-0.5766,0.47133,-10.429,-1.0041,-3.4971,-2.1183,-0.076917,1.4617,0.48945,0.59608,0.13943
9.8566,0.06827,4.9623,-0.3521,0.57169,0.14541,-0.99589,0.028591,-0.65557,2.9696,7.5557,4.7406,0.19186,-0.057274,0.31645,-0.35058,-0.65885,-0.76033,3.6314,-7.6057,6.4382,0.45198,-0.1551,-0.22914,0.027972,0.97221,-0.96748,-10.674,-0.28953,0.62912,-0.60933,0.8329,2.2273,0.19859,-0.60837,0.47798,-9.2802,-4.7599,-1.1721,-0.3917,-0.39568,1.6214,0.55234,0.54859,0.12922
7.8524,0.42809,2.3531,-0.069996,0.24526,0.16695,-0.98553,0.03675,-0.66591,1.8698,7.1093,4.8291,0.014747,0.044865,0.079903,-0.34516,-0.66106,-0.75319,2.7075,-5.8233,6.1413,0.060431,0.093735,-0.13379,0.024783,0.95658,-0.97914,-8.938,-1.0318,0.45475,-2.063,1.299,1.3849,0.10882,-0.65096,0.45236,-7.8741,-1.6898,-0.93096,0.2084,-0.035004,1.6415,0.60883,0.50735,0.08983
6.6603,0.83517,2.9883,0.14281,0.067939,0.16246,-0.97823,0.050854,-0.66586,2.6374,7.6491,4.9772,-0.049967,0.009661,-0.13739,-0.33969,-0.6585,-0.75615,2.4932,-6.2509,6.8667,0.084727,0.30386,-0.034528,0.033259,0.94605,-0.98165,-8.4754,-0.9176,0.47892,-3.0164,0.83236,0.95277,0.022968,-0.69596,0.39491,-8.3527,-0.56269,-2.2059,-0.13299,0.26608,1.0774,0.66226,0.46529,0.069428
7.0786,0.93625,2.8056,0.15426,0.16625,0.14202,-0.97592,0.053773,-0.66499,2.6279,7.6271,5.0256,-0.06886,0.048908,-0.29976,-0.33216,-0.65944,-0.75739,2.3571,-6.3325,6.7072,0.22271,0.47226,0.09841,0.050172,0.93827,-0.98231,-6.6493,-2.0763,-0.47342,-2.4057,-0.063885,0.61797,-0.01729,-0.73677,0.31773,-9.604,-1.1265,-1.631,-0.084148,0.11038,1.1519,0.69896,0.44001,0.052502
7.751,0.81861,4.9512,0.24546,0.010768,0.17217,-0.9694,0.050368,-0.67033,2.5462,7.6475,4.8211,-0.14538,0.15006,-0.36796,-0.32453,-0.66132,-0.76169,2.2542,-6.0552,6.7424,0.080362,0.57573,0.23976,0.067017,0.93871,-0.97425,-6.2946,-4.056,-0.13404,-0.98645,-0.013466,-0.036705,-0.024626,-0.76983,0.2582,-8.4947,-0.79628,-1.432,-0.57787,-0.11901,1.171,0.73378,0.41506,0.040473
7.9564,1.0297,3.6112,0.16707,-0.11624,0.17439,-0.97446,0.056207,-0.66495,2.3419,7.91,4.685,-0.15966,0.24436,-0.39936,-0.30984,-0.65823,-0.7675,1.7371,-6.0345,7.4065,0.21871,0.56731,0.35721,0.099364,0.93527,-0.96766,-7.7169,-0.22537,0.64345,1.0847,-0.16162,-0.34732,-0.007933,-0.77128,0.25394,-9.529,-0.75156,-2.159,-0.94269,-0.17274,1.0471,0.76659,0.38963,0.036879
8.8636,0.93097,4.259,0.1454,-0.13904,0.10162,-0.98365,0.058355,-0.6549,2.1071,8.4558,5.1137,-0.02594,0.26581,-0.34072,-0.29778,-0.66094,-0.76859,1.5279,-6.5102,7.8858,0.055156,0.43754,0.42112,0.12889,0.9342,-0.95767,-8.4805,6.4374,-4.5556,2.0612,-0.34113,-0.059709,0.007927,-0.76272,0.28668,-9.0222,-2.4582,-1.8264,-0.67799,-0.077359,0.98185,0.79302,0.36542,0.035674
10.593,0.78577,3.749,-0.016478,-0.072776,0.12679,-0.99361,0.064357,-0.6441,2.301,8.4979,5.917,-0.080773,0.18748,-0.19924,-0.28477,-0.65978,-0.77022,1.094,-6.3039,7.7632,0.10322,0.21854,0.44094,0.16427,0.92699,-0.95766,-9.4716,15.007,-6.948,0.36103,0.13585,-0.31602,0.030767,-0.74434,0.321,-10.582,-3.1273,-2.7808,-0.45488,0.076419,0.67914,0.81365,0.34249,0.045103
11.92,1.4454,4.7183,-0.012816,0.050733,-0.003945,-0.99901,0.070234,-0.64008,1.5021,8.2168,5.4248,0.061559,0.007582,0.081201,-0.28151,-0.65774,-0.76892,1.1357,-6.6226,8.0261,0.055186,-0.052345,0.3246,0.17873,0.92594,-0.95752,-8.9696,1.5522,-4.23,-0.72162,0.44471,-0.74189,0.035691,-0.75341,0.30498,-11.14,-5.5682,-2.5055,-0.16906,-0.15989,0.10558,0.8158,0.33898,0.048892
14.142,1.0252,3.4342,0.12643,0.36568,0.014185,-0.99683,0.060859,-0.65209,1.2616,9.0438,5.8475,0.05361,-0.017757,0.42622,-0.28732,-0.65637,-0.76438,0.64608,-6.6809,8.0319,-0.15593,-0.27879,0.071166,0.17539,0.92977,-0.95717,-19.288,-1.5678,13.061,-3.091,-0.95942,-2.3273,0.077303,-0.77094,0.25246,-11.234,-8.3805,-1.3195,-0.14795,-0.16916,-0.87844,0.79871,0.35316,0.052403
11.314,-0.41449,2.3291,-0.23643,0.35012,0.22404,-0.99112,0.062623,-0.67246,3.5167,9.253,5.6557,-0.015107,-0.15339,1.0116,-0.31182,-0.65108,-0.76736,1.7136,-6.8464,7.9923,-0.33463,-0.53902,-0.27991,0.14931,0.93935,-0.96038,-15.403,7.7615,-1.3727,-0.83302,0.60495,-0.62621,0.11419,-0.77361,0.21285,-9.9128,-4.2013,2.2847,-2.0919,-0.72255,-1.8784,0.76017,0.38838,0.072747
8.2785,-1.2915,1.711,-0.19559,0.12539,0.20008,-0.98206,0.075803,-0.69198,2.0923,6.2658,4.8071,-0.11223,-0.13383,0.75038,-0.327,-0.64557,-0.76648,1.1919,-6.1742,7.0241,-0.05583,-0.65837,-0.075885,0.11577,0.94579,-0.96837,-7.234,-3.4417,-4.4973,-1.3224,0.095707,-1.1681,0.12551,-0.77468,0.19,-10.727,0.61233,-3.9609,-1.9085,-0.4565,-2.8692,0.69481,0.4414,0.11674
8.0793,-0.16412,-0.081232,0.46396,-0.20146,-0.010181,-0.98219,0.065826,-0.69486,2.4973,6.6315,5.3556,-0.040084,-0.057206,0.32351,-0.34271,-0.6382,-0.76825,2.2647,-6.463,6.664,0.014025,-0.70263,0.17344,0.086308,0.93754,-0.99475,-6.6954,-4.4187,0.14338,1.2398,0.026866,-1.764,0.19033,-0.75113,0.19294,-13.165,-0.55791,-5.6934,-0.44335,1.1034,-2.0482,0.61121,0.49973,0.18826
9.1658,0.096839,1.0329,0.47701,0.22497,-0.065632,-0.97988,0.050653,-0.69707,3.0819,8.5852,5.3924,0.010741,0.002485,0.25442,-0.35197,-0.63175,-0.77195,1.8603,-6.768,7.2157,-0.061971,-0.62789,0.13096,0.06576,0.93259,-1.0122,-11.329,0.31653,-3.2708,1.4215,0.21938,-1.0382,0.23589,-0.70964,0.25693,-13.721,-0.59143,0.37756,0.017982,0.79219,-2.1768,0.52929,0.54272,0.25124
9.641,0.90643,3.2725,0.13079,-0.35618,-0.12817,-0.98099,0.039864,-0.69316,3.3055,7.1345,4.6071,-0.020556,0.06802,0.25485,-0.35403,-0.62852,-0.7738,2.6111,-6.5174,6.2742,0.030295,-0.44598,-0.10323,0.044964,0.92928,-1.0271,-8.4577,3.0238,-2.3608,-0.43482,-0.23391,-1.281,0.27809,-0.674,0.29263,-10.933,0.10917,1.3678,1.2162,1.2144,-2.2587,0.45003,0.58772,0.2935
8.3592,0.88733,3.2104,-0.14171,-0.22831,-0.20492,-0.98522,0.03628,-0.68261,2.7816,7.2187,5.2483,-0.076725,0.14397,0.16673,-0.35536,-0.62493,-0.77393,2.348,-6.599,6.433,0.17121,-0.27126,-0.11339,0.034816,0.92183,-1.0509,-8.8086,-1.0743,-1.8383,-0.13857,0.40492,-1.2332,0.32525,-0.64611,0.29707,-10.14,-0.74429,0.85595,2.6435,1.3256,-1.7155,0.36753,0.64407,0.28947
7.4191,0.3636,2.6777,-0.289,-0.22109,-0.25089,-0.9926,0.034639,-0.6762,2.9433,7.4601,5.4569,-0.028685,0.18507,0.020793,-0.35538,-0.62071,-0.77838,2.3422,-6.2696,6.8574,-0.035961,-0.08668,-0.081437,0.040159,0.9197,-1.0637,-9.1641,-1.1256,-0.66001,0.52369,0.12282,-0.90324,0.36858,-0.60904,0.31758,-8.9095,1.1948,0.067758,2.8065,0.45322,-1.2683,0.31089,0.69647,0.24389
7.714,-0.22489,2.8999,-0.38816,-0.2954,-0.23609,-1.0002,0.033996,-0.66847,2.9562,7.2393,5.4754,-0.077444,0.11346,-0.19084,-0.35216,-0.6219,-0.78088,2.2151,-5.8457,6.4374,-0.10615,0.10577,0.062848,0.050327,0.93126,-1.0546,-9.8458,-0.93146,-1.1015,0.07893,0.009177,-1.0611,0.41645,-0.56898,0.32396,-7.3563,3.3574,-0.96836,1.3069,-0.064438,-0.78495,0.26714,0.73508,0.1893
7.9519,-0.24242,3.103,-0.39461,-0.26215,-0.17146,-1.0108,0.037528,-0.65661,2.8028,7.2939,5.725,-0.14465,-0.0174,-0.40263,-0.34471,-0.62158,-0.78575,2.4503,-6.6777,6.6853,0.044095,0.20627,0.21247,0.06778,0.93918,-1.0417,-9.3422,-0.28293,-1.4897,0.1817,0.062329,-1.3297,0.46407,-0.52743,0.32801,-6.1513,2.9791,-1.2179,-0.46709,0.10764,0.17065,0.26298,0.73856,0.18675
8.3404,-0.17037,2.8304,-0.34688,-0.26883,-0.10841,-1.0196,0.042891,-0.64149,2.5532,7.5355,5.8996,-0.018711,-0.1821,-0.61618,-0.33956,-0.62212,-0.78803,2.1085,-6.3557,6.8016,-0.08883,0.30979,0.24425,0.088166,0.94507,-1.0276,-8.9104,2.0437,-3.3366,0.99525,-0.16497,-0.98942,0.502,-0.4811,0.34928,-8.4799,-2.3522,1.3129,-0.56218,-0.33835,0.17643,0.26628,0.73291,0.20055
9.4584,-0.017353,3.0786,-0.25405,-0.17704,-0.12679,-1.031,0.048854,-0.62861,2.2675,7.533,5.4288,-0.049695,-0.3327,-0.66481,-0.33665,-0.62794,-0.78995,2.2259,-6.5893,6.7781,-0.12965,0.28974,0.15233,0.10565,0.95509,-1.0066,-8.0173,4.0349,-3.4484,0.88969,0.077891,-0.67323,0.5357,-0.43509,0.367,-8.8366,-6.9872,-3.5162,-1.2937,-0.33704,0.57288,0.28097,0.71842,0.21629
10.914,-0.43403,4.3254,-0.086199,-0.061643,-0.10498,-1.0366,0.047148,-0.6204,2.358,8.1032,5.8232,-0.23492,-0.35145,-0.40896,-0.339,-0.62908,-0.79571,1.8648,-7.0467,8.1912,-0.1783,0.19747,0.084787,0.11719,0.96748,-0.98233,-11.019,1.2164,-2.9655,0.51328,0.33684,-0.64719,0.55808,-0.40856,0.37933,-9.4763,-12.319,-5.2445,0.38311,0.27265,0.48648,0.29546,0.70529,0.22417
12.119,-1.1384,3.8972,-0.27485,0.12831,-0.013863,-1.042,0.051959,-0.61503,2.5984,8.178,5.3925,-0.07845,-0.32983,-0.2536,-0.34552,-0.62939,-0.80466,0.91966,-6.4175,6.7138,-0.12827,0.1195,-0.15484,0.12132,0.97575,-0.96681,-11.707,1.7511,-2.3797,0.77794,-0.14527,-0.28242,0.58262,-0.37906,0.38582,-9.5542,-2.0188,-2.88,0.58788,-0.29715,0.64101,0.31165,0.70055,0.22072
13.08,-0.031532,3.0612,0.17009,0.33373,-0.045057,-1.0393,0.050281,-0.62587,2.2722,8.6525,5.5433,0.18814,-0.40848,-0.003669,-0.35619,-0.63431,-0.80541,1.8917,-8.2257,7.6621,-0.25658,0.035979,-0.57723,0.10199,0.98992,-0.95464,-12.254,8.5196,-3.9435,0.99246,-0.13928,0.83342,0.58609,-0.3773,0.39166,-16.023,-2.7939,9.5655,2.5209,-0.43489,1.5683,0.33919,0.70513,0.1677
11.588,1.9134,1.3316,0.35784,0.46322,-0.13399,-1.0306,0.038573,-0.63975,3.0553,8.2145,5.8377,0.30277,-0.51977,0.41458,-0.37452,-0.63842,-0.80043,2.5101,-7.9813,7.7307,-0.25071,-0.084509,-0.93673,0.069786,0.9993,-0.95318,-9.5452,9.6354,0.83606,1.3667,-0.049438,2.0724,0.55737,-0.41076,0.40487,-15.095,-6.1578,-1.6327,0.31945,-0.017026,0.55397,0.36938,0.6956,0.13251
8.8494,2.6918,1.1369,0.75083,-0.25131,-0.088686,-1.0226,0.018199,-0.65226,2.7123,7.0988,4.9703,0.2083,-0.55793,0.38113,-0.39813,-0.64117,-0.79061,1.7018,-4.9644,6.5659,-0.40084,-0.21121,-0.67389,0.032704,1.0066,-0.9472,-11.912,-4.1292,-0.51688,1.2462,-0.026774,2.9442,0.48079,-0.48577,0.41778,-7.152,5.4083,-2.4534,0.91684,1.1673,0.53465,0.38799,0.68252,0.12315
8.1028,1.063,-1.3265,-0.62517,-0.38651,0.156,-1.0341,0.022006,-0.63082,3.247,8.1327,4.7401,-0.18444,-0.52023,0.059346,-0.41725,-0.64368,-0.78801,2.6767,-6.5183,6.549,0.2447,-0.099125,-0.22767,0.011501,1.0065,-0.94516,-14.495,-2.8131,-3.8862,1.4108,1.1488,2.1682,0.38534,-0.53304,0.45183,-7.3168,4.2214,-0.30802,-1.2381,0.22917,1.8634,0.44443,0.63921,0.11684
9.4045,-0.1694,0.43611,-0.63674,0.62772,0.19923,-1.0181,0.042927,-0.64343,3.2584,8.034,5.0872,-0.002002,-0.31392,0.039378,-0.43124,-0.64073,-0.78703,2.7372,-7.7084,6.6,0.22648,0.084264,-0.12761,0.002371,0.98935,-0.96106,-12.666,1.2846,-1.1156,0.27752,0.87148,2.3339,0.26941,-0.57645,0.48118,-11.928,-1.5275,-3.479,-2.0728,-0.22599,1.3292,0.51814,0.57059,0.13845
9.6783,-0.27514,4.1231,0.18191,-0.04074,0.16056,-1.0039,0.05432,-0.66061,3.7141,7.0907,4.6024,-0.10702,-0.10661,0.1677,-0.43283,-0.63645,-0.79087,2.8089,-6.7078,6.2561,-0.33484,0.17411,-0.1306,0.005392,0.98442,-0.96549,-10.925,-1.4778,-0.58997,-0.62097,0.65507,2.0828,0.17661,-0.60849,0.48535,-8.3657,-4.4511,-0.99153,0.048438,-0.43301,1.569,0.58144,0.52428,0.11073
8.1475,-0.2117,2.4332,0.33016,-0.088266,0.23369,-1.0027,0.068051,-0.65384,3.2962,7.4506,4.3877,-0.012053,0.040901,0.075201,-0.43185,-0.63182,-0.79566,2.1993,-6.6326,6.6367,0.19007,0.37283,-0.2905,0.014541,0.97942,-0.95942,-8.6741,-0.3457,-0.18588,-2.1388,1.1923,1.1407,0.10303,-0.63524,0.46962,-8.2413,-1.3417,-1.743,-0.1526,0.25198,1.1832,0.62666,0.49203,0.083619
