9.4015,0.73672,3.1193,-0.14296,0.063531,-0.019561,-1.0522,0.056949,-0.58109,2.2837,7.3743,4.7261,-0.0127,0.27584,-0.26065,-0.35061,-0.66362,-0.80058,1.661,-6.0648,7.9865,0.066242,0.5659,0.37471,0.11589,0.92555,-0.99562,-9.3125,7.6799,-3.5187,1.4789,-0.37685,-0.13738,0.017764,-0.77006,0.24996,-9.1731,-3.2364,-2.3431,-0.13834,0.020313,1.0549,0.82623,0.32478,0.019246
11.114,0.544,3.4145,-0.25967,-0.020343,0.049218,-1.0585,0.063019,-0.57843,3.0233,9.6528,5.7908,-0.14455,0.12532,-0.023366,-0.35103,-0.66124,-0.80323,1.1512,-5.844,8.1314,-0.022183,0.18059,0.44435,0.14538,0.9226,-0.99104,-10.626,10.714,-5.9191,0.4144,0.27631,-0.39177,0.026712,-0.77075,0.26204,-11.291,-2.2182,-2.3239,-0.61663,-0.00826,0.89855,0.84298,0.29979,0.026398
12.83,1.4164,4.1196,0.031812,0.29105,-0.024448,-1.0601,0.063045,-0.58868,2.3222,8.1502,5.7019,-0.073008,-0.027743,0.29946,-0.35421,-0.65532,-0.80377,1.1206,-6.3291,7.9682,-0.19298,-0.21662,0.36822,0.16198,0.93394,-0.97902,-8.2805,-2.724,-3.7417,-0.55443,0.28031,-1.0025,0.053193,-0.76726,0.2678,-11.293,-3.0848,-2.2814,-0.77174,-0.45524,0.45278,0.85219,0.27601,0.018603
13.519,0.59492,4.3881,-0.34398,0.51302,0.01062,-1.0535,0.058825,-0.6128,2.8407,9.396,5.2539,-0.070712,0.056511,0.50376,-0.36149,-0.64895,-0.80351,0.81377,-7.0729,9.194,-0.21434,-0.53423,0.12537,0.15466,0.94188,-0.97538,-14.641,6.9717,6.6082,-2.4214,-1.9684,-1.786,0.11588,-0.77784,0.19311,-10.044,-8.5247,-3.3955,-0.44593,-0.13804,-0.91384,0.83902,0.28731,0.020339
10.04,-0.6038,1.7352,-0.32388,0.47583,0.04312,-1.0437,0.06567,-0.63593,3.812,9.5178,4.6334,0.24326,0.26163,1.028,-0.37236,-0.63793,-0.7998,2.5635,-6.506,7.7634,-0.092153,-0.85601,-0.3091,0.1244,0.9411,-0.99026,-17.581,0.94007,-2.8672,-0.67567,0.3733,-0.66722,0.12045,-0.77972,0.18076,-8.3958,-11.257,2.362,-0.75214,-0.20907,-2.411,0.79383,0.33904,0.049953
8.0072,-2.0744,1.2028,-0.19448,-0.47949,0.043479,-1.0419,0.071392,-0.6477,3.2827,5.5585,4.1966,0.15788,0.6061,0.92937,-0.37558,-0.63496,-0.78712,1.8619,-5.8683,6.2943,-0.31471,-0.93537,-0.23014,0.077733,0.94922,-0.99824,-6.5264,-2.5874,-0.66066,-1.3701,-0.2029,-1.4761,0.14893,-0.76833,0.17143,-12.614,2.9801,-0.34518,-1.1798,-0.05488,-3.4487,0.71024,0.42116,0.10297
8.289,-1.04,-2.4068,0.83342,-0.50038,-0.12295,-1.0586,0.055182,-0.61994,2.1778,6.5138,5.1929,-0.026718,0.77209,0.42134,-0.36239,-0.6329,-0.78386,2.2815,-6.1374,6.2663,0.16178,-0.59411,0.084726,0.047417,0.94846,-1.0144,-6.6222,-5.3286,0.20316,1.5679,0.25732,-1.4123,0.20632,-0.73983,0.19605,-16.572,3.7107,-5.3403,-1.4212,1.5358,-2.2437,0.61979,0.48047,0.18608
9.3804,0.50097,-0.89636,0.37113,0.95737,-0.060305,-1.0358,0.033986,-0.6488,2.8624,7.8911,6.6056,0.031548,0.49365,0.21965,-0.35375,-0.62438,-0.78741,2.7206,-6.7991,7.013,0.13846,-0.41476,0.075399,0.020907,0.94129,-1.0345,-13.251,0.91525,-3.5904,1.9808,-0.16868,-1.3301,0.26104,-0.68607,0.28204,-12.605,-1.3409,0.64431,-0.80152,0.90388,-2.2464,0.52532,0.53335,0.27234
9.7174,2.0773,4.4137,0.30296,-0.32869,-0.20591,-1.0233,0.0201,-0.66646,2.7152,6.9872,6.5179,0.013472,0.068493,0.11512,-0.35221,-0.62244,-0.78724,2.7789,-6.5437,6.6378,-0.17752,-0.34796,-0.089051,0.006921,0.93921,-1.0442,-8.8539,4.5293,-2.8608,0.28655,-0.15353,-1.2236,0.32096,-0.63517,0.32034,-11.121,-1.2923,1.8349,1.1136,1.2475,-2.2468,0.44206,0.57871,0.31975
8.0924,0.98669,2.5141,-0.15853,-0.16738,-0.24491,-1.0231,0.01263,-0.65781,2.5132,6.8271,6.0615,-0.18596,-0.32739,-0.1166,-0.35428,-0.61989,-0.79153,2.1645,-6.3319,6.6835,-0.10196,-0.20223,-0.04466,0.00294,0.94084,-1.0513,-7.9738,1.9377,-2.7653,-0.078448,0.24622,-1.0114,0.36218,-0.60363,0.33371,-10.685,0.1587,0.72561,2.8314,1.3612,-1.5505,0.37207,0.61862,0.33358
7.3447,0.17975,2.0183,-0.37955,-0.39597,-0.26898,-1.0325,0.016695,-0.64158,3.2006,7.3305,5.7181,-0.39429,-0.52027,-0.30425,-0.36363,-0.61235,-0.80095,2.9149,-6.2628,6.6399,-0.035048,-0.1197,0.075917,0.006113,0.94463,-1.0578,-9.1568,-0.99191,-0.92531,0.015957,0.2749,-0.9658,0.39776,-0.57371,0.34164,-9.0956,1.5137,-0.12535,3.5931,0.46669,-1.3257,0.31064,0.68154,0.27751
7.7443,-0.28398,2.3242,-0.39013,-0.30201,-0.22923,-1.0439,0.015639,-0.6266,3.4335,7.4056,5.2436,-0.3417,-0.51896,-0.46825,-0.37129,-0.60603,-0.81271,2.7591,-6.4957,6.9667,-0.030529,0.078936,0.22817,0.019127,0.95103,-1.0526,-9.7433,-1.5801,-0.71138,-0.031681,0.13611,-1.0727,0.43446,-0.53897,0.35246,-7.3631,3.3164,-1.0026,2.2029,-0.069907,-0.73342,0.27343,0.72262,0.20162
8.0863,-0.31741,2.5877,-0.38189,-0.37772,-0.12853,-1.0558,0.024157,-0.61157,3.55,7.2933,4.906,-0.26065,-0.3538,-0.5783,-0.37698,-0.60471,-0.82453,2.6277,-6.3775,6.4615,0.09658,0.21559,0.33102,0.035925,0.95471,-1.0467,-9.316,-0.66891,-1.2064,0.082984,-0.10729,-1.2208,0.47923,-0.49748,0.34265,-5.6867,2.6975,-1.4241,-0.62312,-0.03275,0.30777,0.26693,0.73976,0.16412
8.526,-0.1004,3.0177,-0.2564,-0.21446,-0.068799,-1.0669,0.027737,-0.59593,3.351,7.4126,4.8057,-0.15968,-0.092087,-0.64712,-0.36957,-0.60755,-0.8313,2.4086,-6.4371,6.4519,0.083267,0.3646,0.36128,0.065257,0.95635,-1.0378,-9.01,0.3119,-2.3342,0.70781,-0.071189,-1.0439,0.52221,-0.45145,0.35101,-7.7914,-3.2037,1.4079,-1.2245,-0.46653,0.041657,0.2737,0.7275,0.19354
9.6288,-0.035792,3.1757,-0.18149,-0.073051,-0.069186,-1.0745,0.030783,-0.58097,3.089,7.7366,4.983,0.022349,0.10837,-0.62976,-0.35584,-0.61004,-0.83566,2.4039,-6.8533,7.0018,-0.092585,0.42609,0.2322,0.092916,0.95712,-1.0248,-9.0362,2.115,-3.1545,0.63794,0.099764,-0.89233,0.55742,-0.40807,0.36861,-9.9922,-5.2146,-1.6228,-0.95458,-0.49297,0.41359,0.29166,0.7028,0.22996
11.528,0.064063,4.0413,0.054714,0.032299,-0.16758,-1.0789,0.027369,-0.57736,2.5775,7.8108,5.6825,0.13396,0.19264,-0.448,-0.34304,-0.61823,-0.83417,2.015,-7.2053,6.716,-0.36556,0.34798,-0.13846,0.10762,0.96713,-1.0007,-10.575,2.3316,-2.6079,0.76325,0.093503,-0.61429,0.58247,-0.37449,0.38045,-8.258,-11.225,-2.6555,0.29464,-0.075261,0.73747,0.31552,0.68553,0.24035
12.433,-0.72861,4.0728,0.034225,0.28545,-0.16315,-1.0802,0.016672,-0.57827,2.333,7.8637,5.7735,0.14134,0.19231,-0.27293,-0.33067,-0.62403,-0.8308,1.0509,-6.7702,7.7182,-0.55269,0.17583,-0.44751,0.099706,0.99358,-0.96853,-11.646,1.331,-2.8534,0.54868,-0.16804,-0.60661,0.60378,-0.34793,0.38488,-11.371,-4.5277,-3.9674,0.1736,-0.20832,0.78051,0.32474,0.68279,0.23649
13.392,-0.33866,2.8143,0.16267,0.63836,-0.10609,-1.0711,0.010614,-0.59732,2.0311,8.5703,6.0471,0.28774,0.12108,-0.10196,-0.32294,-0.63256,-0.823,1.6683,-7.5316,8.1417,-0.26793,-0.034216,-0.52524,0.074048,1.0113,-0.94625,-12.088,5.4515,-4.0972,0.57529,-0.10572,0.22936,0.61103,-0.33655,0.38311,-15.186,0.28456,9.2181,2.8964,0.17966,1.4131,0.34479,0.68579,0.19459
11.618,1.9711,1.2043,0.77417,0.76686,-0.18077,-1.0509,-0.010825,-0.63071,2.6422,8.4281,6.3612,0.23796,-0.1871,0.4162,-0.33052,-0.63756,-0.82074,2.9411,-7.6725,7.3836,-0.13364,-0.35737,-0.98464,0.029417,1.0138,-0.94847,-9.4747,11.12,-1.32,0.97619,0.009763,1.6503,0.59173,-0.36334,0.39122,-14.848,-7.2746,0.11981,0.18165,-0.10978,0.65353,0.38927,0.66696,0.14835
8.4693,3.0618,1.5456,1.0072,-0.23897,-0.15632,-1.0413,-0.041287,-0.64151,2.2459,7.418,5.7127,0.29367,-0.44608,0.52529,-0.34813,-0.6435,-0.81088,2.3276,-4.686,6.3835,-0.18296,-0.32829,-0.77608,-0.01678,1.016,-0.94952,-11.081,0.41277,0.2874,0.42503,0.067201,2.6651,0.54617,-0.43122,0.3951,-7.1775,4.3895,-4.8063,0.64628,1.0776,0.31263,0.4105,0.65162,0.14104
8.2969,1.6348,-0.67337,-0.66209,-0.59511,0.22762,-1.0546,-0.04557,-0.62108,2.581,7.8464,5.3521,-0.11858,-0.59003,0.15189,-0.36621,-0.64509,-0.80901,2.8754,-6.0296,6.7183,-0.092462,-0.37905,-0.19139,-0.044927,1.023,-0.94716,-15.599,-5.2106,-2.4756,1.3155,1.0757,2.3005,0.45989,-0.50723,0.41019,-6.4993,4.1601,0.10493,-1.331,0.003701,1.6469,0.45751,0.61573,0.13375
8.7371,0.23753,-0.41799,-0.5506,0.14734,0.23188,-1.0545,-0.018832,-0.61496,3.1966,7.6545,4.9201,-0.15274,-0.58237,-0.01222,-0.38096,-0.63998,-0.8161,3.4239,-7.4304,6.4821,0.22797,-0.28719,0.063548,-0.056664,1.0118,-0.96193,-13.244,0.81383,-0.83683,0.61647,1,2.4979,0.36384,-0.55037,0.44497,-11.291,-1.1376,-3.7179,-2.2769,-0.092678,1.2765,0.51546,0.5559,0.15701
9.7529,-0.37928,3.6071,0.20375,0.38123,0.18841,-1.0397,-0.004351,-0.63031,3.8228,8.0125,5.0689,-0.18094,-0.42251,0.057493,-0.39901,-0.63704,-0.81534,3.2424,-6.3158,5.5847,0.077903,-0.12931,-0.19147,-0.070783,0.99482,-0.9794,-11.462,-1.1463,-0.25124,-0.66819,0.85818,2.4637,0.2405,-0.62504,0.44383,-9.0772,-4.5015,-1.71,-0.42421,-0.46783,1.3861,0.57541,0.50855,0.15033
8.6484,0.22742,2.3045,0.10963,-0.29165,0.27401,-1.0406,-0.001684,-0.62313,3.6355,7.9996,4.7469,-0.31605,-0.20071,-0.066521,-0.3957,-0.63129,-0.81758,3.1006,-6.6573,6.7767,0.16201,-0.020327,-0.22039,-0.084082,0.98929,-0.9803,-10.425,-0.96277,-0.12556,-1.6506,1.1543,1.8322,0.13692,-0.67132,0.4228,-8.2466,-0.92237,-0.9841,0.037714,-0.015409,1.3541,0.62128,0.4738,0.11125
7.3625,0.90501,2.1723,0.24933,-0.26349,0.26303,-1.0435,0.008327,-0.61419,3.2352,7.2251,4.4761,-0.31289,0.052571,-0.19609,-0.38172,-0.6264,-0.82788,3.2943,-5.9249,6.718,0.26535,0.14963,0.02396,-0.078741,0.97964,-0.98612,-9.0581,-1.2099,-0.72053,-2.6522,0.83944,1.2712,0.066112,-0.70248,0.37554,-9.1439,0.2187,-1.407,-0.24597,0.1354,1.0097,0.66193,0.44739,0.081551
7.452,0.81622,1.9635,0.25342,-0.20035,0.22901,-1.0476,0.015268,-0.60113,2.895,6.3886,4.5115,-0.10636,0.26085,-0.18174,-0.36503,-0.62124,-0.83325,3.1539,-6.4122,6.6877,0.13761,0.14805,0.24805,-0.065992,0.97433,-0.99131,-7.0753,-3.3616,-0.76838,-2.2679,0.046337,0.80549,0.015416,-0.74135,0.30706,-9.9372,0.25743,-0.74056,-0.27788,-0.062826,1.1734,0.70378,0.42457,0.059955
7.9943,0.83108,2.7213,0.25386,-0.12345,0.18865,-1.0542,0.020856,-0.58976,2.7393,6.7233,4.9738,0.058893,0.44585,-0.21232,-0.34935,-0.62378,-0.83493,3.1488,-6.1128,6.3499,0.099223,0.2365,0.37187,-0.043518,0.97067,-0.99206,-5.6201,-4.2882,-0.17546,-1.3083,-0.17339,0.15968,-0.006973,-0.7653,0.24997,-9.4129,0.29246,-0.77643,-0.36987,-0.26898,1.4588,0.74858,0.39189,0.037322
8.3454,1.1606,2.9872,0.23608,-0.12262,0.090185,-1.0628,0.018213,-0.57452,2.6601,6.9804,4.9501,0.1137,0.49094,-0.3041,-0.33147,-0.62805,-0.83439,2.6883,-6.2664,6.6023,0.14997,0.36122,0.4948,-0.01374,0.96929,-0.99175,-6.8908,-1.0626,0.20063,0.53428,-0.35311,-0.25898,-0.002882,-0.78287,0.21314,-9.0718,-1.4402,-1.3431,-0.64446,-0.27174,1.2884,0.78521,0.36011,0.023724
8.8253,1.5365,2.5083,0.10758,-0.032921,-0.045313,-1.0691,0.016655,-0.56698,2.7565,7.7863,5.7418,0.22997,0.52254,-0.30385,-0.31866,-0.63509,-0.83252,2.6371,-6.3736,6.953,-0.1314,0.3165,0.51113,0.020065,0.97282,-0.98338,-8.9896,4.9915,-2.3389,1.1985,-0.54299,-0.11789,0.011295,-0.78042,0.22766,-9.3748,-2.9742,-2.2935,-0.36175,-0.041462,1.0081,0.81628,0.33211,0.017485
10.565,0.81654,3.054,-0.065576,-0.20016,-0.010911,-1.0738,0.022013,-0.56237,2.6238,8.7438,6.2605,0.21854,0.42854,-0.13341,-0.31007,-0.64052,-0.82498,1.9257,-6.6037,7.2518,0.016271,0.16776,0.5408,0.05135,0.97939,-0.97285,-10.035,15.397,-7.8929,0.58062,-0.024213,-0.16007,0.021174,-0.76848,0.254,-9.9129,-2.0365,-2.7035,-0.47507,0.097252,0.87928,0.83879,0.30816,0.015359
12.4,1.6223,3.5208,-0.075104,-0.07382,0.002445,-1.0842,0.026746,-0.55155,1.7383,8.524,5.6198,0.25909,0.23696,0.21005,-0.30277,-0.64128,-0.81889,2.043,-6.8425,7.3848,-0.034401,-0.004025,0.45914,0.072772,0.98138,-0.96956,-9.4935,3.8532,-3.188,-0.31129,0.36468,-0.44811,0.0212,-0.7705,0.25388,-11.35,-1.509,-2.1138,-1.0051,-0.38286,0.70525,0.84972,0.28586,0.018868
15.472,1.6945,3.3805,-0.02246,0.51916,0.01486,-1.0844,0.019041,-0.56343,2.0104,8.0952,6.0399,0.2042,0.09396,0.63122,-0.31419,-0.6439,-0.81108,1.6829,-7.1173,7.2766,-0.12607,-0.171,0.2519,0.081868,0.98436,-0.96769,-17.358,-6.3628,9.6291,-3.3125,-0.17328,-2.3142,0.061579,-0.78383,0.19605,-11.672,-5.4707,-3.0562,-0.78513,-0.44216,-0.14199,0.8484,0.27858,0.017518
12.651,0.07849,1.8713,-0.41345,0.66234,0.22488,-1.0757,0.024078,-0.59612,3.4158,9.9186,4.9731,0.28373,0.10268,1.1628,-0.33025,-0.64373,-0.80255,2.1613,-7.5396,7.2276,-0.088065,-0.41687,-0.22008,0.069703,0.99019,-0.96585,-14.026,7.797,-3.7185,-0.30402,0.46447,-0.69267,0.10517,-0.79115,0.13226,-9.4028,-10.908,-1.9718,-0.21597,0.047214,-1.6143,0.81313,0.31708,0.038379
8.7064,-0.84947,0.99974,-0.28753,0.18584,0.13726,-1.0627,0.035392,-0.62318,2.7614,7.5719,4.9632,0.095494,0.17711,1.1946,-0.35019,-0.63796,-0.79303,2.1792,-6.4268,6.7587,-0.33773,-0.65145,-0.385,0.036007,0.99786,-0.96442,-9.0177,-3.0518,-6.7721,-1.0497,0.28303,-0.82712,0.11228,-0.78975,0.13324,-9.508,-3.9422,1.2723,-1.1732,-0.067473,-3.0104,0.75065,0.38587,0.077492
7.8213,-1.1704,-0.35202,0.15653,-0.61187,0.007981,-1.0637,0.040754,-0.62513,2.5747,5.58,5.2737,-0.069518,0.19807,0.56085,-0.36134,-0.62777,-0.79228,2.7425,-6.5628,6.5496,-0.015419,-0.61044,-0.057619,0.004777,1.0015,-0.96874,-6.1048,-5.2856,1.1663,0.11292,-0.20589,-1.5612,0.15645,-0.77109,0.13058,-16.675,4.7622,-4.7117,-1.3109,0.95646,-3.0745,0.67499,0.45635,0.13268
8.3073,-0.19626,-2.2445,0.6515,0.021829,-0.18742,-1.0685,0.018135,-0.60894,3.0262,6.7629,5.7825,-0.033712,0.067819,0.008809,-0.36487,-0.62098,-0.79673,2.4283,-6.4902,6.2771,0.28073,-0.47831,0.23525,-0.01249,0.98887,-0.98911,-9.0536,-2.2878,-1.1919,2.2947,0.25414,-1.2502,0.2052,-0.73654,0.19988,-13.301,0.98808,-2.2595,-0.69082,1.4313,-2.3913,0.58317,0.50145,0.23411
10.146,-0.006143,2.1278,0.042997,0.89393,-0.15876,-1.0483,0.011471,-0.63371,3.7464,7.8989,5.4956,-0.051832,-0.043906,-0.071393,-0.36505,-0.61909,-0.79974,3.3154,-6.6625,6.4035,0.15379,-0.31568,0.10849,-0.019708,0.9793,-1.0086,-11.879,2.7663,-3.79,1.3916,-0.3121,-1.4103,0.26277,-0.67893,0.27006,-11.422,-1.8951,1.5966,0.047928,1.0506,-2.5709,0.49038,0.54922,0.29375
9.0322,0.62739,1.549,-0.23854,0.008258,-0.14816,-1.048,-0.003939,-0.62313,3.2101,7.2875,5.5965,-0.045832,-0.074025,-0.05755,-0.36322,-0.61851,-0.80159,2.9314,-7.1361,6.2495,0.069289,-0.22758,0.05455,-0.034864,0.97426,-1.0267,-8.5657,2.4883,-2.3052,0.076727,-0.002043,-1.2742,0.32113,-0.6307,0.31593,-11.077,-1.2448,1.014,1.7777,1.5616,-2.0817,0.37725,0.6151,0.34089
7.6299,0.94556,2.6148,-0.14717,-0.24089,-0.23277,-1.0485,-0.008867,-0.62244,3.1205,7.328,5.2462,-0.097037,-0.064769,-0.22516,-0.36221,-0.6181,-0.8067,2.7599,-6.679,6.3465,0.16517,-0.069171,0.062043,-0.035108,0.9669,-1.0492,-8.5955,1.2786,-1.7643,-0.067087,0.1858,-1.0137,0.36524,-0.5981,0.32723,-9.4711,0.72201,0.3592,2.9954,1.087,-1.6519,0.29991,0.67208,0.32533
7.6577,0.29499,2.2154,-0.36427,-0.20546,-0.23326,-1.0447,-0.0089,-0.62257,3.3165,7.0982,5.1443,-0.1564,-0.039392,-0.36947,-0.35914,-0.61851,-0.80975,2.9689,-6.3133,6.2944,0.13583,0.18202,0.080282,-0.018327,0.96215,-1.0613,-8.8818,-0.87705,-1.235,0.07596,0.25528,-1.0259,0.40656,-0.5679,0.32221,-8.1424,2.8701,-0.50897,2.9165,0.17903,-1.4097,0.25436,0.71675,0.26196
8.3248,0.019041,3.196,-0.27381,-0.16386,-0.18761,-1.0501,-0.006788,-0.61233,3.2088,7.2649,5.2659,-0.12308,-0.005021,-0.4727,-0.34869,-0.61971,-0.81471,2.8767,-6.5388,6.336,0.11177,0.28865,0.20054,0.002957,0.96081,-1.0583,-9.7014,-1.3445,-1.416,0.12926,0.044233,-1.1987,0.44745,-0.53031,0.32985,-6.8142,5.14,-2.0118,0.89281,0.024469,-0.25595,0.22809,0.74431,0.21473
8.503,-0.18941,3.0915,-0.25714,0.00253,-0.064263,-1.0523,-0.002989,-0.60842,2.9489,7.4878,5.2896,-0.05974,0.11073,-0.56154,-0.33686,-0.62121,-0.81816,2.4966,-6.6586,6.5475,0.058449,0.36723,0.22701,0.031159,0.96285,-1.047,-8.8887,-0.062278,-2.4064,0.69976,-0.078285,-1.0369,0.49054,-0.48687,0.33978,-6.2758,3.2914,0.41264,-0.83514,0.10753,0.63149,0.23929,0.73736,0.21928
8.608,0.046214,3.2431,-0.26997,-0.000537,-0.036882,-1.06,0.004439,-0.59778,2.7339,7.4971,5.3904,-0.026087,0.14833,-0.59455,-0.31836,-0.62327,-0.82253,2.4089,-6.7312,6.6159,-0.051372,0.45614,0.18288,0.05868,0.96643,-1.0317,-9.0102,2.9245,-3.0123,0.98461,-0.081891,-0.7134,0.52299,-0.4378,0.36203,-8.4313,-4.7819,0.72049,-0.57959,-0.54517,0.80237,0.26401,0.72648,0.212
10.062,0.41801,3.6893,-0.10272,0.071051,-0.13345,-1.064,0.009897,-0.59234,2.3749,7.7498,5.7684,0.019594,0.080321,-0.56774,-0.30422,-0.62929,-0.82461,2.2288,-7.0712,7.1227,-0.133,0.31352,0.041087,0.077373,0.97429,-1.0128,-10.081,2.0345,-2.8077,0.64198,0.25449,-0.61768,0.55226,-0.40239,0.37458,-8.6231,-13.562,-4.4533,-0.47576,-0.32565,1.1567,0.30413,0.69892,0.22715
11.535,0.004917,3.9962,0.070967,-0.033271,-0.23841,-1.0644,-0.000391,-0.59443,1.9711,7.9914,5.9517,0.087536,-0.040918,-0.46317,-0.29523,-0.63465,-0.82389,2.1803,-7.2702,7.2355,-0.32622,0.15888,-0.17763,0.081669,0.98474,-0.9943,-11.365,1.8657,-3.1335,0.43698,-0.097571,-0.53545,0.57965,-0.37474,0.37799,-12.861,-9.0205,-3.1158,-0.41901,-0.072977,0.29983,0.31259,0.68953,0.24057
13.835,-0.84945,3.6872,-0.18186,0.20639,0.10695,-1.0679,0.000452,-0.59565,1.8375,8.5465,5.9632,0.17383,-0.18743,-0.22719,-0.29213,-0.64226,-0.82281,1.6628,-6.6018,6.9446,-0.33484,0.14336,-0.36234,0.074136,0.99779,-0.9722,-11.36,5.7879,-4.9307,0.058357,-0.086892,0.34064,0.59124,-0.3744,0.37503,-12.545,6.4861,3.0867,1.9888,1.4871,0.80474,0.31996,0.69226,0.23394
11.703,1.0807,1.4081,0.52241,0.58699,0.053121,-1.0533,-0.001446,-0.61759,2.3279,8.4874,6.1409,0.24786,-0.46575,0.28831,-0.30385,-0.64876,-0.81869,2.3765,-7.8143,6.8298,-0.07032,0.066862,-0.79133,0.050376,1.0039,-0.9621,-9.7279,12.401,-1.3415,0.96693,-0.041187,1.5655,0.5757,-0.40882,0.37555,-13.292,-12.845,-0.42918,-0.062164,-0.27422,0.65074,0.36695,0.68025,0.18372
8.5639,2.5278,1.513,0.83815,0.26575,-0.031052,-1.0457,-0.02326,-0.63189,2.27,7.3097,5.5373,0.2887,-0.60658,0.45777,-0.32824,-0.65643,-0.80814,2.4668,-6.0651,6.038,-0.12067,0.035612,-0.8619,0.010826,1.0067,-0.95522,-9.9529,1.931,0.54098,1.047,0.029949,2.9008,0.50931,-0.48907,0.38199,-8.5191,0.36806,-6.5131,1.1586,0.64088,0.001669,0.38323,0.671,0.1726
8.9471,3.0567,-1.8529,-0.35964,-0.86287,0.13803,-1.0549,-0.033084,-0.60885,2.4946,8.2998,4.8434,-0.003694,-0.69179,0.040175,-0.34984,-0.66009,-0.80254,2.3628,-5.6491,7.1196,-0.2259,0.13851,-0.29305,-0.009832,1.0134,-0.9431,-17.61,-4.5698,-5.21,1.177,1.1333,2.6142,0.41482,-0.56932,0.39464,-7.0507,5.7301,0.44347,0.066681,0.075428,1.6071,0.41263,0.64808,0.14799
10.215,0.4132,-1.0025,-0.89802,0.25282,0.28397,-1.0562,-0.003691,-0.60481,3.3312,8.1021,4.5997,-0.24027,-0.70427,0.068844,-0.37104,-0.65445,-0.8069,2.5652,-7.365,7.5045,0.29972,0.12835,-0.077083,-0.011658,1.0049,-0.9497,-14.868,1.0059,-1.6724,-0.12098,1.4206,2.3199,0.32145,-0.60984,0.4193,-11.982,2.005,-4.3112,-2.4108,0.22909,1.5125,0.4764,0.58636,0.1695
11.278,-1.0838,6.3075,0.17216,0.4776,0.1946,-1.0348,0.022469,-0.62911,3.6802,7.7282,4.7095,-0.004659,-0.45363,0.36435,-0.39136,-0.65027,-0.805,2.6484,-6.8967,6.2044,0.090094,0.014202,-0.10308,-0.010582,0.9938,-0.96081,-12.561,-1.9348,0.74786,-0.52233,0.40963,2.4579,0.22665,-0.65529,0.41021,-9.7993,-5.7947,-2.6071,-0.66151,-0.72789,1.6712,0.54785,0.52785,0.15802
8.7863,-0.61806,2.2627,-0.21946,0.16677,0.26702,-1.0274,0.038704,-0.63457,2.868,7.5636,4.677,0.076376,-0.22652,0.29626,-0.4052,-0.64953,-0.79815,2.716,-6.8106,6.6904,0.092124,0.12788,-0.17083,-0.011826,0.98847,-0.96322,-9.935,-1.5184,0.51508,-0.958,1.1654,1.624,0.1418,-0.6865,0.39637,-7.2543,-2.8819,-1.6076,0.17884,0.078455,1.5041,0.60961,0.48354,0.11529
6.4184,-0.073848,2.4572,-0.20579,0.036924,0.32211,-1.0262,0.065094,-0.62545,3.148,7.1805,4.6794,-0.049671,-0.12943,0.056843,-0.40964,-0.64376,-0.80302,2.9367,-6.2046,6.6612,0.18497,0.26423,-0.060808,0.000218,0.97781,-0.97005,-8.4879,-0.88532,1.1286,-2.3271,0.83948,0.88755,0.064676,-0.7144,0.35917,-8.1132,-0.78216,-2.8116,-0.31142,0.30641,0.84775,0.6591,0.4501,0.09741
6.7404,0.029051,2.0127,0.038315,-0.14927,0.19649,-1.0248,0.080727,-0.62042,3.5413,6.8787,4.9113,-0.06586,0.006855,-0.23036,-0.40949,-0.64332,-0.80496,2.6766,-6.4261,6.3702,0.16434,0.34949,0.071732,0.014499,0.97008,-0.9696,-6.8124,-1.9827,-0.27695,-2.6892,-0.003473,0.65364,0.025418,-0.75229,0.28409,-9.5799,-0.73575,-1.3049,-0.56803,0.073257,0.91534,0.694,0.43296,0.087946
7.8208,0.52762,3.0015,0.47994,0.11056,0.10586,-1.0173,0.074622,-0.62222,3.5644,7.3516,4.8748,-0.075128,0.12107,-0.41546,-0.40357,-0.64533,-0.8055,2.4791,-6.4986,6.7156,0.062395,0.39394,0.20411,0.02634,0.96664,-0.9654,-5.7536,-2.8506,0.25543,-1.6641,-0.20458,0.057395,0.013492,-0.77847,0.21868,-9.4443,-0.61144,-0.71964,-0.45987,-0.21979,1.2504,0.72761,0.41429,0.073093
8.1791,1.0699,3.7837,0.41161,-0.169,0.050517,-1.0198,0.068279,-0.61611,2.85,7.7144,4.5828,-0.016979,0.1868,-0.56149,-0.38783,-0.64809,-0.80846,2.0514,-6.0679,7.3128,0.20358,0.40615,0.31019,0.049536,0.96458,-0.96166,-6.7678,-2.049,-0.51605,0.59326,-0.56465,-0.43364,0.021857,-0.78263,0.20159,-8.5605,-0.14927,-1.6297,-0.61439,-0.27524,1.2057,0.76365,0.38512,0.057199
8.5842,1.3209,3.1691,0.17923,0.007114,-0.03809,-1.0263,0.064259,-0.60829,2.9655,7.9579,4.8495,-0.024646,0.3296,-0.60329,-0.36922,-0.65258,-0.81355,2.0175,-6.138,7.2622,0.045648,0.4111,0.48134,0.08141,0.96195,-0.95946,-8.3767,2.5445,-1.1986,1.362,-0.46604,-0.13457,0.042336,-0.77329,0.23297,-9.717,-1.5533,-2.2955,-0.14187,-0.095418,1.2181,0.79636,0.35704,0.046425
9.4016,0.98693,3.5387,-0.008455,0.095555,-0.11524,-1.036,0.062015,-0.59792,2.8533,8.0662,5.0243,-0.015628,0.42999,-0.43388,-0.34592,-0.65654,-0.82252,1.9214,-6.851,7.08,0.049422,0.28565,0.44567,0.1174,0.96298,-0.95241,-9.3712,10.675,-6.0514,1.6594,-0.22922,-0.12526,0.060744,-0.76316,0.26062,-9.7025,-1.7769,-2.4751,0.17097,0.081871,1.1534,0.82505,0.32291,0.040617
11.634,0.78795,4.3601,0.011737,-0.009831,-0.13275,-1.0414,0.060628,-0.59732,2.375,8.4233,4.4009,0.25328,0.44725,-0.039474,-0.33109,-0.66073,-0.81622,1.4282,-6.5341,7.7002,0.068011,0.20631,0.32176,0.14147,0.96204,-0.94878,-10.797,9.711,-4.646,1.4857,0.62818,-0.16702,0.068208,-0.75159,0.30124,-11.501,-2.2619,-2.3574,-0.17444,-0.2018,0.99214,0.84262,0.29474,0.038543
13.441,1.7928,5.1115,0.12292,0.27392,-0.22659,-1.0411,0.048555,-0.60553,1.7561,8.9902,5.4835,0.33292,0.42337,0.3092,-0.32789,-0.6682,-0.80132,1.4285,-6.6575,7.5043,0.038111,0.031981,0.061708,0.14961,0.95893,-0.95102,-11.068,-5.3206,-0.55387,-1.0829,0.46727,-1.02,0.074778,-0.7547,0.30751,-10.863,-5.5333,-3.3116,-0.28907,-0.21737,0.21067,0.84919,0.27922,0.035758
13.198,-0.19812,3.2614,-0.26667,0.43616,0.10305,-1.0353,0.04484,-0.62392,2.4022,10.036,6.2067,-0.29662,0.25766,0.86419,-0.33347,-0.65926,-0.80024,1.1272,-7.3098,7.8485,-0.1522,-0.30447,-0.36681,0.13664,0.96324,-0.94769,-11.82,8.366,2.222,-1.7516,-1.5048,-1.3521,0.13436,-0.76852,0.22906,-9.6658,-10.889,-2.8427,-0.056372,-0.064409,-1.2789,0.82583,0.30271,0.045995
9.5024,-0.95364,1.3707,-0.29876,0.24005,0.28303,-1.0288,0.056056,-0.6448,2.7647,8.5789,5.2764,0.27435,0.08427,1.1118,-0.3511,-0.64686,-0.79718,1.7048,-6.0017,7.9029,-0.47754,-0.69493,-0.57966,0.092657,0.97402,-0.94949,-12.312,-1.5429,-6.6899,-0.84618,-0.11347,-0.83915,0.15016,-0.76058,0.22835,-9.078,-7.0547,2.1676,-1.5433,-0.46874,-2.8367,0.76519,0.36655,0.071488
8.0727,-1.4477,-0.046016,0.39797,-0.43675,0.086019,-1.0324,0.058095,-0.64227,2.4465,5.3099,5.4758,-0.013165,0.047538,0.54441,-0.36636,-0.6421,-0.78739,1.5932,-6.1122,7.5609,-0.061091,-0.89322,-0.086814,0.043255,0.98532,-0.95708,-5.6318,-2.1871,-0.49308,-1.1413,-0.41567,-1.3566,0.18065,-0.74933,0.2081,-14.995,4.3732,-2.5106,-1.4339,-0.008472,-3.8466,0.66362,0.45611,0.13167
8.219,0.3725,-1.6446,0.79874,-0.005389,-0.14603,-1.0379,0.034015,-0.63427,3.1964,6.7692,5.4944,-0.26387,-0.019759,0.05561,-0.36979,-0.63734,-0.7927,2.3019,-6.7302,6.3771,0.50402,-0.86221,0.33446,0.018983,0.96882,-0.99006,-7.3309,-4.3239,-0.43486,1.2647,0.61795,-1.5861,0.2323,-0.71635,0.23387,-14.387,2.0936,-5.0762,-0.80265,1.4087,-2.4921,0.56629,0.51029,0.22961
10.284,0.71954,1.9321,0.093826,0.93876,-0.1315,-1.0185,0.025454,-0.65544,3.1904,8.4583,5.14,-0.047576,-0.072217,0.02976,-0.36845,-0.63549,-0.79873,3.111,-6.8218,6.4497,0.31242,-0.72953,0.22963,-0.000283,0.95321,-1.0155,-12.83,0.51093,-3.3415,0.88248,-0.30232,-1.6057,0.28599,-0.6774,0.28214,-12.651,-1.6694,0.6576,-0.32758,0.79505,-2.7485,0.47466,0.55919,0.29635
9.2863,0.95023,1.8216,-0.10356,0.012615,-0.16619,-1.016,0.008291,-0.65281,2.9623,7.847,5.2281,0.040473,0.015447,0.07562,-0.37036,-0.63353,-0.80029,3.1157,-6.7296,6.4799,-0.017206,-0.57294,0.026449,-0.021353,0.94568,-1.0318,-8.8469,3.6104,-1.8994,-0.65528,-0.079406,-1.488,0.34685,-0.63738,0.28902,-11.406,-0.6678,0.74261,1.0549,1.3053,-2.2199,0.38196,0.60932,0.33846
7.5164,0.95112,3.3078,-0.32081,-0.19043,-0.2487,-1.0153,0.004123,-0.65195,3.2854,7.1776,4.7702,-0.094617,0.13692,0.089781,-0.36574,-0.63092,-0.80498,2.9088,-6.7426,6.1983,0.13146,-0.38331,-0.009256,-0.035387,0.93962,-1.0425,-7.8507,1.3225,-2.5971,-0.49138,0.20525,-1.1125,0.39464,-0.60958,0.28819,-8.9024,1.0877,-0.51016,2.6866,1.477,-1.5402,0.29596,0.66364,0.33736
6.92,0.19796,2.0226,-0.29696,-0.41359,-0.33267,-1.0169,-0.00258,-0.64231,3.2612,7.1895,4.8284,0.032295,0.22684,-0.017491,-0.35791,-0.63141,-0.80842,3.0659,-5.8542,5.9114,0.031301,-0.026769,0.058616,-0.030554,0.92459,-1.061,-9.428,-1.9977,-0.95967,0.027302,0.39119,-0.97401,0.4325,-0.57004,0.30256,-8.796,1.6303,0.12059,2.828,0.31381,-1.1224,0.23664,0.71113,0.28058
7.982,0.036441,3.2383,-0.31888,-0.19345,-0.27695,-1.0273,-0.00653,-0.63075,2.9796,6.916,5.2288,0.055242,0.22513,-0.19205,-0.3492,-0.63247,-0.80973,3.0763,-6.4621,6.372,-0.038063,0.21038,0.074856,-0.019567,0.93197,-1.0563,-9.7699,-2.3067,-0.9362,0.42358,0.20765,-1.1412,0.47164,-0.52943,0.32164,-6.8165,3.6281,-1.3346,0.99387,0.13844,-0.31142,0.2108,0.73755,0.23022
8.0143,0.21676,2.5384,-0.49625,-0.29619,-0.19378,-1.042,-0.000506,-0.61326,2.7205,7.1862,5.5055,0.073167,0.18481,-0.34357,-0.34139,-0.63424,-0.80875,2.6231,-6.4841,6.3704,-0.075715,0.37884,0.15805,-0.007047,0.94358,-1.0434,-8.9083,-0.31258,-1.7463,0.99741,-0.15612,-1.0834,0.50896,-0.48602,0.33415,-4.975,1.8944,0.67141,-0.2492,-0.29927,0.45498,0.21178,0.7499,0.21691
8.505,0.26235,3.1243,-0.26017,-0.31606,-0.16867,-1.0519,0.002586,-0.59919,2.7606,7.7921,5.5474,-0.019401,0.13713,-0.55994,-0.332,-0.63941,-0.81021,2.4709,-6.0861,6.8697,-0.075595,0.45076,0.26593,0.02035,0.95026,-1.0305,-8.4586,3.0177,-3.2639,1.1477,-0.050746,-0.81024,0.54532,-0.43419,0.35606,-6.6228,-2.2419,0.18421,-0.00705,-0.35205,0.69734,0.23397,0.74041,0.2111
9.6682,0.46729,3.2688,-0.27127,-0.16316,-0.16009,-1.0622,0.003367,-0.58565,2.4689,7.9473,5.5415,-0.026736,0.030412,-0.63161,-0.31814,-0.64305,-0.8148,2.3645,-6.6981,7.2161,-0.15037,0.38185,0.26384,0.048631,0.96074,-1.015,-9.6613,1.8855,-2.6641,0.75712,0.24791,-0.72188,0.57223,-0.39547,0.36875,-10.175,-6.3157,-2.8225,-1.2266,-0.63346,1.2989,0.26978,0.71721,0.22748
11.841,0.21002,3.9625,-0.041403,-0.004859,-0.18667,-1.0671,0.000131,-0.57872,2.3038,8.5866,5.6843,0.030289,-0.094163,-0.5162,-0.30602,-0.65148,-0.81398,2.0095,-7.0481,7.0848,-0.18863,0.28449,0.058569,0.075323,0.96484,-0.99631,-11.795,1.6953,-2.2416,0.86109,-0.061883,-0.70986,0.60285,-0.35044,0.38795,-12.334,-14.082,-6.8839,0.3392,0.56659,0.57895,0.31308,0.68393,0.24546
14.101,-0.86199,4.4427,-0.081088,0.21116,0.024144,-1.073,-0.003374,-0.58093,1.8859,8.3033,5.6392,0.067549,-0.18024,-0.13383,-0.30385,-0.65324,-0.81473,1.5995,-6.7135,7.1118,-0.2343,0.11475,-0.30579,0.073879,0.97732,-0.98001,-12.252,2.7042,-3.6173,0.48248,-0.18059,-0.14407,0.61626,-0.33241,0.38931,-9.7397,3.454,-3.1922,0.50598,-0.20841,0.73977,0.32624,0.68123,0.24147
13.301,0.39992,1.6993,0.4178,0.65569,0.008147,-1.0668,-0.006748,-0.59274,2.2614,9.1264,5.8664,-0.047509,-0.3319,0.38401,-0.31165,-0.65558,-0.8115,3.1516,-7.8153,6.5825,-0.18495,-0.064546,-0.76059,0.046858,0.98839,-0.97009,-11.317,9.4359,-3.906,0.77641,-0.072368,0.99103,0.60922,-0.34412,0.38953,-14.164,-14.336,-0.17748,0.76631,-0.78222,1.0619,0.35132,0.68941,0.17732
9.9184,2.1316,1.5357,0.43028,0.6139,0.030857,-1.0491,-0.022053,-0.62238,2.4101,8.1455,5.6538,0.14378,-0.47755,0.73366,-0.3359,-0.65114,-0.81046,2.1371,-7.8048,7.5766,-0.43117,-0.24299,-1.0133,-0.000496,1.0009,-0.95913,-8.9359,6.3562,1.3668,1.4924,-0.14906,2.4901,0.56956,-0.3946,0.39739,-10.948,0.07549,-7.3751,0.84812,0.14354,0.15218,0.37221,0.67062,0.17728
8.0779,2.9971,-0.009617,0.55268,-0.63142,0.068066,-1.0473,-0.04037,-0.62486,2.7429,7.1212,4.9221,0.090639,-0.51671,0.47503,-0.36282,-0.64829,-0.80902,2.5751,-4.5775,7.3975,-0.37117,-0.38636,-0.4902,-0.046194,1.0061,-0.95262,-13.795,-6.0507,-2.5135,1.0347,0.30712,2.9778,0.4902,-0.48279,0.40714,-6.0164,5.3975,2.1498,0.62033,0.25585,1.1859,0.39868,0.6595,0.15235
8.0272,0.86983,-1.5011,-0.76292,-0.32314,0.22804,-1.0553,-0.027524,-0.60863,3.3049,7.1995,4.751,-0.26506,-0.56653,0.16391,-0.38273,-0.64411,-0.81135,2.9532,-5.7674,6.4949,0.35719,-0.47422,0.026242,-0.072184,1.0005,-0.96228,-13.398,-1.0054,-3.5163,0.35448,1.5142,2.1807,0.38687,-0.54843,0.43904,-9.4281,1.3286,-2.4756,-2.1906,0.31863,1.5069,0.47012,0.6004,0.16383
9.6588,0.23357,0.58127,-0.57144,0.69441,0.20593,-1.0425,-0.000604,-0.62415,3.5683,7.679,4.852,-0.079571,-0.42366,0.14814,-0.39704,-0.63826,-0.81237,3.5751,-7.2358,5.8649,0.23676,-0.30495,0.075959,-0.080185,0.98377,-0.98244,-12.261,0.33472,-0.10385,-0.71176,0.70899,2.4313,0.2784,-0.60691,0.44088,-11.818,-3.021,-2.9236,-1.1223,-0.37803,1.3028,0.52657,0.54886,0.17142
9.4782,0.36,4.5499,0.20673,-0.1285,0.12499,-1.0356,0.009735,-0.6265,3.2207,7.5825,4.7619,0.036684,-0.24215,0.11162,-0.4062,-0.63673,-0.8098,3.2081,-6.4671,6.0733,-0.019572,-0.079498,-0.060801,-0.081915,0.97414,-0.98962,-10.702,-2.4174,-0.44464,-0.65881,0.82769,2.2109,0.18159,-0.64787,0.43091,-8.026,-3.3909,-0.46261,0.28786,-0.18815,1.6282,0.57291,0.51333,0.14954
7.912,0.50028,2.241,0.19579,-0.13537,0.21959,-1.0362,0.016509,-0.61826,3.3966,7.2881,4.4968,-0.055695,-0.12865,-0.068427,-0.41104,-0.63474,-0.81307,3.3291,-6.0212,6.2019,0.18465,0.22104,-0.039564,-0.080184,0.96745,-0.99509,-9.0891,-0.71767,-0.083988,-1.8144,1.0814,1.3411,0.096783,-0.68213,0.40697,-8.5682,0.13525,-2.0011,-0.31104,0.18272,1.2361,0.61916,0.47613,0.12414
6.9009,0.80641,1.8175,0.10044,-0.016642,0.22613,-1.0376,0.022844,-0.61272,3.6963,7.1513,4.6851,-0.13035,-0.003605,-0.23428,-0.40745,-0.63528,-0.81583,3.3344,-6.1568,6.0136,0.17186,0.39903,0.093256,-0.065964,0.95975,-0.99839,-7.9189,-1.5765,0.18053,-2.5171,0.4231,0.98149,0.035309,-0.72497,0.34682,-9.1903,-0.30393,-1.6094,-0.50152,-0.014279,1.051,0.65923,0.44804,0.10783
7.4803,0.79878,2.568,0.38834,-0.042086,0.18933,-1.0312,0.025635,-0.62295,3.4074,7.485,4.8793,-0.11194,0.18881,-0.35078,-0.39964,-0.63577,-0.81952,3.1784,-6.4241,6.5342,0.15287,0.53966,0.26213,-0.039442,0.95672,-1.0007,-6.0541,-2.7448,-0.24588,-1.8497,-0.18903,0.42634,-0.001871,-0.75929,0.27054,-9.6995,-0.40732,-1.2672,-0.24837,-0.15708,1.3789,0.70647,0.41563,0.069785
8.0607,1.1016,3.4995,0.24607,0.12564,0.15844,-1.0338,0.026408,-0.62185,3.0986,7.5702,4.8194,-0.14746,0.35939,-0.44921,-0.38198,-0.63467,-0.82684,2.5538,-6.1768,7.0876,0.16154,0.59598,0.39015,-0.006077,0.9552,-0.9987,-6.9471,-3.1702,0.20929,-0.44615,-0.20218,-0.1843,-0.010731,-0.77368,0.22805,-8.5383,-0.48871,-0.90417,-0.45888,-0.19392,1.3859,0.74905,0.37993,0.048574
8.7931,1.3197,3.0588,0.076893,0.06896,0.044511,-1.0414,0.028992,-0.60903,2.9905,7.7301,4.8365,-0.20076,0.45155,-0.42516,-0.36116,-0.6328,-0.83296,2.5148,-6.3131,7.3486,0.13477,0.49911,0.52237,0.031777,0.95194,-0.99442,-8.6678,1.653,0.10195,1.1093,-0.36173,-0.24427,-0.001672,-0.77924,0.23094,-9.373,-1.615,-2.3929,-0.44144,-0.17098,1.2607,0.7844,0.34826,0.049751
10.223,1.2332,3.2854,-0.35623,0.16199,-0.027465,-1.0451,0.03498,-0.60908,2.638,8.1531,5.1085,0.051809,0.35477,-0.12542,-0.34597,-0.63165,-0.83344,1.7278,-6.8008,8.113,0.27316,0.22515,0.49343,0.064286,0.94782,-0.99278,-9.1256,5.2004,-5.8079,1.8336,-0.47625,-0.36633,0.016579,-0.76945,0.26131,-9.8237,-2.1343,-2.8203,0.020091,0.086638,1.2334,0.81074,0.31591,0.044621
11.949,1.2444,4.4401,-0.50083,0.23316,-0.06513,-1.0456,0.042616,-0.61411,2.5239,8.3065,5.4511,0.49715,0.14092,0.25392,-0.34896,-0.63462,-0.82,1.5979,-6.234,7.8811,0.090687,-0.097563,0.45019,0.083741,0.94173,-0.99648,-9.7199,16.249,-8.6678,0.24961,0.33485,-0.68778,0.039722,-0.7596,0.28465,-12.1,-2.0812,-2.1564,-0.72426,-0.14644,1.0719,0.82771,0.28562,0.046502
12.622,2.0212,5.2113,-0.28076,0.55816,-0.14635,-1.0408,0.043496,-0.63968,1.8253,8.4831,6.546,0.11909,-0.063732,0.38392,-0.36117,-0.64314,-0.80386,1.9255,-6.4963,7.0985,0.11031,-0.30454,0.38981,0.094265,0.93742,-1.0037,-9.7972,-4.035,-3.7257,-1.6925,0.675,-1.1086,0.067414,-0.76286,0.26728,-10.95,-3.6219,-3.1272,-0.95253,-0.3585,0.30722,0.83482,0.26287,0.037046
12.316,-0.59935,3.4759,-0.68533,0.46269,0.2108,-1.031,0.051586,-0.66591,3.0472,9.4747,5.5277,-0.12526,-0.15359,0.72367,-0.37828,-0.63496,-0.80611,1.9269,-7.4925,7.4631,-0.18211,-0.53246,-0.024422,0.087093,0.94093,-1.007,-12.625,8.4639,3.1585,-2.5777,-1.5965,-1.035,0.12022,-0.78202,0.15406,-9.2092,-10.621,-3.2884,-0.5674,0.024003,-1.374,0.81512,0.28574,0.048855
8.7588,-1.9941,1.8358,-0.24323,0.19424,0.38444,-1.0256,0.071438,-0.68032,3.6605,8.7044,5.3748,0.24835,-0.18072,1.0992,-0.40379,-0.62812,-0.79951,2.5338,-6.3356,7.7602,-0.54199,-0.75621,-0.38889,0.049587,0.95094,-1.0066,-10.94,-2.7794,-7.3962,-0.89497,0.42112,-0.73075,0.12021,-0.79302,0.12273,-8.3038,-9.29,1.4441,-1.1728,-0.2617,-2.9414,0.76698,0.34602,0.081111
7.5511,-1.4581,-0.10226,0.79465,-0.77085,0.12169,-1.0344,0.069169,-0.66938,2.9166,4.0508,4.6491,-0.10725,0.079506,0.52835,-0.41711,-0.62109,-0.79636,1.9032,-6.0633,6.7142,-0.40147,-0.79589,-0.016239,0.014436,0.96824,-0.99902,-6.4967,-3.2616,0.97617,-0.62175,-0.22051,-1.4445,0.15363,-0.78185,0.11764,-13.439,3.6767,-2.1261,-1.1512,0.10316,-3.5017,0.67606,0.43621,0.1436
7.671,0.63985,-2.5647,0.84031,-0.13724,-0.031496,-1.0492,0.043123,-0.64698,3.616,6.7998,5.1836,-0.25888,0.2443,0.018808,-0.41485,-0.61393,-0.80334,3.2907,-6.2531,5.8193,0.28433,-0.74561,0.38424,-0.006228,0.96221,-1.0121,-8.2937,-4.1804,0.20584,1.4626,0.73549,-1.1996,0.19481,-0.75614,0.15811,-15.135,2.4513,-4.0331,-0.90059,1.3907,-2.4907,0.57698,0.49182,0.24135
10.329,0.58723,1.581,0.51193,0.88762,-0.11066,-1.025,0.028691,-0.67289,4.0473,8.3612,5.1496,-0.14848,0.30882,0.010527,-0.4075,-0.60246,-0.81592,2.9945,-7.1412,6.3387,0.060062,-0.57413,0.26404,-0.028893,0.95954,-1.0202,-13.541,0.59978,-3.746,1.1539,-0.3833,-1.5788,0.24843,-0.71324,0.22969,-12.935,-1.0566,0.76055,-0.31002,0.92767,-2.7584,0.46286,0.56791,0.31332
10.016,1.355,2.8818,-0.20569,-0.5176,-0.016166,-1.0212,0.014326,-0.67397,3.5772,7.3533,5.0206,0.094706,0.36585,0.11798,-0.39695,-0.5984,-0.82058,2.9656,-7.2379,6.1982,-0.079062,-0.38716,0.082318,-0.047004,0.96208,-1.0272,-9.2177,1.9266,-1.2973,-0.51494,-0.062671,-1.4688,0.30763,-0.67392,0.24919,-12.651,-1.1526,0.047961,0.6936,1.4084,-2.5678,0.3603,0.61595,0.36192
8.2096,0.67354,2.7816,0.04215,-0.37419,-0.19267,-1.0271,0.009244,-0.66036,3.2732,7.2929,5.4754,0.017976,0.41703,0.11705,-0.3862,-0.59809,-0.81974,2.9867,-6.5721,5.8447,0.10417,-0.13289,0.005405,-0.050019,0.95334,-1.0426,-8.025,0.54024,-2.2021,-0.11539,0.2269,-1.063,0.35416,-0.6457,0.25789,-10.37,0.94259,0.24154,1.8717,1.292,-1.6048,0.28596,0.64738,0.3742
7.5845,0.68012,2.3889,-0.098481,-0.30429,-0.25069,-1.0348,0.002348,-0.64599,3.3959,6.9639,5.341,-0.033682,0.40093,-0.017792,-0.3734,-0.59839,-0.8242,3.3298,-6.4968,6.1957,0.070117,0.10568,0.034214,-0.04942,0.95023,-1.0557,-9.463,-1.3573,-1.7188,0.54438,0.34657,-0.87889,0.39412,-0.61023,0.27858,-8.0607,1.9229,0.92563,2.869,0.33676,-1.2222,0.23412,0.70056,0.32909
8.0905,0.59384,2.5712,-0.31293,-0.082164,-0.25371,-1.0411,-0.000524,-0.63764,3.2154,7.1951,5.652,-0.007092,0.36179,-0.13559,-0.35858,-0.59872,-0.82699,3.1863,-6.6028,6.1245,0.16663,0.26549,0.060215,-0.035114,0.94567,-1.0649,-9.6407,-1.2864,-0.9047,0.6035,0.026049,-1.1449,0.43978,-0.56681,0.30159,-7.1305,3.7477,-0.94367,2.1744,-0.063471,-0.23594,0.20998,0.74029,0.26097
8.2678,0.59727,3.2142,-0.49481,-0.20052,-0.23242,-1.0512,0.007778,-0.62495,2.9831,7.2335,5.7285,-0.003012,0.27218,-0.26951,-0.34685,-0.59703,-0.82457,2.4768,-6.388,6.1418,-0.061877,0.51042,0.13358,-0.014334,0.95152,-1.0595,-9.3454,-1.0117,-1.7543,0.92239,-0.015013,-1.1284,0.48127,-0.51351,0.31635,-5.7389,3.1757,-1.5791,0.011881,-0.27451,0.81294,0.22169,0.75113,0.2214
8.4632,0.73068,2.8062,-0.62677,-0.15299,-0.22824,-1.0603,0.013324,-0.61596,2.7952,7.1943,5.8268,-0.02749,0.15938,-0.43178,-0.33413,-0.59922,-0.8259,2.7109,-6.7422,6.6282,-0.021558,0.59585,0.15944,0.018353,0.9589,-1.046,-9.025,2.7012,-3.4475,1.0064,-0.070572,-0.84751,0.52193,-0.46095,0.33729,-7.7682,-3.0585,2.3962,-0.80497,-0.71845,0.70828,0.24653,0.73232,0.22869
9.4757,0.70631,3.1644,-0.64919,0.011164,-0.32736,-1.0626,0.01554,-0.61579,2.1941,7.5121,6.296,-0.082674,-0.11896,-0.51466,-0.32437,-0.60323,-0.82749,2.8325,-6.5729,6.6393,-0.023149,0.52612,0.068374,0.051658,0.96153,-1.0353,-9.1441,2.9526,-2.6999,0.75551,0.28814,-0.77963,0.55119,-0.4189,0.362,-10.416,-5.6357,-4.7371,-0.76494,-0.55113,1.1121,0.28402,0.70476,0.24022
11.377,-0.40831,3.9028,-0.38877,-0.043827,-0.32658,-1.0669,0.01345,-0.6134,2.3586,8.0912,6.8488,-0.062525,-0.44011,-0.44884,-0.32469,-0.60652,-0.82925,2.0051,-7.4925,7.2589,-0.41585,0.41502,-0.16933,0.066021,0.97659,-1.013,-12.283,0.9267,-1.8155,0.84828,-0.016768,-0.7679,0.57364,-0.38315,0.37799,-11.566,-19.977,-7.6189,0.11419,1.0886,0.20841,0.30272,0.69594,0.22812
13.945,-2.6226,4.1018,-0.24262,0.15794,0.066925,-1.0712,0.016025,-0.61627,2.5933,7.592,5.8031,0.026175,-0.59369,-0.23525,-0.33422,-0.61185,-0.83458,0.54119,-6.2562,7.0538,-0.33903,0.29283,-0.51069,0.065818,0.99536,-0.9868,-11.604,1.6857,-3.3481,0.49553,-0.13791,-0.32311,0.59355,-0.35667,0.38144,-8.5689,6.4618,-6.1822,0.33208,-0.072255,0.33702,0.30998,0.69263,0.24415
13.056,-0.12296,3.2757,0.7692,0.5837,-0.12874,-1.0636,0.010165,-0.63242,2.9767,8.2195,5.3903,0.097933,-0.583,0.16627,-0.35043,-0.61993,-0.83506,2.9419,-7.9676,6.8951,-0.28608,0.07394,-0.79495,0.038292,1.0141,-0.96675,-11.579,6.7122,-3.7957,0.84306,-0.092816,0.65327,0.59175,-0.35612,0.38434,-14.925,-10.71,4.2567,1.9029,-1.3211,1.7666,0.35572,0.69165,0.1786
9.7547,2.5158,2.1263,0.6702,0.70041,-0.093192,-1.0418,-0.017431,-0.65846,3.3821,8.4041,5.3207,0.21253,-0.51449,0.42543,-0.37143,-0.6233,-0.82556,3.542,-7.1263,7.2245,-1.3408,0.062643,-0.87896,-0.002384,1.0428,-0.93942,-8.3717,8.3172,1.0234,1.4481,-0.25953,2.0874,0.56158,-0.39343,0.39275,-11.475,-2.3387,-6.2551,0.92738,-0.1325,0.48334,0.38801,0.67293,0.16895
7.4067,3.2224,0.58363,0.39493,-0.43878,0.11533,-1.0334,-0.038843,-0.66871,3.3228,6.4948,5.0929,0.31028,-0.59281,0.28699,-0.39218,-0.62757,-0.81617,2.0048,-6.5864,5.742,-0.79931,0.16356,-0.70185,-0.029737,1.0785,-0.90324,-11.975,-3.5371,-1.0992,0.65547,-0.086824,2.6694,0.50693,-0.46285,0.39698,-5.8359,6.4389,1.0053,1.1967,0.64329,1.0513,0.40925,0.66577,0.13054
7.652,0.25098,-1.6124,-0.90018,-0.59086,0.25721,-1.047,-0.013789,-0.64247,2.8289,6.6778,5.3435,-0.12899,-0.52875,0.086385,-0.41052,-0.62565,-0.81127,3.1352,-6.4682,5.6935,0.20424,0.26756,-0.36631,-0.041609,1.0763,-0.90304,-12.52,-2.9607,-3.1814,1.224,1.1728,2.0429,0.42284,-0.51551,0.4243,-8.0175,2.0498,-1.2546,-2.0816,0.29019,1.4344,0.46488,0.61893,0.135
9.6041,-0.32154,0.56233,-0.18435,0.6439,0.046144,-1.0365,0.010454,-0.65363,4.0152,7.6898,4.6263,-0.25381,-0.4031,0.031498,-0.42253,-0.62066,-0.81783,2.6974,-7.2418,6.3849,0.18906,0.12914,-0.22992,-0.047922,1.07,-0.9118,-12.823,1.6779,-0.82931,0.3408,0.79415,2.3907,0.32916,-0.55437,0.45218,-12.328,-3.7047,-3.2403,-1.5815,-0.29605,1.1799,0.51594,0.56541,0.15478
10.078,0.89016,4.155,-0.05289,-0.30316,0.057957,-1.0293,0.001933,-0.65691,4.0572,7.5323,4.5967,0.095661,-0.19021,-0.028949,-0.43295,-0.61748,-0.8191,2.6288,-7.057,6.41,0.54422,-0.054674,-0.13893,-0.056494,1.0578,-0.92326,-11.987,-1.0258,-0.89211,-0.91679,0.83659,2.25,0.21213,-0.62602,0.44277,-8.6326,-3.2682,-0.57711,0.18032,-0.15539,1.4435,0.56522,0.52077,0.13722
8.3737,0.51078,2.3938,0.3321,-0.068616,0.17485,-1.0309,0.007543,-0.64829,3.6347,7.3911,4.7296,0.043578,0.021692,-0.043485,-0.43461,-0.6218,-0.81705,3.2513,-6.2685,6.3763,0.36163,-0.05914,-0.032916,-0.062328,1.0346,-0.94513,-10.629,-0.58785,-0.31012,-1.8504,1.1493,1.6972,0.11965,-0.67577,0.41541,-8.0266,1.2215,-1.496,-0.15535,0.32721,1.2273,0.61136,0.48472,0.11429
7.4572,0.70947,2.7164,0.19269,-0.3718,0.23153,-1.0314,0.011747,-0.6407,3.9447,7.3582,4.5175,0.011635,0.20942,-0.11865,-0.42827,-0.62156,-0.81916,2.9252,-6.4707,6.3236,0.30374,-0.064961,0.17709,-0.05761,1.0147,-0.96356,-8.8378,-1.6615,-0.10792,-2.5532,0.83219,1.2923,0.052547,-0.70862,0.36805,-9.3766,0.34719,-1.7154,-0.5989,-0.013873,0.91019,0.65671,0.45883,0.08945
7.4894,0.8161,1.919,0.27374,-0.16716,0.17236,-1.0358,0.016669,-0.62454,3.7007,7.4805,4.7838,0.16966,0.37056,-0.15112,-0.41802,-0.62556,-0.81646,3.0227,-6.6319,6.5308,0.44818,0.027811,0.34349,-0.044503,0.99761,-0.97676,-6.4635,-3.0163,-0.25381,-2.0168,-0.08455,0.76585,0.001126,-0.74231,0.30381,-10.132,0.25022,-0.74236,-0.54692,-0.33648,1.2447,0.69738,0.43233,0.068928
8.1074,1.3544,3.1657,0.27441,-0.056494,0.095417,-1.0397,0.016333,-0.61517,3.6855,7.6841,4.7944,0.17294,0.33966,-0.2491,-0.40479,-0.6305,-0.81113,3.0763,-6.6371,6.5659,0.40084,0.038007,0.47242,-0.025334,0.98428,-0.98877,-5.8923,-3.7634,-0.40657,-0.85233,-0.025953,0.17143,-0.019827,-0.75946,0.26115,-9.262,1.0674,-0.62834,-0.57873,-0.24327,1.4838,0.74247,0.39783,0.046332
8.3637,1.9307,3.0446,0.070481,0.040911,0.02636,-1.0489,0.02024,-0.60282,2.8443,9.9049,7.7495,-0.027046,0.14891,-0.49987,-0.38723,-0.63898,-0.80291,2.8225,-6.5392,6.8195,0.39953,0.154,0.52381,0.002444,0.97686,-0.99364,-7.0592,-0.030728,0.7663,0.81068,-0.28466,-0.22912,-0.019426,-0.77059,0.23658,-8.9553,-2.9035,-1.9112,-0.78248,-0.24831,1.2292,0.7783,0.36236,0.037101
9.0468,1.8034,3.8547,-0.12544,0.15421,-0.011682,-1.0501,0.023262,-0.60423,2.0256,4.0953,4.0145,-0.38664,-0.10699,-0.4184,-0.36567,-0.6399,-0.81488,2.4792,-6.5028,6.5105,0.22472,0.22667,0.60493,0.033457,0.96946,-0.99884,-8.62,5.0446,-3.9145,1.1281,-0.54139,-0.12678,-0.002968,-0.76827,0.24679,-9.437,-3.9898,-2.4751,-0.27173,-0.083935,1.014,0.80948,0.3349,0.027051
10.491,1.341,3.5941,-0.30879,-0.074072,0.031116,-1.0536,0.025573,-0.6072,3.2123,9.1205,5.5708,0.13929,-0.17927,-0.1572,-0.36897,-0.64258,-0.81682,2.1962,-6.5703,6.9964,0.24423,0.15153,0.61088,0.06349,0.95737,-1.0087,-10.793,13.703,-6.916,0.63876,0.27531,-0.2659,0.012664,-0.75931,0.27276,-10.664,-3.206,-2.8224,-0.50782,0.006766,0.87283,0.8362,0.30775,0.022494
12.518,1.7444,4.2537,-0.33257,0.24177,-0.010154,-1.0586,0.031088,-0.60851,3.1923,8.1642,4.7984,0.01848,-0.1716,0.19047,-0.37984,-0.64046,-0.81693,1.9643,-6.4897,7.3337,0.081248,0.040233,0.47351,0.087165,0.95085,-1.0106,-8.7914,1.0507,-3.0509,-0.005341,0.2713,-0.75816,0.019823,-0.76184,0.27362,-11.309,-3.7276,-2.3417,-0.68031,-0.33015,0.59093,0.84255,0.28565,0.028085
14.398,0.4403,4.2371,-0.36864,0.34206,0.073411,-1.0549,0.034692,-0.62904,3.0798,9.1699,4.8849,0.13971,0.048452,0.61136,-0.39458,-0.63479,-0.81165,1.5603,-6.8694,7.5933,-0.25986,-0.1098,0.16001,0.097613,0.95582,-1.0067,-17.399,5.8243,9.3974,-2.9226,-2.1045,-1.8328,0.07821,-0.77492,0.213,-10.87,-9.2979,-3.5445,-0.05205,-0.15943,-0.81865,0.83069,0.2941,0.031095
11.096,-1.4323,1.1484,-0.8101,0.43299,0.20867,-1.0469,0.056589,-0.64846,4.1696,9.0088,5.5762,0.15724,0.13428,1.1196,-0.42018,-0.62458,-0.80602,2.8497,-7.4209,8.175,-0.30364,-0.48461,-0.36688,0.075988,0.96781,-0.99374,-18.007,1.563,-1.6011,-0.55783,0.5619,-0.49362,0.083181,-0.77892,0.19626,-8.2788,-11.97,1.0115,-0.002097,-0.21072,-2.327,0.77224,0.35574,0.059327
8.4133,-1.6306,0.55225,-0.33534,-0.39502,0.057538,-1.0411,0.075719,-0.66017,2.9093,4.7341,5.1944,-0.096837,0.20234,0.83684,-0.43257,-0.60981,-0.80459,1.7787,-5.99,6.7941,-0.33444,-0.55541,-0.16584,0.039632,0.98024,-0.99533,-6.0284,-2.9599,-2.5859,-1.269,-0.02368,-1.2968,0.098776,-0.76918,0.19463,-13.438,2.9521,0.03079,-0.6962,-0.16503,-3.5461,0.68501,0.44597,0.10567
7.9644,-0.002577,-1.8206,0.67232,-0.10115,-0.12303,-1.0435,0.067925,-0.65297,3.6223,6.4691,5.3428,-0.019272,0.24251,0.15476,-0.43554,-0.60425,-0.80615,2.8626,-6.6711,5.8641,0.008023,-0.5521,0.10861,0.013588,0.9844,-1.0059,-6.7907,-5.714,0.73286,1.0421,0.51685,-1.4565,0.14834,-0.74314,0.21346,-17.044,4.3791,-5.9127,-1.4626,1.4356,-2.4141,0.59856,0.50973,0.17599
9.3913,0.31792,0.40073,0.88885,0.84428,-0.16667,-1.0262,0.041344,-0.67168,4.6238,8.8309,5.2431,0.070107,0.25682,-0.063257,-0.42918,-0.60121,-0.81205,2.2099,-7.2154,6.5628,0.051349,-0.36068,0.069939,0.002164,0.9793,-1.0193,-11.974,1.0018,-3.3398,1.9138,-0.26869,-1.3661,0.2055,-0.69579,0.28325,-13.482,-0.93342,0.4379,-0.665,0.97383,-2.7235,0.50673,0.5606,0.25701
9.281,1.4859,4.9885,0.3119,-0.27742,-0.1186,-1.01,0.017293,-0.68777,3.5879,7.5983,5.4644,0.16267,0.33891,0.082794,-0.4177,-0.60266,-0.81243,3.0477,-6.8695,6.2957,-0.023322,-0.30641,-0.117,-0.012928,0.97738,-1.0285,-8.9738,4.5571,-2.5929,-0.067791,-0.20426,-1.3748,0.26901,-0.64894,0.31296,-11.405,-0.76924,1.9824,0.073867,1.2565,-2.5878,0.41077,0.60406,0.31599
7.9433,0.9142,2.4155,0.13061,-0.066357,-0.17293,-1.0181,0.007053,-0.66897,3.173,6.8624,5.2495,-0.38341,0.40814,-0.050342,-0.39648,-0.60247,-0.82341,2.6945,-6.9333,6.3281,0.17951,-0.17763,-0.097175,-0.020786,0.97105,-1.0482,-8.0164,1.3444,-2.7502,-0.36639,0.16984,-1.1408,0.3311,-0.61717,0.32342,-10.626,-0.28604,1.6084,1.6973,1.5086,-1.6299,0.31003,0.65374,0.35727
7.1357,0.5044,2.7723,0.029744,-0.29674,-0.15026,-1.0231,0.000338,-0.65759,3.9691,6.4313,5.1406,-0.10651,0.35621,-0.20932,-0.37678,-0.59787,-0.83558,2.8369,-5.9889,5.9691,0.21054,0.10118,0.016615,-0.012814,0.96127,-1.064,-9.2117,-0.67022,-0.94147,0.18347,0.17425,-0.99897,0.37221,-0.58651,0.33005,-9.0715,2.0163,1.2076,2.9755,0.41957,-1.2802,0.24901,0.70404,0.31927
7.5786,-0.17515,3.2338,0.028168,-0.17899,-0.070473,-1.0244,0.003946,-0.65659,3.1768,6.9766,5.6875,0.004012,0.25725,-0.36553,-0.36049,-0.59924,-0.83763,2.9208,-6.8205,6.3785,0.13356,0.28823,0.1034,0.001156,0.95769,-1.0673,-9.6374,-1.9334,-0.55853,0.43714,0.006797,-1.1406,0.40677,-0.54989,0.33895,-6.8151,3.9157,-0.26558,2.9355,-0.2915,-0.65192,0.22243,0.74166,0.23537
