10.231,-2.2836,-1.5775,0.36905,0.58796,0.046633,-0.92598,0.18594,-0.46149,10.592,0.74724,4.2664,-0.16036,-0.36231,1.0376,0.13392,0.72613,-0.71294,10.946,-5.1843,3.7545,0.21207,-0.43234,-0.52158,-0.8447,1.0157,0.4383,-11.625,-0.20863,-3.3908,1.0203,-0.36172,-1.9234,0.46393,-0.6135,0.42107,-9.4442,-2.2372,-3.9348,1.2653,0.24216,-2.819,1.0121,0.27514,-0.053913
8.9557,-3.8015,-1.1046,0.58975,0.41523,0.13781,-0.91615,0.17347,-0.48597,7.8584,0.19683,3.8534,0.071557,-0.089884,0.76179,0.27837,0.57418,-0.72011,7.8553,-4.6897,3.4448,0.88994,-0.49328,0.086767,-0.90064,1.0205,0.43048,-11.483,0.001189,-3.2081,-0.048447,-0.19134,-1.8208,0.52333,-0.546,0.44176,-16.688,5.3397,-1.1977,0.69659,-0.33681,-3.5113,0.99131,0.39698,-0.096016
9.7789,-2.3022,0.28437,0.78434,0.014863,0.28683,-0.91072,0.16434,-0.49633,8.7324,-0.59962,2.1102,0.63398,-0.055003,0.63463,0.32027,0.38968,-0.71423,9.4584,-3.8013,1.8938,1.6319,-0.62405,0.50125,-0.91612,1.0496,0.3789,-10.383,-3.0722,-2.5974,0.23308,-0.21163,-1.8216,0.56466,-0.50658,0.43912,-15.918,0.55876,-2.2734,-0.53934,-0.054201,-2.385,0.98416,0.48059,-0.11438
8.9658,-0.56389,0.782,1.0216,0.29664,0.15918,-0.90308,0.14979,-0.50615,8.2962,-0.50702,2.0277,1.1935,-0.031786,0.55005,0.29509,0.18904,-0.7007,10.539,-2.7832,1.2127,1.7227,-0.075066,0.67953,-0.92772,1.0771,0.28883,-9.7129,-2.8722,-3.1544,0.41328,-0.20004,-2.0897,0.59938,-0.46753,0.43153,-14.262,3.9938,0.16952,0.12165,0.11995,-2.6794,0.9723,0.56201,-0.14622
7.0707,-0.77993,1.1766,1.029,0.16293,-0.03102,-0.89693,0.1269,-0.51856,6.7546,0.70559,2.9789,1.6181,-0.082405,0.53376,0.24544,0.024054,-0.70481,8.8502,-1.4085,1.6473,0.74838,0.40316,0.68256,-0.94307,1.0908,0.18962,-9.3293,-1.3312,-1.7978,0.51662,-0.11673,-2.2123,0.64218,-0.40054,0.43764,-10.697,4.1465,-1.2641,1.3437,-0.078256,-2.9531,0.93525,0.64497,-0.23609
4.9094,-0.74785,1.1978,0.88116,0.007622,-0.16027,-0.89244,0.10193,-0.52175,4.8501,1.5905,3.5278,1.6481,-0.12203,0.40684,0.1969,-0.10397,-0.71084,6.1559,-1.9367,1.8553,-0.030981,0.59025,0.95503,-0.9471,1.104,0.12457,-8.583,0.30626,-1.657,0.65272,-0.15666,-1.914,0.67693,-0.33015,0.44588,-7.7175,2.6433,-0.4856,0.75782,0.11942,-2.5572,0.88499,0.70131,-0.314
4.685,-0.7841,1.4495,0.78115,-0.42552,-0.1622,-0.90067,0.081806,-0.51402,4.0881,1.9426,2.9439,1.0716,-0.22283,0.32204,0.16616,-0.1799,-0.74407,4.7578,-2.1623,1.64,-0.10763,0.45156,1.221,-0.89356,1.1399,0.074835,-8.1417,-0.079403,-2.2855,0.20848,-0.2161,-1.7531,0.70768,-0.25205,0.45432,-5.9355,2.2245,-0.60604,0.28222,0.33855,-1.896,0.83873,0.73282,-0.36566
6.16,-0.87795,1.5795,0.43645,-0.69871,-0.15405,-0.91074,0.06915,-0.48964,5.4104,1.6325,2.868,0.28275,-0.39751,0.30823,0.18834,-0.20763,-0.81004,5.6163,-2.499,1.4706,0.32244,0.22023,1.1523,-0.8088,1.1744,0.0535,-8.5371,-3.3633,-2.9952,-0.071013,-0.15576,-1.7225,0.73155,-0.19789,0.44577,-4.6461,3.6132,-2.1046,-0.72383,0.31101,-1.5552,0.79644,0.77621,-0.35795
8.7653,-1.4704,1.8342,0.13932,-0.71972,-0.18877,-0.92229,0.064332,-0.46742,7.5905,1.4789,4.4604,-0.22243,-0.56584,0.46661,0.22733,-0.21051,-0.90966,8.5112,-2.4183,1.1659,0.68367,0.14752,0.69415,-0.72011,1.1864,0.037426,-9.9583,0.76287,-0.94228,0.34594,-0.21888,-1.8084,0.75161,-0.14977,0.42685,-6.2859,-0.6989,-1.5761,-1.1269,1.0101,-1.2356,0.75865,0.83305,-0.30157
11.181,-1.5913,1.2846,0.27855,-0.60227,-0.21441,-0.93194,0.060085,-0.44268,8.8288,1.2118,5.4777,-0.47591,-0.44,0.56205,0.2511,-0.16957,-1.0829,11.006,-2.1391,0.92499,0.71548,0.17809,0.11032,-0.63798,1.1717,0.003735,-11.422,2.6775,-2.8196,0.9511,0.010411,-0.91343,0.76331,-0.091542,0.4217,-6.5476,-6.3096,1.0491,0.19132,0.94234,-0.92782,0.72898,0.86709,-0.23702
12.806,-1.7511,0.92279,0.41189,-0.33083,-0.38671,-0.9347,0.049216,-0.42388,10.057,1.0765,5.3486,-0.42518,-0.41357,0.5264,0.25028,-0.10563,-1.2951,11.819,-1.94,1.2957,0.52118,0.027039,-0.44638,-0.59731,1.1413,-0.0261,-11.12,-0.86004,-3.1849,-0.11771,-0.31067,-1.0047,0.77229,-0.056524,0.41303,-7.8062,-9.4323,-1.5283,0.95406,-0.032318,-0.24181,0.71315,0.87207,-0.23308
14.391,-0.3578,1.3543,0.42698,-0.006919,-0.39698,-0.93522,0.035529,-0.4088,12.373,0.56878,5.008,-0.15259,-0.32543,0.37289,0.20906,-0.000483,-1.559,12.84,-2.3351,2.0418,0.54827,-0.27061,-0.83002,-0.57425,1.1015,-0.052284,-13.702,-2.2943,-1.6445,0.63054,-0.13153,-0.8165,0.78078,-0.014897,0.40829,-2.5354,2.6023,-2.109,1.3786,-0.40889,0.66801,0.72184,0.84287,-0.25109
15.051,0.70249,1.687,0.50319,0.5089,-0.48653,-0.92619,0.011479,-0.41345,13.937,0.59508,4.5536,0.49542,-0.22402,0.28922,0.16781,0.060297,-1.752,13.808,-2.1423,1.5421,0.61644,-0.4916,-1.0845,-0.6171,1.067,-0.071172,-14.422,2.1177,-2.7292,1.0182,-0.098702,-0.1977,0.78201,0.016989,0.4027,-17.173,-15.664,-1.5464,0.43757,1.0869,2.0028,0.77706,0.79129,-0.19756
13.177,0.48875,-0.40297,0.26786,0.39107,-0.35714,-0.91276,-0.017444,-0.42949,14.286,1.5928,4.2978,0.89058,-0.27727,0.29742,0.20468,0.054597,-1.8719,13.904,-0.65947,0.42972,0.42413,-0.51028,-1.187,-0.70122,1.0333,-0.082502,-14.214,6.0692,-4.0124,0.29844,-0.40418,1.2868,0.78773,0.005124,0.39174,-11.209,2.9105,-1.7467,-0.86874,0.28546,0.37998,0.80611,0.76529,-0.20937
12.002,1.9705,-1.7305,0.072206,0.72124,-0.11454,-0.8997,-0.036316,-0.44725,12.66,2.7465,4.9031,0.6193,-0.26439,0.16091,0.42973,-0.003511,-1.8878,11.567,0.14947,1.3093,-0.24259,-0.51596,-1.1866,-0.80737,0.99332,-0.080028,-12.734,6.0599,-0.37351,-0.070328,-0.26285,2.2665,0.79047,-0.064141,0.38169,-11.452,1.4719,-2.3374,-1.2735,-0.24537,1.7072,0.83224,0.7676,-0.16688
9.4008,2.2267,-1.3008,-0.11248,0.69644,-0.15322,-0.88338,-0.048713,-0.47215,9.0968,3.1513,4.0252,-0.38459,-0.075646,-0.36036,0.73991,-0.06117,-1.6871,9.1121,-0.91044,2.0876,-0.64047,-0.31659,-0.9428,-0.91606,0.94939,-0.062687,-10.143,-6.4876,-3.5493,-1.3102,0.20847,2.9472,0.77303,-0.17463,0.37662,-12.57,-4.043,-2.4833,0.30819,-0.041556,1.86,0.88159,0.72271,-0.16258
9.0963,1.5642,0.095408,-0.67483,0.20427,-0.13635,-0.87179,-0.052131,-0.48653,9.7083,2.3195,2.0906,-1.426,0.055952,-0.87577,0.9743,-0.099736,-1.3309,8.2648,-1.0728,1.6375,-0.34795,-0.2774,-0.59377,-1.0116,0.90299,-0.055447,-17.591,-7.2814,-1.9273,0.69868,0.70042,2.4109,0.73435,-0.2763,0.39995,-9.895,0.41,-1.9629,0.094871,-0.047359,1.4784,0.92089,0.70093,-0.14166
9.0034,1.1107,0.67378,-0.79294,-0.007574,-0.092733,-0.87103,-0.04429,-0.4897,10.134,1.0123,1.6741,-1.5811,0.33182,-1.0946,0.98637,-0.1784,-0.94047,9.0193,-0.18147,0.80214,-0.47888,-0.086718,-0.27704,-1.0647,0.86531,-0.056859,-11.684,-2.5541,-2.1739,0.82707,0.54256,2.4485,0.68945,-0.32864,0.43945,-10.33,0.78194,-3.0675,0.1358,-0.04022,1.9434,0.94899,0.66912,-0.14016
7.4077,1.034,0.83281,-0.77303,0.26254,0.040041,-0.87033,-0.033587,-0.49657,8.6724,0.26702,2.3835,-0.97068,0.53178,-1.1202,0.88161,-0.19005,-0.7752,7.6896,-0.77281,1.1835,-0.93697,0.12734,-0.099158,-1.0946,0.83412,-0.055244,-11.001,-5.5128,-0.68627,-1.1934,0.20685,2.5063,0.64397,-0.39811,0.45496,-10.061,-0.45562,-2.0128,-0.17462,0.054485,2.2124,0.96807,0.62346,-0.14363
5.9901,0.7928,0.99211,-0.6939,0.16708,0.072338,-0.86699,-0.018539,-0.50445,6.5614,0.7423,2.4238,-0.12863,0.55809,-1.17,0.8235,-0.13929,-0.71489,5.59,-1.7159,2.1411,-1.1457,0.092057,-0.015383,-1.1083,0.81607,-0.040295,-7.7508,-3.3265,-2.064,-1.4793,0.40095,2.3791,0.59388,-0.48505,0.45014,-8.4433,-0.89916,-1.2396,-0.94875,-0.036777,2.034,0.98491,0.56949,-0.10466
4.5568,0.41066,1.2325,-0.72474,-0.17571,0.11923,-0.86896,0.002879,-0.5025,5.2647,1.381,1.7529,0.15476,0.47882,-1.2867,0.84014,-0.046041,-0.68198,4.5475,-2.202,2.6277,-0.87987,0.006831,0.036505,-1.1035,0.81532,-0.007477,-5.7777,-3.1049,-1.1617,-1.542,0.10148,1.9906,0.54087,-0.56556,0.43456,-8.9688,-2.02,-0.45208,-0.90165,-0.12349,1.9865,0.99735,0.50734,-0.061539
4.9131,0.03035,1.1282,-0.71741,-0.52631,0.10982,-0.87872,0.029395,-0.49135,4.9973,1.902,1.3356,-0.23643,0.34136,-1.3029,0.86038,0.1359,-0.7612,4.6057,-1.8665,2.2169,-0.58577,-0.008406,0.053648,-1.0779,0.83308,0.029037,-4.9738,-2.7696,-1.6787,-1.7286,0.083311,1.3322,0.49909,-0.63197,0.39932,-8.2954,-1.8246,-1.7028,-0.086052,-0.094035,1.7058,1.0068,0.43666,-0.01528
6.6129,0.56195,1.8908,-0.67324,-0.71241,0.1109,-0.89202,0.052728,-0.46804,6.5212,1.7018,1.5749,-0.85426,0.28381,-1.1351,0.95649,0.49223,-0.89546,6.187,-1.6067,1.8793,-0.56793,-0.099296,-0.06792,-1.0419,0.85065,0.085273,-4.8424,-3.2675,-0.85011,-0.34586,0.27785,1.4077,0.46109,-0.67297,0.38091,-9.3864,-0.13048,-1.896,0.20343,0.16422,1.7778,1.0088,0.36758,0.00345
9.2101,1.253,1.7359,-0.53662,-0.54979,0.096071,-0.90219,0.075232,-0.44447,8.292,0.9431,1.9784,-0.94163,0.27504,-0.76699,0.87881,0.97482,-1.0405,8.9134,-1.8405,2.6435,-0.49593,-0.20772,-0.22807,-0.99816,0.85875,0.15164,-6.1035,0.73327,-0.96984,0.062016,0.74086,1.163,0.42275,-0.70032,0.37942,-9.9893,-3.001,-0.55415,-0.84486,0.10246,1.5723,1.0064,0.30029,0.008905
11.984,1.2626,1.1749,-0.63042,-0.48623,0.068558,-0.91222,0.098459,-0.42335,10.165,0.70271,2.4943,-0.72746,0.14405,-0.18761,0.36861,1.3355,-1.0948,11.062,-1.799,3.2182,-0.47545,-0.15531,-0.2821,-0.9415,0.85904,0.20905,-9.2909,8.6138,-1.5902,-0.65686,0.40516,0.74401,0.38809,-0.71793,0.37304,-11.601,-2.7036,-2.269,-0.82348,-0.069936,1.0409,1.0044,0.24782,0.034679
13.558,0.12981,1.5227,-0.61784,-0.36546,0.23417,-0.92191,0.12343,-0.40345,12.595,0.60266,3.0532,-0.38508,-0.039688,0.427,0.055871,1.3714,-1.0205,11.691,-2.425,3.8278,-0.36007,-0.2408,-0.16545,-0.88709,0.85489,0.25185,-7.4545,5.4757,-2.7429,-0.79622,-0.14016,-0.12001,0.38286,-0.73482,0.34446,-11.989,-2.3595,-1.8862,-0.25985,-0.11183,0.98873,1.0024,0.20613,0.040072
15.223,-0.50166,2.3148,-0.52767,-0.068738,0.45117,-0.92952,0.15328,-0.39006,13.772,0.43079,3.4582,-0.032179,-0.16206,0.91625,-0.07975,1.4292,-1.0926,12.832,-2.406,3.5978,-0.1487,-0.345,-0.027319,-0.82845,0.85635,0.28839,-5.8574,0.13311,-2.51,0.43048,0.22483,-1.0053,0.40354,-0.71558,0.34354,-14.44,-3.5919,-0.78784,-0.99941,-0.42024,0.5148,1.0065,0.16768,0.044529
14.902,-0.31197,-0.022009,-0.15924,0.39975,0.47231,-0.9291,0.17661,-0.39648,14.142,0.38251,3.4068,0.29587,-0.42171,1.2759,0.027883,1.3787,-1.1968,14.376,-2.7716,2.767,-0.20531,-0.33651,-0.083473,-0.7995,0.86019,0.31425,-16.005,-1.7562,-1.5713,0.64581,0.38344,-1.1551,0.43299,-0.6867,0.35932,-14.969,-6.28,-0.45288,-0.71729,-0.86992,-0.36952,1.0108,0.16763,0.023021
13.444,-0.48569,-1.84,0.077285,0.5319,0.20735,-0.92506,0.18521,-0.41439,12.931,0.94142,4.1626,0.13392,-0.5834,1.4016,0.30462,1.1706,-1.2313,14.403,-3.4959,3.1076,-0.34286,-0.20094,-0.20972,-0.80759,0.85845,0.33911,-9.4755,-2.0213,-1.935,1.3926,0.35724,-1.2314,0.45356,-0.66223,0.3845,-12.643,-13.322,0.015697,-0.52418,-0.88348,-1.6968,1.014,0.20919,-0.01226
9.2912,-2.3652,-1.518,0.60598,0.72831,0.092771,-0.91817,0.17642,-0.44297,10.198,0.86838,4.7846,-0.14836,-0.25177,1.1696,0.57736,0.85846,-1.1685,9.7835,-4.0766,4.0379,0.020858,0.1173,0.16533,-0.84661,0.86589,0.35404,-11.185,-0.17523,-3.7872,1.0713,-0.16997,-1.6671,0.49679,-0.60806,0.41321,-9.0599,-0.090045,-5.3569,2.1423,0.45014,-2.7983,1.0178,0.28897,-0.036082
8.7019,-3.7928,-0.91246,0.63017,0.39593,0.19356,-0.9087,0.16255,-0.46909,8.0206,0.2861,3.4465,-0.02061,-0.00683,0.73279,0.6732,0.51538,-0.99513,7.4103,-3.7279,3.1939,0.94368,-0.088624,0.72352,-0.87053,0.90097,0.33541,-11.219,-0.46332,-3.0823,0.1317,-0.20927,-1.7628,0.54263,-0.56094,0.42163,-18.573,5.7396,0.17608,0.44056,-0.1422,-3.523,1.0015,0.41057,-0.074693
9.8019,-2.0219,0.555,0.62262,0.014956,0.40884,-0.90604,0.1544,-0.48039,9.1895,-0.95962,2.3349,0.41373,0.10999,0.36527,0.61559,0.26808,-0.91129,10.349,-3.074,1.413,1.5361,-0.004352,0.93991,-0.87909,0.95649,0.28872,-10.19,-3.2631,-3.4112,0.32271,-0.18372,-1.8391,0.58034,-0.50469,0.43867,-14.134,1.3443,-2.8388,-0.54188,-0.10006,-2.4567,1.0018,0.5187,-0.099426
8.7289,-0.27988,0.64027,0.97814,0.3207,0.20003,-0.89899,0.1425,-0.49107,8.2893,-0.87311,2.5145,1.2339,0.15832,0.17634,0.48096,0.066122,-0.81459,11.06,-2.0959,1.0302,1.3216,0.68131,0.90692,-0.88615,1.0065,0.20619,-10.119,-2.1559,-2.6531,0.3659,-0.17684,-2.0506,0.62324,-0.44881,0.44322,-14.612,5.1919,-0.1619,-0.11293,0.17765,-2.6693,1.0011,0.6145,-0.1424
6.7144,-0.52472,1.0637,0.92403,0.17146,-0.044,-0.89348,0.12808,-0.50002,6.3055,0.45284,3.1111,1.8552,0.13351,0.11137,0.35303,-0.11121,-0.70494,8.7925,-1.6526,1.2204,0.29966,1.069,0.89888,-0.89831,1.0419,0.12533,-9.3131,-1.9131,-2.5471,0.62723,-0.11951,-2.1304,0.66658,-0.39283,0.43812,-10.685,2.3922,-1.6421,0.92163,0.23915,-2.825,0.97476,0.69496,-0.22132
5.0972,-0.666,0.72961,0.79518,-0.015602,-0.19494,-0.89135,0.10421,-0.50399,4.6278,1.7477,3.1238,1.9552,0.076096,0.062109,0.28039,-0.22379,-0.67041,6.2883,-2.2331,1.5715,-0.22143,1.0437,1.2472,-0.89807,1.0764,0.064936,-8.6569,-0.022398,-2.0558,0.92783,-0.13769,-2.0039,0.70063,-0.31935,0.44725,-8.032,2.4564,-0.035686,0.79094,0.16167,-2.6039,0.92426,0.76123,-0.31332
4.7008,-0.76802,1.099,0.68947,-0.47698,-0.16395,-0.89736,0.085615,-0.49523,4.0811,2.4745,2.7616,1.2138,-0.004729,0.009984,0.27347,-0.29035,-0.67072,4.8806,-2.6191,1.486,-0.047972,0.74075,1.5519,-0.85412,1.1233,0.020578,-8.4722,0.24947,-2.3225,0.57628,-0.21821,-1.828,0.72742,-0.24678,0.44888,-5.6366,2.2558,-1.4302,0.38921,0.36372,-1.9098,0.87329,0.79265,-0.37622
6.2566,-1.1366,1.2054,0.30006,-0.81798,-0.15557,-0.90885,0.06979,-0.47484,5.3249,2.0388,2.5728,0.11563,-0.12163,-0.009006,0.33406,-0.27181,-0.77358,6.3629,-2.9613,1.2748,0.50831,0.38986,1.471,-0.77914,1.1596,-0.024402,-8.1579,-2.9871,-2.8979,0.13616,-0.18264,-1.7738,0.74765,-0.17334,0.45377,-4.5807,2.5379,-2.3305,-0.81237,0.49954,-1.5664,0.82167,0.84063,-0.38894
9.1366,-1.8727,1.6553,0.14906,-0.78092,-0.20489,-0.92252,0.068518,-0.44659,7.749,1.2,3.4879,-0.51757,-0.24576,0.11681,0.43722,-0.22584,-0.91197,8.507,-2.6948,0.9848,0.96044,0.29742,1.018,-0.68612,1.1733,-0.06982,-10.237,1.2861,-0.78337,0.31727,-0.11215,-1.7564,0.76635,-0.10781,0.44204,-6.2024,-0.38021,-0.96125,-0.65063,0.96296,-1.1693,0.78423,0.88453,-0.32282
11.137,-1.3916,1.4497,0.42484,-0.4892,-0.19827,-0.93237,0.068179,-0.41534,9.4511,0.14602,4.281,-0.55483,-0.19601,0.22337,0.53128,-0.16678,-1.0839,10.646,-2.1615,0.89058,1.1659,0.20353,0.41372,-0.60478,1.1697,-0.11182,-11.814,2.1189,-2.3317,1.1936,0.050802,-0.90085,0.7775,-0.055485,0.43157,-6.3665,-5.2029,0.47237,0.090562,0.79049,-0.70893,0.75635,0.90674,-0.25251
12.75,-0.90656,1.0622,0.34326,-0.24359,-0.33608,-0.93455,0.059259,-0.40076,9.9789,-0.25705,4.3893,0.1074,-0.33527,0.35326,0.53988,-0.067394,-1.3751,11.166,-1.8105,1.3716,0.77086,0.041531,-0.18835,-0.56369,1.1375,-0.14839,-11.968,-0.28578,-3.2025,-5.4e-05,-0.31567,-0.98521,0.7846,-0.019349,0.42148,-6.8221,-7.9438,-1.2611,0.92696,0.19154,0.076729,0.74892,0.89939,-0.23858
13.883,-0.51839,1.7747,0.16052,-0.052729,-0.40812,-0.9313,0.043908,-0.39384,11.088,0.53524,4.4678,0.6206,-0.47213,0.50866,0.42129,0.017062,-1.685,12.214,-1.8797,1.7554,0.31694,-0.25811,-0.77563,-0.55917,1.1069,-0.15914,-13.483,-1.3629,-1.7461,0.30741,-0.26943,-0.85966,0.79276,0.012597,0.40853,-3.2432,0.77029,-2.7983,1.2284,0.051218,0.746,0.75588,0.86138,-0.25074
15.469,0.52386,1.0473,0.64676,0.53375,-0.56122,-0.92258,0.017119,-0.40421,13.233,1.5772,4.0385,0.67997,-0.64629,0.73805,0.24421,0.12337,-2.0423,13.35,-2.1422,1.43,-0.02023,-0.55013,-1.179,-0.60272,1.0628,-0.1619,-15.628,3.0487,-2.3043,0.65965,-0.16964,0.07734,0.79017,0.03857,0.40609,-23.315,-8.7304,2.1937,0.54324,0.45927,1.5441,0.80356,0.8035,-0.18264
14.297,0.60091,-1.0579,0.12424,0.42748,-0.39936,-0.91047,-0.012202,-0.4147,15.874,2.367,4.1021,0.26371,-0.71732,0.97019,0.16169,0.10667,-2.2351,13.815,-2.1027,1.1528,-0.098407,-0.75036,-1.4338,-0.6793,1.0349,-0.14866,-13.873,7.0414,-2.9937,0.4012,-0.44726,1.7659,0.7951,0.007982,0.39592,-9.6372,2.713,-2.9086,-1.1428,0.16049,0.56,0.83113,0.78776,-0.15286
11.443,1.9015,-1.8844,-0.022234,0.94088,-0.21965,-0.89839,-0.031246,-0.4355,12.721,2.5001,4.7274,-0.19261,-0.48316,0.69281,0.31374,-0.001409,-2.1976,11.521,-2.0331,2.5006,-0.034919,-0.78011,-1.3664,-0.77125,1.0074,-0.1347,-11.59,-0.91605,-2.7891,-0.58915,-0.097355,2.4663,0.7959,-0.063189,0.38208,-12.638,0.45659,-3.0774,-0.56142,-0.28928,1.9101,0.8703,0.76229,-0.11998
9.6077,1.9426,-1.0772,-0.046822,0.69814,-0.27259,-0.8799,-0.049709,-0.46573,9.2498,2.4394,3.8479,-0.92732,-0.31309,-0.10559,0.58372,-0.037825,-1.9956,9.1959,-1.9933,3.0808,0.039821,-0.7777,-0.97927,-0.86552,0.95579,-0.13217,-13.306,-9.3442,-1.4337,-0.38771,0.51169,2.9896,0.77565,-0.17297,0.38337,-12.177,-2.1164,-2.7852,0.05,-0.095587,1.7235,0.91103,0.72373,-0.12076
9.3783,1.126,-0.20378,-0.88757,-0.026513,-0.21226,-0.87554,-0.054753,-0.47561,10.402,1.7163,2.4615,-1.526,-0.090017,-0.81254,0.70608,0.004441,-1.6588,9.6872,-0.99371,2.2102,0.13234,-0.67124,-0.54947,-0.93566,0.90617,-0.134,-13.966,-3.6999,-2.9689,0.99087,0.69822,2.272,0.73377,-0.24605,0.41735,-10.195,0.48074,-2.5654,-0.046048,-0.20395,1.7292,0.93662,0.69774,-0.12131
8.3318,0.92344,0.67493,-0.61452,0.007472,-0.067092,-0.87534,-0.048606,-0.4792,10.295,0.73416,2.0141,-1.4741,0.33563,-1.2448,0.84738,-0.044632,-1.2577,8.5875,-0.25842,1.5353,-0.20959,-0.2522,-0.22422,-1.0026,0.85744,-0.14666,-11.38,-3.5891,-1.904,-0.17662,0.44339,2.5322,0.68658,-0.33095,0.45324,-9.9556,0.57852,-3.0766,-0.1457,-0.1553,2.1132,0.95848,0.66799,-0.12059
6.8107,0.74333,0.59507,-0.66816,0.27334,0.11758,-0.87246,-0.040296,-0.48596,8.1869,0.047635,2.6347,-0.82379,0.61408,-1.37,0.79287,-0.088016,-0.98721,6.3584,-0.79946,2.1124,-0.72635,-0.097998,-0.13863,-1.0292,0.83312,-0.14405,-8.8057,-4.0621,-1.154,-1.6042,0.26964,2.4249,0.63932,-0.419,0.45598,-9.5065,-0.26448,-1.8685,-0.50804,-0.007135,2.1601,0.979,0.61257,-0.095502
5.2309,0.82997,0.62843,-0.64965,0.031654,0.18233,-0.87276,-0.024699,-0.48841,6.0857,0.535,2.6824,-0.076991,0.65421,-1.4705,0.68778,-0.071585,-0.87339,4.4851,-1.4007,2.7546,-0.96498,-0.062499,-0.12,-1.0296,0.82892,-0.12314,-7.8181,-3.2301,-1.8704,-1.5315,0.152,2.4621,0.58901,-0.48704,0.45296,-8.5328,-1.1483,-0.37512,-0.69513,-0.065424,2.0784,0.99447,0.54652,-0.057287
4.6253,0.65508,1.1152,-0.67385,-0.13929,0.12097,-0.87512,-0.004994,-0.48619,5.0733,1.3085,2.1961,0.24525,0.56205,-1.5431,0.72534,0.000763,-0.84949,4.4107,-2.012,2.6296,-0.89106,-0.051896,-0.19239,-1.0362,0.83033,-0.080631,-5.8204,-3.369,-0.83963,-1.7158,0.17818,1.7722,0.53993,-0.56545,0.42854,-8.6391,-2.037,-0.31955,-0.31973,-0.16391,1.925,1.0045,0.47612,-0.028654
5.421,0.39581,1.3583,-0.71568,-0.5224,0.12082,-0.88321,0.018198,-0.4744,5.1014,1.9632,1.6962,-0.15243,0.43918,-1.4195,0.83508,0.18274,-0.91217,5.0494,-1.9657,2.1569,-0.67162,-0.034142,-0.27316,-1.0309,0.83885,-0.029379,-4.5646,-4.0566,-2.0367,-0.93949,0.29439,1.6308,0.49776,-0.62587,0.40309,-8.4214,-0.49846,-2.6352,0.28051,0.035796,1.6732,1.0062,0.40918,-0.011845
7.2553,0.86795,1.8976,-0.69917,-0.78588,0.15503,-0.89463,0.04658,-0.45364,7.1064,1.9043,1.7811,-0.84464,0.37752,-1.1426,0.94693,0.55876,-1.1414,6.7983,-1.5665,2.0884,-0.62803,-0.10562,-0.35222,-1.0131,0.85221,0.03802,-5.5266,-2.5563,-1.1798,-0.093709,0.69783,1.5784,0.44525,-0.68289,0.39118,-9.7749,0.017479,-0.96077,-0.34376,0.11451,1.7663,1.0033,0.34027,0.013138
10.672,1.3749,1.6657,-0.67861,-0.67201,0.10749,-0.90821,0.072151,-0.42532,9.2125,0.99835,2.0572,-1.0839,0.37588,-0.59794,0.7299,1.0877,-1.374,9.3107,-1.7496,2.3301,-0.83069,-0.23708,-0.511,-0.98039,0.85958,0.11595,-7.2773,1.9921,-1.7902,0.002292,0.88143,1.1377,0.39709,-0.70647,0.39625,-11.055,-4.6115,-0.0087,-1.5691,0.045406,1.3102,1.0033,0.27478,0.044026
12.73,0.94827,0.4622,-0.68472,-0.41195,0.17216,-0.92186,0.096706,-0.39835,11.002,0.55466,2.5037,-0.77067,0.23181,0.12011,0.32025,1.4645,-1.3804,11.758,-2.7468,3.0496,-0.80875,-0.27049,-0.53696,-0.93851,0.85575,0.18811,-9.501,8.2579,-2.7796,-0.9872,0.28043,0.40945,0.36941,-0.71599,0.39005,-11.631,-2.2831,-2.8512,-0.51156,-0.12295,0.9312,1.0025,0.22826,0.057432
14.005,-0.1766,1.2854,-0.71369,-0.24761,0.35394,-0.92827,0.12452,-0.38298,13.202,0.49421,2.9057,-0.17605,0.11029,0.81564,0.088807,1.5652,-1.2711,13.326,-3.341,3.6314,-0.24871,-0.22996,-0.32036,-0.89851,0.84702,0.23798,-4.4783,1.8885,-3.0544,-0.65885,-0.33403,-0.60222,0.38337,-0.72736,0.34964,-13.106,-2.7736,-1.5924,-0.16198,-0.26323,0.91473,1.0038,0.18838,0.055012
14.999,-0.66282,2.3046,-0.35536,0.16771,0.46586,-0.93063,0.15225,-0.38041,13.241,0.61217,3.0742,0.32797,0.034853,1.1579,0.11681,1.5849,-1.2814,13.149,-2.4501,2.9849,0.21465,-0.25931,0.004282,-0.86921,0.84734,0.25084,-7.2988,0.62468,-1.2489,0.32638,0.96825,-1.6564,0.42107,-0.70619,0.3466,-13.822,-5.3566,-1.1333,-0.5042,-0.63854,0.22971,1.0067,0.16427,0.03979
13.634,0.50309,-1.2053,-0.21205,0.58999,0.36548,-0.92579,0.16919,-0.4008,13.319,0.72423,2.4749,0.51269,-0.24932,1.2136,0.17469,1.5213,-1.3962,13.402,-2.1448,2.624,-0.14103,-0.24848,0.11793,-0.85011,0.85123,0.27165,-16.784,-2.1473,3.3508,0.65189,0.010081,-0.87602,0.46291,-0.67915,0.3517,-13.478,-10.183,-1.5589,-0.71287,-0.81651,-0.98656,1.0089,0.186,0.011659
12.026,-1.0661,-2.0783,0.072047,0.62385,0.069067,-0.91984,0.17415,-0.42624,12.445,1.1569,3.745,-0.007621,-0.43536,1.1314,0.51117,1.2687,-1.4644,12.624,-3.3102,3.3708,-0.53677,-0.1307,0.010513,-0.86403,0.85126,0.29629,-9.6007,-3.1232,-0.42063,1.4414,0.077235,-1.4655,0.48322,-0.64457,0.38786,-11.303,-9.6632,0.81773,-0.18219,-0.51243,-1.9546,1.0148,0.2505,-0.021159
9.4647,-3.346,-1.1575,0.3608,0.59922,0.091171,-0.91538,0.1686,-0.44689,9.3825,0.89592,4.1382,-0.25796,-0.096344,0.7435,0.89223,0.89254,-1.3158,8.7599,-3.799,3.7878,-0.021947,0.10837,0.37874,-0.88735,0.86367,0.2994,-11.037,1.2678,-4.3411,0.97145,-0.22803,-1.7114,0.52457,-0.58813,0.41912,-10.934,3.3242,-5.0656,2.0605,0.27052,-3.354,1.0146,0.33804,-0.04178
9.5083,-2.8921,0.12925,0.3961,0.25794,0.30891,-0.90719,0.16377,-0.46618,8.6031,0.032903,2.6615,-0.057203,0.031873,0.27096,0.88119,0.51799,-1.0582,8.3555,-3.2603,2.5082,0.86817,0.02564,0.74519,-0.89752,0.89762,0.2757,-9.9602,-1.7661,-4.2411,0.12336,-0.11832,-1.6249,0.56341,-0.54434,0.4251,-20.108,2.4347,-1.2036,-0.28849,0.27387,-2.349,1.0027,0.44869,-0.065214
9.3083,-0.72162,0.62687,0.83827,0.29032,0.26294,-0.8997,0.15718,-0.47347,9.0129,-1.1983,2.0654,0.54627,0.12767,-0.019936,0.71749,0.26929,-0.89631,11.157,-2.3781,1.0561,1.0852,0.29664,0.84758,-0.89466,0.94265,0.22246,-10.015,-2.3184,-3.1461,0.34265,-0.12308,-1.8667,0.6035,-0.4957,0.42967,-13.542,0.49993,-1.4415,-0.39634,-0.033506,-2.5473,1.0082,0.53599,-0.097938
7.906,-0.543,1.3934,0.88301,0.4058,0.075453,-0.89148,0.13557,-0.49549,7.5335,-0.29551,2.4202,1.3235,0.12769,-0.067366,0.52033,-0.010251,-0.70917,9.6382,-1.7783,1.2403,0.49843,0.86753,0.79294,-0.91083,0.97401,0.1545,-10.132,-2.1436,-2.0006,0.51171,-0.083739,-2.1346,0.64941,-0.43226,0.43581,-13.781,5.0836,-0.22286,0.99875,0.077555,-2.8033,0.99512,0.65308,-0.16523
6.0175,-1.2533,1.2327,0.83093,0.064216,0.012792,-0.88649,0.11674,-0.50675,5.6166,1.3465,2.8315,1.4293,0.069554,0.01672,0.39548,-0.14278,-0.66673,7.4575,-2.0644,1.711,-0.22488,0.91541,0.94876,-0.91612,1.0004,0.10225,-8.498,-0.47132,-2.1722,0.71773,-0.10576,-1.8979,0.68601,-0.36115,0.4452,-9.487,1.8533,-0.809,1.4044,0.27648,-2.821,0.96074,0.73067,-0.27603
4.7298,-0.8432,1.3152,0.71914,-0.24436,-0.045423,-0.88816,0.10468,-0.50291,4.1448,2.2804,3.2666,1.06,-0.043198,0.045723,0.34074,-0.16697,-0.73037,5.7842,-2.4686,1.6584,-0.17857,0.78457,1.2642,-0.89302,1.0385,0.057322,-8.6673,0.53255,-2.0416,0.48424,-0.13875,-1.8062,0.71736,-0.29769,0.44905,-6.4723,3.2396,0.34392,1.3624,0.32077,-2.178,0.92259,0.75877,-0.37065
5.5511,-0.62666,1.0989,0.59964,-0.61117,-0.068555,-0.89521,0.091261,-0.48564,4.0637,1.9764,2.9828,0.36519,-0.17117,0.063151,0.35492,-0.18725,-0.77218,5.1977,-2.7614,1.3759,0.24284,0.51249,1.3585,-0.83779,1.0843,0.026191,-8.595,-1.9565,-2.2475,0.25347,-0.16225,-1.7098,0.74194,-0.23971,0.4457,-5.5299,3.7523,-2.2686,-0.64444,0.22781,-1.7075,0.88136,0.78833,-0.40541
7.2041,-1.0028,1.0568,0.16994,-0.74682,-0.14502,-0.90861,0.088207,-0.45982,6.1238,0.9851,3.3457,-0.16341,-0.36188,0.16987,0.43302,-0.1536,-0.88555,6.8548,-2.7304,1.1266,0.77888,0.27642,1.0844,-0.75411,1.121,-0.006365,-8.35,-3.2294,-2.5489,0.20408,-0.20374,-1.7528,0.76359,-0.17989,0.43611,-5.6843,0.85313,-1.8606,-1.2318,0.69352,-1.4839,0.83913,0.84552,-0.36548
10.435,-1.793,1.3373,0.12891,-0.66256,-0.23085,-0.91856,0.083252,-0.42813,8.3353,0.76746,4.1555,-0.17195,-0.33799,0.43631,0.54595,-0.08599,-1.0702,9.1303,-2.4503,1.034,0.95657,0.17421,0.48626,-0.66776,1.1258,-0.036484,-11.376,1.8973,-0.92698,0.97977,-0.10274,-1.7296,0.77847,-0.10684,0.42922,-6.2572,-2.243,-0.13791,-0.324,0.99241,-1.102,0.78908,0.89022,-0.29965
11.296,-1.2199,0.81032,0.42374,-0.45231,-0.31791,-0.92427,0.078306,-0.40826,9.2377,2.3202,4.4135,-0.7555,-0.14076,0.64262,0.57123,0.046954,-1.3815,10.811,-2.0438,1.1331,0.68351,0.1122,-0.10717,-0.61222,1.1069,-0.06676,-11.225,1.7303,-3.9101,1.1129,0.1166,-0.83881,0.78416,-0.041722,0.42933,-6.5733,-8.1318,0.90924,0.63103,0.64734,-0.53462,0.76564,0.9089,-0.26227
12.428,-1.0093,1.4545,0.25241,-0.33685,-0.39054,-0.92605,0.068731,-0.39394,11.093,1.4764,4.3895,-1.3849,-0.25949,0.4722,0.43602,0.23174,-1.6921,11.775,-2.0888,1.7964,0.40286,-0.13653,-0.5405,-0.58555,1.0811,-0.093915,-12.299,0.33443,-2.9547,-0.18238,-0.29587,-0.94963,0.79388,-0.005602,0.42215,-6.2524,-6.7676,-2.9666,1.261,-0.10208,0.16588,0.77378,0.89862,-0.25901
15.074,-0.66206,1.9619,0.38565,-0.13589,-0.43561,-0.92121,0.051213,-0.3853,12.569,-0.78059,4.291,-1.062,-0.32392,0.20149,0.16936,0.36192,-1.8595,12.852,-2.102,2.0232,0.42051,-0.3623,-0.81708,-0.5908,1.0483,-0.10561,-14.737,0.13104,-1.4653,0.33699,-0.35323,-0.69576,0.80246,0.02365,0.40817,-3.8136,-0.65919,-1.2802,0.29722,0.35544,1.2409,0.79408,0.84961,-0.27187
15.474,0.56155,-0.98949,0.51319,0.32068,-0.43199,-0.91435,0.025078,-0.38989,14.887,-1.0784,4.6441,0.37807,-0.64797,0.28964,-0.058061,0.38337,-1.8938,14.877,-1.9259,1.1047,0.33905,-0.65141,-1.0759,-0.63151,1.0145,-0.11218,-15.484,3.9796,-2.3549,0.64238,-0.29611,0.60607,0.80567,0.032429,0.39822,-17.472,0.82188,1.4739,-0.14575,0.57975,0.89144,0.8438,0.80333,-0.22664
13.528,1.5582,-1.7589,0.35537,0.72469,-0.27819,-0.90168,-0.006488,-0.41016,14.483,0.75213,5.1409,1.615,-0.70225,0.33182,-0.20053,0.41407,-1.8668,14.124,-1.7388,1.7623,0.14383,-0.55574,-1.2245,-0.72172,0.96437,-0.10657,-13.707,7.6942,-1.1002,0.40526,-0.27974,2.2146,0.80675,-0.021965,0.39045,-10.155,1.9981,-2.8595,-1.4448,-0.11411,1.0729,0.88012,0.78828,-0.20514
10.521,2.3982,-1.9628,0.24402,0.90787,-0.2557,-0.88368,-0.029706,-0.43956,10.48,2.7391,4.4936,1.2202,-0.48731,0.069905,-0.017843,0.44716,-1.8607,10.487,-1.769,3.0109,-0.001071,-0.46062,-0.92529,-0.81125,0.91864,-0.11241,-10.316,-4.5136,-5.836,-1.3766,0.064955,2.7206,0.79853,-0.11724,0.38525,-12.462,-1.378,-4.2225,-0.52788,-0.20285,2.0101,0.92577,0.76555,-0.17451
10.018,2.0722,-0.95389,-0.41178,0.52874,-0.27139,-0.87239,-0.046522,-0.45972,8.9819,5.2579,1.1518,-0.14101,-1.0594,-0.93029,0.32058,0.32717,-1.8196,9.017,-1.3756,3.038,0.11911,-0.48846,-0.4469,-0.87292,0.88324,-0.12909,-17.576,-9.5733,-0.91903,0.4008,0.70626,2.7158,0.77491,-0.20954,0.39562,-11.922,-1.9546,-2.4069,0.12565,-0.019684,1.6133,0.95578,0.7513,-0.14588
9.0482,0.91919,0.29978,-0.94561,-0.00041,-0.16869,-0.87085,-0.044387,-0.46636,10.031,3.2554,2.0872,-1.6003,0.14048,-0.7501,0.93471,0.24554,-1.6734,9.1794,-0.17409,1.5844,-0.036769,-0.19984,-0.005594,-0.91812,0.85604,-0.14453,-12.495,-1.986,-2.4909,0.95744,0.60082,2.3423,0.732,-0.26732,0.43416,-9.6559,0.32883,-2.5717,0.000784,-0.21177,1.8717,0.98115,0.7213,-0.1429
7.4371,0.93009,0.80997,-0.48617,0.38039,0.01986,-0.86827,-0.040135,-0.47379,9.2133,0.45853,1.8847,-2.1085,0.49528,-0.83703,1.144,0.060926,-1.1304,6.8262,-0.59461,1.6856,-0.5171,0.044972,0.085503,-0.94558,0.83827,-0.15856,-11.039,-5.5488,-1.0847,-0.88033,0.33854,2.6008,0.68847,-0.33578,0.4601,-9.5049,1.2333,-2.9253,-0.12631,-0.070486,2.2329,1.0041,0.67473,-0.12646
5.6927,0.93602,0.97586,-0.68342,0.31107,0.12825,-0.86217,-0.029603,-0.49109,7.1875,-0.70342,2.5474,-0.64274,0.6518,-1.0408,1.0762,-0.027663,-0.92776,5.0086,-1.0725,2.4439,-0.90892,0.099083,-0.039053,-0.96584,0.8252,-0.1499,-7.7629,-3.6363,-1.5312,-1.6054,0.39582,2.3279,0.62942,-0.44663,0.45876,-8.7814,-1.3223,-1.5602,-0.68754,0.016534,2.0899,1.0211,0.5984,-0.10965
4.8789,0.87412,1.417,-0.78339,-0.11314,0.1317,-0.86423,-0.011226,-0.49349,5.4977,0.57512,1.9377,0.44988,0.56784,-1.1642,1.0314,-0.006554,-0.84937,4.3857,-1.7646,2.8523,-1.0396,0.13837,-0.10208,-0.97336,0.82692,-0.12359,-7.2119,-3.3708,-1.723,-1.4463,0.18672,2.3114,0.57393,-0.53213,0.45196,-8.7888,-1.4727,-1.2619,-0.57508,-0.30045,2.0387,1.0244,0.53231,-0.066078
5.0488,0.51718,1.401,-0.7222,-0.33341,0.18198,-0.86877,0.009557,-0.48645,4.9944,1.3389,1.4399,0.563,0.39917,-1.239,1.0268,0.09663,-0.82381,4.1547,-1.7794,2.3356,-0.89561,0.12288,-0.15587,-0.96952,0.83725,-0.092271,-6.3022,-2.5023,-0.49009,-2.0248,0.14001,1.6098,0.53608,-0.59477,0.42551,-8.7359,-1.3319,-0.99168,-0.18012,-0.097411,1.9052,1.0261,0.47161,-0.017315
6.24,0.45418,1.7977,-0.66422,-0.65768,0.1991,-0.88094,0.036269,-0.46694,5.9212,2.3046,1.2702,0.14122,0.24516,-1.0609,1.2214,0.35678,-0.96451,5.9896,-1.9007,2.478,-0.73676,-0.01324,-0.23672,-0.95849,0.84904,-0.038549,-5.0557,-4.2998,-1.7387,-0.81941,0.14216,1.5723,0.49429,-0.65118,0.39383,-8.9069,0.16758,-2.3204,0.17794,0.12133,1.7936,1.0229,0.39771,0.000267
8.1656,0.9727,1.6664,-0.70212,-0.59569,0.2236,-0.89155,0.063594,-0.44137,7.8618,2.1229,1.6823,-0.6778,0.21079,-0.70274,1.2601,0.9172,-1.3421,8.2806,-2.3767,2.8536,-0.52245,0.010495,-0.33563,-0.93566,0.85892,0.018991,-6.0227,-1.6686,-0.48538,-0.18117,0.5388,1.3958,0.44933,-0.68594,0.38794,-10.48,-0.9674,-0.36271,-0.52972,0.08503,2.0166,1.0219,0.31931,0.02121
11.131,1.1322,2.1526,-0.7496,-0.6521,0.20587,-0.90512,0.096064,-0.41022,9.2701,1.2486,1.9567,-0.91171,0.15651,-0.19591,0.73446,1.5995,-1.7364,9.9958,-2.4591,3.2722,-0.32054,-0.10983,-0.34754,-0.905,0.8647,0.081342,-7.7198,4.2659,-0.661,-0.22115,0.52717,0.954,0.40858,-0.70989,0.38659,-11.131,-4.6988,-0.57801,-1.4763,0.095179,1.1384,1.018,0.23891,0.039159
12.787,0.63526,0.80385,-0.67886,-0.43866,0.25255,-0.91417,0.124,-0.38842,11.755,0.53611,2.3138,-0.67621,-0.025695,0.37506,0.13117,1.7953,-1.5215,11.195,-2.4313,3.3681,-0.2618,-0.093011,-0.26055,-0.8713,0.86821,0.12411,-8.1178,6.7765,-2.3525,-0.83623,-0.002286,0.11685,0.39089,-0.72976,0.35875,-11.982,-1.7291,-2.7136,-0.23892,-0.11528,0.98952,1.0155,0.19862,0.049722
14.154,0.029165,1.4072,-0.65439,-0.2911,0.41352,-0.92446,0.15215,-0.3743,13.302,0.49232,2.7945,-0.20856,-0.15277,0.83941,-0.11316,1.8257,-1.3935,11.712,-2.9495,3.7859,-0.24254,-0.24486,-0.14947,-0.83752,0.86884,0.15561,-4.0992,0.081673,-4.6956,0.61223,0.31452,-0.65631,0.40014,-0.72687,0.35136,-13.692,-4.1399,-1.0232,-0.58154,-0.3943,0.79763,1.0168,0.1625,0.058858
15.501,-0.60238,0.99547,-0.30828,0.31411,0.46164,-0.92662,0.17663,-0.37333,14.024,0.41213,2.8132,0.19431,-0.29548,1.1342,-0.04542,1.7602,-1.4371,12.994,-3.4048,3.5786,-0.23195,-0.40299,-0.12915,-0.81159,0.87182,0.18941,-16.244,5.7454,-3.8353,0.48608,0.8051,-1.6837,0.43386,-0.69391,0.37436,-14.879,-6.3407,-0.28716,-0.62647,-0.83708,-0.004146,1.0217,0.14788,0.036437
13.902,0.022616,-2.0272,-0.1454,0.58151,0.24337,-0.92209,0.19096,-0.39454,13.485,0.94649,3.1234,0.24181,-0.46235,1.277,0.16225,1.6069,-1.5215,14.694,-4.0151,3.3582,-0.328,-0.31788,-0.22846,-0.80669,0.8712,0.22147,-7.8288,-2.838,-2.3813,0.70489,0.60577,-0.8011,0.463,-0.66745,0.38523,-12.642,-11.98,-1.3778,-0.85938,-0.76341,-1.5524,1.0293,0.18165,0.001443
10.569,-2.1647,-2.3502,0.23269,0.68801,0.095263,-0.91927,0.19155,-0.42266,11.507,0.9701,4.2828,-0.075802,-0.23445,1.0938,0.70641,1.1334,-1.3768,11.095,-4.3766,3.8308,-0.18914,0.036893,0.062823,-0.82878,0.8741,0.23677,-11.714,-2.7932,-2.4143,1.0439,-0.000693,-1.7281,0.50606,-0.6208,0.40705,-9.8946,-3.4574,-2.6233,0.97892,0.25548,-2.5556,1.0371,0.26362,-0.041129
9.4788,-3.6344,-1.3383,0.5061,0.37509,0.17166,-0.91253,0.18192,-0.44892,8.9491,0.63104,3.291,-0.037908,0.12814,0.57025,0.93202,0.68475,-1.1301,8.1317,-3.9605,3.5512,0.36585,-0.037934,0.70371,-0.84561,0.89465,0.2309,-12.791,0.4715,-2.1169,0.35891,-0.14716,-1.8062,0.55207,-0.57025,0.42423,-15.655,4.797,-1.1967,1.0855,-0.27282,-3.6823,1.0298,0.38141,-0.072836
10.361,-2.2991,0.19926,0.61601,0.14881,0.42652,-0.90679,0.17665,-0.46093,9.4714,-0.75411,1.9536,0.28125,0.26966,0.093401,0.76387,0.47064,-0.98903,9.9156,-3.4253,2.1338,0.99301,-0.12474,1.1005,-0.8442,0.933,0.20414,-9.9975,-3.8662,-2.4988,0.27521,-0.12559,-1.7805,0.58548,-0.52843,0.43287,-16.77,1.4596,-2.39,-0.29324,-0.011715,-2.4239,1.0361,0.47935,-0.093173
8.6994,-0.39682,0.29604,1.0258,0.4625,0.24871,-0.89914,0.16571,-0.47801,8.4653,-1.2643,2.1833,1.0092,0.41167,-0.20107,0.5792,0.24128,-0.84575,10.714,-2.8282,1.4313,1.1381,0.40358,1.1268,-0.83586,0.97637,0.13925,-10.088,-2.6111,-3.1772,0.8034,-0.12983,-1.9162,0.62301,-0.47023,0.44645,-14.144,3.4671,-1.0402,-0.3061,0.10169,-2.664,1.0473,0.57868,-0.14745
7.0133,-0.46702,0.85736,0.86119,0.34602,0.042735,-0.88752,0.14781,-0.49706,6.6133,-0.090441,2.6247,1.9155,0.35506,-0.23195,0.42623,0.06817,-0.77228,8.9777,-1.8045,1.441,0.39399,0.75529,1.0141,-0.83367,1.0083,0.062509,-9.5086,-1.7556,-2.7313,0.96539,-0.12333,-2.0642,0.66053,-0.40113,0.46371,-11.17,3.7904,-1.3328,1.1427,0.03372,-3.0131,1.0296,0.67802,-0.25398
5.2685,-0.68229,0.75319,0.80216,-0.009269,-0.12016,-0.88783,0.12594,-0.50101,4.8772,1.6463,3.0109,2.1504,0.27796,-0.18189,0.30678,-0.1456,-0.64193,6.4731,-2.1227,1.7851,-0.20138,0.79763,1.1549,-0.81687,1.047,7.5e-05,-8.5022,0.20497,-2.4731,1.0085,-0.078867,-1.9417,0.70043,-0.32275,0.4682,-8.5568,2.4756,-0.56001,0.92797,0.1942,-2.7123,0.97441,0.74207,-0.37321
4.7745,-0.86567,1.2855,0.61557,-0.38014,-0.13618,-0.89194,0.10917,-0.49737,4.5275,3.6122,2.5948,1.4915,0.33121,-0.16531,0.28119,-0.2216,-0.63542,4.9287,-2.3331,1.5869,-0.18429,0.54964,1.3827,-0.77931,1.0817,-0.030892,-8.9663,0.32374,-2.6176,0.66649,-0.15908,-1.757,0.72534,-0.252,0.47067,-5.7261,2.1872,-0.91639,0.65729,0.50081,-2.0913,0.91806,0.76907,-0.43727
5.7566,-1.1778,1.3954,0.43617,-0.72878,-0.11021,-0.90066,0.098419,-0.48059,4.4564,1.0951,2.685,-0.25432,0.24465,-0.18731,0.31791,-0.17021,-0.73841,5.227,-2.7761,1.3839,0.38615,0.23151,1.3501,-0.72935,1.1101,-0.04893,-7.8796,-3.3906,-3.012,0.076874,-0.1968,-1.781,0.74306,-0.19043,0.47428,-4.7135,3.6811,-2.2102,-0.55016,0.47404,-1.6793,0.87045,0.80239,-0.43636
8.3022,-1.8066,1.6195,0.24243,-0.69632,-0.11037,-0.91278,0.096247,-0.45377,6.2292,0.20107,3.501,0.21273,-0.03225,0.026321,0.40424,-0.12398,-0.83491,6.9738,-2.4785,1.1314,0.91341,0.080599,0.89167,-0.65419,1.1276,-0.075448,-9.6951,0.18128,-1.5216,0.20071,-0.19688,-1.8578,0.76553,-0.12818,0.46194,-6.2919,0.18263,-1.5739,-0.73942,1.1367,-1.2946,0.8245,0.84607,-0.36957
10.257,-1.4663,1.5321,0.41503,-0.46789,-0.20394,-0.92184,0.093946,-0.43311,9.1816,1.4709,4.5335,0.51498,-0.14514,0.13065,0.51087,-0.072476,-1.0023,9.7733,-2.2543,0.94743,1.0312,-0.14186,0.13793,-0.59211,1.1202,-0.10117,-11.083,3.794,-2.2287,1.1661,0.10862,-0.87807,0.77434,-0.063674,0.45663,-6.1394,-3.7696,0.46513,0.17924,0.96231,-0.82122,0.7873,0.87166,-0.30177
12.241,-1.5675,0.62122,0.41739,-0.34119,-0.40588,-0.92934,0.081799,-0.40904,10.03,1.4017,4.3146,0.72233,-0.13938,-0.013325,0.6016,-0.028653,-1.2045,10.966,-1.9848,1.5843,0.77373,-0.25837,-0.60236,-0.53992,1.102,-0.11764,-11.482,-1.6491,-3.1763,0.030483,-0.29486,-1.0224,0.77927,-0.029349,0.44034,-7.0628,-8.721,-0.85632,0.93607,0.37672,-0.1625,0.76313,0.86845,-0.2473
13.702,-0.88772,1.8236,0.44204,-0.1199,-0.46041,-0.93076,0.065711,-0.39737,10.594,2.0181,4.1945,0.88898,-0.26954,-0.14148,0.59334,-0.007603,-1.4728,12.372,-2.0872,1.935,0.5122,-0.51003,-1.2201,-0.5435,1.0756,-0.12136,-13.188,-0.41802,-1.4261,0.3776,-0.16403,-0.90549,0.78723,0.006496,0.42738,-3.7065,1.0236,-1.9687,1.4022,-0.18596,0.50542,0.75748,0.83924,-0.24934
15.287,0.51986,2.3895,0.4371,0.41628,-0.63759,-0.92265,0.039087,-0.40408,11.49,2.4896,3.9396,1.0272,-0.44155,0.084313,0.50161,-0.032786,-1.7168,13.822,-2.0629,1.9101,0.33781,-0.71142,-1.6125,-0.59017,1.0423,-0.1184,-13.545,1.8043,-2.2911,1.0107,-0.079754,-0.22234,0.78679,0.035457,0.42755,-11.618,-17.083,-2.5098,-0.097538,1.7167,2.1198,0.78288,0.79763,-0.20458
12.731,0.19936,-1.2883,0.3204,0.39588,-0.55785,-0.9152,0.003579,-0.41799,12.932,3.6829,3.813,1.0767,-0.64092,0.58743,0.3519,-0.1368,-1.8159,13.881,-1.8581,1.2864,0.19394,-0.61082,-1.6875,-0.67022,1.0154,-0.10625,-14.525,5.3717,-4.3256,0.49147,-0.43694,1.1682,0.78883,0.028301,0.42037,-13.008,1.9611,-1.2791,-0.32887,0.26081,0.27985,0.80784,0.75576,-0.1931
12.812,1.608,-1.6815,0.28051,0.65879,-0.20697,-0.90454,-0.020094,-0.43268,13.227,4.736,4.1258,0.26035,-0.55829,0.81443,0.28423,-0.19641,-1.7882,12.715,-1.5329,1.9281,0.11522,-0.64481,-1.5139,-0.77624,0.98446,-0.091036,-12.924,7.1656,0.50686,-0.009115,-0.44327,2.1896,0.79329,-0.035141,0.4035,-10.175,2.6649,-1.2443,-1.2516,-0.13575,1.4314,0.82464,0.75757,-0.1501
10.627,2.9872,-1.2787,-0.055807,0.75547,-0.23262,-0.88748,-0.036936,-0.45916,10.388,3.9504,3.6773,-0.88245,-0.44744,0.35626,0.31872,-0.18801,-1.6973,10.141,-1.5457,2.6937,-0.001981,-0.36196,-1.0559,-0.8954,0.94865,-0.081027,-10.984,-6.3357,-4.7969,-1.6258,0.077166,2.9065,0.77718,-0.15109,0.39148,-13.945,-2.3485,-2.3973,0.15707,-0.11149,2.1309,0.88948,0.69281,-0.12809
10.006,1.6317,-0.12066,-0.70092,0.30218,-0.29088,-0.87813,-0.045889,-0.47742,10.562,3.238,2.6253,-1.8116,-0.29543,-0.30583,0.42908,-0.079903,-1.5774,9.4098,-1.1547,2.0768,-0.30013,-0.25109,-0.62691,-0.98801,0.90895,-0.080386,-18.198,-8.5495,-2.4033,0.52194,0.53539,2.3698,0.74143,-0.24808,0.40327,-10.959,0.26683,-2.3249,-0.37232,-0.16898,1.4285,0.91952,0.67137,-0.12752
9.1664,0.74012,0.37413,-0.86075,0.002661,-0.095617,-0.87627,-0.04282,-0.48364,10.698,1.9721,2.1853,-1.9923,0.023638,-0.63447,0.50874,0.04765,-1.4037,8.8537,-0.48513,1.3086,-0.71977,0.011444,-0.20124,-1.0526,0.87394,-0.084739,-11.627,-2.3415,-2.7432,0.70802,0.53565,2.4908,0.70233,-0.30865,0.43511,-10.129,0.3867,-3.5358,-0.24981,-0.17216,1.8728,0.93585,0.65682,-0.14449
7.3917,0.62776,0.53903,-0.56596,0.37674,0.048923,-0.87228,-0.03631,-0.4924,8.8711,1.0713,2.4883,-1.5047,0.19188,-0.76696,0.47264,0.1119,-1.1943,7.0274,-1.3311,1.5841,-1.1152,0.14729,0.018778,-1.0954,0.85464,-0.082234,-10.815,-5.7185,-1.5527,-1.1564,0.37387,2.4298,0.65107,-0.38425,0.45354,-9.6196,-0.13304,-2.9907,-0.52266,-0.074832,2.1778,0.96003,0.61531,-0.1289
5.7805,0.53553,0.89931,-0.75012,0.099662,0.24397,-0.8703,-0.02203,-0.5006,6.654,0.96967,2.5059,-0.77313,0.26862,-0.92058,0.40417,0.1419,-1.0456,5.0493,-1.8684,2.0794,-1.296,0.1164,0.05145,-1.1133,0.84387,-0.064812,-7.6025,-3.1308,-2.0913,-1.2838,0.66117,2.3624,0.59444,-0.46752,0.4602,-8.67,-1.4767,-2.4254,-0.99946,-0.060386,2.1968,0.9766,0.56217,-0.095305
4.9167,0.77175,0.99876,-0.66086,-0.001841,0.21892,-0.87587,0.005638,-0.49475,5.275,1.4477,1.9747,-0.58523,0.23627,-1.0345,0.32866,0.18975,-0.93231,3.9973,-2.4613,2.5261,-1.0425,-0.006615,0.052894,-1.1107,0.85027,-0.024741,-6.1207,-3.3898,-1.521,-1.6637,0.22422,2.1263,0.52829,-0.53986,0.4563,-8.1726,-1.5358,1.0195,-0.6367,0.38954,1.9754,0.98901,0.49857,-0.052824
5.0335,0.45785,1.4453,-0.62452,-0.3264,0.22221,-0.8833,0.030017,-0.48827,4.84,1.0169,1.8315,-0.89598,0.22695,-1.1229,0.27978,0.29722,-0.90757,4.2141,-2.2969,2.326,-0.61579,-0.050982,-0.040244,-1.0982,0.86397,0.026981,-5.8429,-2.5158,-2.1991,-1.6698,0.21319,1.589,0.48313,-0.6076,0.42993,-8.3021,-1.6247,-1.1794,-0.26847,-0.084837,1.8402,0.99666,0.43033,-0.032192
6.3608,0.74251,1.7109,-0.50841,-0.66621,0.17656,-0.89193,0.051106,-0.47635,6.6411,1.4906,2.0926,-0.73562,0.16733,-0.88936,0.23226,0.43236,-0.94644,6.5108,-1.9623,2.8537,-0.36703,-0.18949,-0.16322,-1.0749,0.8795,0.089559,-4.9401,-3.4601,-1.5422,-0.51206,0.22541,1.6596,0.44205,-0.66864,0.40678,-8.9386,-0.68272,-2.6594,-0.08044,0.078578,1.6764,1.0012,0.36584,-0.019746
9.1519,1.3734,1.378,-0.56269,-0.63469,0.18028,-0.90639,0.076587,-0.44928,8.8408,1.0097,2.2011,-0.83361,0.24588,-0.461,0.13219,0.60324,-0.9713,8.869,-1.8195,3.2146,-0.2619,-0.093759,-0.25585,-1.026,0.89918,0.15914,-5.8963,-0.55391,-1.4745,-0.55356,0.58302,1.1086,0.39922,-0.70193,0.39567,-10.108,-2.5229,-0.37556,-0.92736,0.0563,1.6518,1.0007,0.2991,0.001129
11.921,0.64007,1.342,-0.64407,-0.53027,0.26205,-0.91887,0.1053,-0.42557,9.8142,0.97365,2.6006,-0.49138,0.2293,0.10357,0.029822,0.73677,-0.98985,10.034,-2.2513,3.7141,-0.22855,-0.10395,-0.14781,-0.96365,0.91684,0.22342,-7.865,7.3668,-1.5677,-0.90546,0.29375,0.57084,0.36984,-0.72087,0.3816,-11.595,-3.9607,-1.6746,-1.0034,-0.03253,0.93218,0.99969,0.24769,0.028649
13.364,-0.068133,1.3857,-0.71072,-0.32119,0.42899,-0.93487,0.14028,-0.39904,12.217,0.73407,2.9399,-0.24135,0.12513,0.70601,-0.047165,0.85199,-1.0164,11.711,-2.5953,3.9411,0.043928,-0.17256,0.091261,-0.87849,0.94269,0.27779,-7.192,4.1239,-2.0909,-1.5327,-0.24858,-0.26755,0.36725,-0.72986,0.33244,-11.398,-2.7965,-1.6084,0.15861,-0.21132,0.92076,0.9951,0.21049,0.032404
14.449,-0.53821,1.8908,-0.36718,0.016937,0.533,-0.9388,0.17003,-0.39287,13.036,0.84865,3.2833,-0.014401,0.079085,1.1184,-0.037551,0.89841,-1.0517,12.647,-2.3463,3.3397,0.049986,-0.19461,0.23195,-0.80627,0.96535,0.30838,-4.3912,-3.9829,2.0486,1.0524,0.035025,-1.1017,0.39413,-0.71998,0.31605,-14.2,-3.6313,-0.5224,-0.50333,-0.40011,0.40507,0.99631,0.18059,0.025252
14.854,-0.91856,-0.16809,0.084465,0.40778,0.46893,-0.93679,0.19277,-0.40264,14.382,0.48643,2.9521,0.11519,-0.093871,1.3291,0.041803,0.88285,-1.0837,13.92,-2.6574,2.6676,-0.34594,-0.2652,0.10893,-0.76162,0.9796,0.3379,-23.883,-0.77554,-1.408,1.5525,0.39771,-0.91796,0.41913,-0.69644,0.3437,-15.389,-6.8458,-0.43162,-0.94251,-0.77857,-0.38081,0.99988,0.17668,0.005931
13.204,-0.98779,-1.7854,0.13979,0.55875,0.24376,-0.93312,0.20162,-0.42492,13.357,0.6107,3.3449,0.22195,-0.22729,1.3816,0.19472,0.77051,-1.0891,14.355,-3.6071,2.9524,-0.61888,-0.21343,-0.14737,-0.75709,0.98934,0.38781,-8.1075,-1.0381,-2.5839,1.5458,-0.041326,-0.95696,0.42494,-0.66062,0.39321,-13.481,-13.297,0.48722,-0.56929,-0.99178,-1.7359,1.0024,0.226,-0.023775
10.005,-2.9035,-1.7769,0.34734,0.66098,0.1447,-0.92524,0.1965,-0.45171,10.221,0.9961,3.935,0.068794,-0.079524,1.0684,0.32049,0.55141,-1.0213,10.749,-4.1485,3.5526,-0.41773,0.049785,0.030722,-0.79917,1.0019,0.43234,-11.477,-0.1598,-4.1683,0.86265,-0.32813,-1.8535,0.47043,-0.60959,0.41832,-9.6419,1.5579,-5.8554,2.0976,0.35955,-3.1107,1.0002,0.31528,-0.048366
9.0154,-3.5372,-0.65427,0.49087,0.25721,0.18852,-0.91577,0.18512,-0.47786,7.4345,0.68164,2.8763,0.11735,-0.01952,0.51116,0.35626,0.33168,-0.92144,8.737,-4.2244,2.8682,0.67031,-0.038879,0.57438,-0.84843,1.038,0.43962,-10.846,-0.55004,-3.5174,0.12531,-0.093238,-1.6967,0.52136,-0.54186,0.4463,-20.108,6.6447,-0.23591,-0.10179,-0.039819,-3.1721,0.97344,0.44578,-0.086414
9.6009,-1.8434,0.76402,0.6386,0.076345,0.096662,-0.913,0.1752,-0.48709,8.8588,-0.33305,2.1076,0.38071,0.023517,0.16874,0.28779,0.18018,-0.84791,11.134,-2.6758,0.64777,1.3942,0.12509,0.9341,-0.88152,1.0936,0.38699,-10.354,-2.8172,-2.5671,0.24215,-0.25044,-1.9188,0.56279,-0.49933,0.44724,-13.836,0.41603,-2.6944,-0.86799,-0.039269,-2.4881,0.96537,0.53437,-0.098354
8.5294,-1.2216,1.2077,0.69392,0.24198,0.050362,-0.90604,0.16066,-0.49708,8.1061,-0.40444,2.3457,1.1127,0.12052,0.075061,0.18607,0.050157,-0.78834,9.8897,-1.5713,0.25517,1.0487,0.6824,1.1201,-0.92538,1.1414,0.29821,-10.338,-2.8782,-2.3116,0.52748,-0.36194,-2.299,0.60369,-0.45861,0.43463,-13.812,4.3357,0.080915,0.36949,0.20239,-2.6308,0.94956,0.61947,-0.13226
6.3397,-1.0032,0.99846,0.80456,0.20215,-0.015199,-0.90021,0.14324,-0.50777,6.3377,0.64139,2.7331,1.7252,0.16524,0.071727,0.11151,-0.066537,-0.76013,7.5791,-1.5927,1.0274,0.11494,0.78708,1.2192,-0.95719,1.1757,0.20047,-8.8114,-0.51038,-2.0959,0.68125,-0.16735,-2.1896,0.64592,-0.38598,0.44282,-8.6181,2.1804,-1.5032,1.3815,0.11914,-2.6126,0.91097,0.69808,-0.22745
4.389,-0.66802,0.76945,0.82648,-0.051939,-0.13648,-0.89875,0.1228,-0.51166,4.3195,1.419,2.9114,1.7574,0.12618,-0.094376,0.065678,-0.15653,-0.75018,5.1967,-2.5101,2.0023,-0.40022,0.63659,1.3748,-0.95015,1.2136,0.13995,-8.4676,1.1908,-1.423,0.81271,-0.17453,-1.9695,0.67944,-0.3129,0.44901,-7.0519,1.7719,-0.013498,0.93927,0.20847,-2.3439,0.85746,0.75468,-0.3076
4.8648,-0.79876,1.0478,0.59481,-0.60048,-0.20183,-0.9098,0.1015,-0.49898,4.1606,2.0453,2.7747,1.1031,0.021779,-0.20775,0.052287,-0.19454,-0.78785,4.6743,-3.1745,1.6563,-0.064312,0.3359,1.3408,-0.89537,1.2637,0.087359,-8.3186,-0.63423,-2.506,0.57147,-0.16894,-1.7114,0.70952,-0.22918,0.46005,-5.8024,1.6891,-1.5018,0.25556,0.38237,-1.7645,0.8133,0.78186,-0.36245
6.5915,-1.2136,1.2821,0.31308,-0.74629,-0.15765,-0.92411,0.09324,-0.47002,5.624,1.5784,3.0051,0.10189,-0.04394,-0.21833,0.073569,-0.19894,-0.85196,6.0076,-3.1097,1.0813,0.79839,0.098132,1.0643,-0.80499,1.3013,0.057394,-8.5768,-3.2107,-3.6415,0.23963,-0.1808,-1.6944,0.72868,-0.17049,0.45379,-4.9773,2.4782,-1.8144,-0.88113,0.44943,-1.5103,0.77011,0.82305,-0.34551
9.6282,-1.8698,1.7784,0.26825,-0.71067,-0.26517,-0.93419,0.090127,-0.44817,7.7353,0.65195,3.9957,-0.30218,-0.1595,0.022955,0.099316,-0.18856,-0.93667,7.9512,-2.5096,0.83379,1.183,-0.023923,0.46988,-0.70922,1.3121,0.034149,-10.821,1.6504,-0.5629,0.60978,-0.23625,-1.6124,0.74736,-0.12109,0.43573,-6.5108,-0.93761,-1.3714,-1.0748,1.0682,-1.2099,0.72698,0.87194,-0.28127
11.445,-1.1324,0.85679,0.55282,-0.37464,-0.34632,-0.94238,0.081154,-0.42933,8.8729,0.071313,4.6951,-0.10376,-0.21899,0.3128,0.10262,-0.1454,-1.0791,10.043,-1.9061,0.97969,0.95699,-0.16142,-0.23744,-0.62865,1.2885,-0.000631,-11.258,1.1421,-3.1898,1.0269,0.12464,-0.88914,0.75536,-0.061848,0.43252,-6.1877,-5.6435,0.1903,-0.022741,0.93359,-0.70053,0.69751,0.89501,-0.21971
