10.482,-1.2785,-0.16294,-1.4363,-0.35103,0.34943,-0.81107,-0.33529,0.18792,10.277,3.6341,5.6693,-1.5957,-0.67508,0.53298,-0.64011,0.017454,0.49361,10.171,1.713,0.65058,-0.16513,0.23984,0.24902,-0.60288,-0.36887,-0.042117,-9.2599,-7.7978,1.522,0.83892,-0.55815,-0.75006,0.4957,0.07992,-0.42172,-11.832,3.8562,-5.9752,-0.085809,-0.19282,0.3809,0.40955,-0.31409,0.53372
8.8423,-1.2262,3.033,-0.88336,-0.31972,0.40021,-0.81816,-0.3341,0.16468,10.568,1.1172,3.7543,-0.55361,-0.021888,0.56932,-0.63622,0.010279,0.5021,8.6904,1.2213,0.1184,-0.5927,-0.24967,-0.4162,-0.60454,-0.37096,-0.045272,-8.9516,7.2201,-2.6147,-0.70213,-0.45844,-0.55955,0.49147,0.091167,-0.4337,-6.6359,-6.8299,-5.3485,1.671,-0.49912,0.97501,0.41595,-0.28811,0.54649
6.5437,-1.042,-1.3999,0.18342,-0.60212,0.2018,-0.81184,-0.32772,0.19877,6.0096,4.0416,1.7956,-0.72202,0.53762,0.41142,-0.64733,0.004558,0.49177,5.9566,-1.6154,0.16544,-2.2918,0.36019,-0.44884,-0.60367,-0.37236,-0.07824,-7.6729,4.5804,-1.4532,-1.0463,-0.3325,-0.15861,0.48478,0.11277,-0.44138,-8.1137,-1.2638,-1.5187,-0.1679,0.092115,0.72168,0.41365,-0.30144,0.54337
6.9946,0.82838,0.52561,-0.067677,0.097157,0.15853,-0.8143,-0.32033,0.19769,6.1899,2.8598,2.0246,-1.0713,0.57122,0.2703,-0.66218,-0.005676,0.47589,7.43,-3.622,-0.60122,-1.6777,0.26536,-0.39157,-0.59801,-0.37261,-0.1155,-7.1509,0.68037,-0.90579,-0.29618,0.21114,-0.10173,0.48754,0.12369,-0.43696,-8.1691,-3.5,-0.67402,-0.082074,-0.45941,0.64374,0.41611,-0.31702,0.53267
7.8452,0.88213,0.19668,-0.48617,-0.44267,0.18315,-0.81391,-0.31834,0.20023,7.865,2.7382,1.5677,-0.8404,0.68642,0.18658,-0.67817,-0.020481,0.45718,8.3238,-3.4862,-0.37489,-0.70774,0.19178,-0.23137,-0.59111,-0.37215,-0.13795,-7.4286,-3.0288,-0.12705,0.26497,0.10237,0.07773,0.49219,0.12604,-0.43322,-8.0217,-4.4538,-1.5556,0.21799,-0.080571,0.18149,0.4171,-0.3195,0.53314
9.9575,-0.36219,-0.3997,-1.0669,-0.19709,0.33374,-0.81629,-0.31806,0.19039,9.095,3.1338,0.95495,-0.31039,0.82513,0.008026,-0.69579,-0.020942,0.43243,9.0625,-2.5729,0.045812,0.057989,-0.19122,0.021595,-0.58464,-0.37865,-0.14394,-7.4516,4.5937,-2.6342,0.73035,-0.18435,-0.06751,0.49321,0.12282,-0.43291,-9.1232,-4.0335,-2.7683,0.1971,-0.052292,0.14692,0.4108,-0.31711,0.53764
10.88,-1.7893,0.80663,-0.92849,-0.34855,0.37481,-0.81927,-0.31647,0.18453,10.379,3.2268,0.25851,0.076141,0.77831,-0.28863,-0.70943,-0.026305,0.40877,10.124,-1.7956,-0.38681,-0.2338,-0.54232,0.12867,-0.58799,-0.37589,-0.13568,-12.214,3.9152,-2.7217,0.84416,-0.020154,0.078371,0.49076,0.10771,-0.43821,-9.6745,-2.6141,-2.0866,0.35192,0.055329,0.11761,0.40943,-0.31115,0.5417
10.527,-2.3427,0.94957,-0.61583,-0.15401,0.34335,-0.81752,-0.31238,0.18497,10.326,2.7605,-0.069588,0.13632,0.52097,-0.60535,-0.71807,-0.041376,0.39215,9.886,-2.5286,0.081969,-0.47415,-0.72018,0.1164,-0.5974,-0.36556,-0.12832,-9.4093,2.5619,-1.0357,0.1179,0.12382,0.082564,0.49027,0.087231,-0.4442,-9.8734,-1.0021,-1.3834,0.78532,0.045543,0.085763,0.41221,-0.30162,0.54715
9.6504,-1.9922,0.28121,-0.49966,-0.2031,0.24146,-0.82107,-0.30986,0.18335,7.8511,1.8318,0.51124,0.007713,0.17557,-0.92856,-0.72135,-0.062347,0.38033,9.6472,-2.4835,0.009111,-0.49348,-0.59112,0.009719,-0.59981,-0.36296,-0.12138,-9.0868,1.5518,0.49489,-0.53555,0.12276,0.034718,0.49363,0.093559,-0.44026,-9.7224,-0.60134,-0.82692,0.34653,-0.077211,0.12665,0.41085,-0.29018,0.55401
9.3984,-2.0173,-0.34009,-0.5411,-0.18163,0.23396,-0.82099,-0.30713,0.18253,8.4044,1.8478,1.1976,-0.37327,-0.27931,-0.75523,-0.71567,-0.088102,0.38034,9.8929,-2.2808,0.009308,-0.76359,-0.37477,0.025838,-0.60294,-0.35885,-0.12115,-9.923,0.86435,-0.90166,0.076037,-0.13305,-0.1225,0.49303,0.099165,-0.43952,-9.365,-1.5872,-1.3465,-0.35044,-0.15985,0.20366,0.41244,-0.2929,0.55174
9.5384,-2.6682,-0.88043,-0.48246,-0.043835,0.25804,-0.82312,-0.30312,0.17761,9.0202,1.5866,2.0313,-0.67214,-0.31128,-0.40783,-0.70789,-0.10578,0.38252,9.691,-2.7716,0.70423,-0.93158,-0.2294,0.11061,-0.60413,-0.35424,-0.12735,-9.7275,1.6637,-1.7689,0.30586,-0.069211,-0.13605,0.49192,0.10209,-0.4388,-9.5686,-2.0471,-2.0235,-0.25728,-0.11448,0.077203,0.412,-0.30215,0.54768
9.5955,-2.8639,-0.22473,-0.13625,-0.043588,0.1719,-0.8253,-0.29903,0.1743,8.5507,0.88658,2.8903,-0.60929,-0.43566,-0.13351,-0.6997,-0.11929,0.38826,9.6778,-3.4555,0.33454,-0.18571,-0.19292,0.11678,-0.607,-0.34716,-0.1297,-9.3645,2.4432,-1.3123,0.23669,-0.090358,-0.079555,0.49044,0.099302,-0.44226,-9.323,-2.9216,-2.186,-0.042095,-0.028717,-0.060312,0.41283,-0.30368,0.54431
9.3865,-2.9951,-0.33162,-0.19297,-0.15884,0.17685,-0.82551,-0.29629,0.17787,9.1663,1.3094,4.1476,-0.89186,-0.53844,-0.096857,-0.68918,-0.13434,0.39842,9.5011,-2.6385,0.17584,0.20413,-0.095926,0.14925,-0.61016,-0.34333,-0.12759,-9.3557,2.4111,-0.78691,0.10495,-0.026742,0.009137,0.48825,0.093404,-0.44444,-9.0352,-1.4766,-1.3854,0.054981,-0.017398,-0.043467,0.41904,-0.30463,0.54057
9.4701,-2.9932,-0.98751,-0.12558,0.036087,0.11862,-0.82732,-0.29476,0.17899,9.6349,0.58002,4.553,-1.0364,-0.4373,-0.071127,-0.67797,-0.15119,0.40426,9.6302,-2.4394,-0.17772,0.085546,-0.052274,0.18724,-0.6126,-0.33814,-0.12123,-9.5814,1.2854,-0.82023,0.012701,0.055284,-0.061113,0.48823,0.093168,-0.44496,-9.4397,-1.4222,-1.4444,-0.013525,0.038132,-0.038226,0.41769,-0.30438,0.54026
9.8695,-3.369,-0.43484,0.019898,0.13338,0.078332,-0.82864,-0.29172,0.17665,9.7986,-0.1934,4.5553,-0.32206,-0.12109,0.017073,-0.67252,-0.16182,0.4076,9.7746,-2.7409,-0.3072,0.091183,0.078949,0.1266,-0.61462,-0.33626,-0.12139,-9.8813,1.576,-0.66151,-0.037775,0.026423,-0.11948,0.48896,0.094888,-0.44336,-9.5451,-1.5698,-1.8276,-0.17178,-0.011787,-0.086964,0.41979,-0.30567,0.53982
9.7654,-3.2206,-0.28545,0.25679,0.20191,0.027292,-0.83126,-0.28683,0.17251,9.6502,0.39872,3.9544,0.45865,0.22163,0.097869,-0.67806,-0.15237,0.4048,9.9112,-2.7364,-0.50568,0.13082,0.12677,0.064958,-0.61273,-0.33559,-0.11868,-9.7455,1.3436,-0.561,-0.0346,-0.002734,-0.18503,0.48844,0.10382,-0.44262,-9.3877,-1.5559,-1.7203,-0.29316,-0.064759,-0.067191,0.41884,-0.30501,0.5378
9.6753,-3.2357,-0.03257,0.36405,0.25173,-0.016548,-0.83337,-0.28418,0.17054,9.2241,1.5698,3.4565,0.68493,0.40845,0.061505,-0.6849,-0.1417,0.39983,9.8189,-2.9937,-0.29724,0.27126,0.061023,0.00929,-0.61288,-0.33431,-0.11672,-9.9228,0.92338,-0.66914,-0.16533,-0.013125,-0.2999,0.48655,0.11012,-0.43946,-9.305,-1.4674,-1.5095,-0.18872,-0.035291,-0.045581,0.42179,-0.31096,0.53379
9.5413,-3.1315,0.10884,0.52146,0.35204,-0.078783,-0.83554,-0.28196,0.16978,8.7341,1.9674,2.9815,0.6348,0.43435,-0.015348,-0.69145,-0.13521,0.39211,9.6972,-2.9709,-0.47062,0.63991,-0.040996,-0.11859,-0.61482,-0.33543,-0.11291,-9.7977,1.3508,-0.53955,-0.27978,-0.094048,-0.36568,0.48571,0.11784,-0.44043,-9.4104,-1.7056,-1.6165,-0.14427,-0.009281,-0.054506,0.42428,-0.31663,0.52699
9.4975,-2.865,0.24453,0.60778,0.36499,-0.14346,-0.83786,-0.27985,0.16887,8.3945,2.0882,2.5814,0.84641,0.42672,-0.050086,-0.69864,-0.12552,0.3852,9.6623,-2.5948,-0.26255,0.89526,-0.077758,-0.2155,-0.61157,-0.34368,-0.097986,-9.6267,1.338,-0.89623,-0.34049,-0.079143,-0.42914,0.48236,0.13243,-0.43971,-9.2605,-1.7214,-1.5617,-0.21341,-0.028135,-0.085281,0.4238,-0.31844,0.52371
9.3569,-2.546,0.43206,0.74582,0.37909,-0.22997,-0.83947,-0.28008,0.16854,8.1101,2.5123,2.1368,1.0335,0.35892,-0.1009,-0.70325,-0.11485,0.38061,9.6619,-2.4444,-0.1576,0.90203,-0.053191,-0.28697,-0.6071,-0.35327,-0.08146,-9.451,1.7388,-1.5384,-0.37762,0.007967,-0.38614,0.47997,0.14789,-0.43868,-8.9998,-2.4988,-1.7611,-0.2833,-0.04351,-0.12058,0.42586,-0.32243,0.51871
9.2168,-2.1822,0.49305,0.72589,0.33909,-0.28454,-0.83988,-0.28104,0.16586,7.8956,2.8284,1.9499,0.97222,0.20898,-0.077182,-0.70812,-0.1002,0.37684,9.8318,-2.0324,-0.25509,0.71061,0.11952,-0.19224,-0.60518,-0.36457,-0.065643,-9.1145,2.7484,-2.328,-0.40408,0.095965,-0.18418,0.47927,0.16191,-0.43378,-8.7097,-3.4701,-2.095,-0.25618,0.00072,-0.23893,0.42582,-0.32305,0.51437
8.4651,-1.9539,0.50375,0.66602,0.28323,-0.3264,-0.83798,-0.28345,0.16889,7.2833,2.6985,1.7584,0.99172,0.097837,-0.037161,-0.71076,-0.089027,0.37778,9.2039,-2.7978,0.45771,0.48768,0.40569,0.037454,-0.60367,-0.36604,-0.065649,-8.319,4.436,-3.4092,-0.28821,0.36323,0.18856,0.48112,0.16813,-0.4264,-8.1866,-4.1895,-2.1553,-0.23808,0.10323,-0.4818,0.42885,-0.32183,0.51273
7.3715,-1.3831,0.74537,0.87217,0.091307,-0.48953,-0.83322,-0.28895,0.17579,6.3927,2.5727,1.7329,1.0495,0.012489,-0.063162,-0.70935,-0.075988,0.38228,8.1388,-2.9832,1.1929,0.87639,0.44796,0.12686,-0.60245,-0.36454,-0.066255,-7.685,7.409,-3.5498,-0.50157,0.53974,0.94921,0.48829,0.16359,-0.41717,-7.6461,-3.9388,-1.7436,-0.16367,0.1494,-0.76867,0.43175,-0.31999,0.50873
5.6379,-0.38672,1.4475,0.93706,-0.094384,-0.66202,-0.82319,-0.29621,0.1889,4.6173,2.0106,1.7097,1.0853,0.053031,-0.2219,-0.70671,-0.064189,0.38531,6.8393,-2.213,0.52171,1.6486,0.45872,0.23258,-0.60433,-0.36381,-0.053602,-6.2241,2.8807,1.0912,0.66167,0.49416,1.7759,0.49923,0.13626,-0.40823,-7.811,-4.2833,-1.2543,-0.090371,-0.03678,-1.0359,0.43863,-0.30708,0.50397
3.7733,0.49819,0.6408,1.0621,-0.29239,-0.88919,-0.80361,-0.31005,0.21405,3.8467,1.7186,0.95518,1.1347,0.025414,-0.33469,-0.70282,-0.055833,0.39183,5.3664,-1.4918,0.53818,2.0215,0.34306,0.15382,-0.60344,-0.36249,-0.033312,-5.9684,-3.4309,0.56296,1.0253,0.68705,1.7107,0.50806,0.085682,-0.39907,-6.0276,-3.9033,-1.2231,0.46529,0.13003,-1.3698,0.44853,-0.28553,0.5023
4.7568,-0.34104,-0.81202,0.41839,-0.49185,-0.70135,-0.78212,-0.32702,0.23502,5.2381,2.5227,0.59314,1.0241,-0.008238,-0.20735,-0.69268,-0.04335,0.39992,4.8627,-0.89831,1.3221,1.8846,0.28088,0.2868,-0.60379,-0.35803,-0.012548,-9.3004,-1.6181,-2.1019,0.73774,1.1268,0.88284,0.51607,0.046966,-0.37875,-7.2806,-1.5575,0.37561,0.92463,0.68347,-1.7476,0.45143,-0.24005,0.52132
9.0569,-0.79448,-1.6478,0.63018,0.017537,-0.48674,-0.76506,-0.33376,0.25041,8.5397,4.0982,1.0726,0.37239,-0.16188,0.23015,-0.68407,-0.030439,0.41075,6.2705,-1.2816,-0.009194,1.078,0.32757,0.22276,-0.60013,-0.35192,0.007873,-9.61,3.7095,-1.2586,-0.12775,0.71993,1.1626,0.51781,0.025935,-0.36412,-6.2613,0.089449,-2.0082,-0.028414,0.65692,-1.3742,0.44492,-0.20925,0.5353
13.241,-0.57762,0.57875,0.31859,0.14987,-0.17803,-0.75674,-0.34063,0.25398,11.994,4.7026,1.8353,0.17402,-0.28965,0.66929,-0.67207,-0.012576,0.42065,9.188,-2.1717,0.6715,0.90829,0.048894,-0.17824,-0.59065,-0.34917,0.019674,-10.643,3.7466,-2.1497,-0.43324,0.64662,0.78437,0.51689,0.016462,-0.3533,-12.793,0.36276,-3.0815,-0.85205,0.25989,-0.83647,0.43265,-0.20209,0.54031
19.258,-0.1765,3.0666,0.24625,-0.29778,0.006925,-0.75059,-0.33756,0.2622,17.894,6.2718,2.5445,-0.063429,-0.60228,0.90914,-0.65671,0.011718,0.43656,17.978,-4.1587,0.77328,0.91651,-0.13605,-0.93409,-0.57037,-0.36052,0.036559,-14.333,0.53267,-2.8956,-0.3978,0.45958,0.24865,0.51353,0.014289,-0.34535,-17.124,-4.2791,-3.0386,-0.4566,0.23612,-0.20411,0.42474,-0.21734,0.53479
23.117,0.00112,0.91105,0.070473,0.011937,-0.009869,-0.74508,-0.33616,0.27575,23.085,6.7017,4.6926,-1.24,-0.81747,0.79422,-0.63638,0.022282,0.45584,26.616,-4.6005,-1.7408,0.29957,-0.038992,-1.153,-0.54892,-0.38401,0.051593,-18.844,0.46163,-2.7386,-0.21546,0.036924,-0.32769,0.51145,0.023163,-0.34259,-18.203,-6.6469,0.51504,-0.58108,-0.30671,0.001232,0.42858,-0.22976,0.52368
23.695,-0.22933,1.8092,0.29708,0.58935,-0.042043,-0.75828,-0.3321,0.26787,23.063,2.6011,6.3505,-0.63033,-0.62894,0.17346,-0.62764,0.014904,0.47275,23.151,-1.3334,-2.2071,-1.3876,1.0298,-0.13417,-0.54215,-0.40062,0.023866,-19.848,0.65889,-0.63568,0.56903,-0.68218,-1.0154,0.51072,0.036698,-0.34867,-21.366,-2.4815,-0.86435,-0.33888,-0.56702,0.59167,0.43258,-0.25212,0.51288
19.951,-0.77755,1.919,0.81027,1.1611,-0.11897,-0.77651,-0.32658,0.25044,20.031,2.3211,6.1751,2.7556,0.25171,-0.21399,-0.63564,0.039107,0.46772,18.421,-1.1438,-0.027907,-2.4312,0.78095,1.4189,-0.57145,-0.38404,-0.03294,-20.569,0.20304,0.085609,0.35591,-1.365,-1.6653,0.50631,0.052777,-0.37008,-20.261,-2.1803,-5.1627,0.033418,-1.6925,1.3225,0.46191,-0.26029,0.4917
13.68,-0.13249,1.3907,0.75737,1.2022,0.1045,-0.79462,-0.32002,0.23768,14.098,4.6806,2.7959,3.3307,0.92673,-0.3831,-0.65767,0.079703,0.44029,11.728,-3.5863,2.3237,-1.3724,-0.14291,0.85792,-0.6026,-0.35703,-0.069104,-17.549,4.2757,-6.1304,-1.8095,-1.0895,-2.0222,0.50692,0.09192,-0.38778,-14.26,-8.045,-2.2982,-0.27142,-0.59133,1.6773,0.48323,-0.27603,0.47685
6.2248,-0.42378,2.1306,0.41915,0.3771,0.36223,-0.81196,-0.30549,0.21983,4.9251,3.4121,0.67305,1.509,1.0486,-0.55243,-0.69315,0.10315,0.39551,4.5051,-0.26693,2.2005,0.009795,-0.58114,-0.11638,-0.62408,-0.35086,-0.064871,-5.9113,8.4277,0.2511,-1.2777,-1.0406,-1.5093,0.50756,0.15536,-0.40227,-5.1589,-3.3224,-2.0869,-0.37625,-1.0371,0.88343,0.50914,-0.30096,0.45468
0.06739,0.3773,1.261,0.83733,-1.127,-0.05452,-0.80775,-0.29588,0.24928,-2.3866,-0.16704,1.0007,-0.18976,0.73355,-0.41471,-0.71751,0.094063,0.36408,-1.3,0.59599,1.7846,-0.3638,-0.52045,0.044274,-0.63809,-0.35324,-0.056757,0.8614,-2.1787,-1.8821,-0.088324,-0.18443,-0.941,0.51146,0.18602,-0.4096,-0.4578,3.0898,-0.66044,-1.1361,-0.92689,0.8276,0.53003,-0.32719,0.42671
-6.0427,0.86596,-1.2442,-0.24092,-0.87794,0.076285,-0.78846,-0.29724,0.29434,-2.4991,-1.2543,0.25626,-0.17733,0.48753,-0.1531,-0.73933,0.096749,0.33646,-2.3853,0.22201,0.88962,-0.35187,-0.21996,0.27774,-0.65687,-0.33614,-0.061209,2.95,4.4783,-1.0371,0.85869,-0.96798,-0.66358,0.50587,0.21051,-0.42991,3.3193,-3.7794,-2.3408,-1.5539,-0.95351,1.0061,0.54373,-0.37423,0.37623
-4.0692,-0.15207,-2.5787,-0.1435,0.50799,0.13804,-0.78134,-0.30396,0.28799,0.77517,-1.1967,-1.6821,0.56506,0.5059,0.21042,-0.74922,0.099686,0.32125,0.27904,-1.1778,-0.39519,0.2384,0.095206,-0.001143,-0.65879,-0.33469,-0.056966,0.073523,2.2633,-3.1407,0.77118,-0.19856,0.13459,0.50157,0.19648,-0.44628,-0.18644,-3.5667,-2.9672,-0.2431,0.15894,0.42575,0.53925,-0.40144,0.35708
2.6287,-0.38488,-2.2609,0.41166,0.053575,0.17152,-0.78038,-0.29929,0.29106,1.1724,0.1832,-1.7706,0.6152,0.42571,0.11913,-0.75162,0.098045,0.31481,0.015867,-1.4787,0.22705,0.1931,0.31892,-0.19868,-0.64965,-0.34754,-0.054757,0.44613,0.15916,-1.7805,0.049539,0.36199,0.057774,0.50063,0.18021,-0.44524,-0.16968,-4.115,0.027216,0.76542,0.2463,0.22854,0.53166,-0.40119,0.3654
1.4194,0.151,-0.44617,0.33101,-0.17426,0.30735,-0.78842,-0.28145,0.30063,0.23998,0.72386,-0.76773,0.10906,0.073452,-0.17741,-0.75168,0.10155,0.30957,-0.14071,-1.4671,0.93347,0.11602,0.035778,0.16799,-0.64174,-0.34795,-0.057095,-0.5095,1.1873,0.74264,-0.45958,0.3827,0.24531,0.49844,0.18251,-0.43411,0.25373,-1.7865,0.055588,0.60958,0.36163,0.030426,0.51478,-0.3955,0.38479
4.8741,-0.79363,-0.87376,-0.23203,-0.081302,0.34843,-0.79094,-0.27429,0.30355,3.9589,1.8653,-0.27555,-0.21334,-0.39892,-0.071527,-0.74262,0.096135,0.32077,3.5745,-2.6251,1.1566,0.66954,-0.4411,0.35229,-0.63506,-0.33929,-0.046231,-7.1615,3.3726,-2.6796,-0.55775,0.58159,0.62927,0.48978,0.18377,-0.42041,-4.4425,-4.18,-3.4516,0.64212,0.81233,-0.36245,0.49141,-0.38379,0.41058
16.241,-2.5692,-2.06,0.31842,1.4282,0.1914,-0.80985,-0.2575,0.26854,19.012,6.2481,-0.063566,-0.99666,-0.81293,0.85358,-0.72295,0.12229,0.3449,20.577,-5.4101,-1.7155,2.0612,-0.7475,-0.4803,-0.62301,-0.34059,-0.010772,-18.325,-0.5067,-0.23617,-1.1593,1.6071,0.63785,0.5018,0.18342,-0.38144,-25.524,-9.5194,-5.6599,1.7634,1.9225,-1.798,0.45673,-0.34628,0.4669
24.633,-4.2108,10.079,0.9293,-0.75478,0.29967,-0.82568,-0.24661,0.2465,14.228,5.8395,3.7595,-1.6299,-0.20149,0.55806,-0.71039,0.12248,0.35981,19.893,-3.8997,-0.033441,2.3258,-0.52524,-0.37982,-0.60528,-0.35737,0.032929,-30.69,6.7055,-11.416,-2.5553,1.4448,0.82502,0.52101,0.19859,-0.3359,-11.512,5.9088,-3.8128,-0.2,1.4002,-1.4047,0.44861,-0.31229,0.48841
18.422,-2.4276,2.6651,-0.43948,-0.39859,0.19503,-0.80956,-0.24151,0.28205,21.422,3.8742,6.8323,-1.6894,-1.0619,0.27671,-0.68705,0.10081,0.39795,21.159,-2.5804,-1.3012,1.5752,-0.46705,0.22404,-0.5964,-0.35815,0.080229,-13.992,-13.505,9.536,1.9964,0.004319,0.4022,0.51815,0.16809,-0.35334,-27.482,-5.8423,0.88933,-0.11537,0.25462,-0.45513,0.42737,-0.30329,0.50604
14.943,-1.5024,0.56326,0.12339,0.069583,0.06842,-0.81111,-0.23677,0.28809,13.636,2.8528,6.6827,-0.7002,-0.72221,0.060805,-0.67494,0.080092,0.42214,15.433,-1.0934,1.7791,-0.016459,-0.053051,0.49884,-0.60438,-0.34816,0.091181,-13.77,-8.2077,-5.2006,-0.53061,-0.31317,-0.48399,0.51662,0.17821,-0.35004,-11.826,1.5579,4.2067,-0.93329,-0.9818,0.023353,0.46468,-0.33439,0.45431
10.533,0.073135,2.6067,0.38903,0.50342,-0.17322,-0.81864,-0.2326,0.27923,10.256,0.90282,3.4841,1.8205,0.37226,0.10895,-0.68089,0.095649,0.41778,12.318,-0.4029,0.64171,-0.47004,0.092312,0.094219,-0.61238,-0.34194,0.091596,-10.991,4.4666,-2.4876,-1.4312,-0.53264,-1.1871,0.51346,0.20876,-0.34542,-11.267,-0.67551,-2.9987,0.3028,-0.2229,0.83102,0.46803,-0.34048,0.45216
6.7763,-0.3694,2.247,0.22833,0.16949,-0.21892,-0.82329,-0.23352,0.27679,5.9565,3.163,2.0051,1.9446,0.72958,0.023996,-0.69536,0.13402,0.38874,7.4395,-1.6104,1.2073,-0.98596,0.31121,-0.066397,-0.62208,-0.33819,0.073215,-7.6366,-1.3838,0.84233,-0.030828,-0.53412,-0.96579,0.50021,0.22701,-0.36712,-8.5447,-3.424,-2.4895,0.72955,-0.14469,0.93521,0.46187,-0.34479,0.461
4.7508,-0.74048,0.91619,-0.19661,-0.32638,-0.047106,-0.81963,-0.23796,0.27789,5.3873,4.2533,1.1633,0.73694,0.60116,-0.094756,-0.70886,0.14752,0.36383,4.6393,-2.9106,1.6227,-0.13763,0.24237,-0.088564,-0.62542,-0.34061,0.056461,-7.2351,1.5603,0.23198,0.56779,-0.62288,-0.64727,0.48847,0.23644,-0.38232,-4.9619,-2.5781,-1.3958,-0.091866,-0.31901,0.63233,0.46265,-0.35351,0.4575
5.4876,-1.5422,-0.15776,-0.32163,-0.27222,0.066482,-0.81565,-0.24147,0.28261,6.4784,3.9077,1.4139,-0.38859,0.45253,-0.095018,-0.71973,0.14902,0.34937,5.8739,-2.1118,0.94783,0.64548,-0.12753,-0.14098,-0.62414,-0.34519,0.059411,-8.6305,3.8824,-0.42881,0.49288,-0.50752,-0.39979,0.4823,0.2481,-0.38433,-5.6184,-1.0212,-1.4101,0.36237,0.24992,0.4028,0.45928,-0.35854,0.46118
8.5767,-1.9697,0.51942,-0.3225,0.34687,0.11339,-0.81781,-0.24298,0.27707,7.9657,3.427,1.5083,-0.57833,0.18788,-0.10356,-0.72405,0.13778,0.34417,8.5531,-2.3271,-0.18133,0.44469,-0.002829,-0.17817,-0.62248,-0.34664,0.070179,-9.5047,2.9137,-2.7637,0.45238,-0.23235,-0.10344,0.47505,0.24288,-0.3959,-8.7687,-3.0348,-2.4026,0.23513,0.19013,0.25948,0.44672,-0.35758,0.47196
11.449,-1.7943,2.788,-0.22114,-0.25333,-0.04673,-0.81915,-0.2454,0.2717,9.6529,3.5657,1.8619,-0.46042,-0.1811,-0.077725,-0.7254,0.12657,0.34818,11.286,-2.8977,-1.0321,-0.03689,0.18306,-0.35778,-0.61803,-0.35427,0.068744,-10.403,0.76273,-2.1717,-0.041239,-0.044685,-0.09902,0.47405,0.24053,-0.39777,-11.08,-5.2022,-3.2767,-0.46916,-0.045751,0.035536,0.44321,-0.3644,0.47144
12.155,-1.1439,1.7307,-0.13511,-0.72986,-0.17859,-0.80886,-0.25221,0.29242,9.4163,3.5503,2.033,-0.45082,-0.37683,-0.21582,-0.7215,0.10815,0.36218,11.613,-3.2404,-0.43689,-0.66763,0.21303,-0.32218,-0.61122,-0.36025,0.062002,-10.105,0.082262,-0.56685,-0.3015,-0.26624,-0.060066,0.47072,0.23568,-0.40705,-10.292,-1.6022,0.10051,0.32885,0.12089,-0.001946,0.44175,-0.36401,0.46968
10.282,-0.7826,0.34608,-0.14679,-0.3054,-0.29376,-0.8019,-0.26214,0.30544,8.3941,2.7713,1.7121,-0.57985,-0.4825,-0.26719,-0.71688,0.092262,0.37786,9.4287,-3.1485,0.43299,-0.66636,-0.024737,-0.12016,-0.60969,-0.36893,0.047302,-9.4842,0.11314,-0.18677,-0.16218,-0.23857,-0.13398,0.46716,0.24126,-0.41141,-9.7359,-0.50715,0.21744,0.71771,-0.01484,0.31066,0.43857,-0.35317,0.48229
8.7636,-0.36247,0.21794,0.036394,0.18359,-0.40702,-0.79563,-0.27282,0.30296,8.5488,1.983,1.2987,-0.32871,-0.39842,-0.22266,-0.71006,0.084226,0.39014,8.8235,-2.7771,0.77674,-0.20394,-0.2176,0.21191,-0.61246,-0.36991,0.039551,-9.1889,1.7683,-1.1655,0.47849,-0.11276,-0.075419,0.46523,0.24899,-0.40878,-9.7985,-1.0153,-1.787,-0.062318,-0.18026,0.5955,0.4371,-0.35517,0.48531
9.1891,-0.033846,0.55157,-0.07791,0.16773,-0.39426,-0.79322,-0.28455,0.29793,8.5928,2.7352,1.1688,0.063027,-0.27393,-0.086405,-0.70535,0.0787,0.39981,9.1722,-1.9695,1.5821,0.49067,-0.36851,0.35033,-0.61709,-0.36378,0.049907,-9.8878,2.182,-2.1178,0.64144,0.030063,0.13831,0.46596,0.23721,-0.41538,-9.2973,-1.5486,-1.6231,-0.25282,-0.36601,0.62528,0.43419,-0.37239,0.47855
9.8191,-0.38265,1.3001,-0.36286,-0.087769,-0.36884,-0.78772,-0.29869,0.29077,8.935,3.3252,1.4749,-0.1321,-0.33613,0.041286,-0.69901,0.078473,0.40947,10.226,-0.31332,2.4641,0.50509,-0.021111,0.083006,-0.62088,-0.35963,0.061865,-9.7047,1.6779,-1.5584,0.68257,0.11808,0.33826,0.46963,0.22119,-0.42235,-8.7974,-2.4531,-2.0878,0.17681,-0.25451,0.52709,0.43163,-0.38127,0.47455
9.894,-0.4562,1.0167,-0.38881,-0.21041,-0.36562,-0.78083,-0.31456,0.28969,9.1371,3.338,1.8359,-0.42311,-0.48891,0.012683,-0.6926,0.068194,0.42346,10.66,-0.39767,2.2619,-0.36068,0.27307,-0.21225,-0.6261,-0.35762,0.060288,-9.6442,1.8107,-0.95711,0.76963,0.12508,0.45485,0.47283,0.19437,-0.43129,-9.3833,-3.2283,-1.9787,0.32971,-0.046627,0.13587,0.43073,-0.38063,0.47909
9.6262,-0.45327,0.82073,-0.24399,-0.049233,-0.36068,-0.77299,-0.32922,0.28649,9.4771,3.1545,1.6621,-0.52129,-0.54854,-0.06149,-0.6815,0.057861,0.44055,9.7766,-1.8942,1.2819,-0.25872,0.42379,-0.37823,-0.62138,-0.3654,0.046728,-9.403,2.8017,-0.98335,0.61225,0.2502,0.49649,0.48028,0.17168,-0.43559,-9.4181,-1.8398,-1.6917,0.11113,-0.008689,0.015428,0.42955,-0.37831,0.48151
9.5405,0.21519,0.55585,0.039727,-0.14571,-0.31611,-0.76616,-0.34024,0.29204,9.5951,2.8904,1.6276,-0.52339,-0.44848,-0.14098,-0.67327,0.051894,0.45301,8.8211,-1.5245,0.94072,-0.3154,0.36971,-0.39276,-0.6161,-0.37602,0.032026,-9.4382,2.4264,-0.93864,0.13361,0.37412,0.61019,0.48748,0.15994,-0.42843,-9.6784,-0.95856,-1.2679,0.11568,0.028922,0.011233,0.42864,-0.37624,0.48382
9.7751,0.85156,0.26334,0.20596,-0.01548,-0.27628,-0.76016,-0.34725,0.29713,9.5562,2.5929,1.4851,-0.2546,-0.28072,-0.22061,-0.6674,0.041629,0.4618,8.423,-2.231,0.68049,-0.37122,0.2697,-0.31019,-0.61221,-0.38583,0.019483,-9.806,0.16489,-0.31334,-0.35418,0.32912,0.57236,0.49548,0.14997,-0.42111,-9.8137,-1.0465,-1.5618,0.067541,0.074373,0.0488,0.4287,-0.37484,0.48854
10.175,0.93258,1.4382,0.032135,0.14043,-0.12752,-0.75893,-0.34895,0.29772,10.201,3.0076,1.4496,-0.10628,-0.094456,-0.2429,-0.66488,0.030702,0.46576,8.6815,-2.4462,0.81529,-0.29412,0.000265,-0.26821,-0.60924,-0.39076,0.011136,-9.9715,-0.71635,0.43457,-0.39902,0.27456,0.33977,0.5036,0.14796,-0.41472,-9.5893,-1.1967,-1.648,0.015883,0.022289,0.055718,0.42606,-0.37487,0.48859
10.391,0.65044,1.162,0.037085,0.14482,0.011085,-0.76028,-0.34886,0.29473,10.22,3.1894,1.453,-0.080906,-0.004028,-0.20792,-0.66021,0.01641,0.47067,9.2127,-2.5269,0.97143,-0.39329,-0.10018,-0.17212,-0.60603,-0.39639,0.007578,-9.988,-0.53529,0.16394,0.011903,0.069655,0.067505,0.50368,0.14347,-0.41104,-9.8136,-1.0168,-1.5168,0.032099,0.029575,0.055823,0.42354,-0.37504,0.49022
9.7055,0.61267,0.86557,0.11175,0.26412,0.078076,-0.76515,-0.34691,0.29079,9.8995,3.0059,1.3044,0.013987,0.063508,-0.1444,-0.6627,0.011916,0.46933,9.0462,-2.4937,1.824,-0.37623,-0.093203,-0.18717,-0.60325,-0.39992,0.002813,-9.6951,0.29366,-0.51382,0.3023,-0.10704,-0.14006,0.503,0.14183,-0.41473,-9.6564,-1.0774,-1.4994,-0.090515,-0.001727,0.039566,0.42173,-0.3778,0.49022
8.7387,0.74138,0.25477,0.17008,0.3645,0.13962,-0.76893,-0.34222,0.28501,9.3991,3.0364,1.0439,0.090043,0.016268,-0.070677,-0.66457,0.013799,0.46609,9.7621,-2.2694,1.9434,-0.29218,-0.13452,-0.11275,-0.59976,-0.40145,3e-05,-9.7472,1.6959,-0.50889,-0.010579,-0.03797,-0.19402,0.50097,0.14448,-0.41653,-9.6197,-1.3304,-1.8356,-0.061394,0.03598,0.037022,0.42206,-0.37975,0.48895
9.0048,0.75779,1.182,-0.18168,0.066183,0.28641,-0.77756,-0.3361,0.28049,9.4866,3.7353,1.3829,-0.28886,-0.082036,0.15345,-0.66527,0.015039,0.4677,9.5768,-2.3466,2.1693,0.21112,0.08602,-0.049957,-0.59891,-0.40392,-0.000608,-9.4433,2.1249,-0.57828,-0.33444,-0.074667,-0.18893,0.49991,0.15152,-0.41633,-9.5674,-1.6757,-1.4248,0.026828,0.018468,0.043015,0.42063,-0.37937,0.48942
10.649,0.43184,1.5878,-0.1093,0.097039,0.31756,-0.78291,-0.32857,0.2801,9.5523,3.0973,1.4655,-0.37575,0.072158,0.39767,-0.66527,0.013239,0.46748,9.2714,-3.1848,2.0008,1.2653,-0.014973,-0.18689,-0.59508,-0.40906,0.010877,-9.4474,1.0414,-1.5375,-0.38512,-0.09577,-0.16376,0.49693,0.16123,-0.41506,-9.3651,-1.7068,-1.3244,0.14166,0.15578,-0.008898,0.41991,-0.37875,0.49228
10.268,0.027956,1.4629,-0.088921,0.21568,0.36535,-0.79185,-0.31619,0.27246,8.9996,2.7659,1.3269,0.15517,0.27525,0.4707,-0.67012,0.022811,0.4607,8.7233,-1.6809,1.6779,1.866,-0.31494,0.10551,-0.59335,-0.40943,0.042901,-9.6444,1.4915,-1.7671,-0.00899,0.004265,-0.03853,0.49361,0.16671,-0.41692,-9.5379,-1.7567,-1.7981,0.19737,0.2529,-0.094239,0.41386,-0.3761,0.49679
9.4172,-0.12855,1.5524,-0.20519,0.12461,0.34453,-0.79752,-0.30594,0.26629,7.9023,3.04,1.3166,0.38533,0.28792,0.36202,-0.67593,0.039915,0.45179,9.2885,-0.98683,0.39325,1.3272,-0.21727,0.18924,-0.59529,-0.40143,0.076879,-9.1365,3.0151,-1.5484,0.31635,0.012478,0.023623,0.4932,0.16293,-0.41837,-9.0224,-2.348,-2.1346,0.049173,0.21303,-0.21465,0.41048,-0.3716,0.50187
8.4341,-0.34779,0.91683,-0.26104,0.087522,0.25054,-0.80173,-0.30104,0.26236,7.7996,3.2043,1.4528,0.02697,0.16835,0.28431,-0.67847,0.052331,0.44535,8.733,-0.94975,0.24483,0.31616,0.34876,0.37809,-0.5994,-0.39393,0.090102,-8.3112,3.6938,-1.6676,0.48274,0.054241,0.21904,0.49242,0.15584,-0.41996,-8.3579,-3.5005,-2.4103,-0.026972,0.25732,-0.43783,0.40954,-0.36614,0.5045
7.4793,-0.52541,0.93828,-0.26652,0.034721,0.20232,-0.80364,-0.29829,0.25653,6.6733,3.4708,1.5103,-0.23511,0.078199,0.070647,-0.68082,0.054319,0.44285,7.7346,-1.5821,0.89592,-0.080541,0.75269,0.46378,-0.6052,-0.38378,0.074494,-7.4497,4.4195,-2.2063,0.44768,0.2389,0.53896,0.4971,0.13799,-0.41944,-6.9237,-5.7176,-2.6311,-0.080515,0.23706,-0.87526,0.4129,-0.35619,0.50706
6.3903,-0.98161,0.49434,-0.24565,-0.11206,0.26303,-0.80652,-0.2943,0.25252,5.6867,2.8714,1.6473,-0.56556,0.035722,-0.25433,-0.68118,0.043327,0.44381,5.9935,-1.062,1.4008,-0.1176,0.57834,0.5327,-0.61127,-0.37307,0.055852,-8.1778,3.8895,-1.7102,0.10473,0.42827,0.87374,0.50054,0.12181,-0.41532,-5.7317,-5.5314,-1.9083,0.80229,0.4028,-1.5914,0.42095,-0.33054,0.5133
5.8732,-1.3131,1.0553,-0.27714,-0.28916,0.20443,-0.80417,-0.28864,0.2519,4.6115,2.0576,1.5033,-0.4209,0.099854,-0.54892,-0.67948,0.022727,0.44299,5.3588,-0.43991,1.5368,0.32575,0.25785,0.5077,-0.61668,-0.35784,0.045628,-7.3306,2.2689,-0.73106,0.35916,0.47868,0.9991,0.50475,0.095946,-0.40905,-5.5806,-1.7846,0.9207,-0.17365,0.56473,-1.722,0.42577,-0.29502,0.52413
6.8694,-1.1511,-0.70428,0.29778,-0.15535,-0.006012,-0.79865,-0.28751,0.26065,5.0043,1.8006,1.0064,-0.13046,0.09501,-0.67581,-0.67521,3.2e-05,0.4439,6.731,-0.67027,1.5665,0.38361,0.29022,0.21498,-0.61508,-0.34875,0.044952,-6.125,3.0022,-0.99274,0.10935,0.75492,1.1829,0.50935,0.073008,-0.39911,-8.6692,2.3084,-1.2121,-0.53377,0.41587,-1.4025,0.42405,-0.28305,0.52807
8.3321,-0.36516,-0.098697,0.10909,0.41832,-0.15171,-0.7933,-0.28815,0.25859,6.8533,2.7442,1.3574,0.063309,0.079478,-0.45117,-0.6709,-0.014013,0.44453,7.6148,-0.17899,1.3464,0.22693,0.19144,-0.094215,-0.60579,-0.34732,0.047766,-8.8741,0.93699,0.66489,0.01223,0.62088,1.224,0.51313,0.053615,-0.38452,-10.399,-1.2209,-2.1847,-0.4142,0.20417,-1.0668,0.42393,-0.27166,0.52667
13.734,-1.0249,2.1612,-0.13914,0.26337,-0.21369,-0.78727,-0.29575,0.25167,11.53,4.6033,1.8077,-0.22832,-0.022793,0.012369,-0.66247,-0.017756,0.44674,11.972,-1.2958,2.493,0.046663,0.13061,-0.30894,-0.59235,-0.35219,0.045838,-14.155,-1.4295,-1.5844,0.20571,0.37354,0.53894,0.51015,0.040253,-0.37496,-11.852,-1.5143,-1.7917,-0.53238,0.051296,-0.65083,0.42362,-0.27294,0.52221
21.165,-1.6393,3.7952,-0.54549,-0.40237,-0.097494,-0.77587,-0.30793,0.2506,21.051,5.9379,2.3291,-0.744,-0.15977,0.39298,-0.6543,-0.019965,0.45395,22.176,-2.5626,0.63066,-0.66907,-0.004333,-0.61106,-0.57873,-0.36323,0.042342,-17.229,0.03469,-3.1333,0.45371,-0.041061,0.096964,0.50381,0.032415,-0.37511,-18.423,-3.0671,-1.6245,0.027061,0.23866,-0.090782,0.4163,-0.27503,0.52216
22.763,-1.2428,3.3324,-0.10925,0.042278,-0.15703,-0.7758,-0.31606,0.25654,23.107,5.0139,1.832,-0.027842,-0.25502,0.056,-0.64957,-0.016251,0.45609,23.549,-2.4156,1.4141,-2.0398,0.058474,-0.52645,-0.5671,-0.37859,0.014077,-20.197,3.2804,-0.15035,0.38769,-0.37853,-0.37215,0.50066,0.02778,-0.37995,-19.489,-2.9198,-3.8832,0.54152,-0.095665,0.53749,0.41555,-0.28428,0.51757
19.459,-0.67803,2.1024,-0.038079,0.74948,-0.24425,-0.78223,-0.31893,0.24563,19.233,3.5247,4.0275,-0.15228,-0.43916,-0.64902,-0.64828,-0.028181,0.4587,18.801,-2.0342,2.399,-2.7532,0.073801,-0.1223,-0.57432,-0.38182,-0.025263,-19.084,1.2057,-1.5438,-0.16056,-0.70892,-0.98299,0.49974,0.038342,-0.38851,-19.373,-0.52927,-4.084,0.04648,-0.56295,1.269,0.41929,-0.28985,0.51528
14.347,-0.70311,1.9591,-0.18197,1.0054,-0.11656,-0.79505,-0.32283,0.22208,14.106,4.2139,4.9907,1.1772,-0.35098,-0.73051,-0.64461,-0.03422,0.46341,14.386,-4.4481,1.5967,-2.5139,0.46066,-0.29314,-0.58378,-0.3782,-0.071547,-15.206,5.2126,-1.9429,-0.64154,-0.9258,-1.0024,0.50069,0.060656,-0.4008,-16.798,-2.035,-4.1716,0.036067,-0.74518,1.9496,0.42367,-0.30361,0.50949
8.4711,-0.23809,1.2013,-0.1136,0.40786,0.00041,-0.80822,-0.32314,0.19955,7.3826,4.1113,4.3414,1.4475,-0.019754,-0.24044,-0.65207,-0.02017,0.46184,7.4306,-3.4116,1.0894,-1.1084,0.69368,-0.35914,-0.59065,-0.37935,-0.11368,-9.9976,3.1492,-2.1661,0.23231,-0.68116,-0.82829,0.50702,0.079968,-0.41335,-8.8057,-8.9621,0.82293,0.88806,-1.0169,1.7778,0.43703,-0.31844,0.50175
2.5633,-0.13634,0.57527,0.2011,-0.09233,0.013319,-0.81431,-0.32065,0.19516,2.1474,3.3772,1.9195,-0.53743,0.060928,-0.10113,-0.66292,-0.018318,0.45746,1.2133,-1.4975,1.7931,-1.2601,0.46704,-0.022222,-0.59652,-0.37754,-0.14583,-3.3363,-2.0245,-1.4864,0.18215,-0.4696,-0.82012,0.51344,0.086969,-0.42835,-1.4227,-4.2489,-2.5357,0.23332,-0.53807,0.33457,0.45818,-0.32222,0.49406
-1.55,0.11775,0.86654,0.40173,-1.0767,0.041151,-0.80976,-0.31955,0.21561,-1.4663,0.077511,0.55058,-2.1003,0.23891,-0.19424,-0.67352,-0.053553,0.44654,-2.3921,-1.7995,1.619,-1.1387,-0.1848,0.28024,-0.61139,-0.3593,-0.17741,1.8764,3.7499,-1.8232,-0.20564,-0.50846,-0.71619,0.5143,0.10722,-0.44025,0.43726,1.7491,-2.8019,-0.73697,-0.022262,-0.13916,0.47227,-0.33427,0.48235
-4.1379,0.56648,-0.56767,-0.15366,-1.0107,-0.21282,-0.78553,-0.32663,0.25597,-1.7298,-1.8177,-0.56298,-0.58045,0.43372,-0.33588,-0.68212,-0.086549,0.42987,-2.5297,-1.0212,1.2929,-0.24519,-0.25263,0.17695,-0.61755,-0.35002,-0.18037,1.1649,2.4443,-2.3612,-0.08793,-0.078482,-0.26167,0.51048,0.11708,-0.44593,2.1696,-2.4731,-0.5414,-0.94522,-0.2482,0.22832,0.47902,-0.35791,0.4607
-0.82647,0.45598,-1.819,-0.39997,-0.71682,0.16796,-0.7637,-0.33117,0.28367,0.45114,0.15453,-0.36563,1.0478,0.46424,-0.41784,-0.68836,-0.090996,0.42133,0.045415,-1.778,0.46985,0.53002,-0.4352,-0.13451,-0.61712,-0.353,-0.16661,0.33637,-0.66861,0.58909,-0.13588,0.25311,-0.11512,0.51001,0.11966,-0.44322,-0.80622,-0.71312,2.1397,0.58102,-0.072656,0.26413,0.47639,-0.3539,0.46345
3.546,0.32678,-4.2338,0.39302,-0.028385,0.011355,-0.75478,-0.33248,0.29123,0.88909,2.1227,-0.28105,1.2494,0.40932,-0.53059,-0.68995,-0.082121,0.4172,1.7695,-2.1814,2.4369,0.97228,-0.43051,-0.059399,-0.60835,-0.35918,-0.14671,-0.86595,-0.02143,-1.0864,0.20933,0.2408,-0.23685,0.50236,0.12287,-0.43744,-0.82073,-3.4076,-0.60938,1.2659,0.16046,0.047908,0.4632,-0.34031,0.48057
9.9349,-1.63,-5.6828,-0.75007,1.4744,-0.091927,-0.76397,-0.33205,0.25844,8.5732,4.7625,0.089196,0.10245,-0.2862,0.29758,-0.68144,-0.076284,0.42273,12.86,-3.9832,1.2232,2.2423,-1.2085,-0.14399,-0.60184,-0.37071,-0.096722,-12.367,7.462,-6.3299,0.2357,0.60926,0.36387,0.48837,0.11762,-0.43234,-17.885,-8.994,-8.0544,1.639,1.4852,-0.35602,0.43088,-0.3158,0.51269
25.245,-1.1783,6.321,-2.4441,2.1529,0.40201,-0.80405,-0.33315,0.17243,24.284,7.1273,-0.017494,-0.87267,-0.44557,1.1001,-0.66499,-0.053421,0.43937,20.418,-3.0758,-0.56545,1.9929,-0.66719,-0.20009,-0.59166,-0.38375,-0.038491,-16.119,1.2776,-1.5818,0.18403,0.24364,0.91984,0.49749,0.10498,-0.40889,-16.07,2.3903,-1.9346,0.99411,1.0048,-0.54697,0.38949,-0.26957,0.56547
21.791,-0.076113,0.65429,1.3478,-1.4144,-0.076924,-0.79695,-0.32651,0.21109,19.82,5.6311,1.63,-1.5714,-0.39169,0.75574,-0.66237,-0.048027,0.44084,20.434,-1.4908,0.88388,0.83464,-0.25847,0.26498,-0.5894,-0.38643,-0.008378,-20.307,4.1106,5.6912,0.34744,0.055512,0.61078,0.5046,0.10051,-0.39444,-20.447,0.96041,-1.6015,-1.3657,-0.48506,-0.19996,0.38123,-0.27893,0.56459
14.197,-1.1602,1.7013,-0.42962,0.65552,0.014981,-0.80353,-0.3268,0.20496,13.687,2.6269,5.7828,-1.7532,-0.53254,-0.04693,-0.65393,-0.071869,0.44692,14.305,-0.41987,2.9678,-0.62958,-0.017722,0.78585,-0.59946,-0.37334,-0.00388,-15.735,-13.894,4.1445,1.3472,-0.50809,-0.69939,0.50619,0.075824,-0.40489,-13.995,5.2981,1.1338,-2.0663,-1.1477,0.31618,0.40685,-0.3082,0.53036
9.3791,-1.6418,2.1391,-0.4681,0.91799,0.27507,-0.81824,-0.3268,0.17103,9.2653,1.7502,4.7213,-0.51868,-0.39042,-0.49296,-0.64575,-0.099114,0.45472,9.2078,-0.52945,2.6333,-1.3509,-0.4739,0.25451,-0.61064,-0.36263,-0.016775,-8.9161,3.024,0.12158,-0.64989,-0.98444,-1.321,0.49485,0.092435,-0.4244,-8.5917,-0.48493,-1.4499,0.44757,-0.37938,0.94875,0.41322,-0.33206,0.51387
5.1553,-1.9583,0.83674,0.31463,0.21665,0.078019,-0.82527,-0.3207,0.15657,6.1341,0.91158,3.2888,0.75368,0.27969,-0.62506,-0.64599,-0.10952,0.45322,6.2136,-1.327,1.0371,-0.69848,0.24512,0.18342,-0.61755,-0.35468,-0.02712,-5.9028,2.9842,-1.8586,-2.2111,-0.26126,-1.2228,0.48577,0.14627,-0.42482,-5.9482,-0.34434,-2.4657,0.97907,0.15579,1.3767,0.40441,-0.33043,0.5274
3.2614,-0.44743,1.0187,0.68081,0.17077,-0.060035,-0.81593,-0.32119,0.17215,3.4102,1.4139,1.7919,1.1602,0.51571,-0.62226,-0.65753,-0.11323,0.44477,4.5313,-2.1002,0.97618,0.43989,0.52231,-0.078437,-0.62519,-0.34648,-0.046898,-7.1648,2.3115,-0.01502,-1.2051,-0.28808,-0.89993,0.47405,0.19224,-0.42587,-6.1218,-2.2333,-0.35214,-0.064372,-0.71584,1.0155,0.41054,-0.37053,0.49935
6.6615,-0.2068,0.71033,0.23823,0.096264,-0.018037,-0.81656,-0.3196,0.18039,6.4528,2.8478,1.0176,0.57044,0.41225,-0.31848,-0.66189,-0.11084,0.43634,6.761,-2.4253,1.3041,0.28351,0.49539,-0.15315,-0.62324,-0.34855,-0.053125,-9.9121,1.7186,-0.72981,-0.71011,-0.14802,-0.36955,0.46779,0.21672,-0.42204,-9.7043,-6.8711,-2.2928,0.25531,-0.18739,0.007871,0.41402,-0.37426,0.4957
11.827,-0.71463,2.492,0.17605,0.16291,0.1208,-0.82771,-0.3123,0.16603,12.186,4.4893,1.33,0.04917,0.42055,0.29707,-0.66825,-0.10329,0.43236,13.459,-3.158,-0.17564,0.56437,0.29746,-0.62742,-0.61193,-0.36322,-0.045245,-10.431,0.37995,-2.1268,-0.18,0.013431,-0.37312,0.4673,0.23685,-0.4097,-10.381,-3.9304,-2.8117,0.004671,0.16205,-0.39873,0.4031,-0.3466,0.52107
12.378,-0.41769,3.0875,0.22853,-0.91105,0.11464,-0.82749,-0.30785,0.18281,10.084,5.0225,2.384,0.2824,0.55046,0.40673,-0.68072,-0.091393,0.41904,10.876,-3.2448,1.2194,0.34238,-0.09508,-0.74759,-0.60057,-0.38042,-0.041296,-9.3495,1.9232,-2.4819,0.31804,-0.32559,-0.13959,0.46257,0.23936,-0.41358,-9.2151,-1.0619,-2.2539,-0.86896,0.19598,-0.53447,0.40523,-0.34916,0.51723
9.9802,-0.75635,1.8062,0.16296,-0.72962,0.040496,-0.82235,-0.30101,0.21472,7.701,2.9719,2.36,0.45354,0.36013,-0.03476,-0.68826,-0.082815,0.41019,8.6383,-3.2296,1.7157,0.74648,-0.25641,-0.18639,-0.59359,-0.39174,-0.0296,-8.84,2.0113,-1.5564,0.16846,-0.22853,0.27584,0.45997,0.23308,-0.42257,-9.8708,0.40153,-1.1704,-0.82373,-0.16811,-0.51686,0.41374,-0.36006,0.50163
7.9287,-0.29002,0.45082,0.14404,0.057003,-0.073518,-0.81249,-0.30241,0.23006,8.1101,2.5976,1.5613,0.36891,0.017643,-0.026109,-0.69033,-0.081025,0.40565,9.3343,-2.7571,1.6643,1.4544,-0.2166,0.2528,-0.59648,-0.39328,-0.00454,-9.6671,0.87675,-0.033722,0.0003,0.13479,0.26588,0.4632,0.21469,-0.42761,-9.4537,-1.5913,-0.070541,0.23158,-0.005118,-0.17838,0.43002,-0.36499,0.48484
9.1035,-0.47283,1.2046,0.036544,-0.045778,-0.07581,-0.81065,-0.30434,0.22948,8.865,3.3561,1.1149,0.24086,-0.066403,0.21303,-0.69183,-0.072081,0.40825,9.9516,-1.5404,1.1415,1.5505,0.24928,0.27006,-0.60117,-0.38687,0.017073,-10.172,0.24472,-0.020664,0.11368,0.20081,0.13388,0.46667,0.21008,-0.42508,-10.143,-1.3626,-0.47003,0.69059,0.1834,-0.03685,0.42943,-0.35371,0.49502
10.53,-0.71936,2.5716,-0.15448,-0.20201,-0.11533,-0.81227,-0.30746,0.22637,8.6616,3.1552,1.5502,0.1985,-0.049365,0.55576,-0.69274,-0.05771,0.41065,10.144,-0.3003,0.97126,-0.020205,0.55069,0.47748,-0.60916,-0.37604,0.020238,-9.7266,0.30388,-1.1972,0.12992,0.076387,0.08707,0.46997,0.21318,-0.42049,-9.6275,-1.6522,-1.6499,0.54597,0.15571,-0.002545,0.41852,-0.33305,0.51393
10.205,-0.54304,1.7347,-0.19888,-0.40086,-0.10548,-0.8046,-0.31144,0.2379,8.6185,3.7581,2.1991,0.022999,-0.15804,0.8466,-0.69062,-0.036674,0.41529,9.5077,-1.3732,1.2492,-0.69548,0.50569,0.35622,-0.61606,-0.36759,-0.002264,-9.7416,0.40794,-0.98755,0.13785,-0.073253,0.072822,0.47014,0.20911,-0.421,-9.4253,-1.3597,-2.2582,-0.00798,-0.010309,-0.04401,0.41878,-0.32838,0.51833
9.697,-0.95989,1.3999,-0.2603,-0.17249,-0.066498,-0.80041,-0.31698,0.24157,8.7655,3.8448,2.3073,-0.1218,-0.24534,0.94695,-0.68963,-0.013354,0.42099,8.4601,-1.5579,1.5544,-0.27364,0.29325,0.080394,-0.61959,-0.36216,-0.017748,-9.9071,0.8776,-0.4662,0.19419,-0.039756,0.088188,0.46927,0.20362,-0.42429,-9.4556,-1.8998,-1.5729,-0.11146,-0.096503,-0.031624,0.41992,-0.33031,0.5155
9.4297,-0.98571,0.97992,-0.070314,-0.036743,-0.057751,-0.79684,-0.32163,0.24094,8.8193,3.6371,2.1463,-0.13618,-0.27363,0.93978,-0.68609,0.010766,0.43096,8.5297,-1.2388,2.1122,-0.36235,0.121,-0.11079,-0.62183,-0.36008,-0.037452,-9.5062,1.2846,-0.57113,0.2165,0.057705,0.048344,0.46982,0.19528,-0.42725,-9.515,-1.939,-0.94654,0.00927,-0.012269,-0.008709,0.4248,-0.33351,0.51308
9.6988,-0.73643,1.088,0.018265,-0.08145,-0.079285,-0.79365,-0.32198,0.24347,8.5447,3.7223,2.0819,-0.09011,-0.28039,0.78461,-0.68023,0.031893,0.43787,8.6141,-2.1667,2.0954,-0.46769,0.082379,-0.26649,-0.61761,-0.36272,-0.048429,-9.6996,1.0151,-0.86733,0.11481,0.050834,-0.010894,0.47219,0.19284,-0.42752,-9.4702,-1.8109,-1.3339,0.16,0.066341,0.082768,0.42314,-0.33079,0.5143
10.089,-0.35308,0.77267,0.06348,0.03944,-0.13625,-0.79269,-0.32458,0.24393,8.6618,3.9403,2.1273,-0.20074,-0.28778,0.72863,-0.67468,0.048746,0.44536,8.992,-2.3047,2.1573,-0.18313,-0.21686,-0.45745,-0.61182,-0.37095,-0.045521,-9.857,1.1269,-0.85561,0.073723,-0.030946,-0.092619,0.47086,0.1952,-0.42877,-9.6797,-1.5552,-1.531,0.2214,0.081053,0.086415,0.41849,-0.32747,0.51818
10.028,-0.21437,1.4073,-0.14946,0.061315,-0.096477,-0.79261,-0.32821,0.24036,8.8159,4.4338,1.8486,-0.047017,-0.18168,0.64087,-0.66824,0.063937,0.45255,8.6402,-2.0175,2.7093,-0.17461,-0.59491,-0.59078,-0.6037,-0.38329,-0.03862,-9.5813,1.2703,-0.80521,0.094308,-0.10155,-0.14868,0.46917,0.19577,-0.42963,-9.5593,-1.3174,-1.349,-0.078616,-0.043855,0.082639,0.41847,-0.32839,0.51951
9.88,-0.35176,0.86062,-0.17626,0.15329,-0.053181,-0.79338,-0.33259,0.23569,10.003,4.8588,2.164,-0.48142,-0.17638,0.34598,-0.66178,0.071039,0.45846,9.0593,-1.6148,1.804,-0.36657,-0.84787,-0.39175,-0.59682,-0.39438,-0.023932,-9.5651,0.95599,-0.95459,0.11175,-0.076104,-0.20681,0.46542,0.19926,-0.43282,-9.6938,-1.0925,-1.3955,-0.47114,-0.10166,0.1303,0.41736,-0.33633,0.51382
9.8706,-0.64897,1.1048,-0.12768,0.29499,-0.024539,-0.79425,-0.33447,0.22926,9.3969,3.7916,2.2575,-0.58005,-0.072094,-0.35003,-0.65956,0.058591,0.4614,9.4549,-2.5461,2.7406,-0.14943,-0.67322,-0.16857,-0.59125,-0.40126,-0.012935,-9.6722,1.2722,-1.3622,0.22008,0.003908,-0.19208,0.46404,0.19651,-0.43405,-9.4495,-2.5109,-1.9704,-0.47284,-0.11459,0.20071,0.41506,-0.34818,0.50553
9.6827,-0.85592,1.3632,-0.0596,0.35045,0.002663,-0.79765,-0.33524,0.22033,9.5661,2.8192,2.293,-0.65687,-0.079188,-0.96843,-0.65798,0.029637,0.46409,10.187,-2.4429,1.4346,-0.10045,-0.71427,-0.36089,-0.58491,-0.40912,0.003638,-9.3188,2.1595,-1.5812,0.33268,0.14809,0.031459,0.4626,0.19255,-0.43699,-8.7397,-3.5299,-2.0583,-0.10611,0.043342,0.15355,0.41406,-0.35796,0.50094
9.0363,-0.44313,1.3236,0.035842,0.23213,-0.004047,-0.79832,-0.33387,0.21269,9.4777,2.537,2.0068,-0.10983,0.089309,-1.4309,-0.65696,-0.003462,0.46268,9.5285,-1.9798,0.99604,-0.39931,-0.2424,-0.17847,-0.57939,-0.41429,0.011077,-9.1116,2.565,-1.5024,0.23325,0.33051,0.32223,0.46579,0.18593,-0.43551,-8.8515,-3.2606,-1.9997,0.2154,0.24401,-0.08555,0.41167,-0.36009,0.50209
8.6427,-0.23918,1.128,0.18002,0.030233,-0.072335,-0.7994,-0.33379,0.20984,8.8612,2.9312,1.7351,0.1566,0.1827,-1.6203,-0.65664,-0.040327,0.45743,9.1828,-2.3724,1.5013,-0.28323,0.09683,0.13133,-0.57988,-0.41513,0.006444,-9.0797,2.0711,-1.7263,0.043961,0.48316,0.58788,0.47252,0.17639,-0.42891,-8.7824,-2.3804,-1.7422,0.23213,0.37094,-0.3661,0.40561,-0.35156,0.50754
8.5318,-0.14862,0.93379,-0.048288,0.05404,-0.011664,-0.79896,-0.33381,0.21066,8.3787,3.0646,1.7328,0.078861,0.16204,-1.5567,-0.65472,-0.079384,0.45257,8.5569,-2.6318,1.6601,0.092706,0.28017,0.23174,-0.58222,-0.40906,-0.000233,-9.6315,2.0376,-1.4148,-0.067701,0.4177,0.80804,0.48153,0.16346,-0.42153,-9.2295,-1.1694,-1.3879,0.29219,0.31533,-0.56002,0.40257,-0.33963,0.51499
8.7042,-0.045409,0.71195,-0.16821,-0.036782,-0.028755,-0.79842,-0.33562,0.21069,7.7658,3.2496,1.6083,-0.26844,-0.019272,-1.3077,-0.64825,-0.12369,0.44728,8.3593,-2.5044,1.5766,0.50246,0.26397,0.34783,-0.58599,-0.40333,-0.005471,-8.9251,1.4234,-0.92724,-0.39899,0.41169,0.91727,0.49116,0.14844,-0.41308,-9.1895,0.068898,-0.95057,-0.18167,0.16837,-0.73447,0.40284,-0.32516,0.52132
8.7778,-0.13578,0.93574,-0.36016,-0.026457,-0.032694,-0.79537,-0.33982,0.20791,7.5453,3.581,1.764,-0.69838,-0.085415,-0.94259,-0.63887,-0.15876,0.44482,8.6431,-1.6679,1.471,0.60625,0.25609,0.53974,-0.5895,-0.39281,-0.00044,-9.5511,2.6652,-0.7611,-0.50195,0.51606,0.98357,0.5,0.1377,-0.40245,-8.1224,-2.146,-1.2971,-0.50605,0.094783,-0.8431,0.40892,-0.32051,0.51853
7.5087,-0.54105,1.0876,-0.28817,-0.071152,0.0386,-0.7943,-0.34344,0.2029,6.9804,2.751,1.9317,-0.8959,-0.055348,-0.63957,-0.63072,-0.18488,0.44032,8.0116,-1.1951,0.93983,0.31211,0.5421,0.6379,-0.59551,-0.3792,-0.000132,-8.4263,0.99882,0.65132,-0.33279,0.3025,1.2818,0.5057,0.12772,-0.39419,-7.3467,-4.0619,-1.3116,-0.43977,0.038013,-1.08,0.41798,-0.32047,0.5088
6.7178,-0.81559,0.93062,-0.15141,-0.22048,0.090404,-0.79111,-0.34436,0.20277,6.333,2.0248,1.7252,-0.78609,-0.060513,-0.48778,-0.62215,-0.21012,0.43647,6.9859,-1.2678,1.0062,0.041116,0.67584,0.74708,-0.60174,-0.36468,-0.011879,-7.6409,-1.2424,-0.69596,0.4275,0.38365,1.0383,0.51036,0.10598,-0.38896,-6.8217,-3.7061,-1.227,-0.096386,0.2365,-1.333,0.42567,-0.30392,0.50848
6.7777,-1.0731,0.36985,-0.033784,-0.21813,0.13977,-0.78718,-0.34071,0.2093,6.1598,1.5361,1.5323,-0.5497,0.054065,-0.38251,-0.61488,-0.23017,0.43103,6.3742,-1.1529,0.95829,0.57172,0.61288,0.59284,-0.60527,-0.35003,-0.022241,-7.632,-1.3489,-0.31303,0.68778,0.41489,0.8409,0.51235,0.079426,-0.38384,-7.1158,-0.60553,-0.97712,-0.48274,0.54918,-1.4005,0.42869,-0.29085,0.51242
9.6264,-0.83534,0.027429,0.23145,0.17451,-0.040031,-0.78256,-0.33997,0.21361,7.9759,2.1591,1.9789,-0.16049,0.23649,-0.1238,-0.61032,-0.24478,0.42444,8.2453,-0.99205,0.79315,0.82893,0.28955,0.34485,-0.60528,-0.33818,-0.022326,-8.4763,1.164,-1.2481,0.96168,0.29503,0.48057,0.51067,0.050612,-0.38202,-10.516,0.1845,-2.3323,-0.32347,0.24892,-0.82436,0.42535,-0.28306,0.51507
17.1,-1.3788,2.3933,0.14037,0.46767,-0.1336,-0.78101,-0.33996,0.2078,14.206,3.003,1.7925,0.062256,0.30656,0.67354,-0.61185,-0.23581,0.42147,17.16,-2.3505,1.9885,0.90789,-0.24733,-0.24907,-0.59874,-0.3383,-0.009218,-15.544,-3.5211,0.50573,0.82993,-0.2931,0.14139,0.50048,0.035135,-0.38507,-14.897,-2.8856,-2.9076,0.23832,0.13288,-0.35228,0.42194,-0.28437,0.51156
28.54,-1.7473,4.9098,-0.06001,0.39559,-0.11772,-0.77894,-0.34619,0.20392,28.682,4.7272,0.34847,1.737,0.52347,1.2434,-0.62433,-0.20397,0.42343,29.743,-4.6062,0.57064,0.22904,-0.74425,-0.83835,-0.58792,-0.35308,0.014041,-24.194,4.2262,-11.366,-1.197,-0.3719,-1.0228,0.48804,0.04432,-0.39038,-21.975,2.1877,-4.4777,-0.058407,-0.15578,0.82532,0.41677,-0.28731,0.51263
23.781,0.07387,3.6322,0.092321,0.90261,-0.37096,-0.78784,-0.349,0.19159,21.927,6.6923,2.7073,3.8767,0.23829,1.2927,-0.64448,-0.11877,0.42929,24.442,0.44105,-0.36029,-1.5458,-0.14475,0.001515,-0.59245,-0.36012,0.013632,-22.059,2.7307,4.0144,0.95907,-0.96313,-1.1614,0.496,0.075864,-0.39217,-26.363,-5.6485,-4.9614,1.5368,-0.077498,1.4085,0.40979,-0.28471,0.52238
17.507,0.19754,3.8242,0.2507,0.66895,-0.3585,-0.7937,-0.35825,0.16861,17.119,9.8722,5.9584,3.2812,-0.23373,1.871,-0.65592,-0.017742,0.4387,16.594,-3.6536,-0.67204,-2.8208,0.75233,0.55217,-0.61862,-0.34667,-0.038419,-19.48,-3.0857,-1.562,-0.80371,-1.2309,-2.515,0.49512,0.11147,-0.40719,-18.264,-3.3169,1.0534,0.57682,-0.52128,1.7497,0.41628,-0.28923,0.52359
8.1912,-0.62499,2.189,0.050396,0.34799,-0.11948,-0.80443,-0.36561,0.14422,6.2828,10.226,2.7587,0.89358,0.0971,1.8799,-0.67216,0.077944,0.43501,4.0294,-4.7539,3.4742,-1.0944,0.2957,-0.24537,-0.63204,-0.3468,-0.081168,-7.9907,10.985,-1.7142,-0.9762,-1.3622,-1.6284,0.48489,0.17799,-0.42468,-8.125,-5.0008,1.2052,-0.056932,-0.79272,1.4827,0.44209,-0.31106,0.50597
-0.48922,0.55463,0.63869,0.74679,-0.50422,-0.16319,-0.79953,-0.37009,0.1662,-1.4773,6.7491,1.1302,-2.132,-0.59113,0.95049,-0.67458,0.094911,0.44103,-1.6135,-1.9275,3.0388,-0.57785,-0.55886,-0.83781,-0.63754,-0.35964,-0.090977,-0.96247,-1.3067,-0.49419,0.73075,-0.68632,-1.0712,0.48486,0.20347,-0.44276,0.76589,0.90699,-1.8558,-1.0056,-0.65824,0.41163,0.46749,-0.33013,0.48684
-6.0357,-0.67642,-0.88111,-1.0288,-1.1726,0.15396,-0.78796,-0.37054,0.19373,-2.2292,5.1148,-0.76768,-6.1877,-1.5714,0.22867,-0.66053,0.032036,0.46985,-0.49841,-0.34848,0.94282,-0.79845,-0.38947,0.017702,-0.64729,-0.35742,-0.095546,3.1463,5.8024,-3.6456,1.6221,-0.9645,-0.26188,0.47946,0.19487,-0.46729,0.59139,-1.3843,-0.042208,-2.0175,-1.6254,0.36895,0.49042,-0.36099,0.45177
-3.2226,-0.33271,-1.7081,0.2932,0.074648,-0.039039,-0.77812,-0.38078,0.19326,-0.6797,-0.90651,-0.51107,-4.3359,-1.0827,-0.40874,-0.63693,-0.078187,0.49244,-0.71198,-0.087144,-0.54653,-0.99795,0.088581,0.19685,-0.65467,-0.34879,-0.10769,0.24097,0.2686,-3.0452,1.0532,0.01242,0.45333,0.47639,0.16584,-0.48278,0.29641,-2.0636,-1.939,-0.28324,-0.080722,0.11646,0.50389,-0.38439,0.42035
2.6137,-0.37023,-2.1863,-0.029897,-0.67349,0.059137,-0.77509,-0.37676,0.21043,-0.11146,-2.2518,-0.088451,-0.80057,-0.08566,-0.36861,-0.62294,-0.13138,0.49329,-1.6502,-2.0223,0.6611,-0.83913,0.53758,-0.083369,-0.65367,-0.34344,-0.13283,-0.37456,0.49388,-0.24395,0.038287,0.32004,-0.070189,0.48113,0.15424,-0.48096,0.86208,-4.759,-0.91329,1.1948,0.1364,0.045405,0.49871,-0.3733,0.43276
