9.5779,-0.73856,1.598,-0.13054,-0.010221,0.046735,-0.79496,-0.29521,0.23656,8.932,2.9564,1.9119,-0.35689,-0.26569,-0.022453,-0.67027,0.011742,0.40639,10.302,-1.5506,1.006,0.53152,0.30705,0.077471,-0.60375,-0.39403,0.071561,-9.5828,2.0465,-1.6878,0.056715,0.25298,0.11108,0.43793,0.25748,-0.47892,-9.3903,-1.6493,-1.7937,0.039167,0.17082,-0.060863,0.44717,-0.45063,0.39299
9.5433,-0.33701,1.287,-0.10763,-0.005819,-0.011625,-0.79351,-0.29657,0.23369,9.4224,2.6459,1.9378,-0.26333,-0.22694,-0.034534,-0.66526,0.004331,0.41405,10.109,-1.5015,1.2711,0.30994,0.53149,0.24454,-0.60776,-0.38984,0.066725,-9.5219,1.8441,-1.6414,-0.1173,0.50072,0.45247,0.44892,0.25205,-0.47132,-9.6813,-1.1563,-1.4013,-0.062157,0.19134,-0.18156,0.44678,-0.45091,0.39483
9.2095,-0.15522,0.95742,0.088271,-0.2257,-0.12446,-0.79184,-0.29991,0.23752,8.907,2.5432,2.1213,-0.14233,-0.21409,-0.14671,-0.66188,-0.000735,0.42054,9.7637,-1.7182,1.1914,0.25797,0.56081,0.29918,-0.61471,-0.38316,0.055653,-9.7599,0.64648,-0.63947,0.15546,0.44171,0.7422,0.46496,0.24115,-0.46687,-9.8149,-0.87468,-0.58106,-0.067229,0.18325,-0.22496,0.44784,-0.44842,0.39535
9.9216,-0.59284,1.5195,-0.3123,-0.24739,-0.099288,-0.78703,-0.30222,0.24521,9.1341,2.8024,2.1628,-0.2719,-0.26667,-0.12184,-0.6581,-0.003942,0.42534,10.142,-1.6651,0.39921,0.17983,0.61598,0.2437,-0.62216,-0.37584,0.047169,-10.451,-2.5989,-0.004581,0.25908,0.29215,0.5729,0.47636,0.22864,-0.46198,-10.526,-0.49886,-0.29324,0.11804,0.20293,-0.18156,0.45024,-0.44489,0.39984
10.115,-0.85211,1.1239,-0.12193,-0.19641,-0.069161,-0.78359,-0.30804,0.24953,9.8297,2.6131,2.1783,-0.25934,-0.14813,-0.021626,-0.6547,-0.01088,0.42954,9.2874,-1.0065,1.0691,0.043461,0.49313,0.27577,-0.62835,-0.37045,0.033792,-10.053,-1.6397,0.42284,0.48271,0.037979,0.38438,0.48383,0.21057,-0.46354,-10.289,1.8813,0.18034,0.18069,0.094748,-0.043339,0.44908,-0.43907,0.40669
9.9831,-0.60507,0.744,0.055465,-0.19366,-0.027915,-0.7816,-0.30947,0.2543,9.1785,2.5458,2.0865,-0.020747,-0.053768,0.00702,-0.65299,-0.011977,0.43224,8.0121,-2.2155,1.7945,-0.015622,-0.23689,0.082954,-0.63063,-0.36506,0.031016,-9.489,-0.97652,0.19336,0.40563,-0.055663,0.11294,0.48768,0.19902,-0.46792,-10.2,1.3822,-0.3275,-0.22776,-0.1623,0.2137,0.44979,-0.44297,0.40481
10.088,-0.44291,0.73839,-0.13791,-0.083431,0.00237,-0.77835,-0.30972,0.25777,9.5604,2.4587,2.0374,-0.048441,-0.099051,0.069303,-0.6506,-0.012955,0.4355,9.1271,-1.4288,1.3674,0.19963,-0.44146,-0.21534,-0.62961,-0.36674,0.041392,-10.536,-0.82964,-0.052928,-0.11304,-0.056423,-0.15442,0.48624,0.19214,-0.47203,-10.047,-0.205,-1.6589,-0.10145,-0.17732,0.37426,0.44713,-0.44898,0.39995
10.086,-0.63802,1.3713,-0.15753,-0.008732,0.002959,-0.77929,-0.31222,0.25508,9.5001,2.9341,1.9833,0.047511,-0.026388,0.10274,-0.65057,-0.010659,0.43649,9.9587,-1.7703,1.2491,-0.33194,-0.35085,-0.39484,-0.6229,-0.37571,0.05001,-10.14,-0.78386,0.13505,-0.3177,-0.21316,-0.36729,0.48216,0.20201,-0.47382,-9.6669,-1.5298,-1.432,0.3137,-0.14166,0.38332,0.44151,-0.45375,0.39999
10.051,-0.66369,0.44571,-0.13378,0.006943,0.000137,-0.77827,-0.31305,0.25673,9.0444,2.9783,1.8908,-0.088925,-0.045525,0.1277,-0.65048,-0.00858,0.43607,9.4739,-2.0503,1.6769,-0.60766,-0.28564,-0.35634,-0.61698,-0.38434,0.052939,-10.435,-0.065445,0.23339,-0.027126,-0.24865,-0.49795,0.47463,0.21421,-0.47512,-9.3227,-1.5603,-1.6952,0.50013,-0.051222,0.30552,0.43726,-0.45359,0.40698
9.7884,-0.78891,0.79356,-0.14253,0.056963,-0.020166,-0.77923,-0.31553,0.2535,9.3806,2.5857,1.8547,0.022686,0.014409,0.1191,-0.65075,-0.004337,0.43662,9.8789,-2.3728,1.6837,-0.66576,-0.348,-0.1754,-0.61184,-0.39031,0.050364,-10.003,0.095104,-0.088244,0.003032,-0.4056,-0.5061,0.46324,0.22179,-0.48156,-9.5773,-1.4991,-1.774,0.16677,-0.060032,0.19423,0.43434,-0.45052,0.4129
9.5077,-0.37805,0.50313,0.034661,0.11931,-0.084972,-0.77835,-0.31764,0.25007,8.6162,2.7511,1.7681,0.14468,0.048546,0.015016,-0.65133,-0.002771,0.43592,9.3715,-2.0279,1.6652,-0.64871,-0.21033,-0.10632,-0.60902,-0.39476,0.046374,-9.2139,0.55816,-0.52336,-0.011055,-0.3777,-0.50685,0.45122,0.23043,-0.48714,-9.4113,-1.0236,-1.2619,-0.11577,-0.078872,0.11693,0.43361,-0.45405,0.41136
9.6419,-0.23207,0.78114,-0.25036,0.19704,-0.059215,-0.77977,-0.32016,0.24321,8.6276,2.8777,1.6448,0.11511,0.074466,-0.061058,-0.65345,-0.001215,0.43512,9.3417,-1.8391,2.033,-0.53181,-0.21446,0.013925,-0.6072,-0.39913,0.037569,-9.6513,1.0245,-1.2679,0.000626,-0.30263,-0.3783,0.43732,0.23882,-0.49396,-9.4864,-1.2328,-1.1592,-0.10849,-0.050148,0.11715,0.43245,-0.45588,0.40964
9.7326,0.019423,0.69394,0.019967,0.18815,-0.18739,-0.77925,-0.32595,0.2378,9.0828,2.7521,1.5425,0.20017,0.1306,-0.1112,-0.65489,-0.001537,0.43246,9.9475,-2.4968,1.5598,-0.41763,-0.003842,-0.031319,-0.60537,-0.40226,0.033992,-9.4015,1.6349,-1.7138,-0.069866,-0.21104,-0.23639,0.43093,0.24351,-0.49702,-9.6958,-1.0378,-1.0875,0.1429,0.009485,0.092594,0.43033,-0.45721,0.40933
10.014,-0.059236,1.2775,-0.14652,0.23802,-0.18048,-0.77752,-0.33022,0.23268,9.2478,2.9906,1.3551,0.38347,0.19922,-0.13007,-0.6585,0.001391,0.42846,9.8455,-2.8002,1.764,-0.2431,0.28061,0.008263,-0.60679,-0.39929,0.02569,-9.4618,1.7471,-1.7151,0.027865,-0.006813,-0.053163,0.42716,0.24487,-0.49786,-9.7997,-0.51474,-0.99818,0.33414,0.057128,0.10785,0.4293,-0.45699,0.41339
9.8953,-0.04287,1.1275,-0.15918,0.25629,-0.15506,-0.77932,-0.33538,0.22369,9.521,3.3977,1.3853,0.30102,0.13712,-0.078043,-0.66024,0.003661,0.42534,9.9471,-2.0589,1.1415,-0.040085,0.44632,0.016895,-0.60758,-0.39867,0.017487,-10.021,0.5109,-0.7496,0.11619,0.045369,0.061731,0.42855,0.24333,-0.49818,-9.6047,-0.38104,-1.0393,0.29341,0.04764,0.048093,0.42661,-0.4547,0.41854
9.5433,-0.21931,1.4967,-0.21805,0.29035,-0.11791,-0.78012,-0.34155,0.21341,9.0907,3.2957,1.4357,0.10285,0.020967,-0.13758,-0.66192,0.002813,0.42293,9.0736,-1.6329,1.6098,-0.17885,0.5094,0.028131,-0.60701,-0.39946,0.003628,-9.1398,0.49276,-0.95697,0.28826,0.095807,0.12823,0.43126,0.23663,-0.4983,-9.2468,-1.008,-1.6625,0.13259,0.10602,-0.045333,0.42412,-0.4511,0.42314
8.9532,-0.43745,1.655,-0.13447,0.18155,-0.09003,-0.7807,-0.3488,0.20488,8.3691,3.1383,1.4233,-0.15816,-0.11902,-0.19679,-0.6612,-0.001844,0.42345,8.3132,-1.259,1.0808,-0.36057,0.57901,0.056158,-0.60843,-0.39715,-0.017186,-9.357,1.7025,-1.7054,0.24377,0.21047,0.25896,0.43672,0.2299,-0.49856,-8.3067,-2.7727,-2.4283,-0.12322,0.20796,-0.30669,0.42454,-0.44632,0.43151
8.8493,-0.48005,1.4002,-0.11662,0.15132,-0.053421,-0.78066,-0.34991,0.19807,9.0329,3.007,1.4778,-0.35998,-0.19209,-0.20964,-0.65562,-0.010683,0.4269,8.2336,-0.099653,0.66577,-0.92531,0.49381,-0.069982,-0.6074,-0.39619,-0.041848,-9.2475,3.3183,-2.4028,0.23166,0.41302,0.49714,0.44713,0.21869,-0.49725,-8.296,-5.0192,-3.0094,-0.27638,0.41287,-0.7354,0.42972,-0.4422,0.43068
7.4766,-0.55961,1.822,-0.086267,-0.070626,0.007648,-0.77983,-0.3509,0.19611,8.5439,2.017,2.1531,-0.052769,0.01267,-0.26108,-0.65484,-0.019422,0.43021,7.2098,-2.0522,2.2734,-1.2264,-0.016395,-0.39689,-0.60285,-0.39605,-0.061166,-8.1496,4.5472,-2.9072,0.006248,0.47294,1.0095,0.45865,0.20492,-0.49328,-7.1895,-6.5575,-2.4794,-0.043382,0.5075,-1.2622,0.43814,-0.4327,0.43183
5.4975,-0.53851,0.50899,0.097395,-0.2616,0.097833,-0.77781,-0.34913,0.20152,5.7496,1.4414,1.9414,0.69506,0.31527,-0.44048,-0.65678,-0.022065,0.4273,5.6195,-2.13,1.4732,-0.15883,-0.24158,-0.65092,-0.59063,-0.4073,-0.065359,-6.0039,5.0263,-4.2452,-1.072,0.91897,1.5914,0.4818,0.19196,-0.48063,-7.4221,-3.0049,-1.271,0.47715,0.8646,-1.8617,0.45289,-0.40386,0.44522
3.8155,0.14036,0.8513,0.28295,-0.29386,0.081682,-0.77274,-0.34525,0.21426,3.4972,1.9162,2.0755,0.60647,0.40631,-0.69746,-0.65981,-0.02417,0.41876,3.2449,-1.4166,1.6326,0.67632,-0.1369,-0.49756,-0.57713,-0.42441,-0.053906,-4.9533,0.43586,0.48523,-0.53953,1.1329,1.9292,0.51472,0.1756,-0.456,-7.0967,2.1396,1.1015,-0.26905,0.95259,-1.704,0.4648,-0.37354,0.4651
5.2027,0.60158,1.2975,0.00963,-0.31066,-0.016938,-0.76515,-0.34462,0.23166,3.7936,1.9527,1.5453,0.20932,0.36938,-0.75303,-0.66233,-0.038029,0.41046,4.5745,-0.8036,1.3365,0.29911,-0.015118,-0.22087,-0.56193,-0.43539,-0.043542,-6.4728,-0.70719,-0.22682,-0.87652,1.2129,1.4301,0.54521,0.15845,-0.43017,-6.8353,1.4493,1.627,-0.42914,0.095747,-1.4127,0.47544,-0.35043,0.47003
8.3772,0.12001,0.49034,0.17672,0.067519,-0.11292,-0.75487,-0.34699,0.23956,6.0229,2.3087,1.0794,0.1468,0.37541,-0.3448,-0.66202,-0.0471,0.40249,8.0413,-1.47,0.42755,-0.18106,0.015168,-0.28755,-0.54636,-0.44387,-0.040749,-11.438,-0.095093,-0.80713,-0.12439,0.72037,1.3,0.56385,0.1382,-0.4156,-10.744,-0.46227,-1.9254,-0.53785,-0.030832,-1.1619,0.4924,-0.34325,0.46093
12.339,0.017127,1.6015,-0.2276,0.39871,-0.11628,-0.74842,-0.35287,0.23531,12.365,5.6185,1.8115,-0.42603,0.36632,0.57909,-0.66184,-0.04166,0.39735,15.743,-5.3209,0.44014,0.26865,0.11046,-0.95271,-0.52491,-0.45761,-0.036002,-13.985,1.0011,-1.7298,0.49184,0.74449,1.1708,0.57567,0.11746,-0.407,-13.5,-8.2153,-2.7399,-0.62739,0.080161,-0.84282,0.50154,-0.33683,0.45504
22.179,0.10382,6.5187,-0.22829,-1.2962,-0.049399,-0.73852,-0.35904,0.24082,22.05,6.3086,1.7307,-1.8057,-0.20527,1.6544,-0.66131,-0.03009,0.39471,20.318,-4.9077,0.80789,0.94155,-0.85008,-0.57547,-0.5008,-0.48015,-0.010693,-19.382,-1.7224,-3.0208,1.4413,0.049956,0.41996,0.58446,0.082587,-0.40703,-18.074,1.7697,-2.357,-1.3511,0.042674,-0.49954,0.50809,-0.34374,0.44389
27.72,-0.61385,0.69191,-0.28938,-1.1548,0.13345,-0.72295,-0.35991,0.27806,24.291,4.5736,3.9455,-1.0999,-0.568,1.7109,-0.65584,-0.009005,0.40394,24.737,-3.6038,1.769,2.4143,-1.4855,0.50639,-0.49779,-0.4849,0.044483,-20.55,3.3264,0.96433,1.6264,-1.0288,0.1587,0.57752,0.046939,-0.42168,-19.067,-3.0764,-5.868,1.4393,0.061345,0.45217,0.50612,-0.34208,0.44617
25.107,-2.0122,-0.083066,-0.00456,1.3457,0.056173,-0.73274,-0.36216,0.25925,22.206,2.5273,6.4775,-0.081549,-0.91471,1.2422,-0.6482,0.016982,0.42304,23.855,0.301,2.5434,1.9622,-1.9918,1.0366,-0.51779,-0.46062,0.11896,-21.416,2.7512,-0.42548,0.48194,-0.98704,-0.77922,0.55696,0.032702,-0.44501,-21.087,-3.385,-2.4965,0.508,-0.34502,1.2876,0.50202,-0.34125,0.4517
18.712,-1.3892,1.484,0.27093,1.5412,-0.19198,-0.75609,-0.36223,0.22118,18.047,4.599,4.3666,1.2222,-0.64016,0.84027,-0.64211,0.054467,0.43692,22.463,7.1729,3.3122,-1.3468,-0.58327,0.075044,-0.53926,-0.44488,0.14899,-20.757,5.428,-3.2362,0.065617,-1.6882,-1.8056,0.53391,0.051385,-0.46985,-19.614,-0.039128,-4.2704,0.25238,-0.76819,1.9113,0.49462,-0.36639,0.44375
11.323,-0.83878,0.92424,-0.4996,1.2236,0.13865,-0.77686,-0.36182,0.18881,9.5308,7.1482,3.3685,-0.82896,-0.40014,0.48383,-0.64309,0.069588,0.44539,12.497,0.15778,0.79925,-0.7875,0.50144,-0.94735,-0.55098,-0.44969,0.14539,-11.886,5.2045,-2.2177,-0.69853,-1.4253,-1.4389,0.5183,0.086034,-0.4826,-12.044,-7.8917,-1.1158,0.79561,-1.2988,1.7876,0.49212,-0.37994,0.43244
3.5142,-1.0832,-0.091526,1.9267,0.65046,-0.28687,-0.79319,-0.3517,0.16778,1.9771,7.5677,1.5987,-5.9705,-1.0892,-0.2755,-0.6421,0.001744,0.46132,-0.078332,-3.2382,-0.64757,-0.33541,1.4192,-0.55224,-0.56253,-0.4605,0.10751,-3.468,-8.1083,-3.0845,-0.54764,-1.0411,-1.9157,0.50802,0.12012,-0.4922,-2.5696,-1.5939,-5.406,-0.15326,-0.44929,0.84949,0.50346,-0.39329,0.41325
-2.5532,1.7379,-0.53699,1.1852,0.71647,0.026849,-0.79249,-0.35231,0.18092,-1.4811,-4.0404,1.6508,-4.9431,-0.31272,-0.48653,-0.63542,-0.12734,0.46161,-2.1097,-3.3384,-1.3147,2.2392,2.1326,-0.073238,-0.57406,-0.46065,0.087628,0.9089,12.381,-2.3361,0.19702,-1.9858,-2.1635,0.48233,0.16377,-0.51185,2.9311,-2.6378,-0.47506,-1.3634,-1.0387,0.91128,0.50871,-0.41972,0.38633
-9.6672,1.0522,-0.058208,-0.16419,0.9278,-0.10793,-0.79497,-0.35404,0.14928,-4.0517,-2.7396,0.47939,0.11401,0.72045,-0.31313,-0.64883,-0.16444,0.43684,-2.1773,-0.094164,-0.098435,1.1257,1.9769,-0.52499,-0.57589,-0.47231,0.046011,-0.11538,4.51,-4.3139,-0.69097,-0.023683,-0.026736,0.46594,0.19471,-0.52421,2.3989,-7.8678,0.51783,-1.0709,-0.26142,-0.40705,0.52135,-0.44255,0.34348
1.4846,0.71797,-1.841,0.7951,-0.75356,-0.30267,-0.79053,-0.35379,0.16269,-0.75763,0.37308,-0.53117,1.2283,0.92503,-0.43763,-0.66298,-0.15891,0.42017,1.5026,-1.5392,-0.74119,-0.99953,1.1574,-0.44871,-0.57067,-0.48478,0.007158,0.44443,1.5305,-1.4858,0.22158,0.39933,0.1505,0.47177,0.19977,-0.51767,-1.8866,1.6467,-1.6505,0.63511,0.56,-0.095803,0.52118,-0.43931,0.34724
0.67833,0.11912,-2.3807,-0.99367,-1.3347,-0.28815,-0.7802,-0.36083,0.1963,1.4916,1.4534,-0.39093,1.0235,0.73678,-0.73784,-0.67027,-0.16111,0.40945,-0.21402,-1.153,-0.10404,-0.50711,0.82935,0.9223,-0.5804,-0.4692,-0.00669,0.042455,1.6601,-0.59368,0.49365,0.23925,0.53068,0.47539,0.17908,-0.51771,0.61217,-0.052559,-1.8221,0.24364,0.43451,-0.12387,0.51528,-0.43101,0.36563
0.15701,-0.65301,-0.90502,-0.48535,0.95519,0.016419,-0.78283,-0.36854,0.18662,3.0887,-0.24238,1.2636,1.984,0.72659,-1.2535,-0.66804,-0.1622,0.4026,-0.21557,-0.14489,-0.33431,0.086191,0.49335,1.0646,-0.5941,-0.44716,-0.019545,0.83195,-0.42498,0.19724,0.16958,0.2069,0.85121,0.47291,0.16104,-0.51765,0.066218,-4.4002,-1.0661,0.62836,0.18692,-0.47698,0.50901,-0.42225,0.37557
3.6724,-0.72608,2.9261,0.80908,0.96263,0.036931,-0.79104,-0.36223,0.15524,6.2716,0.76352,-0.23839,3.5256,0.83293,-1.7291,-0.66338,-0.15407,0.404,2.1332,-0.38605,0.21646,0.068497,0.090414,0.6528,-0.5974,-0.4309,-0.022556,-4.6708,1.0769,-1.9032,0.56075,0.25745,0.90668,0.46968,0.14168,-0.51658,-5.3557,-2.9959,-2.3492,0.66258,0.84677,-0.45943,0.49871,-0.4054,0.40039
14.577,0.62795,1.8313,0.74555,-0.77368,0.29709,-0.7822,-0.35649,0.18389,16.48,3.7155,-1.2753,3.1415,0.5469,-1.2576,-0.65396,-0.12245,0.41145,13.22,-3.9366,1.8056,0.62658,-1.4452,0.43049,-0.59093,-0.42721,-0.016189,-25.902,7.9187,2.6447,0.62464,1.4319,1.3178,0.47442,0.1092,-0.51025,-22.596,1.1428,1.3749,-0.012009,2.1232,-0.63334,0.45959,-0.38288,0.46458
30.108,4.6808,9.4585,-3.029,-0.92451,0.83454,-0.78777,-0.34241,0.1948,16.015,6.1264,0.49716,2.4834,0.81021,-0.61737,-0.65582,-0.099814,0.40976,21.806,-2.9677,0.66711,0.22575,-0.80534,0.1389,-0.58223,-0.42878,0.01989,-14.312,-5.9155,-10.478,0.51761,1.8776,0.53703,0.48565,0.070166,-0.50256,-27.529,-1.5784,-6.3954,0.93839,0.79195,-0.61702,0.43842,-0.37674,0.489
19.769,1.949,1.9166,1.4206,-0.20654,-0.3003,-0.77673,-0.33653,0.21725,19.725,7.2028,2.3669,0.97209,-0.25844,1.0957,-0.65314,-0.075173,0.4158,28.888,4.8105,5.3405,-1.4957,-1.3603,1.17,-0.59157,-0.40662,0.059008,-17.009,26.56,20.84,1.3102,0.36044,0.45005,0.51429,0.083948,-0.47689,-11.165,-5.1258,5.7046,-2.5273,-0.12056,-0.96356,0.45442,-0.35431,0.48751
14.851,1.2713,3.4417,-0.88333,-0.72667,-0.25057,-0.77257,-0.33845,0.21515,12.415,7.0165,4.9264,0.68355,-0.89982,1.9364,-0.64314,-0.018533,0.43368,12.636,-0.088813,3.6417,-3.1357,0.94014,-0.15785,-0.5952,-0.40386,-0.00103,-17.345,-20.078,3.32,-0.62229,-0.38012,-0.20614,0.51123,0.042028,-0.48242,-19.07,12.062,-4.7963,-0.60568,0.33059,-0.070717,0.45011,-0.35516,0.49002
11.166,-1.0998,3.5326,-0.38426,1.1114,0.070081,-0.77953,-0.34879,0.19423,12.174,5.5678,4.2281,-0.57393,-1.0842,1.8913,-0.62569,0.026288,0.46048,11.331,-4.4733,3.0332,-1.9411,0.02981,0.036066,-0.59436,-0.39888,-0.054511,-10.847,5.0955,1.4049,-1.1694,-0.95336,-1.4195,0.49803,0.068485,-0.49581,-11.2,-4.4672,-1.0325,0.6439,-1.0924,0.70077,0.45355,-0.36471,0.47738
6.6945,-1.3883,3.1536,-0.29181,-0.16185,0.32236,-0.78743,-0.34869,0.17842,9.4988,2.9876,2.9411,-0.59345,-0.3366,1.5469,-0.61539,0.05824,0.47935,6.6393,-2.4614,0.6827,-1.0612,0.75671,-0.22218,-0.59846,-0.39176,-0.096401,-8.4109,6.4594,-1.4137,-2.6406,-0.45855,-0.74549,0.49216,0.14085,-0.48788,-6.4918,-5.2115,-3.8087,0.12301,-0.10581,0.5419,0.47112,-0.35571,0.46972
4.4787,-0.1445,0.35461,0.76391,-0.83516,0.070105,-0.78278,-0.34114,0.20849,6.1103,3.0271,1.4089,-0.74913,0.070887,0.88284,-0.61483,0.071779,0.48017,4.4187,-3.4629,0.81316,-0.3751,0.51147,-0.3233,-0.5921,-0.39225,-0.12463,-6.8802,-0.91171,-2.0802,0.27608,0.051788,-0.7186,0.48735,0.16594,-0.48502,-7.0447,-0.6269,-2.5133,-0.50031,-0.23256,0.5897,0.46435,-0.3721,0.46466
5.7569,0.83687,0.62435,0.30764,-0.36633,0.1406,-0.78633,-0.32902,0.2199,5.7358,1.6397,1.0455,-0.64708,0.30948,0.30147,-0.616,0.063866,0.48116,5.0118,-3.479,2.5778,0.72949,0.10953,-0.23794,-0.58708,-0.39849,-0.12482,-7.1008,2.1469,-0.15221,0.20189,-0.23287,-0.37926,0.47352,0.17161,-0.49118,-6.6155,-4.1875,-1.6789,0.33496,-0.3376,0.39154,0.45664,-0.38094,0.46432
9.061,0.29537,1.5859,-0.027501,-0.054137,0.038839,-0.78774,-0.32421,0.22355,8.1772,2.6314,1.4538,-0.17679,0.54304,0.13224,-0.62351,0.060229,0.47084,6.8843,-4.1854,2.5989,1.7262,-0.8085,-0.22762,-0.58504,-0.4102,-0.094062,-9.2196,3.9959,-1.3372,0.52138,0.012709,0.07112,0.4679,0.16446,-0.49667,-8.4292,-4.4758,-2.2706,0.6498,0.21475,-0.072346,0.45401,-0.36795,0.47415
11.243,0.040854,1.571,-0.27896,-0.29497,0.094458,-0.78585,-0.3243,0.22656,9.6204,4.1575,1.6786,0.57989,0.74762,0.14534,-0.63472,0.066828,0.4538,9.7812,-3.8179,2.1181,2.7865,-1.2334,-0.21935,-0.58202,-0.42446,-0.028591,-9.7575,3.6003,-2.308,0.70352,0.065569,0.18081,0.46926,0.14611,-0.49709,-9.7289,-2.0929,-2.6597,-0.13414,0.04102,-0.073808,0.45223,-0.36083,0.48175
11.352,-0.41304,1.8524,-0.099767,-0.27577,0.1457,-0.78087,-0.32155,0.24759,10.207,5,1.4187,0.5591,0.62429,-0.043445,-0.65357,0.074094,0.42945,11.188,-1.2117,1.7518,2.4483,-1.0409,0.17697,-0.58152,-0.42738,0.046578,-9.8345,1.5043,-1.5495,-0.019533,0.13159,0.051998,0.48129,0.12707,-0.49281,-9.5569,-2.5288,-2.15,-0.33718,-0.17928,-0.20146,0.45789,-0.36801,0.46926
9.8173,-0.56264,1.5861,0.15224,-0.23933,0.15393,-0.78026,-0.31689,0.25667,9.3469,3.9399,1.0733,0.14503,0.34314,-0.39751,-0.66369,0.073926,0.41453,10.624,0.73348,1.7828,0.93742,-0.04742,0.45462,-0.58727,-0.41924,0.082268,-9.2438,3.1535,-0.79659,-0.77118,0.18694,0.12945,0.48438,0.13368,-0.4856,-8.8891,-2.2957,-1.3163,0.069775,-0.077287,-0.18399,0.46408,-0.36334,0.46608
8.4325,-0.32877,1.4577,0.10202,-0.13777,0.17517,-0.78332,-0.31062,0.24956,8.5448,3.212,0.73451,-0.23685,0.051298,-0.76252,-0.66534,0.063105,0.41322,9.1258,0.33741,2.0848,0.6729,0.51609,0.39848,-0.59465,-0.40555,0.095286,-8.816,2.572,-1.2225,-0.58497,0.23583,0.25054,0.48201,0.1498,-0.48366,-8.9135,-3.3558,-1.4839,0.059343,0.012213,-0.18874,0.46313,-0.35725,0.47227
8.9087,-0.45146,1.5426,0.22344,-0.15156,0.1344,-0.78219,-0.30512,0.25598,9.2604,3.1044,0.88907,-0.49674,-0.11445,-1.0741,-0.66601,0.033358,0.41477,8.0736,0.16069,2.0524,0.093927,0.040232,0.1775,-0.5992,-0.39788,0.092329,-9.5707,-0.20634,-1.1296,-0.19075,0.28933,0.22834,0.48804,0.15329,-0.47631,-9.3836,-2.0674,-1.8768,-0.15341,0.074716,-0.25639,0.46598,-0.35355,0.47216
10.557,-0.58086,0.94995,0.14917,-0.17899,0.10354,-0.78117,-0.29738,0.26532,9.6493,3.063,1.4162,-0.68674,-0.14707,-1.295,-0.66346,-0.006448,0.41668,9.5418,-1.6419,1.2503,-0.9027,-0.1519,0.089672,-0.6006,-0.39558,0.086804,-10.734,-0.2732,-0.59022,0.18031,0.15111,-0.01167,0.49289,0.15156,-0.4728,-9.8174,-1.5866,-2.0622,-0.13837,0.013718,-0.18068,0.46765,-0.35221,0.46994
10.889,-0.96988,1.2334,0.32769,0.046947,0.12474,-0.78301,-0.29326,0.27592,10.936,2.7229,1.5222,-0.67809,-0.13222,-1.2414,-0.66257,-0.058421,0.41924,10.421,-2.8907,1.899,-1.0731,0.014805,-0.002798,-0.60422,-0.39358,0.052101,-10.549,1.5703,-0.070796,0.18027,-0.14301,-0.14745,0.49497,0.14683,-0.47073,-10.162,-1.7056,-1.7546,-0.29988,-0.16836,-0.031192,0.47298,-0.35447,0.46461
10.561,-0.64434,2.0015,0.1511,-0.049201,0.20883,-0.78638,-0.28355,0.28053,9.3392,2.7038,1.9862,-0.24739,-0.082698,-0.91954,-0.65803,-0.092259,0.42063,9.5827,-3.1173,1.9611,-0.34042,-0.32477,-0.15924,-0.60277,-0.39576,0.045971,-9.671,1.8556,-1.1039,-0.29768,-0.048728,-0.22538,0.49237,0.15077,-0.47217,-9.5934,-2.4119,-1.3285,-0.26062,-0.18667,0.12756,0.47475,-0.36067,0.457
9.4594,-0.47916,1.8077,0.17505,-0.008914,0.1721,-0.78824,-0.27651,0.27827,8.0833,3.0354,2.1282,-0.083709,-0.14902,-0.56218,-0.65356,-0.10839,0.42143,9.1477,-2.2552,1.7586,-0.002305,-0.49469,-0.024991,-0.59768,-0.39987,0.064895,-9.5938,1.4874,-0.86183,-0.85457,0.039059,-0.28046,0.48708,0.1667,-0.47101,-9.2482,-2.1231,-1.0679,0.042965,-0.20333,0.095783,0.47563,-0.36456,0.4538
8.8948,-0.3834,1.2221,0.008864,0.0409,0.14421,-0.79069,-0.27054,0.2776,7.2574,2.6086,2.1722,-0.35094,-0.265,-0.093076,-0.64843,-0.12009,0.42568,9.1281,-2.1164,1.619,0.19266,-0.38571,0.11501,-0.59808,-0.39829,0.076985,-9.0895,2.0234,-1.2124,-0.95242,0.13229,-0.18886,0.48902,0.18841,-0.46259,-8.6668,-3.3403,-1.9728,0.038871,-0.11452,0.10611,0.47648,-0.36506,0.45093
8.8302,-0.25398,0.47642,0.001836,-0.01439,0.038611,-0.79189,-0.26892,0.27513,7.3691,2.3941,2.4052,-0.18289,-0.33085,0.28932,-0.64429,-0.11994,0.43044,9.4452,-1.9686,0.96114,0.49895,-0.090999,0.087819,-0.60009,-0.39522,0.086945,-9.5853,0.31304,0.20502,-0.003935,-0.028778,-0.07635,0.48728,0.19863,-0.45759,-8.9524,-3.9215,-2.009,-0.1092,-0.061351,0.055425,0.47531,-0.36623,0.4492
9.3892,-0.47888,0.016632,-0.3646,0.18467,-0.015614,-0.79181,-0.26844,0.2766,7.9109,3.0434,2.4747,-0.14955,-0.30524,0.57836,-0.64035,-0.10749,0.43845,9.4195,-1.2425,0.96278,0.28455,0.17872,0.035197,-0.60116,-0.3916,0.090798,-9.793,-0.32939,-0.60876,1.0868,-0.26775,-0.0331,0.48391,0.18926,-0.46283,-7.9187,-3.9715,-1.917,-0.076949,0.01179,-0.040504,0.47766,-0.36997,0.44446
10.322,-1.2017,1.0486,-0.61953,0.29529,-0.021789,-0.79613,-0.27545,0.26031,9.309,3.5723,2.3642,-0.22191,-0.35567,0.82086,-0.63711,-0.093662,0.44821,9.9973,-1.4423,1.0386,-0.2166,0.27826,0.18688,-0.60346,-0.38863,0.084831,-10.409,0.13502,-1.0568,0.72609,-0.12989,-0.36032,0.48,0.17557,-0.47268,-8.994,-2.2349,-1.4823,-0.2777,0.095268,-0.14214,0.47806,-0.37152,0.44239
10.796,-1.6521,1.6013,-0.63566,0.31123,-0.063771,-0.79788,-0.28437,0.24226,10.29,3.3469,2.8212,-0.2278,-0.19309,0.80325,-0.63425,-0.080098,0.4533,10.112,-1.3362,1.1412,-0.54072,0.3128,0.15305,-0.60672,-0.3857,0.074806,-9.9271,1.4661,0.34696,0.24915,-0.38301,-0.48003,0.47052,0.16897,-0.48463,-10.827,-0.74641,-1.7333,-0.36227,-0.035519,0.069604,0.47913,-0.37789,0.43779
10.022,-1.2325,1.9712,-0.67603,0.22562,-0.046175,-0.8017,-0.29143,0.22772,9.8689,3.6569,2.9002,0.17147,-0.037999,0.51621,-0.63358,-0.062372,0.45676,10.361,-1.4727,0.79035,-1.0522,0.39629,-0.002737,-0.6089,-0.38581,0.053896,-9.4593,1.5175,-0.75412,-0.40469,-0.31552,-0.43908,0.45852,0.18154,-0.48732,-9.9071,-2.2637,-0.57889,0.13188,-0.17357,0.25707,0.47857,-0.38127,0.43494
9.0399,-0.97199,1.7715,-0.41331,0.015846,-0.094261,-0.80233,-0.29865,0.21812,9.0877,3.9312,2.3499,-0.402,-0.04391,0.16689,-0.6332,-0.055102,0.45548,9.6833,-1.6689,1.0475,-1.5356,0.49136,0.023184,-0.61061,-0.38481,0.022201,-9.4178,1.5757,-2.0739,-0.26127,-0.15374,-0.2977,0.45216,0.19366,-0.48686,-8.9794,-2.5794,-1.2439,0.75194,0.016979,0.18224,0.47611,-0.37885,0.43983
8.8905,-1.1037,1.6501,-0.18771,0.042149,-0.081324,-0.8025,-0.30391,0.21227,8.9215,3.0248,1.7955,-0.61638,-0.067872,-0.078834,-0.63568,-0.064941,0.45579,8.9238,-2.3167,1.524,-1.2654,0.35366,-0.086587,-0.60961,-0.38447,-0.018108,-9.0208,2.5024,-2.7196,0.29027,0.062116,0.071068,0.45105,0.19874,-0.48509,-9.3234,-1.7607,-2.0842,0.89275,0.32665,0.1298,0.46982,-0.36727,0.45709
9.6958,-0.95508,1.784,-0.10452,-0.003507,-0.12014,-0.80052,-0.30978,0.20918,8.9563,2.5965,1.6382,-0.33915,0.018543,-0.16252,-0.63428,-0.077838,0.45558,8.8311,-2.4311,1.9134,-0.65999,0.063038,-0.26494,-0.60806,-0.38563,-0.037293,-10.054,0.76634,-1.0354,0.57082,0.10814,0.17176,0.45413,0.18702,-0.48833,-10.086,-0.94325,-1.9753,0.55411,0.16146,0.16693,0.46388,-0.35697,0.47176
10.115,-0.8009,1.2884,-0.15463,-0.092264,-0.14716,-0.79522,-0.31349,0.21102,8.8812,3.2075,1.6211,0.019653,0.098311,-0.1881,-0.63517,-0.085238,0.45218,9.3626,-2.5769,1.8408,-0.21718,-0.27142,-0.42572,-0.60247,-0.39228,-0.038573,-9.8419,0.69566,-0.070651,0.66091,-0.015321,0.093284,0.45584,0.1695,-0.49345,-9.7343,-1.7704,-0.87346,0.12323,-0.10884,0.18235,0.46227,-0.35311,0.47758
9.8379,-1.0069,1.4789,-0.15046,-0.12122,-0.094162,-0.79214,-0.31875,0.21371,9.3651,3.0392,1.339,0.025581,0.13184,-0.21104,-0.63692,-0.089069,0.45021,8.9426,-2.0503,1.8253,-0.37093,-0.39847,-0.40679,-0.59601,-0.40119,-0.034856,-9.4527,1.8311,-0.4092,0.21496,-0.0106,-0.012399,0.45523,0.15995,-0.49843,-9.3379,-2.0104,-1.1289,-0.094082,-0.084268,0.11323,0.4629,-0.35335,0.47522
9.5936,-0.69332,1.3672,0.14518,-0.033557,-0.081387,-0.78961,-0.32077,0.2161,9.591,2.7846,1.3392,0.16464,0.17062,-0.308,-0.63931,-0.091043,0.44636,9.3728,-2.6491,1.4657,-0.47188,-0.22869,-0.27577,-0.59069,-0.40798,-0.033764,-9.6235,1.4943,-0.74239,-0.37362,0.063235,-0.075538,0.45489,0.16469,-0.49479,-8.973,-2.9213,-1.7676,-0.13642,-0.035253,0.066493,0.461,-0.35934,0.47
9.623,-0.69418,1.5241,0.098275,0.057264,-0.017992,-0.78602,-0.32357,0.21826,9.1444,3.1026,1.2723,0.26794,0.12641,-0.38916,-0.64133,-0.094031,0.4419,9.1217,-2.6238,1.6033,-0.31593,-0.10398,-0.15,-0.58659,-0.4133,-0.032275,-9.786,1.1263,-0.77527,-0.39475,0.065091,-0.08001,0.45785,0.17293,-0.49349,-9.1004,-2.8601,-1.9937,0.008625,0.057593,-0.02364,0.46119,-0.36325,0.46823
9.6387,-0.74462,1.1359,0.058262,0.051772,0.029381,-0.78577,-0.32253,0.218,8.8763,3.0142,1.4939,0.13511,0.010153,-0.3505,-0.64053,-0.099689,0.44128,8.8652,-2.4824,1.9979,-0.44666,-0.10784,-0.047776,-0.58555,-0.41459,-0.036571,-9.5942,1.451,-1.1169,-0.05815,0.050509,-0.024453,0.45744,0.17787,-0.49156,-9.2713,-2.1729,-1.7557,-0.057578,-0.053007,-0.0314,0.46176,-0.36325,0.46877
9.7463,-0.42392,0.37781,0.16782,0.20398,0.017916,-0.78697,-0.31969,0.2182,8.2653,3.0326,1.7235,0.075664,-0.10093,-0.20576,-0.63953,-0.10661,0.44431,8.7773,-2.653,2.5447,-0.63989,-0.12675,0.058777,-0.58557,-0.41166,-0.046805,-9.3878,1.8727,-1.3383,0.32494,0.10457,0.10397,0.4591,0.17897,-0.49083,-9.0334,-2.9341,-2.2916,-0.45852,-0.20161,-0.036918,0.46405,-0.36541,0.46361
9.59,-0.14297,0.83356,-0.032281,0.37532,-0.017733,-0.79195,-0.31813,0.20971,8.075,3.2058,1.9856,0.03061,-0.14793,-0.018906,-0.63606,-0.10715,0.44606,9.0014,-2.6203,2.5965,-0.72409,0.023634,0.4874,-0.58984,-0.40266,-0.054548,-8.9496,3.4303,-2.1415,0.45227,0.26451,0.30566,0.46475,0.16751,-0.49158,-8.5405,-3.5922,-2.7333,-0.54871,-0.12449,-0.012866,0.46929,-0.37731,0.45172
8.622,0.13095,0.96975,-0.0605,0.46033,-0.1003,-0.79237,-0.32063,0.20182,7.9687,2.6169,1.9433,0.34597,0.090937,0.063253,-0.63518,-0.10129,0.44911,8.6476,-3.499,2.1541,-1.4139,0.60264,0.93451,-0.59889,-0.38401,-0.082357,-7.9526,4.3105,-1.8523,0.23231,0.41058,0.52654,0.47637,0.1548,-0.48839,-7.7723,-5.4479,-2.8747,-0.002539,-0.027715,-0.05906,0.46896,-0.3838,0.44418
7.6887,-0.026283,1.4093,-0.21324,0.32834,-0.1219,-0.79398,-0.32653,0.18643,6.8566,2.9541,1.9259,0.75315,0.30211,0.043093,-0.63884,-0.087545,0.44606,7.795,-3.5793,1.9861,-1.4427,1.4992,1.2346,-0.61021,-0.35143,-0.13023,-6.2177,4.1579,-1.3821,-0.30787,0.69678,0.94227,0.4892,0.14171,-0.48251,-6.9294,-4.1288,-0.95943,0.12891,0.20618,-0.4164,0.47431,-0.38242,0.44168
6.8219,0.15348,2.6648,-0.30481,0.27806,-0.18931,-0.79312,-0.33371,0.17475,6.2623,3.1687,2.1881,0.59114,0.34025,-0.046134,-0.64321,-0.075567,0.44146,6.0962,-0.031464,1.1163,-1.159,1.7341,1.1558,-0.61685,-0.31303,-0.18504,-7.0233,2.5939,-1.1715,-0.54997,0.73905,1.304,0.50648,0.13156,-0.46766,-7.4692,-4.3198,-1.1633,0.56942,0.39551,-0.71264,0.47786,-0.36832,0.45117
5.077,-0.59919,1.714,-0.30344,0.75528,-0.10406,-0.78826,-0.34235,0.1631,5.4698,3.5458,1.9468,0.30313,0.26899,-0.13849,-0.64631,-0.067425,0.43583,4.7,-0.35832,1.7682,-0.98645,1.186,-0.097936,-0.60859,-0.29237,-0.23558,-8.1742,-1.1647,-0.20019,0.50667,0.76465,1.3142,0.52302,0.11161,-0.4578,-5.4902,-4.0568,0.028766,0.42795,0.11182,-1.208,0.4861,-0.34426,0.46498
4.9258,-1.5721,0.78144,-0.64567,-0.43049,0.23335,-0.7848,-0.34624,0.15283,4.9824,3.5027,1.8367,-0.401,0.040623,-0.069975,-0.64489,-0.070301,0.43286,5.3214,-1.5698,1.366,-0.32961,0.717,-1.165,-0.58377,-0.30698,-0.26133,-8.9541,-0.87994,-0.87642,0.71867,0.52504,0.86964,0.53478,0.079917,-0.45141,-7.6421,-1.0974,0.38138,-0.74036,0.10992,-1.5996,0.50214,-0.32563,0.46343
7.9538,-1.725,-0.43507,0.12659,0.019282,0.18802,-0.7817,-0.34082,0.1612,7.5841,3.4975,1.8454,-0.57295,-0.086592,0.043253,-0.6409,-0.07521,0.43394,7.806,-2.968,2.225,0.79622,-0.30091,-1.3507,-0.55451,-0.34397,-0.25603,-8.755,4.1882,-0.25519,0.55597,0.65379,0.89276,0.54423,0.054548,-0.44514,-11.011,0.41578,-0.59032,-1.2111,0.3743,-1.1665,0.51275,-0.32087,0.45378
12.79,-1.695,2.7651,-0.45083,0.42824,0.012839,-0.78135,-0.34002,0.15025,11.804,3.7716,2.2127,-0.17936,0.058337,0.19628,-0.63598,-0.076335,0.43384,12.472,-3.9994,1.0864,1.3951,-1.0058,-0.91919,-0.5309,-0.38803,-0.21572,-11.414,2.8552,-3.2708,-0.18903,0.60293,0.66084,0.55366,0.03059,-0.43888,-12.093,-0.86871,-1.3815,-0.78918,0.028824,-0.93232,0.52276,-0.32044,0.44604
15.382,-0.54251,5.7915,0.55814,-0.3183,-0.17547,-0.77868,-0.34334,0.15786,14.02,3.1474,1.876,1.4945,0.21391,-0.22454,-0.63505,-0.061498,0.43453,14.086,-2.7018,0.12253,0.83804,-1.0015,-0.48206,-0.52044,-0.4142,-0.17485,-12.343,0.89757,-2.312,-0.36213,0.53653,0.36709,0.56144,0.031188,-0.43026,-12.836,-1.1209,-3.0382,0.074222,0.070931,-0.4029,0.53048,-0.31378,0.44075
17.562,-0.81769,3.5232,-0.19084,-0.38316,0.029079,-0.77155,-0.34486,0.17393,17.186,4.5307,1.5323,2.4366,0.22307,-0.661,-0.63588,-0.036996,0.43545,18.041,-4.2654,1.0434,-0.26455,-0.53093,-0.012435,-0.51986,-0.42319,-0.15313,-16.421,0.50286,-3.2638,-0.29858,0.074153,-0.2088,0.56374,0.038148,-0.4286,-16.693,-0.57845,-3.4755,0.17157,0.092299,0.001211,0.52712,-0.3128,0.44551
20.583,-2.0486,3.2994,0.033975,0.071016,0.083312,-0.7744,-0.34333,0.17568,18.189,7.7495,1.6795,2.4795,0.19712,-0.63954,-0.63915,-0.011875,0.43209,18.08,-5.6541,3.376,-0.42985,-1.3165,-0.005569,-0.52555,-0.42074,-0.14397,-17.599,0.9311,-0.96203,-0.12512,-0.2734,-0.73246,0.56326,0.052125,-0.42839,-18.346,-3.1834,-3.9885,0.16312,0.25656,0.73761,0.51762,-0.31871,0.45205
22.864,-2.3452,2.509,0.36338,0.34453,0.037163,-0.78024,-0.33813,0.17622,19.243,9.3191,1.941,1.5009,-0.042792,-0.054369,-0.64312,0.013203,0.43012,22.199,-6.043,2.8927,0.028701,-1.7103,0.36269,-0.54484,-0.41654,-0.11563,-18.909,0.39028,-0.20747,-0.38253,-0.76216,-1.2901,0.55654,0.077098,-0.43531,-21.793,-4.5168,-2.5861,0.039299,-0.22505,1.2691,0.50532,-0.33662,0.45067
19.307,-0.95513,2.894,1.2169,0.99873,-0.15538,-0.79202,-0.33283,0.17532,16.596,8.65,2.9862,0.1933,-0.000719,0.42205,-0.65123,0.03337,0.42723,20.437,-3.3676,0.095905,0.007235,-0.92658,1.0874,-0.58136,-0.38784,-0.088117,-20.238,-1.7918,-5.1837,-0.64017,-1.035,-2.4556,0.53795,0.12691,-0.45071,-19.282,-0.66781,-0.090528,0.17931,-0.54972,2.1526,0.49153,-0.36212,0.44568
11.133,0.8082,2.5749,1.1463,1.2521,-0.20567,-0.80846,-0.32833,0.157,10.572,5.5997,3.2123,-0.34654,0.26117,0.16323,-0.66401,0.031153,0.42023,10.919,0.41966,5.0835,-0.76219,0.48677,0.091649,-0.6136,-0.36372,-0.097721,-14.183,10.784,-0.75408,-1.3242,-1.5228,-2.8977,0.5125,0.19614,-0.4581,-13.601,-7.9557,0.053033,2.0121,-1.1758,2.3949,0.48119,-0.37456,0.45033
3.4074,0.77898,1.2925,0.77818,0.40424,-0.15502,-0.82014,-0.32488,0.14302,3.8581,-0.24495,2.7459,-0.008294,0.60535,-0.031758,-0.67929,0.020208,0.40613,3.4208,-1.9844,2.2637,0.65007,0.61353,-0.23465,-0.62588,-0.36465,-0.10008,-3.8077,4.5154,1.5245,-1.5404,-0.91644,-0.9899,0.49492,0.25145,-0.45984,-3.2249,-2.4481,0.49719,0.033144,-0.22416,1.6252,0.47715,-0.38806,0.44689
-1.6443,-0.63243,1.2824,0.88371,-0.49281,0.018971,-0.81741,-0.32623,0.15423,-2.4066,-2.6033,1.3066,0.23679,0.85552,0.067478,-0.7002,0.017102,0.38277,-1.8579,-0.32194,0.086399,1.879,1.1426,-0.10362,-0.6325,-0.37111,-0.099358,0.96746,-1.5578,-1.5392,1.0088,-0.8966,-0.81024,0.48888,0.27567,-0.46058,3.4853,-1.9785,-1.7563,-2.4087,-1.4085,0.19473,0.4884,-0.42311,0.40831
-6.3128,-1.3826,-1.8541,0.56737,-0.83643,0.25831,-0.80759,-0.3222,0.19375,-0.40257,-2.2924,0.1563,0.69678,0.91842,0.17286,-0.71738,0.025739,0.35604,-2.4694,-1.6342,-0.23498,1.5267,0.90603,0.34563,-0.6384,-0.37177,-0.10202,3.2828,5.2115,-5.7992,1.7546,-0.41585,0.071361,0.47189,0.24154,-0.49837,1.9841,-5.7346,-6.5654,-3.5147,-0.59468,-0.51089,0.51644,-0.46273,0.32337
-0.91065,-1.6478,-1.9492,0.88919,0.054115,-0.11847,-0.79823,-0.31736,0.212,1.8466,-0.62413,0.048916,1.3299,0.86801,0.084408,-0.73311,0.038354,0.32594,1.3826,-3.7355,1.5542,1.1196,0.071731,0.15177,-0.63874,-0.37053,-0.10884,0.434,-0.27785,-3.2469,-0.12277,0.44183,0.1716,0.48095,0.22867,-0.49686,-0.53398,-4.6042,-1.7416,-0.37227,0.17966,-0.22105,0.52494,-0.46975,0.29553
1.4697,0.70345,-1.886,1.1355,-0.83384,-0.36571,-0.78945,-0.31313,0.24439,0.59782,0.48461,-0.56608,1.9286,0.23806,-0.40947,-0.73725,0.054283,0.3095,0.93372,-3.3834,1.4411,2.2778,-0.18332,0.66649,-0.6458,-0.36809,-0.079324,0.35922,1.7281,1.2511,-0.3561,0.68702,0.043336,0.48859,0.23484,-0.4829,-0.0311,-1.3614,1.6298,0.30559,0.10436,-0.23981,0.52287,-0.46639,0.29857
1.8973,1.6752,-1.205,0.25026,-0.69142,-0.11115,-0.7828,-0.3085,0.27189,1.6806,2.8198,-1.1758,0.82411,-0.40046,-0.78741,-0.73184,0.057153,0.31441,1.0379,-0.97281,0.1465,2.9999,-0.52004,1.4706,-0.66332,-0.3511,-0.020554,-1.6506,1.9277,-1.7606,-0.40282,0.38006,0.40646,0.49074,0.23435,-0.47755,-0.27665,-3.2172,-1.3974,0.82544,0.55047,-0.88376,0.52541,-0.45886,0.30933
6.4581,0.43537,-0.42491,0.07818,0.32698,-0.010433,-0.78218,-0.30282,0.28123,5.1869,3.0635,-2.4946,0.27158,0.037083,-0.47226,-0.72392,0.045494,0.32231,4.5587,0.1103,0.88024,2.7186,0.17719,0.86693,-0.67284,-0.32756,0.022651,-8.7634,0.76173,1.3015,0.38001,0.75796,1.0014,0.49079,0.22445,-0.47333,-8.4383,-1.0779,-1.9927,0.65312,0.97447,-1.0922,0.52316,-0.43398,0.33731
15.284,-0.25157,3.6141,-0.48933,0.68905,0.40963,-0.78874,-0.29816,0.2633,12.127,5.0992,-2.015,0.68567,0.54751,0.87657,-0.71853,0.065738,0.3155,16.132,-2.0048,-0.29866,2.6023,-0.16902,0.070782,-0.67011,-0.31926,0.062279,-18.2,2.1613,0.22501,-1.1875,0.81875,0.44016,0.50141,0.22948,-0.45425,-17.818,1.4326,-0.30665,-0.5008,0.71154,-1.3312,0.521,-0.40756,0.37027
25.213,-0.68156,7.8795,-0.16069,-1.0736,0.4918,-0.78837,-0.28855,0.27046,16.124,7.5585,-0.82252,0.97667,0.79573,1.9205,-0.71197,0.11851,0.30012,19.677,-2.5503,-1.1523,0.87042,0.23477,-0.44342,-0.65813,-0.32561,0.086006,-24.706,0.75791,-12.974,-2.441,0.39136,0.030482,0.50875,0.26438,-0.4232,-20.537,-1.7693,-10.267,-0.052309,0.43678,-0.27826,0.51715,-0.39657,0.38287
20.044,1.2706,4.3017,0.45232,-0.20893,-0.08626,-0.77951,-0.27947,0.29467,22.943,8.5429,-0.04228,0.64846,0.24085,2.5227,-0.69752,0.19595,0.28654,22.006,-3.0114,0.17705,-0.27098,0.11609,-0.43379,-0.64866,-0.33957,0.079619,-14.248,2.1917,16.496,3.0347,-0.90852,0.73792,0.52125,0.26614,-0.40637,-19.382,-10.162,6.5234,-1.4791,1.1695,-0.4073,0.50607,-0.38756,0.40479
15.946,1.1585,3.5089,-0.058381,-0.49547,-0.17737,-0.77422,-0.27996,0.3013,14.053,9.7182,3.2379,-0.27688,-0.94154,2.1812,-0.67505,0.26753,0.28154,14.122,-2.6249,1.6669,-0.64861,-0.87431,-0.0693,-0.64392,-0.34943,0.08152,-14.717,-12.458,0.33339,-0.55015,-0.32461,-0.75062,0.52784,0.25394,-0.4114,-15.324,6.6784,6.5328,0.17731,-1.0032,-0.057548,0.51569,-0.41269,0.36729
12.767,1.1157,2.0595,-0.25478,0.43263,-0.094471,-0.77583,-0.28631,0.29834,12.742,8.9064,4.6697,-3.5828,-1.7575,0.92516,-0.64206,0.27875,0.34087,12.379,-1.4874,3.0973,-0.37944,-1.3509,0.0356,-0.64265,-0.34941,0.10189,-14.151,0.51942,-3.2782,-0.7807,-1.3632,-0.7316,0.51223,0.27593,-0.41455,-12.679,-1.5861,-2.6484,0.55754,-0.54402,0.6889,0.52326,-0.40616,0.3616
7.9588,0.59227,1.8033,0.26189,0.17044,-0.03022,-0.78281,-0.28595,0.28737,9.4708,0.82924,5.5168,-1.6889,-0.81361,-0.54535,-0.62482,0.23264,0.40507,8.202,-0.54835,4.2523,-0.29717,-1.7314,-0.13312,-0.63697,-0.35035,0.13779,-8.0346,2.8254,-1.8974,0.32941,-0.40283,-0.88861,0.49473,0.29793,-0.4204,-10.424,-4.5782,-4.5158,0.56194,-0.49239,0.95966,0.51765,-0.41421,0.36302
4.8605,0.16416,0.2103,-0.010608,-0.69522,0.071223,-0.77625,-0.28926,0.30289,7.0292,2.9161,4.7191,0.004882,0.33993,-0.63957,-0.62952,0.21456,0.41317,6.4054,-0.65516,2.6574,-1.1774,-0.45094,-0.16997,-0.63561,-0.35541,0.14978,-6.2724,1.0755,0.3758,0.82175,-0.46489,-0.73313,0.47801,0.292,-0.44095,-5.202,-1.0418,-1.6839,-0.056691,-0.066475,1.1226,0.51119,-0.42419,0.3597
4.1843,-0.092072,-1.0574,0.078477,-0.61394,0.13743,-0.76769,-0.28698,0.32112,4.5344,1.3585,1.5617,-0.55883,0.80228,-0.69099,-0.64739,0.18651,0.40079,5.0822,-2.0668,2.8477,0.47298,-0.050437,-0.008787,-0.63317,-0.35536,0.1484,-5.9191,1.8293,-0.21816,0.39609,-0.20991,-0.35008,0.46805,0.28547,-0.45463,-4.6242,-3.0935,3.2359,1.996,0.007831,0.89901,0.49819,-0.42666,0.37332
5.9803,-0.45951,-1.7027,-0.14259,0.17364,0.25426,-0.76897,-0.27785,0.32234,5.6037,3.2018,0.89625,-0.60528,0.86846,-0.76631,-0.67307,0.16222,0.3764,6.7067,0.033828,2.1659,1.1927,0.065069,-0.18723,-0.62906,-0.35129,0.16554,-6.9033,0.88613,-1.5874,0.26152,-0.13791,-0.13362,0.46315,0.28826,-0.45552,-7.7358,-1.4356,-3.1621,0.79054,-0.023229,0.76373,0.48147,-0.42204,0.39685
10.21,-0.69016,-0.67237,-0.9306,1.0873,0.23331,-0.78289,-0.27928,0.2936,8.5335,3.5032,1.1635,-0.78829,0.80736,-0.78058,-0.68878,0.12894,0.35752,9.4025,0.67297,-0.14164,-1.4173,0.82682,-0.66471,-0.62259,-0.36327,0.1518,-9.7088,0.037427,-2.1681,0.30072,0.20827,-0.37574,0.4579,0.28468,-0.45733,-9.7404,-0.22691,-2.2141,-0.2697,-0.32021,0.78331,0.47216,-0.43625,0.39365
12.067,-0.5212,5.2592,-0.81806,0.61119,0.057243,-0.79693,-0.2871,0.25247,10.67,3.8215,1.4599,-0.03576,0.65321,-0.86898,-0.70278,0.10054,0.34018,11.182,-2.1049,-0.89759,-3.4097,1.6691,-0.76569,-0.61468,-0.38943,0.078765,-11.34,2.648,-3.8693,-0.054699,0.21319,-0.063739,0.45677,0.28699,-0.457,-8.862,-2.9314,-3.2897,-0.37251,0.11443,0.50306,0.46071,-0.45137,0.38802
12.682,0.12457,1.8361,-0.51922,-0.37426,0.038087,-0.79437,-0.29145,0.25528,11.677,3.6882,0.93087,0.16588,0.30615,-0.74786,-0.71175,0.078019,0.32587,12.629,-4.4274,1.0033,-3.1972,1.5501,-0.51207,-0.60529,-0.40142,-0.014523,-11.592,1.3692,0.40364,0.056885,-0.46606,0.18032,0.45599,0.27735,-0.46291,-12.368,-4.5239,-0.35015,-0.068716,-0.11284,0.073753,0.4534,-0.4549,0.39419
10.064,-1.3335,3.0602,-0.55412,0.17961,0.18406,-0.79869,-0.2946,0.24417,9.1283,3.9428,1.4899,-0.13894,-0.035735,-0.49859,-0.71674,0.063373,0.32198,9.8266,-4.6189,1.8956,-1.6795,0.50387,-0.2457,-0.59896,-0.3985,-0.076311,-8.1975,-2.3802,-0.086789,0.31394,0.097026,0.23542,0.45664,0.27333,-0.46536,-9.3509,-1.5519,0.21682,0.7365,0.04921,-0.1683,0.45459,-0.44316,0.40166
7.3593,-0.57031,1.0228,-0.034464,-0.34893,0.090942,-0.79836,-0.29122,0.24295,6.5108,3.0958,1.227,-0.77703,-0.38186,-0.48686,-0.71725,0.043953,0.32827,6.9866,-3.3596,0.94319,-0.48655,-0.11139,0.004571,-0.5943,-0.40074,-0.10345,-9.9413,-0.45078,-0.41653,0.35126,-0.048369,0.081312,0.45929,0.26454,-0.46796,-8.2989,1.2424,-1.3416,-0.17882,0.072581,0.012583,0.45533,-0.44447,0.40251
8.0922,-0.58673,-0.053589,-0.36759,-0.020203,0.039846,-0.79624,-0.29188,0.24772,7.3781,2.0678,0.73184,-1.1943,-0.50267,-0.34002,-0.71385,0.019334,0.34133,7.7704,-3.0143,1.174,0.23272,-0.28552,0.084774,-0.59536,-0.39777,-0.09958,-9.4088,0.39309,-0.84192,-0.07342,-0.19254,-0.070479,0.45618,0.26351,-0.4702,-9.9205,-0.5405,-2.0163,-0.42426,-0.007852,0.13103,0.45329,-0.4515,0.39505
10.053,-0.76011,2.3327,-0.31965,0.52102,-0.033242,-0.79973,-0.29724,0.23198,8.0432,2.6562,0.37409,-1.1949,-0.47946,0.062214,-0.70509,-0.00135,0.35359,9.1254,-3.0084,0.85703,0.5578,-0.35343,-0.094772,-0.59537,-0.40191,-0.084676,-10.04,0.82832,-1.5003,-0.16429,-0.010743,0.040277,0.45545,0.26483,-0.47076,-9.7287,-2.7781,-1.1077,0.011183,-0.095461,0.066976,0.45173,-0.45593,0.39112
10.968,-0.61511,3.1463,-0.36703,-0.18925,0.017306,-0.80279,-0.30049,0.22453,10.152,6.1535,2.0312,-3.5561,-0.86747,0.57488,-0.69154,-0.027158,0.37474,10.036,-2.2666,0.31517,0.32247,-0.32476,-0.44615,-0.59412,-0.4028,-0.049751,-10.087,0.16434,-0.58519,-0.025787,0.053393,0.049469,0.45678,0.26195,-0.46965,-9.6379,-2.3083,-1.0003,0.27872,0.18076,-0.10194,0.45298,-0.44685,0.40261
9.5493,-0.24366,2.0188,-0.25058,-0.36205,-0.064968,-0.79761,-0.3035,0.22917,9.1137,1.4569,1.6583,-3.0422,-1.1543,0.65454,-0.67866,-0.061763,0.39628,10.251,-2.6906,0.5654,-0.18759,-0.12244,-0.47104,-0.58607,-0.4154,-0.04447,-9.192,0.51237,-0.46255,0.17211,0.011376,0.096886,0.45738,0.25683,-0.47026,-9.5297,-0.21638,-1.2319,0.40997,0.2374,-0.11559,0.45054,-0.43767,0.41424
8.8567,-0.28898,1.7746,-0.42474,-0.070684,-0.067452,-0.79422,-0.30865,0.2276,8.6567,0.17905,2.1892,-0.97233,-0.94439,0.32804,-0.66538,-0.076123,0.41436,8.5756,-3.2791,0.40356,-0.64965,-0.46796,-0.2732,-0.57745,-0.42833,-0.060327,-9.9429,-0.31416,-0.80686,0.12077,-0.056002,0.095369,0.4571,0.25633,-0.47054,-9.9942,-0.28909,-1.1801,0.11877,0.065352,0.019867,0.44884,-0.43862,0.41618
9.6292,-0.97579,1.5372,-0.21667,0.016885,-0.12222,-0.79206,-0.31576,0.22279,9.8442,1.0077,2.2537,0.53701,-0.65231,0.15742,-0.65094,-0.072161,0.43321,10.476,-3.6022,1.7851,-0.10873,-0.14036,0.015604,-0.57419,-0.43099,-0.065348,-10.064,0.22365,-0.39723,0.10358,-0.067436,-0.067819,0.45761,0.25257,-0.47299,-9.8012,-1.3059,-1.1946,0.067477,-0.016531,0.059197,0.44753,-0.43682,0.41848
10.143,-0.87773,1.9222,-0.19706,0.006868,-0.07192,-0.79113,-0.32079,0.21751,9.9988,2.199,2.559,1.3289,-0.26593,-0.015793,-0.64329,-0.051569,0.44671,9.5169,-1.329,3.968,0.12956,-0.37437,0.45071,-0.57752,-0.42937,-0.059299,-9.7907,0.7053,-0.53481,0.25673,-0.15225,-0.049787,0.45471,0.24946,-0.47784,-9.6963,-1.3367,-1.0734,0.070398,-0.011513,0.042898,0.4457,-0.4371,0.41869
9.8326,-0.31202,1.8713,-0.075697,0.018665,-0.059964,-0.78904,-0.32324,0.22175,9.5883,3.474,3.6146,1.0358,-0.15562,-0.15493,-0.63901,-0.029261,0.45805,9.6156,-0.11894,5.7528,0.1241,-0.98908,0.88937,-0.59696,-0.41117,-0.038757,-9.7897,0.31718,-0.98454,0.1758,-0.17151,0.002032,0.45244,0.24297,-0.48173,-9.5912,-1.1801,-1.1309,0.11017,-0.010085,0.10697,0.44521,-0.43427,0.42337
9.3126,-0.26107,1.2858,-0.066786,-0.017365,-0.047108,-0.78747,-0.32608,0.22103,9.2287,3.5252,3.0731,0.37098,-0.093559,-0.231,-0.63619,-0.022419,0.46339,10.825,-0.40829,2.8276,0.58771,0.002833,0.025023,-0.60445,-0.40077,-0.017882,-9.4863,0.82866,-1.054,0.13022,-0.11,-0.027452,0.45016,0.23877,-0.48536,-9.4567,-1.3372,-1.2337,0.11376,0.005299,0.11515,0.44274,-0.43457,0.42567
9.5519,-0.23227,1.0117,-0.3129,0.053,-0.004872,-0.78769,-0.33086,0.21678,9.0819,3.4412,2.4157,0.11053,0.064491,-0.1925,-0.63586,-0.024504,0.45956,9.906,-1.3956,2.2441,0.53446,0.76429,-0.31826,-0.60128,-0.40601,-0.022207,-9.4821,1.5181,-0.91965,0.16182,-0.004382,-0.0098,0.44939,0.24012,-0.48671,-9.6368,-1.32,-1.655,0.063985,0.078884,0.081471,0.44132,-0.43681,0.4258
9.5648,-0.27969,1.7352,-0.1883,0.14869,-0.038821,-0.78776,-0.33469,0.21039,9.0789,3.1303,2.0473,0.12043,0.24887,-0.13207,-0.63989,-0.027543,0.45642,9.142,-1.7086,1.6072,-0.097522,0.91372,-0.25885,-0.59662,-0.41285,-0.039569,-9.359,1.9417,-1.6679,0.1671,0.1162,0.13139,0.44996,0.23504,-0.48824,-9.2781,-1.7095,-1.8293,0.18281,0.10906,0.049575,0.4378,-0.43517,0.42856
9.1037,-0.053831,1.7556,-0.21862,0.037263,-0.07034,-0.78798,-0.33509,0.2061,8.4654,3.1347,1.6523,0.24117,0.31649,-0.15506,-0.64543,-0.028417,0.4494,8.5955,-2.3526,0.8547,-0.57199,0.7036,-0.15316,-0.59056,-0.41466,-0.064019,-8.6732,3.1639,-2.7509,0.3997,0.29792,0.40815,0.45535,0.22634,-0.48745,-8.7261,-2.8011,-2.2861,0.23146,0.17292,-0.11766,0.4355,-0.43261,0.43372
8.1354,0.17529,1.981,0.088326,-0.18605,-0.11008,-0.78471,-0.33954,0.20733,7.5964,3.0891,1.5811,0.19345,0.35401,-0.19552,-0.65084,-0.032639,0.44206,7.0398,-2.6953,0.0963,-0.78695,0.56588,-0.090557,-0.58072,-0.41811,-0.09299,-7.9728,4.7731,-3.0987,0.45597,0.31546,0.95653,0.46943,0.20311,-0.48843,-7.6076,-5.4481,-3.0213,0.12424,0.28798,-0.55119,0.43856,-0.4248,0.44265
6.2103,0.64019,0.73096,0.078789,-0.30479,-0.087931,-0.77892,-0.34008,0.21598,5.7263,2.7393,1.2667,0.10792,0.32669,-0.25403,-0.65504,-0.034747,0.43333,4.5162,-2.7273,-0.66507,-0.86343,0.39476,-0.078448,-0.57616,-0.41754,-0.11733,-7.4425,4.3459,-0.86674,0.16345,0.4885,1.481,0.48595,0.17533,-0.48537,-6.3373,-7.4873,-2.6244,0.41429,0.2817,-1.2453,0.44968,-0.408,0.45114
3.8007,-0.24168,0.080254,-0.39583,-0.51313,0.17649,-0.7726,-0.34178,0.22453,3.9673,2.3231,1.1592,-0.13185,0.26239,-0.31856,-0.65913,-0.036917,0.4268,2.685,-3.9634,0.48266,-0.15965,-0.14144,0.00539,-0.57536,-0.41421,-0.1313,-6.5785,-0.024095,1.1812,0.37241,0.67977,1.5618,0.50459,0.14495,-0.47866,-4.3697,-6.2983,0.81111,0.64681,0.078378,-1.9916,0.46909,-0.37436,0.45852
4.323,-2.0955,-0.5247,-0.22921,-0.38368,0.37676,-0.76885,-0.3399,0.22988,3.5707,1.9342,0.87556,-0.36444,0.24476,-0.3391,-0.66098,-0.049624,0.41903,4.4099,-2.9013,4.2163,2.4354,-0.96245,0.31101,-0.57276,-0.4203,-0.097031,-5.4349,0.27471,-1.0471,0.38173,0.93073,1.3455,0.52169,0.11082,-0.47044,-8.6766,6.0703,2.7738,-1.2368,0.91336,-2.5443,0.49302,-0.33361,0.46751
7.8821,-1.5433,-1.2551,0.822,0.212,0.024853,-0.76515,-0.33168,0.23972,7.0375,2.1136,1.2889,-0.10141,0.31918,-0.26288,-0.65844,-0.057223,0.4144,10.391,2.2286,2.6798,2.8875,-0.69561,0.39729,-0.57374,-0.42592,-0.016095,-7.4792,4.4782,-0.25238,0.59331,1.0135,1.5359,0.53704,0.078572,-0.45732,-9.6588,4.6793,-4.0148,-2.8374,-0.45083,-1.0259,0.51033,-0.35813,0.42853
14.198,1.4534,-0.068642,0.1653,1.2381,-0.37,-0.76317,-0.32892,0.23189,11.9,3.2088,1.2994,0.38234,0.48496,-0.068473,-0.65764,-0.059081,0.40723,15.73,1.3191,2.0456,0.58302,0.000381,-0.10414,-0.56374,-0.43193,0.020677,-13.984,0.88767,-1.4971,1.0079,0.60381,1.0542,0.55177,0.035138,-0.44657,-13.637,-9.6255,-3.0299,0.43181,0.13547,-0.26064,0.5209,-0.36172,0.41692
26.942,-1.9111,11.779,-2.4095,-0.95079,-0.14256,-0.76258,-0.34814,0.20732,23.065,5.5632,0.96068,1.3421,0.46873,0.31969,-0.66137,-0.039383,0.39915,24.782,-2.5503,0.57539,-1.7177,0.17279,0.12542,-0.55617,-0.43352,0.009081,-22.485,-4.4539,-7.4018,0.76994,-0.022317,-0.34364,0.55333,0.005606,-0.44617,-19.824,-0.69141,-3.3046,1.0157,1.0808,-0.41252,0.5131,-0.3416,0.44401
26.219,-2.7661,0.97988,1.4477,0.49851,-0.046592,-0.76031,-0.34662,0.21248,28.168,7.175,0.91185,2.6503,0.61314,0.40148,-0.6705,0.003972,0.38879,25.857,-5.0454,2.278,-2.5888,0.44937,0.29724,-0.56201,-0.42361,-0.034983,-23.157,2.1895,1.3408,0.29218,-0.86072,-0.48008,0.54914,0.014184,-0.45451,-22.37,0.67666,-4.4794,0.89974,-0.48412,0.87542,0.50109,-0.33062,0.46441
22.552,-0.91383,4.59,0.11134,1.4899,0.12504,-0.77931,-0.33898,0.19364,18.61,8.8151,8.7637,1.8614,-0.50792,0.33322,-0.67239,0.044488,0.38017,20.233,-4.2533,6.6457,-2.394,0.16207,-0.17369,-0.57034,-0.40866,-0.083703,-23.405,0.64673,0.56475,-0.078811,-1.0818,-1.5638,0.53892,0.030281,-0.46629,-24.179,1.3183,-1.8413,-1.0132,-0.91203,1.6252,0.49926,-0.35929,0.44509
