8.6115,0.10326,4.1151,-0.010722,0.02548,0.000271,-0.38115,-0.008026,-0.10602,8.5775,3.1402,2.5949,-0.007675,0.009379,-0.012933,-0.37138,-0.097724,-0.13789,8.5728,-3.4793,2.3699,-0.018599,-0.006993,0.001343,-0.45058,0.10384,-0.093251,-9.4494,-1.4084,-0.51847,0.013205,-0.012909,0.003573,0.5357,0.10063,0.029207,-9.4946,1.0817,-0.46953,0.004431,0.008483,-0.008696,0.50039,-0.050955,-0.040159
8.6413,0.10308,4.1004,-0.013464,0.021033,0.001201,-0.38231,-0.009347,-0.1051,8.6656,3.1087,2.5855,-0.005931,0.005892,-0.009399,-0.3673,-0.10056,-0.13697,8.641,-3.4894,2.3907,-0.000902,0.000563,0.007579,-0.44509,0.10065,-0.091621,-9.4123,-1.3929,-0.60028,-0.000723,0.012608,-0.006841,0.52992,0.098508,0.022486,-9.4794,1.1787,-0.4466,-0.006408,0.00754,-0.008686,0.49643,-0.047589,-0.037291
8.6339,0.1032,4.0854,-0.004379,0.017227,-0.010628,-0.38416,-0.011441,-0.10435,8.6801,3.1452,2.5615,0.022845,0.01019,-0.020276,-0.36318,-0.10386,-0.13784,8.6264,-3.4455,2.3628,0.018646,0.002649,0.011139,-0.44001,0.099283,-0.090694,-9.4497,-1.3335,-0.48855,0.009839,0.002937,-0.005124,0.52768,0.096392,0.014483,-9.4794,1.1937,-0.4615,0.000782,0.000416,-0.007847,0.4924,-0.045679,-0.033733
8.5744,0.12597,4.0702,0.013778,0.023323,-0.013371,-0.38414,-0.014196,-0.10405,8.6214,3.0872,2.5195,0.009577,0.012725,-0.0344,-0.35731,-0.10519,-0.13957,8.5678,-3.3747,2.2825,0.006385,0.004126,0.000521,-0.43435,0.098681,-0.090637,-9.4052,-1.3031,-0.54771,0.00784,0.002042,0.00546,0.52329,0.093368,0.010727,-9.4348,0.99909,-0.41644,0.020703,0.003071,-0.012413,0.49045,-0.042308,-0.028939
8.5224,0.12662,4.0101,-0.002592,0.016377,-0.002428,-0.38552,-0.014758,-0.10207,8.5481,3.0243,2.4969,0.004764,0.000605,-0.004214,-0.35523,-0.10775,-0.13979,8.5044,-3.333,2.2588,0.025367,-0.012333,-0.010102,-0.43094,0.09842,-0.090328,-9.3454,-1.3028,-0.54651,0.00961,0.019617,0.007346,0.51916,0.091999,0.004082,-9.3897,1.0885,-0.41544,-0.009932,-0.004336,-0.017838,0.48699,-0.038406,-0.02633
8.53,0.14156,3.9655,-0.000865,-0.008869,-0.01235,-0.38709,-0.016724,-0.10131,8.5431,3.0148,2.4677,-0.016746,-0.004673,-0.004957,-0.35028,-0.11068,-0.13973,8.4751,-3.2843,2.2282,0.011384,-0.008252,-0.024244,-0.42946,0.095763,-0.088544,-9.2855,-1.3251,-0.54529,0.009063,0.003734,-0.009537,0.51426,0.091484,-0.001021,-9.3148,1.0884,-0.47394,0.002618,0.01746,-0.005095,0.48353,-0.036347,-0.024219
8.4555,0.11264,3.9349,-0.006232,0.009172,-0.004237,-0.3883,-0.019003,-0.098761,8.4917,2.9665,2.4331,0.01896,-0.018847,-0.002676,-0.34747,-0.1136,-0.14081,8.4069,-3.3228,2.262,-0.016356,-0.000187,-0.02075,-0.42556,0.094581,-0.088435,-9.2561,-1.2648,-0.57477,0.006115,-0.010354,0.001846,0.50972,0.088592,-0.004784,-9.3149,0.98353,-0.39952,0.000889,-0.000697,-0.01606,0.47968,-0.032861,-0.019754
8.4257,0.13511,3.9348,-0.006232,0.005522,-0.008783,-0.38956,-0.021125,-0.097169,8.4721,2.9809,2.4525,-0.002644,-0.014267,0.013532,-0.34478,-0.116,-0.14178,8.4119,-3.386,2.2632,-0.019884,0.005191,-0.022514,-0.42436,0.095039,-0.087004,-9.2561,-1.2648,-0.57477,0.013628,0.000189,-0.015728,0.50388,0.085001,-0.010056,-9.2699,1.0731,-0.4284,0.006162,0.013946,-0.001528,0.47522,-0.030673,-0.018476
8.4108,0.12782,3.9347,0.004539,0.000299,0.009492,-0.39053,-0.020779,-0.09504,8.4207,2.9955,2.4426,0.015333,-0.010811,0.00806,-0.34264,-0.11872,-0.14097,8.3485,-3.3565,2.2666,-0.014597,-0.003744,-0.019009,-0.42484,0.094408,-0.086634,-9.1813,-1.2721,-0.55075,0.001945,0.007214,-0.009506,0.49881,0.082355,-0.013318,-9.255,0.98333,-0.42092,0.017011,0.007652,-0.004313,0.472,-0.027703,-0.014645
8.3811,0.13564,3.8897,-0.00085,0.006568,0.007629,-0.39119,-0.02189,-0.092347,8.4231,3.0342,2.4695,-0.012609,-0.028404,0.013538,-0.34126,-0.12036,-0.14203,8.3193,-3.3734,2.2714,0.00132,-0.007055,-0.011942,-0.42348,0.094489,-0.087069,-9.1804,-1.2716,-0.54353,0.002528,0.007328,0.007154,0.49496,0.083278,-0.016513,-9.225,1.0354,-0.39786,0.007101,0.003069,-0.007048,0.46803,-0.025521,-0.012021
8.3661,0.12077,3.9343,-0.013548,-0.001484,0.001262,-0.39236,-0.022752,-0.088997,8.4158,3.022,2.4718,0.007184,-0.024077,0.006281,-0.33877,-0.12235,-0.14405,8.3216,-3.2957,2.2456,0.015474,-0.006794,-0.006617,-0.42263,0.094311,-0.085262,-9.1206,-1.2714,-0.53483,0.020445,0.021357,0.001958,0.49104,0.079946,-0.01906,-9.1799,1.1474,-0.44909,0.003601,0.006501,-0.013374,0.46391,-0.022943,-0.009675
8.3511,0.091404,3.8967,0.011736,-0.008706,0.012267,-0.39281,-0.023836,-0.08738,8.3841,3.0388,2.5106,0.015231,-0.021435,0.008005,-0.33858,-0.12366,-0.14324,8.3192,-3.2932,2.2553,-0.02598,0.00971,0.011915,-0.4229,0.094067,-0.085646,-9.1056,-1.2639,-0.51202,-0.004237,0.015214,-0.008673,0.4868,0.079316,-0.021365,-9.1202,1.0126,-0.41856,0.003566,-0.000669,-0.012538,0.45989,-0.019439,-0.007609
8.3588,0.11372,3.8596,0.002707,-0.00326,0.013143,-0.39336,-0.024415,-0.085093,8.3574,2.8984,2.4733,-0.004113,-0.003045,-0.013103,-0.33943,-0.12478,-0.14482,8.3144,-3.3272,2.2509,0.008377,-0.005079,-0.008393,-0.42276,0.092765,-0.085224,-9.1058,-1.2413,-0.52706,-0.009661,0.008181,-0.005189,0.48345,0.076213,-0.02336,-9.1501,1.0276,-0.39661,-0.008103,0.015391,-0.014198,0.4577,-0.016585,-0.004276
8.3216,0.12883,3.8594,0.019928,-0.003435,0.009516,-0.39282,-0.024881,-0.082492,8.3428,2.8934,2.4975,0.004778,0.013013,0.006469,-0.33731,-0.12704,-0.14195,8.2704,-3.2687,2.2443,0.026001,-0.013732,0.002201,-0.42412,0.093739,-0.087206,-9.1057,-1.2713,-0.54203,0.015244,0.009029,-0.005189,0.47924,0.075047,-0.025135,-9.1051,1.0275,-0.42574,0.006228,-0.000589,-0.008934,0.45428,-0.013331,-0.003116
8.3366,0.12889,3.8147,0.018153,0.002843,0.009486,-0.39422,-0.025298,-0.081053,8.3717,2.952,2.4178,0.002853,-0.002835,0.009968,-0.33804,-0.12906,-0.14376,8.2509,-3.2297,2.214,0.006424,-0.022116,0.000393,-0.42545,0.094298,-0.086286,-9.0759,-1.2338,-0.51146,0.006482,0.005502,-0.012265,0.47686,0.072306,-0.026821,-9.1502,0.99785,-0.44152,0.009793,0.008511,-0.003433,0.45261,-0.009419,0.000347
8.3663,0.14329,3.8598,0.010897,0.002017,0.009486,-0.39458,-0.025645,-0.077675,8.3643,2.9376,2.3885,-0.005971,0.009521,0.006546,-0.33797,-0.12916,-0.14479,8.2826,-3.2565,2.2052,-0.002214,-0.008014,-0.013712,-0.42621,0.092389,-0.086396,-9.1136,-1.1814,-0.52728,0.002762,0.004649,-0.005201,0.47363,0.071502,-0.028288,-9.1201,1.0724,-0.44828,-0.00641,-0.002423,-0.00891,0.45002,-0.007081,0.001683
8.3067,0.11437,3.7995,-0.007969,0.021695,-0.001579,-0.39522,-0.02631,-0.077018,8.3006,2.9378,2.3589,0.000327,0.013038,0.006501,-0.33784,-0.13082,-0.14514,8.2705,-3.2881,2.23,-0.009525,-0.016032,-0.004912,-0.42709,0.090226,-0.08638,-9.0609,-1.2636,-0.53363,-0.005152,-0.003292,-0.008805,0.47154,0.070661,-0.029175,-9.1202,0.99776,-0.45596,-0.010029,-0.002417,-0.007994,0.4478,-0.001985,0.004974
8.3214,0.1139,3.8891,-0.000858,0.00568,0.00945,-0.39565,-0.02714,-0.075131,8.3273,3.008,2.374,-0.00626,-0.009783,0.022454,-0.33885,-0.13033,-0.14469,8.3021,-3.2932,2.255,-0.002595,-0.018466,0.004814,-0.42975,0.090459,-0.086775,-9.0982,-1.2415,-0.48189,0.003703,0.010802,-0.006933,0.46929,0.067159,-0.031248,-9.1202,0.99024,-0.44104,-0.0011,0.003159,0.000162,0.44452,0.001137,0.006273
8.3437,0.098902,3.8892,-0.00623,0.010983,0.000301,-0.39618,-0.02688,-0.074882,8.3568,3.0151,2.4107,-0.016031,-0.025878,-0.000664,-0.33913,-0.13103,-0.14275,8.3216,-3.2787,2.2697,0.01199,-0.019652,-0.010179,-0.43039,0.088806,-0.087012,-9.1205,-1.2864,-0.5123,-0.004348,0.002901,-0.004352,0.4685,0.066883,-0.030494,-9.1352,1.0127,-0.4487,-0.00822,-0.004217,-0.008908,0.44403,0.003485,0.009006
8.3213,0.084325,3.874,-0.008012,0.021834,0.007545,-0.39574,-0.026903,-0.074187,8.3255,2.9807,2.5051,-0.001642,-0.014436,-0.000729,-0.33991,-0.13129,-0.14279,8.3045,-3.2884,2.2843,0.010107,-0.003199,-0.006621,-0.43026,0.08867,-0.086875,-9.0911,-1.1962,-0.54182,0.018977,0.012534,-0.013973,0.46805,0.06692,-0.031306,-9.1276,1.0426,-0.44102,-0.004677,0.006696,-0.001613,0.44464,0.006892,0.012552
8.3214,0.099171,3.8667,0.003794,0.017082,-0.00701,-0.3964,-0.026971,-0.071365,8.3134,2.9854,2.5366,0.002794,-0.018869,-0.000789,-0.33989,-0.13117,-0.14253,8.2996,-3.23,2.2417,0.013573,-0.0103,-0.001327,-0.43116,0.087415,-0.087263,-9.1067,-1.227,-0.51179,0.013213,-0.00163,0.001913,0.46787,0.066174,-0.031465,-9.1201,1.0724,-0.44081,0.000785,-0.010463,-0.008981,0.44264,0.008716,0.012853
8.396,0.12071,3.8897,0.011992,0.030542,-0.0034,-0.39667,-0.027294,-0.068933,8.3526,2.9659,2.5562,-0.006009,-0.006543,-0.00776,-0.33982,-0.13365,-0.14157,8.3387,-3.2812,2.2505,-0.000641,0.016736,-0.005698,-0.4317,0.085506,-0.088116,-9.1366,-1.2271,-0.51239,-0.011157,0.001042,-0.021894,0.46674,0.065581,-0.032439,-9.1652,0.98293,-0.42687,-0.002952,-0.002176,0.001961,0.44289,0.012117,0.016786
8.3364,0.12125,3.8744,-0.01704,0.023625,0.002056,-0.3966,-0.026807,-0.067578,8.3768,3.0122,2.5104,0.001065,-0.006442,0.002862,-0.33993,-0.13199,-0.14096,8.2948,-3.298,2.2574,0.008949,0.006215,0.005758,-0.43412,0.083276,-0.088679,-9.0992,-1.242,-0.51162,-0.004601,0.008954,0.004629,0.46543,0.065904,-0.033687,-9.1501,1.0128,-0.44148,-0.006461,0.013866,-0.001549,0.44294,0.013956,0.017817
8.3065,0.10667,3.8741,-0.004301,0.026065,-0.009797,-0.39663,-0.027578,-0.068116,8.3522,3.0462,2.4958,-0.019216,0.009291,-0.020007,-0.34069,-0.13149,-0.14063,8.2753,-3.2857,2.2447,0.024228,0.006216,0.000473,-0.43436,0.083024,-0.088433,-9.1067,-1.2271,-0.49678,0.008183,0.021256,-0.01028,0.4656,0.064601,-0.033412,-9.1202,0.98266,-0.41117,0.008187,0.007285,-0.018826,0.44205,0.015377,0.020421
8.3661,0.11348,3.9044,-0.00437,0.016276,-0.006099,-0.39674,-0.029222,-0.065261,8.3326,2.9761,2.4468,-0.011105,0.011032,-0.021857,-0.3405,-0.1319,-0.13957,8.2997,-3.2834,2.2157,0.018672,-0.003567,0.011052,-0.43502,0.081118,-0.089167,-9.1439,-1.272,-0.5425,-0.004255,0.010724,-0.010365,0.46558,0.064493,-0.03394,-9.1352,1.0278,-0.47107,0.013466,0.002138,-0.00892,0.443,0.018545,0.021324
8.3213,0.11378,3.919,0.008532,0.055535,-0.012638,-0.39641,-0.028274,-0.066611,8.3473,2.9472,2.4176,-0.00489,0.012875,-0.013008,-0.34172,-0.13175,-0.14055,8.3046,-3.2664,2.2081,0.007998,-0.000974,0.009282,-0.43602,0.081283,-0.088972,-9.0992,-1.2345,-0.51163,0.013282,0.003646,-0.000699,0.46557,0.063233,-0.034728,-9.1501,1.0202,-0.41158,0.000876,0.006499,-0.01247,0.4423,0.019713,0.022875
8.2618,0.11438,3.8887,-0.007978,0.024444,0.002058,-0.39675,-0.030134,-0.06539,8.3128,2.9764,2.3932,-0.011233,0.002277,-0.013015,-0.34115,-0.13229,-0.13973,8.3046,-3.2785,2.2206,-0.001802,0.002557,0.008394,-0.43517,0.079707,-0.089637,-9.1221,-1.1519,-0.54219,0.005167,0.011593,0.004666,0.46519,0.062703,-0.034218,-9.1502,0.98296,-0.4565,-0.000807,0.002727,-0.021535,0.44386,0.01985,0.024119
8.3214,0.1139,3.8891,-0.026018,0.025247,-0.016204,-0.39748,-0.030685,-0.064059,8.3008,2.8939,2.3928,-0.020192,-0.01372,-0.02371,-0.34165,-0.13236,-0.14183,8.2825,-3.2154,2.2534,0.005587,-0.004973,-0.003979,-0.43539,0.077384,-0.08908,-9.1142,-1.227,-0.51194,-0.008104,0.008964,0.001986,0.46564,0.061006,-0.037221,-9.1501,1.0128,-0.44148,-0.002697,0.008244,-0.014259,0.44349,0.020897,0.024753
8.3435,0.06921,3.9039,-0.004369,0.012625,-0.010647,-0.39742,-0.029868,-0.065283,8.411,2.9422,2.4423,-0.002469,-0.017119,-0.007842,-0.34217,-0.13102,-0.13917,8.3263,-3.1791,2.2265,-0.023172,-0.001338,0.005727,-0.43768,0.075277,-0.089515,-9.1365,-1.2421,-0.51237,0.00279,0.015116,-0.007679,0.46527,0.063511,-0.035137,-9.1877,0.9233,-0.43489,-0.001046,0.00669,-0.003399,0.44592,0.022484,0.027194
8.3811,0.13559,3.9047,-0.013362,0.021593,-0.016164,-0.39796,-0.031889,-0.062849,8.4063,2.925,2.4883,-0.031132,-0.02955,-0.017455,-0.34396,-0.13105,-0.13875,8.3776,-3.2888,2.2903,-0.016392,0.003481,-0.019865,-0.4377,0.074506,-0.089871,-9.1217,-1.227,-0.5346,0.027344,0.007164,0.007269,0.46676,0.061872,-0.036644,-9.1575,1.0801,-0.44142,0.009711,-0.002169,0.000114,0.44614,0.02353,0.028645
8.2693,0.12908,3.9038,-0.009719,0.023309,-0.018002,-0.39819,-0.029811,-0.062196,8.309,2.8374,2.5578,-0.000662,-0.010973,-0.006075,-0.34405,-0.13081,-0.13798,8.2557,-3.2444,2.2559,-0.002564,0.019641,0.000468,-0.43794,0.074256,-0.08975,-9.0619,-1.2417,-0.54088,0.023853,0.018581,0.005578,0.46747,0.063116,-0.035691,-9.1351,1.0127,-0.42629,0.019678,0.003201,-0.001691,0.4463,0.023397,0.028918
8.3065,0.12878,3.904,-0.014338,0.012712,-0.008839,-0.39836,-0.031496,-0.062732,8.3037,2.9562,2.5437,-0.013267,-0.002884,0.006536,-0.34466,-0.1316,-0.13748,8.2217,-3.2685,2.2778,-0.021969,-0.005301,-0.00845,-0.4371,0.073456,-0.090564,-9.107,-1.1819,-0.54185,0.027679,0.007148,-0.008606,0.46784,0.062391,-0.037121,-9.1502,0.98291,-0.44156,0.0052,-0.002187,0.000125,0.4486,0.02406,0.031373
8.314,0.12878,3.8892,-0.010641,0.021553,-0.016168,-0.39784,-0.031356,-0.063255,8.4259,3.0168,2.5399,-0.013377,-0.006307,0.01544,-0.34441,-0.13237,-0.13771,8.2754,-3.3343,2.2676,0.003242,0.023677,-0.020717,-0.43842,0.071321,-0.091827,-9.1145,-1.167,-0.51951,0.020252,-0.002513,0.004567,0.46837,0.060881,-0.038278,-9.18,1.0428,-0.4419,0.009642,-0.000259,0.005565,0.44787,0.024718,0.030673
8.2843,0.18802,3.9565,-0.008994,0.007495,0.005785,-0.39964,-0.031252,-0.061565,8.3647,2.9854,2.5297,-0.023909,-0.003843,-0.005816,-0.34605,-0.12913,-0.13877,8.2316,-3.3365,2.24,0.002154,0.01032,-0.010159,-0.43804,0.06898,-0.091741,-9.1068,-1.2046,-0.4893,0.008972,0.012456,-0.006807,0.46905,0.062532,-0.037854,-9.135,1.08,-0.44104,-0.01085,0.006454,-0.012451,0.44881,0.024318,0.032439
8.3511,0.11351,3.9267,-0.004371,0.026301,0.006625,-0.39919,-0.03089,-0.0606,8.3377,2.9613,2.4905,-0.009368,0.024417,-0.005794,-0.34609,-0.13084,-0.13757,8.2657,-3.3537,2.2457,-0.015047,0.004114,0.002181,-0.43886,0.070034,-0.090557,-9.1368,-1.1895,-0.54244,0.002685,0.001915,-0.004233,0.46957,0.063065,-0.03849,-9.1802,0.95317,-0.44215,-0.013602,0.008324,-0.008789,0.44904,0.025114,0.032165
8.3138,0.11369,3.9562,-0.007984,0.024463,0.001154,-0.39889,-0.03097,-0.062622,8.3325,2.9932,2.4299,-0.001329,0.013767,-0.011251,-0.34699,-0.13034,-0.13724,8.29,-3.3344,2.2556,-0.009646,-0.008631,0.000403,-0.43872,0.069895,-0.090169,-9.1365,-1.2421,-0.52738,0.000844,-0.006884,-0.001657,0.47064,0.063719,-0.039099,-9.165,1.0577,-0.44161,-0.002801,0.006603,-0.007029,0.45106,0.024853,0.03423
8.3064,0.10649,3.9188,-0.000739,0.026239,0.004801,-0.39869,-0.031005,-0.061393,8.3717,2.952,2.4129,0.013014,0.005742,-0.018524,-0.34526,-0.13073,-0.13649,8.2851,-3.3247,2.2651,0.004354,-0.001825,0.012797,-0.43899,0.068359,-0.090642,-9.1366,-1.2346,-0.52738,-0.002374,0.012477,-0.015639,0.47036,0.062587,-0.039769,-9.1877,0.98316,-0.46461,-0.019182,-0.007642,0.000165,0.45117,0.025648,0.033952
8.3437,0.13571,3.9491,0.006463,0.021773,0.008485,-0.3995,-0.029691,-0.061299,8.335,2.9255,2.3931,0.017546,0.005682,-0.023908,-0.34523,-0.13023,-0.13586,8.324,-3.2642,2.294,0.02611,0.004249,-0.004813,-0.43987,0.068135,-0.090681,-9.2041,-1.1823,-0.5288,-0.0017,0.007234,-0.006839,0.47096,0.061898,-0.038817,-9.2252,0.89341,-0.3833,0.000782,0.011149,-0.005164,0.4493,0.025498,0.033895
8.3661,0.12821,3.9269,0.01091,0.007435,0.011289,-0.40047,-0.032148,-0.061998,8.4108,2.9279,2.3839,0.015429,-0.009986,0.000937,-0.34661,-0.12879,-0.13725,8.3971,-3.25,2.2655,-0.0151,-0.004988,0.003975,-0.43975,0.068,-0.09067,-9.1815,-1.2122,-0.52831,0.006208,-0.006869,-0.003414,0.47063,0.062966,-0.043049,-9.21,1.043,-0.46482,-0.002898,-0.002235,-0.00164,0.45104,0.023787,0.035578
8.4855,0.15685,3.9354,-0.00352,0.016462,0.005772,-0.39965,-0.031118,-0.061702,8.489,2.986,2.3992,0.045906,-0.001154,0.002533,-0.34632,-0.12957,-0.1367,8.4653,-3.2648,2.2374,-0.03307,0.011348,0.009305,-0.43864,0.067963,-0.091115,-9.2562,-1.2275,-0.5448,0.015068,0.003719,-0.000693,0.47217,0.065472,-0.041666,-9.2775,1.0283,-0.44359,0.000764,0.010308,-0.003343,0.45211,0.024061,0.035607
8.4627,0.11232,4.0021,-0.006139,0.027082,-0.007046,-0.40164,-0.031114,-0.061102,8.4893,3.0147,2.482,0.042245,-0.026032,-0.01179,-0.3479,-0.12925,-0.13473,8.4581,-3.2989,2.2917,-0.050614,0.00628,-0.004863,-0.438,0.06742,-0.090941,-9.2859,-1.2428,-0.50036,0.0091,0.001975,-0.013059,0.47292,0.064141,-0.040837,-9.33,0.98381,-0.45954,0.009809,0.024735,-0.001435,0.45175,0.025107,0.036374
8.4328,0.097592,4.0391,-0.007982,0.025374,-0.00157,-0.40087,-0.032016,-0.061879,8.5017,3.0193,2.5307,0.041162,-0.032982,0.002413,-0.34806,-0.13187,-0.13339,8.4606,-3.3767,2.3396,-0.054139,0.003466,-0.006646,-0.43949,0.06618,-0.09048,-9.3009,-1.2427,-0.53068,0.001099,0.007273,-0.012142,0.47293,0.064126,-0.040441,-9.3449,0.99882,-0.45975,0.006017,0.005192,0.007495,0.45262,0.024713,0.037207
8.4923,0.11163,4.1143,0.006552,0.03788,0.00023,-0.40272,-0.032283,-0.061001,8.5288,3.0142,2.5745,0.040468,-0.010052,-0.002789,-0.34988,-0.13188,-0.13362,8.4679,-3.4059,2.3475,-0.033285,0.005954,-0.022515,-0.44007,0.067252,-0.092174,-9.3307,-1.2429,-0.51627,0.011775,0.003753,-0.013046,0.47207,0.064675,-0.04101,-9.3299,1.0436,-0.45938,-0.00279,0.004823,-0.008775,0.45307,0.023935,0.03604
8.5444,0.081786,4.0622,0.013643,0.009193,0.004012,-0.40233,-0.031034,-0.063842,8.58,3.0966,2.5898,0.05105,-0.025928,0.000617,-0.34815,-0.13164,-0.13263,8.529,-3.4693,2.3251,-0.034606,0.003742,-0.001313,-0.44012,0.066852,-0.090657,-9.3905,-1.2431,-0.51747,0.004498,0.007317,-0.005078,0.4734,0.063052,-0.039494,-9.4348,0.99935,-0.49115,-0.002821,0.002203,-0.006935,0.45302,0.024204,0.035368
8.619,0.095973,4.0704,0.008142,-0.003296,0.004067,-0.40284,-0.03242,-0.060733,8.6656,3.1305,2.5953,0.024105,-0.034693,0.00259,-0.35011,-0.13048,-0.13276,8.6021,-3.494,2.3706,-0.00929,-0.01648,-0.016323,-0.43898,0.066288,-0.090331,-9.4205,-1.2207,-0.53311,-0.002551,0.000296,-0.008653,0.47266,0.064125,-0.040322,-9.4647,1.059,-0.43173,-0.014502,0.001158,-0.012328,0.45389,0.0246,0.036453
8.6189,0.081038,4.1001,0.015386,-0.006995,-0.001378,-0.40396,-0.031601,-0.061597,8.7341,3.1547,2.6056,0.042106,-0.014328,0.007901,-0.34837,-0.13204,-0.13198,8.6117,-3.4236,2.3451,0.008988,-0.001245,0.004053,-0.44127,0.066639,-0.090961,-9.4651,-1.2584,-0.51895,-0.004649,0.010893,0.007299,0.47308,0.064372,-0.040171,-9.5096,1.0745,-0.50716,-0.004732,0.008677,0.002189,0.45483,0.025283,0.034741
8.7233,0.11718,4.116,0.02979,-0.008623,0.0169,-0.40329,-0.030692,-0.061577,8.7075,3.0916,2.6246,0.01272,-0.018908,-0.013235,-0.35086,-0.13114,-0.13253,8.6653,-3.4167,2.3898,0.00586,-0.020017,-0.016288,-0.44073,0.066611,-0.090179,-9.5247,-1.3035,-0.56512,-0.003409,0.000345,-0.008667,0.47371,0.065052,-0.041328,-9.5845,1.0746,-0.43371,0.011637,0.008533,-0.008672,0.45486,0.023816,0.036764
8.6938,0.16199,4.0863,0.014503,0.00935,0.013151,-0.40424,-0.030678,-0.061751,8.7443,3.0237,2.6245,0.038584,-0.015264,0.002574,-0.35099,-0.13102,-0.13241,8.675,-3.3924,2.3651,0.010025,-0.007813,-0.003005,-0.44177,0.065237,-0.090947,-9.4949,-1.281,-0.53453,0.012393,0.003838,0.000187,0.47357,0.065059,-0.041467,-9.5472,1.0448,-0.52281,0.006082,-0.005648,0.000275,0.45292,0.023409,0.035646
8.7012,0.14717,4.0713,0.015397,0.006652,0.013164,-0.40338,-0.030451,-0.060769,8.7292,3.1257,2.5884,0.015324,-0.004571,0.008168,-0.35073,-0.13249,-0.13029,8.6556,-3.4166,2.3701,0.010212,-0.005306,-0.011839,-0.44114,0.06547,-0.090796,-9.555,-1.2286,-0.5508,0.008159,-0.001415,-0.010427,0.47334,0.065271,-0.040161,-9.5771,1.0299,-0.47853,0.006813,-0.001796,0.012977,0.45507,0.024483,0.036094
8.7906,0.1316,4.0793,0.002708,0.004051,0.011342,-0.4054,-0.03109,-0.060573,8.8025,3.1307,2.5476,0.009109,-0.001018,0.006472,-0.35122,-0.13129,-0.1319,8.6995,-3.4459,2.3346,-0.016578,-0.004588,-0.010092,-0.44058,0.065956,-0.089776,-9.5848,-1.2437,-0.55139,0.004766,0.00212,-0.017463,0.4735,0.065253,-0.039759,-9.6445,1.0151,-0.44983,0.000539,-0.003686,0.008488,0.45431,0.023022,0.036362
8.7832,0.1832,4.1617,0.006355,0.013955,0.014958,-0.40446,-0.030439,-0.060812,8.7976,3.1307,2.55,0.015474,-0.004687,-0.007828,-0.35058,-0.1318,-0.13211,8.7337,-3.4946,2.3335,-0.025758,-0.000721,0.002275,-0.44102,0.065078,-0.090904,-9.5997,-1.2439,-0.52167,0.001058,0.007419,-0.010366,0.47385,0.06569,-0.041192,-9.5994,1.1645,-0.50843,-0.021075,0.003376,0.007657,0.45575,0.023302,0.036138
8.8128,0.12381,4.1317,-0.002625,0.021067,0.005794,-0.40592,-0.030441,-0.060191,8.8268,3.1744,2.5455,0.024315,-0.001021,0.007246,-0.35183,-0.13067,-0.13117,8.7484,-3.5189,2.3268,-0.031973,-0.004439,0.00138,-0.44277,0.066565,-0.090785,-9.6441,-1.3488,-0.59748,0.003008,0.010951,-0.015659,0.47374,0.066302,-0.040277,-9.6895,1.0004,-0.45063,-0.001155,-0.002052,0.000384,0.45495,0.023558,0.036107
8.8276,0.13098,4.1617,0.006372,0.007525,0.00222,-0.40615,-0.031238,-0.059653,8.866,3.184,2.5482,0.015295,-0.013396,0.004595,-0.35263,-0.13131,-0.13172,8.7873,-3.5095,2.3688,-0.023127,0.000231,0.00406,-0.44249,0.064481,-0.090209,-9.6593,-1.2815,-0.55284,0.001148,0.003923,-0.013927,0.47402,0.066421,-0.040132,-9.6445,1.0525,-0.46467,0.013417,0.0032,-0.00778,0.45745,0.023045,0.037393
8.8425,0.12345,4.1618,-0.002704,0.00219,0.000408,-0.40632,-0.031483,-0.0602,8.8564,3.1959,2.5968,0.012786,0.002427,-0.004191,-0.35335,-0.13121,-0.13072,8.8361,-3.5438,2.4044,-0.004341,-0.012416,0.002299,-0.44289,0.067085,-0.09068,-9.7114,-1.3043,-0.53886,0.0046,0.009229,-0.008597,0.47591,0.06796,-0.040573,-9.7344,1.0457,-0.5185,0.007773,0.001767,0.00945,0.45579,0.022639,0.03655
8.9021,0.13026,4.1921,0.002682,0.002316,0.011366,-0.40654,-0.029548,-0.059138,8.93,3.1643,2.6263,0.012597,-0.015176,0.00284,-0.35413,-0.13147,-0.13089,8.8628,-3.4856,2.394,0.006217,0.005995,0.007661,-0.44292,0.065259,-0.088746,-9.7339,-1.2894,-0.54683,0.008214,0.021557,-0.010273,0.47596,0.067156,-0.039779,-9.7867,1.1204,-0.46689,0.00436,0.008641,-0.004946,0.45761,0.021594,0.037559
8.8798,0.12315,4.162,-0.004476,0.010278,0.000375,-0.40824,-0.030667,-0.060688,8.9008,3.135,2.6576,0.023251,-0.014228,0.013419,-0.35328,-0.1299,-0.13152,8.87,-3.4711,2.4036,-0.004488,0.002262,0.007644,-0.44233,0.066149,-0.089494,-9.7039,-1.3341,-0.56869,0.016428,0.023286,-0.019095,0.47524,0.067058,-0.040339,-9.7343,1.1053,-0.48098,-0.006549,0.004216,0.000455,0.45653,0.021468,0.035532
8.8425,0.13821,4.1768,0.000851,0.000565,0.015013,-0.40844,-0.030308,-0.059343,8.8812,3.1689,2.6649,0.006458,-0.001085,-0.001487,-0.35439,-0.13109,-0.13078,8.8287,-3.4855,2.3837,-0.00776,0.009163,-0.006489,-0.44295,0.066559,-0.089412,-9.719,-1.2892,-0.56154,-0.011549,0.011017,-0.001525,0.47625,0.067394,-0.039371,-9.7567,1.1202,-0.45144,0.006169,0.002327,-0.006815,0.45672,0.02041,0.036089
8.8276,0.1236,4.1542,-0.002726,0.00591,0.011334,-0.40926,-0.03003,-0.059649,8.8934,3.1448,2.6357,-0.006087,0.003412,0.004862,-0.35385,-0.13187,-0.13048,8.836,-3.5243,2.3772,-0.002245,0.005386,-0.013557,-0.4447,0.065588,-0.089098,-9.6816,-1.2892,-0.54578,-0.007929,0.028599,-0.003167,0.47581,0.066915,-0.04018,-9.7043,1.12,-0.46549,0.000492,0.001801,0.01307,0.45546,0.021985,0.035488
8.9021,0.10815,4.1621,0.003711,0.014661,-0.003279,-0.4079,-0.029656,-0.059462,8.9322,3.2152,2.612,0.004529,-0.002693,0.01365,-0.35558,-0.12967,-0.131,8.8702,-3.5148,2.3604,0.002877,-0.014272,-0.001216,-0.444,0.065701,-0.090196,-9.7113,-1.3492,-0.56882,-0.002187,0.01891,-0.021777,0.4757,0.06778,-0.039134,-9.7193,1.0751,-0.42105,-0.00296,0.001532,0.000423,0.45871,0.021485,0.036133
8.8574,0.13797,4.2067,-0.008067,0.020217,0.003975,-0.40913,-0.029116,-0.05965,8.8735,3.1549,2.5627,0.001061,0.003443,0.008356,-0.35381,-0.13099,-0.12959,8.8409,-3.4952,2.3743,-0.006034,-0.012541,-0.002113,-0.44556,0.06678,-0.088673,-9.7189,-1.3191,-0.58401,0.013323,0.002182,-0.000709,0.47777,0.06763,-0.039299,-9.7194,1.0829,-0.51067,0.004218,0.004364,0.00585,0.45764,0.020684,0.035981
8.8424,0.1012,4.1691,-0.000884,0.003971,0.000403,-0.40834,-0.028852,-0.060028,8.8462,3.2036,2.5215,-0.002503,-0.011696,-0.005921,-0.35559,-0.12915,-0.13114,8.8262,-3.4781,2.3664,-0.012936,-0.008342,-0.013596,-0.44534,0.066906,-0.089294,-9.704,-1.2893,-0.53873,-0.000894,0.007476,-0.001548,0.47691,0.068431,-0.039737,-9.7343,1.0902,-0.4362,0.009681,-0.005623,-0.001459,0.45952,0.020965,0.036169
8.8798,0.12315,4.162,-0.031593,0.021234,0.001202,-0.409,-0.028852,-0.059783,8.9002,3.1793,2.529,-0.013271,-0.018765,-0.008532,-0.35641,-0.1299,-0.13208,8.8433,-3.5122,2.3893,-0.000229,-0.003973,-0.024169,-0.44484,0.065597,-0.089482,-9.6816,-1.3114,-0.59828,-0.007491,0.003936,-0.024524,0.4772,0.068799,-0.039329,-9.7044,1.0753,-0.48056,0.007925,-0.018294,-0.006979,0.45745,0.02082,0.035174
8.8497,0.049485,4.1166,-0.010008,-0.01031,0.00136,-0.41146,-0.029988,-0.060414,8.9345,3.2034,2.5633,0.005539,-0.011686,-0.005082,-0.35745,-0.13016,-0.13226,8.8603,-3.4637,2.3398,-0.023639,-0.008441,-0.013597,-0.44583,0.066407,-0.089179,-9.7039,-1.3267,-0.55369,-0.002347,0.010109,-0.015656,0.47659,0.069235,-0.040412,-9.7493,1.0829,-0.46636,-0.006495,0.003231,-0.004067,0.45957,0.018998,0.034745
8.8798,0.10851,4.1172,-0.000897,-0.002354,-0.003217,-0.41116,-0.02857,-0.059734,8.8959,3.0964,2.6233,-0.007936,-0.03034,-0.014871,-0.35682,-0.12835,-0.13226,8.8312,-3.534,2.3846,-0.007397,0.008729,-0.023274,-0.44708,0.065676,-0.088845,-9.674,-1.334,-0.56809,-0.001635,0.003936,-0.007761,0.47814,0.068934,-0.039812,-9.7043,1.1052,-0.48048,0.010629,0.00513,-0.001404,0.45793,0.019249,0.034289
8.8725,0.13091,4.0874,-0.006212,0.016427,-0.008778,-0.41164,-0.02807,-0.058672,8.8937,3.0405,2.6401,0.019052,-0.004692,-0.007851,-0.35761,-0.12957,-0.13034,8.8166,-3.5339,2.3697,-0.000603,-0.008939,-0.005642,-0.44726,0.065283,-0.087588,-9.659,-1.3563,-0.59777,0.013757,0.012703,-0.019176,0.47881,0.06996,-0.039914,-9.7268,1.0453,-0.42125,0.005927,-2.2e-05,0.010345,0.46004,0.018995,0.035691
8.8724,0.12339,4.1172,0.002813,0.013729,-0.005105,-0.4132,-0.028017,-0.06009,8.9447,3.1401,2.6093,-0.00437,-0.008063,0.004795,-0.35917,-0.12778,-0.1302,8.8019,-3.5217,2.3546,-0.013117,-0.003556,-0.004765,-0.44747,0.064014,-0.089195,-9.6817,-1.2965,-0.58329,0.020815,0.004785,-0.018335,0.47645,0.07013,-0.040158,-9.7044,1.0678,-0.46564,0.009658,0.016028,0.005909,0.4586,0.018993,0.034182
8.8797,0.10839,4.147,-0.00441,0.020086,-0.003317,-0.41339,-0.026881,-0.058479,8.9397,3.1547,2.5898,0.008255,-0.000153,0.001177,-0.35898,-0.12859,-0.12914,8.797,-3.4803,2.3245,-0.009696,-0.005156,0.002304,-0.44692,0.064888,-0.088187,-9.7341,-1.2668,-0.55436,-0.005979,-0.002193,-0.013965,0.47882,0.070466,-0.039652,-9.7791,1.1652,-0.4517,-0.0076,-0.009073,0.007623,0.45882,0.016878,0.035026
8.8571,0.078704,4.2064,0.000922,0.012177,0.011316,-0.41411,-0.026852,-0.059321,8.9056,3.1254,2.6357,-0.008651,0.011309,-0.002188,-0.36122,-0.12851,-0.13224,8.8116,-3.4853,2.3443,-0.011313,0.005507,-0.006504,-0.44712,0.066179,-0.087229,-9.6815,-1.334,-0.58324,-0.000584,-0.00487,-0.015765,0.47855,0.070966,-0.039139,-9.6893,1.1499,-0.46516,-0.008464,0.00886,0.009513,0.46041,0.016895,0.034944
8.8423,0.07906,4.1466,-0.008124,0.016772,0.016751,-0.41506,-0.027103,-0.059357,8.925,3.1281,2.5872,0.017308,0.013086,0.001166,-0.36025,-0.12861,-0.12869,8.8215,-3.5193,2.3353,-0.005184,-0.012453,0.000531,-0.44743,0.064781,-0.088461,-9.659,-1.349,-0.56777,-0.000331,0.009197,-0.026258,0.47845,0.070552,-0.041777,-9.7193,1.1051,-0.43591,-0.003119,-0.003624,0.011242,0.45924,0.016236,0.033323
8.902,0.093396,4.1471,0.003631,0.007638,0.008605,-0.41377,-0.027545,-0.057946,8.8833,3.1451,2.57,0.005609,0.006926,0.003003,-0.36123,-0.12665,-0.12982,8.8409,-3.5244,2.3895,-0.001591,-0.012484,-0.001227,-0.44766,0.066465,-0.088019,-9.674,-1.3191,-0.5531,-0.002391,-0.003108,-0.014866,0.47895,0.07225,-0.039123,-9.7268,1.1053,-0.48833,-0.002932,0.00152,-0.00048,0.4612,0.016903,0.034836
8.8425,0.10875,4.1318,0.010946,0.025577,0.014916,-0.41471,-0.027539,-0.057848,8.881,3.0894,2.5625,0.024433,0.005998,0.001056,-0.36063,-0.12675,-0.13056,8.836,-3.5001,2.4134,0.029585,-0.011267,0.000578,-0.44916,0.065097,-0.08768,-9.6814,-1.3417,-0.53821,-0.016655,0.005718,-0.012162,0.48019,0.070842,-0.039852,-9.7343,1.0603,-0.43628,0.00057,-0.001924,0.005825,0.46173,0.016646,0.034725
8.9022,0.10833,4.1173,0.000851,-0.007622,0.00593,-0.41517,-0.025154,-0.058833,8.9126,3.1355,2.5483,0.02268,0.004192,-0.005152,-0.36114,-0.12675,-0.13059,8.8603,-3.4637,2.3594,0.017105,-0.014102,0.000569,-0.44969,0.065745,-0.085715,-9.7411,-1.3568,-0.57691,0.008088,0.021563,-0.003228,0.47835,0.072175,-0.040337,-9.8092,1.1205,-0.46727,-0.000358,-0.010866,0.005799,0.46178,0.014401,0.035034
8.9021,0.093544,4.1098,0.011855,0.012809,-0.002351,-0.41643,-0.025968,-0.05725,8.8906,3.121,2.5481,0.01707,-0.015149,0.006345,-0.36243,-0.12664,-0.1304,8.8676,-3.4371,2.3663,0.010132,-0.003478,-0.008245,-0.44978,0.064992,-0.087709,-9.7037,-1.3642,-0.55364,-0.000602,0.007466,-0.013918,0.47937,0.072367,-0.038972,-9.7342,1.15,-0.45098,0.003161,0.00727,0.016731,0.4623,0.015067,0.034905
8.8723,0.078997,4.102,0.011837,0.003754,-0.0087,-0.41573,-0.025006,-0.059263,8.8612,3.1597,2.5602,0.021661,-0.006386,-0.000759,-0.36244,-0.12638,-0.13053,8.8481,-3.471,2.3666,-0.016867,0.009311,0.00234,-0.45074,0.06489,-0.08675,-9.6742,-1.2891,-0.55313,-0.00257,-0.002223,-0.006912,0.47812,0.073403,-0.038638,-9.6893,1.1349,-0.45026,0.000594,0.004338,0.005844,0.46174,0.014801,0.034494
8.8574,0.093875,4.1169,-0.00358,0.016691,0.013111,-0.41578,-0.025179,-0.057636,8.8759,3.1742,2.5701,0.015207,-0.018654,0.009904,-0.36319,-0.12601,-0.13006,8.8506,-3.4807,2.3595,0.002145,5.4e-05,-0.010022,-0.451,0.066192,-0.0868,-9.629,-1.3788,-0.58214,-0.011413,0.005686,-0.006879,0.47932,0.072795,-0.040029,-9.6894,1.0528,-0.48037,0.0023,0.000909,0.013056,0.46355,0.013376,0.033514
8.9021,0.093455,4.1322,-0.000821,0.011064,-0.006008,-0.4158,-0.026869,-0.058032,8.8806,3.247,2.568,0.004679,-0.0064,-0.005939,-0.36271,-0.12528,-0.12824,8.8677,-3.4856,2.355,0.011914,0.005634,-0.008228,-0.45067,0.064639,-0.08787,-9.7187,-1.3642,-0.56895,0.002261,0.007464,-0.022742,0.48018,0.073645,-0.038937,-9.7866,1.1503,-0.46681,-0.019179,-0.007541,-0.003189,0.46365,0.013893,0.034971
8.9021,0.13767,4.1922,0.006529,0.024324,-0.017906,-0.41731,-0.025533,-0.058508,8.8929,3.1889,2.5533,0.010152,-0.002933,-0.013085,-0.36482,-0.12746,-0.12935,8.8433,-3.4855,2.3497,0.002761,0.013119,0.002368,-0.45027,0.065652,-0.08725,-9.7037,-1.3641,-0.56865,-0.000652,0.009228,-0.011259,0.48058,0.074036,-0.039182,-9.7492,1.1203,-0.4812,0.000581,-0.00102,0.005835,0.46309,0.014549,0.034674
8.8574,0.093875,4.1169,0.010071,0.014546,-0.006925,-0.41648,-0.026989,-0.058193,8.9125,3.213,2.5705,0.015484,-0.011806,-0.016726,-0.36455,-0.12605,-0.12884,8.8555,-3.4855,2.345,-0.005938,-0.011747,-0.006521,-0.45099,0.065932,-0.086667,-9.6737,-1.3866,-0.55302,-0.000522,0.005689,-0.017465,0.48114,0.073769,-0.039155,-9.6743,1.1199,-0.45005,0.003273,0.010691,0.009491,0.46338,0.011388,0.034477
8.8724,0.13803,4.1621,0.004605,0.007397,-0.009633,-0.41849,-0.024884,-0.057881,8.8857,3.1307,2.5481,0.013755,0.000608,-0.011327,-0.3664,-0.12694,-0.1297,8.8067,-3.4756,2.3539,0.008439,-0.007197,-0.011807,-0.4522,0.063924,-0.08818,-9.6889,-1.3341,-0.56088,-0.011491,0.015402,-0.003269,0.47961,0.073798,-0.039359,-9.7417,1.18,-0.48091,0.009647,-0.003752,0.002171,0.46493,0.013384,0.034224
8.8871,0.064001,4.1169,-0.002668,-0.001563,-0.012343,-0.41712,-0.026087,-0.057411,8.9789,3.1304,2.6021,0.012034,-0.001239,-0.021976,-0.36609,-0.1262,-0.12867,8.87,-3.4175,2.3049,-0.007838,0.014709,-0.002925,-0.45192,0.065202,-0.087699,-9.6888,-1.3492,-0.55336,0.014841,-0.003108,0.010719,0.48026,0.076114,-0.039466,-9.7042,1.1649,-0.46537,-0.006559,0.01412,0.003219,0.46442,0.013377,0.034473
8.9022,0.12309,4.1324,0.006319,-0.012335,-0.009545,-0.41848,-0.025411,-0.057742,8.9154,3.1013,2.6065,0.001313,-0.004823,-0.027257,-0.36582,-0.12646,-0.12852,8.914,-3.4956,2.3876,-0.017191,0.000406,-0.024158,-0.4515,0.065436,-0.086805,-9.7112,-1.3641,-0.58381,-0.005593,-0.003953,0.010708,0.48151,0.074444,-0.040061,-9.7492,1.1127,-0.45133,-0.003796,-0.002156,-0.005015,0.46409,0.012063,0.033423
8.8652,0.16055,4.1025,0.004593,0.003796,-0.00962,-0.4174,-0.025946,-0.057695,8.8962,3.0139,2.64,0.002979,0.00953,-0.000532,-0.36615,-0.12765,-0.12761,8.8311,-3.4709,2.3982,0.006656,0.010008,-0.013534,-0.4514,0.063885,-0.087258,-9.6811,-1.4091,-0.56064,0.011615,-0.000477,-0.003394,0.48123,0.075212,-0.039813,-9.7192,1.1275,-0.45079,0.000748,-0.000393,-0.006837,0.464,0.01219,0.03395
8.8577,0.16796,4.1174,-0.008013,0.016399,-0.012427,-0.41904,-0.026444,-0.058027,8.9153,3.157,2.6189,0.020556,-0.004406,0.02328,-0.36747,-0.12764,-0.12807,8.792,-3.4464,2.3923,-0.006021,0.009238,-0.004727,-0.45203,0.063651,-0.087284,-9.6891,-1.2967,-0.53842,0.03336,0.014454,-0.022676,0.48101,0.07453,-0.038768,-9.7044,1.0603,-0.45819,0.013316,-0.000239,-0.001444,0.46388,0.010737,0.033973
8.932,0.12291,4.1177,-0.003512,0.012822,-0.010576,-0.41782,-0.02528,-0.057988,8.9933,3.213,2.5734,-0.015194,-0.003498,0.017374,-0.36544,-0.12645,-0.12863,8.8702,-3.5171,2.3287,-0.010448,0.029143,-0.006441,-0.45368,0.063458,-0.087614,-9.7114,-1.3192,-0.55385,0.012705,0.009215,-0.013013,0.48105,0.075379,-0.040744,-9.7042,1.1799,-0.48774,0.000876,0.006628,-0.014036,0.4639,0.012712,0.034469
8.8425,0.13809,4.2066,0.000882,0.005927,0.013167,-0.41926,-0.026594,-0.057222,8.8785,3.1668,2.5968,0.009963,-9.3e-05,0.010046,-0.36608,-0.12607,-0.12841,8.7897,-3.4754,2.3292,-0.01849,0.009142,-0.004744,-0.45227,0.06495,-0.087082,-9.6886,-1.3942,-0.55331,0.008914,0.005693,-0.001583,0.48067,0.074461,-0.040233,-9.7193,1.1052,-0.46579,-0.000886,0.006551,-0.01764,0.46537,0.01075,0.034287
8.8202,0.12369,4.1467,0.002743,0.011223,0.009494,-0.41825,-0.024742,-0.058415,8.8807,3.2033,2.5727,0.013569,0.007895,0.01362,-0.36662,-0.12709,-0.12907,8.8019,-3.4998,2.3444,-0.014858,-0.009072,-0.006542,-0.45246,0.064971,-0.088474,-9.704,-1.3116,-0.56871,0.009163,0.004813,-0.013925,0.48202,0.074729,-0.04096,-9.7342,1.1051,-0.42869,-0.007419,0.003239,-0.003167,0.46442,0.011664,0.034239
8.8724,0.15273,4.192,0.009981,-0.005215,-0.012305,-0.41861,-0.025806,-0.057608,8.8855,3.2035,2.5338,0.005533,0.000782,0.006535,-0.36651,-0.12574,-0.12676,8.875,-3.5051,2.3774,0.017587,-0.011064,-0.022387,-0.45352,0.064351,-0.087003,-9.7486,-1.3494,-0.54706,0.004862,-0.002205,-0.021039,0.48278,0.074782,-0.039212,-9.7642,1.1352,-0.45153,0.007757,0.007167,0.010401,0.46413,0.010332,0.035451
8.8874,0.13809,4.1174,7.3e-05,0.009271,-0.005088,-0.41969,-0.026579,-0.057645,8.9051,3.1889,2.5436,0.008294,0.002485,-0.000591,-0.36714,-0.12678,-0.12665,8.8652,-3.4809,2.4331,0.006296,-0.004108,0.004108,-0.45365,0.06539,-0.08704,-9.7038,-1.3566,-0.56866,0.008141,0.009219,-0.006845,0.48056,0.074944,-0.039317,-9.7567,1.1501,-0.45136,-0.00113,0.008722,0.00048,0.46468,0.009809,0.035612
8.8575,0.13824,4.1396,0.00646,0.02182,-0.001487,-0.4192,-0.025124,-0.05845,8.8709,3.167,2.553,0.008132,-0.011604,0.006441,-0.36644,-0.12699,-0.12803,8.8164,-3.4345,2.4169,-0.000747,-0.006989,-0.000331,-0.45303,0.064981,-0.087247,-9.7039,-1.3191,-0.56871,0.004747,-0.001344,-0.015735,0.48232,0.074452,-0.04055,-9.7341,1.2248,-0.46572,-0.017418,0.001522,0.002268,0.4639,0.010209,0.034117
8.8873,0.12315,4.1472,-0.000798,0.023742,0.00397,-0.41918,-0.026047,-0.058171,8.9127,3.1499,2.5799,-0.000881,-0.015092,0.010059,-0.3668,-0.12701,-0.12753,8.8408,-3.4515,2.3711,-0.022027,0.001764,-0.006513,-0.45348,0.064212,-0.086118,-9.6589,-1.3491,-0.54526,0.002825,0.003043,-0.008652,0.48344,0.074291,-0.040101,-9.7044,1.0453,-0.45076,0.017073,-0.007654,-0.014165,0.46575,0.010756,0.034033
8.8724,0.13068,4.1471,-0.000882,0.002146,-0.002323,-0.41953,-0.02581,-0.057102,8.9249,3.1838,2.5923,0.005521,-0.008121,-0.00062,-0.36697,-0.12506,-0.12809,8.8652,-3.4905,2.3746,-0.023958,0.00374,0.000557,-0.45249,0.064567,-0.08658,-9.7188,-1.3268,-0.53898,-0.014884,0.003973,-0.012169,0.48353,0.073703,-0.038252,-9.7792,1.1353,-0.46672,0.00601,-0.010925,0.002151,0.46486,0.009966,0.03269
8.8798,0.10851,4.1172,0.006353,0.005779,0.005878,-0.42062,-0.02514,-0.057286,8.9104,3.1377,2.6017,-0.00251,-0.0117,-0.005917,-0.36686,-0.12691,-0.12637,8.8262,-3.4538,2.3587,-0.006063,-0.007962,-0.00122,-0.45325,0.064465,-0.08649,-9.659,-1.334,-0.55278,0.011854,0.017992,-0.013839,0.48263,0.074918,-0.039351,-9.7192,1.165,-0.48804,-0.001302,-0.003614,0.011234,0.46432,0.011265,0.034509
8.8874,0.13803,4.1324,0.000896,0.005894,0.011344,-0.42008,-0.026454,-0.057255,8.8858,3.1451,2.57,0.011728,-0.011626,0.004632,-0.36678,-0.12638,-0.12702,8.8506,-3.4662,2.3935,0.003091,-0.019089,-0.011826,-0.45352,0.064739,-0.087015,-9.7187,-1.3493,-0.55396,0.020812,0.010965,-0.017418,0.48178,0.074316,-0.04018,-9.7343,1.0754,-0.48107,0.015051,-0.000112,0.003992,0.46512,0.011273,0.034535
8.88,0.1676,4.1623,-0.013459,0.020121,-0.006062,-0.42102,-0.02579,-0.057297,8.9102,3.1404,2.5532,0.012465,-0.015014,0.020617,-0.36793,-0.12742,-0.12707,8.8554,-3.4517,2.4324,0.00122,0.007312,-0.010005,-0.45359,0.064084,-0.085869,-9.7039,-1.3192,-0.54619,0.01694,0.010972,-0.003294,0.48203,0.074843,-0.040564,-9.7342,1.18,-0.47331,0.006287,0.003052,-0.014964,0.46453,0.010614,0.03373
8.865,0.12351,4.1022,0.01362,0.002008,-0.00413,-0.42094,-0.026619,-0.05566,8.9123,3.2278,2.5244,0.00292,0.0025,-0.00054,-0.36729,-0.12612,-0.12692,8.8677,-3.5002,2.3992,-0.01154,-0.000617,0.004094,-0.45321,0.063293,-0.085701,-9.7115,-1.3042,-0.55387,0.006446,0.002182,-0.012177,0.48383,0.076095,-0.040219,-9.7343,1.0903,-0.46608,0.010618,0.003345,-0.001402,0.46572,0.011286,0.033623
8.9096,0.13773,4.1624,-0.008034,0.02194,-0.001501,-0.41899,-0.027513,-0.057204,8.9123,3.1746,2.495,-0.011647,-0.029263,0.002959,-0.36772,-0.12418,-0.12737,8.8311,-3.4661,2.3907,0.015467,0.009312,-0.008226,-0.45388,0.064361,-0.086645,-9.7038,-1.3343,-0.53867,0.006433,0.014502,-0.010332,0.483,0.075468,-0.040388,-9.7192,1.1873,-0.46557,-0.001248,-0.000104,0.007639,0.46481,0.01167,0.033985
8.9095,0.078697,4.1023,0.010021,0.012902,0.00403,-0.41945,-0.027028,-0.055599,8.937,3.2033,2.573,0.020545,-0.009715,0.020593,-0.36755,-0.12574,-0.12682,8.8701,-3.4564,2.3251,-0.005372,0.007724,0.007657,-0.45375,0.064355,-0.086513,-9.6737,-1.394,-0.56802,0.003276,0.009198,-0.028031,0.48247,0.075709,-0.039756,-9.7192,1.1426,-0.48063,-0.002877,0.008632,-0.003151,0.46481,0.010089,0.033749
8.9172,0.1379,4.1027,0.023655,0.016281,-0.005084,-0.42059,-0.024893,-0.056744,8.8908,3.1402,2.5919,0.006651,-0.00035,-0.020162,-0.36679,-0.12598,-0.12729,8.8677,-3.5246,2.4094,-0.004285,-0.003424,-0.001205,-0.4538,0.06514,-0.087417,-9.7038,-1.3342,-0.54618,-0.014874,0.029493,-0.010229,0.48246,0.07445,-0.040543,-9.7342,1.1051,-0.42122,-0.019326,-0.005546,0.007658,0.46392,0.01088,0.032642
8.8875,0.14561,4.0876,0.005616,0.02892,-0.00699,-0.41946,-0.026501,-0.055738,8.9129,3.111,2.6089,0.024467,0.004169,-0.006058,-0.36652,-0.12548,-0.12689,8.8335,-3.4564,2.3955,0.034989,-0.010376,-0.00206,-0.45352,0.06267,-0.086956,-9.6888,-1.3641,-0.56085,0.009907,0.003048,-0.006889,0.4808,0.075105,-0.043653,-9.7192,1.1425,-0.45075,0.009646,0.001635,0.003103,0.46492,0.010224,0.033484
8.9025,0.16766,4.1028,0.018107,0.002117,0.005913,-0.41974,-0.026098,-0.056024,8.9517,3.1936,2.5731,0.006431,0.004339,0.008336,-0.36779,-0.12691,-0.12681,8.8067,-3.4465,2.3827,0.023481,-0.006937,-0.006488,-0.45323,0.064719,-0.086119,-9.6963,-1.3342,-0.53852,0.017237,0.004798,-0.017458,0.48217,0.075094,-0.040427,-9.7192,1.1949,-0.49543,0.004253,0.0016,0.002209,0.46488,0.010741,0.034803
8.9323,0.16007,4.0881,0.011001,0.030874,0.007606,-0.42002,-0.027134,-0.056299,8.9811,3.1694,2.5683,0.006618,0.007724,-0.00943,-0.36754,-0.12639,-0.1268,8.8604,-3.4855,2.35,-0.001458,6.7e-05,-0.008257,-0.45313,0.064334,-0.086732,-9.7189,-1.3043,-0.53901,-0.000736,-0.013648,-0.010522,0.48285,0.075604,-0.040527,-9.7342,1.1351,-0.44355,-0.0003,0.000725,0.004033,0.46573,0.010495,0.033638
8.8205,0.18302,4.1321,0.007298,0.011097,0.002206,-0.42005,-0.026596,-0.056846,8.8834,3.1305,2.587,0.017425,0.006727,-0.017549,-0.36765,-0.1273,-0.12653,8.8214,-3.4854,2.3836,0.013408,-0.003069,0.005873,-0.45308,0.064322,-0.085724,-9.6737,-1.3643,-0.50802,-0.002601,0.009223,-0.004198,0.48213,0.07501,-0.041614,-9.7191,1.2098,-0.4655,-0.008437,-0.005582,0.004001,0.46518,0.010096,0.033362
8.8278,0.15338,4.1171,0.010053,0.02098,0.005814,-0.42058,-0.026205,-0.056598,8.8881,3.1597,2.5628,0.013597,-0.002803,0.002888,-0.3666,-0.12665,-0.13101,8.8213,-3.4563,2.3733,0.008076,-0.019484,0.005836,-0.45336,0.063174,-0.086208,-9.6736,-1.3941,-0.55301,0.006282,0.003928,-0.00336,0.48199,0.075517,-0.037934,-9.7342,1.1427,-0.48088,-0.006469,-0.009412,-0.008683,0.46545,0.010361,0.033499
8.9394,0.1227,4.155,0.008252,0.03282,0.016716,-0.42004,-0.026865,-0.056572,8.9541,3.1309,2.5145,0.010039,0.014132,0.016352,-0.36741,-0.12651,-0.12692,8.8773,-3.4517,2.3887,0.019182,-0.018099,-0.013562,-0.45316,0.063694,-0.087343,-9.7038,-1.3491,-0.56867,-0.00895,0.016289,0.002911,0.48205,0.075715,-0.039775,-9.7342,1.15,-0.43604,-0.008317,-0.003971,-0.005024,0.46429,0.009819,0.03387
8.8576,0.15308,4.1322,0.004649,0.021832,-0.001489,-0.42,-0.025837,-0.0559,8.9052,3.1646,2.5532,0.018987,-0.00282,0.001068,-0.36761,-0.12571,-0.12798,8.8554,-3.4662,2.4229,0.015415,-0.012441,-0.004732,-0.4535,0.064992,-0.086518,-9.6813,-1.3491,-0.55321,-0.018516,0.009243,-0.007728,0.48233,0.075453,-0.039761,-9.7343,1.0828,-0.45116,-0.006506,-0.007566,-0.005954,0.46586,0.011155,0.033763
8.8725,0.15296,4.1323,-0.000924,0.004112,0.011349,-0.42035,-0.025928,-0.057269,8.8882,3.1838,2.5872,0.005448,-0.015175,0.002004,-0.36665,-0.12759,-0.12971,8.8554,-3.4589,2.3836,0.032949,0.000813,0.009448,-0.45309,0.063936,-0.085839,-9.6962,-1.3641,-0.5685,-0.025597,0.011018,-0.008601,0.48373,0.076444,-0.039171,-9.6967,1.1648,-0.45031,-0.00101,0.006727,-0.008606,0.46429,0.011004,0.034114
8.8651,0.15308,4.1174,-0.003627,0.002262,0.005879,-0.42028,-0.025049,-0.055917,8.9006,3.1256,2.6065,-0.013312,0.00083,0.01113,-0.36603,-0.12565,-0.12984,8.8408,-3.4539,2.3344,-0.000716,0.000267,-0.001192,-0.45235,0.064945,-0.086206,-9.6889,-1.349,-0.58338,-0.000842,-0.001338,-0.003389,0.48287,0.076224,-0.03987,-9.7193,1.0903,-0.48077,0.000829,-0.000501,-0.012264,0.46499,0.010627,0.032681
8.917,0.10815,4.1324,-0.008078,0.025739,0.015809,-0.41967,-0.02502,-0.057249,8.92,3.208,2.6118,-0.009667,0.004316,0.004909,-0.36801,-0.12571,-0.12814,8.8579,-3.4441,2.2881,-0.00993,0.002376,0.012939,-0.45233,0.065974,-0.085732,-9.7039,-1.3266,-0.5687,0.009135,-0.002228,-0.013095,0.48299,0.07522,-0.040652,-9.7342,1.1425,-0.43606,0.014195,0.019599,0.004123,0.46374,0.010342,0.03371
8.8872,0.12312,4.1546,-0.015259,0.031038,0.005743,-0.42132,-0.026426,-0.057846,8.9103,3.2055,2.6191,-0.0008,-0.000956,0.010142,-0.36787,-0.12475,-0.13022,8.8652,-3.471,2.3596,-0.018606,-0.021635,0.00228,-0.45311,0.064459,-0.086357,-9.7186,-1.3941,-0.59893,-0.005293,0.018048,-0.000616,0.48129,0.074775,-0.041916,-9.7341,1.1799,-0.45837,-0.00658,0.004251,0.002261,0.46531,0.010097,0.033366
8.8872,0.12303,4.177,-0.004432,0.028362,0.012154,-0.42041,-0.025768,-0.058357,8.8956,3.2224,2.6409,-0.015208,-0.00799,0.012891,-0.36701,-0.12555,-0.12886,8.8945,-3.5004,2.4143,-0.006097,-0.015228,0.000545,-0.4541,0.066043,-0.08595,-9.7186,-1.3792,-0.56143,0.004735,0.005706,-0.013933,0.48305,0.074782,-0.039331,-9.7567,1.1202,-0.45144,0.00076,-0.004003,-0.008653,0.46517,0.01036,0.033224
8.9094,0.10786,4.2219,-0.00447,0.022104,0.012185,-0.41973,-0.025383,-0.058333,8.9029,3.1959,2.602,0.001138,0.002461,-0.003197,-0.36765,-0.12633,-0.12888,8.8896,-3.5004,2.4191,-0.009832,-0.015962,0.008486,-0.45378,0.064985,-0.084648,-9.7187,-1.3493,-0.55396,-0.006602,0.022465,0.017956,0.48246,0.075848,-0.04002,-9.7792,1.1353,-0.45178,0.006114,0.008718,-0.001336,0.46521,0.012463,0.03425
8.8051,0.079419,4.1313,-0.007092,0.014516,-0.017897,-0.41982,-0.024753,-0.057392,8.8711,3.2031,2.6115,-0.016687,-0.002951,-0.017311,-0.36805,-0.12505,-0.1288,8.8263,-3.5122,2.3841,0.009996,-0.005103,-0.001202,-0.45227,0.065315,-0.084579,-9.6591,-1.3265,-0.56029,0.011444,0.002159,0.0037,0.48399,0.074545,-0.040208,-9.7042,1.1425,-0.46543,0.011667,0.003118,-0.012275,0.4649,0.010753,0.033341
8.8722,0.07153,4.1169,-0.02168,0.014956,0.007622,-0.41929,-0.025537,-0.057637,8.8686,3.1573,2.57,-0.036494,-0.009913,-0.0083,-0.36833,-0.12561,-0.13165,8.8262,-3.4562,2.3269,0.031338,-0.006641,0.002359,-0.45282,0.065862,-0.085629,-9.7187,-1.3568,-0.55395,0.004782,-0.006619,-0.017543,0.48316,0.075828,-0.039723,-9.7267,1.1425,-0.45087,0.00246,-0.002944,-0.000524,0.46425,0.009427,0.033345
8.887,0.063883,4.1468,-0.006236,0.0238,0.005784,-0.41974,-0.025836,-0.056026,8.9422,3.1377,2.5922,-0.022235,-0.007184,0.001389,-0.36691,-0.12528,-0.12938,8.8798,-3.4467,2.3105,-0.016928,0.00576,0.005878,-0.4531,0.06523,-0.086001,-9.7039,-1.3341,-0.57619,0.008238,0.023301,-0.010272,0.48291,0.076064,-0.039077,-9.7192,1.1649,-0.46563,0.006107,0.00422,-0.001394,0.46325,0.0102,0.034362
8.9245,0.10815,4.1175,0.011835,0.009232,-0.002333,-0.41889,-0.025475,-0.055181,8.9227,3.0869,2.587,-0.025637,-0.006465,-0.017263,-0.36859,-0.1244,-0.1291,8.9043,-3.5174,2.3707,-0.009227,-0.000339,-0.020622,-0.45289,0.066501,-0.08452,-9.7037,-1.3493,-0.53865,0.005297,0.002187,0.000168,0.48149,0.075863,-0.040066,-9.7268,1.1126,-0.45095,-0.004721,-0.002129,-0.003213,0.46497,0.010483,0.034146
8.8277,0.12375,4.1169,-0.007922,0.032499,-0.014325,-0.4201,-0.024485,-0.057541,8.8692,2.9897,2.6203,0.008526,0.007573,-0.021048,-0.36643,-0.12423,-0.12976,8.8164,-3.4709,2.4102,-0.02576,-0.003515,0.001411,-0.45267,0.064947,-0.085092,-9.6588,-1.4088,-0.61272,0.019729,0.011821,-0.00684,0.48263,0.075434,-0.039352,-9.7193,1.1126,-0.45083,0.003282,0.002582,0.006744,0.4643,0.011018,0.032386
8.8425,0.13086,4.1618,-0.027949,0.017487,-0.008812,-0.41919,-0.026436,-0.058304,8.8713,3.1062,2.6014,0.005588,0.009604,0.007457,-0.36727,-0.12491,-0.12876,8.8018,-3.4854,2.4175,-0.009772,0.007608,0.004096,-0.45281,0.066377,-0.085391,-9.704,-1.3043,-0.53871,0.011624,0.003057,-0.005111,0.48235,0.075438,-0.039365,-9.7418,1.0903,-0.46621,0.006859,0.010762,0.011323,0.46463,0.011146,0.033325
8.9169,0.078578,4.1173,0.000111,0.023732,0.003971,-0.41933,-0.024995,-0.05832,8.9789,3.1159,2.5875,-0.013281,0.000828,0.008474,-0.36719,-0.12424,-0.12954,8.8653,-3.5244,2.3605,0.001271,0.018186,-0.011752,-0.45282,0.065345,-0.085614,-9.719,-1.2893,-0.53903,-0.00827,-0.001303,0.009862,0.48233,0.074947,-0.040024,-9.7041,1.2021,-0.43539,0.011481,0.000685,0.00037,0.46534,0.010636,0.032027
8.8873,0.12315,4.1472,-0.008054,0.020184,0.002151,-0.42008,-0.0258,-0.057259,8.9104,3.1062,2.5919,0.009972,-0.002756,0.008251,-0.36859,-0.12535,-0.1318,8.7873,-3.5143,2.3396,-0.01359,0.017008,0.01647,-0.45368,0.065761,-0.085167,-9.6812,-1.3866,-0.55317,0.006167,0.004815,0.001942,0.4826,0.075206,-0.040143,-9.6892,1.1798,-0.49496,-0.015513,-0.009421,-0.006874,0.46506,0.009171,0.033375
8.7977,0.10894,4.1763,0.013728,0.030796,0.003951,-0.41978,-0.025818,-0.056705,8.8738,3.1278,2.6404,0.016272,-0.00016,0.004654,-0.36706,-0.1245,-0.12966,8.7873,-3.5508,2.3989,-0.011585,0.000391,0.006718,-0.45321,0.065492,-0.085889,-9.6589,-1.364,-0.56025,-0.004434,0.001295,-0.001609,0.48218,0.075089,-0.040295,-9.7192,1.135,-0.45077,-0.011863,-0.000476,-0.008616,0.46453,0.010087,0.033607
8.8721,0.093401,4.2066,0.006515,0.036215,0.001191,-0.41945,-0.024997,-0.05819,8.8737,3.1353,2.6088,0.006562,0.009519,-0.002328,-0.36812,-0.12373,-0.12986,8.8458,-3.5535,2.3827,0.004701,-0.001586,-0.003848,-0.45285,0.06548,-0.086122,-9.7185,-1.3644,-0.52393,-0.000884,-0.017165,-0.003499,0.48285,0.075862,-0.040528,-9.7267,1.1501,-0.48074,0.002611,0.008544,-0.008589,0.46513,0.010481,0.03455
8.8498,0.093699,4.1765,-0.001604,0.037992,-0.003392,-0.41861,-0.025417,-0.057475,8.9154,3.169,2.6457,0.020873,0.013955,0.001147,-0.3668,-0.1254,-0.12976,8.8409,-3.5341,2.419,0.012431,0.004277,0.00942,-0.45372,0.066416,-0.085942,-9.6885,-1.4091,-0.5683,-0.006113,0.005709,-0.005117,0.48344,0.075694,-0.03971,-9.7342,1.1351,-0.45102,0.000737,-0.003973,-0.006855,0.46709,0.01011,0.033955
8.8425,0.12342,4.1692,0.004661,0.034548,0.011223,-0.41932,-0.026434,-0.05831,8.8565,3.1595,2.6015,0.022072,0.025227,-0.022824,-0.36652,-0.12605,-0.12947,8.8213,-3.466,2.4077,0.022092,0.000914,0.016491,-0.45384,0.066935,-0.085711,-9.7038,-1.3492,-0.56117,-0.00798,0.009244,-0.00155,0.48261,0.075449,-0.039748,-9.7042,1.1499,-0.46541,-0.010212,-0.000233,0.003132,0.46437,0.009957,0.033206
8.8277,0.12366,4.1393,0.011044,0.032536,-0.00153,-0.4194,-0.025609,-0.05981,8.8517,3.1207,2.611,0.030882,0.025356,-0.006007,-0.36735,-0.125,-0.13018,8.8457,-3.4564,2.3688,0.016863,0.009802,0.010329,-0.45269,0.065727,-0.085492,-9.7039,-1.3192,-0.5537,0.002811,0.009227,-0.007719,0.48177,0.076617,-0.039659,-9.7342,1.1351,-0.45102,-0.011121,0.003375,0.004077,0.46388,0.009552,0.033729
8.8575,0.1308,4.147,0.004669,0.030879,0.004856,-0.42017,-0.026149,-0.058887,8.8905,3.1695,2.5483,0.029935,0.014761,-0.007822,-0.36684,-0.12499,-0.13041,8.8627,-3.4419,2.3541,-0.009883,0.010459,0.009423,-0.45396,0.06668,-0.085584,-9.674,-1.334,-0.56809,0.006366,0.003926,-0.007761,0.48341,0.075591,-0.040369,-9.7192,1.135,-0.43582,-0.008225,0.010292,-0.008553,0.46446,0.01087,0.034521
