-3.374,-8.9883,2.14,0.017561,0.020191,0.012562,0.27227,0.89207,0.2437,-0.56824,-8.3992,5.0818,-0.002525,-0.015495,0.004325,-0.14782,0.93593,-0.019447,0.41936,-9.7649,1.294,-0.000368,-0.000171,-0.002416,-0.13213,0.76314,0.17891,1.5588,5.2858,-8.1096,0.00204,-0.004628,-0.014026,-0.083227,-0.07447,1.0453,-1.0075,-2.4882,9.4849,-0.003912,-0.002071,0.005512,0.23482,-0.24852,-0.80369
-3.396,-8.9581,2.0505,-0.006019,0.005893,0.005289,0.27099,0.89117,0.24446,-0.56815,-8.4307,5.0817,-0.007754,-0.004947,-0.002693,-0.14772,0.93735,-0.019725,0.42417,-9.7285,1.3007,0.020862,0.00385,0.00557,-0.13246,0.76265,0.17728,1.574,5.2557,-8.0792,-0.015872,-0.002848,-0.007843,-0.083957,-0.075186,1.0441,-1.0001,-2.5481,9.4998,-0.0092,-0.007692,-0.005367,0.23696,-0.24903,-0.80361
-3.4111,-8.9583,2.1175,-0.011341,0.030156,0.006092,0.27238,0.89183,0.24318,-0.61001,-8.4304,5.0182,0.008423,0.005669,0.000778,-0.14728,0.9372,-0.018667,0.41447,-9.7552,1.301,0.001557,0.003302,-0.009472,-0.13182,0.76314,0.17768,1.5888,5.2858,-8.0789,0.000369,0.018245,-0.017395,-0.084953,-0.074513,1.0436,-1.0001,-2.5929,9.5146,-0.003785,0.001326,-0.003509,0.23617,-0.25061,-0.80374
-3.4259,-8.9581,2.095,0.007685,0.01906,-0.009341,0.27287,0.89127,0.24493,-0.60517,-8.3893,5.033,0.012018,0.009201,0.000774,-0.14893,0.93679,-0.018235,0.42415,-9.7335,1.3253,0.001435,0.003431,-0.004169,-0.13204,0.76443,0.17826,1.5738,5.3007,-8.0868,0.001044,0.005933,-0.008654,-0.084409,-0.074892,1.0432,-0.99258,-2.5631,9.5148,0.017976,-0.005951,-0.012661,0.23598,-0.24837,-0.80419
-3.3962,-8.9657,2.1027,0.003198,0.031718,-0.003927,0.27343,0.8915,0.24561,-0.56082,-8.4476,5.0671,0.021013,-0.005091,-0.015381,-0.14781,0.93772,-0.018964,0.4193,-9.7334,1.3007,-0.00213,0.005226,-0.00417,-0.1315,0.76414,0.17904,1.574,5.2558,-8.0942,0.009114,-0.006404,-0.012279,-0.085499,-0.074638,1.0437,-1.0225,-2.518,9.4846,0.003456,0.006738,-0.003484,0.23631,-0.251,-0.80373
-3.3959,-8.9139,2.103,0.00213,0.004921,0.002573,0.27194,0.89166,0.24489,-0.55842,-8.4427,5.0598,0.013788,0.005666,0.000742,-0.14773,0.93774,-0.019862,0.42418,-9.7383,1.3009,0.014149,-0.018518,-0.013031,-0.13177,0.7648,0.17863,1.559,5.2558,-8.1095,0.000228,0.014741,-0.010367,-0.084744,-0.073436,1.0457,-1.0075,-2.5481,9.5146,0.00886,0.00496,-0.003514,0.23726,-0.25021,-0.80332
-3.4109,-8.9286,2.1028,0.012109,0.01026,0.005297,0.27189,0.89163,0.24634,-0.64449,-8.3842,4.9939,0.021922,0.009139,-0.00465,-0.15056,0.93797,-0.019634,0.40955,-9.7285,1.2956,-0.01896,-0.000506,-0.009502,-0.13453,0.76349,0.17866,1.5738,5.2858,-8.1093,-0.007832,0.007704,-0.008646,-0.083277,-0.073661,1.0444,-0.99244,-2.4809,9.5151,0.00616,-0.00047,-0.005363,0.23562,-0.24917,-0.80379
-3.4111,-8.9878,2.0949,-0.001345,0.019951,-0.014829,0.27252,0.8917,0.24332,-0.5584,-8.45,5.0598,0.026303,-0.010352,-0.010118,-0.15082,0.93721,-0.019892,0.41933,-9.7431,1.2911,0.013095,-0.007425,-0.005946,-0.13353,0.76345,0.17846,1.589,5.2334,-8.1239,-0.00311,0.0024,-0.021048,-0.083256,-0.073681,1.0449,-1.0298,-2.4283,9.4847,-0.014595,-0.000533,-0.005298,0.2367,-0.24903,-0.80349
-3.4111,-8.9583,2.1175,0.010318,0.010205,-0.000177,0.27285,0.8932,0.24451,-0.57562,-8.4209,5.0574,0.036101,-0.001421,0.002299,-0.15008,0.93864,-0.020264,0.39978,-9.726,1.315,0.006294,-0.013348,-0.021867,-0.13298,0.76355,0.17961,1.5889,5.2559,-8.1089,-0.014156,0.011228,-0.003335,-0.0844,-0.073377,1.044,-1.0225,-2.5481,9.5293,-0.009307,0.008666,0.005607,0.2376,-0.24941,-0.80398
-3.4108,-8.9211,2.073,0.013983,0.013685,-0.00566,0.27283,0.89193,0.24412,-0.58065,-8.3917,5.0429,0.028888,0.000422,0.009484,-0.14957,0.93839,-0.02036,0.41684,-9.7261,1.3201,-0.000299,-0.005721,-0.005957,-0.13363,0.76384,0.17907,1.5889,5.2708,-8.0789,-0.023227,0.002443,0.003667,-0.084256,-0.071987,1.0447,-1.0076,-2.578,9.5145,0.003534,-0.005999,-0.012618,0.23706,-0.24994,-0.80412
-3.4036,-8.9804,2.0876,0.003183,0.022655,-0.011186,0.27357,0.89246,0.24322,-0.5805,-8.404,5.072,0.033494,-0.011296,-0.015515,-0.15036,0.9389,-0.020542,0.40956,-9.7358,1.3006,0.008633,0.017963,-0.007667,-0.13313,0.76356,0.1791,1.5589,5.2857,-8.0871,-0.013881,0.02356,-0.015594,-0.084689,-0.0726,1.044,-0.99259,-2.548,9.4701,0.001595,-0.005787,-0.001767,0.23699,-0.25074,-0.80345
-3.411,-8.9582,2.1026,0.008535,0.017419,0.002525,0.27171,0.89286,0.24315,-0.57551,-8.421,5.0841,0.03337,-0.011175,-0.001287,-0.15032,0.93818,-0.02233,0.40954,-9.7285,1.3054,0.001605,-0.008567,-0.011262,-0.13313,0.76382,0.17897,1.574,5.2706,-8.0642,-0.008652,0.030592,-0.010253,-0.084585,-0.074474,1.0459,-1.0225,-2.563,9.5218,-0.012658,-0.011543,-0.018036,0.23678,-0.25021,-0.80439
-3.4112,-8.9879,2.1248,0.013116,0.01994,-0.008424,0.27255,0.89245,0.24398,-0.57097,-8.3557,5.0871,0.028005,-0.000516,0.000755,-0.15049,0.93891,-0.022903,0.4193,-9.7383,1.3106,-0.003921,0.008847,-0.004165,-0.13389,0.76462,0.17891,1.5889,5.2559,-8.1089,-0.001623,0.005928,-0.007783,-0.082804,-0.07461,1.0454,-1.0076,-2.563,9.5221,0.020417,-0.012739,0.005384,0.23771,-0.25072,-0.80449
-3.4411,-9.0246,2.087,-0.025893,0.000392,-0.014783,0.27254,0.89373,0.24383,-0.5707,-8.4624,5.0818,0.017299,-0.006756,-0.006318,-0.15089,0.93904,-0.023055,0.41444,-9.7382,1.3032,-0.002393,-0.005346,0.009054,-0.13326,0.76511,0.17893,1.5665,5.2557,-8.0944,-0.001401,-0.006391,-0.019338,-0.083777,-0.073703,1.0456,-1,-2.5031,9.4701,-0.001922,-0.006842,-0.008999,0.23743,-0.25006,-0.80464
-3.426,-8.973,2.1173,-0.004137,0.008368,-0.011135,0.27222,0.89299,0.24277,-0.60525,-8.3847,5.0625,0.033444,0.002976,-0.002839,-0.15064,0.93905,-0.0233,0.41436,-9.7189,1.3444,-0.009232,-0.002161,-0.005961,-0.13316,0.76383,0.17834,1.559,5.2558,-8.1095,0.014362,0.007683,-0.006886,-0.083944,-0.07215,1.0455,-0.97749,-2.5109,9.5302,-0.007367,0.01206,-0.003442,0.23756,-0.25152,-0.80302
-3.3739,-8.9734,2.1326,0.010439,0.02621,-0.011186,0.2732,0.89219,0.2436,-0.57577,-8.3848,5.0918,0.031495,-0.018231,-0.00293,-0.15081,0.93907,-0.024083,0.42911,-9.7577,1.2818,0.006845,-0.000204,-0.005936,-0.13364,0.7641,0.17881,1.5588,5.2858,-8.1096,-0.004408,-0.001973,-0.003419,-0.084533,-0.072364,1.0446,-1.0299,-2.4807,9.5144,-0.004581,-0.002438,-0.012568,0.23769,-0.25151,-0.80487
-3.3962,-8.9657,2.1027,0.019448,0.015367,-0.012042,0.2739,0.89274,0.2419,-0.51919,-8.3949,5.1577,0.02445,-0.008561,-0.009923,-0.15124,0.93909,-0.02488,0.4217,-9.7164,1.3152,0.012198,-0.011075,-0.005951,-0.1331,0.7651,0.17969,1.5666,5.2332,-8.0943,-0.008711,0.007708,-0.008656,-0.083696,-0.07416,1.0441,-1.0225,-2.5181,9.4995,-0.009114,-0.002419,-0.01075,0.23731,-0.25151,-0.80462
-3.4258,-8.9285,2.1176,0.00304,0.012186,0.010748,0.27418,0.89184,0.24219,-0.61983,-8.4042,5.0769,0.029781,0.000384,0.004287,-0.15108,0.93971,-0.024109,0.40958,-9.7528,1.3107,0.003117,-0.01094,0.00198,-0.13285,0.76535,0.17957,1.5889,5.2558,-8.0789,-0.001576,0.027054,-0.008516,-0.08505,-0.073659,1.0449,-0.96265,-2.5932,9.5302,0.01069,0.004916,-0.005346,0.23827,-0.25059,-0.80407
-3.4036,-8.9657,2.1175,-0.002295,0.024658,0.001568,0.27373,0.89385,0.24375,-0.60519,-8.3558,5.0991,0.025265,-0.003142,0.004315,-0.15128,0.93975,-0.025539,0.41439,-9.7139,1.3052,-0.000382,0.00165,-0.002409,-0.13301,0.76485,0.17882,1.5662,5.3306,-8.0644,0.012557,0.011206,-0.006844,-0.081988,-0.073339,1.0456,-0.9701,-2.5632,9.5152,-0.005414,0.002846,-0.016173,0.23785,-0.25111,-0.80448
-3.3886,-8.9436,2.1178,0.006666,-0.002428,-0.009245,0.27291,0.89297,0.24332,-0.55622,-8.3462,5.1116,0.022538,-0.008432,0.004319,-0.15139,0.93935,-0.02515,0.4315,-9.7432,1.3011,0.005804,-0.00549,0.001119,-0.13401,0.76591,0.17899,1.5739,5.2707,-8.0867,-0.014131,0.009475,-0.005107,-0.083367,-0.073705,1.0455,-1.0075,-2.5032,9.4998,0.005525,0.006335,-0.023398,0.23922,-0.24953,-0.80367
-3.3961,-8.9436,2.1177,0.009466,0.011856,-0.012039,0.27366,0.89286,0.24242,-0.55589,-8.4046,5.155,0.013665,-0.001393,0.000866,-0.15126,0.93961,-0.025148,0.40956,-9.7333,1.2957,-0.000334,-0.002031,-0.004186,-0.13397,0.7641,0.17979,1.5591,5.2258,-8.1245,0.006339,0.009454,-0.005116,-0.082833,-0.072425,1.0456,-1.0524,-2.5179,9.4915,-0.007421,0.00497,-0.000742,0.23679,-0.25165,-0.8045
-3.441,-9.0024,2.0872,-0.00863,0.019224,-0.004807,0.27371,0.8922,0.24336,-0.59067,-8.3459,5.0628,0.02259,-0.004911,0.002552,-0.15104,0.93938,-0.025905,0.42416,-9.7261,1.3031,-0.01276,0.003223,-0.007717,-0.13372,0.76486,0.17979,1.5888,5.2783,-8.0864,0.007387,0.005914,-0.013953,-0.083651,-0.073948,1.0453,-0.99244,-2.4884,9.53,-0.00022,-0.004005,-0.001752,0.23747,-0.25191,-0.80434
-3.4111,-8.9878,2.0875,0.010345,0.020148,0.007074,0.27475,0.89348,0.24299,-0.59049,-8.3751,5.0893,0.011842,-0.018253,-0.008104,-0.15183,0.93861,-0.026321,0.42418,-9.7334,1.3008,-0.007212,-0.002416,-0.016555,-0.13426,0.76463,0.17901,1.5664,5.2633,-8.1094,-0.010519,0.014753,-0.006837,-0.082261,-0.073211,1.0457,-0.99236,-2.4286,9.5003,-0.003776,-0.00409,-0.005365,0.23836,-0.25242,-0.80497
-3.3961,-8.9436,2.1177,0.012047,-0.008671,-0.003739,0.27523,0.89285,0.24209,-0.56573,-8.3997,5.1453,0.021765,0.002116,-0.000962,-0.15157,0.93887,-0.026182,0.40224,-9.7333,1.3127,-0.000428,0.008975,-0.000633,-0.1338,0.7645,0.17816,1.5739,5.2633,-8.0942,-0.01584,0.02444,-0.006769,-0.083788,-0.073312,1.0455,-0.99245,-2.4884,9.515,-0.014658,-0.004057,-0.001717,0.23765,-0.25098,-0.80541
-3.3963,-8.9585,2.1549,0.008481,0.006658,0.000751,0.27291,0.89259,0.24319,-0.59543,-8.3412,5.1016,0.019188,0.006466,-0.009807,-0.15044,0.94081,-0.026414,0.42417,-9.7334,1.3057,-0.004685,-0.002213,-0.009486,-0.13319,0.76432,0.18033,1.558,5.2925,-8.0793,-0.010568,0.019935,-0.007569,-0.082927,-0.073634,1.0466,-0.99254,-2.5482,9.5298,-0.010942,-0.000607,-0.008936,0.23834,-0.24992,-0.80488
-3.4036,-8.9584,2.125,-0.006843,0.01382,-0.007511,0.27502,0.89257,0.24314,-0.57088,-8.3534,5.1114,0.001015,-0.015492,0.002677,-0.15121,0.94016,-0.026444,0.42417,-9.7334,1.3106,-0.016247,-0.002356,-0.011266,-0.13253,0.76507,0.18097,1.5581,5.285,-8.0793,-0.0034,0.018164,-0.01023,-0.083376,-0.073597,1.0457,-0.99253,-2.5182,9.4851,0.002523,-0.004029,-0.003567,0.2384,-0.25177,-0.80431
-3.3962,-8.9732,2.1175,-0.007705,0.023708,-0.005731,0.27368,0.89349,0.24282,-0.55842,-8.3803,5.1503,-0.004247,-0.014716,-0.009725,-0.15096,0.93889,-0.026923,0.41443,-9.7334,1.3007,-0.014519,-0.01316,-0.007756,-0.13351,0.76422,0.17894,1.5656,5.27,-8.0716,0.005468,-0.006498,-0.011287,-0.083589,-0.073653,1.0439,-1.0001,-2.563,9.4998,-0.003813,0.003175,-0.000785,0.23641,-0.2523,-0.80622
-3.4112,-8.9658,2.1473,-0.000475,0.022789,-0.003893,0.27414,0.89518,0.2415,-0.58061,-8.3414,5.1357,0.004726,-0.00496,-0.004411,-0.15071,0.93966,-0.026923,0.41926,-9.7188,1.32,-0.011098,0.007013,-0.002409,-0.13307,0.76432,0.18021,1.5581,5.2776,-8.0943,-0.003568,0.005845,-0.003259,-0.082504,-0.072505,1.0438,-1,-2.5482,9.5297,-7.4e-05,-0.004223,-0.012602,0.2371,-0.25231,-0.80408
-3.4409,-9.0022,2.0424,-0.027605,0.024686,-0.007595,0.27348,0.89346,0.24401,-0.56823,-8.4093,5.1258,0.003017,-0.003244,-0.010619,-0.15149,0.94132,-0.026609,0.4242,-9.7431,1.2961,0.009592,-0.002091,-0.00947,-0.13457,0.76515,0.18036,1.5732,5.2551,-8.0789,0.005515,0.005821,-0.012087,-0.082152,-0.073214,1.0454,-0.97752,-2.5108,9.5003,0.003318,0.001531,0.005506,0.23815,-0.25241,-0.80603
-3.4336,-8.973,2.1471,-0.005849,0.037208,-0.000316,0.27428,0.89396,0.24416,-0.61008,-8.3799,5.0819,-0.005936,0.009234,0.000187,-0.15121,0.93927,-0.026556,0.41924,-9.7189,1.3372,-0.001939,-0.005922,-0.013024,-0.13428,0.76502,0.17863,1.5581,5.27,-8.0793,0.009844,0.007586,-0.006776,-0.082395,-0.074004,1.0459,-0.94752,-2.4885,9.5009,0.005335,0.006612,-0.008951,0.23907,-0.2515,-0.80416
-3.3889,-8.9881,2.1324,-0.014878,0.035368,-0.009437,0.2736,0.89346,0.24388,-0.57836,-8.346,5.0823,0.003801,-0.006685,-0.000857,-0.15198,0.94003,-0.026355,0.42907,-9.7431,1.2962,0.00331,-0.0021,-0.00771,-0.13434,0.76527,0.17987,1.5731,5.2701,-8.079,0.008862,0.019907,-0.001396,-0.080467,-0.072244,1.0464,-1.0374,-2.4732,9.4919,-0.014677,-0.011213,-0.001746,0.23898,-0.25228,-0.80561
-3.4112,-8.9879,2.1173,0.003119,0.024687,0.007046,0.27375,0.89282,0.24415,-0.51183,-8.3852,5.17,-0.002492,-0.008448,-0.000806,-0.15137,0.9387,-0.02488,0.43391,-9.7335,1.3181,0.012318,0.010568,-0.012971,-0.13404,0.76422,0.18091,1.5358,5.255,-8.0947,-0.00503,0.007609,-0.017369,-0.083596,-0.072885,1.044,-1.0599,-2.503,9.4989,-0.005563,0.003093,-0.005279,0.23826,-0.25254,-0.80642
-3.4258,-8.9285,2.1101,0.008518,0.019293,0.008901,0.2738,0.89483,0.2452,-0.61504,-8.3799,5.0673,-0.011462,-0.008402,0.003694,-0.15007,0.93922,-0.024689,0.4096,-9.7576,1.301,-0.010956,-0.005852,-0.007741,-0.13384,0.76487,0.1799,1.5881,5.2626,-8.0786,0.004041,0.005807,-0.026204,-0.083089,-0.071198,1.0435,-0.9701,-2.5632,9.5227,0.006925,0.014144,0.008294,0.23819,-0.25202,-0.80551
-3.3962,-8.9879,2.095,-0.016747,0.030108,-0.0003,0.2739,0.89357,0.24455,-0.62733,-8.3266,5.0893,0.010065,-0.008488,-0.002702,-0.14938,0.9392,-0.023749,0.4217,-9.714,1.3078,-0.002045,-0.005782,-0.007723,-0.13484,0.76606,0.17994,1.5879,5.315,-8.0487,0.015915,0.00933,-0.000577,-0.084065,-0.071685,1.0465,-0.94766,-2.5707,9.4932,0.002396,0.001556,0.007306,0.23959,-0.25254,-0.80453
-3.3963,-8.9733,2.1324,-0.004143,0.009299,-0.009311,0.27479,0.89288,0.24618,-0.56094,-8.3899,5.1259,-0.00064,-0.001384,-0.000794,-0.14924,0.93881,-0.023735,0.41932,-9.7455,1.3058,-0.004627,-0.002279,-0.012138,-0.13394,0.76615,0.18049,1.5581,5.2851,-8.0868,0.002449,-0.000319,0.005524,-0.082095,-0.073013,1.0469,-0.99253,-2.5182,9.4851,0.007044,0.00678,-0.001697,0.2385,-0.25216,-0.80483
-3.411,-8.9729,2.0652,-0.00226,0.027284,-0.002095,0.27411,0.89405,0.24588,-0.56582,-8.3947,5.1259,-0.007603,0.014447,-0.010435,-0.14966,0.93966,-0.021711,0.42173,-9.7237,1.2957,-0.000387,-0.005606,-0.001539,-0.13459,0.76618,0.17995,1.5433,5.2326,-8.1095,0.01629,0.01462,-0.015559,-0.081271,-0.073273,1.0466,-1.0525,-2.5329,9.5139,-0.001945,0.006689,-0.005266,0.23891,-0.25161,-0.80642
-3.3963,-9.0027,2.0875,-0.027598,0.042892,0.012397,0.27303,0.89343,0.24558,-0.59055,-8.404,5.0528,-0.00251,-0.006616,0.006298,-0.15129,0.93879,-0.02346,0.42902,-9.7189,1.3006,-0.005976,0.001895,0.00907,-0.13478,0.76515,0.1811,1.573,5.2776,-8.094,0.006341,0.025187,-0.007536,-0.08266,-0.071597,1.0471,-1.0074,-2.4883,9.5073,0.006908,-0.003826,0.005474,0.23766,-0.25374,-0.80576
-3.3963,-8.9953,2.0875,0.019462,0.028084,0.001581,0.27326,0.8928,0.2448,-0.60032,-8.3896,5.0698,-0.005175,-0.014656,-0.003503,-0.1502,0.94056,-0.022015,0.40954,-9.7334,1.3177,0.001366,0.00171,-0.000644,-0.13509,0.76569,0.17994,1.588,5.2702,-8.0937,-0.010556,0.0208,-0.007569,-0.082577,-0.072055,1.0489,-0.97741,-2.4511,9.5154,-0.007169,0.008163,-0.018847,0.23873,-0.25465,-0.80584
-3.4108,-8.9284,2.058,0.006691,0.006607,-0.001992,0.27348,0.89404,0.24652,-0.59027,-8.4117,5.1208,0.002919,-0.013831,-0.008011,-0.14915,0.93979,-0.021815,0.41932,-9.7431,1.3009,0.013882,-2.8e-05,-0.001514,-0.13365,0.76446,0.18118,1.588,5.2553,-8.1162,0.000198,0.009339,-0.012065,-0.083058,-0.071353,1.0476,-1.0075,-2.5033,9.5148,-0.015627,-0.005757,0.002804,0.23966,-0.2536,-0.80384
-3.411,-8.9435,2.1325,-0.004047,0.026291,-0.01212,0.27471,0.89311,0.24724,-0.60516,-8.3896,5.0819,0.004602,-0.025285,-0.00453,-0.14974,0.94136,-0.022907,0.40224,-9.7333,1.3054,-0.008173,-0.005963,-0.013037,-0.13415,0.76551,0.18112,1.5731,5.27,-8.064,-6.3e-05,0.002314,-0.001519,-0.082741,-0.072537,1.0481,-0.97013,-2.5781,9.5152,-0.005562,0.010274,-0.003459,0.23914,-0.25228,-0.80521
-3.4036,-8.973,2.0876,-0.004972,0.02546,-0.006649,0.27234,0.89357,0.24502,-0.59056,-8.3557,5.0846,-0.016784,-0.015569,-0.008741,-0.14939,0.9408,-0.021331,0.42415,-9.7237,1.3055,-0.01098,0.005057,-0.007711,-0.13442,0.7663,0.18084,1.5581,5.2925,-8.0643,-0.006892,0.014646,-0.013782,-0.082416,-0.072968,1.0458,-0.99257,-2.5481,9.4999,-0.005525,-0.002377,-0.008962,0.23921,-0.25307,-0.8044
-3.4036,-8.9656,2.0877,0.000456,0.026354,-0.003909,0.27321,0.89302,0.24638,-0.56585,-8.4333,5.0917,-0.002459,0.002226,0.007235,-0.15115,0.93949,-0.020629,0.41198,-9.7285,1.3054,-0.007585,-0.002867,0.001104,-0.13547,0.7648,0.17982,1.5731,5.27,-8.0564,-0.006884,-0.004727,-0.015687,-0.08245,-0.072046,1.0487,-1.0225,-2.5405,9.4995,-0.012751,0.004812,-0.007074,0.23812,-0.25374,-0.80495
-3.3961,-8.9582,2.0729,-0.004084,0.015488,-0.014812,0.27216,0.89277,0.24661,-0.57581,-8.3848,5.0821,0.004683,-0.008448,1.1e-05,-0.15022,0.94178,-0.019719,0.40469,-9.7333,1.2907,0.002391,-0.009328,-0.005965,-0.13359,0.76367,0.18245,1.5655,5.2926,-8.0866,0.004344,0.002313,0.00025,-0.082037,-0.072939,1.0483,-1.0076,-2.563,9.5146,0.005377,0.006555,-0.012539,0.23984,-0.25333,-0.8049
-3.4111,-8.9731,2.1174,-0.014967,0.022905,-0.002091,0.27389,0.89313,0.24681,-0.58807,-8.3823,5.0772,-0.016735,-0.008491,-0.007818,-0.15004,0.9401,-0.019163,0.40464,-9.7163,1.3149,0.001661,0.001348,-0.014775,-0.13477,0.7654,0.18134,1.558,5.2851,-8.0943,0.013488,0.013741,-0.01026,-0.082492,-0.072135,1.0476,-0.97753,-2.5183,9.5003,-0.003803,0.010357,0.000156,0.23886,-0.25267,-0.80548
-3.4259,-8.9948,2.0127,-0.009383,0.03878,-0.01675,0.27302,0.89158,0.24771,-0.57832,-8.4234,5.0382,0.010178,-0.005885,-0.009809,-0.15116,0.93968,-0.018443,0.40469,-9.7382,1.3006,0.006833,0.003442,-0.005934,-0.13412,0.76357,0.18168,1.5581,5.285,-8.0793,0.005262,-0.002967,-0.001553,-0.08163,-0.073446,1.0479,-0.9925,-2.5032,9.4851,0.009611,-0.007404,0.005437,0.23986,-0.2528,-0.80451
-3.411,-8.9582,2.0951,-0.000458,0.026384,-0.002086,0.27427,0.89371,0.24907,-0.60032,-8.4186,5.0478,-0.002436,-0.00758,-0.002603,-0.15054,0.93957,-0.018923,0.39,-9.6992,1.3046,-0.011052,0.001524,-0.004193,-0.135,0.76438,0.18174,1.5731,5.2626,-8.079,-0.001762,0.011116,-0.004107,-0.081909,-0.072931,1.0481,-0.99248,-2.5033,9.515,-0.012804,-0.004124,-0.005339,0.23868,-0.25282,-0.80429
-3.3961,-8.973,2.0728,-0.013136,0.024653,-0.00392,0.2725,0.89363,0.24795,-0.59543,-8.4113,5.0527,0.001103,-0.006654,0.00271,-0.14961,0.94212,-0.017888,0.41446,-9.743,1.2862,-0.000348,0.010702,-0.004159,-0.13424,0.76512,0.18188,1.5731,5.2701,-8.0865,-0.009717,0.02609,-0.004884,-0.082301,-0.072693,1.0487,-1.0075,-2.5031,9.4849,-0.003716,0.006634,-0.007093,0.23946,-0.25148,-0.80614
-3.404,-9.0251,2.1395,0.006775,0.033666,0.009749,0.27316,0.89413,0.24797,-0.54884,-8.3993,5.0822,0.006451,-0.006639,0.004454,-0.15008,0.9403,-0.017494,0.42903,-9.7335,1.3204,-0.003821,0.001452,-0.008593,-0.13557,0.76518,0.18043,1.5657,5.255,-8.0791,0.002169,0.005823,-0.021793,-0.083714,-0.071631,1.0484,-1.0075,-2.533,9.4698,-0.005729,-0.007454,0.005482,0.24022,-0.25134,-0.80665
-3.4256,-8.9135,2.058,-0.01317,0.021119,0.000653,0.27237,0.8935,0.24807,-0.60018,-8.4574,5.0573,0.001094,-0.015543,-0.00268,-0.14985,0.9407,-0.017875,0.39984,-9.7357,1.276,-0.004014,0.00172,0.001114,-0.13482,0.76426,0.18037,1.5731,5.2701,-8.079,-0.005037,0.030479,-0.015442,-0.082232,-0.071742,1.0474,-0.99263,-2.6005,9.5297,0.008773,0.005083,0.002814,0.2395,-0.2528,-0.80585
-3.4111,-8.9583,2.1175,-0.002176,0.048868,0.002376,0.27267,0.89399,0.24874,-0.60043,-8.3725,5.0528,0.00823,-0.012864,0.000844,-0.15012,0.94199,-0.017913,0.42902,-9.7189,1.308,0.003151,-0.0001,-0.000638,-0.13527,0.76491,0.18146,1.5731,5.285,-8.049,0.011554,0.019904,-0.003156,-0.083036,-0.072771,1.0476,-0.96266,-2.5931,9.5153,0.012553,-0.009564,-0.012684,0.23901,-0.25281,-0.80534
-3.4109,-8.958,2.0504,0.003181,0.020841,-0.012092,0.27347,0.89321,0.24891,-0.58572,-8.3943,5.0431,-0.013237,0.002286,0.011771,-0.15107,0.9404,-0.016647,0.40229,-9.7551,1.296,-0.002007,0.001458,-0.009484,-0.13498,0.76489,0.18222,1.5581,5.285,-8.0793,0.00347,0.01112,0.00031,-0.083309,-0.071627,1.0481,-0.99287,-2.4964,9.4941,0.003363,-0.002199,-0.004439,0.23821,-0.25261,-0.80596
-3.4111,-8.973,2.0876,0.005015,0.026215,-0.012111,0.27373,0.89296,0.24866,-0.58546,-8.443,5.0769,0.008321,-0.012063,-0.008051,-0.14933,0.94045,-0.017842,0.40948,-9.6896,1.2949,-0.007418,0.007824,-0.007702,-0.13494,0.7649,0.18047,1.5582,5.2551,-8.1093,0.006222,0.005831,-0.003264,-0.082747,-0.072151,1.0481,-1.0304,-2.5187,9.5009,-0.014737,0.003215,0.000182,0.239,-0.25405,-0.80631
-3.4261,-9.0172,2.0573,-0.023954,0.030034,-0.008523,0.27333,0.89296,0.24865,-0.59564,-8.4038,5.0041,0.008416,0.012789,0.002753,-0.1518,0.94031,-0.018232,0.42423,-9.7528,1.2718,-0.007571,-0.003777,0.001104,-0.13479,0.76489,0.18098,1.588,5.2777,-8.0937,0.005577,0.009332,-0.014706,-0.082175,-0.073319,1.0482,-1.0078,-2.504,9.5312,0.006899,0.008719,0.002869,0.23705,-0.25287,-0.80732
-3.4259,-8.9654,2.0726,0.02211,0.015531,0.00346,0.27271,0.89294,0.24955,-0.60046,-8.4232,5.0089,0.002966,-0.004929,-0.002636,-0.14992,0.94105,-0.016726,0.40946,-9.6945,1.3341,-0.007612,0.007136,0.001127,-0.13503,0.7649,0.18122,1.5655,5.2702,-8.1091,-0.010437,0.009363,-0.013826,-0.082883,-0.072278,1.0481,-0.99279,-2.4592,9.5167,-0.010161,0.008523,-0.003431,0.23771,-0.25381,-0.80397
-3.4109,-8.958,2.0429,-0.005989,0.012173,0.006173,0.27285,0.89217,0.24956,-0.59048,-8.438,5.0477,-0.004213,-0.008476,-0.004373,-0.15003,0.94066,-0.016467,0.4291,-9.7577,1.2891,-0.009094,0.019489,-0.01298,-0.13539,0.76414,0.18147,1.558,5.2851,-8.0943,-0.001449,0.004952,-0.019146,-0.082341,-0.07291,1.0476,-0.99287,-2.5115,9.524,-0.012081,0.003286,0.003777,0.23841,-0.25288,-0.80502
-3.4111,-8.9656,2.1025,-0.000442,0.022684,-0.01119,0.27283,0.8932,0.24929,-0.59057,-8.4113,5.043,0.014475,-0.011948,0.005239,-0.15072,0.9401,-0.015077,0.41927,-9.7188,1.3054,-0.000491,-3.5e-05,0.002888,-0.13453,0.76398,0.18102,1.5581,5.2701,-8.0868,-0.00692,0.012886,-0.012035,-0.083058,-0.07275,1.0471,-1.008,-2.5787,9.531,-0.00737,0.004805,-0.010686,0.23838,-0.25182,-0.80531
-3.411,-8.9581,2.0727,0.012232,0.030818,0.001559,0.27176,0.89309,0.24898,-0.58808,-8.4186,5.0479,0.011819,-0.011085,0.002598,-0.15119,0.94117,-0.016411,0.40957,-9.7382,1.2958,-0.007467,-0.003911,-0.004198,-0.1357,0.76571,0.18029,1.5581,5.285,-8.0793,0.001826,0.021682,-0.004911,-0.083082,-0.072601,1.0465,-1.023,-2.586,9.5158,0.008828,0.004047,-0.007106,0.23747,-0.25129,-0.80667
-3.4034,-8.9433,2.058,0.003099,0.021114,0.008884,0.27241,0.89399,0.24887,-0.58551,-8.4429,5.0623,0.024565,0.002035,-0.010778,-0.15243,0.94056,-0.018014,0.42419,-9.7383,1.296,-0.000321,-0.011133,-0.004201,-0.13442,0.76437,0.18077,1.5581,5.285,-8.0793,0.005351,0.004072,-0.005033,-0.082498,-0.073145,1.0471,-0.99298,-2.5637,9.5014,-0.012069,-0.003023,0.001928,0.23911,-0.25247,-0.80633
-3.4109,-8.9434,2.0952,0.010333,0.011981,-0.001097,0.27297,0.89243,0.2493,-0.5808,-8.404,5.0431,0.022751,-0.008615,-0.017038,-0.15198,0.94155,-0.016589,0.41929,-9.7285,1.3007,0.004965,0.00806,-0.002389,-0.13379,0.76434,0.1808,1.573,5.285,-8.064,0.006425,0.003179,-0.013863,-0.083434,-0.073543,1.0477,-1.0005,-2.5787,9.5311,0.017913,0.008481,-0.010727,0.23973,-0.25088,-0.80661
-3.411,-8.9581,2.0727,0.015813,0.009968,-0.014762,0.27192,0.8932,0.24965,-0.60028,-8.4331,5.0477,0.020971,-0.003287,-0.013446,-0.15197,0.94238,-0.018666,0.41443,-9.7382,1.3056,-0.009185,-0.000382,-0.007724,-0.13499,0.76515,0.18196,1.5581,5.2851,-8.0868,0.005413,0.016394,-0.006712,-0.082094,-0.07276,1.047,-1.0004,-2.5039,9.5089,0.006311,0.010047,-0.019737,0.23949,-0.25299,-0.80671
-3.4334,-8.958,2.1024,0.014023,0.019016,-0.009333,0.27347,0.89244,0.24879,-0.59061,-8.3967,5.0431,0.015602,-0.008623,-0.018759,-0.15169,0.94173,-0.018381,0.41931,-9.7382,1.3008,-0.007248,-0.002369,-0.01479,-0.135,0.76541,0.18171,1.5731,5.2551,-8.0939,0.005532,0.012862,-0.012038,-0.082102,-0.072244,1.047,-1.0153,-2.474,9.5013,-0.00015,0.003042,-0.010717,0.24022,-0.25377,-0.80588
-3.411,-8.9581,2.0877,0.017642,0.020832,-0.005686,0.27285,0.89249,0.24717,-0.57584,-8.4476,5.0308,0.024398,-0.008462,0.000727,-0.15271,0.94031,-0.018411,0.41931,-9.7334,1.2958,-0.004073,-0.012753,0.004623,-0.13456,0.76463,0.1805,1.5582,5.2551,-8.0942,-0.008478,0.004078,-0.022689,-0.082605,-0.073808,1.0476,-0.99288,-2.5039,9.5016,0.003239,0.001588,0.005537,0.24062,-0.25219,-0.80563
-3.411,-8.9581,2.0727,0.001402,0.029857,-0.009396,0.2731,0.89275,0.24691,-0.59545,-8.4089,5.0479,0.027876,-0.019061,0.002423,-0.1514,0.94005,-0.018077,0.41686,-9.7431,1.3278,-0.004048,0.004457,0.002006,-0.13501,0.76528,0.18146,1.5731,5.2701,-8.094,-0.014961,-0.000315,-0.011246,-0.082063,-0.072661,1.0478,-0.96296,-2.5415,9.5244,-0.010173,-0.00407,-0.005334,0.23964,-0.25274,-0.80459
-3.3813,-8.9733,2.1176,0.024757,0.002987,0.003524,0.27361,0.89358,0.24905,-0.58552,-8.3849,5.1015,0.017326,-0.001463,-0.007171,-0.15205,0.94229,-0.020086,0.42905,-9.7383,1.3059,-0.005734,0.003417,-0.002409,-0.13455,0.7645,0.18063,1.5656,5.285,-8.0641,-0.007734,0.018163,-0.015524,-0.082824,-0.071698,1.0464,-1.0229,-2.5112,9.4861,-0.011223,-0.002022,0.006466,0.23924,-0.25498,-0.80496
-3.396,-8.9581,2.0579,-0.002322,0.010176,-0.008403,0.27344,0.89412,0.24824,-0.55602,-8.4092,5.1186,0.033388,-0.001428,-0.001077,-0.15149,0.94176,-0.019531,0.43148,-9.7359,1.3083,0.001576,-0.013988,-0.009501,-0.13405,0.76512,0.18076,1.5657,5.255,-8.0641,0.001968,0.013751,-0.012031,-0.081366,-0.073311,1.0477,-1.0079,-2.5412,9.4863,-0.009259,-0.002259,-0.005304,0.23915,-0.25116,-0.80556
-3.4407,-8.9136,2.1325,0.005805,0.015648,0.002529,0.27285,0.89262,0.24704,-0.61497,-8.4234,5.0525,0.036072,0.006597,0.007822,-0.15279,0.94048,-0.019965,0.40958,-9.743,1.2885,0.005877,-0.014644,-0.001556,-0.13405,0.76474,0.18077,1.5955,5.2776,-8.0635,0.01599,0.011084,-0.003221,-0.081,-0.07289,1.0466,-0.99301,-2.6012,9.5312,0.010392,0.005309,0.010975,0.23936,-0.25167,-0.80634
-3.4408,-8.9432,2.1025,-0.005954,0.008398,-0.009314,0.27417,0.89235,0.24709,-0.60535,-8.3532,5.0602,0.033248,-0.008402,0.009555,-0.15089,0.94077,-0.02051,0.42416,-9.7237,1.3006,0.004981,-0.003766,-0.002412,-0.13605,0.76533,0.18091,1.5728,5.3151,-8.0865,0.015939,0.005814,-0.001485,-0.081898,-0.073323,1.0482,-0.97047,-2.5489,9.5168,0.014333,0.008423,-0.012543,0.23924,-0.25366,-0.80471
-3.411,-8.9434,2.1027,0.002254,0.02638,-0.00117,0.2731,0.89288,0.24691,-0.57579,-8.38,5.0894,0.022727,0.005628,-0.004508,-0.15109,0.94055,-0.021806,0.41931,-9.7382,1.2984,0.00152,0.001527,-0.007707,-0.13426,0.76474,0.18151,1.5731,5.2551,-8.0939,0.003675,-0.010021,-0.010433,-0.083034,-0.072518,1.0477,-1.0228,-2.4589,9.4863,-0.003851,-0.004028,-0.005326,0.23909,-0.25511,-0.80522
-3.4259,-8.936,2.1325,0.017586,0.013718,-0.002006,0.27481,0.89338,0.24671,-0.56095,-8.414,5.1064,0.022641,-0.006747,-0.004575,-0.15215,0.94132,-0.022265,0.42418,-9.7383,1.3082,-0.001114,-0.004002,-0.009486,-0.13559,0.76555,0.18255,1.5433,5.24,-8.0945,-0.000168,0.019936,0.005656,-0.081231,-0.071658,1.0482,-1.0378,-2.5037,9.4859,-0.000258,0.006819,-0.001636,0.2385,-0.25314,-0.80568
-3.4336,-9.0024,2.0872,0.00132,0.019191,-0.002057,0.27355,0.89208,0.24786,-0.60533,-8.3749,5.0479,0.029829,-0.008552,-0.008205,-0.15213,0.94093,-0.021869,0.42904,-9.731,1.3008,0.012191,-0.00198,-0.005932,-0.13536,0.76477,0.18208,1.5581,5.2702,-8.1168,-0.007038,0.027853,-0.004873,-0.081101,-0.072161,1.0478,-1.0078,-2.474,9.5014,-0.011126,0.003221,0.000161,0.23983,-0.25286,-0.80564
-3.4111,-8.9951,2.0576,0.013915,0.002072,-0.001965,0.2742,0.89311,0.24762,-0.56591,-8.4115,5.0893,0.011947,-0.006777,-0.009823,-0.15277,0.94034,-0.024213,0.40469,-9.7382,1.3006,-0.002074,-0.006639,-0.005965,-0.13424,0.76563,0.18199,1.5581,5.2775,-8.0793,-0.00343,-0.000321,-0.01036,-0.080827,-0.071654,1.048,-1.0078,-2.459,9.494,0.005389,0.002876,-0.019781,0.239,-0.25234,-0.80594
-3.411,-8.9581,2.0727,0.005759,0.003054,-0.000155,0.27443,0.89235,0.24697,-0.56578,-8.4093,5.1258,0.028813,-0.013791,-0.000217,-0.15349,0.94108,-0.023235,0.40952,-9.7188,1.3101,0.001493,0.003371,-0.006821,-0.13579,0.7648,0.18093,1.573,5.2851,-8.0865,-0.024851,0.016427,-0.00495,-0.081945,-0.072391,1.0474,-0.99288,-2.519,9.5314,-0.009255,0.006715,-0.004347,0.23921,-0.25458,-0.80536
-3.4111,-8.9583,2.125,0.006762,0.022768,-0.001147,0.27456,0.89306,0.24445,-0.58552,-8.3728,5.1088,0.014475,-0.01198,0.00258,-0.15277,0.94112,-0.024228,0.41931,-9.7382,1.3008,0.003282,-0.009328,-0.005961,-0.13605,0.76584,0.18089,1.558,5.3,-8.0643,-0.022077,0.018189,-0.010227,-0.081635,-0.073441,1.0478,-1.008,-2.6011,9.5459,-0.014769,0.003243,0.001985,0.23847,-0.25208,-0.80596
-3.4109,-8.9433,2.0728,-0.004114,0.019234,-0.002061,0.27491,0.89135,0.24607,-0.58552,-8.3511,5.1259,0.023629,0.002038,-0.009867,-0.15272,0.94032,-0.023308,0.40957,-9.7382,1.2982,-0.005521,-0.000462,-0.012137,-0.13489,0.76438,0.18137,1.558,5.3,-8.0643,-0.004311,0.010244,-0.010281,-0.081226,-0.073061,1.0478,-0.99295,-2.5488,9.5089,-0.000219,-0.004061,-0.007153,0.23902,-0.25378,-0.80591
-3.4258,-8.9432,2.0727,0.013035,0.012011,0.003464,0.27463,0.89315,0.24578,-0.55592,-8.4045,5.1477,0.026337,0.010918,-0.004508,-0.15229,0.94088,-0.024841,0.41444,-9.7333,1.2909,-0.019813,-0.000561,-0.011269,-0.13498,0.76541,0.18208,1.5582,5.27,-8.0643,0.013559,-0.008267,-0.01571,-0.081394,-0.072904,1.0472,-1.0453,-2.5337,9.5305,-0.000155,-0.004157,-0.012558,0.23979,-0.25338,-0.80629
-3.4111,-8.9583,2.1175,0.001294,0.013806,-0.003853,0.27554,0.89404,0.24554,-0.5856,-8.3413,5.1114,0.025273,-0.001372,0.00433,-0.15207,0.94193,-0.025364,0.4193,-9.7334,1.3007,-0.002159,-0.000186,-0.002415,-0.13476,0.76617,0.18157,1.5581,5.2701,-8.0943,0.013409,0.010222,-0.006758,-0.080334,-0.07186,1.0464,-1.0079,-2.5114,9.5088,0.005109,-0.000304,0.0001,0.23876,-0.25471,-0.80604
-3.4112,-8.9658,2.1473,0.013949,0.008325,-0.005635,0.27447,0.89291,0.24524,-0.59047,-8.351,5.1113,0.010018,-0.008439,0.002637,-0.15386,0.9405,-0.025436,0.42174,-9.7334,1.2959,-0.016539,-0.003808,0.002861,-0.13481,0.76438,0.18062,1.573,5.2851,-8.079,-0.010721,0.007609,-0.001481,-0.082368,-0.07225,1.0472,-0.99288,-2.5039,9.5016,-6.9e-05,0.004718,-0.016142,0.23779,-0.25366,-0.80635
-3.4107,-8.9062,2.0731,0.003015,-0.013244,-0.014678,0.27474,0.89214,0.24526,-0.58058,-8.4019,5.1014,0.013685,-0.001396,-2.9e-05,-0.15333,0.94165,-0.024912,0.40957,-9.7382,1.2958,-0.000165,-0.002236,-0.012135,-0.13566,0.76441,0.18108,1.5731,5.2626,-8.094,0.003892,0.005818,-0.019145,-0.0829,-0.073278,1.0473,-1.0378,-2.4739,9.5159,-0.008513,-0.002028,0.005561,0.23882,-0.25471,-0.80524
-3.4256,-8.884,2.103,-0.002336,0.019323,0.005239,0.27444,0.89133,0.24711,-0.58555,-8.351,5.1162,0.020883,-0.006794,-0.009891,-0.15204,0.94025,-0.025073,0.4193,-9.7285,1.2958,-0.011924,0.005121,-0.005064,-0.13495,0.76488,0.18273,1.5879,5.2777,-8.1012,-0.014045,0.004077,-0.012097,-0.081765,-0.07332,1.0481,-0.97784,-2.4892,9.5318,-0.012831,-0.002358,-0.008929,0.2395,-0.25326,-0.80471
-3.3664,-8.9808,2.1028,-0.000544,0.004803,-0.008373,0.27425,0.89263,0.24603,-0.57065,-8.3465,5.1747,0.001059,-0.024465,-0.011596,-0.15231,0.94076,-0.025227,0.43886,-9.7723,1.3017,-0.008172,-0.002339,-0.013023,-0.13432,0.76591,0.18023,1.5581,5.2851,-8.0868,0.000197,0.018158,-0.011995,-0.081866,-0.071703,1.0462,-1.0378,-2.5187,9.5008,-0.014691,-0.005856,-0.005302,0.23972,-0.25393,-0.80363
-3.411,-8.9656,2.0876,-0.013163,0.026563,0.005191,0.27569,0.89263,0.24569,-0.54612,-8.3755,5.1698,-0.01044,0.003014,-0.004241,-0.15177,0.94063,-0.024937,0.42904,-9.7334,1.3107,0.008643,0.007948,-0.007682,-0.13529,0.76594,0.18093,1.5433,5.255,-8.087,-0.006779,0.014649,-0.018202,-0.082472,-0.073042,1.0478,-1.0229,-2.5636,9.5009,-0.011289,-0.01093,0.009123,0.23929,-0.25288,-0.80393
-3.4334,-8.9581,2.1173,0.001351,0.031843,0.005187,0.27534,0.89312,0.2466,-0.62482,-8.3702,5.0746,0.003004,-0.006788,-0.011533,-0.15083,0.93972,-0.024354,0.39978,-9.7138,1.2952,-0.002153,-0.005635,-0.00243,-0.1346,0.76487,0.18224,1.6029,5.2851,-8.0634,0.00175,0.003177,-0.003276,-0.080684,-0.073693,1.0473,-0.94805,-2.5789,9.5171,0.006909,0.005099,0.001916,0.23845,-0.25525,-0.80498
-3.4259,-8.9581,2.095,-0.005938,0.01564,-0.003873,0.27498,0.89298,0.24738,-0.59045,-8.3317,5.1284,0.014588,0.005694,0.002678,-0.1496,0.94039,-0.0252,0.40954,-9.7334,1.3177,-0.012746,-0.007688,-0.007745,-0.13525,0.76426,0.18173,1.5878,5.3151,-8.0787,-0.001078,0.000551,0.003771,-0.081962,-0.07301,1.0467,-0.97798,-2.5488,9.4942,0.014308,-0.001433,-0.012606,0.23861,-0.253,-0.80594
-3.411,-8.9434,2.1027,-0.020361,0.026455,-0.007585,0.27457,0.89235,0.24711,-0.56832,-8.3656,5.1308,0.003852,-0.004972,-0.006183,-0.15001,0.93983,-0.023409,0.39975,-9.7066,1.3146,0.006797,-0.003789,-0.004182,-0.13464,0.76411,0.18139,1.5581,5.2701,-8.1093,-0.003675,0.006727,0.002039,-0.08108,-0.073197,1.048,-1.0304,-2.5187,9.5009,-0.000414,-0.003755,0.007336,0.2378,-0.25314,-0.8061
-3.3959,-8.8991,2.118,0.008514,0.012017,-0.000184,0.27574,0.89286,0.24662,-0.5413,-8.4189,5.121,0.010239,-0.008643,-0.021375,-0.15058,0.93985,-0.024471,0.42419,-9.748,1.3108,-0.003762,0.003206,-0.011242,-0.13437,0.76526,0.18174,1.5583,5.2251,-8.0942,0.001891,0.0252,-0.006664,-0.082451,-0.073062,1.0483,-1.0378,-2.4888,9.5158,0.002369,-0.013769,-0.000875,0.23998,-0.25339,-0.80549
-3.4259,-8.9581,2.1025,-0.016711,0.031803,-0.007605,0.27585,0.89255,0.24875,-0.61515,-8.3652,5.0479,0.000166,-0.004839,0.008065,-0.15028,0.93932,-0.023672,0.41925,-9.714,1.3151,-0.005466,-0.005994,-0.014794,-0.13578,0.76441,0.18119,1.5578,5.3227,-8.1243,-0.001436,0.012874,-0.019085,-0.082714,-0.073578,1.0484,-0.99284,-2.474,9.4942,-0.002108,-0.008438,-0.001754,0.23997,-0.25338,-0.80563
-3.4336,-9.0025,2.1096,0.006898,0.040541,-0.012172,0.2757,0.89294,0.24847,-0.57077,-8.3922,5.1137,0.004717,-0.019175,-0.013384,-0.15155,0.9393,-0.023354,0.4242,-9.7529,1.3158,0.010513,0.015127,-0.012085,-0.13417,0.76384,0.18079,1.5657,5.2401,-8.0941,-0.008041,0.005847,-0.001502,-0.081621,-0.074724,1.0477,-1.0078,-2.4741,9.5313,-0.012779,0.007473,-0.01066,0.23864,-0.25418,-0.80579
-3.4109,-8.9433,2.0878,0.014018,0.023593,-0.002054,0.27385,0.89245,0.2484,-0.57564,-8.3898,5.121,0.010123,-0.003199,-0.004452,-0.15091,0.93982,-0.023458,0.41443,-9.7382,1.3056,-0.008266,0.006857,-0.009475,-0.13485,0.76437,0.18224,1.588,5.2703,-8.1087,-0.003408,-0.004739,-0.011277,-0.082128,-0.071585,1.0466,-0.99294,-2.5639,9.5463,-0.016444,-0.002367,-0.00891,0.23864,-0.25274,-0.80555
-3.4258,-8.9284,2.0952,0.001299,0.015614,-0.002038,0.2744,0.89204,0.24896,-0.58557,-8.3655,5.1016,0.003725,-0.008397,0.006245,-0.15047,0.9398,-0.022402,0.39978,-9.7187,1.31,-0.011838,0.006832,-0.009481,-0.13442,0.76501,0.18087,1.5581,5.285,-8.0793,-0.003482,0.004082,-0.007681,-0.08193,-0.072658,1.0477,-0.99299,-2.5787,9.5163,-0.011089,-0.000442,-0.003483,0.2391,-0.25353,-0.80485
-3.411,-8.9581,2.0877,0.001387,0.027172,-0.009383,0.27458,0.89196,0.24724,-0.57565,-8.3729,5.1308,0.004666,-0.006673,0.001802,-0.15029,0.94079,-0.021251,0.42162,-9.7477,1.3012,-0.00023,-0.003756,-0.005068,-0.13421,0.7645,0.18266,1.5581,5.2849,-8.0493,-0.014326,0.006743,0.00028,-0.082037,-0.074337,1.0478,-0.99301,-2.5636,9.4715,-0.003764,0.01025,-0.007954,0.23929,-0.25365,-0.80591
-3.4259,-8.9432,2.0951,-0.000452,0.028185,-0.001183,0.27462,0.89283,0.24803,-0.57071,-8.4189,5.1087,0.004893,0.000236,-0.016843,-0.15044,0.94106,-0.021651,0.41917,-9.7356,1.2961,0.001543,0.003537,-0.00505,-0.13438,0.76361,0.18168,1.5731,5.2626,-8.094,0.013485,0.030459,-0.008384,-0.081495,-0.073572,1.0478,-1.0079,-2.5487,9.5012,-0.000221,0.003151,-0.00529,0.23783,-0.25314,-0.8057
-3.411,-8.9434,2.1101,0.010368,0.022798,0.003417,0.27504,0.89141,0.24846,-0.59051,-8.3534,5.0992,0.001216,-0.008572,-0.014186,-0.15068,0.93811,-0.021868,0.41432,-9.7525,1.3061,0.008758,0.001687,-0.008581,-0.13563,0.76443,0.18184,1.588,5.2701,-8.0787,-0.005224,0.011111,-0.008518,-0.081816,-0.07213,1.0473,-0.99288,-2.519,9.524,0.014313,0.003051,-0.01257,0.23888,-0.25418,-0.80604
-3.4258,-8.9432,2.0877,0.005032,0.031625,-0.009399,0.27455,0.89165,0.24923,-0.58807,-8.3751,5.0821,-0.011295,0.005672,-0.004229,-0.1511,0.93965,-0.022047,0.42405,-9.7477,1.3061,-0.003644,0.004193,-0.013003,-0.13466,0.76453,0.18114,1.5581,5.2701,-8.0943,0.005728,0.018145,-0.020822,-0.082648,-0.072752,1.047,-0.99283,-2.4741,9.5017,-0.003007,0.001454,0.000123,0.23958,-0.25391,-0.80563
-3.396,-8.914,2.1254,0.008541,0.011925,-0.007479,0.27427,0.89383,0.24907,-0.58564,-8.4234,5.043,0.010098,-0.01026,-0.004498,-0.15041,0.94027,-0.021119,0.40939,-9.7234,1.3055,0.010631,0.000682,-0.012996,-0.13361,0.76564,0.18216,1.5431,5.2701,-8.1171,-0.008584,0.007609,-0.017367,-0.081346,-0.073203,1.0482,-1.0078,-2.4815,9.5014,-0.000556,-0.002645,0.018186,0.23996,-0.25325,-0.80576
-3.4107,-8.9061,2.0432,-0.016752,0.019188,-0.01211,0.27453,0.89294,0.24882,-0.59556,-8.3652,5.0505,0.0084,0.00655,-0.002609,-0.15023,0.94134,-0.022417,0.40941,-9.7331,1.3057,-0.009019,0.005087,-0.012127,-0.1354,0.76468,0.18135,1.5731,5.2701,-8.0865,-0.008896,0.009365,-0.003236,-0.082257,-0.07083,1.0471,-0.97787,-2.5041,9.5317,-0.003939,0.001481,0.001929,0.24,-0.25483,-0.80546
-3.3962,-8.9731,2.0877,-0.000483,0.01918,-0.004791,0.27563,0.89304,0.24966,-0.56085,-8.4093,5.1355,0.004526,-0.017208,0.009747,-0.15107,0.94092,-0.021296,0.42403,-9.7332,1.3059,0.013974,0.003707,-0.002384,-0.13524,0.76557,0.18208,1.5581,5.2701,-8.0868,0.000924,0.011119,-0.004988,-0.081922,-0.071777,1.0482,-1.0603,-2.5037,9.5154,-0.001988,-0.005915,-0.010751,0.24052,-0.25483,-0.80558
-3.4407,-8.9577,2.0427,-0.005892,0.02278,-0.00482,0.27506,0.8923,0.24885,-0.56583,-8.4092,5.1112,-0.002429,0.002185,0.002793,-0.15116,0.93924,-0.021013,0.41428,-9.7331,1.3057,-0.005597,-0.009234,-0.004203,-0.13485,0.76491,0.18237,1.5732,5.255,-8.0639,-0.001438,0.011987,-0.019102,-0.083233,-0.073857,1.0458,-1.0005,-2.5712,9.5162,0.003333,-0.006661,-0.003557,0.23855,-0.25353,-0.805
-3.4409,-8.9655,2.1247,-0.007618,0.040728,-0.005807,0.2745,0.89232,0.2483,-0.61016,-8.4185,5.0356,0.002122,-0.003214,-0.007955,-0.15214,0.94048,-0.0198,0.39479,-9.7282,1.3005,0.003255,0.000923,-0.001527,-0.13423,0.76489,0.18215,1.5878,5.3151,-8.0787,-0.003392,0.016389,-0.011119,-0.081657,-0.072023,1.0478,-0.97053,-2.5938,9.5316,0.023242,0.003225,-0.005362,0.23915,-0.25326,-0.80592
-3.4258,-8.9579,2.0577,-0.0149,0.026331,-0.013053,0.27429,0.89357,0.24934,-0.60279,-8.3702,5.0771,0.004554,-0.020786,0.004389,-0.15033,0.94062,-0.019704,0.40451,-9.7185,1.3078,-0.007278,-0.005743,-0.009498,-0.13475,0.76517,0.18187,1.5579,5.315,-8.0793,0.012464,0.009345,-0.00499,-0.08164,-0.072802,1.0479,-0.978,-2.5638,9.5017,-0.000305,0.006875,0.001958,0.23901,-0.25418,-0.80617
-3.4036,-8.9804,2.0727,-0.004142,0.015684,0.00069,0.27539,0.89277,0.25005,-0.56111,-8.4041,5.0724,-0.002281,0.002054,-0.013214,-0.15187,0.94214,-0.019171,0.41431,-9.7428,1.2961,-0.011022,-0.008277,-0.000675,-0.13401,0.76514,0.18166,1.5432,5.255,-8.0945,0.001934,-0.010886,-0.012203,-0.081793,-0.072532,1.0477,-1.0229,-2.5037,9.4861,0.005109,-0.005695,-0.000835,0.24014,-0.2526,-0.80497
-3.4257,-8.8988,2.0954,0.012195,0.020906,-0.002957,0.27464,0.89174,0.25096,-0.56349,-8.4235,5.0747,-0.002513,0.004067,0.01525,-0.15043,0.94047,-0.019062,0.40941,-9.7355,1.3057,-0.008947,-0.005897,-0.014799,-0.13395,0.76539,0.18278,1.5731,5.2552,-8.109,-0.000903,-0.001209,-0.003314,-0.080974,-0.071771,1.0477,-1.0228,-2.5038,9.5011,-0.009248,0.003122,-0.005263,0.23927,-0.25312,-0.80605
-3.4407,-8.9577,2.0427,-0.013167,0.017465,-0.003895,0.27475,0.89072,0.25044,-0.63963,-8.3845,5.0331,0.008141,-0.006544,0.016875,-0.15019,0.941,-0.019316,0.41429,-9.738,1.3083,-0.000257,-9.3e-05,-0.004178,-0.13372,0.76358,0.18246,1.5878,5.2928,-8.1162,-0.002011,0.009355,0.007355,-0.082233,-0.072376,1.0471,-0.99283,-2.4816,9.5166,-0.003978,-0.003854,0.003708,0.24009,-0.25417,-0.80587
-3.4336,-9.0172,2.0871,-0.011259,0.031709,-0.011248,0.27505,0.89205,0.24859,-0.60514,-8.4307,5.0598,0.004603,-0.022602,-0.000965,-0.15062,0.94057,-0.017785,0.42888,-9.7186,1.3057,-0.011022,-0.00012,-0.001535,-0.13507,0.76519,0.18047,1.5731,5.2627,-8.109,-0.008625,0.005835,-0.015617,-0.082577,-0.072055,1.0489,-0.9928,-2.4591,9.5017,-0.013011,-0.007472,0.003705,0.23931,-0.25392,-0.80564
-3.4332,-8.9431,2.0727,0.014005,0.009964,-0.015679,0.27463,0.89251,0.25069,-0.58553,-8.4187,5.0746,0.017265,-0.008507,-0.004546,-0.15001,0.94072,-0.018399,0.40454,-9.7355,1.3056,-0.003932,-0.003621,0.001107,-0.13539,0.76519,0.18158,1.573,5.2851,-8.094,-0.010319,0.016399,-0.019068,-0.083139,-0.073309,1.0483,-0.99297,-2.5638,9.5164,-0.01128,-0.007355,0.009133,0.24089,-0.25311,-0.80573
-3.4109,-8.9432,2.0654,-0.006803,0.027364,0.001548,0.27405,0.89292,0.24987,-0.59549,-8.375,5.0626,0.013618,0.000462,0.009763,-0.15113,0.94082,-0.017689,0.41428,-9.7307,1.3008,-0.010856,0.00332,-0.009482,-0.13562,0.76468,0.18209,1.5657,5.27,-8.0641,0.001673,0.000556,0.000234,-0.083771,-0.072086,1.0468,-1.0005,-2.5786,9.5013,-0.000457,-0.010897,0.009087,0.24059,-0.25298,-0.80614
-3.4111,-8.9877,2.0726,0.002284,0.023552,-0.011192,0.27398,0.89341,0.25092,-0.59042,-8.4187,5.077,-0.006826,-0.00322,-0.009655,-0.15068,0.93951,-0.016739,0.41916,-9.7234,1.2812,0.005272,-0.003889,-0.012125,-0.1351,0.76543,0.18234,1.573,5.2851,-8.079,0.0071,-0.001218,-0.004188,-0.08288,-0.072154,1.0483,-0.99298,-2.5637,9.5014,-0.007437,0.004016,-0.005272,0.24144,-0.25363,-0.80557
-3.4109,-8.9654,2.0429,-0.004121,0.015616,-0.003872,0.2753,0.89211,0.25085,-0.58556,-8.4138,5.0722,0.008321,-0.004944,-0.002674,-0.15084,0.94183,-0.016919,0.42405,-9.7429,1.3012,-0.000953,-0.005789,-0.01302,-0.13521,0.76492,0.1826,1.573,5.2776,-8.094,-0.003345,0.00231,-0.013873,-0.081237,-0.07305,1.0476,-1.0079,-2.5487,9.5162,-0.014654,-0.009524,-0.008957,0.23902,-0.25287,-0.8058
-3.4259,-8.9653,2.0577,0.00316,0.030023,0.005195,0.27307,0.89302,0.25129,-0.61018,-8.3991,5.0429,0.022566,-0.010218,0.002513,-0.15182,0.94365,-0.018037,0.41426,-9.7186,1.3055,-0.015991,-0.007891,-0.019224,-0.13624,0.76367,0.18208,1.5731,5.2626,-8.094,0.007225,0.009341,-0.008532,-0.081517,-0.072154,1.0478,-0.97796,-2.5489,9.5167,0.025066,-0.007595,-0.009055,0.24066,-0.25415,-0.80718
-3.4111,-8.9877,2.0726,0.001413,0.035291,-0.00486,0.27433,0.8924,0.25015,-0.59062,-8.3991,5.0382,-0.00421,0.005762,0.006378,-0.15176,0.94221,-0.017105,0.4143,-9.7428,1.301,-0.001855,0.001484,-0.013009,-0.13562,0.76443,0.18197,1.588,5.2701,-8.0787,0.003522,0.016385,-0.001422,-0.081813,-0.073022,1.047,-0.99287,-2.504,9.5165,-0.003843,0.008547,-0.003444,0.23971,-0.25312,-0.80551
-3.4407,-9.0019,1.9678,-0.01669,0.03722,-0.001254,0.27461,0.89137,0.2503,-0.58071,-8.4428,5.0405,0.006637,-0.00503,-0.013335,-0.15251,0.94334,-0.016523,0.42898,-9.772,1.2895,0.006887,0.001782,-0.004165,-0.1349,0.76428,0.18126,1.558,5.2776,-8.1093,0.009716,0.006709,-0.000605,-0.082207,-0.072273,1.0478,-1.0003,-2.489,9.5015,-0.009283,0.003171,-0.00256,0.24022,-0.25469,-0.80599
-3.4335,-9.0023,2.0499,0.010406,0.02268,-0.003885,0.27597,0.89185,0.25101,-0.60521,-8.4403,5.0331,0.010226,0.000295,-0.009784,-0.15245,0.94376,-0.017687,0.43369,-9.6895,1.3151,-0.001995,0.011618,-0.007679,-0.13349,0.76486,0.18194,1.5881,5.2552,-8.0936,0.001836,0.020786,-0.004925,-0.08332,-0.072633,1.0475,-0.99291,-2.5339,9.5239,-0.007431,-0.004107,-0.008041,0.23923,-0.25287,-0.80473
-3.4109,-8.9874,1.998,-0.017654,0.027396,-0.000296,0.27223,0.89267,0.25046,-0.58075,-8.4089,5.0528,0.008308,-0.008482,-0.003581,-0.15265,0.9399,-0.017369,0.42164,-9.7574,1.2989,-0.0046,-0.000269,-0.009482,-0.13514,0.7648,0.18148,1.5728,5.3301,-8.0865,-0.003323,0.00231,-0.015626,-0.082182,-0.073185,1.048,-0.9854,-2.519,9.5166,-0.007612,-0.016436,0.002727,0.23885,-0.25326,-0.80633
-3.4113,-9.0175,2.1022,-0.004076,0.022753,-0.007549,0.27466,0.89339,0.25135,-0.55124,-8.4236,5.0772,0.00122,0.005693,-0.000776,-0.15067,0.94066,-0.016373,0.42887,-9.7138,1.3081,-0.002121,-2.2e-05,-0.000641,-0.1355,0.76507,0.18196,1.5582,5.2551,-8.0942,-0.007067,0.012889,-0.004979,-0.083014,-0.072409,1.0483,-1.0304,-2.5336,9.5009,-0.007551,-0.000307,0.001951,0.23977,-0.25246,-0.80631
-3.4331,-8.9281,2.0355,0.010269,0.014021,0.019865,0.27515,0.89264,0.25057,-0.60513,-8.4332,5.0598,0.002112,0.005689,9.5e-05,-0.1514,0.94152,-0.015397,0.41917,-9.7429,1.306,-0.002736,-0.007622,-0.013027,-0.13479,0.76582,0.1811,1.5881,5.2701,-8.0637,-0.003679,-0.010011,0.000159,-0.080835,-0.072155,1.0476,-1.0005,-2.5936,9.5236,0.008884,0.014759,-0.008854,0.23928,-0.25286,-0.80592
-3.4408,-8.9653,2.0874,-0.018564,0.035603,0.00879,0.27498,0.89195,0.25243,-0.62502,-8.37,5.0235,0.010955,-0.003999,0.004421,-0.15153,0.94127,-0.015529,0.39476,-9.7185,1.3052,0.003392,0.007108,-0.008579,-0.13465,0.76452,0.18139,1.573,5.2925,-8.064,0.010629,-0.002101,-0.003309,-0.081189,-0.071952,1.0491,-0.97806,-2.6086,9.5165,0.015974,-0.005725,-0.003591,0.23925,-0.25312,-0.80632
-3.4258,-8.9579,2.0428,-0.000403,0.038053,0.000595,0.27334,0.89251,0.2513,-0.62488,-8.4136,5.0306,0.004746,-0.003157,-0.000865,-0.15134,0.94181,-0.016559,0.41431,-9.7428,1.2961,-0.01095,-0.006549,-0.004204,-0.13535,0.7648,0.18235,1.5729,5.3001,-8.094,0.001897,0.007587,-0.009419,-0.081892,-0.072313,1.0487,-0.99292,-2.5113,9.4717,0.016033,0.003208,-0.005338,0.2404,-0.25246,-0.80497
-3.4259,-8.9801,2.0427,-0.00493,0.031704,-0.007592,0.2748,0.89236,0.25136,-0.57822,-8.4477,5.0478,0.022663,0.002157,0.002577,-0.15127,0.94024,-0.015625,0.42891,-9.7283,1.2912,-0.001264,0.003671,0.001133,-0.13562,0.76494,0.18208,1.5658,5.2326,-8.0941,0.003647,0.013751,-0.006742,-0.083729,-0.072379,1.0477,-1.0079,-2.5113,9.5013,-0.014883,-0.00557,0.009158,0.23875,-0.25274,-0.80581
-3.4483,-9.0021,2.0274,-0.005905,0.020095,-0.003899,0.27435,0.89162,0.25042,-0.58579,-8.4208,5.0065,0.012034,0.01097,-0.002623,-0.15235,0.94129,-0.016347,0.4216,-9.7331,1.2985,0.005254,-0.005689,-0.011246,-0.13534,0.76454,0.1826,1.5655,5.2852,-8.1091,5.4e-05,0.019918,-0.004925,-0.082305,-0.072435,1.0487,-1.0078,-2.5039,9.5163,0.003358,-0.0058,-0.00536,0.23882,-0.2534,-0.805
-3.4257,-8.9504,2.0279,0.017525,0.00482,0.005322,0.27397,0.89149,0.2508,-0.61014,-8.4427,5.0233,0.008247,-0.015532,-0.000961,-0.15201,0.93971,-0.015011,0.41428,-9.7307,1.3008,-0.008984,-0.005852,-0.013031,-0.13536,0.76441,0.18223,1.603,5.2553,-8.1084,-0.00336,0.009337,-0.012065,-0.082303,-0.072564,1.0487,-0.97786,-2.4741,9.487,-0.011093,-0.00403,-0.003519,0.24054,-0.25378,-0.8052
-3.4331,-8.9429,2.0279,0.008575,0.017289,-0.005688,0.27443,0.89145,0.25201,-0.57823,-8.4211,5.0625,0.006458,-0.015543,-0.002715,-0.15186,0.94156,-0.016841,0.42892,-9.738,1.2914,-0.017859,0.003096,-0.015669,-0.13512,0.76441,0.18199,1.5731,5.2701,-8.079,-0.021177,-0.004708,-0.012159,-0.082452,-0.072933,1.0483,-0.99292,-2.5188,9.4866,-0.016583,-0.000332,0.002859,0.2394,-0.2526,-0.80606
-3.4334,-8.9654,2.0875,-0.006895,0.006702,-0.002013,0.27325,0.89287,0.25209,-0.58079,-8.4137,5.0382,0.013586,-0.010169,0.006147,-0.15185,0.94027,-0.016817,0.41915,-9.7332,1.3107,0.001608,-0.005629,-0.007718,-0.13575,0.76392,0.18198,1.5655,5.2851,-8.0941,0.002831,0.009349,-0.011174,-0.082992,-0.073193,1.0485,-1.0005,-2.5937,9.5311,-0.007614,-0.003829,0.005535,0.23781,-0.25261,-0.80597
-3.4259,-8.9727,2.0576,-0.002382,0.00855,0.00528,0.27412,0.89174,0.25107,-0.571,-8.3847,5.0603,0.031539,-0.006688,0.002467,-0.15248,0.94135,-0.018675,0.40942,-9.7331,1.2983,-0.009201,-0.009215,-0.002441,-0.13514,0.76506,0.18147,1.573,5.285,-8.064,-0.000906,0.009356,-0.003232,-0.081646,-0.073812,1.0474,-0.97806,-2.5936,9.4867,0.010552,-0.002121,-0.001745,0.23943,-0.25221,-0.80553
-3.4109,-8.9727,2.0279,0.004879,0.011184,0.005278,0.27449,0.89162,0.25056,-0.58062,-8.4187,5.0795,0.021756,-0.008528,-0.00636,-0.15284,0.94057,-0.018423,0.41917,-9.7356,1.2936,0.003091,0.00021,0.006426,-0.13472,0.76439,0.18239,1.5582,5.27,-8.0643,-0.006944,0.025211,-0.010183,-0.081706,-0.073756,1.046,-0.99294,-2.5338,9.4866,-0.004678,-0.00415,-0.010762,0.23941,-0.25339,-0.80604
-3.426,-8.9655,2.095,-0.002347,0.00934,-0.003841,0.27592,0.89213,0.25008,-0.5709,-8.4235,5.0577,0.028982,-0.010369,-0.014432,-0.15272,0.94032,-0.01854,0.43134,-9.7381,1.3159,-0.007096,-0.002344,-0.018317,-0.13435,0.76568,0.17987,1.5656,5.2701,-8.0866,0.012473,0.0067,-0.005018,-0.082083,-0.07277,1.0473,-1.0229,-2.5636,9.5159,-0.002914,0.001315,-0.007097,0.23924,-0.25273,-0.80632
-3.4109,-8.9506,2.0579,-0.002265,0.026387,-0.00209,0.27514,0.89226,0.25031,-0.59066,-8.3797,5.0432,0.031575,-0.003162,0.001593,-0.15227,0.94163,-0.019571,0.43135,-9.7381,1.3012,-0.007356,-0.000204,-0.005948,-0.13397,0.76449,0.1823,1.558,5.2851,-8.0943,0.000119,0.0164,-0.008478,-0.081967,-0.07237,1.0469,-0.99283,-2.4741,9.5017,0.006112,-0.004056,-0.008077,0.23943,-0.25299,-0.80565
