9.059,0.97635,-0.57301,-0.084181,0.39872,0.19486,-0.76538,0.17982,-0.43917,2.5391,8.7257,-2.2377,-0.32021,-0.13652,-0.050982,0.26046,-0.73908,-0.44058,5.8136,-5.4066,1.7749,-0.45571,0.58896,0.071771,0.1213,0.68494,-0.58816,-14.31,-4.4403,2.6262,0.086866,-0.61895,1.8416,0.78746,-0.492,0.16872,-9.5378,2.1116,-1.1285,0.00197,-0.23225,1.6155,0.68719,0.61631,0.10227
7.7935,-0.008756,0.11217,-0.13861,0.073519,0.26264,-0.76121,0.19148,-0.4438,1.6059,7.6932,-1.2907,-0.13085,-0.1947,0.045572,0.25759,-0.73684,-0.44835,3.8976,-5.8689,3.5044,-0.59323,0.39308,-0.091028,0.13302,0.69906,-0.57,-10.673,-2.8012,-0.37817,-0.56723,0.79192,1.8559,0.75652,-0.55937,0.18109,-10.055,2.7998,-2.8684,-0.21266,-0.19639,1.9068,0.73164,0.56572,0.098351
6.7589,0.54551,0.65246,-0.14339,-0.035786,0.40987,-0.75864,0.20469,-0.43922,1.0796,6.4714,-0.30322,0.000615,-0.32155,0.15651,0.24972,-0.73629,-0.45609,2.3861,-5.4511,3.5672,-0.32346,0.30356,-0.14605,0.13889,0.70723,-0.5556,-7.6579,-3.1431,-1.8325,-0.78183,0.20395,1.0662,0.71344,-0.60579,0.17936,-8.9863,0.84935,-1.9069,-1.0353,0.31969,1.8495,0.77997,0.49684,0.096182
5.8949,0.42066,0.26467,-0.16836,-0.067947,0.28948,-0.75491,0.21769,-0.43721,0.82964,5.6781,0.31371,0.084712,-0.40728,0.29483,0.23587,-0.73633,-0.45839,1.8253,-4.9763,3.125,-0.29924,0.18772,-0.14283,0.14045,0.71469,-0.54443,-6.5463,-0.49525,-2.8183,-2.8769,0.36482,1.5442,0.67991,-0.65432,0.13364,-9.1574,0.086071,0.85935,-1.5686,0.34553,1.5942,0.80812,0.43644,0.13925
6.5049,0.28175,0.43996,-0.33776,-0.51073,0.18361,-0.75526,0.23044,-0.42843,0.57049,6.3978,0.88159,0.086602,-0.45851,0.41376,0.21953,-0.74221,-0.45776,1.9579,-5.5938,3.1426,-0.39151,0.097392,-0.15639,0.13901,0.72474,-0.53549,-5.6164,-0.61748,-1.3892,-3.2363,0.014108,0.80578,0.65578,-0.68006,0.076972,-9.1327,-1.1416,-2.6841,-1.1175,-0.083247,1.3044,0.82979,0.38897,0.16913
7.941,0.039117,0.81478,-0.18851,-0.59128,0.10041,-0.76411,0.2368,-0.40791,0.24838,7.891,0.9083,0.067963,-0.50785,0.42447,0.19779,-0.74641,-0.45951,2.4568,-6.772,3.4152,-0.49989,0.010471,-0.16638,0.13389,0.73528,-0.52211,-3.0231,-6.2073,-3.4464,-2.5776,0.19114,0.38925,0.63745,-0.68257,-0.000748,-9.485,-1.5149,-2.2728,-0.48424,0.094212,1.3621,0.84868,0.33901,0.18337
9.3568,0.18219,1.095,-0.14644,-0.53448,0.045662,-0.77298,0.24241,-0.38765,0.088701,9.2044,1.0445,0.095105,-0.47904,0.38455,0.17509,-0.75065,-0.45989,3.077,-7.6644,3.7408,-0.56802,-0.13339,-0.13841,0.1274,0.74713,-0.50607,-4.0803,-5.8905,-1.2926,-2.3698,1.0098,-0.13602,0.63767,-0.66856,-0.05742,-9.6413,-1.4503,-1.3042,-0.84445,-0.073545,1.1123,0.86426,0.28907,0.19153
9.8103,-0.19079,0.84237,-0.17657,-0.39603,0.059637,-0.78196,0.24393,-0.36985,-0.05399,9.9857,1.3971,0.13384,-0.34878,0.33522,0.15221,-0.75562,-0.46143,3.3252,-8.1562,5.0416,-0.46985,-0.2494,-0.14295,0.11944,0.75753,-0.49421,-4.2124,-4.0842,0.55566,-2.1633,1.1343,-0.80087,0.64681,-0.64945,-0.1305,-9.3855,-0.1929,-2.3721,0.25237,-0.22027,1.0126,0.87595,0.24881,0.17833
9.4267,0.18616,-0.045748,-0.16312,-0.35552,0.17523,-0.78734,0.25198,-0.35757,0.56968,10.116,2.0139,0.048271,-0.21477,0.28165,0.13784,-0.75796,-0.45935,2.9272,-7.9295,5.6111,-0.34307,-0.13235,-0.16298,0.1117,0.76611,-0.48279,-17.401,14.823,10.405,-2.5918,-0.096935,-0.048501,0.65789,-0.62428,-0.19294,-9.6681,0.86059,-2.0753,0.060032,-0.017047,0.99098,0.88601,0.21517,0.1725
10.648,-0.090018,-0.11288,-0.59612,-0.38625,0.3892,-0.78704,0.26635,-0.34381,1.3411,10.353,1.6941,0.008668,-0.18305,0.23606,0.12973,-0.7594,-0.46002,3.2088,-8.5226,5.1856,-0.3103,0.01841,-0.10961,0.10743,0.77419,-0.47257,-18.843,14.046,8.4411,0.095979,0.4273,1.0828,0.65033,-0.6321,-0.16029,-10.025,1.9208,-1.4585,-0.75637,0.10555,0.90891,0.89325,0.181,0.1818
12.858,-0.7741,-0.18263,-0.22381,-0.23426,0.31446,-0.78915,0.28544,-0.33123,1.8376,12.79,1.4313,-0.021032,-0.29413,0.22368,0.11768,-0.75987,-0.4599,4.558,-10.923,5.1769,-0.25245,0.2843,-0.059387,0.10844,0.77794,-0.46257,-5.2249,1.4703,-1.8037,-1.5925,-0.057058,0.41049,0.63365,-0.6343,-0.18944,-12.188,-0.65624,-2.8316,-1.4706,0.011004,0.32318,0.89846,0.14978,0.19059
13.75,-1.5781,-0.95686,0.13577,0.11449,0.30801,-0.78735,0.2943,-0.32887,3.0079,14.229,2.5725,-0.18718,-0.15135,0.13732,0.10738,-0.75826,-0.4651,3.7424,-11.342,5.2623,-0.34417,0.56395,0.045025,0.11648,0.78413,-0.45253,-3.5433,-5.1028,-6.3011,-0.35145,0.35341,-0.47939,0.63375,-0.62397,-0.20333,-12.432,-3.3507,-3.0894,-1.4661,-0.30571,-0.27207,0.89846,0.1428,0.19306
12.974,-1.2758,-2.7809,-0.22286,0.22044,0.73919,-0.77858,0.31609,-0.3326,3.7037,14.45,1.0372,-0.21804,0.21929,0.020504,0.10522,-0.75306,-0.47327,3.1082,-12.668,5.8552,-0.44666,0.44467,0.13797,0.1305,0.78825,-0.43886,-21.038,15.739,2.9341,2.9603,1.4852,-0.3283,0.66545,-0.62454,-0.16828,-12.988,-9.1016,-2.5168,-0.96419,-0.088153,-1.0402,0.89368,0.1528,0.19363
10.901,-0.46242,-3.8356,0.079074,0.50801,0.5986,-0.76655,0.33816,-0.34875,3.362,10.033,0.076964,-0.30266,0.37553,-0.089806,0.11279,-0.74727,-0.48194,4.0086,-11.222,4.3254,0.07701,0.12858,0.37503,0.14398,0.79128,-0.43072,-9.1772,-12.432,1.6952,3.0424,-1.5646,0.41012,0.66758,-0.65618,-0.05914,-11.389,-8.644,1.2015,0.3092,-0.2153,-2.464,0.88162,0.21873,0.19011
8.9358,-3.0117,-3.2703,0.32496,0.40614,0.37295,-0.75497,0.35311,-0.36644,4.233,8.4228,0.15514,-0.48003,0.25695,-0.34602,0.12349,-0.73913,-0.49164,4.3563,-8.7742,3.0216,0.62759,-0.21787,0.5122,0.15717,0.78388,-0.43862,-6.3401,-5.8318,-3.1534,6.6455,-1.7111,-0.39701,0.67978,-0.64872,0.001103,-11.229,8.5937,-2.7605,2.6299,0.068417,-3.043,0.85404,0.3246,0.17015
10.415,-3.0963,-1.7379,0.53972,0.15748,0.19122,-0.74989,0.35678,-0.389,5.8979,8.6567,-0.12275,-0.29873,0.48376,-0.40735,0.14254,-0.73048,-0.50346,5.7628,-10.089,2.237,0.9828,-0.38342,0.44985,0.16584,0.76495,-0.46654,-10.442,-5.8866,-1.0903,3.5516,-0.20215,-1.2662,0.72128,-0.61946,0.13889,-17.09,6.8617,-3.7382,-0.72149,0.34004,-2.028,0.81158,0.41048,0.18078
10.151,-1.4173,-0.62505,0.47077,0.094932,-0.13684,-0.7503,0.35088,-0.39942,4.6818,8.613,-0.091524,0.086722,0.91771,-0.10966,0.16626,-0.72528,-0.50047,6.1082,-9.4092,1.5996,0.75867,-0.22365,0.19574,0.16994,0.74672,-0.49533,-11.417,-5.2299,-1.2606,2.3091,-0.88254,-1.7156,0.76368,-0.553,0.21195,-13.345,0.39324,-0.21896,-0.67252,0.49627,-2.1805,0.77065,0.4725,0.21216
8.839,-1.4886,-0.51611,0.74018,0.10475,-0.46131,-0.7517,0.32831,-0.41212,2.3768,7.94,0.76363,0.32371,0.82866,0.034165,0.18844,-0.73054,-0.4898,4.2235,-7.3383,1.6279,0.18547,-0.23375,0.032216,0.17168,0.73198,-0.51593,-13.856,-0.83925,-6.4004,-1.5272,-0.63527,-1.4558,0.78061,-0.5249,0.18631,-12.301,2.5721,-0.97229,0.68531,0.22159,-2.5263,0.70959,0.56678,0.21425
6.8574,-1.1264,-0.073756,0.2857,0.074686,-0.29962,-0.75125,0.30356,-0.41925,0.94423,7.0509,1.159,0.22654,0.52087,0.14501,0.19842,-0.73569,-0.47685,2.8219,-6.0483,2.4008,0.12788,-0.37382,-0.037315,0.16387,0.72923,-0.52128,-9.5883,2.8061,-6.2361,0.75887,-0.14556,-1.5637,0.81531,-0.47993,0.15558,-9.8994,4.5734,0.23146,1.2841,0.076112,-1.866,0.6533,0.63649,0.19847
5.7734,-0.43497,-0.39077,0.39706,-0.17558,-0.36963,-0.75603,0.28352,-0.41655,0.29104,6.0305,1.1333,0.1793,0.29104,0.15637,0.19983,-0.74027,-0.46823,2.27,-5.2098,2.1481,0.24258,-0.53421,-0.096757,0.15369,0.72795,-0.52352,-7.4801,-0.8979,-0.64616,2.4735,0.75067,-2.1226,0.85686,-0.4019,0.19154,-6.7895,1.755,-1.098,2.3848,0.23412,-1.3552,0.61732,0.67139,0.15966
6.4244,-1.1536,0.19878,0.038936,-0.28892,-0.1972,-0.76191,0.27295,-0.40951,0.26256,6.634,1.1554,0.23206,0.14232,0.13121,0.20109,-0.74522,-0.45999,2.0945,-5.1775,2.2133,0.28027,-0.65871,-0.14206,0.13629,0.72303,-0.53458,-8.7479,-5.3215,-0.14172,4.23,0.085203,-0.81669,0.88551,-0.32218,0.26064,-5.6726,2.2878,-1.1524,1.7797,0.24039,-1.0539,0.58732,0.70813,0.10657
7.3181,-1.2792,0.1749,-0.082475,-0.4731,0.037892,-0.76881,0.27005,-0.39696,1.2135,7.6192,0.94214,0.32412,-0.02029,0.10587,0.198,-0.75187,-0.4517,2.2813,-6.3423,2.6569,0.20813,-0.67876,-0.18464,0.11576,0.71886,-0.54531,-9.7797,1.5881,5.1861,-2.6116,0.51787,-1.3075,0.89498,-0.30496,0.25594,-4.8951,6.0049,-1.4131,0.77858,0.69477,-0.7269,0.55995,0.73251,0.087585
8.4935,-1.6447,0.3157,-0.14938,-0.64118,0.011276,-0.77909,0.27749,-0.37859,1.8636,7.738,1.4181,0.42016,-0.10971,0.19366,0.18802,-0.75947,-0.44287,2.6434,-7.4181,3.0674,-0.029573,-0.62447,-0.25017,0.09265,0.71711,-0.55474,-11.035,2.5175,0.47894,2.0227,0.090127,-0.88128,0.88962,-0.25873,0.30014,-4.5501,5.5203,-0.004283,0.42949,0.82194,0.000989,0.5476,0.74748,0.070934
9.6029,-1.9345,0.17304,0.054733,-0.42547,-0.26835,-0.78782,0.27517,-0.36363,1.9901,8.4292,2.3405,0.43484,-0.18885,0.25195,0.17726,-0.76778,-0.43201,3.4277,-9.0261,3.8676,-0.2301,-0.39722,-0.31346,0.073648,0.72078,-0.55243,-8.8187,-0.26253,-3.2467,0.35146,0.66499,-0.70527,0.87823,-0.23563,0.31892,-6.64,-0.5599,2.7974,0.99743,0.025655,0.68562,0.5593,0.73918,0.058193
9.9935,-1.8884,-1.0321,0.10882,-0.090313,-0.43754,-0.79485,0.26278,-0.35375,1.3952,9.6817,2.5322,0.43274,-0.08301,0.13701,0.17212,-0.77719,-0.41699,3.23,-9.0502,4.2758,-0.24852,-0.15379,-0.39077,0.059811,0.72756,-0.54492,-9.548,-0.55075,0.45214,0.41877,-0.35761,-1.037,0.89362,-0.2028,0.30707,-10.891,-13.347,-2.5376,0.78814,-0.066667,0.95199,0.58454,0.71754,0.038969
11.719,-2.3486,-0.54462,0.14808,-0.088738,-0.54402,-0.79975,0.24488,-0.35081,1.5751,11.175,2.6373,0.37997,0.16516,-0.10642,0.17216,-0.78212,-0.4051,3.6166,-10.543,5.3907,-0.10237,-0.044275,-0.30565,0.048001,0.73274,-0.53964,-11.152,0.59574,-2.7019,0.26517,-0.14367,-0.91535,0.90381,-0.16267,0.29497,-14.67,-17.05,-0.056811,0.94916,0.48589,-0.41494,0.58518,0.71666,0.036795
12.549,-1.468,-0.15218,0.30174,0.20497,-0.5805,-0.80243,0.2211,-0.35532,1.7457,12.341,2.0216,0.35378,0.42371,-0.2816,0.18581,-0.7855,-0.39057,4.1477,-10.709,5.8662,0.05199,0.12676,-0.23787,0.042693,0.73243,-0.54016,-13.275,-0.5874,0.30231,-1.5523,1.1204,-0.77257,0.89514,-0.14419,0.3065,-8.8034,-5.4587,-3.1982,1.604,0.38119,-0.5407,0.56879,0.72971,-0.003737
13.608,-1.1079,0.29829,0.38488,0.67017,-0.4263,-0.80006,0.19604,-0.37073,0.84038,12.38,2.0988,0.47477,0.49969,-0.44329,0.20055,-0.79005,-0.37494,4.6739,-10.829,6.2087,0.10222,0.29739,-0.2232,0.03819,0.73363,-0.53967,-12.935,5.1418,-1.3024,-0.35303,0.075229,0.029577,0.88681,-0.1481,0.32458,-6.281,10.133,-1.0818,-0.041391,1.0096,0.16498,0.57159,0.73172,-0.025916
13.286,0.76917,-1.706,0.46947,0.57365,-0.59821,-0.79492,0.17333,-0.39049,-0.1872,15.259,2.3001,0.32929,0.30828,-0.5158,0.22315,-0.79151,-0.35816,5.4802,-11.964,5.9058,0.20388,0.5829,-0.14289,0.044507,0.73007,-0.54414,-13.342,7.8791,-3.609,1.3904,-0.70986,0.69177,0.89394,-0.14896,0.31154,-14.504,-8.8897,-5.5745,1.1586,-0.18462,1.1941,0.60225,0.70631,-0.035801
11.036,1.557,-3.4261,-0.3338,0.5166,-0.3759,-0.7883,0.15845,-0.40672,1.015,13.035,0.90733,-0.24376,-0.079597,-0.53373,0.24164,-0.78814,-0.35504,5.071,-9.3686,3.3948,0.028625,0.59993,0.092932,0.056837,0.72691,-0.54656,-12.195,8.5119,-3.2191,-0.060492,-0.16543,2.1639,0.89109,-0.18756,0.29966,-14.783,3.2115,3.2078,-2.4103,-0.62616,-0.26921,0.60722,0.69918,-0.007955
10.328,4.4474,-4.2929,-1.1617,0.42499,0.018233,-0.78145,0.16703,-0.41005,2.9555,11.291,-0.36204,-0.73296,-0.60425,-0.43551,0.25155,-0.77546,-0.37628,5.9738,-8.4618,2.9796,0.10503,0.3976,0.41355,0.07637,0.72539,-0.54577,-12.296,-0.54856,-2.6937,-1.0436,-0.11111,2.7183,0.8634,-0.28741,0.28386,-6.2958,11.772,-3.8862,-2.2034,-0.13677,0.32263,0.59436,0.70661,0.079126
11.795,0.076698,0.35192,-0.47988,-0.049295,-0.21568,-0.78239,0.18604,-0.40499,4.6114,11.284,-1.8415,-0.91477,-0.66606,-0.32917,0.25161,-0.75891,-0.41043,7.9875,-7.5221,2.715,0.28672,0.32921,0.55205,0.098545,0.71674,-0.55255,-16.349,-8.1584,0.44382,-3.0533,-0.034857,1.9426,0.82804,-0.37782,0.25089,-13.612,-2.3832,-0.4924,0.028505,-0.54575,1.8261,0.63648,0.66512,0.095114
9.4986,0.60508,-1.2285,-0.22825,0.53382,0.17402,-0.77705,0.18612,-0.41511,4.152,9.0038,-2.6202,-0.4439,-0.28697,-0.14827,0.25193,-0.7435,-0.4402,6.9925,-5.506,2.391,-0.13318,0.49558,0.17559,0.12448,0.71227,-0.55209,-17.204,-4.392,0.88764,-1.1815,-0.87132,1.7525,0.79686,-0.46464,0.1794,-10.206,1.2351,-1.6576,-0.02254,-0.13957,1.3198,0.68432,0.62062,0.075976
8.3849,0.15269,-0.70283,-0.06359,0.23103,0.28944,-0.77017,0.1957,-0.42797,2.7168,8.0514,-1.6905,-0.014295,-0.13497,-0.019751,0.25175,-0.74022,-0.4477,4.7313,-5.7872,2.99,-0.31333,0.44712,-0.12214,0.13268,0.71961,-0.54132,-11.99,-4.896,-2.7728,-0.92873,-0.03614,2.1143,0.77099,-0.52874,0.17213,-9.6644,3.2673,-2.5318,-0.31948,-0.25869,1.778,0.72316,0.5785,0.069902
6.9746,0.094601,-0.012716,0.01171,-0.05762,0.34084,-0.76834,0.20794,-0.42995,1.4256,6.9903,-0.33274,0.017486,-0.28134,0.094472,0.24621,-0.74,-0.44801,2.796,-5.4838,3.1119,-0.12649,0.31418,-0.21722,0.13617,0.72368,-0.53448,-7.9882,-3.2215,0.47137,-0.30643,0.45019,1.271,0.73612,-0.58499,0.17092,-9.1142,1.2353,-3.1779,-0.9065,0.053253,1.8944,0.75861,0.52901,0.078805
6.0139,0.49288,0.48983,0.15213,-0.048943,0.33091,-0.76591,0.21895,-0.4281,0.7847,6.0561,0.34918,0.020581,-0.46635,0.19995,0.23462,-0.74152,-0.45143,1.7748,-5.0283,2.4943,-0.16278,0.19265,-0.17623,0.13442,0.72925,-0.5292,-7.169,-0.89213,-1.7351,-1.4582,0.26639,1.3247,0.70601,-0.62491,0.15386,-8.6626,1.0894,-0.48906,-1.859,0.36574,1.6744,0.79227,0.46895,0.11697
6.0757,0.67246,-0.090367,-0.074917,-0.24291,0.25937,-0.76489,0.22486,-0.4234,0.38233,6.0495,0.71118,0.02059,-0.56629,0.30961,0.21736,-0.74344,-0.45542,1.6565,-5.7467,2.6469,-0.23573,0.09405,-0.13246,0.13248,0.73443,-0.52279,-5.3698,0.62975,-1.7607,-3.5051,0.51273,1.1042,0.67204,-0.6755,0.096415,-9.5802,-0.80101,-1.2267,-1.6152,-0.09088,1.3709,0.8179,0.41312,0.1496
7.5771,0.30129,0.81372,-0.23923,-0.44087,0.06501,-0.76783,0.23033,-0.40945,0.26347,7.4653,0.71691,-0.014501,-0.62233,0.35601,0.19245,-0.74832,-0.45643,2.1258,-6.8109,3.071,-0.37743,-0.014267,-0.044504,0.12949,0.74297,-0.512,-5.2898,-3.3582,-1.9497,-3.1496,0.001384,0.70451,0.64383,-0.6918,0.031517,-9.5354,-0.18409,-2.5539,-0.83962,0.028685,1.2006,0.84099,0.35815,0.16692
8.4561,0.2202,0.80494,-0.20403,-0.49713,0.014312,-0.77449,0.23397,-0.39196,0.30911,8.6001,0.66405,0.021459,-0.57633,0.35524,0.16941,-0.75092,-0.46058,2.7619,-7.026,3.3655,-0.48448,-0.15899,-0.037704,0.12759,0.7512,-0.49964,-2.7214,-6.7167,-3.2748,-2.537,0.41794,0.21954,0.63289,-0.68265,-0.04462,-9.5353,-0.83108,-1.2335,-1.0767,-0.01598,1.2109,0.85882,0.31103,0.17978
9.4607,0.011472,0.9753,-0.16588,-0.39376,0.10613,-0.7804,0.23763,-0.3751,0.62202,9.5983,1.2707,0.034926,-0.44051,0.32316,0.15171,-0.75105,-0.46513,3.1832,-7.5209,4.5639,-0.39565,-0.31999,-0.018454,0.12538,0.75893,-0.48855,-4.7675,-5.3283,-0.12177,-2.2335,0.88675,-0.1852,0.63316,-0.66967,-0.11045,-9.3922,0.18761,-2.2368,-0.35835,-0.27255,1.1096,0.86901,0.27115,0.18187
9.7066,-0.26254,0.46815,0.058409,-0.22497,0.18687,-0.78431,0.24628,-0.36721,0.98272,9.9522,1.7581,0.000375,-0.23984,0.32374,0.1355,-0.75318,-0.46623,3.3919,-7.4923,5.5396,-0.25268,-0.28437,-0.085296,0.11741,0.76498,-0.48184,-8.7223,2.7401,3.2482,-3.0921,0.91256,-0.78493,0.6492,-0.63621,-0.16658,-9.6859,-0.58689,-2.5127,0.16068,-0.20029,1.1252,0.88252,0.23293,0.17246
10.067,0.019003,-0.28068,-0.28314,-0.10168,0.39746,-0.78324,0.25877,-0.3589,1.5936,10.129,2.273,0.012759,-0.027962,0.29379,0.12309,-0.75601,-0.46852,3.1446,-8.0609,5.1839,-0.2673,-0.087563,-0.072661,0.11349,0.76997,-0.47465,-19.638,21.872,11.612,-1.0086,0.74765,0.50263,0.6531,-0.61604,-0.22271,-10.058,0.28612,-1.7473,-0.37756,0.099386,0.79948,0.89026,0.19794,0.1723
12.092,-0.3384,-0.17068,-0.26831,-0.33634,0.45067,-0.78517,0.27808,-0.35022,1.884,11.652,1.2538,-0.030004,-0.055355,0.24621,0.11357,-0.7555,-0.46636,3.8742,-9.9629,4.9884,-0.27483,0.081187,-0.005171,0.10725,0.77683,-0.46373,-13.334,5.3727,4.0829,-1.1958,-0.25217,0.53846,0.64261,-0.61931,-0.2046,-11.21,1.2999,-1.7565,-0.87768,0.009641,0.78069,0.89747,0.16134,0.17891
13.958,-1.5603,-0.28383,0.067119,0.057217,0.40032,-0.78413,0.29455,-0.34468,2.5358,13.476,1.4727,-0.058507,-0.006639,0.22751,0.10435,-0.75691,-0.46863,4.5741,-11.72,5.0785,-0.27811,0.30457,0.064202,0.11115,0.78191,-0.45614,-4.6389,-5.139,-2.2348,-0.14764,-0.024331,0.035296,0.63838,-0.61121,-0.22721,-13.257,-3.3155,-3.5141,-1.331,-0.11489,-0.004848,0.90057,0.13888,0.18539
14.279,-1.8694,-1.4321,0.016573,0.19301,0.56653,-0.77645,0.30643,-0.34957,3.1873,14.304,2.1803,-0.072145,0.24968,0.11987,0.10175,-0.75455,-0.47138,4.0444,-12.767,5.4652,-0.40004,0.44367,0.13121,0.12522,0.78669,-0.44374,-14.365,-3.8413,-0.81878,-0.92614,0.4771,-1.3212,0.65342,-0.60088,-0.23597,-11.796,-7.1588,-4.314,-1.0621,-0.14037,-0.58326,0.89827,0.14133,0.18281
11.905,-0.59103,-3.3216,0.031364,0.61227,0.6356,-0.76424,0.3288,-0.36728,2.6705,11.702,0.88953,-0.15487,0.35409,-0.072334,0.1071,-0.75201,-0.47396,4.4675,-11.937,4.8044,-0.19822,0.29034,0.25852,0.13883,0.79019,-0.4307,-15.262,1.3782,10.762,5.0418,0.2371,-0.10136,0.67492,-0.63897,-0.12746,-11.838,-12.102,-0.51851,0.27832,-0.036678,-1.9731,0.89051,0.18791,0.18484
9.3134,-0.75918,-4.2374,-0.085896,0.53933,0.47402,-0.74784,0.3486,-0.38495,3.1086,8.7433,0.0841,-0.38267,0.10724,-0.24641,0.11738,-0.74684,-0.48247,4.8419,-9.4893,3.6331,0.30217,0.018862,0.35781,0.15114,0.78833,-0.43353,-5.41,-2.7705,-0.94761,5.7089,-1.4839,-0.34273,0.68131,-0.6515,-0.039048,-11.586,1.1567,-3.0331,2.4643,0.070603,-3.2646,0.86303,0.2945,0.17189
9.2937,-3.9233,-2.0054,0.37094,0.001147,0.10031,-0.74262,0.3583,-0.39696,5.1438,8.2048,0.094124,-0.47461,-0.066799,-0.40458,0.12986,-0.73396,-0.49639,5.1654,-8.6001,2.537,0.7382,-0.20585,0.38808,0.16379,0.77663,-0.44964,-9.6496,-6.9849,-3.0761,5.3545,-0.78673,-1.1999,0.72543,-0.62172,0.11769,-18.769,14.608,-3.6261,0.36422,0.46969,-2.2175,0.82111,0.40795,0.15512
10.285,-1.8898,-1.2835,0.22576,0.13854,0.068716,-0.74475,0.35715,-0.4054,5.8827,9.018,-0.63148,-0.089696,0.35775,-0.24699,0.1443,-0.72714,-0.50355,5.5158,-9.4508,2.0559,0.75994,-0.23203,0.21674,0.16922,0.75986,-0.47451,-9.3301,-3.8475,0.077529,1.746,-0.10452,-1.5405,0.7607,-0.57074,0.17418,-13.115,-0.92007,-0.90583,-2.3967,0.81468,-2.2031,0.78258,0.464,0.19332
9.2108,-1.8826,-0.91866,0.41857,0.2789,-0.19254,-0.74352,0.35397,-0.41447,3.8151,7.7426,0.4435,0.24688,0.5728,-0.074834,0.15624,-0.72751,-0.5011,4.5102,-8.2355,1.5354,0.36912,-0.073958,0.036285,0.169,0.74829,-0.49404,-12.261,-1.085,-1.6872,-0.22202,-0.7679,-1.6594,0.77804,-0.5397,0.18024,-13.186,1.0197,-0.14737,0.2019,0.67959,-2.5324,0.73247,0.52728,0.23142
7.6761,-1.458,-0.28603,0.68292,0.11026,-0.39493,-0.7417,0.33138,-0.42783,2.0816,7.4357,1.2722,0.23894,0.41973,0.069925,0.16644,-0.73238,-0.48878,3.1555,-6.8739,1.5425,0.11796,-0.091189,-0.077339,0.16771,0.74193,-0.49971,-12.528,2.1221,-6.827,0.25265,-0.56247,-1.4837,0.81582,-0.49133,0.13042,-12.911,3.8362,1.4858,1.3521,0.25273,-2.2199,0.67225,0.6036,0.22385
6.7089,-1.1611,-0.34364,0.37609,-0.21125,-0.3822,-0.74526,0.30942,-0.42925,1.1221,6.4545,1.1647,0.1697,0.30165,0.13003,0.16877,-0.73709,-0.48447,2.4209,-6.3463,1.8498,0.079444,-0.28847,-0.10621,0.16047,0.74159,-0.50359,-8.6333,-0.62941,-1.3973,2.9698,0.42687,-1.7444,0.84193,-0.43481,0.1712,-8.3479,1.5388,-1.2743,2.5596,0.10637,-1.5656,0.62792,0.66419,0.16974
6.3673,-0.78144,-0.14236,0.22825,-0.20045,-0.31862,-0.74998,0.28652,-0.42796,0.68837,6.2861,0.90853,0.28791,0.24452,0.089521,0.17236,-0.74466,-0.469,1.9596,-5.8581,1.7097,0.15591,-0.52452,-0.12259,0.14913,0.74117,-0.50918,-10.132,-1.633,0.49409,3.716,0.029227,-1.111,0.87867,-0.34261,0.19583,-5.828,2.7323,0.10107,2.1517,0.024101,-1.0037,0.59157,0.70125,0.11723
6.9456,-1.2467,0.21704,-0.078747,-0.21891,-0.12374,-0.75528,0.27831,-0.41988,1.029,7.1075,0.98241,0.37347,0.21806,0.093294,0.17394,-0.75289,-0.45773,2.0815,-5.9708,1.9457,0.22077,-0.76278,-0.13888,0.13258,0.73594,-0.51818,-8.0066,-2.5765,0.42529,-0.51762,0.46664,-1.1306,0.89621,-0.30145,0.23435,-4.6413,5.4508,-1.3804,0.69464,0.39281,-0.79393,0.56396,0.72637,0.086132
7.6283,-1.6832,0.56251,-0.21436,-0.42406,0.003795,-0.76223,0.28336,-0.4079,1.5031,7.6567,1.1944,0.46718,0.087368,0.10622,0.17371,-0.75635,-0.44832,2.3891,-6.5951,2.4991,0.20113,-0.86415,-0.1753,0.11064,0.73325,-0.52928,-10.536,-0.19247,3.5075,0.76285,0.87996,-1.3872,0.89989,-0.27453,0.28295,-4.2359,5.7235,-0.8649,0.20396,0.84908,-0.25079,0.54785,0.74864,0.071051
8.9239,-1.9746,0.45109,0.11661,-0.65246,-0.17432,-0.77247,0.28229,-0.3917,2.0389,8.2651,2.1919,0.44164,-0.10831,0.16339,0.17037,-0.76428,-0.4354,2.854,-8.2628,3.6109,0.16971,-0.74757,-0.21489,0.088112,0.73069,-0.53727,-10.298,2.0345,-1.6661,-0.83279,1.3857,-0.60443,0.87633,-0.25559,0.31086,-5.9193,0.93374,1.9098,0.24479,0.38701,0.44528,0.55149,0.74316,0.084395
9.655,-2.3026,-0.50776,0.09958,-0.36528,-0.28865,-0.78523,0.27328,-0.37409,2.0771,9.2882,2.6658,0.39325,-0.062229,0.1713,0.16126,-0.77295,-0.42484,3.2538,-8.9662,4.705,0.06658,-0.469,-0.2992,0.067758,0.7293,-0.54192,-9.5072,2.5736,-0.72066,0.87645,-0.21559,-0.99831,0.87063,-0.2341,0.33066,-9.2182,-8.7388,-0.22615,1.6248,-0.40755,0.90152,0.5736,0.7297,0.052184
11.354,-2.3753,-0.54757,0.083431,-0.20261,-0.3649,-0.79325,0.26445,-0.36546,1.2462,10.617,2.6424,0.37096,0.10022,-0.04102,0.1594,-0.78351,-0.40884,3.4552,-10.341,5.7172,0.10681,-0.12941,-0.32504,0.048117,0.72774,-0.5449,-10.999,-0.11488,-2.9681,0.66837,-0.31506,-0.94051,0.89141,-0.19276,0.28874,-14.672,-17.386,-2.2837,0.66475,0.70207,-0.31603,0.58792,0.71208,0.048665
12.385,-1.6065,-0.38556,0.1591,-0.10664,-0.62499,-0.79996,0.24423,-0.35983,1.5717,11.972,1.7078,0.26983,0.22615,-0.24737,0.16723,-0.78735,-0.39745,4.1338,-11.151,5.859,0.24183,0.052411,-0.22019,0.039576,0.7231,-0.55224,-12.636,-0.37066,-0.7203,-0.78806,0.38672,-0.73001,0.8887,-0.16693,0.29773,-10.987,-9.0406,-1.2877,1.5597,-0.002708,-0.53114,0.57042,0.72458,0.010707
13.116,-1.3396,-0.064997,0.058089,0.44538,-0.50155,-0.80231,0.22199,-0.36564,1.5285,12.387,1.5782,0.41974,0.45697,-0.4145,0.18114,-0.7878,-0.38706,4.7128,-10.566,5.8185,0.22984,0.13707,-0.17035,0.040989,0.71895,-0.5567,-13.634,1.7863,-1.0727,-0.65482,0.25451,-0.1022,0.88893,-0.15364,0.31871,-5.8249,6.0432,-2.594,0.51727,0.67377,-0.14351,0.55995,0.73951,-0.030453
14.08,0.25822,-1.4795,0.018551,0.38192,-0.64443,-0.79962,0.20086,-0.37714,0.83149,14.47,1.9091,0.3764,0.42479,-0.45327,0.2031,-0.79041,-0.37043,5.8015,-11.854,6.0774,0.31249,0.30056,-0.11675,0.04189,0.71213,-0.56387,-13.661,6.1664,-3.1635,1.2504,-0.53547,0.32912,0.89367,-0.15657,0.30862,-14.718,-7.2688,-5.2899,0.85026,0.19342,0.97853,0.57857,0.72536,-0.028051
12.407,1.4207,-3.5956,-0.15435,0.43971,-0.28492,-0.79544,0.1871,-0.38747,1.9144,14.402,0.91909,-0.020896,0.1134,-0.49596,0.22143,-0.78996,-0.36367,5.7001,-9.8827,3.9194,0.25499,0.40068,0.030196,0.049118,0.70701,-0.57026,-12.138,9.7206,-1.7265,-0.069324,-0.28806,1.5818,0.89304,-0.18532,0.30229,-13.552,1.9358,7.5202,-2.2936,0.13476,-0.12375,0.59211,0.71629,-0.006401
10.077,2.1782,-3.1235,-0.6347,0.18934,-0.047564,-0.79009,0.19064,-0.395,3.2105,11.128,0.27786,-0.57368,-0.32688,-0.41752,0.2406,-0.78068,-0.37549,6.08,-7.76,2.6609,0.14934,0.38572,0.25647,0.065431,0.70102,-0.57604,-11.341,2.1943,-3.2176,-0.70394,-0.21064,2.5981,0.86291,-0.28082,0.27746,-6.7659,8.9691,-5.0072,-2.4308,-0.38381,0.14819,0.58382,0.71489,0.079165
10.807,1.1607,-2.0355,-0.14742,0.31304,-0.16407,-0.78655,0.19066,-0.39695,3.8163,10.378,-1.1604,-0.8064,-0.49487,-0.29916,0.24512,-0.76701,-0.40128,7.3951,-7.3539,2.664,0.11692,0.43133,0.4318,0.086368,0.69691,-0.57987,-14.534,-6.0235,-0.93231,-2.2913,-0.060484,1.9675,0.82863,-0.36867,0.25561,-13.145,-0.17077,-1.5392,-0.3779,-0.16405,1.5499,0.61521,0.68197,0.10701
10.299,0.98548,-1.6452,-0.28739,0.51948,-0.006502,-0.78268,0.1914,-0.40282,3.4797,10.139,-2.2935,-0.53447,-0.28538,-0.16525,0.24217,-0.753,-0.42747,7.5671,-6.6233,2.3458,-0.057259,0.61887,0.21485,0.10512,0.69462,-0.57721,-14.32,-4.755,0.75843,-1.6651,-1.3191,1.9627,0.80937,-0.43242,0.20918,-11.181,0.3714,-1.1386,-0.19634,-0.32133,1.3032,0.64992,0.65317,0.10758
9.0577,0.75374,-0.47004,-0.11281,0.48889,0.21997,-0.77433,0.19931,-0.41496,2.3439,8.928,-1.9536,-0.18961,-0.15812,-0.068177,0.24322,-0.74707,-0.43804,5.5005,-5.427,3.1005,-0.48601,0.55953,-0.068866,0.12189,0.70138,-0.56611,-14.622,-4.7351,-0.68793,-0.60052,-0.35918,2.0056,0.78758,-0.49186,0.17853,-9.5441,2.8438,-1.1864,0.093683,-0.2836,1.6294,0.69044,0.61238,0.097768
7.5847,-0.066122,0.057998,-0.11308,0.10739,0.26706,-0.7684,0.20904,-0.42356,1.4655,7.5632,-0.98112,-0.072898,-0.24988,0.020759,0.23931,-0.74312,-0.44333,3.5418,-5.8307,3.5204,-0.36357,0.35688,-0.23401,0.12678,0.71372,-0.55126,-10.62,-4.2576,0.07457,-0.10784,0.52374,1.8944,0.75245,-0.56664,0.18054,-9.7857,2.5291,-2.7226,-0.1988,-0.22976,1.9417,0.73337,0.56246,0.089234
6.3587,0.74345,0.11364,-0.15537,-0.16446,0.31277,-0.76658,0.21985,-0.42343,0.97262,6.1927,-0.31,-0.016003,-0.45097,0.11322,0.23025,-0.74288,-0.44947,2.1423,-5.2114,3.3246,-0.17121,0.19676,-0.25035,0.12793,0.71903,-0.54344,-7.3972,-2.777,-1.2876,-1.3386,0.22922,1.07,0.71203,-0.6111,0.16543,-8.8134,0.94378,-1.3734,-0.96591,0.44445,1.8066,0.77943,0.49545,0.09203
5.658,0.7045,0.14537,-0.18197,-0.28718,0.24661,-0.764,0.23102,-0.41845,0.61122,5.8528,0.27914,0.037871,-0.53784,0.21715,0.21412,-0.7453,-0.45389,1.5674,-5.2368,3.0036,-0.10758,0.09332,-0.20648,0.12471,0.72287,-0.53821,-5.008,-0.5782,-3.0423,-2.4613,0.15396,1.4262,0.67537,-0.66324,0.11729,-8.8204,0.78393,-0.50749,-1.6938,0.28361,1.6572,0.81139,0.43617,0.12856
6.7592,0.63424,0.69034,-0.1931,-0.40829,0.13052,-0.76733,0.24392,-0.40443,0.65036,6.491,0.67327,0.030347,-0.59109,0.2969,0.1977,-0.74735,-0.45526,1.6608,-5.7035,3.0107,-0.21932,-0.005883,-0.10085,0.11914,0.72769,-0.53386,-5.8424,-1.2522,-0.44035,-3.1928,-0.06501,0.83692,0.65582,-0.68378,0.063106,-9.7621,-1.4235,-2.3967,-1.4937,-0.10322,1.3525,0.83004,0.38617,0.16477
8.2696,0.19201,0.81826,-0.032157,-0.56879,-0.025291,-0.77538,0.24598,-0.38855,0.78604,7.9502,0.71478,0.018444,-0.53755,0.34019,0.17785,-0.75005,-0.45988,2.4155,-6.9367,3.4274,-0.35343,-0.074822,-0.035703,0.11809,0.73514,-0.5247,-3.2332,-5.8276,-3.001,-3.0833,0.082825,0.48562,0.63438,-0.68427,-0.02469,-9.5986,-2.1709,-2.5006,-0.67794,0.010712,1.2554,0.84966,0.33494,0.17815
9.664,0.24851,0.56066,-0.061677,-0.47117,0.000824,-0.78469,0.24685,-0.36958,1.0292,9.8446,1.0019,0.019082,-0.38536,0.34575,0.15756,-0.75203,-0.46287,3.4563,-7.6041,4.3301,-0.37997,-0.15392,-0.004771,0.1133,0.74234,-0.51472,-5.1614,-4.5993,-0.89562,-2.2465,0.64241,0.1097,0.62436,-0.6745,-0.090856,-9.6735,-2.8173,-1.2338,-0.71629,-0.1973,1.0841,0.86588,0.28994,0.18169
10.251,-0.20779,0.50247,-0.049318,-0.23523,0.15582,-0.78995,0.24785,-0.35777,1.0202,10.515,1.6829,0.041609,-0.081515,0.34107,0.13853,-0.75392,-0.464,3.901,-7.3458,5.1831,-0.41759,-0.19098,-0.007407,0.10929,0.7504,-0.50435,-7.905,1.4969,1.8632,-2.2447,0.63136,-0.33451,0.62711,-0.65891,-0.16753,-9.302,0.59189,-2.6226,0.28318,-0.1546,0.88805,0.87509,0.2522,0.17239
9.7247,0.19096,0.008757,-0.082356,-0.21078,0.31611,-0.79138,0.25799,-0.3498,0.966,9.9811,1.8357,-0.000807,0.13068,0.35581,0.1309,-0.7563,-0.46309,3.3088,-7.4265,5.635,-0.41712,-0.12996,-0.041028,0.10504,0.75961,-0.49288,-14.871,11.644,9.1986,-1.1336,-0.005838,0.12616,0.63106,-0.64307,-0.1973,-9.4723,1.4195,-1.9659,-0.051068,0.019441,0.87019,0.88455,0.22267,0.16816
10.588,-0.10491,0.028294,-0.32722,-0.17678,0.44247,-0.79024,0.27252,-0.34241,0.90328,10.435,1.1375,-0.004773,0.014713,0.31524,0.12326,-0.75752,-0.46233,3.2728,-8.8675,5.0923,-0.37284,0.007559,-0.016101,0.10602,0.76708,-0.48085,-13.455,10.644,5.6575,-1.3829,-1.9e-05,0.45048,0.6282,-0.63134,-0.21083,-10.488,2.7978,-1.7104,-0.88131,0.1463,0.81378,0.89033,0.19286,0.17785
12.35,-1.0226,-0.00907,-0.18025,-0.098235,0.46802,-0.78743,0.29346,-0.3354,1.5312,12.252,1.5263,-0.038125,-0.21575,0.30932,0.10983,-0.75796,-0.46395,4.1673,-10.353,4.9581,-0.39753,0.20238,0.012647,0.10673,0.77522,-0.46911,-8.5644,1.7582,1.5046,-1.1417,-0.2108,0.38331,0.61813,-0.62384,-0.24224,-11.7,0.065433,-2.6645,-1.6155,-0.14289,0.45703,0.89521,0.16036,0.18535
13.541,-1.505,-0.30155,0.074317,0.033574,0.38581,-0.7828,0.30553,-0.33635,2.625,13.121,2.7107,-0.18406,-0.11353,0.24294,0.098524,-0.75637,-0.46869,3.8594,-11.381,5.3112,-0.46776,0.36548,0.079832,0.11463,0.78279,-0.45435,-6.2921,-5.3916,-0.76744,-0.32306,0.37442,-0.30246,0.61938,-0.61727,-0.252,-12.957,-3.6494,-2.4119,-1.2222,-0.42371,-0.13211,0.89752,0.14569,0.18413
13.47,-1.3804,-1.6962,-0.088311,0.41884,0.59452,-0.7734,0.32518,-0.34057,2.5893,14.405,1.3677,-0.11795,0.25097,0.059519,0.09414,-0.75396,-0.47346,4.022,-12.865,6.1805,-0.41391,0.33672,0.15391,0.12496,0.78898,-0.43892,-14.492,7.1613,-1.5909,2.4719,0.76559,-0.69733,0.6466,-0.61443,-0.22708,-12.471,-8.0981,-3.9619,-0.41575,-0.14851,-0.66957,0.89695,0.15037,0.17883
11.326,-0.21496,-3.5921,-0.033591,0.57082,0.52801,-0.75768,0.34494,-0.36113,2.2535,11.003,0.10836,-0.24244,0.2974,-0.098043,0.10215,-0.75094,-0.47911,4.9437,-11.129,4.7707,0.047019,0.1716,0.30646,0.13767,0.79178,-0.43118,-12.604,-4.6252,3.6508,2.7331,-0.28649,-0.4651,0.66819,-0.63603,-0.13732,-11.23,-11.545,-0.47686,0.83332,-0.21875,-1.9416,0.88619,0.20588,0.17332
9.1743,-1.6192,-3.7592,-0.10277,0.37545,0.40264,-0.74853,0.36063,-0.37265,3.2434,8.5887,-0.018093,-0.4105,-0.027834,-0.33775,0.10864,-0.74297,-0.48826,5.1354,-8.7723,3.7351,0.41745,-0.047912,0.34559,0.14773,0.78603,-0.43628,-6.4845,-3.3111,-1.7938,7.2129,-1.5426,-0.32197,0.6871,-0.64914,-0.027205,-11.194,2.9888,-4.142,2.9567,0.30624,-3.0908,0.86453,0.30201,0.15425
9.89,-3.8542,-1.9557,0.12107,0.059223,0.14721,-0.74625,0.37083,-0.3836,5.5917,8.8458,-0.10458,-0.36737,-0.16272,-0.46287,0.11964,-0.73395,-0.50168,5.6412,-8.9862,2.5534,0.91843,-0.18854,0.30363,0.15611,0.77223,-0.45996,-11.1,-6.3867,-2.2582,4.583,-0.027138,-1.2359,0.72372,-0.6259,0.12017,-17.694,12.842,-4.285,0.28375,0.72228,-2.1962,0.8233,0.40099,0.14089
10.241,-1.6234,-1.118,0.17803,0.1507,0.00842,-0.74764,0.37398,-0.39282,5.7335,8.4981,-0.38231,0.022189,0.21604,-0.25068,0.13096,-0.72879,-0.50513,5.8668,-9.3937,1.7473,0.8311,-0.10083,0.13595,0.15975,0.75297,-0.48774,-9.9331,-3.9439,-2.5675,0.83212,-0.33919,-1.7294,0.75531,-0.57114,0.16999,-13.324,-0.51674,-0.61696,-2.0097,0.54323,-2.052,0.78474,0.4586,0.17711
8.7043,-1.7532,-0.75755,0.53534,0.29881,-0.38858,-0.74668,0.36432,-0.40474,3.5754,7.4885,0.87801,0.2526,0.32392,-0.015959,0.14325,-0.72972,-0.50085,4.2485,-7.6296,1.5062,0.30078,0.034721,-0.034241,0.16501,0.73746,-0.50839,-11.948,0.27604,-2.3125,-0.12422,-0.8484,-1.8389,0.78372,-0.53382,0.16356,-12.24,1.9378,0.91683,0.31778,0.41103,-2.4354,0.72747,0.54302,0.20835
7.0878,-1.3865,-0.30494,0.37369,0.13989,-0.47853,-0.74627,0.34042,-0.41513,1.9266,6.9871,1.3224,0.12108,0.23176,0.094553,0.14784,-0.73355,-0.49502,2.7596,-6.2968,1.749,0.061472,-0.038872,-0.11622,0.16354,0.7351,-0.51267,-11.286,3.7252,-5.2735,1.3066,-0.30463,-1.4453,0.82533,-0.47966,0.1414,-11.443,3.1708,1.8449,1.688,0.07055,-2.1412,0.67109,0.61906,0.19064
5.9947,-1.08,-0.66928,0.6986,-0.10033,-0.48447,-0.74844,0.31771,-0.41741,1.0514,6.1187,0.95347,0.11207,0.20783,0.10845,0.14827,-0.73759,-0.48774,1.993,-5.6229,1.9165,0.089386,-0.23039,-0.16089,0.15668,0.73641,-0.51257,-7.9076,-0.64384,-0.84256,1.9546,0.44715,-1.8352,0.85421,-0.41294,0.16776,-7.2704,1.6278,-2.5406,2.2822,-0.011813,-1.5427,0.6357,0.65934,0.14108
6.3808,-1.1369,-0.18933,0.19969,-0.006551,-0.16903,-0.75061,0.30161,-0.41699,1.0471,6.423,0.69726,0.27564,0.23466,0.059259,0.1497,-0.73925,-0.48289,1.7446,-5.6093,1.8098,0.13466,-0.4713,-0.17553,0.14318,0.7353,-0.51851,-9.7983,-2.8521,0.05954,6.0828,-0.19112,-0.63616,0.88647,-0.33069,0.22773,-6.3718,0.79762,-1.2877,1.9309,0.12928,-1.1795,0.59969,0.69888,0.084764
7.4058,-1.5696,0.37508,-0.01698,-0.18954,0.093315,-0.75395,0.30306,-0.41347,1.7473,7.3992,0.82751,0.4148,0.20563,0.071554,0.15385,-0.74721,-0.47136,1.9919,-6.4805,2.1613,0.18007,-0.69534,-0.19539,0.12634,0.73251,-0.52584,-8.0199,-1.7401,3.0196,-1.6818,0.54206,-1.354,0.90409,-0.28801,0.25873,-5.2556,5.8148,-2.1218,0.50764,0.69253,-0.9703,0.56943,0.72427,0.065672
7.9331,-1.9958,0.31663,-0.14398,-0.39262,0.11776,-0.76258,0.30749,-0.40129,2.0565,7.7484,1.2927,0.5284,0.047895,0.13836,0.15031,-0.75701,-0.45548,2.2073,-7.3568,2.7519,0.17476,-0.81366,-0.18949,0.1021,0.72964,-0.53504,-12.429,1.1797,1.7051,0.10968,0.99976,-1.1329,0.88808,-0.25472,0.30337,-5.2859,5.0645,-1.1085,-0.008406,1.0826,-0.37845,0.54599,0.75094,0.054701
9.4608,-1.9195,0.41076,-0.050793,-0.40678,-0.12813,-0.7709,0.30913,-0.3883,2.0242,8.5336,2.3264,0.49345,-0.13592,0.25073,0.14117,-0.76784,-0.44103,2.6773,-9.1142,3.7822,0.049963,-0.80059,-0.19231,0.079416,0.72848,-0.54095,-9.0406,3.2806,-0.81708,0.12935,1.3064,-0.65055,0.8599,-0.2461,0.3395,-6.0847,0.72655,1.5703,0.39855,0.35486,0.41944,0.54718,0.74839,0.068955
9.9687,-2.2378,-0.6616,-0.11532,-0.54055,-0.44685,-0.78168,0.30518,-0.37248,1.3048,9.7833,2.595,0.40503,-0.12399,0.20178,0.13405,-0.77658,-0.42703,3.0137,-9.6035,4.7002,0.046245,-0.69396,-0.20266,0.059309,0.72668,-0.54492,-9.4548,-0.38003,-0.84392,0.52408,-0.18174,-0.94224,0.8652,-0.21813,0.34158,-9.4657,-9.2475,0.31357,1.6329,-0.23527,0.99686,0.56659,0.72803,0.059535
11.086,-2.3431,-0.65382,0.10336,-0.30487,-0.49306,-0.78996,0.28912,-0.36172,1.431,10.642,2.9204,0.23071,0.020826,-0.042175,0.13097,-0.7812,-0.41826,3.5512,-9.6987,6.0449,0.17488,-0.54278,-0.15086,0.042468,0.72426,-0.54974,-11.179,0.093316,-2.7169,0.26778,-0.15075,-0.98874,0.88156,-0.1803,0.329,-13.675,-15.936,-3.727,0.96851,0.62908,-0.07358,0.58137,0.7186,0.03131
12.579,-1.8366,-0.66159,0.1262,-0.10896,-0.54112,-0.80039,0.26883,-0.35218,2.2969,11.862,1.7819,0.15941,0.30954,-0.24072,0.13828,-0.78452,-0.41178,4.5458,-10.402,6.8986,0.3839,-0.28031,-0.14282,0.029466,0.71837,-0.55828,-12.882,1.1489,-0.33681,-0.40477,0.032572,-0.66858,0.88327,-0.15292,0.32813,-9.7114,-7.7936,-0.73987,1.5473,0.23555,-0.42703,0.57072,0.72789,0.001036
13.337,-1.7133,0.33705,0.16851,0.42202,-0.52681,-0.80218,0.24393,-0.35743,1.6142,11.638,1.0356,0.38841,0.56061,-0.39616,0.15324,-0.78631,-0.40349,5.1311,-10.458,6.4977,0.4094,0.046277,-0.14196,0.01989,0.7112,-0.56874,-13.038,3.8037,-0.58289,-0.23123,-0.037564,-0.015555,0.88243,-0.14477,0.33698,-5.3395,5.2872,-2.782,-0.01112,0.86965,0.072365,0.57489,0.72926,-0.036688
13.394,0.099765,-1.2247,0.28209,0.42704,-0.81943,-0.80049,0.21669,-0.37076,0.31387,13.486,1.4856,0.51888,0.48073,-0.48832,0.17811,-0.79029,-0.38309,6.0347,-11.369,5.9209,0.40051,0.40505,-0.11191,0.021097,0.70208,-0.57986,-13.621,7.3643,-2.6989,1.221,-0.60391,0.59186,0.89049,-0.14809,0.32628,-14.132,-6.5355,-4.3069,0.11609,0.10668,1.3087,0.60247,0.70818,-0.010738
10.488,2.1632,-3.8962,-0.14425,0.55256,-0.3868,-0.79555,0.19621,-0.38427,1.2527,13.006,0.91326,0.056361,0.078329,-0.52303,0.19991,-0.79122,-0.3715,5.3445,-8.4424,3.476,0.3313,0.61129,-0.093767,0.032329,0.69039,-0.58979,-10.867,8.5039,-3.635,0.14191,-0.10391,2.0654,0.88636,-0.18599,0.31281,-16.207,-8.4169,6.7901,-0.99682,0.079818,-0.10762,0.61019,0.69572,-0.007149
10.798,3.1891,-3.5889,-0.82834,0.2249,-0.044251,-0.78961,0.2055,-0.39025,2.9751,12.009,0.093078,-0.50098,-0.4358,-0.53616,0.21348,-0.78493,-0.3828,6.3193,-8.2568,2.9276,0.29692,0.63794,0.18475,0.048804,0.68415,-0.59743,-12.068,1.4326,-2.8788,-0.88745,0.13672,2.528,0.85952,-0.27706,0.30161,-4.8538,15.795,-7.0928,-2.4592,-0.54112,-0.28811,0.59069,0.71018,0.063216
12.136,0.36241,-1.404,0.1424,-0.047762,-0.42829,-0.7921,0.19861,-0.38572,4.8923,11.959,-1.5624,-0.8729,-0.62063,-0.38708,0.21792,-0.76671,-0.41175,8.5468,-8.3795,2.7728,0.30444,0.73948,0.41345,0.076228,0.67608,-0.60497,-16.186,-6.752,-0.40961,-2.2145,-0.025646,1.6262,0.82746,-0.35935,0.28354,-13.794,0.20098,-0.17479,-0.21283,-0.15607,1.7307,0.62316,0.67851,0.097312
10.685,0.61348,-2.0102,-0.17045,0.67212,-0.059886,-0.78407,0.18498,-0.39721,4.4292,9.7238,-2.6203,-0.43275,-0.24911,-0.17306,0.21992,-0.75372,-0.43675,7.666,-6.077,2.2305,-0.1388,0.83647,0.17554,0.10921,0.67261,-0.60192,-15.287,-4.403,-0.064027,-1.499,-1.2125,1.7835,0.80056,-0.44461,0.2293,-11.249,0.044191,-1.4618,-0.30672,-0.33248,1.1262,0.67199,0.63581,0.079472
8.9068,0.25195,-0.63855,-0.15228,0.55358,0.21868,-0.773,0.19105,-0.41237,2.8153,8.8345,-1.6623,0.006721,-0.10789,-0.058043,0.22217,-0.74935,-0.44196,5.3594,-5.5619,3.0276,-0.48576,0.62747,-0.12177,0.12829,0.68106,-0.5876,-14.411,-7.0758,-1.9939,-0.63535,-0.35128,2.2248,0.78091,-0.50087,0.20613,-9.4837,3.804,-2.4377,-0.20852,-0.52616,1.6519,0.70782,0.59704,0.070253
7.3475,0.12899,-0.099178,-0.099678,0.065956,0.26541,-0.76697,0.20211,-0.41888,1.7102,7.5533,-0.42102,0.019353,-0.20748,0.04058,0.21704,-0.74849,-0.44649,3.2536,-5.511,3.5375,-0.24892,0.37462,-0.29748,0.13144,0.68976,-0.57751,-8.3166,-3.4535,0.059953,-0.59508,0.67798,1.5743,0.74643,-0.56583,0.19465,-9.6521,1.9317,-2.9386,-0.57073,-0.32096,1.9329,0.74117,0.55268,0.079907
5.7478,1.072,0.65613,0.024081,-0.11102,0.098411,-0.76628,0.20991,-0.41785,1.1662,6.0423,0.22484,-0.002827,-0.3067,0.1511,0.21103,-0.74981,-0.44641,1.8593,-4.9573,3.2181,-0.040989,0.13153,-0.28748,0.12806,0.69346,-0.57348,-7.093,-1.3103,-2.0857,-2.1535,0.45025,1.2306,0.71445,-0.6077,0.17355,-8.5907,0.21374,-2.2381,-0.96834,0.47182,1.7434,0.77949,0.49435,0.10167
5.5551,0.95756,0.012421,-0.13589,-0.31449,0.23946,-0.77122,0.21662,-0.40724,0.59152,5.8165,0.79862,0.031644,-0.30133,0.29478,0.19817,-0.75058,-0.44953,1.6889,-4.9268,2.9607,-0.064782,-0.033008,-0.24549,0.12259,0.69676,-0.57235,-4.9562,-1.482,-2.0351,-2.8341,0.49763,1.2634,0.67867,-0.66066,0.13055,-9.1198,0.38623,0.41261,-1.5367,0.16488,1.6055,0.80919,0.43606,0.13955
6.6979,0.2496,0.65053,-0.212,-0.49844,0.2202,-0.77734,0.23044,-0.39399,0.099652,6.7497,0.83388,0.020589,-0.28345,0.32347,0.18051,-0.75722,-0.44498,1.6652,-5.3566,3.0314,-0.28649,-0.099428,-0.17439,0.10962,0.70506,-0.56496,-5.8095,-0.36753,-0.37313,-3.667,0.18196,0.66232,0.65333,-0.68969,0.055495,-9.3404,-0.23119,-2.1623,-1.263,-0.043619,1.2517,0.83884,0.37306,0.15423
8.2862,0.44458,0.56686,-0.1089,-0.63162,0.066951,-0.78709,0.23668,-0.37324,0.12637,7.9665,0.38033,-0.004946,-0.34251,0.31641,0.16374,-0.75831,-0.4469,2.5737,-6.8628,3.6312,-0.44573,-0.17665,-0.10133,0.10336,0.71489,-0.55426,-2.6275,-7.556,-3.302,-2.6322,0.30725,0.47272,0.63199,-0.69028,-0.016128,-9.0882,-1.6362,-2.2814,-1.0206,0.003003,1.2993,0.85633,0.32464,0.16749
9.3504,0.15438,0.6178,-0.002272,-0.38411,-0.02598,-0.79534,0.23595,-0.3563,0.50303,8.9507,0.38471,0.051679,-0.32413,0.28689,0.152,-0.75925,-0.45291,3.1125,-7.3744,4.3549,-0.52699,-0.27011,-0.053832,0.09839,0.72223,-0.54555,-4.1381,-5.5079,0.40117,-2.7001,0.78506,0.001087,0.6258,-0.67976,-0.093834,-9.6709,-1.1584,-1.4234,-1.0804,-0.16387,1.1195,0.86755,0.28003,0.18127
9.7007,0.063504,0.411,-0.12377,-0.32437,0.091265,-0.80074,0.2386,-0.34464,1.0516,10.221,1.3756,0.065818,-0.18021,0.27094,0.13945,-0.76163,-0.45291,3.3672,-7.4216,5.6213,-0.51909,-0.35365,-0.00979,0.092214,0.73347,-0.53151,-9.6318,4.1214,3.7835,-3.8651,0.59364,-0.77716,0.63812,-0.64986,-0.17392,-9.9709,-0.60638,-2.9658,-0.16971,-0.24126,1.0608,0.88029,0.23865,0.1806
9.9949,0.31695,-0.55529,-0.18598,-0.30802,0.3018,-0.80173,0.24729,-0.33105,1.5535,10.174,2.0175,0.0817,0.096664,0.3044,0.12852,-0.76253,-0.45118,3.7758,-7.3426,6.3474,-0.33161,-0.17115,-0.037354,0.087544,0.74335,-0.51922,-16.908,15.061,7.8638,-0.52092,0.61346,0.60066,0.64107,-0.62684,-0.21929,-9.4298,0.098257,-2.2675,0.029152,0.067786,0.89657,0.88863,0.20484,0.1781
11.736,-0.075734,-0.3134,-0.26608,-0.32868,0.35849,-0.80588,0.26083,-0.31772,1.5706,11.684,1.1716,-0.01607,-0.031873,0.31538,0.11919,-0.76637,-0.44879,4.2469,-8.9609,5.7861,-0.40445,0.12714,-0.010339,0.081196,0.75328,-0.50525,-13.205,8.1008,4.5101,-1.1968,0.036597,0.61076,0.62897,-0.63303,-0.20213,-10.879,2.2537,-1.5318,-1.0427,0.21296,0.81121,0.89465,0.16787,0.18078
13.506,-1.0146,-0.61938,-0.031365,-0.063826,0.42712,-0.80585,0.27503,-0.31154,2.3198,13.563,1.9502,-0.086373,-0.079733,0.27076,0.1092,-0.76523,-0.45064,4.5402,-10.764,5.575,-0.47961,0.38245,0.043007,0.088578,0.76166,-0.49091,-8.1367,-1.3026,-1.319,-0.53286,0.12076,0.37077,0.62061,-0.63215,-0.22339,-12.833,-1.1388,-2.8139,-1.569,-0.096808,0.23075,0.89845,0.13842,0.19209
14.591,-0.86935,-2.0797,-0.23573,0.055371,0.53398,-0.80161,0.29345,-0.30981,3.4139,14.562,2.0514,-0.17075,0.12543,0.23998,0.10191,-0.7644,-0.4549,4.5338,-12.701,5.5964,-0.62139,0.49162,0.091459,0.10128,0.77021,-0.4758,-13.765,-1.1662,0.18807,-0.84815,0.38041,-0.58631,0.62468,-0.6282,-0.24091,-13.141,-5.6907,-3.7053,-1.0616,-0.26489,-0.46595,0.89772,0.1349,0.19578
13.351,-0.74927,-3.6995,-0.066364,0.29541,0.66886,-0.79157,0.31794,-0.31143,2.8116,13.401,0.56499,-0.23682,0.25946,0.087988,0.10072,-0.75999,-0.46184,5.2727,-12.942,5.3844,-0.45958,0.36311,0.21433,0.11456,0.77987,-0.45666,-11.023,-5.3377,10.6,3.918,0.11894,-0.67734,0.64711,-0.65992,-0.14026,-12.258,-11.564,-2.2123,-0.19597,0.018117,-1.4956,0.89273,0.16501,0.19715
10.356,-0.67988,-3.9306,0.0261,0.54509,0.53902,-0.78025,0.33854,-0.3289,3.159,10.089,-0.51719,-0.43341,0.041293,-0.13606,0.10418,-0.75188,-0.47244,5.1023,-9.6346,4.1312,0.032813,0.11742,0.38955,0.12845,0.78149,-0.45059,-6.815,-3.0416,-2.0032,4.4237,-0.6825,-0.47141,0.66444,-0.66126,-0.075821,-10.048,-3.1601,-0.9721,1.6271,0.32186,-2.7168,0.87452,0.24792,0.19091
8.5876,-2.6233,-3.3898,0.29746,0.53378,0.39331,-0.76617,0.35062,-0.35353,4.5229,7.5785,-0.2044,-0.42763,0.025346,-0.35236,0.11404,-0.7437,-0.48821,5.0734,-7.8525,3.024,0.4405,-0.097831,0.40212,0.14565,0.77792,-0.45639,-11.169,-4.8918,-2.9964,5.2405,-0.24865,-0.83921,0.69936,-0.6562,0.07954,-16.526,11.365,-2.2002,1.6026,0.47295,-3.04,0.83456,0.3759,0.16419
10.076,-2.2116,-1.8839,0.22386,0.42024,0.24528,-0.75936,0.35942,-0.37527,5.2933,8.6403,-0.20697,-0.15596,0.29081,-0.30222,0.12927,-0.73727,-0.49494,5.8491,-9.4336,2.4447,0.69897,-0.1429,0.30879,0.15368,0.76202,-0.47437,-8.7609,-2.4606,0.66506,2.8564,-0.58148,-1.5294,0.731,-0.61497,0.15905,-12.927,1.9757,-4.7492,-1.3636,0.48432,-1.9892,0.79837,0.44242,0.18602
9.5495,-1.1593,-0.95614,0.47518,0.41457,-0.14557,-0.75293,0.3589,-0.39214,4.0053,7.8187,0.26737,0.027119,0.45435,-0.11645,0.14174,-0.73343,-0.49625,5.2239,-8.244,1.6639,0.36518,0.022953,0.13383,0.15794,0.74936,-0.49239,-10.405,-2.8163,-3.7034,-0.70775,-0.18914,-1.7071,0.75763,-0.57611,0.17927,-12.214,0.46951,-0.042784,-0.24214,0.58597,-2.2827,0.75546,0.50155,0.22013
7.8412,-1.3472,-0.54513,0.64917,0.22132,-0.41825,-0.75218,0.3364,-0.40854,2.2326,7.1446,0.8269,0.067225,0.32391,-0.00582,0.15198,-0.73272,-0.49186,3.7274,-6.795,2.0757,0.038953,0.049612,0.018403,0.16206,0.74613,-0.49561,-12.84,2.4146,-5.3333,0.86132,-0.69341,-1.6706,0.798,-0.52449,0.15196,-11.865,2.9704,-0.10485,1.231,0.18997,-2.4539,0.69892,0.5797,0.21329
6.427,-0.96561,-0.51607,0.16058,-0.04154,-0.39785,-0.75071,0.31631,-0.41096,1.1527,6.4756,0.83423,0.049677,0.17919,0.049295,0.15527,-0.73548,-0.4883,2.7827,-5.8799,2.1726,0.083226,-0.072385,-0.049984,0.16218,0.74538,-0.49822,-8.7562,0.60785,-3.3289,2.6361,0.35173,-1.518,0.82797,-0.46725,0.18197,-9.0805,2.2284,-0.97111,2.3239,0.28288,-1.6648,0.6492,0.6466,0.17047
6.1588,-0.93406,-0.45823,0.16229,0.020748,-0.2887,-0.75511,0.29432,-0.41097,0.89856,6.1901,0.72445,0.16059,0.12576,0.02578,0.15845,-0.73831,-0.48218,2.3047,-5.5104,1.9486,0.16323,-0.27055,-0.15019,0.15572,0.74449,-0.50167,-8.3863,-1.668,-0.24345,4.1448,-0.26832,-1.7158,0.86554,-0.36601,0.20738,-7.2904,2.0845,-0.65741,2.2178,0.18806,-1.1722,0.60968,0.68321,0.1228
6.9016,-1.2306,-0.036802,-0.009709,-0.090658,-0.00383,-0.75869,0.29017,-0.40977,1.2685,6.9029,0.70081,0.31961,0.071631,0.007448,0.15888,-0.74337,-0.47514,2.2762,-6.0155,2.0792,0.23729,-0.47002,-0.21946,0.14206,0.7394,-0.51077,-9.8076,-5.0609,-2.5037,2.7079,-0.15462,-1.0047,0.89297,-0.29573,0.25608,-5.6116,3.6065,-2.4177,0.96824,0.36272,-1.062,0.58107,0.71226,0.082116
7.5248,-1.6296,0.32338,-0.034579,-0.30292,0.048186,-0.76192,0.29358,-0.40417,1.7505,7.4105,1.0098,0.4596,-0.057998,0.049335,0.15858,-0.74857,-0.46724,2.3411,-7.0557,2.421,0.5142,-0.61465,-0.30608,0.1245,0.73464,-0.52486,-10.178,1.3094,3.318,-0.34877,1.4779,-1.5372,0.89574,-0.28048,0.30429,-5.2758,6.167,-0.26876,0.84722,0.66347,-0.69363,0.55229,0.7488,0.056627
8.693,-2.002,0.35965,-0.090055,-0.41462,-0.04615,-0.77181,0.29744,-0.3936,2.0827,7.8937,1.816,0.46392,-0.19701,0.12518,0.15331,-0.75778,-0.45466,2.4825,-7.4803,3.1078,0.33452,-0.68844,-0.2464,0.10373,0.72394,-0.5402,-11.081,4.6117,-1.8947,-1.6476,2.0051,-0.47257,0.86382,-0.26705,0.3494,-6.045,2.0782,1.612,0.65206,0.61643,0.14914,0.54495,0.75339,0.053454
9.5213,-2.0288,-0.17878,0.09499,-0.39792,-0.32589,-0.78141,0.28995,-0.38268,2.11,9.138,2.1693,0.46906,-0.24424,0.17931,0.14554,-0.76679,-0.44081,2.7651,-9.3777,4.2184,0.02376,-0.64732,-0.23177,0.081866,0.72328,-0.54734,-9.2672,0.58338,-1.5388,1.0906,-0.069926,-0.98538,0.85457,-0.24249,0.37514,-7.7773,-3.8683,2.0149,1.4699,-0.37594,0.70593,0.55946,0.7438,0.028603
10.44,-1.907,-0.98409,0.15206,-0.24534,-0.35013,-0.78872,0.28021,-0.37323,1.5992,10.109,2.382,0.41717,-0.11993,0.046179,0.13703,-0.77805,-0.42427,2.9598,-9.657,4.9792,0.053696,-0.52889,-0.22707,0.057718,0.72191,-0.55231,-10.219,-0.35613,-1.9095,0.26837,-0.40991,-0.88034,0.8704,-0.2059,0.33543,-11.592,-14.663,-5.3616,0.54269,0.54564,0.066997,0.57776,0.71779,-0.000769
12.127,-2.5461,-0.1694,0.31032,-0.15839,-0.45319,-0.79643,0.2636,-0.36881,2.1241,11.703,2.5553,0.31589,0.12761,-0.18255,0.13916,-0.78139,-0.41397,4.2105,-10.422,5.7548,0.22576,-0.44157,-0.18845,0.040933,0.71756,-0.55845,-11.998,0.048152,-1.6531,-0.66307,0.47682,-0.82112,0.87111,-0.17894,0.33972,-11.846,-12.627,0.077513,0.86005,0.46054,-0.63432,0.56295,0.72999,0.002184
12.426,-2.0917,0.43257,0.39873,0.085764,-0.53794,-0.80035,0.24012,-0.36972,2.5872,11.672,2.055,0.28333,0.51726,-0.31974,0.15127,-0.7842,-0.40633,4.8135,-9.7629,5.9407,0.24689,-0.28353,-0.19405,0.031769,0.71511,-0.56312,-12.731,0.68641,-0.76837,-1.3376,0.18883,-0.26266,0.87237,-0.16857,0.35503,-6.3961,0.27852,-2.3353,1.2618,0.52279,-0.30866,0.55162,0.74652,-0.047093
