9.466,1.9682,4.4297,0.20659,-0.025044,-0.004953,-0.79006,-0.18254,-0.70234,3.9474,6.8979,6.4101,0.13653,0.79754,-0.14821,-0.34919,-0.80475,-0.76913,5.8236,-5.3368,7.8136,0.3661,-0.008411,0.50491,-0.2975,0.81273,-1.0283,-12.662,9.2607,0.84256,-1.198,0.069996,0.25756,0.059539,-0.76705,-0.15992,-10.731,-5.427,-1.5561,-0.88833,-0.052128,0.94657,0.68197,0.3061,0.11357
10.704,2.0329,4.2903,0.083121,-0.066731,0.011592,-0.79637,-0.18651,-0.69951,3.878,6.5932,7.2248,0.17815,0.77181,0.17139,-0.32694,-0.80696,-0.76672,5.9025,-5.5448,7.2097,0.3452,-0.16656,0.58406,-0.28933,0.80792,-1.0396,-9.9768,10.407,1.8705,0.95046,0.19797,0.12822,0.054918,-0.77031,-0.15832,-10.944,-3.418,-1.1958,-1.0877,0.016883,0.67439,0.69276,0.27987,0.12503
11.635,1.9816,4.1329,0.13392,0.34232,0.050113,-0.79531,-0.19079,-0.70195,3.2369,6.6657,7.2941,0.40264,0.64251,0.39283,-0.31402,-0.81024,-0.75632,5.1575,-5.7834,6.9947,0.13256,-0.30369,0.61333,-0.28216,0.80978,-1.0482,-5.9579,-0.16367,-2.1633,1.1816,0.5385,-0.14719,0.054879,-0.77722,-0.14841,-11.02,-4.3632,0.05527,-1.3682,-0.45587,0.13294,0.69517,0.26528,0.13419
11.435,0.50202,4.0471,0.08134,0.66136,0.028533,-0.77425,-0.19401,-0.72837,3.4858,6.9831,7.3311,0.31468,0.52358,0.5166,-0.31009,-0.81434,-0.74601,4.5007,-6.5432,7.3843,0.063669,-0.37644,0.41854,-0.2834,0.81501,-1.0557,-14.183,10.069,6.9477,-4.805,-0.99391,-1.2629,0.094655,-0.76039,-0.20588,-11.596,-8.4994,0.31076,-1.5574,-1.2369,-0.60945,0.69059,0.26595,0.12495
10.087,0.14583,3.1991,0.33036,1.0124,-0.16799,-0.7438,-0.20875,-0.75699,3.4817,6.9641,6.2617,0.20361,0.26882,0.65218,-0.31774,-0.81251,-0.74467,5.0703,-6.1085,7.0797,-0.054241,-0.65408,0.10363,-0.30199,0.81299,-1.066,-11.075,-5.3002,1.9255,-0.9534,0.77408,-0.71111,0.10987,-0.73922,-0.27721,-9.1897,-4.0048,1.9321,-1.2437,-1.0854,-1.372,0.6773,0.28958,0.11451
7.9526,-0.93011,2.3777,0.21316,0.7121,-0.1708,-0.72474,-0.22291,-0.77402,4.1878,5.6039,6.2696,0.2379,0.29644,0.77558,-0.32994,-0.80807,-0.74143,5.4163,-5.306,5.5186,0.14489,-0.76907,-0.014518,-0.32949,0.80668,-1.0753,-9.3906,-6.669,-2.7053,1.5153,0.66149,-0.9267,0.13775,-0.74331,-0.2479,-11.938,3.977,-4.2253,-0.0863,0.25785,-2.4785,0.65196,0.3272,0.12535
9.5755,-0.68099,3.5181,0.3463,-0.3614,0.011153,-0.71805,-0.2334,-0.77514,3.1763,6.0326,6.382,0.19203,0.23314,0.63057,-0.34135,-0.8069,-0.73116,5.6535,-6.012,5.9036,0.24713,-0.74629,-0.039973,-0.36324,0.79524,-1.0849,-9.1399,-0.13072,-2.3023,0.43979,0.43991,-1.3673,0.17822,-0.73801,-0.20144,-16.361,0.58358,-1.9189,-1.0191,0.39515,-2.1339,0.60896,0.36842,0.16295
10.54,1.1956,2.8289,0.62148,-0.44305,-0.066428,-0.73429,-0.2495,-0.75316,4.5981,6.7229,7.4582,-0.49694,0.084803,0.62515,-0.35889,-0.79054,-0.74372,6.0761,-6.4506,5.5876,0.28187,-0.60556,-0.33631,-0.39837,0.77222,-1.0971,-12.081,-2.3412,-0.10841,1.346,0.39971,-1.4295,0.22704,-0.72237,-0.15206,-13.909,0.56281,0.75174,0.61835,0.1768,-2.3756,0.5612,0.39494,0.20042
9.4385,1.619,2.8755,0.22196,0.26864,-0.26711,-0.72278,-0.27358,-0.75348,4.2189,5.9454,6.3442,-0.046956,0.13757,0.65353,-0.3752,-0.77433,-0.75505,5.8221,-5.8558,5.0454,-0.15164,-0.40786,-0.43621,-0.4386,0.75545,-1.0993,-8.8497,1.3268,-2.6882,1.3021,0.2185,-1.5626,0.27421,-0.70147,-0.06741,-11.904,4.6211,-0.48819,1.4395,0.23903,-2.5249,0.50432,0.44255,0.22709
7.3941,1.4328,3.5302,-0.088667,0.40059,-0.32665,-0.70694,-0.28093,-0.76618,4.5832,5.0174,6.2256,0.076325,0.20022,0.55497,-0.38536,-0.7663,-0.75626,5.8128,-4.5149,4.7041,-0.40472,-0.18998,-0.30256,-0.45704,0.75489,-1.0891,-8.5944,1.2363,-2.3153,0.79192,0.25253,-1.4865,0.32723,-0.66395,-0.019811,-9.7712,3.642,-1.0075,2.0026,1.0275,-2.5165,0.44304,0.50077,0.25602
5.693,1.2299,3.9785,-0.042442,0.33001,-0.18964,-0.69838,-0.28464,-0.76913,4.3976,5.1088,6.3853,0.24377,0.29419,0.31666,-0.38507,-0.76281,-0.75258,5.6433,-3.9127,5.0749,-0.60676,0.004449,0.034102,-0.45644,0.76986,-1.0769,-9.2675,-0.54467,-0.25639,0.21405,0.23962,-1.411,0.37822,-0.62331,0.001979,-9.0951,4.7362,-0.84379,1.9743,0.52335,-1.8698,0.38439,0.56061,0.26387
6.4762,1.416,4.023,0.13223,-0.47231,-0.047242,-0.7024,-0.2912,-0.76553,4.5559,5.0245,6.7625,0.47442,0.30299,-0.055072,-0.37921,-0.77155,-0.7408,5.8299,-4.7682,5.0608,-0.39337,0.23536,0.31476,-0.44268,0.8012,-1.0631,-9.9462,-1.0319,-0.94467,0.19936,0.10967,-1.3856,0.4253,-0.57978,0.018699,-6.2941,3.9424,0.29194,1.597,0.26732,-1.2622,0.33142,0.61868,0.24182
7.8689,1.0947,3.7703,0.086475,-0.48931,0.050466,-0.72282,-0.29529,-0.74751,3.5952,5.8091,6.957,0.12529,0.15254,-0.4114,-0.36259,-0.78237,-0.72994,5.667,-5.1761,5.5202,0.014147,0.41297,0.43826,-0.41451,0.81653,-1.0629,-9.9489,-1.9987,-1.0787,0.58281,0.25521,-1.4959,0.46767,-0.53436,0.039824,-6.2975,6.0391,0.91003,1.6775,0.18302,-0.5747,0.29478,0.65704,0.20975
8.1655,0.76628,3.8003,-0.08058,-0.054615,0.021942,-0.72473,-0.29002,-0.74841,3.9236,5.765,7.0439,-0.087015,-0.01613,-0.63813,-0.34677,-0.78992,-0.72611,5.3685,-5.7473,5.3349,0.088614,0.54109,0.54446,-0.37351,0.8327,-1.0681,-10.848,0.25928,-0.34153,1.2592,0.020706,-1.5076,0.50758,-0.48044,0.066987,-6.1329,-1.2559,-2.2067,0.81606,0.74946,0.32411,0.28138,0.68635,0.16443
9.0406,0.39953,4.8489,-0.20207,-0.18244,0.086292,-0.73011,-0.28368,-0.75012,3.8615,6.7574,6.8609,-0.044696,-0.22742,-0.95604,-0.32671,-0.80043,-0.72534,4.9766,-5.8663,5.1599,0.33334,0.55631,0.44927,-0.33303,0.83794,-1.0785,-11.713,6.6802,-1.6412,0.92352,0.11419,-1.248,0.54112,-0.43003,0.095921,-11.698,-6.5246,-0.3803,-0.80446,1.6719,-0.75653,0.26196,0.69011,0.18477
10.521,0.015134,5.3873,-0.033182,-0.38308,0.1523,-0.74793,-0.27713,-0.73498,3.2443,5.9909,7.4563,-0.69653,-0.49565,-0.76378,-0.31036,-0.79611,-0.74315,5.1623,-6.9385,6.6775,0.34941,0.48247,0.063989,-0.30656,0.82964,-1.0903,-11.265,4.2481,-0.60931,0.72067,0.27901,-0.96497,0.56493,-0.395,0.1157,-12.555,-9.9344,1.8219,-0.46453,0.39243,-0.46145,0.24199,0.68591,0.20316
11.65,0.49757,4.7351,-0.041577,0.002637,0.020309,-0.75832,-0.27323,-0.72905,3.758,5.6771,7.1761,-0.28552,-0.38825,-0.5656,-0.30524,-0.79024,-0.75929,4.9081,-7.767,6.3752,0.14749,0.30915,-0.28118,-0.2961,0.82057,-1.093,-12.04,1.4745,0.23335,0.88839,0.11049,-0.41073,0.57776,-0.37642,0.13219,-8.4363,-5.2291,0.72401,0.012443,-0.515,0.27093,0.23533,0.69005,0.20897
11.637,1.0602,4.8505,-0.15077,0.48243,-0.16428,-0.74779,-0.27198,-0.73712,3.4991,6.2141,6.4431,0.17876,-0.24495,-0.090264,-0.3057,-0.79632,-0.76177,5.1316,-6.2176,6.8405,0.017171,0.13153,-0.4546,-0.30314,0.81182,-1.0867,-10.877,4.4728,-0.17415,0.94166,-0.31755,0.17981,0.57694,-0.37628,0.13883,-6.418,4.9433,-5.9818,-0.073158,-0.47599,0.18769,0.24152,0.69029,0.21902
9.4065,1.3804,3.3288,-0.32279,0.80514,-0.39418,-0.72114,-0.27356,-0.76492,4.1776,6.6899,6.3012,0.48666,-0.20769,0.14944,-0.3134,-0.81042,-0.74961,5.7955,-5.5193,6.8849,0.064924,-0.023112,-0.60122,-0.32299,0.79896,-1.0825,-10.794,7.4866,3.6877,0.91404,-0.73945,0.83416,0.55977,-0.40483,0.13516,-14.348,-18.594,-1.4585,4.7185,0.32693,1.4078,0.26461,0.70692,0.14498
8.7628,2.1432,2.829,-0.25997,0.32774,-0.38299,-0.69872,-0.27561,-0.78283,3.28,5.8744,6.5083,0.51649,-0.26253,0.18243,-0.32588,-0.82078,-0.73494,5.754,-5.3682,6.6983,-0.27281,-0.074295,-0.57344,-0.34075,0.79088,-1.0787,-10.923,-2.989,1.701,2.1494,-0.9823,1.0253,0.53754,-0.44764,0.13487,-10.385,7.8536,0.14374,-0.53894,0.44595,0.53593,0.27443,0.70737,0.11687
8.6831,2.6916,2.9215,-0.30942,0.0859,-0.3291,-0.68588,-0.27881,-0.79237,3.8343,6.199,7.0356,0.4051,-0.37963,0.10819,-0.34159,-0.83089,-0.71584,5.6634,-4.8961,6.3415,-0.46158,-0.065481,-0.42171,-0.35158,0.79032,-1.0709,-14.648,-5.2052,-2.6775,1.3618,-0.24834,2.3217,0.49105,-0.50906,0.15666,-9.642,5.8744,-3.0609,-0.84306,0.17317,1.5403,0.31902,0.67799,0.11257
9.0372,2.0064,3.1286,-0.41635,-0.54535,-0.20249,-0.69243,-0.27584,-0.78629,4.0376,6.7116,6.818,-0.24607,-0.47276,0.061579,-0.36106,-0.8324,-0.7125,5.5569,-5.0816,5.8836,-0.34803,-0.088502,-0.29802,-0.35653,0.79964,-1.0627,-13.613,1.4236,-1.6662,0.8002,0.015976,2.1175,0.41613,-0.57654,0.18563,-8.5187,-3.5071,-2.4697,-0.25075,0.40122,1.3811,0.3766,0.6323,0.10509
9.4934,0.86107,3.3634,-0.3867,-0.46812,-0.044072,-0.70959,-0.26599,-0.77591,4.1534,6.5591,6.2713,-0.20661,-0.5429,0.11777,-0.37913,-0.82738,-0.71795,5.187,-5.2663,5.7027,-0.16448,-0.14142,-0.1947,-0.36197,0.80199,-1.0593,-12.877,-4.4876,-0.44465,-0.90612,0.28366,2.2539,0.32789,-0.6464,0.19857,-11.539,-0.99469,-1.3188,-1.4382,0.41651,1.2552,0.41635,0.59104,0.11642
8.688,0.80765,3.521,-0.26941,0.12581,0.14498,-0.71684,-0.25159,-0.77285,4.0952,6.0607,6.0767,-0.077032,-0.48307,0.10805,-0.39924,-0.82264,-0.72311,5.1478,-5.0766,5.6035,-0.18821,-0.080999,-0.1734,-0.36741,0.80775,-1.0508,-10.246,-5.2089,-1.1937,-1.2546,0.43066,2.2476,0.22479,-0.71745,0.19142,-8.4384,-0.37823,-2.3254,-0.72992,0.28844,1.4772,0.45581,0.54138,0.14762
7.0325,0.73079,3.8362,-0.1586,0.14129,0.32001,-0.71145,-0.23614,-0.78016,4.7792,5.9656,5.6771,-0.029026,-0.35071,0.066661,-0.41508,-0.81936,-0.72557,4.4337,-4.7322,5.1564,-0.078681,-0.062339,-0.20431,-0.37528,0.81002,-1.0437,-7.8059,-3.9419,-2.3914,-0.72181,0.66897,2.0906,0.14577,-0.76166,0.18082,-8.7081,-0.72263,-1.7334,-0.14249,0.19921,1.3867,0.49648,0.50793,0.13342
6.7807,1.0295,3.7318,-0.002566,-0.18005,0.30517,-0.71494,-0.22486,-0.78104,4.7844,5.552,5.4808,-0.1191,-0.13098,-0.085319,-0.42102,-0.81715,-0.72825,5.0456,-4.9391,5.1057,0.045732,-0.016936,-0.097937,-0.38514,0.80924,-1.0439,-7.2103,-3.0076,-1.0901,-0.74483,0.24261,1.8549,0.08731,-0.78681,0.16405,-9.2597,0.58506,-1.1491,0.069056,0.091221,1.3205,0.53784,0.48384,0.090652
7.1023,1.2788,3.7209,0.18887,-0.52104,0.23307,-0.73123,-0.22163,-0.76687,4.9336,5.9731,5.1289,-0.12552,0.057118,-0.21757,-0.41917,-0.81677,-0.73201,5.8785,-4.8445,5.4491,0.18512,0.082267,0.049272,-0.39302,0.80951,-1.0418,-5.9089,-3.2586,-0.82363,-1.3566,0.30583,1.3346,0.042662,-0.80632,0.1227,-9.9623,1.8835,-1.9866,-0.4494,0.39955,1.2301,0.57097,0.45502,0.082743
8.1538,1.485,3.7899,0.34012,-0.3373,0.22257,-0.75203,-0.22394,-0.74847,4.4179,6.2116,5.4549,-0.00677,0.27326,-0.32504,-0.40583,-0.81871,-0.73279,6.1997,-4.8274,5.8253,0.19621,0.20802,0.27219,-0.38875,0.80871,-1.0413,-5.8013,-3.4121,0.13894,-2.2235,0.56347,0.52985,0.021234,-0.81544,0.043712,-10.053,1.2545,-1.4296,-1.0464,0.04451,1.5069,0.60476,0.41621,0.085933
8.1992,1.5518,3.649,0.4463,-0.04831,0.31084,-0.76141,-0.22773,-0.74127,4.6873,5.8337,5.8703,0.074932,0.47045,-0.19305,-0.38683,-0.82163,-0.7335,5.6274,-5.3674,6.6059,0.114,0.064113,0.70786,-0.3754,0.81919,-1.0384,-7.9446,-0.10887,4.3984,-3.099,0.74438,0.23729,0.019279,-0.80671,-0.06913,-10.615,-3.3742,-1.3395,-1.5151,-0.083663,1.3629,0.63343,0.37013,0.10713
10.048,2.0011,4.3,0.36495,-0.2663,0.41222,-0.77336,-0.22778,-0.73008,4.0242,7.1945,6.2224,0.331,0.66724,0.13053,-0.37129,-0.82566,-0.72718,5.527,-5.2706,7.033,0.29476,-0.12838,0.94346,-0.35323,0.82911,-1.0386,-12.203,7.6233,1.9338,-1.4133,0.25151,0.44911,0.010671,-0.7918,-0.15671,-10.739,-6.1675,-1.267,-1.2658,0.09072,0.85804,0.65519,0.33434,0.12091
11.533,2.2359,3.7309,0.15774,0.025249,0.51113,-0.78426,-0.22311,-0.72392,3.7045,7.5443,6.0859,0.62567,0.74771,0.58734,-0.36176,-0.82804,-0.71763,5.2895,-6.1731,7.2969,0.33392,-0.39872,0.88627,-0.33803,0.83448,-1.0437,-11.143,10.338,1.0444,0.72309,0.12674,0.32975,0.006636,-0.78979,-0.18235,-10.529,-5.322,-1.9408,-1.0124,0.22524,0.50995,0.67151,0.31053,0.1264
11.899,2.337,3.6448,-0.00583,0.60865,0.47742,-0.78042,-0.2106,-0.73577,3.5301,7.7838,6.6935,0.44867,0.58537,1.013,-0.36977,-0.83001,-0.69966,5.3726,-5.8951,6.423,0.17853,-0.61258,0.78768,-0.33778,0.83917,-1.0536,-5.6484,0.89987,-1.5581,1.0452,0.44161,-0.36471,0.013842,-0.79723,-0.16735,-11.709,-4.5257,0.47642,-1.3823,-0.38445,0.11387,0.67462,0.29808,0.14203
10.699,0.79014,3.8644,-0.083623,0.87802,0.35562,-0.76276,-0.19711,-0.76085,3.9454,7.044,7.2418,0.08657,0.36278,1.0806,-0.38644,-0.8188,-0.69705,5.1811,-6.511,6.5481,0.05175,-0.66388,0.67251,-0.34339,0.85015,-1.0561,-15.415,4.9804,8.6689,-6.0116,0.011618,-1.3725,0.065881,-0.78152,-0.23646,-12.277,-8.1828,0.38227,-1.6245,-1.2195,-0.72284,0.6687,0.30176,0.14178
8.7137,0.021364,3.7399,0.1012,0.84164,0.31841,-0.73357,-0.19236,-0.79283,4.6037,5.4657,6.7672,-0.03033,-0.004501,0.88562,-0.40869,-0.79988,-0.70118,5.4824,-5.9977,6.5047,-0.17514,-0.73087,0.5168,-0.3565,0.85875,-1.0616,-11.806,-5.5793,1.6261,-1.1003,0.78334,-0.81699,0.080349,-0.74949,-0.31222,-8.9487,-3.5297,2.4603,-1.8441,-1.2761,-1.2091,0.64611,0.3228,0.15366
7.53,-1.5823,3.3102,-0.006522,0.41993,0.26425,-0.71476,-0.1899,-0.81144,4.4537,4.0767,6.2399,-0.1614,-0.203,0.80717,-0.43254,-0.78797,-0.70296,5.2678,-6.4694,4.8692,-0.10405,-0.77428,0.38601,-0.37395,0.87094,-1.064,-8.9471,-6.6888,-4.7219,1.8591,0.67033,-1.0935,0.11567,-0.75887,-0.26816,-11.803,4.2154,-4.2298,-0.13769,0.16974,-2.5695,0.61178,0.35624,0.17818
9.0766,-2.1591,3.6688,0.23723,-0.55009,0.34916,-0.71834,-0.18679,-0.81173,4.8419,5.6368,6.473,-0.28755,-0.35444,0.43066,-0.4558,-0.77358,-0.71014,4.9467,-6.9565,5.2664,-0.009951,-0.64921,0.23079,-0.39228,0.8779,-1.0641,-9.2851,-1.8757,-1.1705,0.41486,0.53848,-1.5972,0.16368,-0.74906,-0.25787,-17.081,-0.41837,-0.65645,-1.4388,0.2509,-2.1941,0.57223,0.38912,0.21695
10.172,-0.94315,3.0434,0.74397,-0.62511,0.35394,-0.74253,-0.19585,-0.78773,5.1728,5.7842,6.0723,-0.12748,-0.32039,0.28554,-0.47508,-0.76281,-0.71549,5.5413,-7.0105,5.2739,-0.024549,-0.55808,-0.099185,-0.41861,0.87635,-1.0674,-12.809,-1.3267,0.49102,1.3022,0.33846,-1.57,0.21865,-0.73083,-0.19895,-13.9,1.4713,1.5237,0.1791,-0.014199,-2.2547,0.5272,0.41041,0.26796
9.542,-0.10116,3.074,0.81271,-0.09981,0.12192,-0.75386,-0.21303,-0.77018,5.251,5.4992,5.8528,-0.019282,-0.18229,0.32448,-0.49186,-0.75728,-0.716,5.668,-6.7966,4.8198,-0.19445,-0.43838,-0.3393,-0.44765,0.87434,-1.0648,-8.1755,1.9038,-3.748,0.88158,0.34106,-1.5018,0.26578,-0.70581,-0.14093,-11.484,4.4673,0.23556,1.5715,0.11503,-2.5135,0.48446,0.45222,0.29647
7.6739,0.59413,3.3777,0.55929,0.14303,-0.065661,-0.76009,-0.23348,-0.75639,5.4964,4.7348,5.4936,0.003719,-0.023316,0.30906,-0.49984,-0.75459,-0.7134,5.6818,-6.121,4.4514,-0.17077,-0.31165,-0.37249,-0.47666,0.86836,-1.0618,-8.8739,0.7075,-1.6527,0.40555,0.29907,-1.2957,0.3232,-0.67881,-0.055054,-9.6577,4.1783,-0.75022,1.371,0.81506,-2.3156,0.41358,0.5256,0.33391
6.5096,0.30652,3.5385,0.47292,-0.18958,-0.16843,-0.75927,-0.25134,-0.75147,5.2959,5.0222,5.7294,-0.051288,0.083755,0.12247,-0.50367,-0.75023,-0.71446,5.73,-5.7762,4.319,-0.088768,-0.21934,-0.20701,-0.49793,0.86221,-1.0583,-9.5729,-2.2396,-0.50825,0.3698,0.29238,-1.3492,0.36758,-0.63971,-0.023152,-8.5932,4.4556,-0.29079,1.5646,0.40491,-1.574,0.35585,0.5838,0.33805
7.1219,0.33303,3.0883,0.4509,-0.58604,-0.13389,-0.76242,-0.27293,-0.73927,5.0966,5.1534,6.1735,0.11854,0.19479,-0.17889,-0.49862,-0.74799,-0.71576,6.0213,-5.3,4.6231,0.10421,-0.1283,0.020499,-0.51154,0.85889,-1.0589,-9.4613,-0.8581,-0.80759,0.28154,0.2308,-1.3971,0.40755,-0.59219,-0.037362,-6.475,4.2408,-1.503,1.0752,0.039485,-1.01,0.32308,0.62628,0.31174
8.1177,-0.20898,3.2564,0.11047,-0.48443,-0.034381,-0.7819,-0.28169,-0.71852,5.2217,4.6329,6.5096,0.14147,0.13985,-0.38748,-0.48736,-0.75541,-0.71322,5.8341,-5.442,4.4859,0.17066,-0.027095,0.25035,-0.50949,0.8557,-1.0678,-10.79,0.05976,-1.1426,0.36388,0.20481,-1.434,0.45217,-0.54455,-0.015384,-6.466,5.415,-1.9553,1.2466,-0.092448,-0.21724,0.29933,0.65709,0.27489
8.6827,-0.42147,3.3936,-0.064092,-0.10046,0.16442,-0.7938,-0.27717,-0.71134,5.1187,4.9328,6.6586,-0.20847,0.066181,-0.57348,-0.47042,-0.76133,-0.71706,5.7257,-6.0529,4.2724,0.26197,0.10396,0.36192,-0.49556,0.85553,-1.0784,-10.926,2.2382,-0.38997,0.88212,0.13763,-1.0245,0.48706,-0.5007,0.007205,-4.8269,0.32871,-2.1206,0.59823,1.3831,0.56249,0.29397,0.66837,0.2404
9.4994,-0.65347,4.204,-0.065946,-0.16136,0.066301,-0.80921,-0.26952,-0.70035,4.8454,5.9236,6.3237,-0.079536,0.064178,-0.79232,-0.44754,-0.77341,-0.71894,5.8627,-6.7104,4.9313,0.2727,0.26797,0.30571,-0.46871,0.85527,-1.09,-9.3089,4.0246,-1.0346,0.91748,0.21082,-0.8984,0.51461,-0.47,0.051344,-14.58,-9.9729,7.0312,0.22111,2.0868,-0.69504,0.25971,0.67099,0.25679
10.706,-0.60476,4.4223,-0.079586,-0.22932,-0.026315,-0.81909,-0.26504,-0.69242,4.7677,6.1283,6.6012,-0.084872,-0.13538,-0.76842,-0.42955,-0.78373,-0.72085,5.2714,-7.0225,4.6515,0.2524,0.37523,-0.08642,-0.45,0.85211,-1.0998,-11.188,0.99148,-0.16881,0.78861,0.27885,-0.78726,0.53667,-0.44523,0.070816,-11.074,-8.7035,-1.8322,0.056648,-0.20625,-0.15454,0.24495,0.68684,0.23541
11.172,0.11845,4.1695,-0.01588,0.12046,-0.12252,-0.81496,-0.26593,-0.69411,4.2451,6.0085,6.8258,-0.12785,-0.23701,-0.65312,-0.41751,-0.79191,-0.723,5.2887,-7.4364,5.2115,0.012079,0.44804,-0.45929,-0.44022,0.84433,-1.101,-10.722,3.2293,-0.49198,0.87088,-0.013295,-0.12002,0.54656,-0.43062,0.069952,-6.1822,-4.5466,-0.93912,-0.64148,-0.46144,0.49434,0.24804,0.68298,0.25594
10.979,1.2938,3.3177,0.039104,0.30629,-0.26371,-0.80676,-0.27405,-0.69903,4.1613,6.3282,6.8851,-0.09308,-0.35713,-0.43705,-0.41149,-0.79804,-0.72679,5.331,-7.0087,6.1484,-0.14158,0.43103,-0.67409,-0.44099,0.84069,-1.0915,-13.357,7.4308,0.08069,0.50032,-0.33662,0.72841,0.54295,-0.44649,0.068537,-15.044,0.62101,4.8559,2.8738,0.72447,1.2147,0.25551,0.69311,0.2368
10.139,1.1796,2.0499,0.007625,0.4058,-0.37651,-0.78916,-0.28519,-0.71362,5.3509,6.4952,6.4217,-0.090371,-0.46613,-0.2098,-0.41816,-0.80191,-0.72722,5.826,-5.8727,6.2143,-0.18442,0.20991,-0.7971,-0.4556,0.83117,-1.082,-10.532,1.9797,8.0579,1.7911,-1.0473,0.45889,0.52837,-0.48403,0.062039,-12.168,-0.88797,-1.0901,1.8733,-0.84826,-0.11969,0.26584,0.71369,0.15242
9.9914,1.595,2.223,-0.2231,0.22225,-0.20913,-0.78149,-0.29241,-0.71857,4.1352,6.224,6.3912,-0.22223,-0.54875,-0.1436,-0.42615,-0.80425,-0.72799,5.682,-4.0061,5.5587,-0.002004,0.072874,-0.81646,-0.47968,0.81639,-1.0751,-12.406,-4.1345,-2.0932,1.6649,-0.37161,1.8808,0.48821,-0.54528,0.083347,-10.347,13.718,-2.3047,-1.3208,0.91963,0.69811,0.29097,0.6932,0.17239
9.7962,1.278,2.227,-0.39028,-0.3016,-0.044805,-0.77975,-0.28626,-0.72039,4.6256,5.9424,6.4439,-0.045498,-0.59281,-0.11323,-0.43649,-0.80467,-0.72932,6.3469,-5.4035,5.8131,0.095428,0.003316,-0.43137,-0.49901,0.80204,-1.078,-15.361,-1.3007,-1.1354,1.0117,-0.20539,2.1226,0.42162,-0.61657,0.099861,-10.217,2.3228,-3.3939,-1.3657,0.051571,1.7275,0.34321,0.64367,0.18764
10.252,0.36755,2.9929,-0.37706,-0.47607,0.036271,-0.78649,-0.27574,-0.7153,5.0747,6.3111,6.3949,-0.076537,-0.53689,-0.004068,-0.4508,-0.80258,-0.72988,6.0371,-6.6355,5.9325,0.17255,-0.057905,-0.22495,-0.51225,0.78951,-1.0811,-13.884,-0.75616,-0.83623,-0.16115,0.11405,2.1143,0.35372,-0.67349,0.10921,-13.188,-2.3959,0.023935,-1.6633,0.29225,1.2919,0.38283,0.60161,0.18614
9.5054,-0.055648,2.88,-0.28801,0.042106,0.17999,-0.79105,-0.26126,-0.71122,5.5063,6.4901,5.492,-0.15567,-0.42914,0.14751,-0.46355,-0.79743,-0.73427,6.5175,-5.453,5.8459,0.014324,-0.018577,-0.26454,-0.52222,0.77891,-1.0838,-11.742,-6.0725,-0.6674,-1.3621,0.30545,2.0685,0.2723,-0.73348,0.094031,-9.0366,0.34228,-2.5129,-1.0086,0.16964,1.2304,0.42328,0.55915,0.18714
7.6556,-0.2641,3.1481,-0.19577,0.31299,0.34475,-0.78561,-0.24444,-0.7225,5.2573,5.1912,5.38,-0.24693,-0.33282,0.24903,-0.47454,-0.78561,-0.73816,6.0255,-5.1042,5.0354,0.024834,0.024729,-0.29368,-0.52882,0.77058,-1.0837,-8.8151,-4.8289,-1.2101,-1.0164,0.23414,2.2217,0.19179,-0.7782,0.066772,-9.4859,-0.30244,-1.2374,-0.27868,0.008112,1.5236,0.46851,0.52608,0.16218
6.6804,0.00263,3.2395,0.080539,-0.013326,0.36743,-0.79237,-0.22817,-0.71758,5.0248,4.8458,5.1243,-0.17761,-0.11516,0.091245,-0.48259,-0.7788,-0.74091,6.1442,-4.7187,5.0378,0.060826,0.068144,-0.10271,-0.53019,0.76361,-1.0862,-7.266,-3.9831,-1.1499,-0.42976,0.045957,2.0767,0.1129,-0.81164,0.060389,-9.5438,0.55468,-0.62362,-0.16147,-0.024399,1.5792,0.52491,0.48469,0.12993
6.8691,0.43148,3.0572,0.21867,-0.33611,0.29333,-0.80175,-0.21967,-0.70742,5.1668,5.0221,5.262,-0.026779,0.2313,-0.087718,-0.47986,-0.77121,-0.74616,6.2972,-4.6426,5.4177,0.073375,0.18203,0.22082,-0.52088,0.76368,-1.0896,-6.1734,-3.0927,-1.444,-0.6216,0.20734,1.5838,0.058716,-0.82454,0.04044,-9.2763,-0.4232,-1.1595,-0.44981,0.030278,1.5024,0.5675,0.45191,0.11357
7.738,1.2921,2.8306,0.35561,-0.55335,0.18694,-0.81309,-0.22205,-0.69474,5.6777,5.506,5.4448,0.089979,0.5058,-0.12263,-0.46976,-0.77181,-0.74958,5.8784,-4.7276,5.2955,0.1343,0.25787,0.41787,-0.50294,0.76762,-1.0898,-5.3521,-4.4991,-1.456,-1.31,0.29547,1.0114,0.030018,-0.82664,-0.001247,-9.1722,-0.85687,-1.1739,-0.86741,0.030573,1.5504,0.59801,0.42184,0.11429
8.53,1.5538,2.4803,0.29833,-0.096348,0.13663,-0.82566,-0.22205,-0.68041,5.4391,5.894,5.4208,0.32137,0.80139,-0.13895,-0.4462,-0.77556,-0.74708,6.0341,-4.8093,5.6856,0.11268,0.33313,0.63088,-0.47242,0.77817,-1.095,-5.8637,-2.1097,2.3121,-2.3464,0.5308,0.037725,0.026228,-0.81645,-0.071644,-10.899,-2.8782,-1.821,-0.69342,-0.017876,1.2258,0.6294,0.3843,0.11699
9.2899,1.6357,2.7104,0.21622,0.12264,0.094629,-0.82638,-0.22373,-0.6791,4.926,6.2023,5.8467,0.37603,0.98516,-0.21671,-0.41251,-0.78395,-0.74098,5.684,-5.113,5.4411,0.12551,0.37422,0.87196,-0.42906,0.79093,-1.1002,-12.443,6.4509,5.7866,-2.3465,0.82511,0.6137,0.021697,-0.79528,-0.16987,-9.1626,-3.8132,-1.6448,-0.46292,0.095047,1.1646,0.65193,0.35093,0.1183
10.971,1.544,3.752,-0.010508,-0.079359,0.1027,-0.84207,-0.22481,-0.66621,4.6989,6.7108,6.9485,0.31557,1.0002,-0.091581,-0.37206,-0.79335,-0.73347,5.3735,-6.3563,6.3626,0.22433,0.31537,0.88675,-0.37954,0.80462,-1.1068,-11.715,12.144,-2.8922,-0.59567,-0.39088,0.33253,0.002997,-0.78052,-0.2258,-11.828,-3.9789,0.1771,-0.73583,-0.013802,1.1188,0.67321,0.31221,0.12681
11.961,1.6519,4.4316,-0.23613,0.2101,0.01191,-0.84202,-0.21801,-0.6726,3.6031,7.0726,7.3516,0.37125,0.77701,0.19385,-0.33991,-0.79225,-0.72801,5.1289,-6.0671,6.8966,0.052404,0.17322,0.79082,-0.33998,0.81485,-1.1133,-8.3795,4.1413,0.63438,0.48009,0.37868,-0.17009,-0.00345,-0.78457,-0.2194,-10.362,-4.4371,-1.0393,-0.71491,-0.22046,0.62101,0.68571,0.28567,0.13119
12.227,0.92463,4.22,-0.51133,0.5065,-0.088243,-0.82762,-0.20986,-0.69208,2.5347,6.0826,7.5641,0.009845,0.32123,0.41016,-0.31914,-0.78884,-0.72591,4.9066,-7.2148,7.0794,-0.068752,0.019277,0.50404,-0.31587,0.82727,-1.1146,-16.044,4.9497,8.0865,-0.88979,-0.77254,-0.83835,0.01155,-0.78846,-0.22127,-12.752,-5.6535,-0.2912,-0.84705,-0.4645,-0.2348,0.68432,0.28241,0.1347
10.975,-1.18,3.227,-0.67482,0.6874,-0.13691,-0.80955,-0.20142,-0.71962,3.6491,6.7464,7.6323,0.44248,-0.15818,0.59284,-0.32938,-0.78913,-0.71799,4.8898,-6.3614,7.7879,-0.32783,-0.23652,0.056394,-0.31632,0.83685,-1.1109,-8.9189,-4.5186,-0.16975,0.14519,0.75391,-0.60519,0.020687,-0.78927,-0.22985,-10.892,-8.274,-1.0287,-0.60659,-1.1706,-1.0006,0.67612,0.29783,0.12664
9.1097,-1.7863,3.0001,-0.41423,0.6652,-0.076485,-0.78195,-0.19296,-0.75156,4.1134,5.1931,6.9914,-0.2799,-0.47366,0.57562,-0.35278,-0.78355,-0.71718,5.1014,-6.2605,5.2713,-0.2208,-0.4206,-0.072686,-0.33502,0.84367,-1.1085,-10.194,-7.9139,-3.5975,1.0693,0.5451,-1.128,0.045162,-0.79477,-0.18499,-10.093,2.185,1.6796,-1.1538,-0.87375,-1.3065,0.65503,0.33006,0.12514
7.5436,-2.0699,2.9565,-0.001454,0.37532,0.082018,-0.76632,-0.18637,-0.77046,4.9064,3.9077,6.101,-0.27219,-0.39338,0.43009,-0.37861,-0.77034,-0.72461,4.56,-6.1029,5.5342,-0.030175,-0.50171,0.027906,-0.35728,0.84426,-1.1101,-9.8559,-0.53125,-2.391,0.56077,0.16245,-1.8015,0.11381,-0.78527,-0.12606,-14.692,4.2809,-1.9853,-0.84669,0.24946,-2.167,0.618,0.3727,0.15356
8.7017,-1.1919,3.3664,0.40411,-0.6743,0.1292,-0.77563,-0.19148,-0.76191,4.389,5.4348,5.665,-0.007014,-0.3504,0.32332,-0.3997,-0.75945,-0.73007,5.2082,-6.2498,5.7372,-0.10731,-0.42338,-0.001885,-0.37716,0.84476,-1.1114,-10.747,2.0453,-0.70123,0.024835,0.28803,-1.4003,0.16623,-0.75982,-0.098116,-13.664,-0.31849,0.39498,-1.3577,0.26713,-1.9777,0.5758,0.40109,0.20543
9.842,0.12025,2.6748,0.45315,-0.41306,-0.035891,-0.78896,-0.20187,-0.73973,4.6448,6.4437,6.0697,0.14807,-0.29405,0.31542,-0.4201,-0.7577,-0.72441,5.6761,-6.498,6.0762,0.031186,-0.35018,-0.2311,-0.39876,0.84071,-1.112,-8.976,0.34385,-1.0089,0.47766,0.23744,-1.1081,0.20077,-0.73289,-0.070104,-11.989,1.8493,1.9529,0.34103,0.29637,-2.1435,0.53363,0.42843,0.24292
9.014,0.27264,3.2813,0.074513,0.1573,-0.21766,-0.7864,-0.21313,-0.73903,5.147,4.6538,6.2031,0.13704,-0.1039,0.43553,-0.43889,-0.75884,-0.71565,5.4919,-6.3391,4.7016,-0.14747,-0.30392,-0.29393,-0.42079,0.83106,-1.1141,-10.213,-1.0629,-2.9077,0.88096,0.35512,-1.532,0.24971,-0.69963,-0.028072,-11.058,3.7014,0.79344,1.2446,0.63236,-2.39,0.48163,0.46941,0.26753
7.3959,0.13678,3.4546,-0.13606,0.16261,-0.31023,-0.77835,-0.21882,-0.74423,5.2347,4.8984,6.2631,0.077444,0.016798,0.28021,-0.45553,-0.75657,-0.71403,5.1058,-5.7741,4.8131,-0.085437,-0.20989,-0.20099,-0.43653,0.82538,-1.1147,-9.5739,-2.1062,-0.26805,1.1567,0.19779,-1.6603,0.30928,-0.65305,0.017505,-9.7791,3.0872,-0.41162,1.7338,0.77412,-2.0616,0.42642,0.51998,0.27993
6.4457,-0.59705,3.6292,-0.012263,-0.21421,-0.25292,-0.7863,-0.2323,-0.7328,5.7024,5.5219,6.1473,-0.27416,0.00374,-0.07248,-0.46372,-0.75587,-0.71808,5.3385,-5.0712,4.819,-0.051874,-0.056516,-0.1166,-0.44737,0.82184,-1.1172,-9.2534,0.4636,-1.2172,0.63601,0.032818,-1.6628,0.37166,-0.59929,0.048022,-8.5197,3.8442,-0.70202,2.5757,0.44039,-1.513,0.37312,0.57361,0.26509
7.1524,-0.88423,3.6327,0.019632,-0.55591,-0.052537,-0.80087,-0.23539,-0.71627,5.4154,4.3696,5.8098,-0.17748,0.053651,-0.40579,-0.45886,-0.75269,-0.72995,5.6148,-5.5774,4.7636,0.071061,0.14708,0.052677,-0.44393,0.82403,-1.1182,-10.253,-0.93672,-0.83812,0.2645,-0.027771,-1.5373,0.42536,-0.5444,0.064766,-6.6635,4.0508,-2.4628,1.8565,0.1046,-0.95354,0.33837,0.62068,0.22475
7.8453,-0.88987,3.6528,0.046109,-0.41455,0.068255,-0.80821,-0.23216,-0.71023,5.3309,4.9802,5.8922,0.037114,0.1087,-0.54857,-0.44809,-0.75904,-0.73387,5.2968,-6.2166,4.6721,0.16395,0.25048,0.21712,-0.43086,0.82523,-1.1212,-9.8411,0.07091,-1.116,0.15032,-0.034808,-1.4463,0.47117,-0.49695,0.074478,-6.4782,6.1337,-0.25801,1.4367,0.20193,-0.22479,0.31581,0.65045,0.19146
8.2117,-0.65554,3.5974,0.073486,-0.19604,0.061011,-0.82005,-0.23028,-0.69945,4.5602,5.7151,5.8447,-0.052943,0.16248,-0.66407,-0.43103,-0.76751,-0.73356,5.1695,-6.0076,4.8768,0.09347,0.45793,0.24217,-0.40515,0.83207,-1.1203,-10.876,1.2634,-0.34289,0.21938,0.013286,-1.2903,0.50668,-0.44899,0.080759,-5.5324,-1.1432,-1.0534,0.95501,0.95655,0.49041,0.31566,0.66054,0.15144
8.7847,-0.70555,3.8402,0.072803,-0.38329,-0.018373,-0.83117,-0.22908,-0.68745,4.5214,5.5286,5.7999,0.11137,0.18407,-0.8992,-0.41017,-0.77975,-0.73014,5.6907,-6.3691,5.8933,0.20547,0.63963,0.071429,-0.37591,0.83531,-1.1189,-9.8452,4.0646,-0.35523,0.32996,0.063866,-1.09,0.53634,-0.40934,0.086146,-14.637,-12.872,7.3511,0.94985,1.4618,-1.2038,0.29287,0.67039,0.1621
10.647,-0.66236,4.1231,0.1768,-0.60544,-0.061763,-0.86041,-0.23164,-0.65628,4.2145,5.8699,6.407,0.12283,0.215,-0.87866,-0.37996,-0.8018,-0.72167,5.1174,-7.4859,6.1339,0.19192,0.58974,-0.20628,-0.34405,0.83144,-1.1199,-10.732,0.82809,-0.11445,0.83567,0.095371,-0.9633,0.55791,-0.37569,0.090146,-10.595,-5.5665,-0.29934,-0.53789,-0.24043,-0.6113,0.27204,0.6792,0.14559
12.603,0.092467,4.0906,0.31996,-0.33639,-0.2221,-0.87551,-0.24167,-0.63258,3.8141,6.8256,7.3032,0.057561,-0.043711,-0.73982,-0.36504,-0.8165,-0.71442,4.4248,-7.0939,6.0823,-0.080693,0.46003,-0.64154,-0.33273,0.82227,-1.1153,-11.197,2.167,-1.5506,1.0324,-0.073365,-0.41187,0.57477,-0.35403,0.10026,-9.7726,-9.0161,-3.91,-0.52007,0.61552,-0.25678,0.26506,0.67676,0.18563
13.202,1.2362,2.1406,0.36562,0.043566,-0.25012,-0.87261,-0.25974,-0.62573,3.6409,7.6639,7.4129,0.028647,-0.32394,-0.45021,-0.35962,-0.82418,-0.71296,4.8967,-6.8981,6.5848,-0.31783,0.30203,-1.0712,-0.34347,0.82062,-1.1007,-13.262,6.0701,-0.81616,0.25659,-0.29874,0.43979,0.58295,-0.3558,0.1045,-12.385,-0.48141,6.8399,0.33615,-1.4322,0.54879,0.27026,0.68179,0.18998
12.185,1.2508,0.52161,0.088266,0.73334,-0.17066,-0.8572,-0.27388,-0.63681,3.9519,6.9985,7.6329,0.09048,-0.59903,-0.16412,-0.36856,-0.83104,-0.70831,4.8891,-5.6904,7.3069,-0.39726,-0.024593,-1.1514,-0.37654,0.81603,-1.079,-10.061,4.9041,4.9434,0.018129,-0.69485,0.67696,0.57569,-0.3937,0.084835,-8.3966,7.6952,-4.2152,-0.30533,-0.51784,0.61751,0.29359,0.66463,0.19284
10.338,1.782,1.0482,-0.055515,0.75157,-0.2039,-0.83265,-0.27934,-0.66202,4.9435,5.9862,6.4023,-0.1744,-0.79194,-0.074045,-0.38517,-0.83132,-0.71152,6.2951,-3.9135,6.3267,-0.039964,-0.25762,-0.90886,-0.41992,0.80092,-1.0692,-11.621,-4.9485,-0.35109,0.90525,-0.33952,1.4803,0.55502,-0.44543,0.069604,-13.295,5.99,-1.3371,-1.1101,0.56725,1.709,0.33559,0.62371,0.21202
8.2711,1.5591,1.6726,-0.49955,0.11731,-0.25121,-0.81493,-0.28232,-0.67666,4.1008,6.3559,5.2033,-0.18317,-0.76246,-0.04549,-0.40706,-0.83049,-0.71453,6.3495,-4.3264,6.2687,0.087058,-0.33562,-0.44965,-0.45933,0.78446,-1.0672,-13.886,-3.0075,-0.43623,0.66809,-0.14759,2.0803,0.50314,-0.52369,0.068941,-9.5665,-3.1522,-2.1578,-0.31665,-0.022889,1.6756,0.40438,0.56469,0.19501
8.7501,0.70825,2.3123,-0.51576,-0.45225,-0.098255,-0.81726,-0.27149,-0.67537,4.6209,6.7172,5.1692,-0.11083,-0.61453,-0.011369,-0.42669,-0.83077,-0.71405,5.8646,-5.2009,5.2375,0.099208,-0.27469,-0.29073,-0.47868,0.76988,-1.073,-12.615,-0.40915,-0.12093,0.32722,0.13919,2.0051,0.44756,-0.59033,0.081837,-10.175,-1.2031,0.91465,-0.50357,0.26546,1.2178,0.44588,0.53587,0.16596
8.8979,0.29319,2.072,-0.46479,-0.32213,0.015243,-0.82471,-0.25514,-0.6685,4.3016,6.0554,5.6551,-0.047401,-0.33788,0.12817,-0.44119,-0.82648,-0.71531,5.271,-5.8102,5.5007,0.084699,-0.17872,-0.24044,-0.48995,0.75744,-1.0792,-12.401,-4.1356,-0.022557,-1.056,0.22102,2.2193,0.38636,-0.65163,0.074406,-9.5147,1.0991,-2.5563,-1.1708,0.54425,1.2987,0.47413,0.51164,0.15639
8.3463,0.51799,2.5393,-0.25198,0.36717,0.20224,-0.81883,-0.23994,-0.67658,5.3028,5.9318,5.6413,0.018091,-0.1073,0.20548,-0.45441,-0.82078,-0.71639,6.0956,-4.6378,4.7154,-0.037528,-0.09809,-0.20561,-0.50376,0.74722,-1.0811,-9.2758,-4.8794,-0.30406,-1.461,0.21932,2.5445,0.3101,-0.71047,0.039918,-9.3235,-1.061,-2.4169,-0.86608,0.047193,1.6121,0.51347,0.48103,0.1548
7.2802,0.67291,2.9873,-0.11622,0.009594,0.22121,-0.81484,-0.2296,-0.68325,5.028,5.9303,5.45,0.10867,0.12119,0.074298,-0.45661,-0.81958,-0.71422,6.4137,-4.2371,5.124,0.082875,0.06003,-0.13791,-0.50705,0.74603,-1.0772,-9.1272,-3.7052,-1.2176,-0.98884,0.3999,2.4701,0.2282,-0.75651,0.001284,-9.5885,0.5914,-0.38525,-0.37286,-0.014609,1.6585,0.55288,0.45396,0.14589
7.0296,1.297,3.0342,-0.001719,-0.30372,0.1762,-0.83011,-0.22062,-0.66961,4.9656,5.7958,5.6799,0.019999,0.12745,-0.022773,-0.45544,-0.82041,-0.71157,6.3558,-4.9253,5.8392,0.24394,0.098444,-0.037943,-0.50838,0.73842,-1.079,-7.7412,-4.4504,-1.0389,-0.48474,0.16592,2.0033,0.15119,-0.7886,-0.035357,-9.635,0.23658,-1.3879,-0.18273,-0.019745,1.6317,0.58892,0.42169,0.13814
7.9334,1.5874,2.6848,0.047267,-0.68279,0.12873,-0.84958,-0.21321,-0.64806,4.7001,5.9762,5.4847,0.020437,0.19643,-0.21895,-0.44489,-0.82136,-0.71162,6.136,-4.494,5.579,0.15557,0.094279,0.17566,-0.50164,0.73425,-1.0838,-5.8859,-4.85,-0.54357,-0.59738,-0.008465,1.6049,0.096709,-0.79899,-0.061755,-9.8443,0.34152,-1.2119,-0.26433,0.07856,1.5431,0.62335,0.38476,0.13236
8.6506,1.9375,2.6179,0.029881,-0.21166,0.078427,-0.85609,-0.20918,-0.63881,4.4997,6.0097,5.5832,0.085782,0.28347,-0.45647,-0.42952,-0.82633,-0.71339,5.8675,-4.3231,5.7919,0.085725,0.10857,0.39546,-0.49132,0.73555,-1.0868,-5.0024,-3.4701,0.27538,-0.9858,0.34587,0.7438,0.069757,-0.79974,-0.086393,-11.118,-0.31328,-0.22678,-0.51503,-0.11913,1.4598,0.65578,0.34458,0.12905
9.1293,2.01,2.0402,-0.005632,0.13756,-0.10641,-0.85947,-0.20993,-0.63788,4.7688,6.493,5.903,-0.085724,0.39887,-0.6286,-0.40402,-0.83338,-0.71598,6.1915,-4.3809,5.991,0.15224,0.11598,0.66588,-0.47322,0.74592,-1.0911,-7.2405,3.9829,1.9478,-2.7459,1.0111,0.27527,0.065362,-0.78353,-0.16287,-9.1025,-3.4386,-2.0536,-0.62804,-0.19942,1.1684,0.67826,0.30626,0.12176
10.837,1.619,3.7962,-0.18482,-0.13444,-0.092474,-0.86154,-0.20974,-0.63955,4.6583,7.1923,5.6674,0.24678,0.62506,-0.49135,-0.37039,-0.84135,-0.71554,6.0583,-4.9464,6.2139,0.15329,0.095216,0.91657,-0.44307,0.75917,-1.0964,-12.926,13.062,-1.2146,-1.2601,0.11432,0.64515,0.052596,-0.76772,-0.2391,-11.291,-4.6421,-0.99579,-0.85685,-0.057841,1.0064,0.69505,0.27139,0.12629
12.031,1.9055,3.8519,-0.16894,0.20183,-0.028104,-0.86797,-0.21104,-0.63634,3.1771,7.868,5.36,0.9336,0.51607,0.007303,-0.33824,-0.85639,-0.69618,5.5503,-5.6186,6.1128,0.12309,0.087739,0.87569,-0.40518,0.77651,-1.1037,-9.7313,5.7926,4.3714,0.15788,-0.020298,0.27415,0.040457,-0.76537,-0.25753,-11.589,-4.4796,-0.059238,-1.5083,-0.31527,0.71697,0.70332,0.24242,0.13836
13.725,0.64951,3.3195,-0.29871,0.3349,-0.012338,-0.86532,-0.20769,-0.64857,2.7413,8.7881,6.5912,0.86974,0.42582,0.52317,-0.32565,-0.87413,-0.65857,5.2988,-7.0997,6.8389,-0.069265,0.10842,0.439,-0.38011,0.79071,-1.1084,-16.189,5.6298,4.902,-0.50106,-0.63033,-0.55498,0.045669,-0.76923,-0.27066,-12.779,-8.2242,0.089839,-1.4828,-0.92153,-0.25064,0.70724,0.22845,0.13614
12.141,-1.1692,1.9006,-0.27629,0.91499,-0.060689,-0.84231,-0.20569,-0.68024,3.3764,6.2978,7.6577,0.021357,0.13373,0.98011,-0.33074,-0.86872,-0.65188,5.1837,-6.8665,7.0482,-0.36917,-0.12728,-0.13591,-0.37567,0.79655,-1.1069,-8.8031,-7.3317,-1.6272,0.6511,0.85165,-0.66866,0.04948,-0.77946,-0.26043,-10.87,-9.0924,0.1795,-0.45801,-1.0163,-1.4974,0.7007,0.24614,0.1207
9.2634,-1.3977,1.8251,-0.16202,1.2001,0.065622,-0.80637,-0.20241,-0.72201,4.2047,4.8153,6.9052,-0.006279,-0.076593,0.95069,-0.35481,-0.85815,-0.65095,5.3537,-5.6963,5.3753,-0.45233,-0.28861,-0.23506,-0.39403,0.808,-1.0948,-9.0212,-6.7295,-4.1829,0.91714,0.48476,-1.2986,0.079073,-0.7855,-0.21971,-10.44,3.0362,-2.0363,-0.24814,-0.51129,-1.9945,0.67752,0.2902,0.11762
6.7881,-1.1961,2.7028,0.1691,0.68354,0.18119,-0.7776,-0.19905,-0.75453,4.4989,5.3305,6.1487,-0.2707,-0.31414,0.70095,-0.38529,-0.84407,-0.65839,5.7418,-4.91,5.7905,-0.16336,-0.38935,-0.06696,-0.41612,0.81503,-1.0878,-11.51,-1.1319,-1.9734,0.52641,0.26279,-1.7647,0.13598,-0.77514,-0.17649,-15.951,3.2833,-1.2474,-0.52129,0.44165,-2.1776,0.63743,0.33823,0.14429
8.6379,-0.35518,3.5802,0.20783,-1.0876,0.21647,-0.78344,-0.19847,-0.74497,4.3241,6.2988,5.9577,-0.47084,-0.4452,0.53304,-0.4212,-0.82075,-0.67708,5.889,-5.7225,6.2493,0.025266,-0.39995,-0.040314,-0.44105,0.81361,-1.0829,-10.657,2.372,0.16294,0.21864,0.23843,-1.5029,0.20679,-0.75289,-0.13998,-13.392,1.0481,0.12688,-0.20361,0.41935,-2.1914,0.58917,0.37914,0.1829
9.8756,0.51577,1.872,0.22591,-0.17039,0.046634,-0.80723,-0.20639,-0.71593,5.0866,6.143,5.5729,-0.36233,-0.36415,0.49267,-0.45076,-0.8024,-0.69058,5.7166,-5.9545,6.1114,-0.055921,-0.44441,-0.11829,-0.46387,0.80911,-1.0856,-9.1506,-0.51201,-0.93646,0.42769,0.28331,-1.168,0.25026,-0.72731,-0.10911,-12.34,2.4804,1.366,0.95744,0.40156,-2.3776,0.54366,0.40955,0.21789
8.8212,0.26832,2.8919,-0.23193,0.33626,-0.11674,-0.80398,-0.20684,-0.71924,5.3159,5.8613,5.189,-0.41629,-0.29416,0.39122,-0.46723,-0.79261,-0.70129,5.847,-5.811,4.3898,-0.051496,-0.3792,-0.10305,-0.48031,0.80261,-1.0905,-10.188,0.016657,-2.8259,0.66639,0.38364,-1.4063,0.29044,-0.69806,-0.071071,-11.036,3.8979,0.11462,1.7147,0.78535,-2.6652,0.49543,0.44468,0.25583
7.2994,0.12348,3.2673,-0.18158,0.37305,-0.20452,-0.78834,-0.2046,-0.73294,5.7872,4.7806,6.0326,-0.45991,-0.30517,0.14962,-0.48268,-0.77713,-0.71359,5.8604,-5.3506,4.8563,-0.021249,-0.18173,-0.036333,-0.49446,0.79944,-1.092,-9.4889,-2.7797,-0.53568,1.4477,0.40518,-1.5178,0.34373,-0.65853,-0.016254,-10.182,3.9319,-0.072546,2.2672,0.79534,-2.2652,0.42863,0.51412,0.27518
6.8199,-0.31805,3.4995,0.017473,-0.33481,-0.14015,-0.78835,-0.20918,-0.73331,5.2217,5.1052,5.6078,-0.34191,-0.13249,-0.093254,-0.48552,-0.76681,-0.72639,5.9968,-5.2246,4.5921,-0.019277,0.023673,0.027735,-0.49544,0.79707,-1.0941,-9.4894,-0.25583,-1.5512,1.0714,0.027108,-1.5976,0.3941,-0.60812,0.034161,-8.0011,5.1127,-1.0185,2.3947,0.35403,-1.4899,0.37212,0.58319,0.25659
7.5659,-0.26382,3.2594,0.04325,-0.36242,-0.05147,-0.79765,-0.21384,-0.72715,5.1665,5.0997,5.2575,-0.16842,-0.021122,-0.27462,-0.48379,-0.76344,-0.73663,5.7779,-5.464,4.6859,0.011217,0.24251,0.17651,-0.48896,0.79977,-1.0941,-10.208,-1.4287,-1.4968,0.32642,0.13574,-1.6572,0.44771,-0.55303,0.065815,-5.8437,5.9436,-2.2944,1.5105,0.40516,-0.72862,0.3263,0.64403,0.21863
7.8629,-0.51801,3.245,-0.007608,-0.14763,0.030549,-0.80529,-0.21295,-0.71938,5.7371,5.2218,6.0538,-0.16268,0.14738,-0.40701,-0.47716,-0.76355,-0.74475,5.7265,-5.4861,4.9495,0.020292,0.36837,0.32778,-0.46564,0.808,-1.0963,-10.301,0.15343,0.24001,0.357,-0.13529,-1.7001,0.49546,-0.49448,0.077262,-5.9294,3.7518,-1.4189,1.1501,0.17016,0.15997,0.3086,0.66877,0.17874
8.0548,-0.74311,3.5807,-0.096337,0.017601,-0.003998,-0.81504,-0.20962,-0.71144,5.1932,5.646,5.5761,-0.072728,0.23854,-0.58071,-0.45808,-0.76924,-0.74707,5.8141,-5.5843,5.2948,0.15223,0.53506,0.40335,-0.43353,0.81643,-1.0997,-10.606,3.5172,-1.0901,0.71303,-0.028004,-1.3643,0.53402,-0.44351,0.093061,-5.3139,-7.5579,4.447,-0.023761,1.7091,0.061232,0.30638,0.67339,0.16146
8.857,-1.1436,3.9348,0.018477,-0.25105,-0.082857,-0.82147,-0.21066,-0.70825,5.0164,5.4456,5.9046,-0.11152,0.30635,-0.80327,-0.43389,-0.77839,-0.75278,5.8732,-6.3485,6.062,0.21144,0.60902,0.29575,-0.39355,0.82292,-1.1053,-10.192,4.2991,-1.1802,0.5499,0.17994,-1.0468,0.55833,-0.40348,0.10694,-15.597,-10.272,1.7637,1.3164,0.76322,-1.0173,0.26635,0.69355,0.16606
10.996,-0.90351,4.4524,0.2703,-0.64236,-0.17726,-0.83979,-0.21847,-0.68535,4.6508,5.9536,6.6337,-0.010154,0.28508,-0.77395,-0.40542,-0.78867,-0.75335,5.6871,-7.3581,6.3701,0.15946,0.56538,-0.10817,-0.35797,0.81781,-1.1115,-10.974,1.2931,-0.37489,1.1168,0.16911,-0.88679,0.57739,-0.37221,0.12163,-9.1338,-5.7135,1.1382,-0.78458,-0.1243,-0.38622,0.23895,0.70935,0.16803
12.064,-0.2304,4.4052,0.47659,-0.27668,-0.36902,-0.84888,-0.23585,-0.67063,3.6076,5.9255,6.4522,0.070427,0.19223,-0.6437,-0.38075,-0.80188,-0.75562,4.4586,-6.9484,6.1145,-0.31185,0.34575,-0.58903,-0.34199,0.81667,-1.1086,-11.723,2.8973,-0.93932,1.0931,-0.15934,-0.2852,0.58567,-0.35089,0.13379,-8.4713,-1.0607,-3.8202,-1.0931,0.03856,0.40017,0.24373,0.70538,0.20485
11.523,1.2465,2.9336,0.43955,0.22284,-0.40504,-0.84633,-0.26445,-0.66067,3.9107,7.3327,6.7132,0.21982,-0.004714,-0.31673,-0.3722,-0.81749,-0.7451,3.7088,-6.2906,6.9058,0.027423,0.019731,-0.93215,-0.36237,0.81541,-1.0973,-12.535,7.2405,-0.26269,0.53599,-0.46316,0.39126,0.58738,-0.36029,0.13235,-13.794,-4.6374,13.678,3.0667,-0.76658,1.0069,0.24708,0.71564,0.18076
10.743,0.91839,1.3291,0.312,0.57214,-0.16612,-0.8347,-0.28668,-0.66364,4.4295,6.9224,8.2964,0.23499,-0.11644,-0.13242,-0.37212,-0.82646,-0.73569,4.9476,-5.1544,6.1836,0.54552,-0.18745,-0.86792,-0.40186,0.78505,-1.0997,-9.9138,4.4337,6.3947,0.39492,-0.73053,0.70671,0.5806,-0.39466,0.11926,-10.071,3.6889,-1.4143,0.28376,-0.63781,0.013851,0.25154,0.72706,0.14177
10.816,2.2066,1.353,0.38702,0.37029,0.064717,-0.82354,-0.29421,-0.67255,5.2125,5.798,6.2184,0.078454,-0.43556,-0.019084,-0.38091,-0.83019,-0.7325,7.4595,-4.0614,6.9165,0.43916,-0.36509,-0.48696,-0.44171,0.74849,-1.1091,-12.169,-4.9449,-1.7575,0.70893,-0.4005,1.7745,0.5502,-0.45644,0.10721,-15.08,12.909,0.18414,-1.7682,0.92287,1.1419,0.2771,0.69264,0.19769
9.5791,2.077,1.0444,-0.10253,-0.26632,0.092179,-0.82094,-0.29747,-0.67084,4.2114,6.3401,5.9523,0.048555,-0.52615,0.042818,-0.39342,-0.836,-0.72948,6.3548,-4.6716,6.485,0.002231,-0.35477,-0.31734,-0.46617,0.72873,-1.115,-16.476,-0.74263,-1.1509,0.56246,-0.30107,2.1644,0.49393,-0.53856,0.10365,-9.7307,-1.5469,-4.0818,-0.97601,-0.045426,1.7349,0.34896,0.62457,0.20339
10.402,0.38288,2.5614,-0.69036,-0.74679,0.15009,-0.82742,-0.2756,-0.66542,4.2238,7.0315,5.8462,0.016382,-0.45499,0.08357,-0.41113,-0.83709,-0.72221,5.5678,-5.5739,5.5598,-0.081706,-0.35264,-0.29476,-0.49816,0.71638,-1.1167,-13.92,-1.2498,-1.1665,-0.80924,-0.043397,2.3989,0.4114,-0.63323,0.095058,-11.989,-1.6692,-0.25111,-1.5755,0.060117,1.2877,0.4086,0.57558,0.15865
9.6634,-0.48092,1.461,-0.10002,0.20055,0.2944,-0.83747,-0.26033,-0.65533,4.0683,6.0606,6.0814,0.1613,-0.35361,0.29528,-0.43106,-0.83436,-0.71962,5.6763,-5.0865,5.7219,-0.13371,-0.33369,-0.28587,-0.52346,0.71065,-1.1126,-12.101,-7.6541,-1.168,-1.6098,-0.002813,2.5019,0.32393,-0.70894,0.058294,-9.2806,-1.2959,-3.8495,-1.7991,0.3284,1.4154,0.4517,0.53352,0.16025
7.8231,-0.15682,1.9117,0.10527,0.59472,0.41322,-0.83489,-0.24363,-0.6609,5.7264,5.2647,5.2131,-0.036521,-0.20743,0.2525,-0.44148,-0.82786,-0.72108,6.6501,-4.223,4.8733,-0.029441,-0.22648,-0.24453,-0.53373,0.71022,-1.1084,-8.5573,-5.8972,-1.9239,-1.4195,0.36315,2.4817,0.24738,-0.75336,0.028517,-8.8276,-0.92106,-0.55422,-0.50181,0.093133,1.6113,0.49485,0.50112,0.16063
6.2691,0.46423,1.6205,0.16036,0.30788,0.33504,-0.82537,-0.23328,-0.67027,4.8867,5.6305,4.7917,-0.047298,-0.077524,-0.042934,-0.44924,-0.82579,-0.7191,6.6112,-4.2374,4.8631,0.015085,0.029012,-0.087648,-0.54026,0.70672,-1.1044,-7.0861,-3.887,-0.65125,-0.60674,0.1694,2.1649,0.17743,-0.78695,0.002361,-8.6077,-3.4748,-1.0952,0.41058,-0.039401,1.8017,0.54264,0.47065,0.1353
6.4491,1.2147,2.5518,0.22215,-0.18864,0.066488,-0.82347,-0.22836,-0.66904,4.8951,5.7815,5.1521,-0.10933,0.12644,-0.37031,-0.44045,-0.82836,-0.72114,6.239,-4.7215,5.1006,0.036694,0.24687,0.06016,-0.53248,0.7077,-1.1033,-5.1819,-3.7528,-0.4481,-0.58835,0.15942,1.7625,0.12686,-0.80468,-0.02384,-9.6101,-2.7607,-1.0355,-0.17652,0.15309,1.4033,0.58169,0.43729,0.12195
7.7272,2.3872,3.1659,0.11895,-1.3511,-0.09444,-0.83754,-0.23035,-0.65065,4.8986,5.7439,5.3949,-0.02842,0.42495,-0.57746,-0.42317,-0.82929,-0.7248,6.0343,-4.689,5.1312,-0.070018,0.44432,0.19993,-0.51738,0.70854,-1.103,-6.1902,-3.8606,-0.7233,-1.0597,0.18222,1.2861,0.080435,-0.80892,-0.083309,-9.5767,-0.39091,-1.6411,-0.2514,0.36619,1.0556,0.60831,0.41635,0.1172
9.7676,1.8391,2.7601,-0.058714,-0.75225,-0.21109,-0.8663,-0.23704,-0.60805,3.7962,7.1933,5.5017,0.20722,0.44446,-0.51526,-0.39815,-0.84141,-0.72039,6.1156,-4.0372,5.5758,-0.11469,0.56753,0.26909,-0.48671,0.7213,-1.098,-7.2979,-2.4194,1.4734,-1.4184,0.30168,0.49145,0.060258,-0.80172,-0.13504,-9.4247,0.93787,-1.62,-0.45728,0.19007,1.4239,0.63458,0.38273,0.12161
10.348,1.4796,2.5831,-0.26719,0.049019,-0.055186,-0.88594,-0.23375,-0.58488,4.1957,6.7714,5.9931,-0.10514,0.51056,-0.37448,-0.3739,-0.84791,-0.71998,5.9015,-4.5302,6.2265,0.031242,0.55536,0.45459,-0.4481,0.73952,-1.0935,-10.319,3.4994,3.4619,-1.5187,1.057,0.6146,0.059771,-0.78528,-0.18486,-9.5515,-3.1166,-1.8497,-0.56023,-0.089965,1.3736,0.66024,0.34185,0.13082
10.436,1.7126,3.4059,-0.33652,0.36588,-0.007338,-0.87931,-0.22515,-0.59911,3.9117,6.8724,6.6479,0.022584,0.52814,-0.24564,-0.35141,-0.84712,-0.7198,5.6393,-5.448,6.9182,0.19627,0.39481,0.59381,-0.40921,0.74907,-1.0936,-11.165,9.999,-2.2937,0.29795,0.33489,0.5287,0.044783,-0.78078,-0.19931,-11.887,-2.9364,-1.1342,-0.81474,0.058501,0.98014,0.6784,0.30568,0.13788
11.129,1.736,3.546,-0.23424,0.022372,0.012564,-0.87805,-0.21713,-0.60682,3.561,7.7287,7.0579,0.20659,0.37756,0.057109,-0.33739,-0.85041,-0.71769,5.4002,-5.5035,7.3653,-0.023874,0.14344,0.51083,-0.38278,0.75796,-1.096,-9.2625,7.9341,1.9854,0.42617,0.12425,0.17931,0.040535,-0.78439,-0.19192,-10.689,-2.7184,-0.99386,-0.90201,-0.11685,0.5879,0.68806,0.28176,0.14848
12.264,0.85862,3.9443,-0.20544,-0.11898,0.093569,-0.8706,-0.21238,-0.6206,3.4567,7.547,6.5461,0.16752,0.17281,0.38084,-0.3403,-0.85122,-0.71218,5.395,-5.1679,7.1003,-0.1318,-0.14331,0.35913,-0.37214,0.76969,-1.0924,-10.166,-1.0815,-2.0065,0.12186,0.66659,-0.45514,0.062905,-0.78027,-0.21275,-11.228,-2.7012,-0.94316,-1.1045,-0.13696,0.07114,0.69102,0.2645,0.15395
12.009,-0.28205,2.5698,-0.2355,0.54437,0.11973,-0.86467,-0.19949,-0.63792,3.5864,6.3552,6.3471,0.12378,-0.04862,0.62263,-0.3506,-0.84881,-0.70483,5.2209,-5.6614,6.6319,-0.007843,-0.43189,0.093639,-0.37849,0.77453,-1.0922,-8.7593,11.515,1.579,-2.8554,-0.61156,-0.48098,0.089279,-0.75867,-0.27562,-11.111,-5.2008,0.27707,-1.4536,-1.2109,-0.40725,0.69032,0.26297,0.1511
11.16,-0.73074,1.6204,-0.12424,1.0879,-0.033082,-0.85205,-0.19544,-0.65626,3.4581,6.798,7.0069,-0.087025,-0.16313,0.54734,-0.36551,-0.84203,-0.70383,5.5276,-5.8731,7.3297,0.071234,-0.74414,-0.004008,-0.40231,0.77684,-1.0925,-10.704,-9.2759,-1.1457,-0.54027,0.76775,-0.77552,0.10242,-0.74671,-0.3077,-9.507,-5.9495,2.9389,-1.7255,-1.3776,-1.2061,0.68545,0.27753,0.14212
8.9159,-0.7287,1.9093,0.3306,1.1001,-0.060993,-0.81747,-0.205,-0.69429,4.7713,5.6636,5.9575,0.035207,-0.22514,0.49981,-0.38771,-0.83053,-0.70834,6.1216,-5.1168,6.4259,-0.00619,-0.94643,0.045203,-0.44447,0.77002,-1.0981,-10.971,-4.7834,-3.369,1.0579,0.60533,-1.2557,0.14283,-0.74917,-0.27253,-10.113,2.0508,-2.8237,-0.71537,-0.43986,-2.0545,0.66404,0.30729,0.14493
7.7502,-1.0334,2.637,0.28851,0.014219,0.034727,-0.79974,-0.21499,-0.70902,4.6142,5.8346,4.7229,-0.083776,-0.10889,0.41245,-0.40283,-0.82607,-0.7068,6.0214,-5.4673,4.6287,0.14564,-0.87747,0.013698,-0.48319,0.76103,-1.1045,-9.287,-0.21183,-1.1196,0.19061,0.56333,-1.6081,0.19645,-0.73674,-0.22959,-16.749,1.4489,-1.2643,-0.75209,0.23576,-2.1825,0.62461,0.35188,0.16936
9.4313,-0.039584,2.7155,0.46568,-0.78944,-0.014237,-0.80184,-0.2237,-0.70422,4.1236,6.4805,5.4907,0.044545,0.085034,0.39911,-0.41529,-0.82023,-0.70335,6.0642,-6.0983,4.3958,0.13045,-0.60934,-0.16422,-0.52509,0.74498,-1.1099,-11.476,-0.95978,-0.067457,0.65195,0.37384,-1.3826,0.25553,-0.70409,-0.21178,-13.86,-0.46575,-0.14502,0.17589,0.36491,-2.3036,0.58182,0.38397,0.19209
10.511,1.2121,2.4483,0.53379,-0.28368,-0.12015,-0.81809,-0.24113,-0.67509,4.7488,7.0171,6.7874,-0.067584,0.16236,0.44068,-0.42666,-0.81251,-0.70308,6.1931,-5.9922,4.4131,-0.019672,-0.24613,-0.3473,-0.55047,0.73415,-1.1091,-9.4198,0.42958,-2.2107,1.0824,0.33699,-1.4224,0.30219,-0.68445,-0.15413,-12.701,2.8899,-0.093979,1.6376,0.23627,-2.7094,0.53598,0.41458,0.20281
