10.301,-1.7326,2.7923,0.72503,-0.14707,-0.29482,-0.79013,-0.058712,-0.49969,-0.04832,8.3786,4.8753,0.71165,-0.41406,0.81092,-0.46732,-0.60326,-0.40034,2.3182,-9.2557,5.0506,-0.51771,-0.43135,-1.6567,0.16618,0.68352,-0.76781,-10.991,3.4312,-2.0969,0.83122,-0.65828,-0.73114,0.67705,-0.25212,-0.027167,-8.8689,-0.59522,-0.016069,0.63337,0.6507,-0.25843,0.42691,0.42157,0.15749
10.091,-1.6521,3.4702,0.61595,-0.24896,-0.34194,-0.79656,-0.085846,-0.49655,-1.868,9.7219,4.8849,0.68528,-0.47832,1.0774,-0.49328,-0.57211,-0.34838,2.9555,-8.6132,5.1224,-0.55134,-0.10409,-1.783,0.12726,0.72432,-0.75865,-12.082,2.8879,-0.53519,0.072862,-0.57472,-0.4906,0.6879,-0.24043,-0.039484,-11.359,-6.7975,-0.3438,0.42183,0.27131,-0.31696,0.41486,0.43538,0.16502
10.093,-1.6357,3.0525,0.68071,-0.33536,-0.32509,-0.80342,-0.11071,-0.49144,1.8442,10.588,4.7002,0.67971,-0.38816,1.0698,-0.52511,-0.53673,-0.30626,2.2825,-8.4059,5.1624,-0.064606,-0.13511,-1.8489,0.09239,0.7545,-0.74886,-10.427,2.9963,-1.5749,-0.5669,-0.27621,-0.26011,0.69594,-0.23191,-0.051272,-7.9244,-0.39935,0.38888,0.16243,-0.35705,0.43293,0.40946,0.45168,0.16455
9.411,-0.99134,2.6039,0.73332,-0.27868,-0.26058,-0.81173,-0.13371,-0.48347,-0.86881,11.136,4.7711,0.63302,-0.47955,0.98929,-0.54895,-0.50911,-0.27081,4.5764,-7.6019,5.2809,0.08947,-0.067464,-1.6403,0.045325,0.76897,-0.75169,-10.149,3.0533,-0.59406,-0.90038,0.076404,0.048563,0.70241,-0.22786,-0.059336,-6.0486,1.4967,0.3958,-0.10642,-0.92926,0.83677,0.41792,0.45188,0.16653
8.7917,0.23789,2.1148,0.69749,-0.16681,-0.20734,-0.81841,-0.15584,-0.47998,1.206,10.703,5.5425,0.31289,-0.53447,0.68963,-0.57411,-0.48397,-0.24819,2.822,-7.142,4.3026,0.41341,-0.092262,-1.5062,0.006226,0.77153,-0.75629,-8.8932,4.4973,-0.36033,-0.34468,0.089363,0.31191,0.703,-0.23055,-0.066092,-7.123,-4.246,-0.78827,-0.65675,-1.3191,1.2251,0.43442,0.44503,0.16125
7.4379,0.45133,1.4718,0.52956,-0.14282,-0.27715,-0.82477,-0.17646,-0.47528,2.0156,10.112,4.3807,-0.015053,-0.73773,0.39695,-0.59743,-0.45831,-0.23946,3.8491,-7.0548,5.5195,0.37048,0.044766,-1.2716,-0.039541,0.76507,-0.766,-6.7871,6.9401,-1.4461,-0.54819,0.14157,0.58618,0.69926,-0.23639,-0.072521,-7.7343,-2.826,-0.1822,-1.3892,-0.87932,1.2084,0.4579,0.42373,0.17136
6.6058,0.43258,0.41339,0.29243,-0.10331,-0.22306,-0.83001,-0.19109,-0.46925,1.2466,8.6791,3.8785,-0.11893,-0.63596,-0.087498,-0.60811,-0.45996,-0.2386,4.7439,-5.567,4.7346,0.64029,0.082967,-0.78948,-0.069272,0.74748,-0.78211,-6.7929,6.3871,-1.9408,-0.95898,0.015518,0.92044,0.68892,-0.24479,-0.080166,-6.3891,-3.7224,-1.9697,-1.3202,-0.61398,1.081,0.47766,0.41046,0.18621
6.0059,0.8553,-0.35685,0.29034,0.17232,-0.23345,-0.8315,-0.20358,-0.46762,1.3422,10.038,3.6839,-0.1908,-0.5111,-0.79903,-0.6064,-0.47002,-0.24293,3.9502,-5.9514,4.6853,0.22966,0.25759,-0.31824,-0.08245,0.7394,-0.7916,-7.2284,3.3033,-0.19804,-0.28166,-0.24204,1.0788,0.67596,-0.252,-0.091071,-5.8225,-4.5266,-3.4713,-1.6502,-0.13581,0.99429,0.49082,0.39523,0.20985
6.6032,0.71991,-1.047,-0.075557,0.16146,-0.22659,-0.83319,-0.21257,-0.46736,1.0369,8.8065,3.5962,-0.42364,-0.31042,-1.416,-0.59186,-0.49601,-0.26107,4.8017,-5.3933,5.1481,0.5074,0.50923,0.19159,-0.077835,0.72537,-0.80253,-8.577,0.11491,0.55111,0.050197,-0.23456,1.4647,0.65341,-0.26466,-0.10346,-6.8863,-4.303,-4.0415,-1.3391,-0.033815,0.78121,0.50222,0.37473,0.23552
7.9375,0.87166,-0.91656,-0.67077,-0.009076,-0.17727,-0.83597,-0.21243,-0.462,0.98862,9.1608,4.0204,-0.56849,-0.14247,-1.9314,-0.5652,-0.53267,-0.29155,5.7879,-5.3898,5.7889,0.1508,0.76827,0.70423,-0.053515,0.71133,-0.8093,-8.773,-1.4118,-0.41151,0.2941,-0.081762,1.3314,0.62937,-0.27353,-0.11056,-8.7872,-4.3834,-2.0046,-0.77512,-0.19967,0.56705,0.51217,0.35926,0.25142
9.1788,0.63584,-0.005956,-1.0731,-0.014498,-0.16122,-0.83637,-0.19766,-0.45653,0.27833,9.3089,3.9875,-0.56955,0.1254,-2.2075,-0.52114,-0.58644,-0.33344,4.5981,-6.4525,5.9849,-0.098389,0.83572,1.23,-0.005647,0.70287,-0.80295,-10.507,-1.3431,-0.55145,0.58846,0.12466,1.3046,0.60079,-0.27779,-0.11633,-9.5689,-1.8118,-1.5103,-0.77988,-0.1981,0.63606,0.5208,0.34656,0.26406
9.9912,1.1296,0.86138,-0.8122,0.06445,-0.11911,-0.83259,-0.17962,-0.44998,-0.27392,9.1557,4.1049,-0.45082,0.29006,-2.3411,-0.46825,-0.63413,-0.37859,4.0036,-6.5468,6.0949,-0.25268,0.8072,1.3992,0.043564,0.69456,-0.78988,-10.927,-0.71641,-0.16294,0.86871,0.23908,1.4962,0.57632,-0.28134,-0.10859,-10.757,-0.49252,-1.228,-0.39515,-0.25097,0.72661,0.53116,0.32946,0.27261
11.003,1.207,1.72,-0.80111,0.19764,-0.038357,-0.82337,-0.15855,-0.4483,-0.65764,9.7211,4.0104,-0.23963,0.5541,-2.5317,-0.40742,-0.68249,-0.41578,2.4024,-7.9381,6.535,-0.092261,0.53494,1.3496,0.084364,0.686,-0.77146,-12.314,1.5736,-0.31334,0.51148,0.41906,1.7256,0.55459,-0.28467,-0.094056,-11.849,0.36179,-0.54941,0.10186,-0.35813,0.90513,0.54355,0.3181,0.26834
11.599,1.5103,2.495,-0.52772,0.1778,-0.067887,-0.81262,-0.13849,-0.45282,-1.2204,9.3127,3.7572,-0.17894,0.66552,-1.792,-0.33384,-0.72951,-0.46109,2.3999,-7.8895,6.5072,0.5079,0.2495,1.1263,0.10889,0.65732,-0.76159,-13.937,2.0618,-0.21893,-0.35083,0.41127,1.7177,0.53202,-0.28722,-0.093016,-12.999,1.8362,0.17469,0.13828,-0.52017,1.0247,0.56077,0.30222,0.26417
12.508,1.797,3.0707,-0.69811,0.16945,-0.073426,-0.80171,-0.11445,-0.4619,-1.4328,9.7741,3.6049,-0.034841,0.59507,-0.93276,-0.2752,-0.76549,-0.49837,1.8022,-7.7174,6.9768,0.41979,-0.002343,0.66096,0.11624,0.62491,-0.75325,-13.391,1.6466,-0.85274,-0.98505,0.3324,1.4549,0.51607,-0.27641,-0.10319,-13.106,0.84929,0.57364,0.50225,-0.59311,1.1166,0.58128,0.28458,0.25407
12.687,1.8034,2.9677,-0.78388,0.040073,-0.074798,-0.79102,-0.090702,-0.47005,-0.45826,9.6188,3.6029,-0.10533,0.51248,0.10077,-0.23139,-0.80091,-0.53207,0.89617,-7.5657,6.1903,0.63199,-0.29764,0.059812,0.10467,0.58955,-0.74091,-12.222,0.87982,-1.106,-0.72858,0.14833,1.3493,0.50547,-0.26338,-0.11273,-13.646,1.4493,-1.5405,0.45188,-0.44626,1.1061,0.59987,0.26799,0.24152
11.88,1.3733,2.8469,-0.948,0.045505,-0.000363,-0.78597,-0.065325,-0.47923,-1.2096,10.011,3.2623,0.45213,0.49332,0.62951,-0.21409,-0.83236,-0.54323,0.78778,-6.7585,5.9325,0.60793,-0.65756,-0.55736,0.068918,0.55749,-0.73417,-10.717,1.7764,-0.64911,-0.8759,0.2084,1.0799,0.50378,-0.25363,-0.12014,-13.482,1.0696,-2.114,-0.42361,-0.46091,1.251,0.61673,0.24175,0.23964
10.477,0.88127,2.7211,-1.0527,-0.021235,0.081698,-0.7819,-0.040111,-0.48671,0.38268,8.6746,3.3194,0.35648,0.18411,1.1036,-0.22652,-0.86734,-0.54236,-0.5809,-7.5324,6.6587,0.17932,-0.89058,-0.86262,0.02412,0.53451,-0.72212,-9.9284,2.394,-0.5289,-0.58585,0.24188,0.89846,0.50558,-0.24824,-0.12124,-11.985,0.21833,-2.0686,-1.4212,-0.62469,1.2445,0.63241,0.20854,0.24022
9.7929,0.82227,2.1709,-1.1163,-0.053911,0.10993,-0.7856,-0.007594,-0.49041,2.1666,8.8456,3.9921,-0.00403,0.022461,1.4297,-0.25749,-0.89742,-0.54117,-1.8814,-8.0289,6.9166,-0.2259,-0.96076,-0.93077,-0.027475,0.52281,-0.70006,-9.1229,5.2792,-1.041,-0.6209,0.40177,0.90187,0.50609,-0.25364,-0.11729,-11.239,-1.3234,-2.2245,-1.7126,-0.66924,1.0999,0.64739,0.16773,0.24264
9.7006,0.36978,2.5105,-1.0374,-0.28613,0.004322,-0.78862,0.020472,-0.49126,2.2179,8.4254,3.6649,-0.054387,-0.089201,1.3815,-0.28928,-0.91424,-0.54326,-0.75141,-7.5143,6.558,-0.33985,-1.0858,-1.1057,-0.082789,0.51357,-0.67688,-9.7056,2.9842,0.22521,-0.952,0.15414,0.70384,0.50842,-0.25945,-0.10959,-10.298,-3.3093,-1.6761,-1.2528,-0.73311,0.57887,0.66147,0.13573,0.23788
9.4628,0.13743,1.8059,-0.87318,-0.25899,-0.006581,-0.7962,0.045267,-0.48813,2.6626,8.7724,3.1005,-0.047978,-0.056099,1.3008,-0.32826,-0.92806,-0.53906,-1.9116,-9.2465,7.5681,-0.50791,-0.99973,-1.0055,-0.14542,0.50804,-0.64904,-4.4504,-0.48446,0.73221,-1.1844,0.10554,-0.19035,0.51092,-0.26166,-0.11626,-9.5044,-3.1241,-2.3046,-0.18072,-0.43401,0.20611,0.67133,0.11847,0.23231
9.4161,-0.39478,1.6081,-0.73959,-0.50513,0.031107,-0.80575,0.063577,-0.47704,3.2738,8.6783,3.4878,-0.51093,-0.13019,1.3443,-0.36611,-0.92566,-0.54688,-1.5606,-7.4621,6.7698,-0.26387,-1.0366,-0.82131,-0.19533,0.49994,-0.63101,-5.3532,-0.35612,1.4717,0.32065,0.61506,-0.93662,0.50897,-0.2582,-0.11244,-9.4743,-2.824,-2.6918,0.72606,-0.24426,-0.05899,0.67629,0.12319,0.22144
9.9095,-0.48442,0.79804,-0.44386,-0.38478,0.078421,-0.8165,0.076644,-0.46649,4.6277,8.8352,3.0861,-0.26247,0.12765,1.2087,-0.39678,-0.91622,-0.55948,0.89257,-9.1472,7.8851,-0.3497,-0.99133,-0.47813,-0.23327,0.49062,-0.61511,-7.9624,2.1626,2.8721,1.3227,0.57382,-0.87616,0.50659,-0.26241,-0.10171,-9.2325,-2.0967,-1.6623,0.92832,-0.2253,-0.21415,0.67667,0.13534,0.20712
8.7039,-0.42801,0.22226,-0.27245,-0.1566,0.10671,-0.82487,0.086094,-0.46102,3.5261,9.3333,3.383,0.065965,0.4651,0.96939,-0.40948,-0.91362,-0.54495,1.12,-7.5725,6.6412,-0.012369,-0.78232,-0.072578,-0.26208,0.48427,-0.60761,-7.3339,2.444,0.73861,2.2124,-0.37995,-0.59605,0.49822,-0.28914,-0.094722,-6.8273,-5.0743,-3.5944,1.2552,-0.076291,-0.67443,0.67371,0.15269,0.19312
7.2726,-0.68212,-0.051359,-0.17634,0.056122,0.14498,-0.82648,0.093951,-0.46113,3.5909,7.0049,4.5563,-0.28962,0.39425,0.7387,-0.4226,-0.90965,-0.53798,1.1605,-8.008,5.7448,0.047201,-0.49536,0.48271,-0.27158,0.48436,-0.60647,-6.2176,2.9446,-3.1559,1.9314,-0.39183,-0.75069,0.48996,-0.32341,-0.084451,-7.0088,-5.8635,-4.0926,1.9216,-0.045343,-0.95253,0.66469,0.18129,0.17253
6.7353,-1.179,-0.68535,-0.13313,0.23416,0.23811,-0.82503,0.10229,-0.46114,4.2866,6.9878,4.0793,0.059838,0.49356,0.29274,-0.43108,-0.90653,-0.52685,0.60961,-7.8448,5.6456,0.083352,-0.061252,1.0682,-0.25882,0.49131,-0.61292,-6.1215,5.1112,-4.8292,0.98002,0.022047,-0.71299,0.49073,-0.35069,-0.061527,-7.4547,-4.6872,-2.3638,1.9813,0.037528,-1.3825,0.64684,0.21795,0.14636
6.6218,-1.6074,-0.77852,0.12659,0.40861,0.28875,-0.81967,0.11018,-0.47005,4.0826,6.0212,4.4187,0.005765,0.56506,-0.21077,-0.42384,-0.90791,-0.51762,0.17122,-7.8373,5.4041,0.1681,0.37824,1.636,-0.21833,0.50424,-0.62553,-6.3169,5.93,-3.5135,0.45972,0.097764,-0.6002,0.49297,-0.36765,-0.046493,-8.661,-1.1155,-1.0449,0.5485,0.72118,-1.3577,0.62403,0.24449,0.13565
8.1919,-1.9914,-0.53038,0.25239,0.31366,0.39892,-0.81317,0.11718,-0.47491,4.2131,6.951,4.657,0.097337,0.73896,-0.53055,-0.40287,-0.90809,-0.51518,-0.50455,-9.0148,5.8984,0.25653,0.87609,2.0696,-0.15813,0.51608,-0.64162,-7.5743,2.5757,-2.4622,0.6433,-0.038212,-0.4429,0.49444,-0.37721,-0.040916,-10.651,-0.00233,-0.56004,0.000575,1.0885,-1.2879,0.60219,0.26216,0.14016
9.2918,-2.2185,0.32699,0.26,0.42272,0.4132,-0.80449,0.12324,-0.47901,3.8815,7.9897,4.4508,0.21585,0.69207,-0.82691,-0.37585,-0.90951,-0.50383,-0.6866,-8.2281,6.322,0.11268,1.2548,2.3405,-0.072785,0.52583,-0.66038,-8.96,1.91,-2.4143,0.48744,-0.069077,-0.50675,0.4957,-0.38985,-0.024763,-11.684,0.42594,0.11095,-0.60154,1.0075,-1.3824,0.57459,0.27223,0.15492
10.248,-2.815,1.2405,0.38495,0.39463,0.35251,-0.79386,0.12109,-0.48405,3.7595,7.6576,4.9345,0.099633,0.65267,-0.88668,-0.34775,-0.90502,-0.49564,-2.2205,-8.8807,6.2906,-0.22201,1.532,2.379,0.028007,0.53739,-0.67212,-10.184,1.5013,-2.6785,0.072647,-0.036387,-0.67602,0.5017,-0.39707,-0.014931,-14.179,-0.40026,0.46249,-0.49943,0.77812,-1.1261,0.55129,0.27659,0.16966
11.026,-3.2262,2.4897,0.50517,0.33798,0.29468,-0.78077,0.11265,-0.49054,2.8886,7.9285,4.5999,0.19783,0.6198,-0.8789,-0.31604,-0.89158,-0.48353,-3.0307,-8.0456,5.9802,-0.51345,1.4811,1.8998,0.13835,0.54776,-0.67905,-12.029,0.099811,-2.8641,-0.32577,-0.024633,-0.97622,0.51384,-0.39803,-0.007178,-14.051,-0.5022,1.6746,0.19034,0.45653,-1.3724,0.52544,0.27865,0.17447
12.156,-3.5627,2.8467,0.63664,0.36125,0.2666,-0.77167,0.09879,-0.49982,2.7385,8.2267,4.6125,0.19659,0.41624,-0.70834,-0.29705,-0.87255,-0.46653,-4.2914,-8.7477,5.6946,-0.32067,1.2683,1.1167,0.22403,0.55871,-0.67596,-12.85,-1.5672,-3.1414,-0.45745,0.023199,-1.353,0.53036,-0.393,-0.004066,-14.023,-0.88602,0.31442,1.4584,1.2059,-1.6437,0.5031,0.29522,0.16831
11.945,-3.5201,3.7406,0.91405,0.3755,0.18578,-0.75811,0.08242,-0.51291,1.4385,8.6526,4.796,0.07538,0.23652,-0.32344,-0.28784,-0.84862,-0.44743,-2.0638,-8.6409,4.9392,-0.50294,0.78175,0.19141,0.27122,0.57334,-0.67546,-14.198,-0.43715,-2.0518,-0.37417,-0.029212,-1.7016,0.55389,-0.38012,-0.001298,-13.183,-0.44912,0.28496,1.4591,1.1182,-1.7116,0.48415,0.31765,0.15358
10.926,-3.1045,3.7505,1.2541,0.20323,0.094786,-0.74972,0.054788,-0.52584,0.80624,9.061,3.6251,-0.24816,-0.08282,0.08914,-0.30044,-0.81143,-0.43224,-1.6343,-8.7489,4.4391,-0.1292,0.17179,-0.6492,0.28762,0.59954,-0.68189,-12.975,1.0922,-2.5541,-0.29825,-0.18761,-1.9486,0.58492,-0.35797,0.000362,-10.86,0.099377,0.54233,1.282,0.91844,-1.3355,0.46983,0.33683,0.14182
9.3377,-2.1186,3.0735,1.3913,0.029419,0.005275,-0.7485,0.01676,-0.53166,0.3161,8.5483,4.3537,-0.72104,-0.25419,0.46634,-0.33207,-0.7655,-0.42499,-0.56332,-8.3546,4.9179,0.40475,-0.27203,-1.1173,0.27451,0.62042,-0.70503,-12.682,2.9998,-1.0948,0.41799,-0.46578,-1.8397,0.61656,-0.32844,-0.00058,-8.756,-0.7032,0.80729,0.79352,0.60546,-1.1835,0.46029,0.35627,0.13602
8.6615,-1.6982,3.0412,1.3048,-0.12533,-0.075399,-0.75142,-0.023849,-0.53548,0.3797,7.8187,3.8355,-0.18025,-0.2635,0.48485,-0.36696,-0.71503,-0.41036,-0.70168,-7.6489,5.6858,0.13805,-0.31235,-1.2165,0.24483,0.63707,-0.73492,-12.044,3.7891,-0.94775,0.84862,-0.95934,-1.5015,0.64741,-0.29439,-0.005748,-8.2856,-1.5417,0.70092,0.53703,0.63228,-0.9586,0.44415,0.38042,0.13822
9.1213,-1.9261,3.5356,0.98621,-0.3439,-0.18609,-0.7579,-0.059048,-0.52856,0.14825,9.5051,4.0314,0.39371,-0.10532,0.46249,-0.38452,-0.67923,-0.37458,1.6008,-8.5232,4.8167,-0.59721,-0.43176,-1.2736,0.21818,0.67384,-0.74438,-10.735,4.0421,-2.8124,1.1631,-0.73665,-1.1215,0.66941,-0.26963,-0.012353,-7.6891,-6.0911,-2.1624,0.10451,0.49954,-0.71072,0.43173,0.40486,0.14265
9.658,-2.0919,3.1656,1.0286,-0.43271,-0.24034,-0.76909,-0.091032,-0.51504,-1.6992,8.3548,3.327,0.56322,0.017832,0.4657,-0.38377,-0.65863,-0.33078,2.8832,-8.7329,4.4535,-0.51428,-0.34332,-1.4849,0.18866,0.71051,-0.7458,-12.329,3.6336,-1.6886,0.29712,-0.64112,-0.62584,0.68117,-0.25727,-0.022411,-12.387,-4.0338,1.0955,0.10386,0.21268,-0.81367,0.41568,0.42398,0.15247
10.916,-1.2028,2.4498,1.0211,-0.73668,-0.3356,-0.78682,-0.12531,-0.49469,-3.2268,10.889,3.7594,1.2779,0.13149,0.66147,-0.38932,-0.63901,-0.28148,3.3743,-8.2869,4.8052,-0.19964,-0.066767,-1.5403,0.15088,0.74305,-0.74151,-11.47,3.9353,-1.2815,-0.12086,-0.36091,-0.35739,0.69148,-0.24771,-0.035273,-6.319,0.69654,1.0091,0.16271,-0.35106,-0.12767,0.40599,0.44733,0.14896
11.935,-0.6136,1.2527,0.81786,-0.38805,-0.237,-0.80065,-0.15574,-0.47583,-5.0332,10.86,3.6704,1.0937,-0.13058,0.92981,-0.40233,-0.62513,-0.22757,2.7188,-9.5651,4.573,-0.68539,0.15896,-1.5628,0.11689,0.77073,-0.73173,-10.419,4.1514,-1.7558,-0.39406,-0.13907,-0.0338,0.69434,-0.24068,-0.046649,-5.5574,0.67973,-1.6151,-1.0219,-0.38329,0.48789,0.39986,0.45782,0.15371
10.523,0.27851,1.4493,0.60706,-0.081548,-0.12653,-0.80866,-0.17593,-0.4672,-1.0588,10.655,5.9636,0.73037,-0.73184,1.0868,-0.44289,-0.60392,-0.17918,3.0874,-10.626,5.9271,0.25769,-0.024301,-1.7308,0.070464,0.80244,-0.71416,-9.4166,3.8922,-1.5928,-0.37937,-0.091905,0.19587,0.69635,-0.24091,-0.054652,-8.9034,-3.7803,0.86374,-1.9547,-1.0908,0.77299,0.40236,0.44949,0.18454
8.6714,-0.59392,1.0267,0.32528,0.11824,-0.030422,-0.81015,-0.18585,-0.47052,0.86178,11.554,4.5457,0.40162,-1.0498,0.7717,-0.47829,-0.57955,-0.15465,3.4299,-6.987,5.4533,0.74869,0.057967,-1.523,0.028457,0.79512,-0.72918,-7.337,6.1877,-1.531,-0.62217,0.096123,0.72171,0.69128,-0.24703,-0.063495,-7.2995,-1.1377,-2.9343,-1.7725,-1.2537,1.022,0.41601,0.43872,0.20667
7.2876,-0.12322,0.9521,0.19201,0.17937,-0.13313,-0.8069,-0.19407,-0.477,-1.1174,9.7438,2.8728,0.18118,-1.1219,0.20341,-0.50388,-0.56478,-0.14908,4.3295,-5.5823,4.9291,0.29906,-0.066048,-1.0994,-0.002511,0.78465,-0.74228,-8.0785,5.5137,-0.6899,-0.80932,0.18332,1.2393,0.68173,-0.25881,-0.069922,-6.8811,-1.0149,-4.421,-1.3845,-0.84596,1.0851,0.43301,0.42202,0.22295
6.4418,0.4486,0.44209,0.30748,0.4437,-0.12326,-0.80141,-0.19908,-0.48408,-0.31399,10.268,2.1511,-0.22825,-1.0762,-0.42945,-0.51398,-0.56922,-0.14994,4.9445,-5.7319,4.1293,-0.27851,0.37014,-0.46665,-0.017024,0.79069,-0.73566,-8.8991,2.9483,0.45933,-0.11553,-0.23603,1.446,0.66322,-0.27951,-0.080534,-6.5844,-3.2006,-3.5553,-1.2092,-0.30935,1.1823,0.45425,0.40164,0.24589
6.0152,1.4317,-0.024767,0.19751,0.71493,-0.12826,-0.78983,-0.20839,-0.49635,0.15404,9.643,3.1086,-0.30051,-0.82469,-1.0819,-0.50781,-0.5874,-0.15859,4.0512,-4.7216,3.8293,-0.84489,0.57487,0.2298,-0.004971,0.80696,-0.71339,-8.5942,-1.0854,0.47735,0.118,-0.2488,1.5475,0.64019,-0.2964,-0.092541,-6.6143,-3.6895,-2.5412,-0.62224,-0.23077,0.88835,0.47114,0.38648,0.26451
7.0574,1.3261,0.21373,-0.73809,0.29054,-0.2042,-0.77624,-0.20146,-0.51067,-0.68563,9.8777,3.2236,-0.44071,-0.76467,-1.6959,-0.47357,-0.62507,-0.1832,4.6764,-6.4132,5.5796,-0.24032,0.69902,0.73856,0.018326,0.81209,-0.69273,-8.5105,-1.6823,-0.18807,0.58811,-0.008341,1.4696,0.6095,-0.31559,-0.098241,-7.7813,-2.6974,-2.7076,-0.54522,-0.17444,0.80762,0.48717,0.37188,0.27874
8.381,1.1857,1.1778,-1.291,0.10588,-0.13103,-0.77119,-0.17641,-0.51718,-0.95328,9.4989,3.3587,-0.59409,-0.58184,-2.021,-0.43723,-0.66774,-0.22235,4.5499,-6.6314,5.7306,-0.42641,0.69057,1.103,0.058345,0.81005,-0.6773,-9.1394,0.07729,-0.10508,1.0353,0.1428,1.4181,0.58727,-0.32854,-0.089324,-9.4006,-3.8121,-2.2001,-0.23575,-0.31841,0.83291,0.50004,0.36043,0.28635
9.1243,0.98548,1.5999,-1.3478,0.29309,-0.19384,-0.76272,-0.15118,-0.52223,-1.5427,9.4145,2.7909,-0.54327,-0.23449,-2.3078,-0.39236,-0.70668,-0.26823,3.7914,-7.5256,5.5171,-0.031803,0.64404,1.2735,0.098754,0.80553,-0.66165,-10.025,0.95008,0.17629,0.63956,0.40087,1.5551,0.56763,-0.33747,-0.079643,-10.089,-3.3968,-2.5543,0.5147,-0.38979,0.92042,0.51511,0.35168,0.28659
8.9431,0.88749,2.3887,-1.0899,0.2342,-0.25523,-0.74866,-0.1244,-0.5292,-1.4268,8.2941,2.8424,-0.2367,0.2277,-2.0519,-0.31914,-0.74895,-0.32168,3.0798,-7.2881,5.1403,0.3039,0.59649,1.3523,0.13704,0.77909,-0.65591,-11.002,1.8937,-0.42958,-0.31889,0.53993,1.6524,0.54321,-0.34637,-0.07567,-9.7153,-3.7053,-2.4293,0.80845,-0.37368,0.95945,0.5337,0.34623,0.27239
9.044,0.64595,3.313,-1.1544,0.062572,-0.20346,-0.73551,-0.096662,-0.53355,-2.169,7.7592,1.7005,-0.48447,0.40443,-1.3805,-0.24468,-0.77698,-0.3761,2.0417,-7.1565,5.0832,0.30787,0.56054,1.4217,0.17565,0.74662,-0.6437,-10.883,1.7161,-0.89216,-0.73165,0.39071,1.6195,0.51851,-0.34707,-0.08257,-10.283,-2.6258,-2.7647,0.94417,0.085172,0.83937,0.54505,0.33779,0.26156
10.804,1.1848,3.9789,-1.115,-0.021007,-0.24842,-0.72946,-0.063566,-0.53355,-1.6363,10.623,3.4617,-0.32854,0.55448,-0.77043,-0.18203,-0.7996,-0.43748,-0.07412,-9.6692,5.3931,0.39459,0.072347,1.3387,0.20633,0.7016,-0.63909,-12.311,3.2426,-1.4252,-0.72586,0.46623,1.6345,0.49333,-0.35135,-0.088962,-11.454,-0.75892,-1.0164,0.98099,0.18358,0.90192,0.55514,0.3325,0.24853
13.743,0.9197,5.0962,-1.2554,-0.13166,-0.22409,-0.7276,-0.034309,-0.53262,-2.2351,11.912,2.7009,0.53344,0.79393,-0.25335,-0.14116,-0.83096,-0.46016,-0.31124,-8.3589,6.4474,0.89475,-0.10644,0.87791,0.21234,0.6555,-0.63998,-14.239,3.6309,-1.0667,-0.68782,0.46623,1.5923,0.47413,-0.34987,-0.094565,-14.822,5.0208,-0.20609,0.27649,-0.24399,0.93828,0.56524,0.31932,0.24158
15.448,0.66832,5.2567,-0.92817,-0.18446,-0.14299,-0.72544,-0.015917,-0.534,-0.30251,9.605,1.4968,0.83994,0.48037,0.76502,-0.13439,-0.86962,-0.45195,-0.68687,-9.0861,5.5546,0.10935,-0.25933,0.24153,0.21093,0.63039,-0.63067,-13.653,8.1009,-2.3503,-0.25702,0.72423,1.6355,0.46165,-0.35086,-0.097888,-15.44,2.9932,-0.59552,-0.97386,-0.66693,0.80682,0.57876,0.29797,0.24557
13.273,0.80419,5.2859,-0.82518,0.000119,-0.052654,-0.72348,0.00751,-0.53622,0.54738,11.265,4.0564,0.10702,0.22809,1.7429,-0.16191,-0.90796,-0.43632,-0.15913,-8.372,5.2812,0.13509,-0.96635,-0.68436,0.17742,0.61498,-0.61675,-12.197,2.3636,0.85138,-0.66465,0.12528,1.2208,0.46149,-0.35108,-0.092019,-14.769,2.3551,-2.7374,-1.0778,-0.55503,0.95405,0.59349,0.27243,0.25086
10.548,0.78576,4.243,-0.84084,-0.033699,0.031049,-0.72329,0.02899,-0.54196,0.76921,10.176,3.698,0.093521,-0.066087,2.0526,-0.19835,-0.92823,-0.43173,-3.1225,-9.0354,7.0595,0.14399,-1.1568,-1.401,0.1179,0.60036,-0.60972,-7.4207,0.2238,0.56702,-0.78414,0.14358,0.20383,0.46947,-0.35006,-0.094521,-12.78,-0.39096,-1.9343,-1.7408,-0.80667,1.069,0.6131,0.23962,0.25644
8.4738,-0.25288,3.2208,-0.89035,-0.11798,0.13684,-0.72885,0.060237,-0.5456,2.1479,9.4481,2.77,-0.74397,-0.43759,2.1448,-0.24622,-0.94663,-0.43221,-4.9792,-8.3118,5.569,0.18283,-1.1964,-1.5773,0.045431,0.59142,-0.60515,-5.8068,0.021232,0.32207,-1.168,0.26612,-0.44312,0.47893,-0.34664,-0.093564,-10.058,-2.7928,-2.2981,-1.7059,-0.62862,0.82113,0.63354,0.19923,0.26127
7.441,-0.10737,2.244,-0.73996,-0.23594,0.006082,-0.73452,0.081586,-0.5441,3.6524,7.352,3.0029,-0.95921,-0.49252,1.7745,-0.29082,-0.93466,-0.46517,-3.2351,-9.0915,4.9782,0.10926,-1.3127,-1.4544,-0.02855,0.5725,-0.60565,-6.0551,1.7755,0.25515,-0.43665,0.46327,-0.63898,0.48345,-0.34229,-0.095453,-8.997,-4.0813,-2.6647,-1.0716,-0.61665,0.38326,0.64776,0.1761,0.26004
7.6569,-0.54323,1.5042,-0.64916,-0.38824,0.005007,-0.74272,0.099368,-0.53788,3.9023,7.0617,2.8719,-0.4163,-0.035083,1.4035,-0.32075,-0.91233,-0.49531,-1.4022,-8.6443,6.2255,0.26783,-1.0077,-1.1448,-0.089924,0.55939,-0.60052,-5.4995,1.8246,1.6017,0.75265,0.18686,-0.71665,0.48494,-0.34266,-0.089374,-8.2935,-4.5938,-2.3031,-0.13702,-0.65608,0.13529,0.6585,0.16868,0.25195
8.0534,-0.39696,1.1799,-0.50462,-0.42808,0.051003,-0.75371,0.11281,-0.52668,3.1016,7.9159,2.7348,-0.37383,-0.028659,1.1444,-0.34418,-0.90251,-0.50571,-0.88454,-9.349,6.4168,0.060972,-0.7511,-0.57127,-0.13313,0.54752,-0.59436,-5.9353,3.1708,0.27104,0.49166,0.15995,-0.939,0.4845,-0.35057,-0.082846,-6.8434,-5.7238,-3.6636,0.72501,-0.36283,-0.040059,0.66472,0.17256,0.23282
7.942,-0.48365,0.85027,-0.35588,-0.54894,0.082702,-0.76662,0.12539,-0.51154,4.6637,7.7458,2.7703,-0.90424,-0.044981,0.97996,-0.37681,-0.88291,-0.53129,-0.062375,-8.435,6.2202,-0.057768,-0.51353,0.045861,-0.15822,0.53786,-0.59299,-6.7575,1.5652,-0.35895,1.1495,0.025619,-1.0037,0.48518,-0.35978,-0.076262,-6.7552,-6.0861,-4.8509,1.4746,-0.0313,-0.44494,0.6642,0.18733,0.2175
8.8804,-0.9627,0.19774,-0.1057,-0.25534,0.18579,-0.77902,0.13201,-0.49448,5.7759,7.899,3.1448,0.017614,0.34405,0.50517,-0.39575,-0.87421,-0.5378,0.23585,-9.112,6.4785,0.010977,-0.28223,0.49685,-0.16596,0.53431,-0.59693,-7.2914,2.9574,-2.0068,1.5987,-0.14892,-0.82294,0.48444,-0.37849,-0.054311,-8.4118,-7.0962,-4.3139,2.3783,0.073721,-0.93047,0.65499,0.22143,0.19521
7.6131,-0.89436,0.47208,0.16655,0.066685,0.23027,-0.78051,0.13608,-0.49243,4.8214,7.4659,3.4772,0.28678,0.55904,0.10196,-0.39582,-0.87799,-0.52298,-0.10195,-8.2898,6.6009,-0.005194,-0.11515,0.90695,-0.15197,0.53953,-0.60377,-7.7678,4.9631,-3.2415,1.2083,0.038384,-0.84777,0.48903,-0.39284,-0.027941,-7.8187,-7.39,-2.2428,2.0521,-0.1455,-1.4551,0.63902,0.25817,0.16053
6.0237,-1.7381,-0.24674,0.32848,0.23621,0.30615,-0.77905,0.13896,-0.49493,4.2465,5.6039,3.4943,0.2339,0.59123,-0.44108,-0.38777,-0.88541,-0.50959,-0.32177,-7.6025,5.8326,0.18349,0.14559,1.4226,-0.1207,0.54839,-0.61222,-6.7599,6.6754,-2.8405,0.26349,-0.13167,-0.93693,0.49691,-0.39966,-0.019067,-8.1182,0.68806,-0.57515,-0.12437,0.77656,-1.5857,0.61731,0.28314,0.15186
7.0305,-1.8332,-0.7172,0.46681,0.36896,0.30949,-0.77337,0.13738,-0.50069,4.4854,5.4281,3.7429,0.37828,0.74117,-0.85849,-0.36571,-0.89501,-0.49331,-1.3446,-7.7033,5.369,0.22667,0.5287,1.8542,-0.068005,0.55135,-0.63008,-6.5292,5.5572,-2.4595,-0.31434,0.18243,-0.73734,0.50302,-0.40045,-0.017473,-9.854,1.9292,-0.69824,-0.53758,0.84183,-1.3221,0.59086,0.30043,0.1656
8.3467,-1.7453,0.62132,0.31733,0.60958,0.34675,-0.76114,0.13546,-0.5106,3.5577,7.8119,4.1418,0.45058,0.79312,-1.1592,-0.3377,-0.90303,-0.47208,-1.247,-9.2922,5.6304,0.054481,0.88488,2.1805,0.00466,0.55431,-0.6459,-7.9056,3.3519,-1.8695,0.18295,0.14385,-0.53323,0.50887,-0.40248,-0.013016,-9.8117,-0.12845,0.20831,-0.87368,0.7913,-1.1868,0.56823,0.30896,0.18292
9.466,-2.5729,1.557,0.78398,0.12605,0.32224,-0.75012,0.12528,-0.51863,3.5336,8.1593,4.4834,0.29533,0.77658,-1.2504,-0.29896,-0.912,-0.44649,-2.5428,-8.1736,5.6084,-0.070386,1.1747,2.1524,0.096479,0.55538,-0.66106,-9.5028,3.0461,-1.9913,0.5601,0.018297,-0.46704,0.51365,-0.40592,-0.001291,-11.673,-1.9855,-0.2913,-0.39031,0.92842,-1.2585,0.53777,0.31887,0.19838
10.515,-2.9526,1.7639,0.65066,-0.10984,0.28578,-0.75023,0.11077,-0.51373,2.9106,8.398,4.2911,0.20966,0.74248,-1.21,-0.26846,-0.90555,-0.4294,-3.2397,-8.0872,5.4594,-0.51188,1.2371,1.848,0.1793,0.55746,-0.66491,-10.928,0.74419,-3.473,0.48174,-0.17376,-0.42917,0.51782,-0.40817,0.009358,-12.859,-3.3377,-0.80056,-0.074047,1.2986,-1.4643,0.51055,0.33014,0.21142
11.858,-3.354,3.1293,0.7096,0.11254,0.27232,-0.74875,0.1004,-0.51107,1.7401,8.4351,4.1553,0.099941,0.5622,-0.99503,-0.25151,-0.8879,-0.41921,-3.2176,-9.4393,5.2143,-0.29437,0.99817,1.1234,0.24697,0.56522,-0.66253,-12.193,-0.071885,-3.2124,-0.38803,0.070583,-0.95972,0.52482,-0.408,0.012558,-15.496,-3.9279,0.59508,0.61508,0.98654,-1.5428,0.48395,0.34304,0.21679
13.151,-3.8334,3.7105,0.81302,0.10494,0.19056,-0.74353,0.083961,-0.51341,1.6972,9.0625,4.2673,-0.12329,0.38645,-0.61079,-0.24402,-0.8617,-0.40764,-2.2239,-9.1918,5.2373,-0.2589,0.68519,0.17637,0.29202,0.57752,-0.66697,-13.44,-1.287,-2.5684,-0.66983,-0.028967,-1.25,0.54103,-0.39788,0.009897,-14.295,-2.1289,-0.62734,1.6456,1.0385,-1.76,0.45743,0.36683,0.2018
13.332,-3.2811,4.1854,1.047,0.059372,0.033362,-0.74167,0.058137,-0.51929,0.55854,9.2525,3.6293,-0.040033,0.17184,-0.06062,-0.24978,-0.82683,-0.39073,-1.5118,-9.0501,4.1772,-0.15199,0.11999,-0.7447,0.30546,0.59957,-0.67482,-14.769,-1.1675,-1.9124,-0.57683,0.004871,-1.5285,0.56603,-0.38058,0.003188,-12.509,-0.21907,-0.18114,1.527,0.89141,-1.5002,0.43576,0.39174,0.18456
12.173,-2.56,4.0247,1.0749,0.12764,-0.058191,-0.74382,0.025429,-0.52581,0.16563,9.4903,4.0849,-0.16548,-0.041794,0.57325,-0.26861,-0.78372,-0.36758,-0.35777,-8.9899,5.1863,-0.016843,-0.50917,-1.4574,0.28247,0.63369,-0.69155,-14.342,-0.16616,-2.4301,-0.094999,-0.26449,-1.6396,0.59463,-0.35705,-0.000231,-10.125,0.26074,0.41323,1.1434,0.691,-0.93995,0.41912,0.41619,0.16564
10.134,-1.9058,3.8419,1.1328,0.20973,-0.15624,-0.74086,-0.008706,-0.53371,-1.0187,9.6303,4.2484,-0.31911,-0.34137,1.092,-0.29945,-0.7369,-0.35033,-0.204,-8.352,6.3951,0.072001,-0.66274,-1.7878,0.23732,0.66275,-0.7138,-12.743,1.2335,-2.0394,0.49852,-0.55555,-1.5911,0.62401,-0.33184,-0.004403,-8.7268,-1.0161,0.538,0.41318,0.39388,-0.32838,0.4135,0.43029,0.16178
8.2455,-1.1485,3.4893,1.2003,0.11566,-0.14589,-0.7393,-0.041635,-0.54302,-2.0288,8.457,4.2368,0.034561,-0.45501,1.3229,-0.33536,-0.69364,-0.32721,0.65808,-7.7725,5.8064,-0.38586,-0.67911,-1.7351,0.19012,0.69709,-0.72688,-11.463,2.2363,-2.0898,1.3355,-0.8775,-1.3663,0.65001,-0.30828,-0.007683,-7.2222,-8.4048,-3.3784,0.11658,0.46016,-0.18112,0.41032,0.44106,0.16899
7.9037,-1.1809,3.009,0.8186,-0.18337,-0.16981,-0.74147,-0.073886,-0.54234,-1.959,8.7491,3.5119,0.38851,-0.50263,1.366,-0.38044,-0.6524,-0.29913,2.6231,-8.0043,5.031,-0.10306,-0.72603,-1.6813,0.13664,0.73047,-0.7346,-9.4736,3.1961,-1.9609,1.1538,-0.64904,-0.84928,0.66827,-0.28974,-0.010791,-9.3682,-3.07,-0.85292,0.65456,0.28204,-0.15752,0.40488,0.4534,0.17281
8.1121,-1.3374,2.838,0.53007,-0.45626,-0.14804,-0.75586,-0.095623,-0.53621,-0.25658,10.758,4.6494,0.46527,-0.53482,1.2965,-0.42589,-0.6068,-0.26997,4.0064,-7.7692,5.3706,0.31337,-0.44883,-1.4856,0.087234,0.74283,-0.75143,-9.9742,4.6492,-2.0025,0.6898,-0.5318,-0.53052,0.68217,-0.27811,-0.012258,-5.6317,0.49736,-0.63077,1.3393,-0.16994,0.3696,0.40499,0.46185,0.16316
9.6037,-1.3917,2.2894,0.45482,-0.5017,-0.18431,-0.77118,-0.11581,-0.52507,-2.1398,10.021,3.2347,0.21966,-0.55358,1.1628,-0.45678,-0.57063,-0.24606,4.6225,-8.4112,4.2884,0.024632,-0.086595,-1.1688,0.050606,0.74946,-0.75941,-9.8869,5.4784,-1.1313,-0.10018,-0.28596,-0.34159,0.69138,-0.26715,-0.021519,-6.4953,-0.39228,-1.4097,0.68922,-0.15236,0.8086,0.4112,0.46531,0.14747
10.082,-1.0328,2.37,0.33578,-0.36944,-0.15215,-0.78254,-0.1296,-0.51436,0.13526,11.875,4.2414,0.36693,-0.7047,0.92667,-0.49574,-0.53552,-0.22322,4.7501,-9.1264,4.6549,-0.1192,0.10778,-1.128,0.029222,0.76133,-0.75432,-9.0219,5.7443,-1.1293,-0.39721,-0.023476,0.011435,0.69639,-0.26237,-0.028087,-8.736,-1.4908,-0.41964,-0.67995,-0.53685,0.89639,0.42108,0.4599,0.1496
9.3536,-0.89905,1.8654,0.36731,-0.22632,-0.13457,-0.7924,-0.13913,-0.50508,2.0261,10.902,3.9229,0.061171,-0.6969,0.61286,-0.52455,-0.51128,-0.21075,1.7253,-6.7885,3.918,0.37882,0.23596,-1.2382,0.013783,0.76286,-0.75867,-8.9191,6.2606,-0.75261,-0.63959,0.13725,0.40973,0.69572,-0.26577,-0.03242,-8.4291,-2.5513,1.2336,-1.3356,-1.4198,0.968,0.432,0.45357,0.15323
8.0179,-0.33501,0.57577,0.26827,0.017292,-0.15417,-0.79811,-0.15018,-0.50282,0.61416,9.42,3.5745,-0.15708,-0.74851,0.27781,-0.54112,-0.49906,-0.20878,3.8582,-6.2714,4.6797,-0.15259,0.15319,-0.92481,-0.011726,0.76821,-0.75813,-7.5306,8.7388,-2.0029,-1.1782,0.31533,0.85782,0.68781,-0.27543,-0.041387,-6.1201,-4.6236,-0.97405,-0.99979,-0.8032,1.0228,0.45143,0.4434,0.15681
7.0239,0.47467,0.16317,0.55225,0.11734,-0.14245,-0.79978,-0.16226,-0.50227,0.42677,9.652,2.7603,-0.42518,-0.6852,-0.31898,-0.55131,-0.49869,-0.21517,4.4028,-5.799,5.0685,0.18844,0.39816,-0.4521,-0.022526,0.77105,-0.75524,-8.3184,5.5514,-0.96485,-1.1994,0.013022,1.0122,0.67311,-0.28734,-0.056152,-6.9199,-2.5058,-3.1333,-1.5327,-0.30492,0.92816,0.46424,0.43279,0.17469
6.7289,0.84972,-0.41109,0.52977,0.47641,-0.16687,-0.79406,-0.17863,-0.50753,1.5092,9.2445,3.2609,-0.52384,-0.42582,-0.90529,-0.54662,-0.51318,-0.2316,4.0129,-5.5387,4.5984,0.20419,0.39815,-0.010572,-0.021909,0.7642,-0.75803,-8.8384,0.1859,1.1163,-0.39735,-0.034311,1.161,0.65191,-0.29747,-0.071617,-7.0341,-3.3253,-3.5932,-2.0412,-0.37934,0.88377,0.48416,0.40885,0.21519
7.445,1.2643,0.081972,0.004831,0.34445,-0.21434,-0.78744,-0.18805,-0.51333,0.066734,9.2899,2.443,-0.64919,-0.16314,-1.4864,-0.52627,-0.54322,-0.26022,4.8352,-5.2167,5.4096,0.12971,0.6222,0.5332,-0.005642,0.75766,-0.75977,-8.6136,-2.7835,1.2216,0.2809,-0.026456,1.2805,0.62969,-0.30879,-0.078767,-7.5444,-3.9205,-3.6034,-1.7302,-0.22667,0.7477,0.49766,0.38861,0.24435
8.3227,1.0045,0.29583,-0.66868,0.13115,-0.10846,-0.78498,-0.18624,-0.50952,0.38801,10.233,3.8903,-0.56488,0.10026,-2.0617,-0.4947,-0.57669,-0.29256,4.3533,-5.7567,5.9153,-0.00949,0.7529,0.9491,0.024122,0.75006,-0.75828,-9.7976,-2.5732,0.019629,1.1152,0.047825,1.2793,0.61144,-0.31727,-0.078164,-9.2201,-3.4098,-2.1362,-1.0751,-0.33065,0.6964,0.50712,0.37473,0.25743
9.0808,1.0761,1.257,-0.63108,0.10771,-0.062581,-0.78041,-0.16872,-0.508,-0.43907,8.8062,4.1874,-0.33917,0.29993,-2.2994,-0.44221,-0.62714,-0.3312,4.044,-7.4118,6.2817,-0.1008,0.77158,1.3118,0.066255,0.73987,-0.75092,-10.337,0.1816,-1.0821,1.3311,0.05321,1.4758,0.58683,-0.33002,-0.067008,-10.161,-1.9128,-1.7447,-0.59776,-0.35802,0.74969,0.52208,0.35832,0.26744
9.5736,1.4413,1.569,-0.71295,0.063948,-0.042364,-0.77417,-0.14959,-0.50496,-1.1574,9.1878,3.5116,0.19071,0.40181,-2.1912,-0.38137,-0.6795,-0.36418,2.9223,-6.8399,6.0396,0.018861,0.70066,1.3954,0.10999,0.72208,-0.73925,-10.805,2.1705,-1.8815,0.58358,0.40299,1.5271,0.56143,-0.34481,-0.059149,-10.581,-2.511,-1.0213,-0.019391,-0.4139,0.80058,0.5364,0.34276,0.26713
9.7275,1.1712,2.113,-0.71515,0.014183,-0.022968,-0.76843,-0.12167,-0.50347,-1.8125,9.24,3.7751,0.31526,0.38793,-1.8163,-0.31169,-0.74063,-0.39081,2.0771,-8.4553,6.1087,0.12232,0.50428,1.4239,0.15496,0.69567,-0.72299,-11.676,2.933,-2.1099,-0.41758,0.40826,1.611,0.53543,-0.35173,-0.056299,-10.863,-1.0001,-1.1864,0.616,-0.27642,0.83075,0.55056,0.3338,0.26036
10.344,1.0892,2.8632,-0.76413,0.034833,-0.003876,-0.76078,-0.097186,-0.50388,-1.8084,9.0622,3.439,0.15615,0.35693,-1.2452,-0.25789,-0.78615,-0.41161,1.6571,-7.8435,5.9988,0.49287,0.4025,1.3702,0.18531,0.66085,-0.71516,-12.487,2.5085,-1.7956,-0.90807,0.45865,1.7287,0.51143,-0.35031,-0.072053,-11.357,-0.6079,-1.612,0.57957,-0.12993,0.89352,0.56255,0.3238,0.25077
12.234,0.89254,3.7939,-0.97679,-0.092314,-0.023455,-0.75467,-0.0733,-0.50554,-0.69081,9.9313,3.1873,0.18017,0.33514,-0.5392,-0.22201,-0.82245,-0.42942,0.36093,-7.9365,5.9954,0.51369,0.055956,0.95753,0.19837,0.62386,-0.71067,-13.585,2.4884,-1.615,-1.0553,0.53681,1.6754,0.49311,-0.34548,-0.088725,-12.178,0.52695,-0.34536,0.61821,-0.15746,0.80404,0.57438,0.3156,0.24299
13.498,0.40752,3.9868,-0.82161,-0.15873,0.028232,-0.7544,-0.046853,-0.50465,-0.13579,9.9916,3.7111,0.35546,0.35018,0.2954,-0.1976,-0.85777,-0.44373,0.5635,-7.3255,7.181,0.63923,-0.31469,0.38206,0.19222,0.58641,-0.70327,-12.474,1.6507,-1.1041,-1.2569,0.40706,1.5375,0.48135,-0.33352,-0.10341,-14.242,2.9428,-0.60529,-0.31539,-0.47958,0.74984,0.58559,0.30058,0.23809
12.979,0.87175,3.792,-0.95245,-0.20018,0.092025,-0.75567,-0.018878,-0.50263,-0.34023,10.564,3.1535,0.35824,0.328,1.0867,-0.18558,-0.88872,-0.44224,-1.8166,-8.4963,6.1189,0.17234,-0.5785,-0.28128,0.16872,0.55892,-0.69552,-10.651,0.52272,-0.45105,-0.97668,0.42406,1.1236,0.47887,-0.32454,-0.1136,-14.2,1.4524,-1.6843,-1.1602,-0.62799,1.006,0.6011,0.27534,0.23971
11.391,0.33975,2.926,-1.0208,-0.12563,0.11693,-0.75872,0.014854,-0.50392,0.29524,10.005,2.5424,0.24956,0.13943,1.5134,-0.20379,-0.91154,-0.448,-2.7782,-7.6589,6.2438,0.034226,-1.0577,-0.77367,0.1199,0.54408,-0.68077,-9.3464,5.0595,-0.87243,-0.46678,0.58814,0.81855,0.48066,-0.32356,-0.10986,-12.809,0.38432,-1.4396,-1.7621,-0.75934,1.1101,0.61725,0.23961,0.24629
9.2383,0.50548,2.851,-1.1492,-0.092076,0.11913,-0.76126,0.045771,-0.50584,0.83027,8.4526,3.0903,-0.28345,-0.10159,1.776,-0.23769,-0.93235,-0.44663,-2.2126,-7.8073,6.1938,0.18308,-1.1604,-1.0562,0.060308,0.52816,-0.67271,-10.502,4.0055,0.7936,-0.9432,0.41765,0.70782,0.48123,-0.32572,-0.10004,-10.536,-1.9713,-1.6092,-1.9439,-0.70297,1.0376,0.63488,0.19735,0.25211
8.4477,0.098937,2.3575,-1.1078,-0.22088,0.049404,-0.76637,0.07403,-0.50344,3.1005,7.5874,3.4672,-0.76752,-0.37576,1.6348,-0.28049,-0.93753,-0.46131,-2.4175,-7.5632,6.0544,-0.34395,-1.0815,-1.0726,0.007089,0.52163,-0.65792,-5.5324,0.59797,0.76211,-1.2268,0.13255,-0.009791,0.48432,-0.32369,-0.10434,-9.3492,-4.41,-2.1859,-0.97851,-0.48962,0.65902,0.64998,0.169,0.25114
8.8773,-0.82057,1.7206,-1.0559,-0.094681,-0.067822,-0.77202,0.097488,-0.49903,5.0717,8.5312,3.7606,-0.25082,-0.069225,1.1365,-0.31915,-0.93549,-0.47952,-3.0986,-8.3152,6.1892,-0.35874,-0.96544,-0.88006,-0.045677,0.52251,-0.63653,-4.6814,0.63927,0.65912,-0.24578,0.39114,-0.50208,0.48499,-0.32154,-0.10718,-8.7928,-6.5648,-4.0948,-0.002128,-0.2839,0.15582,0.65831,0.15786,0.24739
9.1126,-1.6659,1.4632,-0.66513,-0.16963,-0.033241,-0.77788,0.11649,-0.49619,2.9187,7.9409,3.5576,0.12678,0.10988,1.0129,-0.3292,-0.93597,-0.47385,-0.8367,-9.3512,7.4395,-0.43741,-0.7527,-0.64074,-0.091552,0.52072,-0.61823,-5.858,2.0236,2.082,1.1737,0.43743,-0.64774,0.48247,-0.32474,-0.092667,-8.897,-6.3036,-3.8867,1.1438,-0.26055,-0.22759,0.66126,0.16714,0.23518
9.6784,-1.995,1.0923,-0.36175,-0.24425,0.11253,-0.78521,0.13127,-0.48858,3.7082,9.0626,4.6879,-0.15122,0.11562,1.1187,-0.3562,-0.9257,-0.4785,-0.39988,-8.2362,7.2482,-0.37621,-0.75874,-0.29248,-0.12734,0.52116,-0.60437,-6.8306,4.6795,0.91165,1.363,-0.23834,-0.59809,0.47661,-0.33692,-0.082856,-8.5034,-4.5469,-2.6352,1.6846,-0.13569,-0.43364,0.65639,0.18729,0.21198
9.2125,-1.9927,-0.38836,0.31736,0.12907,0.20657,-0.78774,0.13682,-0.48845,5.0154,10.472,4.4885,-0.086583,0.21177,1.1583,-0.36772,-0.91165,-0.48082,-0.55456,-8.8712,7.0711,-0.20944,-0.66068,0.13527,-0.14755,0.52185,-0.59613,-6.2007,3.1472,-1.5049,1.7789,-0.36255,-0.63115,0.46969,-0.35304,-0.076741,-7.8851,-2.5808,-1.7529,1.5764,-0.078324,-0.7092,0.64955,0.21133,0.19127
9.0714,-1.9542,-0.49362,0.30405,0.426,0.29281,-0.78328,0.13655,-0.49961,4.0849,7.5479,3.5921,-0.59673,0.18512,0.99634,-0.35926,-0.90017,-0.48264,-0.79417,-8.3599,6.9877,-0.012983,-0.57924,0.54191,-0.15319,0.52487,-0.59311,-6.303,4.5662,-3.7893,1.6109,-0.43104,-0.6641,0.46588,-0.37192,-0.059374,-8.165,-0.071273,-1.2578,0.6541,0.067212,-0.83256,0.64224,0.23051,0.17249
8.639,-1.6862,0.071841,0.028973,0.83113,0.27701,-0.76852,0.14052,-0.51932,3.3758,5.3665,3.4782,-0.76233,0.12131,0.68038,-0.3598,-0.87559,-0.50745,-0.25711,-8.6773,6.4831,0.22224,-0.36721,0.93135,-0.14766,0.52373,-0.60335,-7.0077,4.5087,-5.0639,0.79972,-0.164,-0.84942,0.4688,-0.38271,-0.045498,-8.5952,-1.8463,-1.479,0.57849,0.13348,-0.82805,0.62965,0.24564,0.16205
7.7115,-1.677,1.4824,0.015454,0.94984,0.14787,-0.74557,0.14545,-0.54485,4.4016,5.0067,2.6809,-0.3114,0.16348,0.17015,-0.36356,-0.85657,-0.52342,-0.66186,-8.2225,5.8822,0.30668,0.007636,1.1794,-0.1273,0.52388,-0.61877,-8.5191,2.7569,-3.6443,0.12837,-0.091931,-0.79273,0.47386,-0.38665,-0.037547,-8.9399,-2.5811,-0.24673,0.07632,0.37474,-0.90369,0.61476,0.25614,0.15558
7.6342,-1.9971,2.0243,0.12496,0.87634,0.058969,-0.72221,0.13851,-0.57321,4.5878,5.7512,2.6368,-0.017211,0.25777,-0.3367,-0.36475,-0.84345,-0.5311,-0.75227,-9.3676,5.6612,0.18658,0.39379,1.4467,-0.082386,0.52834,-0.64109,-9.4022,1.11,-1.627,0.28051,-0.042423,-0.92494,0.48552,-0.38907,-0.031771,-10.407,-1.9629,0.0962,-0.54342,0.48863,-0.98127,0.59472,0.26533,0.15965
7.5402,-2.5406,2.893,0.37955,0.56659,0.074343,-0.70258,0.13102,-0.58919,4.7454,6.2084,3.8112,0.32052,0.41768,-0.88448,-0.36229,-0.84744,-0.51743,-1.119,-8.8202,6.0422,0.077283,0.78724,1.6036,-0.025586,0.53565,-0.65723,-10.036,-0.28918,-1.2031,0.1643,-0.010332,-1.0044,0.497,-0.39181,-0.017253,-10.639,-1.5559,-0.62378,-0.30646,0.8465,-1.059,0.5761,0.27214,0.16829
7.8296,-2.714,3.0656,0.59984,0.16874,0.19586,-0.69419,0.11719,-0.59436,4.2716,6.6904,4.4156,0.38093,0.51552,-1.1868,-0.35175,-0.855,-0.4938,-2.1031,-7.6961,6.1544,-0.072161,0.96046,1.4773,0.034237,0.54487,-0.66824,-10.615,1.1541,-2.5668,0.037131,-0.17894,-1.0159,0.50896,-0.39512,-0.00467,-12.152,-1.6081,-0.76155,-0.10888,1.1227,-1.1962,0.5584,0.28221,0.17928
8.7907,-2.5603,3.4693,0.59385,-0.13982,0.14805,-0.69095,0.10314,-0.59374,2.9003,8.8287,4.4583,-0.12946,0.24685,-1.2435,-0.34522,-0.85153,-0.47772,-2.7483,-7.9502,6.1588,-0.28726,1.0008,1.2703,0.10255,0.55712,-0.67789,-10.586,1.3424,-2.724,-0.22894,-0.080065,-1.077,0.52233,-0.3961,0.00301,-12.825,-1.7169,1.3409,0.068627,0.7066,-1.2443,0.53642,0.28928,0.18372
10.174,-2.8399,3.9256,0.68708,-0.14203,0.13192,-0.69284,0.083079,-0.58754,3.0159,7.8039,5.7715,-0.40764,0.20024,-1.1233,-0.34973,-0.83905,-0.47276,-2.5235,-7.9108,5.2863,-0.47267,0.91212,0.85403,0.16419,0.57047,-0.68289,-12.401,-0.11306,-2.5262,0.021711,-0.088337,-1.1019,0.54033,-0.39408,0.01103,-13.574,-1.8771,1.156,1.478,1.0452,-1.6052,0.51479,0.30717,0.17664
11.665,-2.6902,4.2662,0.69552,-0.2748,0.092545,-0.70188,0.059346,-0.58079,2.844,7.8832,4.439,0.055268,0.22329,-0.86918,-0.35915,-0.82423,-0.46009,-1.6986,-8.4729,4.9761,-0.28896,0.59971,0.12251,0.21562,0.58864,-0.69056,-13.065,0.92158,-3.0809,0.20917,-0.26268,-1.3218,0.5623,-0.38933,0.019753,-13.152,0.067023,0.040344,1.8159,1.2772,-1.6246,0.4881,0.33396,0.16342
11.62,-2.7048,4.2956,0.7924,-0.11984,0.066472,-0.70522,0.038328,-0.57678,2.4578,8.3998,4.9081,0.046808,0.003527,-0.31452,-0.38119,-0.79748,-0.43435,-0.93722,-8.9542,4.5706,-0.27181,0.22043,-0.5749,0.23637,0.61199,-0.70047,-12.594,2.4965,-2.638,-0.082407,-0.31014,-1.5159,0.58584,-0.37381,0.020294,-11.308,0.96218,0.066445,1.4906,1.0673,-1.3747,0.46889,0.35872,0.15102
10.117,-2.2848,4.1675,0.84869,-0.17013,-0.020928,-0.70895,0.016219,-0.57516,1.6662,8.5897,4.7655,0.25983,-0.035101,0.16802,-0.40092,-0.76183,-0.40774,-0.46216,-8.8033,4.3747,-0.036653,-0.11427,-1.1704,0.22678,0.63716,-0.71361,-12.919,1.9684,-2.1788,0.59364,-0.57312,-1.4763,0.61065,-0.35167,0.02101,-10.036,-0.23249,0.35364,1.0136,0.55118,-1.0482,0.4578,0.38106,0.14062
9.627,-2.1672,3.5379,0.90416,-0.33413,-0.036639,-0.71708,-0.012839,-0.57154,-0.35969,8.6599,4.3549,0.30667,-0.25738,0.67294,-0.4179,-0.71989,-0.36958,0.75233,-8.1885,4.7344,0.2689,-0.31504,-1.4854,0.20067,0.65797,-0.73238,-12.385,3.0031,-1.6215,1.5311,-1.0094,-1.4764,0.63742,-0.32731,0.019853,-8.9601,-1.1388,-0.39259,0.59166,0.45909,-0.81671,0.44601,0.40255,0.13866
9.6267,-2.1235,3.7098,0.82516,-0.53584,-0.015806,-0.73313,-0.037287,-0.55933,-1.2044,8.7602,3.7086,0.41667,-0.29027,0.97937,-0.44258,-0.67245,-0.33181,1.7015,-7.8326,5.2878,0.2925,-0.27648,-1.6025,0.1655,0.67658,-0.75633,-10.908,2.9234,-2.6796,1.0293,-0.99347,-1.1906,0.66048,-0.30075,0.012771,-8.6103,-5.982,-2.2225,0.16979,0.65301,-0.76824,0.43024,0.42575,0.14591
9.0743,-2.4,3.577,0.97686,-0.59471,0.033831,-0.75049,-0.065584,-0.54688,-1.4246,9.0385,3.3148,0.85421,-0.1267,1.2505,-0.47003,-0.62387,-0.28024,3.3202,-7.9342,4.6124,-0.031744,-0.12183,-1.5455,0.12202,0.69904,-0.77052,-11.278,2.8926,-1.0514,0.15571,-0.68821,-0.83193,0.68004,-0.27461,-0.002571,-9.3969,-2.6538,-0.20983,0.33768,0.50751,-0.37954,0.41809,0.4446,0.16205
9.7346,-1.7656,2.9146,0.98138,-0.7556,0.07015,-0.77036,-0.089053,-0.52643,-1.6309,12.766,4.4776,0.89771,-0.21192,1.2137,-0.50072,-0.58088,-0.23715,4.2119,-8.1047,5.0739,-0.20212,0.13861,-1.3568,0.094971,0.72485,-0.76787,-10.423,3.878,-0.9228,-0.18651,-0.37541,-0.36899,0.69097,-0.26324,-0.016453,-6.4551,0.52918,-0.084313,0.77152,-0.15357,0.16797,0.41164,0.4597,0.16328
9.8758,-0.62288,2.1547,0.78817,-0.68055,0.02489,-0.79175,-0.10657,-0.50688,-0.26683,10.256,4.1829,0.65828,-0.18199,1.0406,-0.52838,-0.54507,-0.20865,2.9596,-8.3857,5.5072,-0.25884,0.25015,-1.2979,0.08064,0.74202,-0.76256,-9.2407,4.7237,-1.1776,-0.42429,-0.089405,-0.043939,0.69876,-0.26129,-0.026934,-6.5184,-0.48015,-1.8885,0.23529,-0.30739,0.84577,0.4092,0.46769,0.15844
9.3877,-0.1717,1.4526,0.48384,-0.41816,-0.06792,-0.80868,-0.12122,-0.49077,0.71784,11.447,4.5881,0.28303,-0.56507,0.80901,-0.55368,-0.51434,-0.18757,3.7413,-8.42,6.1187,-0.02064,0.1023,-1.1688,0.058899,0.76293,-0.75447,-9.0032,4.965,-1.2781,-0.47796,0.13699,0.31769,0.70032,-0.26325,-0.02973,-7.4796,-2.4661,-0.90903,-0.90748,-0.6978,0.88267,0.42073,0.46384,0.16363
8.6434,-0.2231,0.97665,0.22869,-0.33454,-0.23289,-0.8173,-0.13212,-0.4833,1.2389,11.186,4.3325,-0.10332,-0.96703,0.44553,-0.57308,-0.49239,-0.17855,2.6337,-5.961,5.553,0.031785,-0.022431,-1.0366,0.035522,0.76807,-0.75406,-8.5054,4.1336,-1.0421,-0.5694,0.18452,0.52785,0.69631,-0.27124,-0.033294,-7.2414,-4.4314,1.1291,-0.93369,-1.4337,1.0189,0.43548,0.45321,0.1701
8.1391,-0.08273,0.22769,0.16021,-0.10123,-0.22494,-0.82968,-0.14342,-0.47397,0.35763,10.532,3.2159,-0.25109,-0.94335,0.003774,-0.58407,-0.48187,-0.17896,4.3327,-7.1228,4.291,0.23465,0.095535,-0.74248,0.013674,0.77134,-0.75326,-6.993,5.8836,-2.019,-0.74284,0.30026,0.65773,0.68727,-0.28236,-0.037086,-5.9276,-6.1642,-0.69855,-0.6519,-0.46909,0.9988,0.45715,0.44038,0.16588
7.546,0.36818,-0.19167,0.46331,0.34051,-0.2648,-0.82891,-0.15709,-0.47745,1.1167,10.056,2.3411,-0.47367,-0.72563,-0.53382,-0.58847,-0.48542,-0.19157,3.8384,-6.1501,4.8142,0.29012,0.30379,-0.31106,0.003986,0.76543,-0.75837,-7.6122,7.5277,-1.2229,-1.2238,0.19754,0.9468,0.67668,-0.2909,-0.047487,-6.727,-3.447,-3.3791,-1.3447,-0.19323,0.87955,0.47028,0.42858,0.18432
7.4728,0.50326,-0.48231,0.30269,0.481,-0.22369,-0.82292,-0.17198,-0.48537,1.4527,9.2568,3.2217,-0.56951,-0.48361,-1.0528,-0.58255,-0.50384,-0.2098,4.1055,-5.671,4.9248,0.10936,0.44512,0.081273,0.003938,0.76057,-0.76439,-8.7116,2.591,-0.016689,-0.39384,-0.27992,1.2506,0.65869,-0.30012,-0.064502,-6.8117,-4.5956,-3.7721,-1.8922,-0.27755,0.84062,0.48043,0.41552,0.21047
7.6774,1.1102,-0.76777,-0.078618,0.29822,-0.2161,-0.81783,-0.1786,-0.48966,0.95735,8.6945,3.2112,-0.64275,-0.31022,-1.5316,-0.55997,-0.5398,-0.2343,4.8988,-5.4189,5.617,-0.14851,0.65595,0.52412,0.020929,0.7582,-0.75918,-8.568,-0.97471,-0.87274,0.039106,-0.15915,1.2754,0.635,-0.30946,-0.079954,-7.3652,-4.3703,-3.37,-1.7129,-0.15283,0.67754,0.49188,0.39358,0.23669
9.142,0.84287,0.1667,-0.78172,0.3117,-0.15218,-0.81161,-0.17062,-0.4924,0.080807,9.4295,3.6321,-0.55648,-0.25866,-1.9643,-0.52397,-0.58347,-0.26556,4.0036,-6.5811,6.252,-0.19821,0.68068,0.85316,0.052983,0.75672,-0.74454,-10.609,-0.44459,-0.44915,0.23534,0.19018,1.263,0.61228,-0.31528,-0.083745,-9.4418,-1.6611,-2.0456,-1.3413,-0.23777,0.63892,0.4995,0.3723,0.25763
9.51,0.58241,1.5853,-0.89068,0.30238,-0.13486,-0.79692,-0.15186,-0.4981,-1.0011,9.3187,3.5204,-0.035667,-0.08219,-2.1972,-0.47239,-0.64338,-0.29865,3.5412,-6.8552,6.0786,-0.17439,0.63799,1.0852,0.093383,0.74655,-0.73162,-11.024,0.27397,-0.50328,0.19089,0.28826,1.428,0.58391,-0.32024,-0.088065,-11.207,-0.72175,-1.296,-0.9196,-0.33368,0.84695,0.51472,0.34822,0.27702
9.8284,0.38534,2.0639,-0.49304,0.37405,-0.076214,-0.78365,-0.1315,-0.50519,-1.3728,9.3486,2.3785,0.25044,0.24043,-2.0619,-0.41814,-0.70191,-0.32048,2.7284,-7.502,6.1509,0.20766,0.40932,1.1812,0.12334,0.728,-0.72126,-11.332,0.60432,-0.88498,0.2455,0.39498,1.667,0.55713,-0.31888,-0.087753,-10.952,-0.46206,-1.1341,-0.16154,-0.41593,0.89777,0.5299,0.32833,0.28051
9.5216,0.61378,2.9882,-0.41996,0.30593,-0.12048,-0.76985,-0.11647,-0.51009,-1.8237,9.4986,2.9572,0.36077,0.53076,-1.7661,-0.36941,-0.75653,-0.3265,1.1799,-8.3034,6.4837,0.41781,0.11621,1.0125,0.13708,0.7016,-0.71842,-12.482,1.8153,-1.0294,-0.061969,0.43738,1.7752,0.53707,-0.31608,-0.083604,-11.251,-0.17859,-0.62294,0.57646,-0.47865,0.89296,0.54636,0.31983,0.26906
10.581,1.5995,4.45,-0.63137,0.041003,-0.18965,-0.75719,-0.097604,-0.51386,-0.7769,9.5156,3.4133,0.26334,0.63763,-1.2986,-0.32366,-0.81604,-0.34308,1.5304,-8.5812,7.374,0.86768,-0.11758,1.0514,0.143,0.66726,-0.7184,-14.823,2.6147,-0.71722,-0.53792,0.65288,1.5087,0.51859,-0.30164,-0.087245,-13,1.5758,-0.10989,0.49776,-0.43765,0.96199,0.56175,0.30882,0.25709
12.655,2.0656,4.1405,-0.74056,-0.060157,-0.20375,-0.75182,-0.080543,-0.51471,-0.93124,10.151,3.8163,-0.007565,0.53501,-0.42988,-0.28499,-0.86451,-0.36401,3.3884,-6.0247,6.3772,1.1495,-0.48684,0.56074,0.13383,0.61511,-0.73108,-13.837,1.201,-0.66586,-1.2292,0.55651,1.6233,0.51107,-0.28015,-0.098618,-13.854,1.8507,-0.69133,-0.050721,-0.52926,0.99475,0.57805,0.29097,0.25266
