5.5256,-1.9535,5.4224,0.13094,-0.15991,-0.036205,-0.41394,-0.21526,-0.84243,-6.6964,-4.6906,-0.26572,-0.054572,0.31751,-0.18197,0.61357,0.51048,0.54458,-6.829,2.9039,2.9013,0.26711,0.051058,0.21442,0.46264,-0.77708,-0.29078,-8.4143,0.41393,-0.10409,-0.060887,-0.34758,0.5788,0.79256,-0.46136,-0.26936,-8.2308,-2.2615,-0.12463,-0.57474,-0.022541,-0.54581,0.67869,0.70589,0.28454
6.1222,-1.8621,5.4424,-0.052343,-0.22211,-0.035213,-0.42189,-0.21747,-0.83796,-6.6987,-4.3929,-0.65321,0.16517,0.25022,-0.17521,0.60519,0.51677,0.54893,-6.5268,3.1829,2.236,0.27388,0.11667,0.14757,0.45932,-0.78612,-0.27925,-10.084,-0.73532,-1.2693,0.53712,-0.2111,0.67486,0.7759,-0.48345,-0.27506,-8.7275,-3.5282,-0.36803,-0.40329,-0.000951,-0.66882,0.66099,0.71764,0.30173
6.8179,-2.4342,6.3318,-0.23869,-0.3087,0.001479,-0.43233,-0.21635,-0.8328,-7.0851,-4.7292,-0.8005,0.40364,0.10185,-0.1194,0.59596,0.52605,0.54773,-6.8876,3.2598,2.305,0.045353,0.072164,0.11356,0.45469,-0.78936,-0.27374,-9.7259,-1.0381,-2.0496,0.36356,-0.036861,0.59124,0.76143,-0.5067,-0.27123,-10.626,-1.4307,0.48707,-0.92379,0.23833,-0.72848,0.63743,0.72725,0.33251
7.7027,-2.3783,7.2564,-0.56207,-0.49696,0.20718,-0.44816,-0.20473,-0.8266,-8.0918,-5.4469,-0.26315,0.2811,-0.006223,-0.12278,0.59409,0.53444,0.54333,-7.8893,4.1729,3.5771,-0.035605,0.03004,0.084897,0.45134,-0.79102,-0.27538,-10.22,-0.47325,-1.2948,0.63809,-0.006199,0.46105,0.74952,-0.52577,-0.26024,-10.463,-2.0112,-0.34843,-0.84493,-0.020787,-0.66172,0.61711,0.73468,0.36013
8.584,-3.2399,7.9215,-0.87374,-0.62794,0.28219,-0.47207,-0.17418,-0.8227,-9.8508,-6.6202,-0.24771,0.45766,-0.10043,-0.30482,0.59162,0.54828,0.5336,-9.8027,5.3653,4.6886,-0.10912,-0.059743,0.1301,0.44837,-0.79256,-0.27938,-12.313,0.07086,-0.67722,0.45675,0.0162,0.44728,0.73954,-0.54488,-0.24915,-11.717,0.4287,-0.019397,-0.72359,0.11733,-0.4743,0.59932,0.73744,0.38699
9.7421,-3.624,9.0543,-0.6291,-0.61637,0.22518,-0.49725,-0.13956,-0.81782,-11.564,-7.4903,-0.75795,0.35981,-0.2141,-0.44198,0.58834,0.56586,0.51935,-11.535,6.2459,5.8597,0.03618,-0.18524,0.16845,0.44029,-0.79362,-0.28492,-12.205,-3.6016,-1.1663,0.56926,0.11003,0.3201,0.72936,-0.56505,-0.23336,-11.969,2.0751,-0.52721,-0.65326,0.02894,0.051386,0.59283,0.73089,0.41121
11.089,-4.138,8.9119,-0.42077,-0.6752,0.13372,-0.52004,-0.11863,-0.80798,-12.483,-8.7847,-0.77922,0.18193,-0.38335,-0.48622,0.58339,0.58271,0.50736,-12.298,7.1711,6.5337,0.25217,-0.21021,0.10933,0.43231,-0.79902,-0.28354,-13.206,-2.6114,-2.1628,0.45848,-0.14752,-0.085647,0.72814,-0.57098,-0.22164,-14.043,-1.2135,-1.5423,-0.5001,-0.2085,0.43217,0.60626,0.71174,0.42838
11.21,-4.1502,8.0026,-0.1705,-0.34217,0.045042,-0.5365,-0.10638,-0.79637,-13.123,-9.3801,-0.98028,0.12726,-0.39748,-0.47537,0.57887,0.59524,0.49793,-12.373,7.1087,6.3528,0.46667,-0.27414,0.097937,0.42851,-0.80425,-0.27655,-13.681,-2.9156,-1.6093,0.3737,-0.2132,-0.12143,0.72706,-0.57237,-0.21828,-13.176,-2.2792,-1.2616,-0.22343,-0.20983,0.32893,0.61882,0.70031,0.4315
10.876,-4.0801,7.8215,-0.25339,0.2394,-0.00321,-0.53623,-0.10019,-0.79853,-14.071,-10.035,-0.87973,0.27797,-0.36348,-0.47401,0.57412,0.6102,0.48456,-13.595,7.7936,6.9164,0.88551,-0.33605,-0.055675,0.42534,-0.81179,-0.25953,-13.289,-2.6857,-2.4195,0.30655,-0.21697,-0.29618,0.73264,-0.56924,-0.21515,-13.163,1.5969,-3.1932,-0.11574,0.12135,0.68073,0.63436,0.68708,0.43343
11.328,-4.2412,8.2864,-0.090972,0.30467,-0.015063,-0.52856,-0.091131,-0.80572,-21.675,-22.81,-4.1343,0.28943,-0.42565,-0.37355,0.56721,0.63084,0.46603,-18.751,12.918,9.7784,1.404,-0.61593,-0.069047,0.42241,-0.82256,-0.23021,-15.85,-0.58786,-0.74758,0.095692,-0.41253,-0.31372,0.73938,-0.56277,-0.2193,-15.1,3.6517,-2.8768,-0.31399,0.17174,1.0532,0.66022,0.65885,0.4398
16.27,-6.7897,9.5606,-0.25699,1.0038,0.20196,-0.50567,-0.084336,-0.82012,-23.814,-26.637,-1.8246,-1.259,-2.5193,2.6647,0.62365,0.58521,0.44716,-28.799,24.626,11.109,5.1502,-1.2583,-3.4787,0.46284,-0.82094,-0.12395,-17.944,-6.3146,-1.6837,0.033757,0.30487,-0.42723,0.75146,-0.55067,-0.21523,-15.051,5.981,-2.5559,-0.98149,-0.56506,1.6522,0.70166,0.60903,0.44363
12.849,-4.6654,7.579,0.66346,0.76127,0.34252,-0.47527,-0.085767,-0.83551,-23.515,-9.6014,-3.5141,2.7227,-5.0108,4.154,0.76394,0.50718,0.30502,-15.854,4.6906,10.3,2.6509,-3.6882,-5.6379,0.62491,-0.71617,-0.035495,-12.336,-1.1894,-0.6313,1.2733,-1.3473,-0.82865,0.7667,-0.53482,-0.21298,-14.657,-8.7926,-3.6947,0.45059,-0.26431,2.2507,0.75851,0.53574,0.43662
1.6777,-1.2069,-1.3086,2.0686,3.231,0.04054,-0.41253,-0.1256,-0.86051,-1.9924,3.6439,15.488,1.0496,-6.4911,8.3825,0.90694,0.3336,0.093096,-4.043,-0.78441,11.944,2.6171,-6.1328,-7.2502,0.76125,-0.56764,-0.096192,-2.5842,6.2608,-4.645,0.064363,-1.4255,-0.95446,0.77693,-0.51722,-0.2353,-7.0503,-4.6012,0.89752,-0.77377,-0.60218,1.7586,0.80027,0.47724,0.42873
-4.7567,-2.3473,-5.1919,1.9422,9.2862,-3.2223,-0.18176,-0.21462,-0.91485,58.934,42.614,-1.567,-3.8665,-4.0138,6.9151,0.93547,-0.015924,-0.15039,46.425,-28.483,-3.2268,3.2758,-0.75213,-4.9099,0.84033,-0.35768,-0.21677,2.7284,10.616,2.7647,-1.5461,-0.68128,-0.080046,0.7797,-0.49217,-0.27943,-2.3043,-26.827,5.8035,2.3089,-0.55376,1.2292,0.84479,0.43695,0.37673
-3.267,-3.4535,-3.8599,0.19611,9.9399,-1.4708,0.19077,-0.21566,-0.91092,-14.842,2.5896,-21.564,-1.9131,1.4651,-6.9692,0.93847,0.07711,-0.059248,0.89468,10.371,-11.409,2.3681,3.7951,2.0038,0.8836,-0.31904,-0.003434,-0.83552,4.5156,-1.7269,0.096405,0.43093,0.33591,0.7809,-0.47664,-0.30479,-4.0498,0.21025,-3.3418,-0.36329,0.41025,-1.4608,0.83259,0.4692,0.36055
3.1112,3.0275,20.715,0.96885,14.379,-3.6235,0.71865,-0.060158,-0.65369,18.991,-4.6989,-8.1106,-3.6667,4.8067,-5.6316,0.92904,0.2773,0.037248,2.2555,6.6075,-13.656,-4.0901,2.0196,-0.28495,0.91705,-0.29793,0.024088,-1.2413,-1.7733,2.4808,-0.49858,0.039198,0.044412,0.78514,-0.48348,-0.28443,-1.4421,7.5418,0.74113,1.6397,0.37163,-0.28614,0.81116,0.50413,0.35803
3.63,-1.7377,-2.1851,9.5363,4.1366,2.855,0.84537,-0.24805,-0.42319,-3.1053,-8.5258,-5.8529,2.7894,2.3667,-3.1145,0.85162,0.41873,0.14553,7.7312,-18.472,2.225,-3.0435,2.1635,2.0991,0.88796,-0.3481,0.030681,1.2144,3.7302,-2.0675,-0.83554,-0.066274,0.27919,0.77873,-0.48067,-0.30579,0.28442,5.2252,0.82382,0.11428,-0.64046,0.43827,0.81883,0.50937,0.33532
5.2567,2.1622,1.1202,14.111,5.6434,-4.0093,0.98222,-0.25467,-0.079988,-1.2784,-7.5031,-2.3764,1.1862,1.8761,-2.031,0.77737,0.55154,0.23897,-4.0611,-1.7115,-4.4945,3.8665,1.3881,2.0023,0.83145,-0.43093,0.1556,-8.5925,-5.5119,-0.026191,0.063091,2.3409,-0.23926,0.78786,-0.47793,-0.27961,-6.211,-5.0288,-6.1416,1.4077,0.37924,0.17109,0.82286,0.51298,0.33129
0.35116,-2.238,-0.13923,-6.9946,1.22,2.7015,0.9666,-0.29841,0.031059,-3.7979,-5.1356,0.88033,0.97826,0.86497,-1.96,0.72652,0.61697,0.25467,-4.2645,3.891,-3.2039,0.5376,0.18562,1.5672,0.79283,-0.47729,0.2208,-18.205,0.032778,2.8583,1.0328,-0.96399,0.22908,0.80074,-0.47225,-0.25143,-13.859,1.2889,-1.7715,0.22295,-0.093154,-0.017648,0.80747,0.52708,0.35141
-56.036,19.972,-0.35518,-5.8173,-1.696,-0.9499,0.95139,-0.33928,-0.078199,-5.634,-6.3637,3.6485,1.8257,0.20495,-2.2119,0.67327,0.68993,0.23224,-10.591,-0.231,2.8059,-0.048887,-0.36729,1.3847,0.76217,-0.5277,0.2189,-4.6313,-2.487,1.3481,0.41013,0.67426,0.034703,0.78801,-0.49232,-0.24766,-13.281,4.0253,3.221,0.61239,0.77744,0.7919,0.80663,0.52388,0.35752
-5.1301,-4.8371,8.8143,-8.283,-7.7163,-0.083666,0.79214,-0.32981,-0.36463,-9.4828,-7.3777,3.8584,1.5813,-0.37328,-1.353,0.62991,0.69262,0.12606,-11.553,1.9042,1.055,0.11322,-1.2359,0.77899,0.74743,-0.54438,0.18065,-25.219,-7.0643,-3.2771,0.6137,0.46085,-0.23372,0.80256,-0.47747,-0.22229,-13.866,7.2187,-3.6815,0.78462,-0.24475,0.34875,0.82113,0.50188,0.35569
-9.2802,-1.5939,17.532,-3.8644,-10.069,0.57373,0.60161,-0.21344,-0.67688,-10.316,-9.0976,7.4956,2.5726,-0.55261,-0.37806,0.6107,0.72188,0.056382,-12.495,1.9973,3.0952,-0.73148,-2.0399,0.42015,0.74241,-0.56868,0.11797,-8.4212,0.9017,-1.9805,0.74557,-0.70374,0.027536,0.7883,-0.49146,-0.24019,-9.4598,-2.1656,-0.47232,1.5591,0.08799,0.59714,0.83457,0.50175,0.32216
1.5103,-7.2645,4.134,-5.5158,-8.937,1.5618,0.3574,-0.083729,-0.93099,-11.199,-5.4366,7.5142,3.6849,-0.82197,0.508,0.61177,0.77306,-0.010643,-10.732,1.4686,5.7032,-0.20417,-2.2292,-0.48626,0.74669,-0.58149,0.060222,-11.119,-0.72425,-3.1133,-1.066,0.74506,-0.1022,0.7925,-0.49284,-0.22208,-17.982,-3.0581,3.4079,1.0856,-1.3406,0.39551,0.83603,0.51162,0.30419
5.2636,-4.3519,16.7,-5.1288,-8.5481,0.15365,-0.003757,0.17125,-0.96928,-10.286,-4.7961,9.3624,2.9882,-0.96302,1.4701,0.64445,0.73506,-0.13199,-13.099,2.4393,7.1369,-0.94073,-2.4197,-1.2741,0.76681,-0.55303,-0.022777,-11.973,2.3966,3.0485,0.84297,-1.0309,0.3383,0.79217,-0.49304,-0.237,-5.3508,0.9268,-1.6272,1.4655,-0.46034,-0.24946,0.84664,0.52246,0.24116
5.4342,-2.9634,4.3707,-3.1392,-5.0394,-1.2154,-0.28175,0.29903,-0.87885,-10.249,-4.3304,10.308,2.6937,-0.73798,1.7121,0.68346,0.66779,-0.22793,-10.888,2.228,8.8807,-1.6903,-2.158,-1.7685,0.7906,-0.50385,-0.12277,-5.7779,-4.4449,-1.4564,0.35355,0.18993,0.36878,0.78011,-0.5126,-0.22993,-12.104,2.7561,-0.90713,0.37813,0.35668,-0.46175,0.83224,0.55095,0.23409
1.8408,-8.5646,0.66648,2.3346,-2.803,-0.51422,-0.55293,0.31114,-0.76084,-8.3946,-1.5163,8.937,2.4749,-0.63509,2.0281,0.73547,0.54321,-0.35724,-10.699,0.19478,8.8896,-1.4814,-1.5527,-2.0957,0.81657,-0.41781,-0.23175,-11.156,4.6563,-0.29883,-0.074997,0.026545,-0.26297,0.77945,-0.5106,-0.2352,-8.9029,-0.34349,-1.0407,-0.59466,0.094162,-0.10697,0.83606,0.54779,0.22423
5.3307,-4.2554,1.6162,3.0847,-0.25364,-0.61482,-0.57037,0.1738,-0.79024,-9.2374,-1.65,10.501,2.1905,-0.57269,1.8013,0.76733,0.45519,-0.42117,-8.9555,-1.7948,8.6279,-1.462,-1.4135,-2.247,0.83569,-0.32956,-0.30166,-9.2669,1.3768,-1.6078,0.17079,-0.074121,-0.027972,0.78157,-0.50791,-0.23615,-9.8755,0.092414,-0.49567,-0.39204,-0.19705,-0.022156,0.83516,0.54492,0.23668
7.1578,-6.8831,-0.72956,-0.15582,0.86799,-0.44077,-0.50881,0.14367,-0.80475,-8.6119,1.5299,8.7163,2.147,-0.2645,1.6882,0.78771,0.3956,-0.43606,-8.685,-3.2703,8.8043,-1.5924,-0.83282,-2.1842,0.84543,-0.24973,-0.3453,-9.8097,1.4966,-0.27585,-0.54138,0.10839,-0.10959,0.78582,-0.50694,-0.22929,-9.7882,-1.1011,-1.0951,0.086873,-0.11253,0.035119,0.83162,0.54617,0.24104
8.1029,-5.4194,5.5835,-4.2802,1.8615,-0.71378,-0.44699,0.21474,-0.82857,-7.8557,3.1277,9.1851,0.85481,-0.025081,1.3679,0.80822,0.32288,-0.45797,-9.0721,-2.7875,7.4918,-1.9913,-0.28542,-2.074,0.85471,-0.15566,-0.37528,-9.8068,-1.9976,-0.43705,0.067426,0.026443,-0.31114,0.79142,-0.49626,-0.22944,-10.338,1.3122,-0.48525,0.10815,0.13814,-0.030031,0.83162,0.54877,0.24323
5.9851,-6.1347,10.919,-1.2823,0.39103,-0.025728,-0.41367,0.32958,-0.81471,-7.4338,1.8012,9.726,1.031,0.55069,0.95147,0.8259,0.27096,-0.45655,-9.0995,-5.0837,7.1573,-1.8342,-0.060535,-1.7309,0.85947,-0.062077,-0.39027,-9.8965,-0.37218,-0.042976,-0.23705,0.11839,-0.43105,0.79886,-0.48387,-0.22781,-9.438,1.9959,-0.69232,-0.035074,-0.079341,0.24159,0.8331,0.54578,0.24122
5.6812,-4.0051,5.0372,2.0217,-1.7204,0.10069,-0.47579,0.2505,-0.81682,-6.9572,2.7951,7.7747,0.71624,0.80972,0.75287,0.84845,0.20147,-0.45948,-8.9382,-5.3783,7.1942,-1.4175,0.19276,-1.2848,0.86304,0.023685,-0.39378,-9.3756,1.1476,-0.70941,-0.43939,-0.011854,-0.38583,0.80611,-0.46627,-0.2423,-9.7852,0.70687,-1.1648,-0.1502,-0.023304,0.36727,0.84439,0.53077,0.23182
7.0786,-4.5865,-0.62571,1.5829,-0.56511,0.018353,-0.53421,0.19691,-0.79815,-7.1808,1.8365,7.487,0.49626,0.86686,0.59298,0.86951,0.17259,-0.43457,-8.8396,-5.6711,6.4184,-1.5104,0.31064,-0.85011,0.86614,0.082678,-0.38159,-9.9692,0.51398,-0.39803,-0.27036,0.046368,-0.3008,0.8139,-0.44916,-0.2472,-9.8008,-0.065018,-0.43507,-0.49445,0.11076,0.41428,0.8542,0.51294,0.2433
7.693,-5.4483,2.4992,-0.49202,1.3516,-0.10744,-0.49989,0.21078,-0.80382,-7.0172,2.3601,6.5062,0.48411,0.90963,0.60227,0.88717,0.15926,-0.39328,-8.1295,-6.2696,6.4347,-0.76604,0.2281,-0.47481,0.86737,0.11676,-0.36704,-9.6636,-0.7899,-0.36796,0.17645,0.047408,-0.26927,0.81821,-0.44156,-0.2431,-9.5773,-0.75308,-0.50038,-0.55711,-0.069887,0.27115,0.85805,0.49857,0.25888
6.594,-5.6264,6.6599,-1.0445,0.67714,-0.15718,-0.45976,0.23967,-0.81917,-6.8555,3.2714,6.577,0.071858,0.64259,0.61507,0.9034,0.13312,-0.36623,-7.1343,-5.5635,6.5842,-0.24318,0.082884,-0.26573,0.86833,0.13412,-0.36031,-9.6622,-1.2529,-0.83261,0.49105,0.082225,-0.20823,0.82372,-0.43823,-0.23487,-10.1,0.37864,-0.87222,-0.17951,0.033778,0.004274,0.85997,0.4912,0.26383
6.3754,-5.4328,4.9885,0.63183,-0.80571,0.071168,-0.4719,0.23824,-0.81366,-6.736,3.0901,6.9511,0.1673,0.50474,0.53531,0.91262,0.11185,-0.34821,-6.4677,-4.9648,6.6035,-0.28709,-0.16498,-0.11944,0.86739,0.14322,-0.36138,-9.8561,-1.2988,-0.80644,0.14465,-0.007867,-0.14801,0.82735,-0.43543,-0.22908,-9.5594,1.0173,-0.51772,-0.30857,0.014583,0.062086,0.86121,0.48842,0.26948
7.1275,-5.2071,2.5934,0.40134,-0.40292,0.07638,-0.4941,0.2101,-0.81446,-6.8065,4.0959,6.5227,0.12659,0.37355,0.46748,0.92214,0.083165,-0.33782,-5.6866,-5.6921,6.535,-0.34778,-0.34573,0.02688,0.86336,0.1459,-0.36883,-9.6,-1.4949,-0.29089,0.26525,-0.042501,-0.22415,0.82875,-0.43219,-0.22719,-9.5147,1.0032,-0.82329,-0.080809,0.05425,0.11965,0.86521,0.47951,0.27373
7.4056,-5.4234,4.2801,-0.20878,0.18644,0.020223,-0.49412,0.21101,-0.81473,-6.6224,3.9019,6.5424,-0.096723,0.31553,0.36587,0.92907,0.067585,-0.32496,-5.3258,-5.7617,6.3999,-0.13007,-0.3974,0.073047,0.85864,0.14709,-0.38029,-9.5954,-1.1034,-0.65136,0.11119,-0.061699,-0.25423,0.83172,-0.42638,-0.22628,-9.8428,1.736,-0.58033,0.045668,-0.028794,0.15147,0.86685,0.47546,0.2736
7.0315,-5.2684,5.181,0.16953,-0.18779,0.038777,-0.49439,0.22026,-0.80698,-6.6418,3.5925,6.3513,-0.087267,0.32314,0.32665,0.93369,0.061828,-0.30774,-4.965,-5.6632,6.0296,0.041961,-0.28157,0.032974,0.85151,0.14734,-0.39185,-9.8342,-1.0899,-0.53613,-0.048416,0.058356,-0.22339,0.83561,-0.41901,-0.22599,-9.739,1.1981,-0.7145,-0.027072,-0.0534,0.18945,0.86923,0.47208,0.27294
7.1263,-5.0766,3.3105,0.32983,-0.38986,0.061674,-0.50889,0.21106,-0.80151,-6.8225,3.6917,5.9035,-0.030499,0.28368,0.36507,0.93819,0.04912,-0.29636,-4.7961,-5.9014,5.7014,0.089273,-0.19358,-0.095704,0.84779,0.14717,-0.40084,-9.8444,-0.50548,-0.40192,-0.1349,-0.006652,-0.22637,0.83934,-0.40898,-0.22858,-10.017,0.96811,-0.79451,-0.007469,0.024106,0.1593,0.87272,0.46609,0.27264
7.2597,-5.1599,3.49,-0.044909,-0.009265,0.034011,-0.51407,0.20736,-0.79957,-6.8597,4.1496,5.4873,-0.1454,0.25844,0.38193,0.94102,0.03581,-0.28701,-4.5695,-5.8952,5.6753,0.072004,-0.15404,-0.21039,0.84568,0.15159,-0.40774,-9.7233,-0.909,-0.63914,-0.10709,0.007393,-0.10548,0.84253,-0.403,-0.22884,-9.5754,0.64544,-0.96722,-0.045621,-0.019344,0.10645,0.87559,0.46086,0.27467
7.2421,-5.289,4.3245,0.074164,-0.079722,0.039984,-0.50869,0.2072,-0.80532,-6.7462,4.0155,5.6235,-0.13731,0.27173,0.38728,0.94566,0.022328,-0.28028,-4.5453,-5.9371,5.9063,0.048163,-0.12487,-0.26865,0.84272,0.15432,-0.41161,-9.7345,-1.5027,-0.35361,0.000602,-0.010319,-0.068641,0.84342,-0.39991,-0.22946,-9.6042,1.3102,-0.90615,-0.015669,0.038518,0.038012,0.87843,0.45579,0.27274
7.3701,-5.2438,3.8931,0.14539,-0.29846,0.082965,-0.51418,0.20498,-0.80168,-6.7069,3.8872,5.5794,-0.032467,0.34364,0.44014,0.94878,0.005984,-0.26879,-4.582,-5.891,6.0492,-0.11214,-0.092119,-0.28644,0.83867,0.1651,-0.41452,-9.413,-1.5986,-0.44458,0.027069,0.000912,-0.096832,0.84532,-0.40079,-0.23054,-9.6256,1.7649,-0.59153,-0.08826,-0.004527,0.050561,0.87684,0.4538,0.27418
7.5577,-5.1696,3.4847,0.17571,-0.071584,0.041905,-0.52641,0.20067,-0.7931,-6.8145,4.3541,5.299,-0.12255,0.32567,0.48706,0.95299,-0.008976,-0.25103,-4.6526,-6.0414,6.1705,-0.13119,-0.14292,-0.31045,0.83393,0.17851,-0.41854,-9.6749,-1.5692,-0.54741,-0.023383,0.047749,-0.10179,0.84627,-0.39562,-0.22881,-9.4992,1.2569,-0.75511,-0.10835,-0.013181,0.070413,0.87858,0.45038,0.27747
7.4378,-5.1624,3.7748,0.16626,0.24544,0.080659,-0.52155,0.19636,-0.79633,-6.7965,4.2782,5.4494,-0.19818,0.28786,0.5017,0.95564,-0.025545,-0.24085,-4.7795,-6.0656,6.4526,-0.011986,-0.18896,-0.33606,0.82929,0.18998,-0.42312,-9.7655,-1.3374,-0.45945,-0.068418,-0.017269,-0.084548,0.84937,-0.39195,-0.22894,-9.6721,0.98923,-0.88575,0.000265,0.004852,0.053168,0.87906,0.44944,0.28015
7.0946,-5.0941,4.0487,-0.032284,-0.006528,0.035854,-0.51692,0.19804,-0.79882,-6.7828,4.5597,5.3998,-0.065943,0.27015,0.51301,0.95798,-0.042859,-0.23185,-4.7357,-6.0465,6.4969,0.26076,-0.19476,-0.36666,0.8245,0.19799,-0.43076,-9.6329,-1.0438,-0.60716,-0.080071,-0.003209,-0.039401,0.84919,-0.39039,-0.23274,-9.8137,1.3931,-0.8497,0.021516,0.043794,0.023576,0.87926,0.44841,0.27912
7.3475,-5.1557,4.1322,0.11225,-0.076502,0.033643,-0.51787,0.19442,-0.80175,-6.9156,4.7031,5.3388,-0.027522,0.22387,0.48221,0.96085,-0.064493,-0.22091,-4.5946,-5.9941,6.6693,0.27817,-0.20623,-0.39047,0.81656,0.20602,-0.44108,-9.7483,-1.7276,-0.38365,-0.058372,0.017937,-0.049083,0.85054,-0.38597,-0.23177,-9.649,1.3174,-0.75748,-0.010158,0.002322,0.019689,0.8804,0.44503,0.27604
7.3699,-5.1852,4.0576,-0.22361,-0.12558,-0.060541,-0.52236,0.19586,-0.79663,-7.0037,4.6016,5.2698,0.070146,0.1685,0.43128,0.96172,-0.084756,-0.21323,-4.4481,-6.1235,6.6298,0.11431,-0.17964,-0.36231,0.8103,0.21498,-0.44794,-9.5546,-1.6666,-0.43985,0.039756,-0.00694,-0.066894,0.85075,-0.38465,-0.23281,-9.6636,1.5568,-0.86167,-0.062309,0.045087,0.01648,0.88099,0.44422,0.28031
7.2438,-5.1245,3.9377,0.17036,-0.084701,-0.009124,-0.52753,0.19924,-0.79181,-7.1283,4.5579,5.2931,0.039766,0.11504,0.38054,0.95912,-0.097138,-0.20601,-4.4185,-6.3299,6.5703,0.19523,-0.18112,-0.30482,0.8048,0.22237,-0.45472,-9.8012,-1.6972,-0.54981,-0.011817,0.039016,-0.060403,0.85074,-0.38338,-0.23269,-9.6188,1.3767,-0.6821,-0.012217,-0.011744,0.034057,0.8806,0.44407,0.28228
7.3029,-5.2875,3.8401,0.036395,-0.052942,0.019735,-0.52918,0.19794,-0.79054,-7.225,4.7769,5.1283,0.032389,0.055649,0.35628,0.95889,-0.11235,-0.20328,-4.2967,-6.2307,6.4335,0.33393,-0.17577,-0.28253,0.79836,0.2263,-0.46258,-9.5704,-1.5091,-0.47785,-0.022701,-0.010368,-0.058067,0.85274,-0.38347,-0.23416,-9.6566,1.2502,-0.77273,0.038044,0.01726,-0.003841,0.88137,0.44382,0.28178
7.392,-5.2594,4.0275,-0.12618,0.026926,0.002774,-0.53142,0.20103,-0.79039,-7.0637,4.9365,5.2005,0.043738,0.032769,0.26364,0.95907,-0.12377,-0.20202,-4.1266,-5.9595,6.3873,0.26474,-0.14133,-0.26303,0.79418,0.23016,-0.4707,-9.632,-1.1791,-0.53197,-0.076723,0.023202,-0.026887,0.85175,-0.38205,-0.23421,-9.7531,1.8036,-0.82516,0.031643,0.056099,0.010927,0.88222,0.44316,0.28248
7.2583,-5.0958,4.1469,-0.064448,0.033256,-0.030003,-0.53228,0.20336,-0.79149,-7.0707,4.7719,5.1487,0.059637,0.012526,0.17446,0.95686,-0.13363,-0.20157,-4.063,-6.1227,6.4816,0.043413,-0.083925,-0.22077,0.78959,0.23295,-0.47429,-9.6307,-1.4192,-0.50167,-0.11604,0.026777,-0.014559,0.85167,-0.37844,-0.23488,-9.4766,1.3615,-0.78433,-0.006432,0.00214,0.012363,0.88141,0.44093,0.28184
7.036,-5.0038,3.8175,-0.13388,-0.097293,-0.032308,-0.53397,0.20381,-0.78838,-6.963,4.7332,5.137,0.11354,-0.016174,0.13119,0.95576,-0.13973,-0.20139,-4.0677,-6.2441,6.4665,-0.053211,-0.082551,-0.20676,0.78445,0.23989,-0.47651,-9.453,-1.1483,-0.54341,-0.11577,0.003822,0.009153,0.85181,-0.37794,-0.23801,-9.4858,0.3155,-0.72754,0.030522,-0.008011,-0.052872,0.88154,0.44331,0.28047
6.984,-4.9076,3.9371,-0.10963,0.036856,-0.044703,-0.53419,0.20813,-0.78749,-6.7108,4.8151,5.224,0.032593,0.001225,0.082211,0.95743,-0.14325,-0.1998,-4.141,-6.0834,6.4528,-0.043368,-0.094115,-0.16615,0.7828,0.24528,-0.47913,-9.7228,-0.96944,-0.53402,-0.13307,0.040959,0.028869,0.8533,-0.37617,-0.23794,-9.9879,0.30349,-0.89294,0.043015,0.077904,-0.15612,0.87926,0.44694,0.28245
7.5701,-5.2915,4.2972,-0.04134,-0.056558,-0.039585,-0.53774,0.20988,-0.7846,-6.6818,4.8349,5.1513,0.081359,-0.014347,0.1253,0.95657,-0.14856,-0.19988,-4.2288,-6.1878,6.6782,-0.001014,-0.13881,-0.18478,0.77834,0.25195,-0.48282,-10.246,-0.88135,-0.57464,-0.17445,0.060719,0.17551,0.8514,-0.37996,-0.23868,-9.8594,0.84751,-0.69507,0.054939,0.006877,-0.12324,0.87619,0.45215,0.28305
7.9337,-5.4439,4.6272,-0.13724,-0.019719,-0.027971,-0.53914,0.21332,-0.78335,-6.6828,4.9763,4.9891,0.13135,-0.040019,0.22436,0.95453,-0.15554,-0.20051,-4.1048,-6.0868,6.8397,0.018667,-0.15501,-0.14677,0.77381,0.25708,-0.48773,-10.058,0.10399,-1.0821,-0.66111,0.023498,0.34922,0.84632,-0.38507,-0.24387,-9.6359,0.30232,-1.0289,0.062599,0.011762,-0.14682,0.87433,0.45869,0.28234
7.5778,-5.0264,4.672,-0.12821,-0.05259,-0.06614,-0.54129,0.21661,-0.78133,-6.5263,4.9764,4.9585,0.12723,-0.068787,0.26428,0.95139,-0.16611,-0.20282,-4.0979,-5.9584,6.9867,0.014817,-0.15479,-0.13617,0.76906,0.2604,-0.49209,-9.5361,0.75366,0.090589,-0.47321,0.015244,0.51436,0.83693,-0.39602,-0.2558,-9.9501,0.91866,-1.6975,-0.034762,0.096616,-0.19294,0.86918,0.46636,0.28388
7.3066,-4.414,3.9801,0.088284,-0.092553,-0.11223,-0.54366,0.21522,-0.78128,-6.5509,4.7689,4.7727,0.12745,-0.06268,0.2536,0.95078,-0.17591,-0.20397,-4.103,-5.876,7.0806,-0.010519,-0.11285,-0.12374,0.76662,0.26467,-0.49561,-9.1417,-3.4356,-0.27957,0.020697,0.10571,0.22648,0.83307,-0.40858,-0.25399,-9.4555,0.56963,-0.80852,-0.12737,-0.018138,-0.12494,0.86541,0.47011,0.28554
7.127,-4.6049,3.9103,-0.26746,0.13242,-0.090906,-0.54415,0.21668,-0.778,-6.4007,5.0752,4.5952,0.096918,-0.036656,0.28429,0.94783,-0.18876,-0.20325,-4.0964,-5.3707,6.9398,0.000975,-0.095232,-0.080367,0.76351,0.26728,-0.49986,-9.4052,-3.0763,-0.36029,0.38837,0.11836,-0.12805,0.83197,-0.41083,-0.24815,-9.4129,-0.91039,-0.59514,0.22569,-0.17871,-0.10874,0.86366,0.47366,0.28225
6.9614,-4.6504,4.5056,-0.023268,0.25809,-0.092925,-0.5369,0.21949,-0.78078,-6.2343,5.1719,4.6477,0.03391,-0.004186,0.34638,0.94668,-0.20172,-0.20281,-4.3328,-5.316,6.8937,0.045691,-0.10033,-0.084802,0.76086,0.26818,-0.50254,-9.8629,0.013498,-0.77799,0.1278,0.085406,-0.28121,0.83628,-0.40576,-0.24168,-9.5496,-1.7294,-1.1824,0.39193,-0.15019,-0.23822,0.86338,0.48217,0.26728
7.2501,-5.0234,4.5949,0.02423,0.030991,-0.028024,-0.53482,0.21751,-0.784,-6.1565,5.4649,4.72,0.081056,0.017382,0.49288,0.94326,-0.21472,-0.2012,-4.42,-5.6727,6.9989,0.12362,-0.18572,-0.1768,0.75582,0.26971,-0.50762,-9.6988,0.34888,-0.11482,-0.23814,0.11843,-0.22444,0.84108,-0.39685,-0.23847,-9.5194,-1.5953,-1.1217,0.41694,-0.082758,-0.53904,0.85426,0.50209,0.25658
6.796,-4.9161,4.5922,-0.12194,-0.20989,-0.010814,-0.53952,0.21797,-0.78035,-5.6325,5.4379,4.7693,0.019217,-0.005495,0.58405,0.93697,-0.23688,-0.20166,-4.0858,-5.6955,6.5936,0.10193,-0.31555,-0.19289,0.74876,0.27367,-0.51539,-9.7709,0.002234,0.21424,-0.046272,0.113,-0.13627,0.84579,-0.38735,-0.23069,-9.3705,-2.457,-0.56872,0.31062,-0.20303,-0.78924,0.83743,0.52985,0.23967
5.9062,-4.7105,3.1395,0.035664,-0.20373,0.042116,-0.54612,0.22007,-0.77505,-5.8188,5.6413,4.8395,0.15287,-0.000677,0.65411,0.93107,-0.26181,-0.19997,-4.28,-5.9562,6.3067,0.093754,-0.44484,-0.12965,0.73901,0.27518,-0.52674,-9.5364,0.063324,-1.6268,0.65194,0.21059,0.00379,0.84695,-0.39095,-0.22395,-12.69,-3.3706,0.23932,0.18388,-0.092508,-1.2344,0.81702,0.56733,0.23172
7.3609,-5.9672,3.2617,0.11356,-0.13845,0.11775,-0.5517,0.21714,-0.77326,-5.7808,6.4498,5.0865,0.16868,-0.057534,0.82275,0.92222,-0.28844,-0.19815,-4.0368,-7.1913,6.5397,0.30726,-0.6097,-0.16689,0.72545,0.27573,-0.54367,-10.54,-2.0202,-1.1345,0.66763,0.10631,0.027402,0.84656,-0.39601,-0.2084,-12.719,-3.8084,1.5823,-0.41603,-0.7007,-1.283,0.79016,0.6061,0.21904
7.5918,-6.9887,4.4653,-0.49739,0.063943,0.025804,-0.55111,0.22962,-0.76669,-5.3511,6.4721,5.478,0.1575,-0.13548,0.79762,0.91183,-0.32069,-0.19942,-3.2814,-7.1024,6.3027,0.3379,-0.71501,-0.08912,0.70919,0.27061,-0.56674,-10.11,-0.38039,-1.8779,-0.096645,0.10104,0.25172,0.84085,-0.40344,-0.20289,-11.501,3.2899,1.5922,-0.77363,-0.033426,-1.6557,0.75489,0.6445,0.22527
7.5163,-6.7765,5.2719,-0.13699,0.044998,-0.01371,-0.54946,0.24099,-0.7675,-5.5401,6.3266,6.4677,0.26067,-0.23508,0.76776,0.89975,-0.35121,-0.20289,-3.4927,-7.6798,6.6176,0.27054,-0.73656,-0.02224,0.69056,0.26661,-0.58946,-10.114,-0.98108,-1.7123,-0.15181,-0.043299,0.16412,0.83954,-0.41017,-0.20385,-10.821,4.1781,-1.2551,-1.4405,0.24184,-1.6137,0.71023,0.68262,0.25525
7.6845,-6.2561,4.4708,0.19149,-0.19759,-0.008577,-0.55428,0.2359,-0.76633,-5.6599,6.3475,7.1354,0.38234,-0.19809,0.78829,0.88391,-0.38278,-0.20655,-3.0711,-7.8134,6.8047,0.27904,-0.67537,-0.007871,0.67466,0.25657,-0.61313,-10.304,-1.7758,-1.9554,-0.19093,-0.12602,0.006308,0.83731,-0.41428,-0.20277,-10.646,0.40923,-0.34349,-0.96478,0.11508,-1.0567,0.67083,0.70573,0.29995
7.1791,-6.0661,4.2743,-0.11658,-0.2405,-0.014339,-0.56321,0.23532,-0.76031,-5.6303,6.3617,7.2061,0.19702,-0.13647,0.73503,0.87056,-0.41378,-0.20723,-2.6294,-6.7812,6.7495,0.20936,-0.54436,0.021685,0.65935,0.25087,-0.63236,-9.4808,-1.9545,-1.4884,-0.036506,-0.093339,-0.31115,0.83961,-0.40847,-0.20817,-8.3575,-1.574,-0.22052,0.076273,-0.43158,-0.73279,0.64911,0.72544,0.29995
6.3152,-5.9332,4.2835,-0.049796,-0.23393,0.060426,-0.568,0.23927,-0.7531,-5.5381,6.1356,6.846,-0.044115,-0.045771,0.55252,0.86109,-0.43567,-0.20877,-2.7138,-5.9409,6.8607,-0.1463,-0.37464,0.15681,0.64909,0.24852,-0.64375,-8.9651,-2.1165,-1.703,-0.017187,-0.13074,-0.54442,0.84442,-0.3915,-0.21871,-6.2957,0.10827,-1.2718,0.83704,-0.2966,-0.33499,0.63921,0.74228,0.27976
5.7367,-5.6741,3.6243,0.063856,-0.30704,0.10641,-0.57849,0.23946,-0.74661,-5.4258,5.6672,6.4533,-0.25932,0.076125,0.30413,0.85512,-0.44761,-0.21342,-2.8607,-5.386,6.5774,-0.21382,-0.19784,0.25779,0.64486,0.25039,-0.6478,-9.0316,-1.5459,-0.12936,-0.015727,-0.20375,-0.64709,0.85404,-0.37055,-0.22432,-6.9017,-0.59081,0.79283,1.3771,-0.081896,-0.014369,0.63528,0.75707,0.24514
5.7256,-5.109,3.1206,0.4808,-0.24736,0.10307,-0.58642,0.23532,-0.74159,-5.4513,5.3108,5.9484,-0.29203,0.23087,0.099753,0.85287,-0.4514,-0.21256,-3.0357,-5.5767,6.4608,-0.077581,0.013712,0.30159,0.64663,0.24373,-0.64777,-8.9191,-0.41852,-0.5935,0.17765,-0.15563,-0.63066,0.86132,-0.34968,-0.23031,-8.1578,-4.6477,2.6731,2.0385,0.15174,0.14732,0.6391,0.76946,0.1927
6.9476,-5.3839,2.7103,0.58766,-0.07776,0.092546,-0.59252,0.22185,-0.74239,-5.6727,6.0305,5.547,-0.37278,0.28368,-0.045969,0.85483,-0.45043,-0.20975,-2.9323,-6.2208,6.5224,0.25782,0.22983,0.25204,0.65302,0.23364,-0.64577,-9.6214,-1.0005,-1.9875,0.1928,0.052309,-0.71055,0.87139,-0.32511,-0.22689,-9.7263,-4.9444,-0.11826,1.0237,0.51991,-0.1003,0.64054,0.78282,0.13158
8.5196,-6.5783,3.7066,0.5513,0.076831,0.060078,-0.59116,0.2072,-0.74966,-6.1973,7.412,5.6521,-0.49484,0.19302,-0.11826,0.86096,-0.44107,-0.20985,-2.9034,-7.903,7.5105,0.37471,0.3182,0.12148,0.66381,0.22052,-0.64157,-11.879,-3.4483,-1.64,0.18464,0.056756,-0.96505,0.88522,-0.29709,-0.22121,-15.024,-0.56404,-2.4222,-0.93884,0.47647,0.33333,0.64284,0.78008,0.14809
10.609,-8.1217,5.7342,0.17438,0.091127,0.056112,-0.58768,0.19642,-0.75422,-5.6113,10.382,6.131,-0.66109,0.044842,0.064238,0.8616,-0.43816,-0.21648,-2.6527,-8.4508,8.8686,0.6238,-0.024162,-0.17216,0.66815,0.20809,-0.64288,-11.638,-0.2737,-0.13809,0.13214,-0.07679,-0.66526,0.89414,-0.2722,-0.22242,-10.423,3.2105,1.4906,-1.9089,-0.36415,0.27728,0.6472,0.76062,0.20951
9.0129,-5.6901,4.7531,-0.12925,-0.57513,-0.019995,-0.59893,0.19966,-0.74672,-3.2922,8.3788,5.6889,-0.746,0.091208,0.043959,0.86159,-0.43486,-0.22821,-2.1172,-5.4628,9.1718,0.14739,-0.35414,0.03194,0.66254,0.20089,-0.65202,-9.5991,0.062276,0.36768,-0.078513,-0.35086,-0.045965,0.89618,-0.2596,-0.2315,-7.8247,-0.63274,-0.94109,-1.0532,0.01339,0.68909,0.66375,0.73846,0.24718
6.5479,-3.5259,1.9588,0.17694,-0.69799,-0.11606,-0.62154,0.19743,-0.72975,-3.3443,5.9549,5.0797,0.012097,0.18085,-0.097325,0.8642,-0.43002,-0.22945,-2.1437,-4.0487,8.7826,-0.61072,-0.46246,0.65627,0.6551,0.20062,-0.66233,-9.126,-2.6568,1.8132,0.27152,-0.56255,0.32798,0.88919,-0.26848,-0.24803,-9.0692,-0.35194,-2.6796,-0.33578,0.58026,0.78028,0.68515,0.71069,0.27045
6.1749,-3.2247,-0.38453,0.38154,-0.19036,-0.06704,-0.63393,0.18635,-0.72193,-3.9308,5.6767,4.4916,0.43476,0.1234,-0.13328,0.86858,-0.42451,-0.22179,-1.1816,-5.0192,8.3886,-0.35821,-0.1693,0.77393,0.65151,0.19316,-0.66619,-8.3531,-4.895,1.5385,0.91685,-0.27417,0.38778,0.88347,-0.28411,-0.25244,-10.177,-0.98278,-0.23472,-0.20691,0.33037,0.75533,0.70642,0.67622,0.31233
7.4174,-4.625,0.89894,0.66648,1.0612,0.20444,-0.61385,0.17461,-0.74016,-4.1654,6.6949,4.0233,0.24328,-0.10785,-0.13996,0.87112,-0.42312,-0.2152,-0.79453,-5.621,7.1898,0.14985,0.1336,0.54029,0.65702,0.17951,-0.66678,-8.6862,-3.4855,-0.46544,1.0345,-0.20913,0.30726,0.87629,-0.30771,-0.24867,-9.9218,-0.45111,-0.94615,0.28493,0.14481,0.79615,0.72652,0.65648,0.31387
8.4808,-5.7375,2.8245,-0.16091,0.30503,0.005179,-0.59932,0.17481,-0.75313,-3.8393,6.7159,4.1858,-0.20496,-0.33898,-0.16411,0.87189,-0.42085,-0.2222,-0.11985,-5.4788,7.2123,0.25457,0.19362,0.30581,0.66509,0.16314,-0.66414,-9.1813,-4.4482,-0.29427,0.9864,-0.20012,0.15891,0.87026,-0.32747,-0.2421,-8.9508,-1.4148,-2.2173,-0.040617,0.053103,0.71814,0.74135,0.64191,0.30219
8.7614,-5.5895,4.1555,-0.5168,-0.078524,-0.075636,-0.59546,0.18651,-0.75226,-3.5284,7.4454,4.716,-0.16384,-0.37391,-0.1129,0.87139,-0.41222,-0.2395,-0.055617,-4.9975,8.0361,0.21339,0.14825,0.047824,0.67213,0.15406,-0.66176,-8.9326,-3.6725,-0.83032,0.32968,-0.25232,0.018322,0.8669,-0.33583,-0.24329,-10.102,-0.39745,-1.0984,-0.056264,0.11934,0.66123,0.75626,0.62156,0.30859
8.4979,-4.984,3.307,-0.076966,-0.0982,-0.23277,-0.60388,0.18516,-0.74635,-2.917,8.091,5.0459,0.076216,-0.27648,-0.067024,0.87019,-0.4084,-0.25144,-0.16846,-4.8987,8.7026,0.1507,-0.032775,-0.10633,0.6746,0.14813,-0.66021,-9.2274,-4.0448,0.049491,-0.28135,-0.2039,-0.094354,0.86616,-0.33287,-0.25353,-9.7122,-0.33091,-1.4204,-0.2869,0.002686,0.61199,0.77193,0.59858,0.31599
7.8931,-4.4616,1.7312,0.094605,0.1059,-0.25448,-0.59886,0.18476,-0.75351,-3.2719,6.9837,4.9099,0.53067,-0.082585,-0.045944,0.8683,-0.40721,-0.2574,-0.24714,-4.4465,8.6104,0.063677,-0.096144,-0.20899,0.67271,0.14836,-0.66282,-9.0319,-4.0389,0.60862,-0.4808,-0.027702,-0.154,0.87025,-0.32305,-0.25742,-9.7814,-1.2861,-1.6034,0.19534,0.13467,0.49055,0.78802,0.57929,0.32255
7.9572,-4.9448,2.0345,-0.23859,0.35837,-0.18488,-0.59097,0.18636,-0.75918,-3.9618,6.5825,4.69,0.91017,-0.054522,0.001583,0.86876,-0.41659,-0.24579,-0.4925,-4.7361,8.3379,0.08135,0.008159,-0.37135,0.67047,0.1539,-0.66486,-8.9885,-3.479,1.2766,-0.20916,-0.056249,-0.23698,0.87338,-0.31031,-0.26371,-9.5174,-0.30961,-1.3648,0.66739,0.22848,0.43921,0.79629,0.57249,0.31488
7.9172,-5.0226,3.0482,-0.27429,0.29232,-0.20284,-0.58975,0.18659,-0.7586,-4.4639,6.7545,4.7265,0.8831,-0.18083,0.017966,0.86813,-0.42518,-0.23024,-0.92298,-5.0782,8.1026,0.15423,0.16943,-0.53182,0.6687,0.16405,-0.66486,-8.7806,-3.2233,1.318,0.12962,-0.055876,-0.20338,0.87544,-0.30378,-0.27134,-9.6654,0.7365,-1.2524,0.67473,0.096818,0.39583,0.8013,0.56646,0.30444
8.054,-4.6075,2.7088,-0.15642,0.1045,-0.24382,-0.58988,0.18461,-0.76111,-4.6375,6.5948,4.6567,0.75741,-0.36189,0.016205,0.86553,-0.42996,-0.2264,-1.2153,-5.1497,8.1679,0.31136,0.302,-0.63038,0.67149,0.17307,-0.65944,-9.0679,-2.6536,1.1016,0.54543,-0.097586,-0.11793,0.87569,-0.30325,-0.26846,-9.8154,0.34731,-0.83761,0.66973,0.053759,0.48157,0.81061,0.5614,0.2932
7.9377,-4.1019,2.4576,-0.20789,-0.032986,-0.22324,-0.59006,0.18431,-0.75953,-4.1073,8.3266,4.9984,0.59976,-0.48286,-0.11796,0.86219,-0.43637,-0.22932,-1.5374,-5.0638,8.4989,0.35722,0.37909,-0.65675,0.67765,0.18247,-0.65197,-9.1437,-2.5182,0.92734,0.82688,-0.10668,-0.060595,0.87494,-0.30798,-0.26482,-9.6983,-0.95104,-1.4069,0.62311,0.095643,0.34628,0.81939,0.55489,0.28171
7.9359,-4.4136,2.6047,-0.42038,0.38427,-0.23536,-0.57801,0.19434,-0.76642,-4.187,8.7729,4.9562,0.28206,-0.51558,-0.27019,0.86026,-0.43767,-0.23887,-1.6836,-5.0995,8.5511,0.34162,0.31962,-0.63221,0.68083,0.18835,-0.64355,-9.584,-2.7287,0.62611,0.96831,-0.060863,-0.012659,0.87582,-0.31486,-0.2526,-9.661,-0.81525,-1.8392,0.33966,0.077226,0.15327,0.82564,0.55191,0.26888
8.2273,-5.3092,3.6609,-0.47236,0.50126,-0.25415,-0.5646,0.20395,-0.77585,-4.3806,8.0404,5.0124,0.34016,-0.47283,-0.31326,0.8607,-0.42969,-0.25092,-1.7467,-5.167,8.4291,0.23915,0.29036,-0.67656,0.68376,0.19892,-0.63792,-9.8005,-2.7445,0.62928,0.98768,-0.048405,0.079202,0.87587,-0.3274,-0.2425,-9.8001,1.0677,-1.7916,0.21842,0.16674,0.12521,0.82718,0.55049,0.26804
8.3205,-5.9188,4.0307,-0.69064,0.30358,-0.27821,-0.56254,0.21168,-0.77411,-4.674,8.1319,5.1495,0.57305,-0.41375,-0.28466,0.86267,-0.42229,-0.25627,-1.9068,-5.5156,8.308,0.24575,0.30614,-0.77463,0.68421,0.21166,-0.63374,-9.7778,-2.7523,0.71228,0.73488,0.002975,0.098074,0.87245,-0.33948,-0.23321,-9.4107,1.0136,-1.7852,0.28267,0.11041,0.16882,0.82985,0.54852,0.27146
8.0524,-5.8576,4.0738,-0.19883,0.18987,-0.20594,-0.55588,0.21938,-0.77788,-4.7273,7.8148,5.0651,0.634,-0.453,-0.31566,0.86141,-0.41696,-0.26188,-1.8675,-5.5589,8.0038,0.28561,0.41788,-0.9342,0.68717,0.2275,-0.62486,-9.6029,-3.1139,1.2714,0.50766,0.029595,0.080543,0.87271,-0.34805,-0.22324,-9.6505,1.1428,-2.1176,0.36564,0.049762,0.16379,0.83211,0.54466,0.26553
7.3503,-4.8792,3.4855,-0.25756,0.023274,-0.2072,-0.55337,0.22345,-0.77781,-4.5536,7.1182,5.1991,0.54279,-0.50456,-0.35971,0.86308,-0.41082,-0.26826,-1.8233,-5.5266,7.5393,0.20048,0.60175,-1.0081,0.69127,0.24741,-0.61314,-9.399,-3.4216,1.5159,0.45456,0.091157,0.034144,0.872,-0.35395,-0.21593,-9.561,0.73788,-1.7885,0.27302,0.003307,0.18992,0.83664,0.54292,0.26015
7.0836,-4.8524,2.8794,-0.26393,0.19907,-0.18431,-0.54615,0.22845,-0.78128,-4.2242,6.6235,5.2183,0.66636,-0.38713,-0.4597,0.86562,-0.40446,-0.2729,-2.3201,-5.7059,7.4911,0.14517,0.62247,-1.0454,0.69734,0.27396,-0.59565,-9.1081,-3.3307,1.5817,0.51095,0.068025,-0.028651,0.87131,-0.36126,-0.20523,-9.7409,0.58897,-1.6873,0.12652,0.032867,0.082025,0.83862,0.53984,0.25406
7.3659,-4.8709,3.2245,-0.090184,0.29552,-0.27016,-0.54038,0.23091,-0.78465,-4.2315,6.385,4.4249,1.2343,-0.28995,-0.39456,0.8689,-0.40053,-0.26903,-2.7027,-5.7625,7.6183,0.2189,0.48304,-0.97943,0.69782,0.29711,-0.58345,-9.0809,-2.8799,1.4017,0.65098,0.028206,-0.05619,0.87238,-0.36262,-0.19654,-9.5755,0.91678,-1.6612,0.066882,0.01469,0.082867,0.84083,0.53828,0.25509
8.1947,-4.6469,2.9786,-0.2102,-0.04587,-0.12743,-0.54342,0.2273,-0.78223,-4.1789,8.0066,4.0049,1.1732,-0.30025,-0.18938,0.87067,-0.4018,-0.26061,-2.762,-5.3545,7.7521,0.13446,0.38562,-0.78099,0.69724,0.31606,-0.57472,-9.1737,-2.414,1.0992,0.74288,0.060713,-0.029401,0.87426,-0.36702,-0.18572,-9.6808,0.67814,-1.6338,0.17881,0.033112,0.085486,0.84228,0.53607,0.25464
8.4565,-4.7357,2.4131,-0.33036,0.32358,-0.17387,-0.54304,0.23573,-0.78214,-3.7917,9.1042,3.6527,0.36142,-0.23969,-0.077232,0.86856,-0.40399,-0.2568,-2.7644,-5.4128,7.7727,0.049122,0.27853,-0.53403,0.69715,0.33047,-0.56633,-9.3182,-1.9938,0.90826,0.79658,0.051948,0.03239,0.87541,-0.37112,-0.17258,-9.6808,0.54282,-1.3876,0.38406,0.03457,0.12028,0.84273,0.53586,0.24806
7.3089,-4.2558,3.2878,-0.65125,0.6377,-0.17571,-0.52679,0.2465,-0.78967,-3.0782,9.7725,3.7962,-0.46314,-0.14157,-0.11416,0.86801,-0.3983,-0.26601,-2.8532,-4.6056,7.4517,-0.12955,0.16368,-0.34894,0.69745,0.34347,-0.5604,-8.9961,-2.0537,1.1999,0.84555,0.097536,0.070646,0.87554,-0.37982,-0.15908,-9.7788,0.15485,-1.3903,0.53105,-0.025879,0.11595,0.84533,0.53651,0.23663
7.5592,-4.2996,4.4681,-0.44066,0.031673,0.042491,-0.51625,0.26839,-0.78968,-2.6513,8.6204,3.8835,-0.51395,0.021349,-0.086275,0.87119,-0.39186,-0.27322,-3.3064,-4.7106,7.6447,-0.34364,-0.011959,-0.2543,0.69455,0.35662,-0.5579,-9.3214,-2.7297,1.1266,0.83791,0.16989,0.11073,0.87386,-0.38961,-0.13651,-9.7406,0.83602,-1.8435,0.52244,0.03167,0.03852,0.84629,0.53907,0.22842
8.1722,-4.2719,3.7269,-0.028794,-0.31164,0.12937,-0.52013,0.27291,-0.78536,-3.0786,7.8846,3.6515,-0.096722,0.1081,0.003045,0.87156,-0.38754,-0.27509,-3.3858,-5.3806,7.8214,-0.16281,-0.23137,-0.18045,0.68644,0.36806,-0.5589,-9.7606,-2.8529,1.478,0.90085,0.13481,0.071668,0.87388,-0.39745,-0.11871,-9.65,1.2764,-1.8632,0.34867,0.086185,0.020259,0.84742,0.54191,0.21915
8.2836,-6.0063,3.7463,-0.046743,0.0493,0.10221,-0.52529,0.27769,-0.78029,-3.5975,7.2202,3.1786,0.068738,0.10909,0.15088,0.87052,-0.38819,-0.27527,-2.7343,-6.2204,8.4424,0.087029,-0.35554,-0.09024,0.6809,0.37245,-0.56383,-9.6648,-2.6125,1.4647,0.95985,0.13996,0.054106,0.87414,-0.40361,-0.10129,-9.5148,1.4849,-1.8604,0.19066,0.013642,0.00924,0.84685,0.54419,0.21169
6.6296,-5.919,3.7493,-0.19131,0.007083,-0.022908,-0.52267,0.28355,-0.78049,-3.8886,6.4197,3.2801,0.145,0.071435,0.31884,0.86943,-0.39661,-0.2705,-1.7082,-6.5078,8.7221,0.43792,-0.29968,-0.066503,0.67231,0.36643,-0.57705,-9.6457,-1.9825,1.4719,0.87539,0.088982,0.000929,0.87359,-0.40915,-0.083121,-9.515,1.4253,-1.8904,-0.019892,0.028099,-0.034464,0.84664,0.54471,0.2126
6.2837,-5.409,2.8846,0.10729,-0.37181,0.042906,-0.53229,0.28477,-0.77478,-4.3729,6.6513,3.5212,0.25276,-0.077029,0.45227,0.86242,-0.41307,-0.26643,-1.5116,-5.8573,8.3226,0.12016,-0.13221,-0.029306,0.66752,0.36063,-0.58732,-9.8056,-1.3385,1.5655,0.66568,0.035637,-0.016964,0.8758,-0.4102,-0.069676,-9.5904,1.0817,-1.803,-0.16134,-0.005239,-0.062329,0.84614,0.54573,0.21494
7.4324,-5.1738,2.8799,0.11772,-0.49577,0.21503,-0.54676,0.27906,-0.76601,-4.5547,7.5994,4.0008,0.35342,-0.31376,0.58812,0.85024,-0.43982,-0.26155,-1.609,-5.7104,7.947,-0.049468,-0.001466,0.013154,0.66349,0.3585,-0.59237,-9.384,-0.66075,1.3031,0.34461,0.052568,-0.013228,0.87598,-0.41125,-0.058941,-9.6656,0.85763,-1.7152,-0.18464,0.019623,-0.070202,0.84405,0.54697,0.22093
8.4698,-4.7163,3.0996,-0.18277,-0.58409,0.26802,-0.56165,0.2834,-0.75495,-3.9604,9.2266,4.3958,0.17408,-0.50837,0.51954,0.83661,-0.46204,-0.27058,-1.6707,-5.1072,7.5761,-0.077387,0.050631,0.063617,0.66641,0.3572,-0.58942,-9.243,-0.64376,0.96082,0.03358,0.097801,0.031166,0.87594,-0.41424,-0.054359,-9.6063,0.38612,-1.5362,-0.17089,0.013864,-0.090178,0.84274,0.54876,0.22509
8.4709,-4.6999,2.7044,-0.079606,-0.32627,0.16672,-0.57226,0.29647,-0.74246,-3.7724,9.0115,4.7484,-0.2472,-0.49853,0.37458,0.82351,-0.4733,-0.29197,-1.778,-5.0532,7.5662,-0.14546,-0.051268,0.082735,0.66903,0.36068,-0.58486,-9.1225,-0.91985,0.73845,-0.15838,0.13059,0.11955,0.8754,-0.41778,-0.051891,-9.7861,0.28929,-1.3751,-0.13292,-0.011326,-0.10392,0.84097,0.55003,0.22831
8.4839,-5.2472,2.4547,-0.024454,-0.068038,0.070807,-0.57608,0.29963,-0.73972,-3.6943,8.2451,4.7915,0.003767,-0.25251,0.2528,0.81432,-0.47941,-0.30715,-1.6414,-5.2682,7.885,-0.02889,-0.22005,0.063987,0.66613,0.36043,-0.58751,-9.5251,-1.0194,0.83551,-0.27055,0.1873,0.17288,0.8714,-0.42238,-0.05076,-9.7789,0.20019,-1.5396,-0.089546,-0.00397,-0.10308,0.83966,0.55197,0.23061
8.1536,-5.469,3.0252,0.065438,-0.058617,0.010686,-0.57597,0.30073,-0.7376,-3.695,8.423,4.1119,0.018501,-0.069314,0.1683,0.80826,-0.48835,-0.30809,-1.3566,-5.3286,8.2669,-0.002395,-0.27607,0.076335,0.66119,0.35952,-0.59554,-9.4654,-0.91512,1.0767,-0.30606,0.13894,0.20257,0.86867,-0.42969,-0.049431,-9.7415,0.20037,-1.6436,-0.084073,0.014008,-0.10118,0.83783,0.55443,0.23143
7.6063,-4.7889,2.6002,0.38749,-0.442,0.082031,-0.58699,0.29351,-0.73108,-3.9387,7.5954,3.8004,0.055504,0.037312,0.14528,0.80464,-0.49115,-0.31083,-1.04,-5.3698,8.6391,0.006169,-0.1146,-0.006266,0.65701,0.35585,-0.60118,-9.7334,-1.0737,1.0865,-0.28154,0.16369,0.2239,0.86468,-0.43632,-0.052087,-9.7119,-0.061658,-1.5168,0.014922,-0.008651,-0.087102,0.83502,0.55806,0.23352
7.3536,-5.0872,1.7608,0.487,-0.49301,0.30666,-0.60063,0.28528,-0.72426,-4.0983,8.3288,3.5695,0.11001,-0.004504,0.11444,0.80343,-0.49745,-0.30793,-1.1431,-4.9564,8.5912,-0.16278,0.012586,0.040621,0.6566,0.3582,-0.6019,-9.7337,-1.1699,0.77146,-0.2845,0.17335,0.20275,0.86153,-0.44437,-0.051431,-9.7557,0.66342,-1.5977,0.007864,0.0037,-0.096057,0.83506,0.56029,0.23269
8.5629,-6.2087,1.9119,0.46394,0.069936,0.2058,-0.60514,0.27748,-0.72212,-3.9577,9.1713,3.8026,-0.072003,-0.061127,0.074882,0.80212,-0.49938,-0.30849,-1.5082,-5.1878,8.6753,-0.05826,0.030902,0.076862,0.65755,0.36033,-0.59789,-10.174,-1.1726,1.0102,-0.32924,0.19119,0.13231,0.85847,-0.44909,-0.050647,-9.5023,0.25367,-2.252,-0.26744,0.033593,-0.072675,0.83249,0.56208,0.23588
8.5603,-6.0364,3.3006,0.075107,0.50382,0.10864,-0.59256,0.27307,-0.7346,-3.1102,9.3879,4.115,-0.13154,-0.098831,-0.12027,0.80138,-0.49676,-0.31454,-1.4542,-5.2652,8.3939,0.16734,0.057372,0.041862,0.66016,0.35468,-0.5986,-9.7751,-1.5922,1.2813,-0.30043,0.16805,0.073826,0.85667,-0.45183,-0.052033,-9.6964,0.43998,-1.8663,-0.27454,0.080056,-0.079498,0.83052,0.56081,0.24482
8.0664,-6.1019,3.9977,-0.069462,0.22894,0.11781,-0.5797,0.27849,-0.7413,-3.0536,9.0702,4.6121,-0.11579,-0.04971,-0.24998,0.80378,-0.48795,-0.31898,-1.4003,-5.3525,8.1933,0.17378,0.097945,-0.009261,0.66116,0.35179,-0.59872,-10.056,-1.9767,1.5011,-0.19154,0.14958,0.094824,0.85572,-0.45523,-0.049716,-9.6519,0.050707,-1.6873,-0.14463,0.015295,-0.025983,0.82934,0.56232,0.25071
7.4527,-5.3759,3.3711,0.29175,-0.028123,0.071005,-0.57804,0.27703,-0.74494,-2.7759,8.4037,5.0555,-0.0877,0.041541,-0.31378,0.8085,-0.47905,-0.32122,-1.4977,-5.2397,7.8427,0.08499,0.13135,-0.028735,0.665,0.34827,-0.59754,-9.6094,-1.7723,1.4724,-0.10414,0.061262,0.15424,0.85371,-0.45904,-0.049932,-9.6517,0.26796,-1.866,-0.043718,0.020507,-0.009022,0.82821,0.56256,0.25159
7.2567,-4.7188,2.4488,0.50853,-0.10337,0.14272,-0.58056,0.2664,-0.74787,-2.8899,7.9748,5.014,-0.13953,0.16082,-0.21676,0.81565,-0.4682,-0.31882,-1.8263,-5.2862,7.6356,-0.039595,0.15558,-0.042168,0.66766,0.34812,-0.59211,-9.9536,-1.6834,1.4053,-0.14194,0.10462,0.17927,0.8492,-0.46406,-0.051046,-9.6068,0.33545,-1.9995,-0.059693,0.042592,-0.021523,0.82807,0.56149,0.25491
7.3764,-4.7264,2.2557,0.39859,0.09798,0.26938,-0.57892,0.25556,-0.74972,-3.1862,7.7117,4.7922,-0.17632,0.17079,-0.086674,0.82252,-0.4603,-0.31742,-2.0041,-5.3678,7.6269,-0.075662,0.087554,-0.060954,0.66904,0.35012,-0.58971,-9.5575,-1.8458,1.1509,-0.11037,0.10522,0.12275,0.84732,-0.469,-0.048376,-9.426,0.70679,-1.6219,-0.068729,0.002749,-0.03633,0.82706,0.562,0.25566
7.8331,-5.3048,3.3446,0.092935,0.32343,0.18052,-0.57146,0.25291,-0.75883,-3.5443,7.9398,4.7449,-0.25497,0.14219,0.073845,0.82285,-0.45802,-0.31576,-2.126,-5.3723,7.7474,-0.046526,-0.080713,-0.036573,0.66866,0.35466,-0.58986,-10.143,-2.4214,1.9425,0.22919,0.082159,0.03608,0.84649,-0.47163,-0.042916,-9.502,0.23014,-1.9308,-0.034238,-0.008056,-0.047291,0.82779,0.56146,0.25834
7.7475,-5.6629,4.1623,0.10494,0.2988,0.069404,-0.55964,0.25048,-0.76804,-3.4219,7.7441,4.6159,-0.36829,0.13584,0.1352,0.82249,-0.45771,-0.3176,-1.9847,-5.4218,7.8482,-0.085263,-0.22304,0.032012,0.66537,0.35494,-0.59255,-9.6075,-2.1471,1.4353,0.2411,-0.008785,0.056637,0.8442,-0.47189,-0.038577,-9.628,0.98499,-1.8711,-0.012068,0.003399,-0.018299,0.82542,0.56418,0.259
7.6114,-6.0327,4.3006,0.11654,-0.042843,0.13653,-0.55539,0.24794,-0.77024,-3.4504,8.0046,4.3958,-0.29824,0.17209,0.14196,0.82129,-0.45866,-0.32076,-1.8866,-5.9473,8.1645,-0.067209,-0.28186,0.11137,0.65959,0.3552,-0.59738,-9.8345,-1.6525,1.3027,0.086037,-0.10706,0.061337,0.84303,-0.47635,-0.035221,-9.5616,0.44697,-1.9088,-0.098871,-0.016467,-0.009182,0.8252,0.5622,0.26115
7.243,-5.5377,3.5028,0.24475,-0.17916,0.082515,-0.55859,0.24287,-0.77086,-3.2185,8.015,4.2539,-0.23749,0.20341,0.084751,0.8227,-0.46,-0.31885,-1.57,-5.8202,8.1573,-0.019023,-0.23494,0.19111,0.65628,0.35086,-0.60321,-9.344,-1.349,0.91454,-0.17774,-0.1739,0.004405,0.8419,-0.47657,-0.042596,-9.6063,0.49895,-1.76,-0.11202,-0.014469,-0.040773,0.82564,0.56324,0.2618
6.9934,-5.1178,2.7203,0.2131,-0.19364,0.073364,-0.56535,0.23848,-0.76631,-3.3161,7.6787,4.1011,-0.19534,0.26744,0.038439,0.82297,-0.45763,-0.31589,-1.5363,-5.575,8.0826,-0.15206,-0.12772,0.23007,0.6553,0.34835,-0.60772,-9.388,-1.6774,0.50886,-0.31126,-0.059336,-0.049599,0.84187,-0.47427,-0.049273,-9.6213,0.4916,-1.7752,-0.094975,-0.038544,-0.038256,0.82357,0.56269,0.26241
7.2328,-4.9123,2.7384,0.15919,-0.083457,0.10294,-0.56896,0.23643,-0.76472,-3.6143,7.386,3.9861,-0.027552,0.2642,0.10364,0.82578,-0.45908,-0.30961,-1.6579,-5.8079,8.2951,-0.14114,-0.13514,0.22029,0.65476,0.34592,-0.60843,-9.5484,-1.0774,0.35493,-0.30257,-0.083912,-0.047884,0.84222,-0.47308,-0.057237,-9.6214,0.45428,-1.7828,-0.04698,-0.026901,-0.047339,0.82359,0.56361,0.26292
7.7215,-5.3184,3.2766,-0.015659,0.060812,0.055636,-0.56779,0.23438,-0.76506,-3.767,7.5853,3.8792,0.015345,0.19389,0.15537,0.82559,-0.46395,-0.30201,-1.6148,-5.3467,8.229,-0.086996,-0.16058,0.27423,0.65388,0.34067,-0.6111,-9.4202,-1.2946,0.38775,-0.34825,0.021702,-0.061316,0.84326,-0.47153,-0.064777,-9.6363,0.469,-1.7008,-0.058047,-0.06623,-0.040332,0.82367,0.56492,0.26237
7.7043,-5.4101,4.0144,-0.043054,-0.034936,-0.031508,-0.57077,0.23489,-0.76398,-3.7476,7.7111,3.9358,-0.089395,0.11655,0.18874,0.82544,-0.47006,-0.29646,-1.3955,-5.3673,8.2865,-0.065144,-0.16975,0.33789,0.6558,0.33519,-0.61298,-9.5084,-1.5128,0.49126,-0.29671,0.10443,-0.051948,0.84289,-0.46728,-0.072128,-9.6514,0.40942,-1.7311,-0.070554,-0.05835,-0.047475,0.82059,0.56503,0.26201
7.4889,-5.4956,3.587,0.13881,-0.26413,-0.037616,-0.5763,0.23148,-0.7586,-3.4983,7.9484,3.9991,-0.017869,0.084527,0.16761,0.82303,-0.47506,-0.29391,-1.181,-5.4073,8.2929,0.010459,-0.11554,0.30281,0.658,0.32738,-0.61679,-9.8066,-1.4557,0.89786,-0.17689,0.09214,-0.009629,0.84365,-0.46647,-0.073402,-9.7114,0.27493,-1.6429,-0.06609,-0.058285,-0.045643,0.82181,0.56675,0.26082
7.6086,-5.5399,3.3116,0.08414,-0.17445,-0.06088,-0.58195,0.22953,-0.75536,-3.3655,8.2181,4.3608,0.050482,0.092877,0.12359,0.82059,-0.47928,-0.29189,-1.0859,-5.4417,8.2632,0.036871,-0.056266,0.23145,0.65713,0.31864,-0.61923,-9.613,-1.2681,1.0516,-0.060006,0.091917,0.007183,0.8438,-0.46635,-0.069864,-9.6967,0.14051,-1.6729,-0.016355,-0.042922,-0.048378,0.82136,0.56729,0.25842
7.6911,-5.525,3.1183,0.047233,-0.17673,-0.11655,-0.58762,0.22543,-0.75263,-3.3107,7.9776,4.4476,0.12939,0.106,0.020728,0.82061,-0.48541,-0.28529,-1.0663,-5.449,8.2245,0.10139,-0.05262,0.1759,0.65823,0.31371,-0.6223,-9.8071,-1.2616,1.1077,-0.012722,0.1175,0.041789,0.84396,-0.46511,-0.068814,-9.6589,0.34938,-1.6418,0.005236,-0.063471,-0.048593,0.82221,0.56757,0.25738
7.3048,-5.292,3.0647,-0.070682,-0.24825,-0.15839,-0.59596,0.22226,-0.74551,-3.2834,7.8878,4.4814,0.060749,0.098674,-0.017877,0.8219,-0.48322,-0.28034,-1.0984,-5.1303,7.9739,0.1072,-0.10101,0.19968,0.65845,0.3052,-0.62557,-9.9565,-1.2993,1.0222,0.009618,0.11404,0.078819,0.84198,-0.46882,-0.064712,-9.6589,0.36448,-1.6866,0.027015,-0.056348,-0.054932,0.8214,0.5681,0.2555
