7.9245,0.92518,4.8797,-3.239,0.47057,-1.5591,-0.65275,-0.33518,-0.6408,-0.018068,-0.64997,2.0289,2.1025,-2.9864,1.812,0.57272,-0.37708,-0.72135,-1.8839,-9.2471,5.1621,-0.12283,1.7124,-3.2241,0.052419,0.46017,-0.83425,-7.4955,-6.3582,4.6065,0.098224,0.054309,2.6145,0.83523,-0.11194,-0.52699,-8.8024,-3.0261,3.5783,0.80171,0.2767,1.4596,0.82262,0.071248,0.6498
5.1277,-2.2916,-0.20556,-2.9577,-1.0122,-1.1088,-0.65432,-0.28307,-0.66617,-0.30971,-1.1283,-7.1371,2.205,-5.8613,3.6548,0.38989,-0.51302,-0.75643,-3.5595,-4.6266,3.3473,0.082583,2.4183,-3.0432,0.062863,0.46302,-0.83455,-1.3918,-10.018,3.2776,1.7356,-0.79487,1.3776,0.8218,-0.18774,-0.53321,-6.608,-7.3369,2.9314,0.14108,-0.656,0.73777,0.83861,0.045799,0.63158
3.1858,-1.7857,-0.54524,-1.0523,-0.59814,-0.52362,-0.65351,-0.24639,-0.68471,8.1725,3.4498,-3.5695,0.49526,-8.3683,4.3513,0.062743,-0.60356,-0.80264,-6.1172,-3.5399,3.0427,-0.67578,2.1113,-2.261,0.089147,0.48365,-0.82044,4.1013,-3.3567,-6.3205,4.5035,1.2506,0.15571,0.81925,-0.2939,-0.50044,-5.2117,-5.3102,2.557,-0.1022,-1.3878,0.55186,0.8781,0.000535,0.5901
1.3996,1.2272,-2.0313,-0.080933,0.61766,0.015873,-0.66446,-0.23703,-0.68122,30.519,-1.1628,5.9248,2.8871,-6.8726,5.1984,-0.31961,-0.64162,-0.71574,-5.8147,-3.7404,2.9995,-0.57517,2.1812,-0.85644,0.12843,0.51514,-0.80093,2.0136,7.3158,-6.5466,2.5559,1.628,-0.40075,0.84799,-0.3591,-0.41466,-2.9286,-6.0666,2.1902,0.2114,-0.59781,-0.284,0.90378,-0.003006,0.55602
-2.6687,2.4252,2.9888,-0.62007,1.9275,-0.42927,-0.61665,-0.2474,-0.72376,14.491,10.936,3.2231,4.5295,-0.57738,-0.11261,-0.45835,-0.70876,-0.59332,-4.6283,-4.9556,2.9946,-0.24446,1.9388,0.57971,0.19259,0.52564,-0.78533,-7.2227,3.7988,9.778,5.0261,0.47161,1.0495,0.87664,-0.40954,-0.30887,-4.1745,-2.4489,1.0882,1.0391,-0.71092,-0.64004,0.92338,0.030627,0.53244
10.398,1.1791,-0.62049,1.0599,-1.2969,0.02115,-0.612,-0.25436,-0.72857,20.23,10.077,15.024,-1.6493,0.40719,-1.606,-0.41411,-0.74036,-0.58718,-5.0643,-11.523,7.4689,-0.61792,1.226,1.0822,0.26616,0.52822,-0.76335,-39.653,4.5031,6.0795,-4.8216,1.6011,-1.6601,0.91077,-0.39513,-0.22656,-17.405,-1.7558,-2.1218,1.3926,-0.49236,-1.7813,0.93717,0.098243,0.50819
30.276,0.38233,18.056,-1.0206,1.0526,1.0106,-0.61108,-0.2839,-0.7197,16.092,9.6934,14.285,2.807,2.1733,-2.0254,-0.32813,-0.78937,-0.58284,-0.49289,-18.841,10.663,-0.4469,-0.14739,1.1207,0.30327,0.53213,-0.74971,-7.7226,-10.306,-5.6202,0.44914,-0.87838,0.23311,0.88097,-0.39017,-0.33387,-19.642,-0.17791,-10.328,1.7738,-0.74572,-1.3237,0.94262,0.18954,0.48654
20.196,1.8285,4.4489,1.9165,-1.2286,0.13727,-0.64358,-0.32402,-0.6798,9.9936,15.658,7.4627,2.7563,2.0163,-1.6207,-0.19173,-0.88849,-0.45194,2.6968,-19.159,11.22,0.19623,-1.4243,1.6673,0.30574,0.51631,-0.7582,-17.392,-15.489,-9.3877,3.8787,-1.1915,-0.90273,0.91919,-0.39033,-0.23444,-21.112,2.3745,-9.8082,1.0181,-0.1107,-2.4512,0.93749,0.29681,0.45921
12.485,3.1821,9.338,2.0443,0.44357,0.56388,-0.63802,-0.36385,-0.6659,7.1431,15.987,6.6739,-0.28298,1.4455,-1.8002,-0.1025,-0.91622,-0.42924,5.4395,-13.259,8.9101,0.09676,-2.0523,2.1671,0.2872,0.48777,-0.78882,-17.28,3.632,-4.7844,1.2855,-0.92309,-1.4652,0.92217,-0.37287,-0.25623,-16.984,8.4653,-3.2525,2.7663,-0.076008,-2.2203,0.91434,0.41184,0.42482
10.927,2.8589,2.4606,1.099,0.099218,0.28085,-0.66534,-0.38786,-0.62764,5.5969,10.732,5.0413,-1.3829,0.68542,-2.3235,-0.042485,-0.90156,-0.49763,5.2268,-8.6487,6.1372,-0.063707,-2.1248,1.8192,0.25644,0.47968,-0.80931,-9.0279,5.3314,-5.1832,0.091693,-1.115,-1.7039,0.92427,-0.33119,-0.29712,-11.733,7.3113,-0.70159,2.4335,0.43584,-2.0718,0.8742,0.52902,0.37977
7.7642,2.2608,2.7834,0.032386,-0.084656,0.025426,-0.66786,-0.39979,-0.61558,3.0447,10.181,2.3158,-2.3561,0.30809,-3.1584,0.063604,-0.85582,-0.56769,5.3357,-3.1364,4.3266,0.1062,-1.7139,1.3227,0.21887,0.46564,-0.83213,-10.339,7.4596,1.2106,-0.93376,-0.84662,-1.2822,0.93723,-0.26079,-0.32774,-6.1992,5.4589,0.40291,1.1939,0.33922,-1.3184,0.83899,0.60612,0.34052
4.0622,1.0824,2.9416,-0.018749,-0.85198,0.34563,-0.68657,-0.38143,-0.61099,-1.495,4.9835,1.2946,-3.5477,0.093133,-3.5193,0.17313,-0.75383,-0.66977,5.7988,-0.782,2.2829,-0.21817,-0.9346,1.1716,0.19452,0.46511,-0.84281,-6.6903,4.0231,1.4452,-0.19457,-0.45925,-0.98376,0.9414,-0.20978,-0.35493,-3.9765,0.74939,6.9347,1.4572,0.14683,-0.64362,0.81113,0.65449,0.32045
1.7236,0.24766,-2.2441,-0.7548,0.12091,0.3381,-0.69026,-0.35666,-0.61728,-2.2454,1.8248,1.2245,-4.5092,0.12657,-4.0382,0.29807,-0.57478,-0.79008,6.7991,-1.0377,1.3344,0.062254,-0.14927,0.43986,0.19043,0.46273,-0.849,-3.7591,7.0858,-0.014813,0.25655,-0.79481,-0.88502,0.94398,-0.15755,-0.3936,0.077801,-4.2566,1.7901,2.4593,-0.34411,-0.25308,0.80028,0.69523,0.24133
1.6299,-0.72177,-2.3033,-0.85854,1.2457,0.070423,-0.66602,-0.3296,-0.65873,-3.5034,4.0032,1.5135,-5.1847,0.44222,-3.9935,0.38589,-0.36419,-0.87602,7.1221,-1.4508,0.66432,-0.083126,1.0307,-0.094794,0.21146,0.46295,-0.84692,-3.8381,4.0661,1.0373,1.0978,-0.61076,-0.48893,0.94373,-0.14366,-0.40806,0.45422,-4.7629,-3.4642,-0.57771,-0.50992,-0.45859,0.79855,0.71432,0.20304
1.9052,-0.35227,-4.4996,-0.99396,-0.069435,-0.051855,-0.67463,-0.30701,-0.66812,-2.2365,-7.4524,-2.9589,-2.5064,0.70621,-3.7702,0.43944,-0.16975,-0.91212,6.9776,-3.5132,2.7615,-0.31468,1.8755,-0.68357,0.24923,0.47587,-0.82998,-4.4087,4.1284,-0.069664,1.6335,0.023632,-0.15624,0.93902,-0.16065,-0.40496,-2.4941,-0.067857,-0.61022,-0.71547,1.4696,-0.64012,0.79252,0.72444,0.22756
4.7415,1.4981,3.218,-0.39952,-0.242,-0.40707,-0.64834,-0.30608,-0.69418,-13.153,-21.741,-18.693,0.12858,-2.3078,-0.13366,0.42119,-0.1109,-0.92707,5.9372,-6.1253,5.2043,-0.46976,2.0757,-1.47,0.29646,0.49893,-0.80012,-10.878,-0.64484,1.7713,1.9319,0.8095,0.81746,0.94847,-0.20385,-0.37178,-15.24,21.519,-4.3682,-1.5432,2.0218,0.61048,0.76693,0.71262,0.34167
16.846,5.4296,3.5144,0.45078,1.0185,-1.0128,-0.67179,-0.32707,-0.66508,42.484,40.708,25.303,-0.083163,-2.6392,-0.097417,0.25459,-0.12569,-0.99117,3.2759,-10.426,8.6348,-0.9854,1.8599,-1.9633,0.3264,0.54366,-0.76069,-23.045,-2.0485,-4.1363,1.2799,0.35489,1.1017,0.94292,-0.27319,-0.34134,-23.972,-25.588,-5.5093,2.1736,-0.6546,0.29622,0.79455,0.70366,0.31305
27.725,9.2305,11.201,-4.0583,-2.6172,-1.2024,-0.65608,-0.28852,-0.7023,-6.7198,6.2753,9.8642,3.6854,-5.5826,3.4737,0.058924,-0.2162,-0.98689,5.0121,-15.464,11.705,-0.39295,0.8393,-3.1641,0.31111,0.59816,-0.72349,-19.378,-1.942,-1.0091,-1.6163,0.75866,1.6603,0.93681,-0.32176,-0.33705,-9.273,19.314,-3.4441,-0.7284,1.7474,0.70988,0.77756,0.66468,0.43271
14.941,1.3357,1.1159,-1.9771,0.80505,-0.4949,-0.67416,-0.22208,-0.70665,28.294,2.6818,4.1522,3.6338,-5.626,5.1652,-0.22518,-0.33618,-0.9289,2.8107,-13.197,11.221,-1.8176,0.23978,-3.0967,0.24343,0.66647,-0.69051,-17.204,-8.2863,0.91723,-1.7289,0.53634,2.374,0.91994,-0.37284,-0.33091,-21.976,-1.637,-4.3801,0.88165,-0.72784,2.0744,0.81228,0.63658,0.40891
6.972,3.5089,9.0745,-2.2701,-0.21984,-0.70827,-0.66232,-0.19793,-0.72468,25.984,11.572,1.7776,3.5416,-2.0531,1.3338,-0.41086,-0.43598,-0.85937,3.5296,-13.763,9.4424,-1.1376,0.84481,-2.3614,0.18844,0.73633,-0.64056,-11.614,-8.1062,2.62,-0.71046,0.007118,2.7276,0.88478,-0.4485,-0.32635,-12.114,4.0311,-2.0915,0.32185,0.43975,2.6252,0.86524,0.56027,0.40433
8.9964,1.8506,0.98467,-3.4374,-1.9926,-0.20638,-0.70934,-0.10906,-0.69992,11.83,8.2009,11.246,-0.19121,-0.52207,-2.201,-0.42294,-0.48897,-0.82087,0.80766,-6.8551,4.2347,0.53714,2.0117,-2.3147,0.16011,0.74925,-0.63257,-8.281,-5.8257,2.0542,0.037069,-0.23956,2.2401,0.83149,-0.53182,-0.3335,-11.843,-1.7493,1.4087,1.0652,-0.28559,2.9687,0.92283,0.47102,0.38107
6.7782,-3.1963,-3.3024,-1.3371,-0.1634,-0.26214,-0.74476,-0.048852,-0.66946,5.4778,1.1211,12.929,0.49021,1.453,-2.2479,-0.34935,-0.52467,-0.832,-3.373,-4.747,4.8583,-0.2616,2.1466,-2.0338,0.15095,0.76216,-0.61918,-3.3675,-4.5124,1.1461,0.29005,-0.17525,0.9894,0.79578,-0.58281,-0.32981,-9.3438,-2.2484,-0.20888,-0.4041,0.30751,2.2046,0.96331,0.3721,0.37784
3.8665,-1.9167,1.2197,-0.42462,-0.37548,0.14857,-0.72905,-0.029741,-0.68213,2.6608,2.1412,11.162,2.3481,2.596,-0.7939,-0.26085,-0.5678,-0.78724,-7.7922,-5.2588,4.8149,-0.72425,1.835,-1.554,0.14129,0.79221,-0.58036,-0.91087,0.73856,-0.36334,1.4597,0.59734,0.61549,0.77865,-0.62275,-0.29225,-9.4693,-5.79,0.18286,-0.64243,-0.63507,1.991,0.99972,0.27015,0.3711
7.0076,0.69411,1.4992,0.79936,0.31416,-0.073929,-0.72639,-0.038721,-0.68223,3.3512,8.1813,8.5592,1.1252,3.4125,-0.79461,-0.14434,-0.63081,-0.76563,-11.134,-8.6702,4.7161,-0.33036,0.85473,-0.24795,0.14745,0.80882,-0.55294,-3.7499,2.7851,0.75535,0.72382,0.40057,0.2202,0.77027,-0.6496,-0.24776,-7.5647,-15.312,3.4914,0.13691,-0.12098,1.1654,1.0193,0.20401,0.35176
8.4715,1.8055,2.2039,1.0909,0.73932,-0.009479,-0.72239,-0.0607,-0.68484,4.2177,5.8907,6.9647,1.297,3.6263,-0.50966,-0.023428,-0.67434,-0.78141,-11.813,-12.705,3.5193,-0.039208,-0.5872,1.4905,0.17167,0.80427,-0.55245,-10.149,-1.7953,-2.2269,1.2001,-0.2946,-0.30786,0.77525,-0.65359,-0.21842,-9.3336,-16.142,3.788,-0.4155,-0.073022,-0.97571,1.0128,0.19968,0.35905
8.3713,2.1539,4.2122,1.3058,1.0142,-0.028505,-0.70004,-0.098871,-0.70149,6.2324,9.572,5.2538,2.9414,3.6172,-1.433,0.10391,-0.73858,-0.70866,-10.693,-14.228,1.2254,0.1595,-1.2788,3.0669,0.22244,0.78041,-0.56048,-8.498,-1.6843,1.5051,-0.081984,-0.8818,-0.65073,0.78742,-0.63976,-0.21526,-9.593,-10.677,4.9637,-0.98593,-1.4514,-1.0505,1.0128,0.24434,0.32961
7.8207,-0.16873,2.6113,0.40516,-0.41169,0.18138,-0.69269,-0.1186,-0.70319,1.6032,9.2421,2.9346,0.66472,2.4602,-2.2207,0.23997,-0.76842,-0.63647,-8.4921,-18.418,1.0823,-0.11577,-2.0839,4.0243,0.2965,0.7389,-0.57664,-17.58,6.4461,7.1511,-0.003015,1.1602,0.054023,0.8092,-0.59756,-0.25313,-12.419,-7.0988,-12.571,0.51544,0.43466,-3.4991,0.99694,0.32486,0.29767
5.011,-0.47017,2.1181,0.91997,0.3119,0.12485,-0.68891,-0.15064,-0.70281,3.2624,10.295,2.3614,0.50633,1.675,-2.3637,0.37,-0.73262,-0.57776,-2.7196,-19.27,-0.028054,0.46124,-2.9426,4.0601,0.35926,0.67375,-0.62242,-2.4756,-19.422,-5.2872,2.7723,0.26976,-0.10487,0.79798,-0.60925,-0.25232,-30.552,-1.6728,-4.0171,2.4367,1.3706,-3.6596,0.89419,0.536,0.32067
10.647,-2.032,1.6284,1.0791,-0.46877,0.5466,-0.69041,-0.1637,-0.69668,-0.80056,4.5943,3.9874,0.63158,0.86834,-1.732,0.45472,-0.69799,-0.5579,-0.85841,-15.573,4.19,-0.53729,-4.3958,2.6861,0.34857,0.62284,-0.67504,-11.897,-1.6569,-8.317,3.6865,-0.22371,-1.0751,0.81844,-0.61575,-0.14492,-17.679,-0.8485,-9.1687,3.5209,0.074012,-4.2159,0.81723,0.67276,0.22957
17.047,2.5018,7.2793,2.6133,-1.0987,0.37098,-0.72667,-0.20045,-0.64766,2.4336,11.575,4.7293,1.0438,0.53963,-1.1861,0.50826,-0.71465,-0.5188,13.703,-23.093,2.7934,0.66961,-2.8822,1.2562,0.2981,0.62148,-0.69876,-12.358,9.9486,-0.4833,0.63731,0.27198,-1.2844,0.84951,-0.57385,-0.12731,-16.486,11.907,-5.5059,2.0841,-0.7664,-4.0905,0.69308,0.81039,0.15218
15.779,1.5382,6.2562,1.7387,-0.94852,0.33154,-0.75837,-0.22997,-0.60223,4.9294,15.772,-0.62897,-0.67085,-0.57158,-1.7941,0.54643,-0.68538,-0.51828,14.576,-13.387,-1.301,2.5544,-1.6215,1.4052,0.27528,0.54576,-0.76477,-10.565,-2.9395,-7.0283,0.46471,-0.93182,-1.7087,0.87089,-0.53305,-0.1416,-8.3359,10.026,-1.8621,-0.23186,-0.19665,-3.6414,0.55886,0.90737,0.11655
12.5,0.1414,6.461,1.5812,0.53692,0.18413,-0.75945,-0.26218,-0.58346,7.3118,-0.068668,2.9417,-0.61219,-0.75553,-0.85111,0.55616,-0.6176,-0.58548,14.776,-14.459,-10.174,3.9451,-3.5309,2.4081,0.22519,0.43083,-0.84718,-14.727,2.9584,-0.89095,-0.44213,-0.71574,-2.4998,0.91539,-0.45381,-0.14888,-4.8841,10.204,4.614,0.94535,0.20922,-1.4632,0.46669,0.95201,0.12006
9.6316,1.5864,2.823,1.8861,0.16406,0.12554,-0.75423,-0.3143,-0.56405,9.3626,0.92644,8.5629,-3.8642,-0.86258,-0.97808,0.52927,-0.51471,-0.67561,13.595,15.484,-0.86962,2.6053,-0.7761,0.25247,0.17203,0.27754,-0.91557,-11.907,10.154,0.96608,-0.18829,-0.18293,-2.507,0.96095,-0.34192,-0.18213,-0.41177,-3.5136,5.7283,1.7979,-0.077645,0.45969,0.44773,0.95386,0.013984
4.7255,1.7631,-1.913,-0.20332,1.4451,-0.31764,-0.73127,-0.33315,-0.58108,-2.9045,14.889,4.5294,-2.2621,-0.059,-2.0019,0.5545,-0.41786,-0.72225,4.6398,-15.14,2.0825,1.9288,-0.77328,1.6028,0.13886,0.22095,-0.93405,-8.927,8.8007,1.0875,0.18035,-0.39849,-2.0464,0.987,-0.25183,-0.18846,3.8631,-28.855,-7.6626,2.425,2.3316,0.11316,0.48145,0.94017,-0.038992
5.6796,-0.27375,-5.7835,-1.8327,0.75469,-0.5943,-0.70536,-0.29712,-0.6281,-3.3681,10.287,7.9152,-1.0185,1.2403,-3.8047,0.62033,-0.29992,-0.74885,1.1124,-12.2,6.364,2.0526,-0.13886,2.5661,0.14971,0.10706,-0.95971,-7.1729,2.1317,4.9339,2.8323,-0.21038,-1.3914,0.99143,-0.20207,-0.19283,-6.3335,-9.3343,11.94,-1.2745,1.1605,-0.99039,0.47853,0.9513,0.027998
6.9333,-2.8347,-5.1341,-0.01167,2.5779,-0.74459,-0.64826,-0.30529,-0.68012,-3.0007,7.3785,12.215,-3.1831,1.1417,-4.3771,0.68885,-0.12002,-0.7388,3.1732,-8.205,13.061,3.7603,1.2493,3.0328,0.19175,-0.023824,-0.95671,-8.9912,-0.55947,-2.5276,4.7717,-0.43371,-0.64544,0.99289,-0.19128,-0.18689,-14.705,-0.11283,-1.3396,-1.4438,-0.093315,0.76682,0.44129,0.97168,0.028813
14.071,3.7957,4.5869,0.77656,1.6238,-0.15433,-0.56696,-0.33414,-0.73303,-7.3491,6.0641,13.374,-4.3904,1.6495,-4.1315,0.73254,0.10333,-0.6956,0.61608,-7.7561,16.115,4.8035,1.8685,2.562,0.24369,-0.20744,-0.92249,-17.922,-6.8964,-5.7538,2.8153,-0.41676,0.49166,0.98697,-0.23459,-0.15901,-2.5163,20.408,-13.599,-2.0081,-0.51232,-0.73348,0.4219,0.97352,0.13572
30.683,13.381,15.906,-1.3269,-0.19153,-0.15324,-0.54074,-0.34047,-0.75546,-11.611,0.97189,12.656,-5.7411,1.5128,-3.4459,0.74112,0.36465,-0.57011,-3.8302,-0.66183,17.951,5.5639,1.8934,1.8814,0.26987,-0.39475,-0.81897,-12.905,-4.5148,1.6298,-0.75504,0.70825,0.87936,0.97684,-0.27133,-0.15442,-28.949,12.08,-4.192,-0.52831,1.2624,3.1565,0.46009,0.94167,0.22177
15.511,4.5015,-0.70934,-0.6515,-0.086335,-0.63146,-0.53761,-0.29163,-0.7748,-13.009,-5.4257,15.022,-4.7443,1.0753,-3.0707,0.70513,0.56515,-0.43946,-8.1149,4.0207,20.998,5.6956,1.6772,1.1666,0.29822,-0.58532,-0.67974,-23.681,-12.296,1.3467,-1.695,-0.16325,2.0226,0.96232,-0.31877,-0.14319,-20.42,5.6688,-4.3117,-1.1771,-0.060309,2.1616,0.55295,0.89255,0.21956
16.737,3.9518,2.7878,-1.3006,0.36312,-0.2081,-0.52283,-0.28408,-0.78038,-13.721,-15.038,20.32,-5.0604,1.0762,-1.8965,0.65447,0.71186,-0.32095,-8.9127,9.1439,23.055,7.0406,1.0933,0.30697,0.33573,-0.76694,-0.51095,-19.242,-9.5733,1.8681,-1.8784,1.1282,1.0402,0.9432,-0.36359,-0.1525,-25.331,4.3466,-6.3032,0.051792,-0.23222,3.1003,0.64224,0.83177,0.2246
13.706,2.327,2.0828,-1.7902,0.21428,0.020388,-0.51656,-0.22785,-0.80018,-20.401,-27.933,12.477,-6.4299,1.857,1.1124,0.64545,0.76707,-0.094444,-12.401,22.429,20.221,4.7339,1.0196,-1.3055,0.38343,-0.85338,-0.28441,-11.563,-9.5221,2.2924,-1.1504,-0.47553,1.4295,0.92457,-0.39822,-0.15304,-14.421,-8.4119,-3.9271,0.6162,-0.030177,3.2171,0.74586,0.73524,0.21593
6.6672,-0.58347,1.1899,-1.7901,-0.15976,1.4949,-0.52211,-0.14508,-0.81239,-14.908,-20.897,6.8611,-2.5469,-0.74913,4.0942,0.7065,0.69834,0.028622,-9.1123,11.056,10.672,4.2807,0.96312,-4.664,0.49915,-0.82686,-0.11274,-0.74391,-5.003,0.7867,-0.11037,-1.5876,1.5493,0.8904,-0.4437,-0.19044,-6.9241,-13.331,4.1799,-0.6434,-0.14588,1.856,0.81405,0.65352,0.20082
-0.93566,-2.6479,1.0442,1.1229,2.8464,2.1016,-0.47027,-0.071136,-0.85602,11.06,18.048,18.343,4.5341,-1.203,7.242,0.84615,0.46802,0.021362,4.1771,-4.9565,9.3479,0.89221,2.3122,-9.1061,0.71223,-0.62072,0.041337,2.8634,-1.6414,-1.5829,0.03097,-0.67831,1.9091,0.83792,-0.51487,-0.22052,-3.4441,-10.597,3.8651,-1.1501,0.074446,0.14486,0.83676,0.61103,0.21704
-6.8638,-0.98199,-3.5556,1.8199,3.6343,-0.32744,-0.3639,-0.12436,-0.89612,67.433,11.255,-4.7889,11.403,2.3147,1.702,0.9269,0.29242,-0.071446,53.415,-13.407,-24.628,-4.1882,0.56934,-5.7457,0.87597,-0.39412,0.036143,0.71929,-0.35789,-2.0626,0.17764,0.061869,1.8016,0.79521,-0.57478,-0.21609,-2.056,-8.1615,1.9527,-1.551,-0.27325,-0.82231,0.82447,0.6136,0.24176
-0.46831,-3.2588,-8.3561,-0.26392,11.018,-2.089,-0.088489,-0.12112,-0.95675,25.367,3.4405,-13.902,-2.9562,1.1825,-2.7648,0.9219,0.32671,-0.061838,19.69,-14.498,-11.62,1.6043,1.4711,3.3532,0.86933,-0.42744,0.066719,-2.6043,1.8113,-0.22597,-1.3431,1.4647,1.2013,0.77062,-0.6112,-0.20799,-3.2409,7.1609,-3.233,-1.8302,1.007,-1.0357,0.79541,0.63208,0.294
6.3047,0.59289,2.2915,-1.0413,9.17,0.31591,0.31254,-0.2222,-0.87524,12.211,-9.6727,-3.94,-2.3549,0.47444,-2.3389,0.88618,0.41515,0.022598,12.45,5.637,-3.339,0.17998,3.3506,2.9109,0.79318,-0.52687,0.17593,-5.0805,2.1664,2.1848,-0.77592,0.044292,0.62879,0.75672,-0.62722,-0.20703,-1.6253,0.07137,-0.99858,-0.28401,-0.82425,0.049492,0.78968,0.63336,0.30651
0.33784,2.936,2.5823,0.85931,1.82,1.3801,0.43792,-0.24347,-0.81251,6.8915,-3.6858,-0.027755,1.2157,0.18125,-1.0094,0.8576,0.47374,0.032535,7.7429,2.5369,-3.9016,-2.8592,2.9555,1.5617,0.71652,-0.60982,0.21489,1.2171,2.7813,-2.5962,-0.37031,-0.20905,1.3115,0.72309,-0.65093,-0.24001,2.3731,-5.1981,-1.2142,-0.39695,-0.18503,-0.43417,0.79189,0.63209,0.30383
-4.4836,0.57282,1.1651,-0.60408,-2.337,1.4355,0.46341,-0.28926,-0.83257,-0.9422,-0.75393,3.4663,1.1541,-0.68692,0.4172,0.81826,0.53453,0.03106,-3.7084,-0.28384,0.53609,-0.62631,1.3744,-0.15948,0.6153,-0.69057,0.22885,0.24101,-2.8083,-1.2067,-1.0133,0.55791,1.1507,0.69143,-0.68115,-0.23054,0.023511,-5.2416,1.5699,-0.39244,-0.62269,-1.2663,0.77023,0.66381,0.30374
0.24558,1.158,6.5463,-0.1778,-1.3557,-0.23082,0.39808,-0.27701,-0.86623,-10.241,-0.033328,11.938,0.62485,-1.6063,0.92578,0.8353,0.50891,-0.030248,-14.691,2.1374,5.1293,-0.006154,0.10832,-0.43457,0.62077,-0.67565,0.24508,-7.787,14.959,-8.9502,-8.3511,0.052438,0.76105,0.66834,-0.65727,-0.3385,-3.2485,-18.634,-5.1479,1.177,-0.71267,-1.2888,0.74676,0.71396,0.26417
5.3919,-1.2775,12.508,-1.1809,-7.3957,0.022505,0.20622,-0.25464,-0.9119,-16.039,-1.5204,16.668,-0.45179,-2.3172,2.0128,0.90065,0.42435,-0.12079,-21.268,3.7436,7.8427,-0.70296,-1.7761,-0.64059,0.68516,-0.64563,0.20989,-24.068,-28.547,4.3127,-1.2331,2.5987,-0.42842,0.66037,-0.66212,-0.35328,-38.309,28.913,-15.959,0.18861,7.5149,-1.6554,0.66127,0.7601,0.35171
23.799,-4.1397,13.323,1.4997,-15.835,1.5088,-0.3171,-0.23167,-0.88559,-17.395,2.1436,19.049,-0.47656,-2.6049,3.3287,0.93415,0.32643,-0.20491,-24.068,3.197,9.0029,0.94853,-2.353,-1.0788,0.72286,-0.62271,0.15515,-30.781,7.9244,-0.21352,-4.1625,-1.8815,0.72821,0.66584,-0.65014,-0.36328,-19.243,-32.601,-5.7173,0.086405,-2.7234,-1.1724,0.6707,0.78042,0.28859
18.387,0.58957,10.418,-0.43025,2.9891,-0.071854,-0.47998,-0.31516,-0.78209,-15.955,2.9943,18.571,0.4204,-2.5217,4.0237,0.95501,0.1886,-0.29211,-24.126,5.889,8.2608,-0.8059,-2.5973,-1.5218,0.76219,-0.58795,0.087932,-16.394,-20.18,1.4116,3.0559,1.206,-0.06591,0.66275,-0.67975,-0.30175,-25.158,18.635,0.50659,0.51566,0.22823,-1.6233,0.61242,0.81779,0.30762
9.5716,4.3432,-1.0836,0.51061,-1.187,0.75864,-0.53527,-0.30404,-0.76599,-11.231,5.1199,15.158,2.7951,-1.905,3.5336,0.91903,0.030644,-0.37804,-16.678,2.1938,8.7363,-2.2171,-2.4695,-1.7369,0.77881,-0.54523,-0.045275,-12.808,-2.8611,-4.56,2.6935,-2.0682,-0.41566,0.67688,-0.68745,-0.23186,-7.4326,10.101,-5.4026,-2.7931,-0.78943,0.36557,0.58384,0.82965,0.33271
13.224,-0.79476,7.5646,0.52193,1.0744,-0.17155,-0.4908,-0.30478,-0.79373,-8.2279,7.0673,11.54,1.9091,-0.8064,3.1429,0.89452,-0.12892,-0.41786,-11.731,0.070059,6.7016,-2.3877,-1.8211,-1.4793,0.80429,-0.4858,-0.15999,-9.3454,2.4273,-6.8896,-0.84239,0.094385,-0.9753,0.69296,-0.67145,-0.23325,-10.564,2.4635,-0.2168,-1.2009,0.20503,1.0883,0.60694,0.78133,0.40561
8.5306,1.5193,-4.1835,-0.63948,2.9851,-0.010873,-0.48057,-0.32804,-0.77857,-7.1404,5.3936,8.7251,0.64979,-0.47952,2.6703,0.88086,-0.2672,-0.4428,-7.816,-0.82835,6.5369,-3.0121,-1.1977,-1.3081,0.83888,-0.40644,-0.25365,-9.8508,3.9438,-2.3396,-1.6131,-1.0309,-1.0753,0.70389,-0.64343,-0.27566,-8.4893,-0.79611,-2.2375,0.83385,-0.38003,1.8428,0.66752,0.73745,0.38227
1.2279,-0.043367,4.8823,0.21657,4.307,-0.17257,-0.31352,-0.32875,-0.85359,-6.8733,3.9531,7.8064,-0.037613,-0.05635,1.8297,0.85079,-0.34324,-0.44591,-6.0981,-2.1283,6.2922,-2.4807,-0.55724,-0.81831,0.84402,-0.34175,-0.32159,-4.7501,1.1676,-2.5793,-1.2683,0.2442,-1.0839,0.72073,-0.59462,-0.33396,-7.8704,-3.585,-0.20253,0.58307,-0.72343,1.3227,0.72276,0.70469,0.34053
2.2368,-0.1524,0.45786,0.1857,2.6285,0.12358,-0.2095,-0.32943,-0.88141,-6.2661,2.8783,6.4832,-0.2689,0.33579,1.2272,0.83405,-0.38695,-0.44394,-5.8221,-0.54441,5.1784,-2.085,-0.24487,-0.47783,0.8471,-0.29242,-0.36023,-6.525,-2.4213,0.27008,-0.28503,0.18431,-0.59594,0.74791,-0.56263,-0.33434,-6.5728,2.6364,-1.5833,-0.19556,0.2217,0.80639,0.74991,0.67812,0.32958
2.5965,-0.47037,5.1809,-0.10563,-1.0275,0.29693,-0.15013,-0.32076,-0.91235,-6.0165,3.3338,5.5463,0.19649,0.44524,0.74208,0.81488,-0.40062,-0.40968,-5.4339,-2.4137,5.2241,-0.89671,-0.32839,-0.2877,0.83099,-0.26084,-0.38967,-9.6996,-1.1424,-0.087703,-0.16673,0.41972,-0.79424,0.78086,-0.51743,-0.34705,-8.1405,0.56948,-0.15107,-0.66689,0.10208,0.8971,0.77044,0.63886,0.36726
6.4711,-0.63453,5.1122,0.83411,-5.9505,0.71556,-0.31328,-0.33181,-0.86417,-5.2777,4.5375,6.2829,1.0761,0.40243,0.50728,0.81217,-0.43181,-0.3838,-5.9498,-3.3529,6.3353,-0.62462,-0.37107,-0.58448,0.82843,-0.23555,-0.41041,-10.941,2.0023,-0.018524,-1.0125,0.21568,-0.46767,0.79588,-0.49056,-0.35716,-11.326,-3.9059,-2.0846,0.019143,0.33199,0.83342,0.79041,0.60699,0.38412
13.221,0.56777,2.105,-0.18197,-1.394,0.33399,-0.44008,-0.33469,-0.79421,-4.6479,6.5028,5.9799,0.76614,0.036425,0.50825,0.81435,-0.47415,-0.37498,-6.7961,-4.6952,7.0646,-1.206,-0.50109,-0.7536,0.84009,-0.19784,-0.43154,-13.801,7.9742,3.9991,-2.02,0.34371,-0.32768,0.80227,-0.46957,-0.36136,-10.05,-2.5094,-1.5214,-0.58734,0.69633,0.37362,0.7967,0.5862,0.39557
11.626,2.2459,8.0497,-0.15512,-0.042628,-0.33734,-0.44473,-0.33463,-0.79452,-3.2487,6.0528,6.7227,0.90248,-0.27366,0.42031,0.80476,-0.4999,-0.36477,-6.4441,-5.7451,7.9097,-1.4923,-0.47634,-0.88814,0.83748,-0.14568,-0.45809,-8.7935,-3.326,-0.76489,-0.42545,0.13752,0.079475,0.797,-0.45973,-0.38221,-16.011,-3.4622,1.2067,-1.1615,0.11548,0.17674,0.79362,0.56245,0.43617
8.4339,1.7491,5.2992,0.32931,-0.38127,0.060113,-0.46172,-0.33241,-0.78524,-2.4199,7.6468,6.9684,1.5389,-0.65269,0.18934,0.78948,-0.53066,-0.35283,-6.1231,-5.6823,8.5101,-1.3251,-0.62906,-0.86079,0.8314,-0.089238,-0.48595,-11.55,-2.3867,-2.0218,0.099327,-0.21064,-0.28624,0.8009,-0.45261,-0.38192,-6.8225,-0.17971,0.84783,-0.81865,-0.19134,0.092688,0.8011,0.53704,0.4504
7.3796,1.1755,2.6317,-0.0602,-0.23274,-0.094528,-0.51238,-0.33072,-0.76704,-2.2576,7.1625,6.8384,1.2198,-0.95352,-0.20626,0.7726,-0.54079,-0.33319,-5.9114,-4.0879,8.4049,-1.1064,-0.63641,-0.58215,0.80989,-0.03924,-0.50989,-8.1544,0.1716,-0.78587,-0.032208,0.24559,-0.45995,0.80585,-0.43015,-0.40743,-9.7181,-1.1497,-2.0052,0.39737,-0.026038,0.28115,0.80465,0.53166,0.45445
6.9802,0.98032,4.097,-0.2009,1.1236,-0.3878,-0.48384,-0.33365,-0.78317,-2.2822,5.9357,7.8193,0.1602,-0.99915,-0.39443,0.76667,-0.53768,-0.34863,-5.6046,-4.2656,9.0556,-0.32637,-0.59208,-0.30908,0.79859,-0.011929,-0.5314,-10,2.2592,0.43527,-0.35264,-0.066214,-0.18365,0.81397,-0.41457,-0.40839,-9.3014,-3.0056,-1.6296,0.53488,0.085432,0.27964,0.81152,0.52682,0.44403
8.2583,0.52302,4.7453,-0.15576,-1.1469,-0.059549,-0.46891,-0.33033,-0.78355,-3.1088,5.5163,8.3227,-0.23402,-0.80383,-0.31208,0.76663,-0.53342,-0.38469,-5.689,-4.4021,8.3183,0.28967,-0.32685,-0.21159,0.79699,-0.00189,-0.54574,-9.6978,1.7937,0.832,-0.035947,0.087337,-0.097934,0.81549,-0.41699,-0.39587,-9.6055,-1.3318,-1.3762,-0.11486,0.094424,0.13303,0.81567,0.52333,0.44211
10.073,0.86012,3.8661,-0.45515,0.52835,-0.30778,-0.48453,-0.32469,-0.77835,-3.5197,6.0186,8.7356,0.24672,-0.68638,-0.33763,0.76262,-0.52479,-0.40688,-5.4924,-5.2914,8.1119,0.41303,-0.031547,-0.19055,0.7932,-0.006879,-0.55096,-9.4531,0.20931,-0.27179,0.14541,-0.039827,-0.074487,0.81466,-0.41647,-0.39564,-9.5074,-1.2597,-0.74687,0.000815,-0.18378,0.31536,0.82108,0.51379,0.4418
9.1166,0.93004,4.9783,-0.17199,-0.18538,-0.24782,-0.48405,-0.31981,-0.77916,-3.3004,5.208,7.9167,0.85147,-0.41562,-0.4293,0.76161,-0.52358,-0.40852,-5.6358,-5.0998,7.3313,0.17786,0.32745,-0.096475,0.79763,-0.008263,-0.54553,-9.5732,0.25453,-0.43932,0.34228,0.024249,-0.044902,0.81693,-0.41897,-0.3916,-9.4397,-1.0056,-0.87951,0.35659,0.081929,0.097337,0.82481,0.51231,0.43453
8.1231,1.2109,3.4209,-0.181,-0.25196,-0.2924,-0.50644,-0.31939,-0.77207,-3.2456,7.0492,8.2122,0.42113,-0.26081,-0.58561,0.76379,-0.5066,-0.40846,-5.5042,-4.6957,6.4681,0.091834,0.41822,-0.078632,0.8027,-0.018575,-0.52986,-9.7087,0.34494,-0.66723,0.34023,0.11675,-0.022185,0.81819,-0.4152,-0.39653,-10.134,0.1703,-0.82831,0.27209,0.028984,0.18791,0.82435,0.51361,0.43568
7.4357,0.80177,3.3682,-0.21365,0.23874,-0.33294,-0.49873,-0.31872,-0.77629,-4.4429,8.0226,7.5142,0.078932,-0.15438,-0.58142,0.77289,-0.4912,-0.41019,-5.8729,-4.2715,6.5603,0.43823,0.31554,-0.087343,0.80863,-0.021509,-0.51726,-9.94,1.7835,-0.55339,0.13628,-0.060743,-0.16255,0.8195,-0.41478,-0.39122,-9.306,-1.4755,-1.2595,0.28873,-0.17532,0.32729,0.83162,0.50876,0.42713
8.9088,1.2273,5.1577,-0.34053,0.003529,-0.21785,-0.48211,-0.3168,-0.78229,-4.8743,6.4136,6.8481,0.23926,-0.038607,-0.85187,0.785,-0.48243,-0.41033,-6.1194,-4.0372,6.5598,0.64168,0.31218,-0.005911,0.81894,-0.022636,-0.50776,-9.8403,0.18327,0.20814,0.22766,0.10289,-0.048748,0.82078,-0.42103,-0.37909,-9.9251,-0.1519,-0.82564,0.16912,0.001696,0.1897,0.83797,0.50562,0.41732
8.7468,1.3346,4.5827,-0.42211,-0.14571,-0.14258,-0.4848,-0.30748,-0.78538,-4.697,6.8171,6.1535,0.33241,-0.007322,-1.1245,0.80495,-0.45288,-0.40095,-5.5578,-4.2764,5.7363,0.63809,0.31196,-0.079068,0.82462,-0.036052,-0.49499,-9.3084,1.0058,-0.49484,0.28368,-0.055907,-0.063854,0.8222,-0.42299,-0.37535,-9.3397,0.84846,-1.4256,-0.047648,0.028685,0.15302,0.84075,0.50238,0.41482
8.5808,1.3179,5.3796,-0.33691,0.15716,-0.25683,-0.4809,-0.2979,-0.7914,-4.0749,6.0384,5.7236,0.25234,-0.08028,-1.2123,0.82241,-0.4176,-0.3983,-4.9328,-4.8934,5.4925,0.39794,0.28249,-0.14729,0.83061,-0.041953,-0.48381,-9.516,0.57125,-0.79865,0.20142,0.011198,-0.026428,0.82143,-0.42505,-0.37145,-9.9562,-0.85422,-0.74588,-0.15532,-0.078528,0.2696,0.84528,0.48911,0.41985
7.6286,1.4753,4.9855,-0.31964,0.006672,-0.21432,-0.47978,-0.29391,-0.79776,-3.4804,6.3268,5.2547,0.35962,-0.15647,-1.0436,0.84244,-0.37454,-0.39956,-5.165,-4.3063,5.134,0.12055,0.20137,-0.31558,0.83524,-0.048305,-0.47433,-9.8729,0.44811,-0.38553,0.38075,0.076303,-0.0136,0.82506,-0.42438,-0.36997,-9.2704,-2.9122,-0.61284,0.28685,-0.018406,0.15835,0.85045,0.48239,0.41312
7.8808,1.2361,5.0306,-0.3754,-0.17226,-0.08319,-0.48278,-0.28425,-0.799,-2.9263,6.1323,5.3447,0.48557,-0.26568,-0.79083,0.84998,-0.35206,-0.40008,-5.4318,-3.4594,4.8389,-0.47021,0.011802,-0.42615,0.83737,-0.032217,-0.47203,-9.7545,0.7106,-0.27089,0.39818,0.037458,-0.087935,0.82435,-0.42916,-0.36213,-9.6543,0.53427,-0.87898,0.50357,0.026375,0.02428,0.85232,0.48836,0.40711
8.6553,1.3172,5.41,-0.43092,-0.20004,-0.06572,-0.48452,-0.27348,-0.79901,-2.8159,5.2977,5.4558,0.76271,-0.31806,-0.57029,0.85584,-0.34262,-0.39798,-5.59,-3.9189,5.5242,-0.61649,-0.16541,-0.54689,0.83711,-0.00097,-0.47445,-9.7209,-0.10573,-0.51692,0.47197,0.053226,0.009062,0.82534,-0.43804,-0.34804,-9.7273,1.775,-0.98146,0.16516,0.025548,0.088403,0.8518,0.49222,0.40079
8.8482,0.90251,4.991,-0.46704,-0.2183,-0.10401,-0.49161,-0.25919,-0.79992,-2.9736,5.3201,5.8389,1.0346,-0.50615,-0.29879,0.85425,-0.34338,-0.39883,-6.119,-4.1874,6.4059,-0.32978,-0.27576,-0.68917,0.83319,0.030983,-0.48211,-9.6155,-0.37442,-0.7321,0.60304,0.047705,-0.003389,0.82561,-0.44525,-0.33739,-9.8501,0.14051,-1.2345,-0.11205,0.007356,0.16687,0.85456,0.4862,0.40113
8.8015,0.58359,5.1825,-0.48964,-0.21827,-0.1159,-0.49723,-0.24568,-0.80076,-3.0663,6.0318,7.0348,1.0148,-0.7309,-0.10942,0.84815,-0.35438,-0.40546,-7.6025,-4.5159,9.3426,-0.14496,-0.22354,-0.60016,0.82876,0.055962,-0.48985,-9.9013,0.14807,-0.40078,0.54038,0.033818,-0.077478,0.82712,-0.45121,-0.3263,-9.8184,1.0359,-0.97005,0.023742,-0.010017,0.12657,0.85765,0.48162,0.40263
9.2627,0.68885,5.7239,-0.45347,-0.5395,-0.073356,-0.5147,-0.2324,-0.79782,-3.118,7.2083,8.3838,0.67693,-0.79405,-0.083662,0.83147,-0.36405,-0.42035,-7.556,-4.5063,11.827,-0.3257,0.10741,-0.2862,0.81969,0.075519,-0.49465,-9.7982,0.22553,-0.89398,0.12322,0.057152,-0.1003,0.82938,-0.45104,-0.32134,-9.982,1.5962,-0.76213,0.088038,-0.065062,0.2265,0.85766,0.4773,0.4002
9.8759,0.15046,3.8898,-0.39361,-0.083262,-0.15189,-0.52333,-0.22029,-0.79293,-3.6666,7.5723,9.8038,0.053669,-0.69781,-0.24341,0.82103,-0.36472,-0.44078,-7.9083,-6.8076,12.451,0.63771,0.36118,-0.072051,0.82354,0.077985,-0.48319,-9.7298,0.045294,-0.77236,-0.25339,0.0461,-0.1975,0.8299,-0.44406,-0.32277,-9.7214,0.81132,-0.97649,0.14013,-0.062133,0.31946,0.86689,0.47007,0.39626
7.7706,0.52146,6.1218,-0.37251,-0.70981,-0.14925,-0.52883,-0.21247,-0.79147,-4.1771,7.5462,10.688,-0.50279,-0.44704,-0.31492,0.82019,-0.35268,-0.45897,-7.8551,-5.9215,11.148,1.7602,0.45393,0.047896,0.83611,0.055357,-0.46892,-9.914,-0.31658,-0.49806,-0.18587,0.045181,-0.27697,0.8341,-0.43658,-0.32181,-9.6993,0.42933,-0.71567,0.17799,-0.035016,0.32499,0.87341,0.46057,0.39293
7.7175,0.91482,4.1768,0.047748,0.17108,0.1028,-0.54429,-0.20786,-0.78082,-6.4772,8.1919,15.002,-1.4514,-0.63039,-0.45499,0.81726,-0.32174,-0.49074,-11.377,-5.5505,14.311,3.1318,0.32032,0.13296,0.84518,0.005163,-0.4567,-9.7196,-0.25666,-0.29165,0.057306,-0.011542,-0.26674,0.84113,-0.42656,-0.32137,-9.4526,0.23446,-0.86144,0.11468,-0.001766,0.2122,0.87789,0.45328,0.3895
9.6903,1.0991,2.298,-0.043843,-0.37432,0.16167,-0.56217,-0.19937,-0.77082,-7.9674,7.3176,20.734,-2.8116,-1.9992,-0.77497,0.79663,-0.25128,-0.55967,-15.912,-4.9685,16.462,4.3606,-0.80611,0.46817,0.84049,-0.073163,-0.45522,-9.5323,0.94512,-0.54429,0.074109,0.030629,-0.22916,0.8452,-0.41884,-0.32002,-9.5804,0.10136,-1.0806,0.026742,-0.022548,0.17344,0.88181,0.44862,0.386
12.13,1.1457,4.2864,-0.14641,-0.20081,0.12829,-0.57327,-0.18937,-0.76747,-7.2105,10.602,19.422,-5.7621,-3.3295,-0.40419,0.72174,-0.11705,-0.67978,-14.368,-5.7577,18.753,6.2872,-0.97878,0.097639,0.81221,-0.19102,-0.45206,-9.7649,-0.2189,-0.39764,0.14783,0.10288,-0.12564,0.84923,-0.41134,-0.31959,-9.4749,0.41422,-0.96592,-0.094498,-0.060008,0.11826,0.88538,0.4421,0.38465
9.7967,-0.43743,4.7209,-0.42521,3.3019,-0.001405,-0.52577,-0.17217,-0.80252,-6.2127,-0.55305,13.977,-11.523,-3.612,1.5787,0.6202,0.15224,-0.77217,-12.179,-3.5189,12.987,9.0364,-1.0683,-2.4208,0.81187,-0.28655,-0.40176,-9.8712,-1.3217,-0.41358,0.25982,0.174,-0.22771,0.85281,-0.4067,-0.31117,-10.102,1.358,-0.84698,-0.12481,-0.046682,0.15394,0.88706,0.4371,0.38678
6.833,0.26649,5.0686,0.36916,-0.012187,0.1067,-0.50586,-0.17072,-0.81636,-8.0404,-21.021,4.244,-12.503,-4.6235,7.0546,0.55014,0.40647,-0.73152,-5.4543,1.5341,6.6734,10.236,-2.3326,-6.1112,0.8361,-0.29268,-0.34329,-10.21,-0.85781,-0.48091,0.20136,0.1222,-0.41063,0.85846,-0.40298,-0.29951,-10.058,1.0073,-1.019,0.085526,-0.12503,0.40434,0.89236,0.42654,0.38291
6.0115,2.3386,3.5315,0.58617,1.4446,0.49006,-0.47953,-0.18983,-0.82462,11.458,-21.473,6.9035,-7.3634,-5.5582,11.131,0.59562,0.46868,-0.64758,16.607,-2.721,7.4021,4.8371,-3.4664,-8.3943,0.85604,-0.12582,-0.38681,-10.197,-0.46786,-0.45857,0.17001,-0.039798,-0.54227,0.86671,-0.38827,-0.29785,-9.9985,0.42913,-0.25755,0.21137,-0.23163,0.60593,0.90338,0.41016,0.37456
4.4866,2.3434,5.4,0.67898,1.0216,0.25483,-0.44392,-0.21159,-0.83769,34.492,-7.6496,-0.29942,10.429,-2.876,11.633,0.62389,0.086739,-0.77777,26.914,0.58144,-4.5208,-6.1818,1.9576,-6.1597,0.82696,0.16196,-0.41942,-9.9559,0.7241,-0.10239,0.22389,-0.20366,-0.51933,0.87441,-0.37039,-0.29832,-10.061,-1.4106,0.40879,0.21418,-1.0345,0.87383,0.92292,0.38547,0.34889
3.9072,2.1891,4.38,-0.62474,0.4414,-0.79153,-0.43647,-0.20752,-0.84447,34.876,-2.5256,-23.577,26.059,7.3341,3.6834,0.60842,-0.60835,-0.44097,-8.5794,0.19183,-14.186,-18.949,5.934,2.8077,0.92422,0.30813,-0.047229,-8.2962,0.17089,-0.7512,0.53385,0.023238,-0.26469,0.87589,-0.36026,-0.29853,-8.1077,-2.1721,-0.17285,0.44357,-0.072647,0.29996,0.93701,0.37057,0.32299
11.293,3.0117,2.4345,-2.1305,2.0333,-0.45138,-0.38535,-0.17766,-0.87548,-3.225,6.829,-17.894,18.777,4.369,-1.5087,0.65397,-0.59399,0.43846,-7.1135,-17.533,-2.8632,-8.5112,1.4856,5.705,0.9457,0.065895,0.20078,-9.8085,-3.5916,-0.98007,0.84731,0.62826,-0.18705,0.884,-0.36325,-0.27324,-9.9277,-1.6907,-0.84478,0.68253,0.04477,0.010609,0.93767,0.37234,0.31609
6.9905,-3.6225,6.5962,-3.9602,-0.068447,1.5283,-0.33932,-0.043008,-0.90941,-5.5484,17.422,-16.334,-5.4419,1.5943,-0.23363,0.58874,-0.62052,0.59534,-8.3358,10.246,-0.76124,2.8558,0.26765,4.0353,0.92536,-0.11421,0.24881,-10.364,0.16058,-0.24503,1.06,0.2621,-0.32554,0.88905,-0.36377,-0.24758,-10.481,-1.3094,-0.18074,0.97896,0.10444,-0.155,0.93863,0.38466,0.30596
11.228,-4.5107,9.0323,-0.032483,1.8094,-0.099109,-0.29563,-0.021576,-0.9234,-5.1732,-0.24618,-12.83,-8.5935,-1.2722,1.3665,0.57006,-0.82525,0.35813,-14.974,4.0614,-4.6441,8.2304,-1.2535,0.58538,0.91865,-0.13145,0.26306,-9.85,3.6378,-2.6994,0.90564,0.23836,-0.10631,0.89343,-0.36468,-0.22837,-10.948,-3.0176,-0.253,0.96008,0.19931,-0.47242,0.93044,0.40844,0.29624
10.436,-2.8956,6.8434,0.91524,-1.3245,0.44448,-0.31943,-0.026086,-0.91818,-4.7516,1.4172,2.8356,-5.1892,-1.501,0.65681,0.56515,-0.91565,0.10774,-7.5346,10.122,-2.7738,4.0866,-2.2374,0.08931,0.93657,-0.073258,0.22883,-11.66,-0.60907,-0.36026,0.64042,0.43606,0.14937,0.89496,-0.37964,-0.19641,-14.407,-2.8733,1.5491,0.91653,-0.72887,-0.58366,0.9222,0.44247,0.26965
7.7708,-0.71081,6.7703,1.9716,-2.7641,0.36253,-0.37714,-0.05289,-0.89899,-6.4126,5.7887,2.3496,0.93208,-1.1368,0.64596,0.54353,-0.69881,0.03929,-7.6812,2.9845,0.80286,-2.0981,-1.566,0.082811,0.93449,-0.15359,0.088846,-8.959,0.54209,-2.273,0.087531,0.020708,5e-06,0.89685,-0.38279,-0.18504,-11.942,-1.5791,-0.16133,0.54001,-0.44416,-1.2016,0.90647,0.48902,0.23001
8.5572,2.24,4.5499,1.92,-3.7294,0.28551,-0.51526,-0.11585,-0.8171,-6.1301,8.0295,4.1866,0.13337,-0.69878,0.81711,0.52519,-0.71258,0.036067,-5.436,-0.77295,4.3252,0.21444,-1.6384,-0.94603,0.94276,-0.13321,0.022835,-9.6901,-3.2548,-0.70795,-0.0841,0.35666,0.015779,0.8976,-0.38399,-0.17399,-10.383,2.586,0.83995,0.29902,-0.20974,-1.7656,0.87479,0.55065,0.20719
6.3392,-0.98289,3.5647,-0.13551,0.14247,0.19546,-0.5747,-0.15338,-0.7784,-6.7929,9.368,7.1123,-1.2924,-0.8111,0.46562,0.51272,-0.89952,0.000535,-5.6048,3.171,5.6207,-0.36216,-1.0721,-0.59461,0.95985,-0.053593,0.027366,-8.4024,-3.8939,-0.89897,0.063392,-0.058064,-0.29347,0.89759,-0.37968,-0.18266,-10.337,4.1297,-0.62682,-1.0951,-0.23322,-1.6991,0.84259,0.60047,0.19874
7.8952,-2.3187,4.7614,-0.18333,0.025055,0.19151,-0.5808,-0.14711,-0.77589,-6.0557,6.8422,7.9802,-1.4289,-0.63599,0.27719,0.50212,-0.90489,-0.059553,-7.2298,1.4426,5.8902,-1.7063,-0.62603,-0.41128,0.96153,-0.035201,-0.006944,-9.3053,-5.874,-1.7328,0.13823,-0.24466,-0.73285,0.90614,-0.36044,-0.17876,-10.385,1.1413,1.6877,-1.7059,-0.17594,-1.6735,0.80279,0.64316,0.23191
8.6411,-1.9706,5.1349,1.12,0.21458,0.13877,-0.58356,-0.16001,-0.771,-5.0892,6.8738,7.9303,-1.5605,-0.38285,0.37761,0.48954,-0.90497,-0.12414,-7.9839,-0.85609,6.2513,-0.066541,-0.50365,-0.40428,0.96174,-0.019967,-0.030159,-8.8128,-0.022243,-1.6917,-0.49605,-0.30396,-0.91302,0.91514,-0.32607,-0.19507,-8.7236,0.88348,0.5571,-0.8621,-0.11533,-1.5602,0.76458,0.67951,0.25664
8.712,-0.085124,4.0063,1.0754,0.29123,0.09462,-0.56597,-0.16362,-0.77135,-5.3398,6.1255,7.7723,-0.57628,0.20047,0.33511,0.46875,-0.7907,-0.15713,-8.2213,-0.004247,5.8319,0.50159,-0.60115,-0.18037,0.9493,-0.035478,-0.079845,-9.8742,0.54704,-0.73079,-0.57763,-0.29084,-0.69567,0.92594,-0.28882,-0.21011,-8.3958,0.64802,-0.9097,-0.061133,-0.017287,-1.2053,0.72116,0.72086,0.2729
7.9876,1.5039,4.5109,0.64872,2.1368,-0.06984,-0.51546,-0.19361,-0.79839,-5.2248,6.6275,6.2564,0.35988,0.51707,0.25533,0.46355,-0.79512,-0.14851,-8.0985,-0.15854,4.9416,0.18555,-0.63078,-0.24169,0.9484,-0.029141,-0.10274,-9.6373,0.82671,-1.0265,-0.063584,-0.09781,-0.44188,0.93058,-0.26684,-0.22305,-8.1579,0.060176,-1.8859,0.34185,0.25867,-0.75411,0.69251,0.75082,0.27116
7.1426,0.24393,6.3913,-0.57803,0.94692,0.1187,-0.47466,-0.21671,-0.8261,-4.8483,7.3266,4.1257,0.10744,0.49962,0.082245,0.46512,-0.88713,-0.13815,-7.1766,-0.72198,5.1096,0.24424,-0.58954,-0.23339,0.95531,-0.002226,-0.10038,-9.2644,0.74003,-1.469,0.27576,-0.19526,-0.432,0.93426,-0.25066,-0.22816,-7.6578,-1.8227,-0.29878,1.2932,0.21436,-0.18885,0.68078,0.76945,0.24315
6.9195,-0.44489,4.9527,-0.41391,-0.073799,0.19251,-0.47173,-0.20019,-0.83261,-5.048,7.4764,3.2405,-0.34754,0.29686,-0.04317,0.46744,-0.88543,-0.13805,-6.0621,0.43407,4.566,0.23166,-0.73348,-0.22531,0.95121,0.005797,-0.12437,-8.9155,4.2047,-1.0681,0.19728,-0.4575,-0.32724,0.93564,-0.23803,-0.23691,-9.378,-6.1719,2.4619,2.3892,-0.10409,0.062378,0.6815,0.78532,0.18341
6.8317,-0.55921,4.071,0.17063,-0.79868,0.34229,-0.48751,-0.18999,-0.82533,-4.614,7.6489,1.6935,-0.44039,0.092775,-0.19816,0.47093,-0.88106,-0.14963,-5.8914,0.6138,4.0961,-0.48308,-0.81947,-0.083159,0.9472,0.013092,-0.15399,-10.529,10.005,2.1269,0.30924,-0.088295,0.32971,0.93353,-0.2391,-0.24854,-12.252,-5.3838,3.0878,1.8225,0.050021,-0.13653,0.67527,0.80434,0.098212
8.8961,0.62052,3.1543,0.52976,-1.4012,0.36016,-0.50811,-0.17115,-0.81378,-4.9255,8.843,0.47219,-0.27962,-0.30725,-0.47185,0.48396,-0.81318,-0.15095,-2.7819,0.41855,4.0341,-0.21562,-1.2069,-0.050993,0.93431,0.004804,-0.21247,-13.63,-1.0193,6.2332,1.8136,-0.41147,0.82152,0.92585,-0.28002,-0.23596,-9.1504,25.522,-3.6419,-2.1616,3.0136,-0.21097,0.67036,0.80156,0.1593
12.121,1.4342,2.5425,-0.3393,-0.90658,-0.038642,-0.55118,-0.17327,-0.78491,-5.6432,8.9652,-0.20726,1.1085,-0.86658,-0.96834,0.50583,-0.80442,-0.14341,-5.8165,2.522,6.5676,-0.37583,-1.6465,0.13003,0.92125,0.003584,-0.26436,-14.316,-4.7085,-1.8197,1.452,0.42753,1.8621,0.90901,-0.34731,-0.21483,-8.8414,-11.918,-6.4868,-1.4111,-2.5732,2.2611,0.71879,0.74753,0.22173
11.326,0.60854,3.1279,-0.4922,0.1646,-0.3226,-0.58035,-0.18416,-0.76858,-3.8819,11.251,1.7873,1.3165,-1.8984,-1.3252,0.53284,-0.83164,-0.14077,-5.2551,2.3769,8.515,0.85501,-2.1368,0.028979,0.90515,0.008204,-0.31896,-13.537,-2.1336,1.9371,2.0696,0.44405,1.6689,0.89092,-0.41837,-0.17161,-8.415,-2.14,-0.41702,-2.1791,0.42872,-0.39199,0.73244,0.71832,0.27595
10.933,0.61816,5.2288,-0.90325,0.001578,-0.15368,-0.57243,-0.16632,-0.77849,-2.4774,11.92,2.7711,0.093002,-2.5204,-1.7165,0.57055,-0.80185,-0.16781,-4.726,2.9815,9.6592,0.65909,-2.1389,-0.006394,0.87401,-0.00573,-0.3922,-14.111,0.91267,2.8901,0.27356,-0.20109,1.7382,0.86274,-0.48206,-0.14001,-11.628,5.1754,-5.2776,1.1676,0.010941,1.0398,0.74192,0.7095,0.27337
11.484,0.245,4.8127,-0.43905,0.13886,-0.099805,-0.57422,-0.14549,-0.78162,-0.84182,10.879,5.3281,-0.74938,-2.9366,-2.1152,0.60933,-0.75299,-0.24592,-3.3421,2.5354,10.698,0.041546,-1.8115,-0.029066,0.84014,-0.010553,-0.45928,-11.831,-4.091,1.7409,-1.0733,0.48003,2.122,0.82385,-0.54311,-0.14405,-13.113,-2.6746,-1.4765,0.17937,-0.10584,1.5472,0.78544,0.66595,0.25279
10.377,1.4142,5.4834,-0.19001,0.54336,-0.29276,-0.53303,-0.12781,-0.80815,0.24362,9.7504,6.0927,-0.3782,-2.91,-2.6605,0.64753,-0.65479,-0.31901,-3.6722,1.4967,11.317,-1.2434,-1.3979,-0.042259,0.79723,-0.003641,-0.52579,-10.244,-3.3873,1.772,-1.0084,-0.19483,2.5074,0.76221,-0.63029,-0.14805,-9.9987,-0.006164,0.32398,1.0645,-0.31292,1.2998,0.82496,0.61729,0.22555
7.6154,1.6032,4.5162,-0.015783,0.7817,-0.48356,-0.50883,-0.13039,-0.82113,1.1341,9.6444,8.3967,-0.13183,-2.7252,-3.0997,0.67909,-0.57551,-0.39327,-4.698,-0.44759,12.411,-1.194,-1.1058,-0.027966,0.77042,0.028287,-0.56271,-7.6805,-2.3558,1.4473,-0.99196,-0.88637,2.2123,0.69545,-0.6931,-0.18734,-9.9681,0.96119,-0.77854,0.014739,-0.13314,1.1642,0.85726,0.58231,0.20366
5.3723,1.8931,5.0606,-0.20116,0.56633,-0.36451,-0.49858,-0.14931,-0.82565,1.6075,8.9723,9.461,-0.98395,-2.1256,-3.5634,0.71363,-0.4991,-0.48005,-4.1487,-0.6747,11.656,-0.32604,-0.86552,-0.15704,0.75553,0.053497,-0.58044,-5.5343,-3.7187,-0.60144,-0.91595,-0.59753,1.5654,0.63832,-0.72783,-0.23987,-8.8605,0.064975,-0.17954,-0.29786,-0.073886,1.3313,0.87974,0.54335,0.20642
4.7206,0.78254,4.3696,-0.25962,0.045298,-0.17462,-0.48878,-0.14391,-0.83035,2.8953,6.2274,9.505,-1.8398,-1.5241,-4.0424,0.74307,-0.35806,-0.55389,-3.3787,-0.027779,10.36,0.14344,-0.33723,0.14517,0.74159,0.052627,-0.59712,-4.9389,-2.7987,0.54246,-0.53321,-0.11633,0.82071,0.6016,-0.74777,-0.26291,-7.8786,-3.2365,-1.5913,0.12084,-0.27968,1.1911,0.90732,0.49508,0.19747
5.3478,0.88987,4.0542,0.12253,-0.27201,-0.11249,-0.49347,-0.14314,-0.82894,4.8325,3.1223,10.783,-2.2128,-0.69859,-4.2804,0.76461,-0.18507,-0.60487,-2.5235,0.41865,9.5611,-0.47002,0.20523,0.43644,0.74139,0.046925,-0.59596,-5.3713,2.6681,0.28773,-1.1612,-0.16378,0.60615,0.57966,-0.75846,-0.28462,-8.4483,-3.781,-1.0645,0.38082,-0.48867,1.1279,0.92966,0.45657,0.17664
8.2946,1.3936,3.6919,0.33612,-0.48478,-0.142,-0.49248,-0.15015,-0.8254,5.6376,-0.84342,11.108,-2.2815,0.45433,-4.4128,0.77347,0.026048,-0.6005,-0.87194,-0.45793,9.0415,-0.76685,0.44497,0.71607,0.74921,0.042389,-0.58586,-11.812,12.135,4.4697,-0.18048,-0.87027,0.40246,0.54188,-0.76325,-0.33475,-8.9325,-7.4893,0.48618,0.64756,-0.54475,0.91919,0.95076,0.41335,0.15269
11.795,0.48642,3.0859,-0.59804,-0.76046,-0.38986,-0.50801,-0.15502,-0.81403,4.9324,-3.5431,10.391,-1.471,1.1148,-4.3382,0.7757,0.20401,-0.56627,-0.26517,-0.39755,8.8785,-0.88627,0.57859,1.0405,0.7627,0.03472,-0.56832,-8.5065,-10.569,-2.807,3.2722,1.6052,0.30987,0.53801,-0.78317,-0.2953,-12.239,-5.9031,2.0333,-0.070362,-0.6886,-0.068071,0.95982,0.397,0.12123
14.623,-1.9797,2.7929,-1.712,-0.46075,-0.44812,-0.53812,-0.12798,-0.79932,4.0008,-4.425,11.261,-0.45529,1.1623,-4.1563,0.76483,0.33746,-0.53259,0.017283,-0.85525,10.02,-1.7795,0.41757,1.5143,0.77564,0.027701,-0.54895,-16.663,-2.3257,-3.5201,1.5683,-0.15132,-0.60768,0.55251,-0.80171,-0.20021,-12.393,-0.37667,-3.7516,-0.079169,0.056658,-1.1559,0.95134,0.42323,0.10087
14.626,-3.3528,5.3354,-0.88918,0.5328,-0.29524,-0.52692,-0.091694,-0.81162,2.7303,-5.6436,11.608,0.33574,1.076,-3.7608,0.72482,0.45133,-0.50106,-0.65389,-3.627,11.207,-1.9598,0.20809,1.4196,0.78231,0.026297,-0.5366,-10.316,8.0345,-3.5539,-0.1983,0.6207,-0.90141,0.58008,-0.77742,-0.21077,-13.74,3.7994,-2.015,-0.3891,0.8524,-1.7282,0.92127,0.47724,0.12937
11.441,-1.8959,3.0379,0.40329,-0.29374,0.081789,-0.52375,-0.09428,-0.81175,-0.42509,-5.578,12.14,0.88769,0.79074,-3.2561,0.67341,0.53432,-0.48907,-2.0284,-5.0972,11.613,-0.7262,-0.014197,0.98903,0.78549,0.016564,-0.53364,-13.333,-3.1554,-2.822,-0.31944,0.16097,-0.80442,0.60577,-0.76327,-0.19033,-14.087,5.1668,0.47803,-0.35799,0.27664,-1.1369,0.88946,0.52536,0.15117
9.6316,-0.51408,1.9738,0.63522,-0.11233,-0.13409,-0.52714,-0.095229,-0.80842,-0.78456,-5.7088,12.13,0.89209,0.73827,-2.37,0.61509,0.58943,-0.47305,-3.2383,-3.4028,12.514,-0.084279,-0.1099,0.65377,0.78101,-0.007579,-0.53759,-11.744,1.6957,0.806,0.11867,-0.12343,-0.60407,0.63763,-0.74563,-0.16568,-10.513,5.0116,1.6436,1.2155,0.45945,-1.1954,0.85052,0.58279,0.15164
9.0779,0.39589,1.5279,0.29202,0.10261,-0.31975,-0.52893,-0.11359,-0.80517,-2.5047,-5.3792,11.232,1.1887,0.90934,-1.5351,0.58726,0.61395,-0.47685,-3.8545,-3.2991,11.958,-0.28552,0.06091,0.4188,0.78017,-0.019211,-0.53692,-8.4929,-0.80478,-0.7766,0.4003,0.22655,-0.71702,0.65611,-0.73362,-0.15383,-9.6094,7.8669,2.0775,1.6236,0.32762,-1.0404,0.81872,0.62998,0.12643
9.4383,0.9415,1.4446,-0.034649,-0.37171,-0.30716,-0.53433,-0.13784,-0.79553,-3.2434,-4.0724,9.7605,0.81978,1.0366,-0.79509,0.58091,0.62546,-0.49144,-3.2787,-2.9763,10.508,-0.45926,0.37778,0.1033,0.7852,-0.017009,-0.52955,-8.8548,2.7039,-0.8177,0.59934,-0.23647,-0.71421,0.66547,-0.71464,-0.17047,-6.8353,0.40566,2.2313,1.5131,0.29559,-0.79619,0.80075,0.65559,0.090547
8.5249,-0.01395,1.3867,-0.8564,-0.24017,-0.25973,-0.54247,-0.12406,-0.79129,-3.4039,-3.8131,8.3317,0.86127,1.1971,-0.25486,0.59022,0.61986,-0.48342,-2.7993,-3.2963,9.0373,-0.60786,0.5863,0.089558,0.79478,-0.007931,-0.51433,-8.5201,1.4907,-0.9297,0.51007,0.26958,-0.71801,0.68504,-0.70111,-0.15504,-9.6186,2.6169,1.6672,1.4704,0.11854,-0.018248,0.78965,0.67007,0.057603
8.169,-1.3954,1.1587,-0.54809,0.006701,-0.25499,-0.54564,-0.10619,-0.79313,-3.2399,-2.9565,7.6732,1.3154,1.1217,0.063905,0.61187,0.60042,-0.48252,-3.1108,-3.0696,8.1264,-0.14567,0.58584,0.052945,0.80762,-0.001349,-0.49459,-9.7906,0.22518,-0.80379,0.89733,0.40967,-0.67663,0.70501,-0.68478,-0.12557,-8.6538,6.6944,0.69348,0.32174,-0.18485,0.31027,0.79318,0.66705,0.029161
8.2884,-1.021,1.7663,-0.24884,0.23714,-0.31206,-0.53443,-0.08819,-0.80079,-3.4617,-0.17334,6.7343,1.3274,0.84551,0.17558,0.64189,0.56077,-0.47935,-3.0996,-3.0006,6.3333,-0.29354,0.37806,0.075357,0.82132,0.000953,-0.47771,-9.2989,1.9667,-0.70577,0.98434,-0.046639,-0.73417,0.72979,-0.6704,-0.066506,-8.0005,3.526,0.12821,-0.53541,-0.13055,0.45547,0.80054,0.65691,0.024551
8.5809,-0.22614,2.475,-0.11445,0.31692,-0.33219,-0.52519,-0.089546,-0.80626,-3.5406,-0.078987,7.2689,0.5595,0.70004,0.42034,0.66232,0.53645,-0.47544,-3.1575,-3.2356,6.1996,-0.16459,0.036556,0.12069,0.82441,0.000906,-0.47138,-9.4503,3.2462,-1.9407,0.075962,0.019846,-0.48826,0.74677,-0.65548,-0.05657,-9.9009,0.25472,0.35622,-0.3909,-0.059588,0.45477,0.81368,0.64039,0.036139
9.2041,0.13204,4.2874,-0.39796,0.24723,-0.24001,-0.51584,-0.093065,-0.81224,-2.6228,-0.024257,7.9455,0.87236,0.57724,0.56134,0.68002,0.51779,-0.48009,-2.171,-3.0146,6.1373,0.11963,-0.13173,0.14747,0.81977,-0.003562,-0.47338,-10.415,1.1809,-0.3822,-0.34032,0.15122,-0.38004,0.75581,-0.63974,-0.075581,-9.7563,1.7792,0.004184,-0.26541,-0.10241,0.17908,0.82328,0.6282,0.04356
