-4.6767,-0.63052,8.6213,0.005578,0.019687,-0.007215,0.17704,0.54412,-0.72049,-0.923,1.8681,9.6087,0.019519,0.003669,-0.009523,-0.34699,-0.1505,-0.99316,-0.32847,-7.0426,6.8541,-0.005897,0.003588,-0.007642,-0.07106,0.79822,-0.20501,-0.74973,9.5293,-1.9049,-0.016309,-0.000706,0.002516,0.30888,-0.53602,0.56318,-0.27,-9.8343,0.84287,-0.00218,-0.000637,0.003037,0.14621,0.56783,-0.52819
-4.647,-0.61633,8.7186,-0.011669,0.019934,6.4e-05,0.176,0.54379,-0.72229,-0.91616,1.9751,9.5558,0.023036,0.001962,-0.004212,-0.34643,-0.15181,-0.99284,-0.33337,-7.0402,6.8858,-0.002276,-0.012803,-0.00944,-0.070148,0.79609,-0.20452,-0.72734,9.5442,-1.882,-0.001884,0.011584,-0.006218,0.30994,-0.53585,0.56177,-0.29985,-9.7895,0.87984,-0.009456,0.001209,0.006697,0.1456,0.56943,-0.52877
-4.6693,-0.63816,8.6661,-0.007127,0.016215,-0.006303,0.17693,0.54451,-0.72009,-0.91824,1.9021,9.5992,-0.010185,-0.001472,0.004037,-0.34659,-0.15102,-0.99313,-0.34316,-7.0134,6.8803,-0.012132,0.001696,-0.008538,-0.069712,0.79724,-0.20339,-0.72725,9.5292,-1.8745,-0.003816,0.009831,0.000826,0.31039,-0.53653,0.56246,-0.26992,-9.8196,0.90268,0.00515,-0.008006,-0.007884,0.14571,0.5693,-0.52917
-4.6991,-0.63052,8.6659,-0.007902,0.037655,-0.011871,0.17605,0.54481,-0.72121,-0.91333,1.8707,9.5796,0.009489,0.000318,0.009216,-0.34569,-0.15035,-0.99335,-0.3528,-7.0716,6.8714,0.011861,-0.014311,-0.002369,-0.069579,0.79749,-0.20326,-0.74227,9.5442,-1.8748,-0.007051,0.020397,-0.013215,0.3093,-0.5377,0.56268,-0.25489,-9.7898,0.89555,-0.013894,0.010067,0.003129,0.1469,0.56983,-0.52753
-4.6694,-0.63822,8.681,-0.006258,0.01633,0.002818,0.1758,0.54454,-0.72094,-0.90872,1.946,9.5605,0.018285,-0.017336,0.011728,-0.3477,-0.1508,-0.99189,-0.3237,-7.0038,6.8902,-0.003487,-0.003354,0.004715,-0.070823,0.79652,-0.20533,-0.75736,9.5592,-1.9051,0.012458,0.011577,-0.011508,0.30959,-0.53656,0.56335,-0.26995,-9.8195,0.8728,-0.005572,0.009808,-0.011357,0.14798,0.56971,-0.52749
-4.6398,-0.67562,8.7108,-0.017087,0.021749,-0.000865,0.17758,0.54432,-0.71802,-0.93294,1.8877,9.5844,-0.006776,-0.015541,0.012821,-0.3473,-0.151,-0.99409,-0.32117,-7.0475,6.8763,0.00378,0.004733,-0.001445,-0.07017,0.79753,-0.20494,-0.74966,9.5291,-1.8749,0.005171,-0.011299,-0.005496,0.30873,-0.53704,0.56265,-0.26994,-9.8195,0.88027,0.005214,-0.004493,-0.011479,0.14674,0.56784,-0.5283
-4.6918,-0.63819,8.7181,0.015588,0.024912,-0.015429,0.17691,0.54425,-0.72036,-0.92573,1.9217,9.5749,0.009656,0.001924,-0.009445,-0.34791,-0.15155,-0.99346,-0.34312,-7.0279,6.861,0.004117,-0.009286,-0.016492,-0.068612,0.79642,-0.20419,-0.72728,9.5293,-1.8895,0.010614,-0.006039,-0.009873,0.31041,-0.53899,0.56207,-0.26239,-9.7897,0.89542,-0.005847,-0.006893,0.004808,0.14766,0.56772,-0.52854
-4.7215,-0.6378,8.6806,0.003784,0.023278,-0.008147,0.17819,0.54552,-0.71923,-0.92568,1.9168,9.5846,-0.008272,-0.005155,-0.012893,-0.34788,-0.15143,-0.9928,-0.33831,-7.0013,6.8802,0.002381,0.002428,-0.019999,-0.068995,0.79774,-0.20425,-0.73476,9.5441,-1.8596,0.001618,-0.004259,-0.005444,0.30927,-0.536,0.56254,-0.26997,-9.8194,0.85038,-0.00654,0.006313,-0.006856,0.14748,0.56864,-0.52722
-4.6918,-0.64557,8.7106,-0.009892,0.014565,0.00282,0.17705,0.54451,-0.72035,-0.90844,1.8876,9.5894,0.018387,-0.016555,0.001053,-0.34739,-0.15024,-0.99332,-0.34797,-7.0522,6.8809,0.004641,-0.012464,0.001162,-0.06949,0.79724,-0.20401,-0.72736,9.5443,-1.8895,0.001783,0.008055,-0.011537,0.31094,-0.53602,0.56235,-0.26985,-9.7898,0.92518,-0.013894,-0.003448,-0.000572,0.14628,0.5689,-0.52887
-4.677,-0.67526,8.6956,-0.014316,0.036128,0.004545,0.17901,0.54537,-0.71893,-0.90865,1.9459,9.5775,0.011433,-0.006965,-0.015725,-0.34698,-0.15167,-0.99327,-0.33585,-7.0207,6.8952,-0.00516,-0.001683,-0.000588,-0.069908,0.79674,-0.20478,-0.74234,9.5517,-1.8898,-0.003751,0.015117,-0.001779,0.30997,-0.53755,0.56204,-0.26253,-9.8493,0.84296,-0.002996,-0.004375,-0.004225,0.14661,0.56864,-0.52805
-4.6918,-0.66015,8.6508,0.000966,0.018174,0.011936,0.17581,0.54539,-0.71824,-0.90841,1.8683,9.5845,0.004983,-0.015669,-0.000613,-0.34686,-0.1505,-0.99316,-0.33334,-7.0571,6.8812,-0.026372,-0.00391,-0.009451,-0.069921,0.79648,-0.20502,-0.75716,9.5292,-1.8901,7.7e-05,0.002788,-0.015105,0.30929,-0.5373,0.56254,-0.26248,-9.8345,0.87288,0.003363,0.011779,-0.004133,0.14719,0.56997,-0.52725
-4.6768,-0.63075,8.681,-0.008965,0.012669,-0.004466,0.17631,0.54422,-0.71902,-0.90859,1.9265,9.5799,0.014883,-0.005057,0.001148,-0.34782,-0.15094,-0.99176,-0.33827,-7.0231,6.8781,0.005688,0.006415,-0.007625,-0.070672,0.79755,-0.20484,-0.72734,9.5442,-1.882,0.001754,-0.006908,-0.011641,0.31028,-0.53758,0.56272,-0.26992,-9.8046,0.88031,-0.00299,0.001002,-0.004187,0.14716,0.56864,-0.5279
-4.6916,-0.61576,8.666,-0.003501,0.016174,-0.007211,0.17726,0.54591,-0.71886,-0.91831,1.9022,9.5797,0.009619,0.007303,-0.000526,-0.34736,-0.14934,-0.99255,-0.3432,-6.9988,6.8898,0.000491,-0.003817,-0.014716,-0.069013,0.79683,-0.20461,-0.74972,9.5441,-1.8674,4.7e-05,-0.007777,-0.015175,0.31044,-0.53748,0.56326,-0.2624,-9.8047,0.91032,0.005185,0.020746,-0.004078,0.14699,0.56904,-0.52832
-4.647,-0.66039,8.6213,0.006523,0.026845,-0.008155,0.17627,0.54411,-0.7197,-0.90609,1.9167,9.5871,0.011281,-0.001472,0.006532,-0.34631,-0.14999,-0.99261,-0.33336,-7.0401,6.8711,0.001374,-0.00197,-0.013829,-0.06977,0.79777,-0.20455,-0.73479,9.5442,-1.8746,0.007109,0.006292,-0.011548,0.30887,-0.53691,0.56265,-0.2699,-9.8046,0.89525,-0.018247,0.002609,-0.01047,0.14697,0.56864,-0.52858
-4.7219,-0.67508,8.74,-0.013451,0.021665,-0.004514,0.17753,0.54565,-0.71885,-0.89862,1.8755,9.5894,0.022021,-0.009488,0.001061,-0.3476,-0.15105,-0.99253,-0.34313,-7.0304,6.8708,0.002158,0.007251,-0.009395,-0.06977,0.79738,-0.20453,-0.75733,9.5518,-1.9126,-0.012815,0.009859,0.006124,0.30914,-0.53639,0.56266,-0.2699,-9.8121,0.91017,-0.009464,-0.007802,0.004816,0.14686,0.56877,-0.52831
-4.6694,-0.66039,8.6659,0.006536,0.035907,-0.000898,0.17653,0.54451,-0.71997,-0.90369,1.9241,9.5799,0.014899,-0.009521,-0.00421,-0.34843,-0.15051,-0.99324,-0.33338,-7.0377,6.8857,-0.010475,0.001865,-0.002353,-0.070011,0.79739,-0.2043,-0.75728,9.5517,-1.8901,0.003521,0.008069,-0.009769,0.30917,-0.53667,0.56307,-0.26997,-9.8269,0.8653,-0.012949,-0.002581,-0.002377,0.14677,0.5685,-0.52778
-4.669,-0.63769,8.5467,0.000998,0.018991,0.00737,0.17638,0.54478,-0.72025,-0.93304,1.9168,9.5797,0.018507,-0.001549,-0.000647,-0.34692,-0.14943,-0.9941,-0.33824,-7.0304,6.8562,-0.002249,-0.001927,-0.011184,-0.069235,0.79683,-0.20399,-0.75719,9.5441,-1.8676,-0.004509,-0.006004,-0.009868,0.3087,-0.53637,0.56211,-0.28486,-9.7896,0.89504,0.005187,-0.003556,-0.009658,0.1475,0.56825,-0.52882
-4.6918,-0.64545,8.6808,-0.027829,0.038718,-0.010078,0.17837,0.5451,-0.71841,-0.91344,1.9168,9.5847,0.015754,-0.008596,0.00112,-0.34684,-0.15077,-0.99289,-0.33341,-7.0232,6.8904,0.000293,-0.00539,-0.005004,-0.069615,0.79646,-0.20399,-0.71982,9.5442,-1.8593,0.011562,0.013322,-0.011498,0.31026,-0.53641,0.56259,-0.26986,-9.7897,0.91024,-0.011061,-0.011725,-0.011488,0.14695,0.56797,-0.52722
-4.7215,-0.65985,8.6357,0.005564,0.016082,-0.008117,0.17679,0.54588,-0.71752,-0.92319,1.8974,9.5797,0.000566,-0.006826,-0.000528,-0.34701,-0.14841,-0.9932,-0.33337,-7.028,6.8562,0.009255,0.010994,-0.00761,-0.068885,0.79644,-0.20459,-0.74232,9.5443,-1.8973,0.005147,0.006303,-0.002725,0.31002,-0.53722,0.56337,-0.26999,-9.8494,0.88019,-0.012864,0.002685,-0.007768,0.14712,0.5689,-0.52656
-4.6694,-0.61615,8.7184,-0.006202,0.014315,-0.01541,0.17604,0.54632,-0.71891,-0.89875,1.9216,9.5872,0.027481,0.003764,0.001093,-0.34765,-0.15024,-0.9932,-0.31875,-7.05,6.896,-0.012369,0.00016,0.002943,-0.070074,0.79777,-0.20304,-0.7723,9.5592,-1.9054,0.005487,0.004547,-0.018616,0.31089,-0.53636,0.56447,-0.2849,-9.8045,0.88006,-0.009253,0.003599,-0.007765,0.1477,0.56878,-0.52789
-4.6695,-0.67518,8.6583,-0.007028,0.036849,-0.004569,0.17876,0.54563,-0.71853,-0.92342,1.9653,9.5703,0.003264,-0.001505,0.001266,-0.34736,-0.15169,-0.9929,-0.34323,-6.9745,6.8796,-0.003263,-0.005437,-0.00589,-0.070194,0.79675,-0.20543,-0.72752,9.5743,-1.8895,-0.019606,0.015127,-0.008835,0.31068,-0.53706,0.56247,-0.26998,-9.8494,0.89513,-0.014934,-0.003228,0.010288,0.14714,0.56851,-0.52817
-4.7142,-0.67473,8.6356,0.006502,0.019615,-0.011778,0.17664,0.54641,-0.71781,-0.9084,1.8634,9.5845,0.001451,-0.006812,0.001241,-0.34784,-0.15106,-0.99215,-0.34794,-7.0716,6.8812,-0.008787,-0.003436,0.002929,-0.068592,0.79616,-0.20381,-0.72733,9.5442,-1.8745,0.005007,-0.004263,0.002497,0.30928,-0.53755,0.56228,-0.22503,-9.8271,0.85112,-0.009186,0.009802,-0.010464,0.14656,0.56916,-0.52685
-4.6843,-0.64551,8.6808,0.0011,0.028659,-0.009994,0.17869,0.54625,-0.71732,-0.92822,1.9362,9.575,0.016646,-0.012155,-0.001574,-0.34764,-0.15077,-0.99319,-0.35292,-7.0109,6.885,0.011834,-0.005216,-0.002345,-0.068745,0.7963,-0.20433,-0.74227,9.5442,-1.8748,-0.00894,0.001036,-0.00982,0.30932,-0.53823,0.56294,-0.26988,-9.7897,0.89529,-0.006677,0.001098,0.001249,0.14704,0.56837,-0.52777
-4.6844,-0.64557,8.6957,-0.010733,0.014358,-0.013596,0.17754,0.54643,-0.71858,-0.90859,1.9217,9.575,0.014875,-0.003265,0.003825,-0.34873,-0.15173,-0.99166,-0.33094,-7.0304,6.871,-0.0192,-0.003894,-0.011205,-0.068351,0.79615,-0.20405,-0.74232,9.5517,-1.8823,0.001742,0.030951,-0.007845,0.30953,-0.5374,0.56149,-0.2699,-9.8046,0.90272,-0.003022,-0.007962,-0.004246,0.14619,0.56863,-0.5282
-4.6771,-0.65328,8.7554,-0.002553,0.036983,0.006385,0.17906,0.54626,-0.71798,-0.9036,1.9046,9.5895,0.005829,-0.008504,0.010095,-0.34654,-0.15053,-0.99209,-0.33335,-7.0474,6.8761,-0.003245,-0.00817,-0.005899,-0.069776,0.79725,-0.20466,-0.74981,9.5443,-1.905,-0.005656,0.015126,0.004395,0.30942,-0.5369,0.56228,-0.2849,-9.8195,0.9099,-0.016612,-0.007934,-0.000588,0.14595,0.56796,-0.52806
-4.7219,-0.7046,8.71,-0.002536,0.028727,-0.006356,0.17836,0.5472,-0.71856,-0.91342,1.9312,9.5993,0.005987,0.003788,0.001269,-0.34802,-0.15064,-0.99296,-0.3432,-6.9915,6.8799,0.003896,-0.0054,-0.006766,-0.069282,0.79789,-0.20491,-0.72744,9.5593,-1.8895,-0.003062,0.022157,0.007977,0.30957,-0.53718,0.56255,-0.26995,-9.8345,0.90264,0.00174,0.014186,-0.017676,0.14591,0.56943,-0.52822
-4.7068,-0.67491,8.6655,0.011853,0.018028,0.006478,0.1781,0.54746,-0.7183,-0.90841,1.89,9.5992,0.016716,-0.001546,-0.000631,-0.34688,-0.1501,-0.99343,-0.34309,-7.0473,6.8613,0.001093,0.002015,-0.000577,-0.071414,0.79731,-0.20449,-0.72726,9.5292,-1.882,-0.005238,0.015104,-0.01502,0.31043,-0.53708,0.56313,-0.25499,-9.8345,0.87301,-0.007556,-0.009736,-0.002444,0.14462,0.56901,-0.52759
-4.692,-0.69731,8.6804,-0.011703,0.016405,0.006454,0.17788,0.54822,-0.71736,-0.9184,1.9338,9.5799,0.007637,-0.016538,0.001146,-0.34705,-0.15067,-0.99185,-0.33826,-7.0231,6.8659,-0.000726,-0.003414,0.00118,-0.068759,0.79721,-0.20461,-0.7573,9.5591,-1.8826,-0.00176,0.008074,-0.012415,0.30955,-0.53575,0.56268,-0.26989,-9.7896,0.88035,-0.005693,0.002785,-0.004169,0.14742,0.56918,-0.5279
-4.6992,-0.66744,8.6358,0.010929,0.00534,-0.004413,0.17868,0.54756,-0.7176,-0.92316,1.9094,9.5967,-0.001224,-0.006834,-0.0014,-0.34791,-0.15011,-0.99322,-0.33337,-7.0328,6.8661,-0.004925,-0.003772,-0.01119,-0.07012,0.79804,-0.20394,-0.74968,9.5292,-1.8824,-0.001696,0.029195,-0.013156,0.3096,-0.53656,0.56348,-0.28489,-9.8046,0.895,-0.007384,-0.006402,-0.015073,0.14747,0.56985,-0.52899
-4.7067,-0.64536,8.6881,0.015512,0.016054,-0.006274,0.17698,0.54853,-0.71903,-0.9158,1.907,9.5992,0.018466,-0.006851,-0.000672,-0.3466,-0.15024,-0.99315,-0.34309,-7.0571,6.8835,0.002199,0.006294,-0.011166,-0.070031,0.79804,-0.20469,-0.72736,9.5443,-1.8895,0.005275,0.004531,-0.008914,0.31016,-0.53632,0.56364,-0.26988,-9.7897,0.89529,-0.014808,-0.009724,-0.000612,0.14655,0.56849,-0.52711
-4.7066,-0.6378,8.6508,0.017304,0.014286,-0.002618,0.17808,0.54642,-0.7187,-0.92813,1.9119,9.5797,-0.00127,-0.019243,-0.005913,-0.34837,-0.15184,-0.9923,-0.34318,-7.0037,6.8801,-0.012171,-0.01097,-0.005914,-0.070531,0.79715,-0.20457,-0.72736,9.5443,-1.8895,0.004974,-0.003382,0.004267,0.309,-0.53678,0.56253,-0.28479,-9.7899,0.96975,-0.023962,0.003012,0.010357,0.14616,0.56864,-0.52874
-4.6918,-0.64551,8.6957,0.014589,0.014297,-0.004442,0.17776,0.54475,-0.71965,-0.91839,1.9217,9.5749,0.009543,-0.009532,-0.005947,-0.34896,-0.15116,-0.99339,-0.33337,-7.0328,6.871,-0.011997,0.002443,-0.014718,-0.069775,0.79673,-0.20464,-0.76496,9.5743,-1.9278,-0.008996,0.008089,-0.006237,0.30915,-0.53666,0.5628,-0.25522,-9.9088,0.76073,-0.02536,0.00608,-0.014956,0.14477,0.56914,-0.52731
-4.6844,-0.67512,8.6732,0.015522,0.023318,0.000991,0.17842,0.54593,-0.7199,-0.93305,1.9216,9.5797,0.002342,-0.01038,-0.002338,-0.3474,-0.14984,-0.99333,-0.32849,-7.0426,6.8737,-0.005231,-0.010665,0.00381,-0.070271,0.79714,-0.20443,-0.74977,9.5368,-1.9049,-0.007001,-0.000729,-0.016894,0.30905,-0.53746,0.56333,-0.26257,-9.8341,0.77575,-0.003993,-0.000605,0.004846,0.14608,0.56903,-0.52794
-4.7295,-0.68996,8.7697,0.004637,0.021615,0.000983,0.17846,0.54551,-0.71908,-0.91344,1.9143,9.5822,0.005899,-0.013916,-0.002384,-0.3474,-0.15036,-0.99345,-0.34804,-7.0085,6.8752,0.001948,-0.005208,0.001178,-0.070667,0.79846,-0.20474,-0.72707,9.5289,-1.7994,-0.014658,0.010732,0.007895,0.31118,-0.53727,0.5609,-0.29983,-9.8046,0.93957,0.019678,0.017112,-0.009548,0.14615,0.56822,-0.52712
-4.6767,-0.61588,8.6661,0.018299,0.028563,-0.008145,0.17848,0.54446,-0.7188,-0.9208,1.924,9.5847,-0.010277,-0.012058,0.005762,-0.34775,-0.14935,-0.99244,-0.34311,-7.0425,6.8784,-0.013924,-0.001935,-0.007667,-0.069802,0.79765,-0.20518,-0.74224,9.559,-1.8298,0.005164,0.008065,-0.004471,0.31069,-0.53745,0.56247,-0.26993,-9.8195,0.88774,0.008786,0.003679,-0.006911,0.14576,0.56903,-0.52863
-4.691,-0.54855,8.5322,0.04443,-0.000336,-0.007991,0.17731,0.54373,-0.72047,-0.92822,1.912,9.5578,0.007594,-0.012925,0.010053,-0.34747,-0.15092,-0.9924,-0.33824,-7.0426,6.8809,-0.012401,-0.001604,0.004701,-0.068455,0.79771,-0.20359,-0.72741,9.5444,-1.912,0.023347,0.003619,-0.022156,0.30989,-0.53773,0.56324,-0.26233,-9.7749,0.92534,-0.011262,-0.004226,0.004839,0.14676,0.56864,-0.52791
-4.6918,-0.66027,8.6807,0.001108,0.023162,-0.019092,0.17895,0.54436,-0.72014,-0.90852,1.9216,9.5944,0.022174,0.00014,-0.009555,-0.34756,-0.15087,-0.99411,-0.33829,-7.0232,6.8952,-0.013973,-0.011876,-0.005035,-0.069141,0.79723,-0.20463,-0.69763,9.5595,-1.9189,-0.00738,0.023904,0.002692,0.30861,-0.53769,0.56278,-0.25488,-9.7898,0.91049,-0.003802,0.008949,-0.009566,0.14608,0.56903,-0.52794
-4.692,-0.6752,8.7104,0.007235,-0.003517,0.000184,0.17747,0.54411,-0.72006,-0.89861,1.8948,9.6065,0.004086,-0.015676,-0.001489,-0.34791,-0.15076,-0.99334,-0.33824,-7.0328,6.8611,-0.008539,0.003522,-0.009414,-0.06945,0.79671,-0.20323,-0.75728,9.5442,-1.9051,-0.012453,0.020412,-0.009686,0.30984,-0.53654,0.5627,-0.26255,-9.8492,0.82054,-0.005692,-0.002591,-0.004207,0.14696,0.56998,-0.52847
-4.6324,-0.66104,8.7557,0.024514,0.014351,0.002875,0.17722,0.54365,-0.72224,-0.88878,1.873,9.5992,0.02386,-0.00687,-0.002495,-0.34714,-0.15127,-0.99368,-0.30893,-7.0816,6.882,0.011882,-0.00437,-0.004104,-0.069097,0.798,-0.20376,-0.78691,9.5288,-1.8306,-0.005383,0.01778,-0.00882,0.3107,-0.53785,0.56261,-0.29987,-9.7894,0.8649,-0.012761,0.00434,-0.014982,0.146,0.56915,-0.52714
-4.6768,-0.6307,8.666,0.008263,0.017946,-0.002642,0.17743,0.54309,-0.72087,-0.91857,1.9702,9.5606,0.004133,-0.003255,0.003029,-0.34724,-0.15168,-0.99315,-0.34811,-6.9672,6.8745,0.002068,0.010074,-0.005852,-0.069704,0.79645,-0.20324,-0.71246,9.5593,-1.8742,-0.003537,-0.000748,-0.01336,0.30959,-0.53707,0.56309,-0.25499,-9.8195,0.85064,0.00337,7.2e-05,-0.006929,0.14595,0.56916,-0.52782
-4.7212,-0.5711,8.6736,0.01821,0.015182,-0.002619,0.17771,0.5436,-0.72059,-0.93527,1.8633,9.5989,0.010436,-0.005088,-0.001495,-0.34641,-0.15046,-0.99457,-0.3382,-7.0668,6.8788,-0.009379,-0.005629,-0.011203,-0.069515,0.79724,-0.20452,-0.71971,9.5291,-1.8443,0.015771,0.009802,-0.000936,0.30926,-0.53599,0.56227,-0.24752,-9.8345,0.85072,-0.009363,-0.012433,-0.002461,0.14751,0.5697,-0.52656
-4.6842,-0.61594,8.6959,0.01096,0.016165,-0.000805,0.17741,0.54231,-0.72127,-0.9135,1.9265,9.575,0.006086,-0.0052,-0.016565,-0.34734,-0.15156,-0.99264,-0.33827,-7.0231,6.8756,0.002153,0.009068,-0.009389,-0.070811,0.79729,-0.20509,-0.7423,9.5442,-1.8898,0.006791,0.018628,0.004421,0.30928,-0.5369,0.56227,-0.26998,-9.8269,0.85036,-0.009238,-0.002714,-0.009623,0.14672,0.56864,-0.52845
-4.6619,-0.61623,8.7259,0.000981,0.016294,0.002832,0.17729,0.54217,-0.72087,-0.90857,1.9168,9.5774,0.002397,-0.005087,-0.004085,-0.34673,-0.15154,-0.99339,-0.32366,-7.0232,6.8856,-0.020888,0.003226,-0.016489,-0.069096,0.79761,-0.20375,-0.74981,9.5517,-1.89,0.003205,0.013356,0.005268,0.30928,-0.53626,0.56254,-0.29984,-9.7895,0.89479,0.006954,0.008217,-0.00415,0.1482,0.56972,-0.52816
-4.6467,-0.60118,8.6366,0.010984,0.026123,0.007361,0.17636,0.54198,-0.72307,-0.89871,1.907,9.5896,0.007699,-0.010366,-0.0006,-0.34711,-0.15077,-0.99303,-0.33819,-7.0619,6.8641,0.009145,-0.012473,-0.000597,-0.0691,0.79592,-0.20383,-0.77221,9.5516,-1.8829,0.003369,0.009841,-0.002697,0.31069,-0.53694,0.56274,-0.28489,-9.8046,0.895,-0.005756,-0.000723,-0.000567,0.14572,0.56769,-0.52753
-4.6917,-0.64539,8.6658,0.017295,0.014317,-0.000792,0.17656,0.54155,-0.72198,-0.9282,1.9314,9.5749,0.009569,-0.012232,-0.011298,-0.34814,-0.15169,-0.99294,-0.34565,-6.994,6.8946,-0.008703,0.003703,-0.002347,-0.068906,0.79735,-0.205,-0.72011,9.5744,-1.9194,-0.002009,0.003661,-0.000974,0.30819,-0.53627,0.56315,-0.2699,-9.7896,0.86541,-0.003913,0.01364,0.000421,0.14762,0.56944,-0.52696
-4.684,-0.59354,8.6513,0.006373,0.003638,-0.000759,0.17562,0.54156,-0.72188,-0.90343,1.8585,9.5991,0.014971,-0.006925,-0.00954,-0.34751,-0.15063,-0.99319,-0.33576,-7.0669,6.8862,0.002169,0.001788,-0.009408,-0.068841,0.79708,-0.20372,-0.72729,9.5367,-1.8745,0.005056,0.01158,0.001723,0.30899,-0.53766,0.56186,-0.26992,-9.8045,0.87284,-0.0057,0.0037,-0.003258,0.14722,0.56891,-0.52884
-4.647,-0.61624,8.6962,-0.007215,0.008304,0.004679,0.17621,0.54166,-0.72091,-0.91849,1.9459,9.5653,0.015006,0.000162,-0.008605,-0.34837,-0.15113,-0.99454,-0.33342,-7.0134,6.8804,0.000316,-0.00814,-0.005892,-0.069602,0.79646,-0.20374,-0.75742,9.5816,-1.8826,-0.001926,0.015122,-0.004419,0.30934,-0.53812,0.56348,-0.28494,-9.8194,0.86507,-0.007497,-0.006216,-0.006026,0.14782,0.56891,-0.52802
-4.6468,-0.60871,8.6664,-0.008075,0.005427,-0.009903,0.17615,0.5413,-0.72213,-0.91089,1.8876,9.5894,0.014929,-0.001542,-0.000617,-0.34754,-0.15036,-0.99359,-0.33822,-7.0474,6.8638,-0.017462,-0.007445,-0.008565,-0.069464,0.79697,-0.20349,-0.7423,9.5517,-1.8748,0.015712,-0.00339,0.000741,0.31081,-0.53654,0.56248,-0.26997,-9.8345,0.88023,-0.002223,-0.007791,0.003894,0.1466,0.5693,-0.52807
-4.6767,-0.60118,8.6961,0.007288,0.003598,-0.004403,0.17733,0.54209,-0.72276,-0.90857,1.9144,9.575,0.002345,-0.010373,-0.002335,-0.34701,-0.15036,-0.99356,-0.33336,-7.0474,6.8835,0.010863,0.002136,0.001203,-0.069265,0.79606,-0.2046,-0.71991,9.5518,-1.8818,0.010286,0.008052,0.006113,0.31014,-0.53501,0.56364,-0.26997,-9.8345,0.88023,-0.003938,-0.006134,-0.002422,0.14695,0.56903,-0.52697
-4.6766,-0.5863,8.6813,0.007345,0.012523,-0.007178,0.17534,0.54274,-0.72203,-0.91833,1.9071,9.5797,0.013152,-0.001554,-0.00238,-0.34715,-0.14957,-0.99358,-0.34805,-7.0085,6.8899,-0.005042,0.00635,-0.006755,-0.069145,0.79632,-0.20473,-0.74244,9.5742,-1.8823,-0.000103,0.017752,-0.006168,0.31046,-0.53788,0.56353,-0.26994,-9.812,0.86535,-0.011127,-0.000801,-0.003274,0.14636,0.5681,-0.52792
-4.6395,-0.6163,8.6963,-0.010718,0.023427,-0.006334,0.17528,0.54133,-0.72311,-0.91596,1.9362,9.5799,0.007713,-0.001482,0.004783,-0.34776,-0.15221,-0.99317,-0.34307,-7.0571,6.8615,-0.0069,0.003721,-0.00235,-0.069948,0.79766,-0.20557,-0.74989,9.5741,-1.875,-0.007577,-0.013035,0.007736,0.3097,-0.53601,0.56269,-0.25493,-9.8046,0.88056,-0.0094,0.006518,0.003999,0.14653,0.56918,-0.529
-4.6618,-0.616,8.6663,-0.004407,0.022567,0.000971,0.17517,0.54146,-0.72271,-0.9183,1.9022,9.5821,0.000711,-0.001631,-0.012949,-0.34782,-0.15088,-0.99399,-0.32608,-7.0232,6.8734,-0.012291,-0.001744,-0.000593,-0.06959,0.79658,-0.20349,-0.74228,9.5442,-1.8823,-0.000103,0.01335,-0.006205,0.31041,-0.53629,0.56299,-0.28485,-9.7897,0.90998,0.010572,0.01181,-0.004142,0.14579,0.56929,-0.52809
-4.6841,-0.60109,8.6886,0.013778,0.030392,-0.008159,0.17602,0.54247,-0.72187,-0.90853,1.9071,9.5798,0.012363,0.000124,-0.013033,-0.34674,-0.1501,-0.99329,-0.33838,-7.0399,6.8737,-0.012048,-0.008166,-0.007674,-0.069613,0.79766,-0.2041,-0.74251,9.5818,-1.8973,0.008776,-0.000746,-0.007178,0.30982,-0.53612,0.56217,-0.25495,-9.8196,0.89546,-0.01124,-0.007848,0.003004,0.14569,0.56942,-0.52769
-4.6618,-0.61597,8.6588,0.001057,0.021514,-0.008137,0.17592,0.54043,-0.72389,-0.93554,1.9313,9.5773,0.00587,-0.006771,0.006545,-0.3476,-0.15157,-0.99252,-0.33835,-7.052,6.8666,0.007529,0.002961,-0.005863,-0.069358,0.79739,-0.20408,-0.74232,9.5517,-1.8823,0.001274,0.003676,0.011377,0.31012,-0.53602,0.56284,-0.26997,-9.8119,0.83546,-0.018363,0.003711,-0.000513,0.14491,0.56835,-0.52743
-4.6616,-0.55685,8.6965,0.019184,0.024975,-0.009036,0.17509,0.54104,-0.72176,-0.92072,1.8877,9.5796,0.006024,-0.001577,-0.005881,-0.34656,-0.15156,-0.99273,-0.34331,-7.0131,6.8805,-0.019343,-0.019844,0.000244,-0.070134,0.79769,-0.20439,-0.74989,9.5741,-1.875,-0.009146,0.018651,0.000898,0.31028,-0.53707,0.56285,-0.28489,-9.8046,0.895,-0.005705,0.008203,-0.002316,0.14577,0.56995,-0.52649
-4.7212,-0.60787,8.6062,0.001128,0.039504,-0.000927,0.1758,0.5403,-0.72363,-0.92344,1.9167,9.58,0.013223,0.000138,-0.013778,-0.34665,-0.15159,-0.99351,-0.33348,-7.0447,6.8543,-0.004849,0.003629,-0.011173,-0.06984,0.79715,-0.20359,-0.74983,9.5592,-1.8825,-0.005382,0.014239,-0.008843,0.30886,-0.53742,0.56226,-0.2699,-9.8046,0.89525,-0.003832,0.006302,-0.007767,0.14649,0.56837,-0.52792
-4.6691,-0.59368,8.6589,-0.029712,0.021657,-0.013652,0.17577,0.54136,-0.72418,-0.94797,1.9312,9.5751,0.013179,0.001956,-0.007546,-0.34661,-0.15109,-0.99273,-0.35795,-7.0058,6.8924,0.008502,-0.010762,-0.009424,-0.069418,0.79556,-0.20277,-0.71998,9.5742,-1.8594,0.004251,0.013337,-0.002668,0.3095,-0.53685,0.56096,-0.26993,-9.812,0.87282,-0.005936,-0.005846,0.012055,0.14615,0.5685,-0.52887
-4.6169,-0.61601,8.5771,0.022759,0.019664,0.000108,0.175,0.54173,-0.72326,-0.92817,1.8633,9.5846,0.007817,-0.002489,-0.011088,-0.3466,-0.14992,-0.99236,-0.31867,-7.0717,6.8572,0.014585,0.00653,-0.005846,-0.069203,0.79683,-0.20335,-0.77962,9.544,-1.8755,0.005312,-0.005127,-0.011626,0.30944,-0.5368,0.56281,-0.29992,-9.8344,0.89466,0.007022,0.006314,-0.009588,0.14558,0.56822,-0.52754
-4.6471,-0.6165,8.7634,0.006463,0.029761,0.006433,0.17608,0.54042,-0.72335,-0.92846,1.9603,9.5778,0.022948,0.000244,-0.000514,-0.34664,-0.15186,-0.99338,-0.32849,-7.0426,6.881,0.013462,0.004067,0.004745,-0.069686,0.79736,-0.20288,-0.74249,9.5743,-1.9048,0.005029,0.008067,0.002588,0.3093,-0.53731,0.56281,-0.28487,-9.7896,0.8801,-0.00308,0.003843,0.003074,0.14724,0.56918,-0.52858
-4.6767,-0.60115,8.6886,0.001084,0.02962,-0.005436,0.17636,0.54171,-0.72307,-0.93321,1.9021,9.575,-0.00126,-0.010365,-0.003937,-0.34665,-0.15198,-0.99364,-0.34319,-6.994,6.8751,0.004792,0.0055,-0.007626,-0.068942,0.79668,-0.20321,-0.72736,9.5517,-1.8745,-0.02164,0.009855,0.002595,0.30859,-0.53793,0.56224,-0.26993,-9.8196,0.89521,-0.003899,0.000102,-0.00419,0.14618,0.56797,-0.52859
-4.6915,-0.58618,8.6811,0.001062,0.021491,-0.009962,0.17428,0.54066,-0.72179,-0.92331,1.8778,9.5847,0.005924,0.002067,0.004071,-0.34709,-0.14942,-0.99161,-0.33324,-7.1105,6.8723,0.000213,-0.000728,-0.000587,-0.071216,0.79703,-0.20308,-0.71986,9.5517,-1.8593,-0.007032,0.013344,-0.015027,0.30973,-0.53655,0.56322,-0.25497,-9.8195,0.86558,-0.003979,0.002935,0.003058,0.14519,0.56861,-0.52729
-4.6469,-0.60139,8.6888,-0.009831,0.022568,-0.002682,0.1758,0.54114,-0.72106,-0.90884,1.9506,9.5803,0.005734,-0.003087,0.020063,-0.34792,-0.15058,-0.99255,-0.34806,-6.9988,6.8775,-0.005081,-0.004495,-0.004127,-0.070376,0.79571,-0.20401,-0.75726,9.5516,-1.8826,0.014191,0.010696,-0.00975,0.30899,-0.53625,0.56226,-0.28487,-9.7896,0.8801,-0.012915,0.010866,-0.002282,0.14656,0.56849,-0.52698
-4.6469,-0.60142,8.6963,0.004639,0.012505,-0.010826,0.1756,0.54183,-0.72215,-0.89891,1.8973,9.5777,0.002241,-0.012952,0.003139,-0.34754,-0.14992,-0.99267,-0.32359,-7.0572,6.8716,-0.006596,-0.003019,-0.016489,-0.069093,0.79565,-0.20369,-0.75723,9.5441,-1.8826,0.006954,0.003666,-0.004506,0.30812,-0.53569,0.56168,-0.29988,-9.812,0.89472,-0.003927,0.011854,0.000424,0.14718,0.5689,-0.52764
-4.6468,-0.61606,8.6514,-0.017159,0.009234,0.002835,0.17601,0.54052,-0.72213,-0.92839,1.9167,9.5654,-0.001343,-0.006717,0.008534,-0.34858,-0.1511,-0.99271,-0.34798,-7.0327,6.8561,-0.012165,-0.007327,-0.00591,-0.069229,0.79709,-0.20387,-0.7423,9.5442,-1.8898,-0.001839,-0.007776,-0.009882,0.31069,-0.5372,0.56274,-0.28488,-9.8046,0.90247,-0.005614,0.002659,-0.010494,0.14741,0.56971,-0.52791
-4.6915,-0.60829,8.6512,0.003839,0.034034,-0.008191,0.17507,0.54027,-0.72216,-0.91369,1.9071,9.5606,0.001526,-0.003337,-0.009254,-0.34704,-0.15081,-0.99329,-0.348,-7.023,6.8608,0.005695,-0.009019,-0.006775,-0.069832,0.79685,-0.20326,-0.74242,9.5742,-1.8748,-0.006899,0.002787,-0.022155,0.30871,-0.53676,0.56211,-0.25497,-9.8195,0.86558,-0.004777,-0.00263,-0.006022,0.14646,0.57037,-0.52795
-4.662,-0.63099,8.7109,-0.014393,0.023625,0.007338,0.17431,0.54208,-0.72112,-0.90382,1.9118,9.585,0.016649,0.000292,0.003982,-0.34787,-0.14963,-0.99388,-0.34307,-7.0595,6.8664,-0.006848,-0.00724,-0.004139,-0.06975,0.79712,-0.20415,-0.74238,9.5592,-1.8898,-0.003705,0.009834,-0.004462,0.30826,-0.5366,0.56143,-0.26996,-9.8195,0.86533,-0.007461,-0.002672,-0.007818,0.1472,0.56864,-0.52736
-4.6469,-0.62356,8.6738,-0.004376,0.02611,-0.002691,0.17415,0.543,-0.72154,-0.91364,1.9167,9.5801,0.013002,-0.006759,0.005751,-0.34784,-0.15055,-0.9936,-0.33581,-7.0279,6.8562,0.000417,0.005371,-0.011165,-0.06858,0.79628,-0.20356,-0.75725,9.5516,-1.8751,-0.00908,0.020413,-0.001742,0.30809,-0.53605,0.56089,-0.26244,-9.8121,0.88041,-0.005624,0.00088,-0.009611,0.14711,0.56785,-0.52869
-4.6618,-0.60136,8.7111,-0.003461,0.026065,-0.006336,0.17633,0.54114,-0.72131,-0.90627,1.907,9.5801,0.018539,-0.006928,-0.012968,-0.34737,-0.15085,-0.99226,-0.32844,-7.062,6.8618,0.006122,-0.004093,-0.027076,-0.069183,0.79643,-0.20296,-0.74227,9.5442,-1.8748,-0.000131,0.020393,-0.00439,0.30886,-0.5369,0.56225,-0.26993,-9.8045,0.86537,-0.004029,0.003013,0.006683,0.14665,0.5677,-0.52763
-4.6841,-0.5863,8.6961,0.004654,0.027036,0.004612,0.17605,0.54246,-0.72133,-0.92835,1.9239,9.58,-0.00293,0.007314,-0.003825,-0.34808,-0.14978,-0.9931,-0.3334,-7.0231,6.8757,-0.001413,0.007217,-0.009396,-0.070263,0.79622,-0.20427,-0.72748,9.5742,-1.8745,-0.000208,0.002783,-0.002743,0.30939,-0.5365,0.56188,-0.26245,-9.8195,0.8804,0.004416,-0.006456,-0.019634,0.14665,0.56983,-0.52727
-4.6767,-0.60115,8.6886,-0.003527,0.015347,-0.002645,0.17556,0.54375,-0.72041,-0.91853,1.9215,9.5849,0.009428,-0.017446,-0.004057,-0.34742,-0.14926,-0.99281,-0.33826,-7.0231,6.8708,-0.00853,-0.005574,-0.009432,-0.069756,0.79699,-0.20427,-0.74232,9.5443,-1.8973,-0.007181,0.008076,-0.008007,0.30885,-0.53702,0.56199,-0.26997,-9.8194,0.85038,-0.007373,0.013407,-0.010425,0.14477,0.56715,-0.52768
-4.6619,-0.63082,8.6662,-0.004373,0.030656,0.002759,0.17653,0.5417,-0.72252,-0.91368,1.9215,9.5752,0.013158,0.007328,-0.000399,-0.3472,-0.1508,-0.99382,-0.34313,-7.0328,6.8855,0.00023,0.001959,-0.002343,-0.070154,0.79583,-0.20464,-0.74228,9.5442,-1.8823,-0.002055,0.001033,0.000768,0.30886,-0.53728,0.56212,-0.26993,-9.8195,0.88774,-0.013874,-0.007964,-0.00241,0.14531,0.56742,-0.52767
-4.6917,-0.63066,8.6883,-0.000712,0.023202,-0.017269,0.17526,0.54258,-0.72095,-0.91849,1.8973,9.58,0.002332,0.002083,0.004994,-0.34797,-0.15082,-0.99347,-0.33825,-7.0328,6.8734,-0.005051,-0.00725,-0.005016,-0.070254,0.79466,-0.2041,-0.72736,9.5517,-1.8745,0.012097,0.006292,0.004337,0.3086,-0.5373,0.56264,-0.26992,-9.8121,0.89523,-0.005777,-0.007898,-0.000621,0.14579,0.56849,-0.52821
-4.662,-0.66051,8.6809,0.001037,0.028874,0.006422,0.17535,0.543,-0.72176,-0.92093,1.9311,9.6044,0.008642,-0.003324,-0.005753,-0.34699,-0.15006,-0.99225,-0.3358,-7.0377,6.871,0.000445,-0.00284,-0.012066,-0.069112,0.7954,-0.20406,-0.74246,9.5742,-1.8898,-0.000133,-0.000734,-0.006297,0.30989,-0.53683,0.56363,-0.26994,-9.812,0.86535,-0.011915,0.008926,-0.009539,0.14645,0.56929,-0.52646
-4.6618,-0.5866,8.7261,-0.000797,0.018927,-0.002653,0.17551,0.54325,-0.72135,-0.92337,1.8924,9.5799,0.014896,0.003816,0.003119,-0.34693,-0.14976,-0.99356,-0.348,-7.0328,6.8732,-0.00843,0.003388,-0.014716,-0.070601,0.79753,-0.20344,-0.73502,9.5743,-1.9047,-0.003665,-0.000734,-0.007181,0.30842,-0.53598,0.56223,-0.25496,-9.8121,0.8656,-0.013784,0.011714,-0.004096,0.14603,0.56902,-0.52673
-4.7071,-0.71218,8.725,-0.013331,0.044966,-0.004614,0.17713,0.54192,-0.72142,-0.92347,1.9215,9.5752,0.019286,-0.012125,-0.000555,-0.34901,-0.15239,-0.99363,-0.33823,-7.0474,6.8736,-0.004689,0.00139,-0.022663,-0.07039,0.79623,-0.20428,-0.74227,9.5516,-1.8598,-0.006267,0.008075,-0.009769,0.30981,-0.53689,0.56177,-0.28493,-9.8345,0.90239,0.0051,0.000176,-0.002395,0.14647,0.56877,-0.52806
-4.6619,-0.61623,8.7259,-0.042405,0.021787,-0.011843,0.17664,0.54334,-0.7205,-0.93822,1.941,9.5703,0.006855,-0.001536,-0.003953,-0.34798,-0.14977,-0.99349,-0.34315,-7.0231,6.8805,-0.009489,-0.012767,-0.005916,-0.069919,0.79544,-0.20499,-0.71251,9.5742,-1.8592,0.001654,0.009814,-0.006223,0.30954,-0.53779,0.56149,-0.25497,-9.8196,0.87305,-0.018207,0.009758,-0.011333,0.1462,0.56903,-0.52807
-4.6842,-0.63793,8.6361,0.009274,0.03582,-0.005456,0.17616,0.54476,-0.7193,-0.91829,1.8438,9.5943,0.012224,-0.001534,-0.002228,-0.34685,-0.14928,-0.99199,-0.33572,-7.0668,6.8324,0.004117,-0.00019,-0.016474,-0.069324,0.79722,-0.20324,-0.75728,9.5591,-1.8751,0.007047,0.016868,-0.00794,0.30939,-0.53752,0.56148,-0.28492,-9.8044,0.85017,0.003326,0.006446,-0.002351,0.14653,0.56983,-0.52714
-4.6471,-0.63858,8.7259,-0.00263,0.014459,-0.002636,0.17654,0.54385,-0.71983,-0.90894,1.9797,9.5755,0.017668,0.003722,-0.008449,-0.34621,-0.15122,-0.99258,-0.32851,-7.0402,6.9005,0.001256,-0.002749,-0.008531,-0.069363,0.79762,-0.20402,-0.73493,9.5593,-1.8972,-0.000137,0.015107,-0.004425,0.30857,-0.53599,0.56237,-0.28492,-9.8044,0.85017,0.006925,0.010978,-0.00052,0.14626,0.56929,-0.52727
-4.7067,-0.64533,8.6806,0.002837,0.0216,6.8e-05,0.17699,0.54552,-0.71887,-0.93818,1.9312,9.5751,0.003262,-0.0033,-0.003934,-0.34809,-0.15095,-0.99347,-0.34815,-7.0228,6.8659,-0.006902,0.005756,0.001192,-0.068671,0.79671,-0.20301,-0.74972,9.5515,-1.8524,-0.009036,0.016888,-0.004413,0.30928,-0.53652,0.56241,-0.26244,-9.8196,0.89534,-0.009147,-0.001074,-0.016851,0.1462,0.56822,-0.52645
-4.7064,-0.61549,8.6286,-0.007901,0.025805,-0.026414,0.17699,0.54409,-0.719,-0.92331,1.8875,9.592,0.006027,-0.006942,-0.015538,-0.34754,-0.1494,-0.99269,-0.33589,-7.0714,6.8767,0.009308,-0.005191,-0.004996,-0.069231,0.797,-0.20407,-0.72744,9.5593,-1.8895,0.004127,0.011582,0.003492,0.30854,-0.53519,0.5621,-0.25497,-9.8196,0.87305,-0.012991,-0.007927,-0.00061,0.1474,0.5689,-0.52642
-4.6918,-0.63807,8.6883,-0.000813,0.014426,-0.00264,0.17733,0.54412,-0.7202,-0.91864,1.9554,9.5802,0.004177,0.000239,-0.003915,-0.34798,-0.15276,-0.99409,-0.34574,-7.0131,6.8804,-0.003185,0.001963,-0.005876,-0.069536,0.79676,-0.20509,-0.74977,9.5442,-1.8899,0.003541,0.018628,-0.009697,0.30996,-0.53729,0.56191,-0.28491,-9.8044,0.86511,-0.014744,0.013604,0.000455,0.14605,0.56916,-0.52821
-4.6621,-0.66068,8.7257,-0.008022,0.021651,-0.003589,0.1776,0.54463,-0.7202,-0.90378,1.9021,9.5898,0.003919,-0.017298,0.011994,-0.34697,-0.15254,-0.99233,-0.32371,-7.0666,6.8646,0.009392,0.001969,-0.009393,-0.069337,0.79622,-0.20367,-0.75728,9.5591,-1.8751,-0.014393,0.011617,-0.003567,0.30734,-0.53754,0.56258,-0.26994,-9.8045,0.85042,-0.002039,-0.009858,-0.009689,0.14652,0.5673,-0.52763
-4.6619,-0.66774,8.6361,0.013744,0.025048,-0.00449,0.17804,0.54448,-0.7195,-0.91363,1.9263,9.5899,0.00953,0.004702,0.002286,-0.34678,-0.15107,-0.9934,-0.34812,-7.0374,6.8613,0.014751,-0.005252,-0.009406,-0.070143,0.79587,-0.20459,-0.73487,9.5592,-1.8747,0.00447,0.002774,-0.013334,0.30981,-0.5365,0.56177,-0.26994,-9.8195,0.88027,-0.007675,-0.007756,0.00662,0.1467,0.56996,-0.5266
-4.7365,-0.65985,8.6654,0.004781,0.033901,-0.017314,0.17776,0.54658,-0.71952,-0.93562,1.9045,9.5848,-0.001447,-0.020863,0.008457,-0.34785,-0.15185,-0.99397,-0.33353,-7.0229,6.8612,-0.020217,0.011004,-0.002341,-0.06864,0.79712,-0.20492,-0.72729,9.5442,-1.8595,0.008959,0.006285,-0.015077,0.3091,-0.53738,0.5612,-0.24748,-9.8196,0.87318,-0.01465,0.00805,-0.007739,0.14606,0.56863,-0.5282
-4.692,-0.67526,8.7253,-0.013366,0.034146,-0.010037,0.17826,0.5447,-0.71786,-0.91362,1.9142,9.5849,0.007903,0.010775,-0.011008,-0.3478,-0.15031,-0.99268,-0.33347,-7.0569,6.8618,-0.002287,-0.007106,-0.005011,-0.070006,0.79716,-0.20436,-0.74241,9.5593,-1.9048,-0.003589,0.00807,-0.009769,0.30952,-0.53764,0.56109,-0.28491,-9.8044,0.86511,0.002484,0.011746,-0.005931,0.14689,0.5697,-0.52766
-4.6993,-0.66015,8.6657,-0.011674,0.019044,0.002795,0.1773,0.54498,-0.71818,-0.92348,1.9312,9.5777,0.005923,0.002064,0.003189,-0.34765,-0.15136,-0.99252,-0.33842,-7.018,6.8733,-0.005869,0.009215,-0.005863,-0.070144,0.79626,-0.2046,-0.75736,9.5741,-1.8751,0.007141,0.017746,-0.012343,0.30916,-0.53666,0.55948,-0.28486,-9.7896,0.89504,-0.002154,-0.003399,-0.000594,0.14532,0.56782,-0.52741
-4.7067,-0.6675,8.6656,-0.002631,0.01629,0.002818,0.17837,0.54523,-0.71841,-0.92335,1.8948,9.5872,0.0086,-0.008611,-0.004008,-0.34809,-0.15082,-0.99335,-0.33347,-7.0569,6.8667,0.007757,-4.3e-05,-0.016466,-0.070436,0.79575,-0.20536,-0.74978,9.5591,-1.8599,0.001652,0.006311,-0.006249,0.30861,-0.53654,0.55985,-0.25491,-9.8047,0.90298,-0.003773,0.009809,-0.011369,0.14575,0.57061,-0.52664
-4.7066,-0.63045,8.6658,0.001001,0.019875,0.004633,0.17764,0.54598,-0.71681,-0.93329,1.9409,9.5801,0.011529,0.008939,-0.018161,-0.34787,-0.15275,-0.99448,-0.34575,-7.0131,6.8853,-0.012028,-0.001843,-0.009427,-0.06989,0.79625,-0.20458,-0.72744,9.5593,-1.8895,-0.004507,0.004544,-0.008911,0.30892,-0.53593,0.56079,-0.2699,-9.8046,0.89525,-0.011138,-0.006199,-0.004215,0.14614,0.56796,-0.52725
-4.7067,-0.66009,8.6656,0.00831,0.023256,-0.007229,0.17984,0.5464,-0.71863,-0.90866,1.8972,9.5897,0.020251,-0.006856,-0.004092,-0.34625,-0.15302,-0.99359,-0.34815,-7.0277,6.8758,-0.008534,0.001919,-0.005884,-0.069915,0.79599,-0.20508,-0.74241,9.5593,-1.9048,-0.01431,-0.000718,-0.008067,0.30911,-0.53546,0.56213,-0.24003,-9.827,0.83593,-0.012832,0.00085,-0.009604,0.14648,0.56915,-0.52605
-4.677,-0.68985,8.6358,-0.004355,0.028778,-0.002709,0.17923,0.54625,-0.71743,-0.90392,1.9409,9.5803,-0.005719,-0.006815,-0.003871,-0.34825,-0.15172,-0.99399,-0.33353,-7.0326,6.8859,-0.006811,-0.008897,-0.002368,-0.06991,0.79651,-0.20497,-0.75738,9.5741,-1.8826,-0.003641,0.006319,-0.008012,0.30926,-0.53727,0.56174,-0.28494,-9.8119,0.85015,0.005139,0.001038,-0.0042,0.14475,0.56955,-0.52759
-4.7066,-0.64527,8.6657,0.00464,0.021618,0.002806,0.17813,0.54496,-0.71787,-0.9136,1.9069,9.5849,-0.002251,-0.010267,0.006746,-0.34791,-0.15195,-0.99502,-0.33351,-7.0375,6.8762,0.005135,-0.002864,-0.019123,-0.070196,0.79653,-0.20562,-0.74976,9.559,-1.8524,-0.012551,-0.002474,-0.008076,0.30997,-0.53665,0.56231,-0.2699,-9.7896,0.86541,-0.005759,0.011896,0.003128,0.14634,0.56956,-0.52794
-4.6917,-0.66009,8.6359,0.000994,0.019904,0.007368,0.17842,0.54547,-0.71732,-0.90866,1.9262,9.6093,0.0167,-0.003333,-0.005818,-0.34763,-0.15326,-0.99498,-0.33842,-7.0278,6.8906,0.000456,0.003716,-0.009401,-0.070658,0.79589,-0.20474,-0.74232,9.5517,-1.8823,0.010341,-0.004263,0.002499,0.30778,-0.53756,0.56287,-0.23994,-9.7972,0.88084,-0.003813,0.002672,-0.009615,0.14622,0.56902,-0.52606
-4.6992,-0.60864,8.7556,-0.000765,0.02975,0.00277,0.17888,0.54596,-0.71636,-0.93328,1.9312,9.5752,0.009439,-0.004997,0.004899,-0.34743,-0.15212,-0.99341,-0.32862,-7.0423,6.8617,0.002254,9.3e-05,-0.009404,-0.069464,0.79596,-0.20367,-0.75728,9.5442,-1.9051,-0.007329,0.009848,-0.000936,0.30839,-0.53582,0.56156,-0.2699,-9.8046,0.89525,-0.009439,-0.00063,0.004863,0.14671,0.56969,-0.52646
-4.7519,-0.74875,8.6946,0.005619,0.041414,0.010011,0.17896,0.54527,-0.71988,-0.93807,1.8973,9.5798,0.003261,0.000263,-0.000362,-0.34739,-0.15058,-0.99239,-0.33596,-7.0326,6.8785,-0.004849,-0.001831,-0.011184,-0.070461,0.79626,-0.20335,-0.72825,9.5512,-1.8892,-0.005464,-0.00084,-0.008844,0.30924,-0.53603,0.56358,-0.27001,-9.8493,0.86524,-0.003797,0.007164,-0.009569,0.14587,0.56955,-0.52702
-4.7069,-0.66779,8.7402,-0.033353,0.029025,-0.000923,0.17856,0.54821,-0.7172,-0.9333,1.9361,9.5752,0.013125,-0.003327,-0.005792,-0.34786,-0.1521,-0.99423,-0.34575,-7.0131,6.8829,-0.01203,-2.3e-05,-0.009423,-0.069642,0.79598,-0.20469,-0.74311,9.5435,-1.8745,0.003732,0.011471,-0.021994,0.30821,-0.53546,0.56246,-0.25497,-9.8195,0.86558,-0.011122,-0.003512,-0.004203,0.14592,0.57035,-0.52623
-4.677,-0.6899,8.6507,0.010086,0.021546,7.8e-05,0.17863,0.5453,-0.71609,-0.9134,1.8535,9.5992,0.018565,-0.010519,-0.018331,-0.3464,-0.15288,-0.994,-0.33342,-7.0811,6.8574,-0.002994,-0.015504,-0.01298,-0.069263,0.79727,-0.20471,-0.773,9.5509,-1.8601,0.006937,0.022055,-0.005151,0.31039,-0.53595,0.56098,-0.29236,-9.7895,0.87997,0.008801,-0.00354,-0.009664,0.14611,0.56903,-0.5274
-4.6918,-0.64545,8.6808,0.006396,0.00903,0.000128,0.17929,0.54648,-0.71635,-0.9237,1.9943,9.5658,0.027427,-0.003323,-0.004122,-0.34664,-0.15368,-0.99374,-0.33848,-6.9889,6.8801,-0.001286,-0.003619,-0.01118,-0.069533,0.79519,-0.20504,-0.72844,9.5812,-1.9043,0.005175,0.017632,-0.006062,0.30873,-0.53619,0.56116,-0.28491,-9.8045,0.87258,-0.007508,-0.000802,-0.004181,0.14688,0.56904,-0.52792
-4.744,-0.67461,8.6652,0.004715,0.030477,-0.004533,0.17836,0.54635,-0.71597,-0.93559,1.8924,9.5847,-0.006615,0.007423,0.008649,-0.3464,-0.15263,-0.99387,-0.36276,-7.0325,6.8756,-0.013507,-0.002214,-0.023567,-0.068968,0.79595,-0.20389,-0.74319,9.5511,-1.8895,-0.000423,-0.004353,0.004368,0.30889,-0.53584,0.56197,-0.24746,-9.8046,0.86574,-0.012873,0.006301,-0.005947,0.14647,0.56943,-0.52794
-4.7214,-0.65967,8.5909,0.00827,0.019753,0.000989,0.17851,0.54529,-0.71569,-0.92829,1.9166,9.5897,0.013043,-0.005028,0.002201,-0.34761,-0.15249,-0.99447,-0.34811,-7.0495,6.8762,0.005672,0.00031,-0.002341,-0.068119,0.79709,-0.20464,-0.72748,9.5742,-1.8745,-0.001926,0.004544,-0.005378,0.30965,-0.53648,0.56136,-0.25495,-9.8121,0.87307,-0.0092,0.003517,-0.011397,0.14683,0.56863,-0.52684
-4.6995,-0.69737,8.7102,0.001007,0.021678,0.004626,0.1788,0.54554,-0.71541,-0.926,1.9506,9.5729,0.004157,-0.00508,-0.005724,-0.3474,-0.15357,-0.99312,-0.33358,-7.0035,6.8805,-0.010218,-0.020023,-0.009458,-0.069527,0.79558,-0.20493,-0.75726,9.5516,-1.8826,-0.000197,0.01512,-0.001778,0.30935,-0.53582,0.56108,-0.26996,-9.8195,0.86533,-0.001999,0.000878,-0.010521,0.14684,0.56703,-0.52707
-4.692,-0.70466,8.6654,-0.006197,0.025244,3.9e-05,0.17822,0.54661,-0.71598,-0.91608,1.9118,9.58,0.005959,-0.0131,-0.012899,-0.34799,-0.15249,-0.99423,-0.32857,-7.0715,6.8622,-0.008667,-0.001544,0.001176,-0.070316,0.7964,-0.2055,-0.72733,9.5442,-1.8745,0.007233,0.011567,-0.016805,0.30965,-0.53635,0.56136,-0.26249,-9.8194,0.83557,0.001704,0.000762,-0.016866,0.1441,0.56914,-0.52734
-4.6917,-0.68955,8.5909,0.025596,0.039286,-0.004541,0.17928,0.54583,-0.71648,-0.94303,1.936,9.5897,-0.001271,0.004765,0.008596,-0.34693,-0.15223,-0.99404,-0.35305,-7.0131,6.8803,-0.003241,-0.010678,-0.002371,-0.070307,0.79458,-0.20532,-0.72738,9.5517,-1.882,-0.009088,0.003674,-0.002742,0.30908,-0.53659,0.56107,-0.27737,-9.7896,0.89517,-0.009445,-0.002421,0.004854,0.14495,0.56888,-0.52677
-4.7362,-0.63736,8.5984,0.020977,0.015915,-0.011745,0.18041,0.54592,-0.71548,-0.92333,1.902,9.597,-0.00299,-0.00331,-0.005661,-0.3465,-0.15186,-0.99311,-0.34818,-7.0131,6.8829,-0.004924,0.009156,-0.008514,-0.070543,0.79562,-0.20498,-0.73479,9.5442,-1.8746,0.005351,0.017738,-0.011468,0.30929,-0.53807,0.56228,-0.26991,-9.8121,0.9027,-0.00217,-0.004281,0.000299,0.14551,0.56901,-0.52648
-4.7144,-0.69725,8.7101,-0.006148,0.026892,-0.011824,0.17925,0.54558,-0.71702,-0.91367,1.9264,9.5801,0.012983,-0.010301,0.004845,-0.34681,-0.15197,-0.99404,-0.34811,-7.052,6.8811,-0.003378,-0.001425,0.003827,-0.069663,0.79716,-0.20511,-0.74241,9.5593,-1.9048,-0.003474,0.008067,-0.015064,0.30815,-0.537,0.56195,-0.26998,-9.8194,0.83544,-0.005781,-0.014168,-0.000664,0.14611,0.56848,-0.52578
-4.7068,-0.68972,8.6654,-0.011554,0.036872,-0.004579,0.17885,0.54597,-0.7169,-0.92101,1.9215,9.5776,0.005868,-0.00589,0.003146,-0.34646,-0.15357,-0.99268,-0.34331,-7.0083,6.8755,-0.022947,-0.007117,0.001149,-0.070683,0.79563,-0.20524,-0.74227,9.5442,-1.8748,-0.014293,0.011607,-0.007982,0.3098,-0.53624,0.56177,-0.29985,-9.7895,0.87984,-0.01097,0.016967,-0.011284,0.14474,0.56928,-0.52772
-4.7068,-0.67491,8.6655,0.003834,0.028583,-0.013642,0.18024,0.54568,-0.71617,-0.9087,1.9069,9.5849,0.011426,0.0046,-0.009292,-0.34837,-0.15316,-0.9941,-0.3432,-7.0617,6.8544,0.007695,-0.005404,-0.012947,-0.069799,0.79508,-0.20531,-0.75724,9.5442,-1.8901,-0.000266,0.006319,0.000806,0.30758,-0.53661,0.56193,-0.26994,-9.8195,0.88027,-0.006653,0.00377,0.000364,0.14506,0.56768,-0.52741
-4.7067,-0.66003,8.6507,0.003717,0.010748,-0.00627,0.17929,0.54674,-0.71635,-0.93323,1.9312,9.5898,-0.00219,-0.013899,-0.003944,-0.34694,-0.15217,-0.99168,-0.35792,-7.0179,6.8852,-0.005131,-0.001482,0.002059,-0.069239,0.79479,-0.20425,-0.74219,9.5292,-1.8748,0.006904,-0.004262,-0.0028,0.30897,-0.53739,0.56146,-0.24748,-9.8196,0.8657,-0.002035,0.00453,-0.006889,0.14539,0.56768,-0.5266
-4.7067,-0.6453,8.6732,0.006368,0.005475,0.002878,0.17957,0.54477,-0.71619,-0.91853,1.9263,9.5898,0.005928,0.007396,0.006775,-0.34708,-0.15144,-0.99419,-0.34329,-7.018,6.8757,-0.013725,-0.008315,-0.012974,-0.069571,0.7952,-0.2058,-0.74234,9.5592,-1.8748,-0.00361,0.001029,-0.009817,0.30995,-0.53689,0.56164,-0.26992,-9.8046,0.88031,-0.00656,0.00633,-0.005952,0.1464,0.56783,-0.52737
-4.6918,-0.6675,8.6358,0.006459,0.019761,-0.000833,0.18017,0.54637,-0.71753,-0.91854,1.9239,9.5849,0.0023,-0.010351,-0.002182,-0.34707,-0.15158,-0.99393,-0.33348,-7.052,6.8715,0.000517,-0.007244,-0.01119,-0.069522,0.79637,-0.20482,-0.74246,9.5742,-1.8898,0.011241,0.015102,0.00352,0.30864,-0.53619,0.56078,-0.26997,-9.8344,0.87276,-0.003847,-0.000867,-0.007814,0.14586,0.56862,-0.52727
-4.7366,-0.66003,8.7102,-0.000787,0.018889,-0.003575,0.17903,0.54484,-0.71865,-0.91851,1.907,9.58,0.00412,-0.006819,-0.002181,-0.34709,-0.15157,-0.99432,-0.35304,-7.0253,6.8903,0.006753,-0.007186,-0.011186,-0.069356,0.79622,-0.20405,-0.75736,9.5592,-1.9051,0.008775,0.004543,-0.006263,0.30859,-0.53857,0.56185,-0.26243,-9.8046,0.88043,0.001264,0.012214,0.017582,0.14644,0.56942,-0.5266
-4.6842,-0.64533,8.636,0.013703,0.026092,0.007359,0.17959,0.54431,-0.71835,-0.92344,1.9408,9.5947,0.005053,0.002032,-0.000359,-0.34729,-0.15186,-0.99328,-0.33354,-7.0278,6.8858,-0.014193,-0.006842,0.009109,-0.069675,0.79677,-0.20535,-0.72824,9.5437,-1.9042,-0.007109,0.016763,-0.013136,0.30949,-0.53575,0.56292,-0.26246,-9.8195,0.86545,-0.005709,-0.004386,-0.004219,0.14335,0.56807,-0.52855
-4.7065,-0.6157,8.6808,0.053404,-0.011075,-0.004281,0.17904,0.54418,-0.71851,-0.92831,1.9142,9.5848,0.01847,-0.013988,-0.01123,-0.34648,-0.15395,-0.9932,-0.33836,-7.0471,6.864,-0.004801,-0.004603,-0.012958,-0.069852,0.79624,-0.20382,-0.75821,9.5735,-1.8748,-0.001964,0.006214,-0.006141,0.30889,-0.53584,0.56197,-0.25497,-9.8196,0.87305,-0.011018,-0.000971,-0.011423,0.14568,0.56848,-0.52606
-4.722,-0.71935,8.695,-0.002551,0.029688,-0.000889,0.17874,0.54394,-0.71906,-0.9283,1.9263,9.5946,0.018366,-0.01033,0.00302,-0.34716,-0.15199,-0.99327,-0.33843,-7.018,6.8904,-0.008529,-0.005364,-0.005896,-0.069186,0.79675,-0.2057,-0.74312,9.551,-1.8595,-0.007258,0.006213,-0.007911,0.30969,-0.53632,0.56081,-0.26986,-9.7897,0.91024,-0.002246,0.007535,0.008517,0.14485,0.56967,-0.52625
-4.6994,-0.64575,8.7702,-0.006346,-0.007085,-0.007112,0.17796,0.54432,-0.71842,-0.91609,1.9215,9.5825,-0.001274,-0.005012,0.001433,-0.3479,-0.15189,-0.99253,-0.34572,-7.018,6.8683,-0.017445,-0.005433,-0.005908,-0.0686,0.79619,-0.20414,-0.72825,9.5512,-1.8892,-0.00643,0.009726,-0.004359,0.30948,-0.536,0.56266,-0.25497,-9.8271,0.8805,-0.007488,-0.00264,-0.006015,0.14646,0.56889,-0.52645
-4.6695,-0.63834,8.7108,0.027274,0.019655,0.000115,0.17838,0.54261,-0.71825,-0.90363,1.868,9.6042,0.013228,0.003693,-0.011094,-0.34744,-0.15173,-0.99355,-0.3188,-7.091,6.8724,0.005669,-0.005136,-0.001464,-0.067938,0.79564,-0.20358,-0.78053,9.5435,-1.9053,0.008604,-0.006111,-0.001821,0.30907,-0.53703,0.56238,-0.28497,-9.8343,0.85009,-0.005683,-0.004416,-0.006018,0.14582,0.56914,-0.52594
-4.6917,-0.63795,8.6584,0.011818,0.018148,0.0156,0.17802,0.54266,-0.71989,-0.92373,1.9992,9.561,0.004055,-0.017438,-0.004893,-0.34752,-0.1511,-0.99252,-0.34823,-6.984,6.8848,-0.012155,0.005572,-0.004111,-0.070137,0.796,-0.20446,-0.7284,9.5737,-1.9043,-0.003733,0.006201,-0.006144,0.30946,-0.53662,0.56186,-0.26993,-9.8045,0.86537,0.005181,-0.004437,-0.008766,0.14597,0.56968,-0.52568
-4.729,-0.63033,8.6806,0.013673,0.008867,-0.008072,0.17803,0.54318,-0.71963,-0.93546,1.8656,9.5992,0.001297,-0.026268,-0.002269,-0.34756,-0.15108,-0.99331,-0.33834,-7.0617,6.8716,-0.012162,-0.003482,-0.002367,-0.070123,0.79534,-0.20419,-0.72802,9.5285,-1.8442,0.00591,-0.002609,-0.000917,0.30741,-0.53702,0.55937,-0.25491,-9.8122,0.9179,0.003354,6.7e-05,-0.006928,0.14609,0.56916,-0.52768
-4.7214,-0.60808,8.6584,0.008261,0.014303,-0.006278,0.17801,0.54214,-0.72003,-0.92844,1.9289,9.5606,0.022907,-0.006826,-0.000557,-0.34643,-0.1519,-0.99192,-0.34816,-7.0277,6.8856,0.009157,0.00225,0.001202,-0.069387,0.79571,-0.20467,-0.75813,9.5585,-1.8748,0.004407,0.011483,-0.012284,0.30885,-0.53606,0.5609,-0.26993,-9.8196,0.89521,-0.009463,-0.000594,0.006673,0.14577,0.56968,-0.52649
-4.6917,-0.61585,8.6884,0.010927,0.016278,0.008313,0.17894,0.54305,-0.72027,-0.91861,1.9506,9.5851,0.009481,-0.000591,0.003149,-0.34729,-0.15147,-0.99316,-0.33356,-7.0132,6.8806,-0.016538,-0.005454,-0.006786,-0.069221,0.79543,-0.20389,-0.75069,9.5511,-1.9047,0.019644,0.022019,-0.016624,0.30956,-0.53633,0.56094,-0.29985,-9.7895,0.87984,-0.000449,-0.013135,0.00477,0.14547,0.56942,-0.52703
-4.6766,-0.63046,8.6064,0.029982,0.010562,-0.006232,0.17805,0.54291,-0.71935,-0.9135,1.902,9.6068,0.009431,-0.005884,0.004895,-0.34736,-0.15085,-0.99199,-0.33588,-7.0714,6.8669,0.007957,0.005165,-0.026172,-0.069225,0.79752,-0.20395,-0.75062,9.5436,-1.8897,-0.007416,0.018544,0.000996,0.30947,-0.53586,0.56239,-0.27745,-9.8194,0.8652,-0.012807,0.004407,-0.011372,0.14654,0.56863,-0.52725
-4.6917,-0.6453,8.6434,0.017279,0.016197,0.006495,0.17711,0.54134,-0.71924,-0.94802,1.9579,9.5801,0.009581,0.003753,-0.004835,-0.34724,-0.1502,-0.992,-0.34821,-7.0034,6.8949,0.005781,-0.007105,-0.007651,-0.070225,0.79573,-0.2037,-0.72817,9.5436,-1.8742,0.00661,-0.004366,0.007897,0.30804,-0.53683,0.56113,-0.26993,-9.8196,0.89521,0.007991,0.003509,-0.01505,0.14468,0.56807,-0.52703
-4.699,-0.61564,8.651,0.010021,-0.000117,-0.011684,0.17777,0.54108,-0.71949,-0.92812,1.8801,9.609,-0.003083,-0.012121,-0.002154,-0.3465,-0.15056,-0.993,-0.32861,-7.0496,6.8618,-0.001111,-0.01108,-0.018263,-0.068726,0.79542,-0.20412,-0.7281,9.536,-1.8592,0.005154,0.00619,-0.006149,0.30941,-0.53812,0.56014,-0.25492,-9.7896,0.86566,-0.005626,-0.000914,-0.009628,0.14444,0.56887,-0.52651
-4.6843,-0.616,8.7109,0.008147,-0.005369,-0.004364,0.17675,0.54139,-0.72088,-0.93331,1.9458,9.5801,0.02403,0.010736,-0.012919,-0.34683,-0.15163,-0.99208,-0.34329,-7.0229,6.8855,-0.015704,-0.003556,-0.004136,-0.069233,0.79478,-0.20413,-0.74322,9.5512,-1.9045,0.001187,0.006213,0.013265,0.30884,-0.53553,0.56077,-0.28496,-9.8344,0.8725,-0.012852,0.006275,-0.007738,0.14574,0.56887,-0.52526
-4.6469,-0.61612,8.6664,0.000954,0.002721,-0.006231,0.17708,0.54241,-0.71979,-0.91364,1.907,9.5752,0.011253,-0.006795,0.001318,-0.34686,-0.15162,-0.99247,-0.32864,-7.0326,6.8713,-0.00319,0.009233,-0.005858,-0.070804,0.79551,-0.20512,-0.75071,9.5586,-1.8972,0.007813,0.009718,-0.005238,0.30834,-0.53635,0.56194,-0.26998,-9.8344,0.86528,-0.004108,-0.003168,0.011165,0.1457,0.56768,-0.52605
-4.6915,-0.60094,8.6661,0.017304,0.014284,-0.003526,0.17593,0.54167,-0.72119,-0.91597,1.8948,9.5946,0.011435,0.003696,-0.011078,-0.34663,-0.15108,-0.993,-0.33592,-7.052,6.8764,0.00406,-0.016264,-0.009439,-0.070912,0.79577,-0.20475,-0.72821,9.5511,-1.8742,-0.005689,0.004448,0.001782,0.30927,-0.53516,0.56119,-0.2699,-9.8046,0.89525,-0.011179,-0.01154,-0.002441,0.14567,0.56809,-0.52807
