5.6519,-2.517,1.4009,-2.1487,0.093898,-0.009762,-0.83694,0.39199,-0.50839,3.2088,9.925,1.8524,-0.73085,0.43404,1.4742,-0.57995,-1.4641,-0.068444,-10.753,-10.875,6.4429,0.11711,-1.0546,-1.1612,0.10858,0.5547,-0.55413,-3.2175,-5.2476,-0.7588,-0.90162,0.064812,-0.46538,0.47308,-0.16923,-0.16496,-5.5766,-6.9675,-1.177,-0.74559,-0.1983,-0.51119,0.66136,0.15106,0.061921
5.9273,-1.5297,0.32768,-0.78317,-0.19966,-0.33859,-0.84519,0.41095,-0.4961,5.2579,9.1381,2.085,-0.75255,0.39557,0.25804,-0.6193,-1.4647,-0.090945,-10.873,-5.7927,5.0227,0.43518,-0.97868,0.35178,0.078454,0.54979,-0.56958,-3.3588,-3.1704,0.97675,-0.58716,0.29267,-1.7551,0.46907,-0.1694,-0.17587,-5.2067,-9.8683,-0.96939,-1.0782,-0.21995,-1.6828,0.64646,0.17159,0.054179
4.3492,-2.4702,-2.1523,-0.19802,0.61691,-0.14463,-0.8499,0.42196,-0.48973,6.8291,7.9066,4.9638,0.73222,0.29727,-0.93984,-0.56014,-1.4378,-0.11011,-8.9379,-6.2599,5.4977,0.74224,-0.74397,1.9349,0.0806,0.53288,-0.58954,-5.7053,2.4631,0.26323,-1.0441,0.48087,-2.0835,0.47201,-0.1671,-0.19051,-6.8347,-7.7072,0.56282,-1.9622,0.14341,-2.7484,0.62374,0.20644,0.052674
3.3381,-2.8748,-0.83466,2.3719,-0.12275,0.3253,-0.8423,0.39789,-0.502,4.6443,6.8132,5.0231,1.8732,0.20147,-2.4699,-0.46355,-1.4389,-0.020794,-7.3009,-6.2153,5.8078,1.5102,-0.13664,3.2119,0.12721,0.48121,-0.64132,-7.7987,2.1835,-1.2341,-0.71789,0.34297,-1.0044,0.4778,-0.17956,-0.20146,-11.912,-2.5055,0.21464,-2.2729,0.98972,-2.9642,0.58051,0.25521,0.076073
4.4799,-2.5356,-0.86856,2.3111,-0.69517,0.29679,-0.85328,0.33912,-0.50122,0.21329,8.5361,0.89456,0.71782,-0.022256,-2.841,-0.36155,-1.4471,-0.028469,-7.201,-4.8465,5.8491,0.92972,0.28404,3.6644,0.19659,0.4131,-0.69473,-8.9492,1.2506,-3.417,-0.6615,1.1743,-0.90713,0.4873,-0.20078,-0.19887,-13.04,-0.99454,1.1634,-1.205,1.5484,-2.4055,0.53273,0.28559,0.11026
8.1671,-2.5971,-0.28895,3.3141,-1.262,0.10126,-0.87185,0.25443,-0.48462,-2.4743,12.349,-2.7812,-0.14156,-0.59128,-2.8913,-0.27953,-1.4819,-0.064839,-7.2174,-10.128,7.2658,0.72479,0.48205,3.6261,0.28916,0.33597,-0.75872,-12.619,0.02405,-0.53326,-1.1291,1.4001,-1.4456,0.51217,-0.21346,-0.18695,-15.079,-2.0626,1.7162,-0.10202,1.4742,-2.4512,0.4743,0.32173,0.13221
15.421,-4.3344,4.6636,4.1627,-2.3403,-1.2792,-0.90422,0.14322,-0.43705,-0.55634,9.2782,-0.12984,-0.29532,-0.058481,-2.3866,-0.22653,-1.4777,-0.10428,-4.0245,-7.1936,5.9234,0.76987,0.38088,2.2397,0.35224,0.27014,-0.81001,-15.178,-1.6393,0.23494,-0.14915,0.72581,-1.4681,0.53842,-0.21493,-0.17421,-17.017,-1.3313,2.3802,1.1133,0.60646,-2.7087,0.42689,0.35037,0.12209
22.245,-4.1145,2.6577,0.52143,-1.3752,-0.56814,-0.93283,0.07777,-0.36935,-1.5293,9.6722,-0.83387,-0.41837,0.57494,-1.7101,-0.19258,-1.4117,-0.14204,-3.1393,-5.9468,5.4726,-0.14849,0.50434,0.5038,0.39752,0.24616,-0.84059,-16.29,-0.48796,-3.5476,0.39273,0.72193,-1.5756,0.56491,-0.21687,-0.15897,-14.958,-0.78942,0.60858,1.1596,0.76826,-2.4501,0.39228,0.36688,0.10003
15.536,-1.3158,-0.19491,1.5204,0.96896,0.028901,-0.93036,0.031753,-0.38685,-3.0867,8.3457,-0.73284,-0.39496,0.95904,-0.57405,-0.19797,-1.2863,-0.11939,-2.2641,-7.741,5.6564,-0.43282,0.42934,-1.2285,0.44304,0.27854,-0.86086,-16.562,4.2363,-3.6632,0.013522,0.76291,-1.8921,0.59133,-0.20209,-0.146,-13.16,-0.96169,0.47413,1.1875,0.71626,-1.6409,0.36719,0.38427,0.079438
11.875,-1.7103,5.7952,1.9478,1.4213,-0.44859,-0.90896,-0.028439,-0.44717,-5.0404,7.5482,-0.20412,-0.24098,1.5261,0.70416,-0.21285,-1.1126,-0.068368,-1.1382,-8.0194,6.0744,-0.34813,0.033081,-2.3471,0.46335,0.34634,-0.87339,-17.058,5.223,0.27222,-0.27305,0.44353,-1.5215,0.62072,-0.17557,-0.13658,-11.74,-2.8222,0.8517,0.91822,0.749,-0.66912,0.36016,0.39533,0.066827
12.072,-2.0523,3.8474,2.5639,-0.27139,-0.10404,-0.90535,-0.10673,-0.45909,-7.7568,9.0174,-1.6235,0.20933,1.7488,2.4228,-0.25304,-0.92742,0.007986,-0.20409,-8.1298,7.9999,-0.012616,-0.37083,-2.8542,0.45341,0.43003,-0.87828,-14.25,9.8518,0.78878,0.28003,0.079237,-0.96727,0.64126,-0.14586,-0.13739,-8.3243,-1.8006,-1.0675,0.54464,0.18348,0.18477,0.36712,0.40852,0.051977
11.205,-0.45199,1.8145,2.3181,-0.43923,0.076782,-0.91612,-0.18376,-0.43985,-11.548,11.382,-5.1402,0.37255,1.8199,3.1043,-0.26439,-0.78518,0.056811,0.7635,-6.2292,9.49,0.025896,-0.43898,-3.0182,0.41438,0.50342,-0.8781,-10.942,15.833,1.2089,1.0652,-0.22878,0.35359,0.64317,-0.13905,-0.13875,-8.7853,-3.5413,6.017,-0.17189,0.40683,0.033726,0.38211,0.41522,0.05498
9.2323,0.71957,-0.08026,2.4795,-0.22621,0.35217,-0.92837,-0.22132,-0.43741,-13.188,14.121,-5.0235,1.5465,0.12445,2.7407,-0.28739,-0.69941,0.099593,0.96725,-4.4145,9.7182,-0.56467,-0.31662,-2.6651,0.37241,0.57269,-0.86618,-8.8054,6.5958,6.2437,1.4442,-0.8823,2.1271,0.62839,-0.16037,-0.13835,-2.3778,4.6587,2.3299,-1.1679,-0.19528,0.69459,0.39645,0.4183,0.081067
5.0811,1.0068,-2.4673,1.5931,1.1542,0.3518,-0.92565,-0.25539,-0.44715,-13.104,4.6774,1.0383,-0.50315,-1.1879,1.8283,-0.32258,-0.67255,0.15954,2.7456,-5.3842,9.2902,-0.14142,-0.31192,-1.6132,0.32208,0.62914,-0.85607,-5.8486,-3.843,1.6327,2.5751,-0.69028,1.8817,0.59627,-0.19685,-0.14421,-1.925,-2.9377,3.6618,1.7062,-0.50368,1.183,0.40375,0.42164,0.083489
2.516,0.45118,-2.8634,-0.35363,1.8945,1.0187,-0.89876,-0.24138,-0.50407,-9.2098,7.5469,-6.2126,-1.2276,-1.7198,-0.37026,-0.33669,-0.69586,0.075056,5.7028,-2.2285,9.4708,1.0852,0.043604,-0.18185,0.2995,0.62367,-0.86873,-4.2067,0.38026,-2.4204,3.3296,-0.25229,1.4424,0.56884,-0.22229,-0.1253,-2.8118,-3.1253,0.82243,2.5786,-0.5082,0.78146,0.4061,0.42758,0.033408
1.4364,-1.1023,-3.0906,-2.4354,3.179,0.55419,-0.8444,-0.17302,-0.58525,-8.9135,5.7209,-3.6869,0.17314,-1.6571,-2.2436,-0.31029,-0.76735,0.069308,6.1589,-0.48518,8.2885,-0.473,0.67789,1.4916,0.31681,0.59597,-0.87144,-7.831,3.9619,-1.4917,0.71768,0.49587,1.5392,0.53426,-0.24133,-0.10385,-6.8835,0.76895,-2.9562,0.67516,-0.10021,0.85381,0.40752,0.43148,0.008226
1.9427,0.45926,-0.010392,-1.4275,2.8272,-1.3925,-0.75175,-0.14334,-0.67451,-8.6546,7.8122,-3.0027,0.56746,-1.3052,-3.2859,-0.24363,-0.84619,0.065381,5.9024,-2.4495,10.25,-1.1614,1.0084,2.7179,0.38096,0.58347,-0.8406,-12.501,1.5276,-1.2903,-1.0616,0.007765,2.078,0.5005,-0.2326,-0.10624,-12.083,0.72214,-3.9855,-1.1138,0.29278,1.48,0.41436,0.43638,0.028213
7.9522,0.25976,4.5026,-4.3,-0.67744,-0.56886,-0.71088,-0.071285,-0.71524,-9.3822,6.1399,-3.0901,0.14543,-1.0764,-2.7178,-0.1691,-0.92898,0.029871,-2.8239,-8.7215,6.9168,-1.4653,0.86619,2.9024,0.45155,0.54383,-0.81431,-15.152,-0.47447,-2.0992,-1.5163,-0.73583,2.3548,0.4708,-0.2105,-0.12194,-11.35,-1.0529,-1.4902,-0.73423,0.29438,2.2097,0.44148,0.42724,0.054405
11.221,1.8039,17.563,-2.9166,-9.2122,-0.55661,-0.85269,0.056754,-0.52681,-5.2606,14.231,-0.52003,-0.4133,-0.25766,-1.6559,-0.098976,-1.0615,0.035367,-0.33509,-11.076,7.636,0.53488,-0.21196,2.6009,0.47514,0.47969,-0.80476,-14.413,-1.4492,-1.453,-1.1105,-0.68134,2.175,0.44484,-0.19706,-0.13993,-16.769,-0.68169,2.1322,0.30502,-0.067952,2.4695,0.48147,0.40423,0.074646
27.245,-6.8266,3.9612,-2.8561,2.1822,-0.57389,-0.88164,0.089918,-0.47734,-6.956,5.9537,-1.7735,-2.4767,-0.29156,0.32283,0.040224,-1.1166,-0.09415,-0.24626,-7.5409,4.9061,0.32895,0.10794,1.3441,0.46057,0.40121,-0.80304,-11.517,-0.14223,0.82456,-0.80726,-0.013427,1.7326,0.43256,-0.19623,-0.14416,-17.175,0.31738,-1.0545,0.87013,-0.31436,2.6601,0.52883,0.37062,0.06672
12.394,-1.8295,6.7757,-1.6242,0.48725,-0.46759,-0.86924,0.1719,-0.47558,-4.9741,9.9259,0.8861,-0.91547,-0.15997,1.8304,0.072738,-1.192,-0.18351,-2.1731,-8.134,2.7577,0.19523,0.4002,0.16584,0.45249,0.36359,-0.75902,-10.65,0.67856,2.6567,0.074653,-0.093716,0.90909,0.42394,-0.20386,-0.15606,-19.563,-2.0066,-4.0595,-0.044004,-0.38525,3.3504,0.58821,0.31042,0.080591
11.5,-2.2926,5.8333,-2.1231,2.8219,0.46727,-0.82915,0.21941,-0.53196,-1.9403,8.2777,0.73679,-1.1254,-0.41813,2.5273,0.071074,-1.2217,-0.25083,-3.1062,-7.023,3.1961,-0.65043,0.7425,-1.3148,0.42471,0.37904,-0.69974,-7.9683,4.8299,2.451,-0.14794,0.34395,-0.10893,0.4331,-0.20456,-0.15432,-16.528,-3.3804,0.25383,-0.74865,-0.21924,2.9739,0.62965,0.23904,0.090257
7.4301,-1.3786,7.7407,-1.9722,0.52873,0.34481,-0.77082,0.29597,-0.59022,1.2639,7.539,1.0009,-0.35699,-0.51998,3.0464,0.029659,-1.2266,-0.30519,-5.872,-6.4249,4.997,-0.75925,0.43578,-2.7577,0.37682,0.4196,-0.64081,-7.4326,4.6649,1.179,-0.53979,0.14246,-0.27989,0.44955,-0.19085,-0.14678,-12.214,-7.806,-0.30528,-0.57571,-0.78327,1.9712,0.65535,0.17991,0.075625
5.1852,-1.6925,1.7683,-1.7809,-1.5744,0.10553,-0.79984,0.39053,-0.52021,2.3148,7.8579,0.2215,0.21634,-0.28907,3.0111,-0.077426,-1.2508,-0.29707,-11.563,-9.1813,6.3303,-1.1346,-0.25976,-3.5104,0.30323,0.48416,-0.57649,-8.4111,8.4816,-3.1964,-0.20515,0.52625,-0.12659,0.46053,-0.17659,-0.14186,-7.4263,-9.7584,-3.8155,-0.48545,-0.61788,0.75979,0.66773,0.14787,0.057814
7.0937,-2.2581,0.43623,-1.2309,0.23872,-0.38842,-0.8199,0.42968,-0.49791,3.7371,10.051,1.8392,-0.68648,0.11326,2.6834,-0.21088,-1.2648,-0.27898,-15.35,-7.8816,7.0497,0.52951,-1.2092,-2.4162,0.21267,0.51826,-0.55052,-5.3348,-1.1499,3.7709,-0.90977,-0.84701,0.45501,0.46764,-0.15973,-0.14339,-5.0757,-11.403,-2.2563,-0.83909,-0.49929,-0.31043,0.66921,0.14062,0.045948
5.8869,-3.5319,0.9261,-2.0396,-0.4,-0.29206,-0.81881,0.47797,-0.47061,5.1716,8.7916,1.0647,-0.82117,0.3398,1.5387,-0.3377,-1.2677,-0.27942,-14.967,-2.7558,8.4283,0.24741,-1.45,-0.5874,0.13354,0.53938,-0.54691,0.95453,-8.6088,-0.071099,0.4914,-0.005239,-0.80804,0.46422,-0.15845,-0.16265,-5.2878,-12.491,-2.9351,0.21582,-0.53807,-1.9702,0.65349,0.16078,0.035936
4.8406,-4.1782,-2.0851,-0.28728,0.089525,-0.22274,-0.83488,0.49821,-0.4358,7.6685,9.206,3.9834,0.56284,0.72184,-0.67002,-0.37878,-1.2834,-0.23125,-9.9212,-6.3041,7.0703,1.7445,-1.0741,1.2894,0.10361,0.50442,-0.5888,-2.33,-1.3084,-2.1558,-0.2505,-0.067889,-2.4094,0.4569,-0.16451,-0.18599,-6.2044,-7.3156,0.96299,-2.0481,0.083983,-2.956,0.62133,0.20778,0.030859
3.6436,-3.62,-2.195,0.19141,1.0556,-0.027536,-0.83025,0.4868,-0.45134,6.004,0.86916,6.8512,1.1476,1.0085,-2.3037,-0.31236,-1.2952,-0.17264,-7.1051,-9.8915,6.6278,1.7666,-0.54712,2.7774,0.1192,0.42986,-0.65895,-8.9062,5.9914,0.007513,-1.1067,1.0567,-1.7275,0.459,-0.17265,-0.19477,-14.716,0.29805,1.1908,-2.5666,1.3885,-3.0791,0.58054,0.25865,0.040925
4.1294,-5.484,-0.12944,3.1722,0.1924,-0.12637,-0.81537,0.42784,-0.49732,4.3056,6.9039,4.8319,1.7287,1.0225,-2.58,-0.27938,-1.331,-0.083325,-7.2969,-3.7805,4.7729,0.9185,0.48858,3.3399,0.18865,0.36173,-0.71085,-11.135,-1.5247,-5.4086,-1.098,0.79023,-1.004,0.46581,-0.19251,-0.20369,-12.899,1.387,3.5105,-1.748,1.2583,-2.5455,0.53857,0.28892,0.078344
7.5558,-4.0827,0.099617,3.2431,-0.80793,-0.3742,-0.83124,0.32348,-0.5179,-1.4583,16.288,0.65483,0.63232,0.5601,-2.8774,-0.26732,-1.3478,-0.068182,-9.4283,-3.795,4.0416,0.78876,1.2736,2.8939,0.28299,0.30064,-0.74676,-10.859,-2.1608,-3.6917,-0.98966,1.4074,-1.9015,0.49161,-0.21072,-0.19119,-12.634,-0.40204,2.0832,-0.92747,1.2541,-2.7267,0.49081,0.31864,0.096258
12.214,-3.9771,3.254,5.3149,-1.4898,-0.64232,-0.85559,0.17515,-0.51263,-1.183,10.587,-0.49222,-0.42965,0.1267,-2.6565,-0.13752,-1.3187,-0.070127,-7.2337,-8.4349,5.8475,-0.24721,0.93919,2.0938,0.38365,0.25134,-0.78669,-16.847,-1.0082,0.18571,-1.3792,1.1521,-2.1092,0.52962,-0.20535,-0.18079,-15.502,-0.27106,2.6403,-0.32806,0.9486,-2.6964,0.43616,0.35505,0.1227
18.172,-4.2212,4.1928,3.6856,-1.4694,-0.90939,-0.89232,0.030037,-0.45848,-1.0344,6.857,1.7079,0.392,0.72706,-1.8193,-0.1021,-1.2559,-0.073726,-3.7278,-7.2013,6.6468,-0.27858,0.54588,0.32238,0.43513,0.25398,-0.82097,-17.936,-1.3941,-0.023317,-0.27083,0.71807,-2.1704,0.5665,-0.18794,-0.17322,-14.268,-1.4705,2.1872,0.74296,0.57101,-2.277,0.39929,0.38497,0.11382
15.424,0.47319,2.8149,1.9203,-0.56325,0.3609,-0.9076,-0.020101,-0.43364,-2.846,10.02,-0.59249,0.33797,0.88612,-0.73848,-0.13814,-1.1733,-0.07979,-0.66867,-6.4152,6.4497,0.087897,0.34375,-1.443,0.46297,0.27902,-0.84118,-16.367,3.1982,-2.7128,0.26137,0.55645,-2.0666,0.5986,-0.17391,-0.16273,-11.843,-1.7471,1.1442,1.5012,0.64684,-1.5667,0.37809,0.40966,0.087789
11.525,0.73335,1.1458,0.46433,0.99784,-0.6332,-0.90837,-0.062991,-0.44717,-3.6894,7.5938,-0.15918,-0.31831,1.1406,0.42733,-0.15034,-1.0379,-0.06001,0.38493,-6.8595,6.1996,-0.72581,-0.009214,-2.6403,0.48108,0.34808,-0.85499,-16.334,3.3266,-1.1067,-0.42848,0.45462,-1.6896,0.62933,-0.14383,-0.15299,-9.9417,-2.5622,0.99484,1.5057,0.5938,-0.6272,0.3625,0.43408,0.069494
10.362,-0.74303,7.7819,-0.29342,0.40476,-0.01137,-0.89064,-0.099904,-0.49095,-7.4959,7.2083,-2.5099,0.78028,1.457,2.2741,-0.16694,-0.88272,-0.020086,0.96682,-8.34,6.8894,-0.99814,-0.25273,-3.1604,0.4666,0.45941,-0.84761,-15.341,-0.30648,0.60535,0.03689,0.24677,-1.5841,0.65357,-0.10911,-0.1522,-8.5089,-8.0152,-3.112,0.26246,0.50086,0.14538,0.36314,0.44831,0.064484
10.451,-1.7098,2.957,2.5829,-1.1629,-0.51168,-0.90385,-0.1292,-0.47135,-14.025,12.47,-7.4954,0.74216,1.2012,3.3653,-0.22152,-0.75516,0.087596,0.37063,-8.6599,9.4187,0.26847,-0.4002,-3.0791,0.42201,0.56195,-0.84052,-11.922,6.0954,0.97469,1.6831,-0.11024,-0.78932,0.67298,-0.084141,-0.1524,-8.6456,-0.7864,6.2734,-1.3047,-0.75944,-0.43455,0.3613,0.46257,0.085345
11.74,-0.61325,2.1682,2.0943,-0.70877,-0.041769,-0.92432,-0.20337,-0.43539,-17.257,10.503,-4.1537,0.65425,-0.84051,3.6861,-0.31926,-0.68814,0.12973,1.779,-6.5354,10.76,0.50187,-0.70196,-2.9084,0.35924,0.61115,-0.84589,-9.9334,12.038,2.2686,1.4309,-0.27554,0.32341,0.68048,-0.088103,-0.15518,-3.073,7.3181,-1.0215,-0.61872,-0.059739,0.4103,0.35801,0.47169,0.1236
9.9165,0.58671,0.28216,0.97085,-0.83221,-0.004703,-0.94462,-0.24752,-0.40773,-9.6234,9.0838,-0.77442,0.6679,-1.8833,2.6564,-0.4237,-0.6391,0.13291,4.6285,-6.3991,11.928,-0.040397,-1.3348,-2.0458,0.28313,0.64552,-0.85202,-6.884,15.223,3.7895,1.5676,-0.90691,0.9982,0.67739,-0.10858,-0.16103,-3.7449,3.146,0.94311,0.79144,-0.97598,2.4146,0.38072,0.46154,0.12385
5.8426,-0.56805,-2.8896,-2.2248,0.89271,0.67056,-0.95082,-0.2258,-0.42405,-4.7763,13.365,-4.3314,0.044175,-2.6041,1.2443,-0.49262,-0.63172,0.12295,5.5125,-2.2044,12.592,0.17234,-1.0695,-0.39019,0.22431,0.6544,-0.86155,-8.1576,5.0136,4.998,1.9254,-1.3269,2.2763,0.65332,-0.147,-0.17919,-6.3713,-3.4861,-0.20986,2.253,-0.3165,3.0256,0.43042,0.43232,0.09447
2.0754,-0.8678,-1.8756,-2.5302,2.7406,0.10464,-0.91756,-0.14998,-0.51858,-6.369,7.7096,-4.3864,-0.87947,-3.1718,-0.46745,-0.48426,-0.68317,0.094332,6.9371,2.9851,5.9173,-1.3017,-0.15805,1.3677,0.22037,0.65423,-0.85498,-7.3782,-0.074565,1.1252,2.2111,-1.0407,2.5285,0.61359,-0.1981,-0.19519,-7.0069,-3.8033,1.6462,1.383,-0.30335,1.8487,0.46649,0.41001,0.072206
1.6233,1.0076,0.58011,0.7158,3.3485,-0.19436,-0.8278,-0.13024,-0.62287,-5.3213,5.9885,-0.53374,0.12258,-3.0296,-2.183,-0.45259,-0.79031,0.096358,4.3928,-2.501,0.64934,-0.18168,0.016007,2.0412,0.25976,0.64073,-0.83766,-6.3294,0.90926,-1.8034,1.7804,0.098227,2.555,0.56661,-0.24157,-0.19728,-4.4162,-2.3526,-2.2655,0.37794,0.19982,1.5502,0.49654,0.39464,0.061271
1.274,0.82086,-0.17724,-3.8749,0.77118,-0.45683,-0.77084,-0.083117,-0.66559,-4.9745,3.7871,-1.0058,0.71125,-1.9222,-3.003,-0.33802,-0.89533,0.084706,0.20741,-8.795,6.8735,2.7595,-0.001044,2.5116,0.26859,0.54036,-0.8776,-11.262,2.3444,0.061677,0.8356,0.20966,3.1254,0.52473,-0.26693,-0.18205,-7.6755,-7.4025,-2.1325,0.65503,0.63679,1.4365,0.51753,0.38031,0.071873
4.1843,3.113,2.4783,-5.712,-1.2922,-0.8102,-0.76132,0.049048,-0.65898,-8.2234,4.7852,-3.7307,0.34968,-0.96392,-2.9981,-0.22214,-0.98445,0.033274,3.4976,-9.0512,6.4902,0.31492,1.4182,2.5921,0.31111,0.45539,-0.88091,-17.189,-0.055253,-0.24985,-0.096368,-0.3531,3.2879,0.47707,-0.27278,-0.18689,-11.758,-3.7121,-1.0112,1.3185,1.0744,1.1483,0.5249,0.37072,0.081951
14.586,2.6517,2.487,-1.41,-3.5893,-0.46239,-0.84099,0.13773,-0.5256,-7.6732,10.419,-6.1706,-0.059719,-0.8477,-2.4082,-0.19814,-1.1655,0.016137,2.6426,-6.9287,4.7265,-0.19949,1.6759,2.01,0.36266,0.41561,-0.83152,-15.891,-1.3313,-0.55251,-0.41099,-0.70554,3.1501,0.43264,-0.26473,-0.20821,-19.815,7.7728,-1.8858,0.63798,0.56756,1.5287,0.53794,0.35489,0.090473
37.424,-6.4922,20.438,-1.5824,-0.85065,0.17597,-0.86704,0.13385,-0.45505,-0.77188,11.061,-5.1727,-2.5145,1.1548,-1.2093,-0.18053,-1.4268,-0.061986,-0.89549,-7.267,5.6054,0.62736,1.8806,0.4356,0.39967,0.38318,-0.76642,-12.673,-1.5291,1.388,-0.40131,0.053854,2.295,0.40393,-0.25415,-0.2207,-18.709,-3.2288,-1.7474,-0.1175,-0.25179,2.3689,0.56854,0.31152,0.098478
17.798,0.018511,0.59186,-2.0263,0.088893,-0.41689,-0.88557,0.22971,-0.41438,1.1147,11.597,-1.7639,-2.2815,2.4609,1.1659,-0.16393,-1.5758,-0.11994,-5.5905,-7.2181,5.108,0.7543,1.7164,-1.4179,0.41272,0.3362,-0.70152,-11.637,0.30477,1.4294,0.063671,0.67776,0.84907,0.39684,-0.24781,-0.21686,-17.22,-0.15312,-1.0266,2.5146,0.022278,1.9927,0.59015,0.26771,0.08502
12.1,-2.0799,10.748,-1.2963,2.405,0.024538,-0.84263,0.26266,-0.49748,-2.8166,9.6178,0.38761,0.85099,3.2225,2.1765,-0.2167,-1.5475,0.044565,-11.133,-7.7401,5.7616,-0.20966,0.86057,-2.9035,0.39479,0.36562,-0.63322,-9.6219,3.6263,1.7589,0.19718,0.82916,-0.29722,0.41012,-0.24376,-0.19977,-16.926,-3.4491,-0.95585,1.0556,-0.14799,1.9987,0.61007,0.22311,0.070066
10.612,-2.1496,3.3134,-4.1244,-0.22728,0.29778,-0.79976,0.32146,-0.53605,-4.9401,13.446,-0.49249,0.84311,1.8155,2.5756,-0.31886,-1.4872,0.29817,-14.314,-7.2917,8.192,-0.53749,-0.45988,-3.0356,0.34858,0.4378,-0.57072,-7.2006,1.2294,3.3407,-0.11683,0.37199,-1.0589,0.43383,-0.23743,-0.17906,-13.425,-5.7945,-1.411,-0.25861,-0.57643,1.2704,0.6281,0.18409,0.061172
7.826,-2.9124,1.4521,-2.0905,0.65853,-0.30374,-0.78114,0.42089,-0.52355,-0.99686,10.873,3.4761,-1.6636,0.26767,2.8712,-0.42138,-1.4336,0.38565,-14.623,-7.135,10.827,0.20394,-1.9552,-2.4621,0.2558,0.47549,-0.56151,-4.4432,-1.1678,1.6956,-0.033504,-0.04876,-1.4013,0.44701,-0.23292,-0.17766,-8.4472,-12.347,-1.3446,-1.2558,-0.53053,0.035659,0.63547,0.16246,0.049231
6.0926,-3.3544,2.4582,-0.32183,-1.241,0.72813,-0.78677,0.46565,-0.51095,4.4144,7.8861,3.2915,-2.208,-0.17835,1.9864,-0.52978,-1.4626,0.28928,-13.027,-4.8917,11.751,1.0633,-2.3119,-0.99686,0.16159,0.47011,-0.59889,-3.5293,-2.2239,0.4471,-0.80605,-0.32153,-2.0089,0.45353,-0.23244,-0.19619,-4.1402,-10.396,3.2158,-3.1666,-0.41163,-1.2696,0.62917,0.16084,0.046279
2.7905,-4.1704,-1.7723,-0.40038,0.69128,-0.15818,-0.8021,0.5026,-0.48924,8.3019,8.9763,4.3289,-1.8187,-0.21657,0.4064,-0.64017,-1.4579,0.22672,-11.204,-7.4339,8.3296,2.7204,-1.979,1.1398,0.090387,0.40686,-0.68834,-3.8615,0.6536,-1.0933,-0.72472,0.43164,-2.5917,0.47048,-0.22829,-0.20692,-3.2609,-3.959,2.7101,-2.3712,-0.58276,-2.3235,0.6053,0.1823,0.043
1.3393,-3.844,1.0388,2.6611,0.050768,-0.24427,-0.79179,0.47363,-0.53057,6.9652,5.7755,4.4932,1.0067,-0.27816,-1.519,-0.59523,-1.4602,0.18244,-7.5536,-5.5739,3.7245,2.019,-1.4774,3.1338,0.093239,0.3003,-0.77265,-5.3802,3.2435,0.46399,-0.73784,0.62484,-1.8591,0.49212,-0.22647,-0.20826,-4.2319,-0.3863,-0.83771,-1.3588,0.006617,-2.7216,0.57317,0.21896,0.034673
0.5035,-1.9547,-1.074,3.3595,-0.084237,-1.817,-0.8142,0.3376,-0.57083,2.8632,6.2452,2.2685,0.81282,-0.084446,-2.7868,-0.48552,-1.5138,0.10876,-6.2513,-4.1336,5.0834,-0.072134,-0.86066,3.9086,0.12617,0.23386,-0.81707,-6.3472,3.6158,-3.4198,-0.44891,0.7466,-1.2662,0.50606,-0.23718,-0.20418,-7.5595,-2.138,0.40123,-0.96692,0.66663,-2.286,0.53834,0.24955,0.041069
0.033269,-3.5011,-0.58776,3.1129,-0.80482,-0.11797,-0.82325,0.21115,-0.5809,-1.566,13.78,-1.0875,0.034311,-0.23478,-3.2292,-0.40172,-1.5365,0.042883,-8.0535,-3.9398,3.7569,-0.55436,-0.074753,3.4711,0.17607,0.20164,-0.8532,-9.4884,3.6107,-5.186,-1.5418,1.5258,-1.3614,0.52655,-0.23872,-0.18753,-12.931,-2.8829,0.5774,-0.48866,0.88186,-2.5275,0.49159,0.27162,0.047903
5.2568,-2.9653,-2.4321,2.2746,-2.7465,-0.37206,-0.87352,0.1269,-0.51033,-2.6752,7.815,-2.2637,0.13961,-0.010258,-2.6484,-0.28948,-1.4984,-0.015598,-9.0881,-5.0433,2.0491,-0.99962,-0.2802,2.3323,0.20031,0.18296,-0.89566,-15.835,-0.12743,0.36264,-2.0291,1.2443,-1.6584,0.55119,-0.22215,-0.17033,-18.769,0.11567,1.0845,-0.31326,0.76605,-3.0879,0.43472,0.29546,0.050939
21.737,1.9789,-6.6915,3.6972,0.45918,-0.23275,-0.91227,0.02037,-0.45813,-2.6375,10.456,0.45086,0.72404,0.6277,-1.9291,-0.25683,-1.4305,0.12901,-1.1894,-13.795,14.736,-4.242,-0.29016,1.7203,0.19456,0.25444,-0.94998,-15.829,-2.7314,-2.8606,-0.48113,0.70069,-1.7651,0.5767,-0.20501,-0.15858,-19.174,-0.92351,1.8667,-0.33126,0.46003,-3.1095,0.37901,0.32313,0.052351
22.697,-3.9454,3.9454,1.6647,0.88891,1.0663,-0.91467,-0.032212,-0.44259,-2.1817,9.5677,-1.2612,-0.013975,1.164,-0.77497,-0.27398,-1.3209,0.1745,6.3411,-6.5629,4.2799,-0.1629,1.0909,-1.2172,0.24699,0.31174,-0.97498,-18.799,-1.5094,-5.5776,-0.007446,0.82368,-1.9299,0.60333,-0.18487,-0.13855,-15.328,-2.0083,-0.68591,0.98498,1.036,-1.999,0.3519,0.3404,0.044015
13.943,-0.39773,-2.454,3.3745,2.4107,0.026815,-0.89463,-0.078636,-0.47573,-3.9144,8.9529,-0.42895,0.07726,1.5692,0.77506,-0.30958,-1.1757,0.14463,-0.72019,-9.9702,5.5695,-1.5933,0.57527,-1.8652,0.27886,0.38083,-0.97957,-18.011,0.88372,-1.3928,-0.7196,0.22747,-2.1893,0.62817,-0.14653,-0.13525,-12.965,-1.4748,1.6713,1.1878,0.84106,-1.0522,0.34921,0.35492,0.031612
10.431,0.92881,10.091,0.43247,-0.93865,0.8346,-0.86638,-0.11024,-0.53081,-7.0785,8.994,-2.7908,1.0909,1.949,2.7626,-0.31442,-0.95155,0.16602,-0.13806,-12.501,8.0696,1.1724,0.081091,-2.6068,0.27543,0.43466,-0.98754,-16.181,1.8357,0.45859,-0.43814,0.0841,-1.5671,0.65055,-0.10364,-0.13326,-7.9646,-2.7428,0.87088,1.1934,0.69961,-0.18884,0.36432,0.37447,0.020346
11.005,-1.1693,0.040261,1.9015,-0.53204,0.48596,-0.90026,-0.15902,-0.50218,-14.56,14.075,-7.3869,0.72939,0.97507,3.3732,-0.32138,-0.78601,0.20976,1.9446,-5.3348,8.4801,1.0698,-0.49655,-2.9337,0.23634,0.43833,-1.0165,-11.958,6.8795,-0.047275,0.43135,-0.23006,-0.66836,0.66249,-0.074752,-0.1397,-4.2227,-0.81405,1.8507,0.11714,0.45461,0.79269,0.38598,0.38937,0.023543
6.7185,-0.12936,2.3869,0.72803,0.73161,0.62913,-0.88258,-0.1796,-0.56904,-13.573,5.3239,-3.1973,0.41533,0.19675,3.0818,-0.3499,-0.66108,0.25255,4.8794,-5.9662,8.3791,0.52345,-0.57234,-2.6537,0.19163,0.47519,-1.0145,-8.0949,9.5334,0.26005,1.1649,-0.44179,0.17244,0.66853,-0.066743,-0.14715,-3.8671,1.6971,1.0417,-0.86965,0.005801,1.5986,0.4135,0.38868,0.045884
4.6295,-0.68274,2.3227,1.5832,0.45118,0.2373,-0.87902,-0.19854,-0.59491,-9.9118,6.1864,-2.6897,-0.92646,-0.426,2.418,-0.41336,-0.62427,0.2439,6.231,-3.962,8.0518,0.24813,-0.26453,-1.9012,0.14007,0.48934,-1.0243,-6.2114,12.39,4.0087,1.5641,-0.68002,1.2507,0.65894,-0.083946,-0.15266,-6.699,-4.9957,4.7111,1.2519,-0.3751,1.7951,0.43065,0.38462,0.049288
2.8351,-0.006699,-0.13348,1.6085,0.63278,0.094915,-0.87956,-0.23522,-0.5814,-8.5819,7.9593,-4.3332,-0.63336,-1.4264,0.4518,-0.45066,-0.6611,0.19576,6.5184,-3.4542,7.1232,-0.082577,0.60877,-0.73739,0.10808,0.50054,-1.0317,-6.1861,2.1422,4.8156,1.9246,-1.0655,2.3366,0.63682,-0.11812,-0.16186,-2.5044,0.95605,1.7799,0.78748,-0.34435,1.3728,0.44003,0.38558,0.039905
1.386,0.77619,-0.34826,-0.61535,0.1063,-0.20329,-0.86665,-0.24407,-0.59039,-7.9954,8.5648,-2.2589,-0.53117,-2.3096,-1.5818,-0.44216,-0.71689,0.16658,6.8725,-1.8193,5.7652,-0.32685,1.391,0.81331,0.1479,0.50688,-1.0157,-4.7885,-1.493,0.21093,2.8428,-0.86705,2.1385,0.59783,-0.16234,-0.17064,-2.2115,-1.8914,-0.35939,0.51314,-0.45467,1.5906,0.4485,0.38485,0.026818
2.0608,2.4515,-1.9884,-3.6991,-0.85509,-0.22795,-0.87078,-0.18956,-0.57899,-6.4191,7.7422,-2.1436,-0.80521,-2.574,-2.9964,-0.39162,-0.81806,0.1203,7.0415,-3.6068,5.5642,-1.0931,2.1126,2.0926,0.23556,0.5143,-0.97642,-7.8578,2.9177,0.69967,2.0125,0.12154,2.2875,0.55883,-0.19557,-0.15499,-5.0771,-2.7412,-3.4581,0.11718,0.12595,1.3462,0.46024,0.38617,0.024256
4.8868,0.36044,-3.4577,-2.4212,-0.12257,-0.43988,-0.86115,-0.12949,-0.5602,-6.2995,7.5825,-1.7183,-0.87587,-1.9965,-3.6614,-0.274,-0.93295,0.058099,4.1774,-6.747,4.7099,-0.72422,2.7763,2.1958,0.3702,0.50721,-0.89839,-14.599,3.2985,0.098649,-0.049017,0.23425,2.832,0.50531,-0.22523,-0.14396,-17.148,-0.23205,-4.1932,0.025089,1.1969,1.8112,0.47893,0.38271,0.036171
10.184,-1.7618,-3.9238,-3.2085,0.55721,0.058144,-0.84345,-0.059205,-0.55364,-5.9593,4.6304,-1.8998,-0.86043,-1.1106,-3.1983,-0.11391,-1.0507,-0.0583,0.10389,-10.527,6.0977,0.63334,2.6649,1.9006,0.4636,0.47666,-0.81968,-21.374,-2.7912,-0.99872,-0.16442,-0.55168,3.4184,0.45487,-0.22912,-0.15207,-11.814,-1.275,-1.4613,0.1157,-0.031245,1.549,0.50709,0.36658,0.051802
25.748,-3.4588,28.188,0.80185,-0.68333,0.30733,-0.84613,0.064384,-0.51759,-6.7196,4.09,-1.4307,0.55218,-0.42719,-0.99239,-0.030457,-1.1877,-0.13639,-0.94006,-7.0637,6.0168,0.92315,2.6816,0.60803,0.50804,0.42851,-0.75676,-16.37,-2.4809,-0.50087,0.57339,-0.6006,3.7339,0.41486,-0.23869,-0.15928,-17.41,3.4904,-2.3647,1.1166,0.42596,2.4383,0.53381,0.34845,0.069277
21.335,4.4364,-5.3954,-5.6503,1.3459,-0.15709,-0.8985,0.051287,-0.42689,-6.2377,13.859,-4.0708,0.19865,0.32113,1.4238,-0.18463,-1.4544,-0.19817,-7.6721,-6.2837,6.9549,-0.29019,2.3559,-0.8178,0.53237,0.43202,-0.65148,-12.124,-1.447,0.19855,1.0062,0.53311,2.0972,0.39587,-0.26038,-0.14769,-17.474,0.6562,-1.4172,1.2986,-0.054459,2.2702,0.5713,0.30789,0.063018
13.641,-1.1173,3.9996,-1.1367,3.0311,0.95305,-0.84292,0.17249,-0.50336,-1.4458,12.866,1.4606,-2.353,0.45428,2.6388,-0.23023,-1.5713,-0.22802,-6.4544,-6.1009,7.2171,-0.19869,1.1026,-1.7402,0.50538,0.46882,-0.56368,-10.322,2.4315,-0.14461,0.11822,0.50436,0.60994,0.40417,-0.27214,-0.12727,-18.812,-1.6265,-2.6786,1.0571,-0.43087,2.5095,0.60479,0.25818,0.047799
9.9649,-2.6547,4.9614,-1.1817,1.1719,-0.57426,-0.81655,0.19403,-0.54483,0.84383,6.8553,1.9964,0.58733,1.0068,3.3889,-0.26578,-1.5114,-0.20027,-5.3903,-6.7265,6.5009,-0.083557,-0.38456,-2.6075,0.43272,0.49267,-0.50606,-8.5117,5.0458,0.51915,-1.5204,0.81826,-0.62283,0.42427,-0.26638,-0.12765,-13.931,-3.6094,-1.832,-1.8539,-0.37734,1.956,0.63729,0.19813,0.042405
10.269,-0.93381,5.6463,-3.9885,0.83013,0.16221,-0.78248,0.28119,-0.57849,-0.1233,11.864,1.0073,1.263,1.1331,3.5508,-0.36782,-1.4525,-0.052551,-10.134,-9.1454,7.8769,-1.6903,-1.582,-2.7308,0.34471,0.54561,-0.46395,-5.9556,2.7157,2.4112,-2.3789,0.043308,-1.0294,0.45441,-0.23841,-0.1331,-9.558,-9.1816,-1.3996,-1.5661,-0.57491,0.53758,0.6524,0.16842,0.047808
6.4973,-3.7584,0.78751,-3.2354,-0.94378,0.05342,-0.77741,0.37962,-0.54701,1.3471,11.663,1.3702,-0.16126,0.60631,3.0976,-0.43119,-1.3733,0.014947,-14.194,-10.823,6.0427,-0.66185,-2.1353,-2.0926,0.26474,0.59525,-0.4469,-3.3568,-0.48732,1.4165,-2.012,-0.25775,-0.94753,0.47535,-0.21247,-0.14591,-6.1763,-11.731,-1.1253,-0.85145,-0.51719,-0.49451,0.6519,0.16449,0.045747
3.9394,-3.3465,-0.77348,-0.58317,0.63308,0.61172,-0.78219,0.42351,-0.53078,3.2277,8.6792,0.80435,-0.70167,0.12794,2.2387,-0.47911,-1.3137,0.004532,-14.893,-9.0149,5.5948,0.53659,-2.6926,-0.76587,0.19105,0.60801,-0.46771,-1.3914,-2.211,1.1728,-1.4808,0.064302,-1.2898,0.48079,-0.19812,-0.16871,-3.1534,-10.077,0.37957,-1.4881,-0.18166,-1.6752,0.6424,0.1836,0.042573
0.50368,-4.6037,0.042766,-1.0985,0.6548,-0.020509,-0.75608,0.45911,-0.54648,6.2456,9.167,3.0802,-0.91171,-0.33977,0.62554,-0.50306,-1.2854,-0.021266,-11.63,-5.7335,3.9784,2.0912,-2.4286,1.1277,0.15054,0.57,-0.54051,-1.217,-2.4305,1.8218,-0.61899,0.36213,-1.7774,0.48152,-0.1887,-0.18792,-4.1034,-4.9338,0.63138,-1.5615,-0.40565,-2.5934,0.61607,0.22514,0.038313
0.083286,-2.5149,-0.9316,0.98737,0.045449,-1.093,-0.7661,0.46347,-0.53814,8.2284,2.5406,6.0851,0.42303,-0.33977,-1.8544,-0.44221,-1.2782,-0.03405,-11.44,-4.8677,2.7732,2.1606,-1.6578,2.8703,0.15393,0.49053,-0.62881,-4.475,2.4927,-3.8836,-0.14659,1.0819,-2.1624,0.48491,-0.18896,-0.20921,-6.831,-3.9844,-2.3406,-2.3169,0.45415,-2.9664,0.57246,0.28208,0.039835
1.6573,-2.2334,-4.1183,2.0131,1.7126,-0.64098,-0.76053,0.38838,-0.57535,8.8464,-1.2386,5.0121,1.1498,-0.20511,-2.8337,-0.33957,-1.2998,-0.034743,-7.9035,-5.9696,3.3716,1.527,-0.92425,3.6765,0.18106,0.40359,-0.70428,-10.606,5.5551,0.49153,-1.1015,0.86087,-0.84028,0.49627,-0.19916,-0.20761,-10.966,-5.6934,0.56568,-1.7485,1.1368,-2.8672,0.52371,0.32101,0.071316
5.2371,-2.561,0.26352,4.6041,0.39967,0.76957,-0.72575,0.26465,-0.65262,-3.6167,19.788,-3.0945,1.155,-0.33598,-3.7632,-0.20366,-1.2863,-0.095857,-7.1703,-7.5284,3.9526,1.2459,-0.23476,3.259,0.22072,0.32576,-0.76984,-10.002,1.7208,-2.0731,-1.2358,1.1502,-0.7289,0.50794,-0.2089,-0.20469,-15.47,-2.7477,1.6256,-1.3699,0.90872,-2.9274,0.47391,0.34487,0.096555
9.0975,-2.7093,-0.036431,3.7072,-2.6518,0.12247,-0.76744,0.16794,-0.60817,-5.8146,7.8445,-5.194,-0.37623,-1.7045,-2.3123,-0.082564,-1.222,-0.19583,-4.8369,-12.504,9.2502,-0.088495,0.21236,2.0962,0.24226,0.27446,-0.82881,-12.734,-2.5971,-1.5531,-0.64826,1.1408,-1.1718,0.52452,-0.21626,-0.19853,-17.789,-1.0024,1.2026,-0.59865,0.60701,-3.3066,0.41659,0.37028,0.099283
36.462,2.7309,22.266,2.9442,-5.2275,0.12922,-0.85546,-0.000712,-0.47078,1.3193,11.286,-2.2233,0.48212,-0.2028,-2.3141,-0.074157,-1.2218,-0.19047,1.8809,-10.105,4.4671,1.3347,1.2791,-0.11981,0.30025,0.26283,-0.86611,-17.591,-0.95138,-5.1638,0.25832,1.0413,-1.5524,0.55138,-0.21867,-0.18131,-16.231,-1.1142,1.1988,0.13251,1.3379,-2.4703,0.37086,0.39032,0.097979
20.394,1.076,1.4092,0.38373,-0.79265,0.44231,-0.84475,0.012044,-0.4881,-0.065345,8.0628,0.035299,0.43083,0.64034,-1.2899,-0.076498,-1.1554,-0.15278,-1.4702,-5.3408,4.1794,-0.92721,0.65226,-1.8349,0.36238,0.27117,-0.87819,-17.765,0.92232,-5.0268,0.008577,0.2811,-1.77,0.57985,-0.21224,-0.17502,-13.908,-1.2357,2.941,1.4415,1.193,-1.3385,0.34204,0.40274,0.08703
12.835,-0.76738,5.1894,1.6598,3.4992,-0.32285,-0.81717,-0.024151,-0.54358,-4.7794,9.1037,-2.4748,0.96212,1.7712,-0.061848,-0.082711,-1.0282,-0.063708,-1.7594,-10.165,7.337,-1.6456,0.47514,-3.1199,0.38371,0.39883,-0.85967,-19.063,2.7409,0.077095,0.36991,0.85529,-1.9956,0.61138,-0.1872,-0.15765,-11.852,-2.7045,1.5001,2.5575,0.7686,-0.22615,0.3412,0.41703,0.056419
10.484,-2.5672,6.1447,0.38556,-0.58885,0.22169,-0.80901,-0.057697,-0.5705,-7.5725,10.496,-3.5451,0.40518,1.9284,1.4976,-0.10892,-0.90547,0.026672,1.3549,-8.2557,8.747,-1.2014,-0.51065,-3.7652,0.35519,0.51286,-0.84957,-15.892,5.1877,0.8359,0.94146,-0.070847,-1.4995,0.63867,-0.16402,-0.15055,-8.9089,-2.4131,-0.3096,2.0383,0.68056,0.55194,0.35531,0.42892,0.032157
9.194,-3.0978,2.446,1.9658,-0.009466,-0.047096,-0.82024,-0.11129,-0.57188,-9.7302,8.52,-3.4459,0.54054,2.0256,2.5082,-0.13395,-0.78989,0.10166,1.3531,-7.4798,9.2909,-0.064341,-1.3117,-3.663,0.27353,0.60632,-0.83849,-11.211,9.6646,0.009731,0.64654,-0.21837,-0.74537,0.65519,-0.14368,-0.15243,-7.4655,-3.5391,-0.66925,0.27852,0.57568,0.93393,0.37299,0.44,0.032781
7.4445,-1.8529,4.0299,1.647,0.22572,0.22135,-0.82706,-0.15491,-0.58962,-11.358,9.8133,-3.1365,1.0807,1.2674,2.9318,-0.17708,-0.70876,0.16726,2.2897,-5.7041,10.208,1.7057,-1.8144,-2.9815,0.15982,0.62648,-0.8692,-8.1137,11.5,-0.21514,0.84876,-0.29179,0.070603,0.66226,-0.13701,-0.15526,-6.1198,-2.3614,2.5615,-0.39547,0.15478,0.83629,0.38782,0.44627,0.055117
6.8171,-1.2866,2.6039,3.6487,-0.46149,-0.23728,-0.83259,-0.26539,-0.58508,-13.63,11.494,-2.246,0.030683,-0.27151,2.0981,-0.19624,-0.64807,0.20749,5.2758,-1.3063,8.3163,1.1737,-1.4907,-2.5015,0.022,0.629,-0.9004,-5.8226,10.847,3.9506,1.2764,-0.31543,1.2855,0.65196,-0.14926,-0.15283,-2.9852,-0.31434,2.5603,0.31683,-0.5146,1.0158,0.40566,0.44985,0.05668
3.1055,0.24458,-0.53265,1.8478,-0.24281,0.30878,-0.85243,-0.33183,-0.54185,-10.601,8.1926,-2.4224,-0.068244,-1.749,0.81417,-0.19457,-0.65617,0.19871,7.6604,-1.8682,7.6557,0.92429,-0.82689,-1.621,-0.068177,0.60579,-0.92241,-4.4816,1.4925,3.9802,2.2233,-0.71309,2.0556,0.62813,-0.18878,-0.14863,0.22142,-0.046358,2.8169,0.50999,-0.19491,1.366,0.41647,0.44978,0.0467
1.0681,2.1774,-1.8635,0.38812,0.3507,0.1417,-0.85944,-0.34417,-0.51722,-9.7874,6.568,-1.9048,-0.80879,-2.9129,-0.61316,-0.16299,-0.69812,0.16255,9.1043,1.5195,4.8461,-1.2725,1.3575,0.83432,-0.060096,0.58587,-0.93409,-4.3396,1.5805,0.99689,2.7196,-0.27572,1.7974,0.60145,-0.22793,-0.13317,-1.399,0.31661,-0.55636,0.5228,-0.64969,1.7046,0.42807,0.44562,0.039469
2.8388,3.7122,-3.914,-4.1721,0.81502,0.18194,-0.83776,-0.27711,-0.54565,-8.6465,5.4365,-0.09494,-1.0829,-2.8622,-2.116,-0.087108,-0.74411,0.089199,9.29,6.597,5.3278,-2.1683,2.3893,3.5632,0.075896,0.65565,-0.86619,-7.1488,4.3021,0.32226,1.566,0.55802,1.7102,0.57021,-0.24982,-0.098489,-5.5643,-5.5135,-6.8356,0.81162,0.28233,1.7511,0.4493,0.43595,0.026955
4.509,6.0876,-2.931,-3.0173,1.6283,-0.48817,-0.78898,-0.16797,-0.60836,-8.9587,7.1145,-1.1463,-1.8723,-2.0584,-2.9124,0.014283,-0.78524,-0.041094,5.9432,0.96629,4.094,-0.33277,2.4696,3.3079,0.23472,0.62786,-0.82154,-16.445,2.1807,0.22783,-0.8091,0.58516,2.1777,0.53198,-0.25409,-0.080391,-17.089,-1.8633,-1.3428,0.28628,1.2864,1.2866,0.46802,0.42772,0.043726
6.1556,2.1917,-0.82512,-3.2616,0.55602,-0.34969,-0.73329,-0.079761,-0.64624,-10.666,8.4362,-7.5588,-2.3256,-1.3726,-2.4669,0.13325,-0.80802,-0.25349,-7.2928,-23.326,8.3402,-1.927,1.8035,2.8093,0.35268,0.62021,-0.74097,-20.149,-1.5626,-1.2906,-1.8817,-1.4765,2.7837,0.48225,-0.25524,-0.10037,-12.122,2.7134,-0.85059,-0.027156,0.20682,1.4704,0.49203,0.41676,0.048933
28.714,-7.6186,32.525,1.6197,-4.5736,-0.9257,-0.78429,-0.031386,-0.59282,-5.8251,6.4779,-6.3328,-0.35557,-0.53429,0.22951,0.12869,-0.86854,-0.40649,-2.0927,-8.5103,6.2641,2.0544,0.46036,1.484,0.40739,0.55102,-0.71628,-16.023,-2.0041,-1.2072,-1.7669,-1.1283,2.8124,0.4449,-0.25265,-0.13561,-20.873,1.2535,-1.0622,-0.024309,0.22666,2.3646,0.52847,0.38928,0.065172
23.74,-2.1784,4.5617,-5.1315,2.6529,-0.78985,-0.83241,-0.005145,-0.53063,-0.88602,11.217,-2.9662,1.5529,0.60929,1.7331,0.002896,-1.0227,-0.45525,4.1642,-3.5626,7.8277,-0.44008,1.3295,0.13204,0.40256,0.5101,-0.69017,-12.414,-3.2918,-0.12038,-1.1845,-0.42375,1.5994,0.43135,-0.24445,-0.15483,-18.798,-1.7884,-3.396,-0.1133,-0.19573,2.2987,0.56007,0.35797,0.078016
13.012,-0.027883,7.0159,-1.1806,1.0756,-0.64084,-0.80489,0.048499,-0.58183,1.9386,14.32,0.53302,0.38032,1.6241,2.2792,-0.17318,-1.224,-0.40486,-1.5171,-8.7849,6.1773,-1.0676,0.96286,-0.98783,0.39011,0.53673,-0.60761,-11.061,-0.58469,3.055,-0.66825,0.24958,0.48501,0.44152,-0.24068,-0.15672,-17.498,-4.187,-2.7903,-0.83048,-0.3488,2.2375,0.59702,0.30993,0.086708
9.9725,-1.4143,4.134,-2.7395,1.5462,-0.038097,-0.77432,0.098395,-0.62281,4.0988,12.523,0.93903,-0.42963,1.9752,2.8712,-0.24402,-1.2675,-0.30136,-6.6324,-9.9083,6.5717,-0.45262,0.31933,-1.8767,0.35264,0.5577,-0.54872,-8.3648,0.98525,3.2275,-0.68643,0.4458,-0.48489,0.46217,-0.23416,-0.15681,-12.869,-4.9321,-0.98095,-1.533,-0.56338,1.6686,0.62607,0.25996,0.097566
7.2803,0.85155,6.068,-3.0766,1.3305,0.36902,-0.73393,0.19299,-0.65442,-0.54073,12.792,0.67851,0.96217,1.7671,2.8347,-0.30426,-1.2486,-0.10965,-8.3485,-9.2115,6.0446,-0.48176,-0.43148,-2.4748,0.26798,0.59134,-0.51028,-5.7731,0.34188,1.7047,-0.33612,0.017782,-0.82345,0.48286,-0.22578,-0.16214,-8.9262,-6.9915,-2.6381,-1.1859,-0.63779,0.99351,0.65243,0.21798,0.091375
5.2197,-1.609,3.0746,-2.7238,0.10966,0.17733,-0.71089,0.28117,-0.65906,-0.9709,8.0713,1.2813,0.61103,1.0345,2.3332,-0.30614,-1.2057,0.018832,-12.818,-10.588,3.9813,0.28346,-1.0454,-1.7462,0.19465,0.60918,-0.49613,-10.119,7.2284,7.9723,-0.057295,0.92065,-0.40937,0.49571,-0.22298,-0.14925,-4.9992,-9.9058,-3.3416,-0.62788,-0.5385,0.099314,0.66194,0.20132,0.084177
2.5691,-1.8561,1.6206,-0.95614,-0.061041,0.070688,-0.68987,0.35174,-0.66976,3.1975,6.1038,1.9224,-0.76211,0.34275,2.1813,-0.31959,-1.1574,0.03847,-12.398,-8.9319,5.1128,0.54316,-1.6662,-0.29672,0.13888,0.59774,-0.50994,-1.1736,-2.2063,-1.5388,-0.82918,-0.72741,-0.17125,0.49163,-0.21641,-0.17954,-2.1106,-11.834,-2.79,0.48507,-0.27141,-1.1149,0.65204,0.21207,0.074128
0.54244,-1.479,2.1672,-1.1598,-1.0485,0.63628,-0.68641,0.3898,-0.65808,5.8151,7.6524,1.4814,-2.3771,-0.40229,1.1376,-0.40127,-1.1635,-0.029152,-9.2518,-7.3483,1.6368,0.80584,-0.93472,1.2676,0.11982,0.56991,-0.54509,1.4844,-4.2267,-0.10273,0.48517,0.14931,-1.1343,0.48633,-0.21401,-0.20072,-3.9778,-9.8986,-0.35853,-0.22621,-0.09587,-2.0627,0.62928,0.24359,0.06249
-0.042104,-1.3673,-2.3873,-1.5584,-0.95893,-0.24774,-0.71704,0.43299,-0.59508,8.9434,3.7179,1.3659,-1.7786,-0.33382,-1.5195,-0.41313,-1.1893,-0.14865,-7.2095,-8.8424,6.8133,0.7525,-0.25367,2.776,0.15558,0.53253,-0.57804,-1.3981,-0.20336,-3.6763,0.98418,0.57541,-2.1347,0.48515,-0.21948,-0.21148,-6.5694,-5.976,0.75126,-1.1249,0.000442,-2.8321,0.58975,0.28499,0.059134
3.4624,-1.2082,-2.8968,1.694,0.78392,-0.1848,-0.74409,0.39261,-0.56717,9.5476,-2.2829,5.8573,1.2119,-0.13262,-3.5248,-0.41527,-1.2784,-0.14198,-8.1949,-6.1952,2.7917,0.95002,1.225,3.364,0.2473,0.48024,-0.62098,-10.101,9.6974,2.2078,-0.4872,1.4321,-0.90504,0.49192,-0.23058,-0.2114,-9.9411,-1.2563,-0.75722,-2.2753,0.76471,-2.8111,0.53447,0.33218,0.068143
8.4463,-3.0718,-2.5877,3.6726,1.5836,1.0908,-0.7086,0.31762,-0.6295,6.4593,10.638,8.6726,1.5076,0.82181,-4.2517,-0.34649,-1.3409,-0.12508,-9.6234,-7.1643,5.3931,0.71837,1.4976,3.3549,0.35979,0.41483,-0.64017,-13.085,1.4814,-5.1509,-0.89152,1.1205,-0.45034,0.49553,-0.24214,-0.21147,-18.173,-2.9618,2.3563,-2.382,1.2506,-2.4474,0.48206,0.35219,0.11138
11.565,-5.9558,2.9229,3.7104,-1.9838,0.32782,-0.69294,0.2481,-0.65349,-14.304,19.726,-12.361,0.90359,-0.44222,-3.3281,-0.17039,-1.2813,-0.15946,-6.948,-8.4745,7.9844,1.1319,0.82823,1.8744,0.45066,0.35666,-0.65755,-11.649,-1.9886,-2.5674,-1.3143,0.99315,-1.2919,0.51301,-0.24555,-0.20188,-17.356,-1.6319,1.2083,-0.88869,0.61047,-3.0781,0.4299,0.37277,0.13276
28.902,-1.8409,6.1547,-2.0751,-0.3296,-1.2437,-0.82378,0.11985,-0.50862,0.52277,7.8074,0.67199,-1.1518,-0.48745,-2.2484,-0.13718,-1.2881,-0.25726,-5.3455,-6.983,5.9339,1.2857,0.015191,0.051523,0.49501,0.30685,-0.70699,-18.211,-4.5093,-3.2366,-0.36096,1.1444,-1.8294,0.53849,-0.23873,-0.19128,-18.331,-2.0945,0.22683,-0.10544,0.9304,-2.5782,0.38157,0.39568,0.13092
16.669,-3.9837,-2.2179,1.4202,0.20157,0.41684,-0.82734,0.084851,-0.51953,2.0102,9.3121,0.31375,0.21278,0.93509,-1.5296,-0.15174,-1.2759,-0.25738,-2.1023,-8.7683,6.6547,0.11997,-1.255,-1.3586,0.49807,0.31857,-0.7588,-17.651,-0.83249,-4.955,0.40942,0.79443,-1.9873,0.57019,-0.22722,-0.17832,-14.929,-2.0251,1.4723,0.94895,0.92596,-1.5313,0.35332,0.40758,0.11868
12.133,-1.6483,10.177,1.5004,0.37204,0.15108,-0.82563,0.012489,-0.54217,-0.196,7.5324,-0.57302,0.68873,1.6238,-0.25715,-0.14899,-1.1406,-0.20624,-1.0158,-4.4446,6.5862,0.11786,-2.3802,-2.3661,0.43864,0.35218,-0.83297,-17.858,2.7699,-2.1421,0.54906,0.5302,-2.425,0.61074,-0.19709,-0.16341,-11.32,-2.9928,2.0835,1.9866,0.90348,-0.5741,0.34692,0.41442,0.094118
11.009,-2.875,4.2443,1.2058,0.18328,-0.041388,-0.81249,-0.047031,-0.57097,-8.3965,9.9557,-3.0958,0.78886,1.7606,1.1981,-0.15334,-0.96202,-0.076001,3.6366,-4.176,4.9895,-0.86093,-3.3128,-3.054,0.3318,0.42945,-0.89151,-15.314,3.8424,2.0644,0.4094,0.13191,-1.7075,0.63972,-0.16285,-0.16148,-8.2827,-2.0427,4.0349,1.8087,0.71322,0.10838,0.35518,0.4264,0.067814
8.3171,-0.90268,5.4825,1.9027,0.439,-0.11464,-0.79111,-0.089066,-0.60608,-8.6041,7.4477,-2.8461,0.76351,1.8785,2.2887,-0.16637,-0.8209,0.03976,7.0286,-5.4601,7.2587,-0.32124,-3.3671,-3.3636,0.19026,0.50535,-0.92636,-12.125,6.1419,0.41535,1.3598,-0.19964,-0.96469,0.66335,-0.14233,-0.15729,-6.9789,-3.6755,-0.77346,1.5876,-0.12099,0.8155,0.36938,0.44224,0.043613
8.2699,-0.23525,1.6669,4.1954,-0.40867,-0.30685,-0.80449,-0.19153,-0.59194,-12.072,10.058,-4.0291,0.79395,1.246,3.1687,-0.18878,-0.71858,0.12041,8.056,-7.452,15.037,1.4022,-1.9824,-2.9667,0.043572,0.51526,-0.95409,-8.2265,10.039,-0.59096,0.78872,-0.25326,-0.41388,0.67701,-0.13346,-0.15954,-6.1521,-2.2457,7.9626,-0.40995,-0.10076,0.14548,0.37948,0.44926,0.048705
5.5502,1.0199,0.75917,3.3597,-0.74708,0.17472,-0.82042,-0.29505,-0.54618,-14.556,13.913,-3.966,-0.4163,-0.25619,2.6444,-0.21777,-0.66983,0.14834,5.4686,-6.3895,9.8037,0.55292,0.18814,-1.8704,0.005411,0.48226,-0.9798,-5.5823,10.28,-0.042912,0.78818,-0.17308,0.34552,0.67688,-0.13132,-0.16191,-4.4683,1.6396,-0.96324,0.28653,-0.54788,0.63269,0.37962,0.46114,0.041869
5.9407,0.91853,-0.62614,-0.89306,-0.23983,0.3947,-0.85483,-0.32631,-0.50708,-11.492,10.756,-3.0868,-0.24874,-1.6613,1.0137,-0.22894,-0.66499,0.12857,3.6458,2.7136,3.0117,-0.28233,-0.27382,-0.68659,-0.02259,0.50271,-0.97254,-5.8104,10.925,-0.30329,1.0896,-0.34532,1.2674,0.65974,-0.15651,-0.16684,-4.3816,4.3949,-0.93042,-0.016344,-0.90047,1.8538,0.39617,0.45924,0.034489
5.084,0.86706,-0.85678,-1.8146,1.1175,0.21423,-0.84978,-0.27905,-0.54517,-8.3023,7.8015,-4.2861,-0.015315,-2.6957,-0.41633,-0.22126,-0.69667,0.11463,8.9995,1.8007,1.5831,0.36473,0.40416,-0.17606,-0.043824,0.48915,-0.98076,-6.0378,4.5417,3.2704,1.2014,-0.22776,2.0534,0.63496,-0.18972,-0.16007,-3.8257,1.7987,-2.6463,0.059241,-0.62343,2.5075,0.43127,0.44247,0.023475
2.0391,1.4846,-0.98775,0.018791,2.3453,0.55772,-0.81212,-0.22843,-0.59728,-7.285,5.9115,-2.0674,-0.6154,-2.9436,-1.6345,-0.1836,-0.75001,0.10581,7.4461,1.0898,1.6062,-2.0822,1.6537,1.8139,0.02086,0.50886,-0.96422,-6.8185,-0.078799,0.87386,2.2729,-0.025666,1.9417,0.60805,-0.22296,-0.13811,-5.1843,-3.1777,-4.7146,0.143,0.12961,2.1277,0.46117,0.42549,0.031897
2.2377,-0.033385,0.33181,-2.2606,2.5631,0.33939,-0.7434,-0.17149,-0.67266,-6.6173,2.7126,0.59764,-1.2539,-1.8949,-2.5033,-0.11055,-0.809,0.037309,9.9565,-1.6537,6.2614,-2.4637,2.682,3.5646,0.13436,0.58434,-0.89187,-10.663,2.6333,1.4839,1.2195,0.32285,2.2554,0.57021,-0.24767,-0.10791,-7.5566,-8.0032,-1.6151,0.9005,0.9743,1.9031,0.49248,0.40427,0.046004
5.1555,0.98469,6.6794,-5.5524,0.51537,-0.49468,-0.68506,-0.055553,-0.7247,-6.2187,7.4985,-2.3865,-1.775,-0.73802,-2.9875,-0.016806,-0.86215,-0.079136,4.9742,-2.1708,6.6741,0.77775,3.4354,3.2964,0.29946,0.5334,-0.83747,-15.573,1.5731,1.0713,-0.81057,0.30518,2.7086,0.52447,-0.26364,-0.096152,-11.92,-2.0333,-0.4177,2.1389,0.94991,1.5688,0.51419,0.38489,0.049177
7.4662,-0.24829,10.3,-3.1382,-2.8442,-1.1907,-0.71446,0.13214,-0.66877,-5.9104,8.2973,-3.1173,-1.9581,0.33731,-2.3523,0.10186,-0.90856,-0.23674,-11.471,-16.733,8.771,-1.7475,2.8533,2.3766,0.40349,0.50634,-0.74691,-18.401,-2.0076,0.97338,-1.3931,-0.5905,2.8923,0.46634,-0.26971,-0.10488,-17.631,4.8109,0.35592,1.1699,0.58444,1.6778,0.54227,0.35969,0.047496
26.145,-3.517,12.203,-2.0711,-3.7807,-0.83313,-0.80588,0.18186,-0.52853,-6.0684,3.4563,-3.709,-0.48096,0.82857,0.11472,0.1332,-0.97403,-0.35083,-1.6355,-8.2879,6.849,0.46393,1.7463,0.91437,0.45422,0.47979,-0.67589,-17.474,-2.3986,0.28716,-1.0054,-0.57045,2.7405,0.42817,-0.26926,-0.12393,-19.165,2.3995,-2.091,0.023271,0.082756,2.1754,0.57318,0.32938,0.056325
24.888,-3.7757,1.546,-2.4268,1.5972,-0.79356,-0.83469,0.21363,-0.49417,-1.9985,9.207,-2.8413,2.7288,1.1672,2.3902,-0.065397,-1.1901,-0.38864,-0.044051,-4.0411,6.32,-0.83234,1.5008,-0.50162,0.47044,0.47934,-0.61001,-13.936,-0.47999,0.38617,-0.53122,-0.073326,1.7984,0.4151,-0.26302,-0.13214,-19.168,-3.1762,-3.3537,0.091816,-0.10435,2.167,0.59722,0.28911,0.062209
13.852,-3.9799,9.9807,-0.54922,2.4394,-0.60196,-0.79534,0.23862,-0.5552,1.643,23.291,-0.57726,-1.3006,1.6324,2.6979,-0.29022,-1.431,-0.17795,-4.6139,-7.234,5.7685,-0.79845,-0.028631,-1.9706,0.43026,0.5136,-0.54261,-11.177,0.62339,0.99562,-0.26624,0.59041,0.19197,0.42779,-0.25489,-0.12803,-17.014,-1.8237,-2.0885,-0.31249,-0.37524,1.9544,0.62293,0.24259,0.064423
10.036,-1.5532,5.4093,-2.0372,1.5575,-0.41104,-0.76198,0.26535,-0.60187,0.80943,6.7914,3.1648,0.078791,1.5579,3.5037,-0.29337,-1.3326,-0.075297,-7.5903,-9.6196,9.1852,-0.087263,-1.1406,-2.8078,0.33938,0.5456,-0.51034,-8.3039,0.002684,1.5042,-0.45727,0.70847,-0.66245,0.45602,-0.23915,-0.11746,-12.516,-4.2068,-1.6603,-1.8738,-0.52284,1.2607,0.64301,0.20088,0.066633
8.3134,-2.4823,4.0772,-2.3025,0.88478,0.38465,-0.71874,0.31469,-0.63611,-0.5318,11.793,1.6363,1.207,1.3131,3.3299,-0.41759,-1.2943,0.11411,-14.584,-14.373,8.426,0.010881,-2.2934,-2.5042,0.19992,0.58151,-0.50898,-4.816,3.5937,-0.23782,-0.63733,0.62131,-1.1593,0.48687,-0.22635,-0.11108,-8.6169,-6.6484,-0.76432,-2.0149,-0.71232,0.31294,0.66106,0.16767,0.069812
4.6255,-2.2922,0.96936,-0.91196,0.071511,0.06304,-0.7148,0.34586,-0.64573,1.7828,8.9305,1.9825,-0.78917,0.34945,2.9624,-0.46977,-1.2422,0.14045,-12.786,-7.1004,8.2485,0.51253,-2.903,-1.1834,0.088281,0.5786,-0.53342,-1.9305,-1.6832,1.7991,-1.398,-0.49168,-1.0712,0.49962,-0.2092,-0.12569,-4.4337,-9.7123,0.37386,-1.9917,-0.97254,-0.52635,0.66596,0.16548,0.054916
0.37108,-2.8721,2.6194,0.36635,-0.16134,1.034,-0.69287,0.41164,-0.64946,3.3472,7.8914,0.78204,-1.2879,-0.3315,1.9635,-0.47226,-1.1696,0.090142,-8.0533,-6.11,2.2936,1.0191,-2.5042,-0.13473,0.025361,0.55058,-0.56493,-1.1032,-2.1507,3.1968,-1.6061,0.095911,-1.6019,0.50428,-0.18868,-0.14867,-0.90581,-9.217,-0.71567,-2.7723,-0.45083,-1.6487,0.65525,0.1838,0.0496
-0.74691,-0.36853,1.2172,1.0809,-0.78403,-0.68797,-0.70573,0.39298,-0.65036,6.3803,8.5237,0.78409,-2.4592,-0.72437,-0.17484,-0.51765,-1.1904,-0.019298,-5.8681,-8.6051,4.903,1.5067,-1.2287,1.6996,-0.002182,0.51427,-0.60917,-2.0715,-0.40898,1.8399,-0.65782,0.042207,-1.803,0.50255,-0.16764,-0.18333,-3.7344,-6.4554,-2.6834,-1.8685,0.22671,-2.6465,0.62861,0.22893,0.05612
-1.868,0.55632,-1.8291,1.6306,-0.49117,-0.88752,-0.74253,0.3167,-0.6405,7.8859,-0.62777,0.15374,-0.59636,-1.0098,-2.7189,-0.46786,-1.2417,-0.099522,-6.111,-6.083,4.5767,1.3843,0.4262,2.7664,0.045954,0.4704,-0.6606,-5.5072,3.7914,-1.5424,1.3741,0.4863,-0.85128,0.49854,-0.17855,-0.20494,-8.3132,-3.6955,-1.8121,-0.85194,1.5736,-2.9374,0.5841,0.28318,0.08123
