9.1824,-1.5874,3.0428,-0.062853,0.12914,-0.0171,-0.66978,0.21139,0.46076,8.3573,5.1857,0.072917,-0.36415,-0.13351,-0.021661,-0.75838,0.28003,0.114,9.1119,-2.6089,2.1731,-0.33195,0.082715,-0.027729,-0.59274,-0.17491,0.35885,-9.7919,-0.17096,-0.53448,0.052803,0.020757,-0.00222,0.51312,0.50877,0.13044,-9.7711,-1.0984,-0.010692,0.046842,-0.015841,-0.004915,0.75585,-0.51323,0.076325
9.1153,-1.5134,3.192,-0.11933,0.10691,0.033993,-0.67064,0.20974,0.45967,8.351,4.9937,0.18622,-0.25536,-0.11189,-0.055366,-0.75929,0.27635,0.1205,9.2389,-2.821,2.2569,-0.21304,0.073561,0.004197,-0.59466,-0.18089,0.35565,-9.7924,-0.088334,-0.56459,0.014254,-0.002953,0.00998,0.51274,0.50659,0.13042,-9.741,-1.0088,-0.039826,0.010809,-0.011573,-0.008433,0.75461,-0.51325,0.077618
9.0777,-1.6609,3.0938,-0.08842,0.10448,0.004848,-0.67283,0.20908,0.46107,8.2924,4.9621,0.19787,-0.05615,-0.041408,-0.049533,-0.75814,0.27559,0.12485,9.229,-2.748,2.231,-0.072925,0.083034,0.043242,-0.59449,-0.18062,0.35414,-9.7845,-0.17815,-0.60185,-0.01956,0.001487,0.013518,0.51318,0.50795,0.13175,-9.7934,-1.0088,0.026527,-0.034345,-0.005417,-0.006448,0.75424,-0.51154,0.078374
9.0844,-1.7209,3.28,-0.038482,0.13102,0.001162,-0.67535,0.20787,0.45896,8.2086,5.1004,0.16882,0.069372,-0.002611,-0.040575,-0.75812,0.27326,0.12477,9.1948,-2.6312,2.1551,-0.024626,0.072415,0.037979,-0.59628,-0.18079,0.35104,-9.8141,-0.20848,-0.54989,-0.007942,-0.002915,0.009956,0.51204,0.5104,0.13169,-9.7561,-1.0687,0.019526,-0.039744,-0.001862,-0.006425,0.7537,-0.51285,0.076249
9.017,-1.743,3.3689,-0.034365,0.059438,0.012416,-0.67578,0.20711,0.45842,8.2224,5.3481,0.092273,0.14129,0.026383,-0.053428,-0.75972,0.27302,0.12391,9.2044,-2.5608,2.1443,-0.024306,0.075643,0.022099,-0.59812,-0.17967,0.34953,-9.7617,-0.23821,-0.56381,-0.023274,-0.003796,0.020529,0.51188,0.50803,0.13012,-9.771,-1.0536,0.004372,-8.8e-05,-0.005223,-0.002921,0.75531,-0.51231,0.076423
8.9127,-1.72,3.3906,0.023564,0.042708,-0.001121,-0.67592,0.20867,0.45826,8.1487,5.4453,0.067708,0.10999,0.025494,-0.055106,-0.76001,0.27743,0.12161,9.1142,-2.5433,2.1328,-0.044078,0.048454,0.030828,-0.5969,-0.17841,0.34867,-9.7769,-0.19324,-0.57167,-0.008197,0.003235,0.022353,0.51271,0.507,0.1333,-9.7935,-1.0537,0.048818,0.005336,-0.006132,-0.004739,0.754,-0.51233,0.076781
8.7929,-1.7347,3.606,-0.037126,0.04679,0.002425,-0.67645,0.20686,0.45839,7.9877,5.2466,0.056091,0.1529,0.002348,-0.062752,-0.76012,0.27542,0.11931,9.2312,-2.5342,2.1491,-0.072397,0.011556,0.021922,-0.59836,-0.18067,0.34728,-9.7765,-0.26833,-0.54907,0.002691,0.012018,0.013577,0.51267,0.50615,0.13199,-9.741,-1.024,0.027372,0.007201,-0.005317,-0.008381,0.75331,-0.51193,0.076485
9.1502,-1.7824,3.6979,0.00015,-0.12772,-0.034127,-0.67589,0.2073,0.46136,8.1321,5.406,0.16949,0.24125,0.00071,-0.037652,-0.75963,0.27339,0.11834,9.2727,-2.6901,2.2894,-0.11651,0.001454,-0.001118,-0.59705,-0.18099,0.34824,-9.8064,-0.26832,-0.57968,0.016227,0.056023,0.00859,0.51228,0.50613,0.13263,-9.816,-1.0535,0.018555,-0.00735,-0.008785,-0.001098,0.75264,-0.51247,0.07634
9.3151,-1.7379,3.3562,-0.016499,-0.005454,-0.010963,-0.67424,0.2079,0.46223,8.0695,5.8669,0.12747,0.16726,0.02803,0.041404,-0.76129,0.27594,0.11444,9.1366,-2.9129,2.3352,-0.079786,0.000568,-0.048829,-0.59757,-0.18381,0.34779,-9.724,-0.31294,-0.59299,0.027089,0.004906,-0.004132,0.51136,0.50737,0.13402,-9.7709,-0.99412,0.071773,-0.021915,-0.014086,0.006116,0.75125,-0.51168,0.075748
9.1142,-1.7211,3.2727,-0.006206,0.055329,-0.013058,-0.67422,0.20544,0.46251,7.9805,5.9695,-0.035429,-0.07133,-0.017465,0.057349,-0.75839,0.27973,0.11375,9.0685,-2.9269,2.2342,0.072359,-0.03136,-0.068169,-0.59551,-0.18493,0.34881,-9.7544,-0.2304,-0.6312,0.038305,-0.003912,-0.030648,0.51194,0.50873,0.13195,-9.741,-1.0541,0.079587,0.005142,-0.021165,0.005992,0.75079,-0.51353,0.074702
9.0175,-1.7642,3.13,-0.006182,0.05161,-0.018532,-0.67383,0.20518,0.46226,8.0692,5.7949,-0.011381,-0.31171,-0.09501,0.047349,-0.75754,0.27931,0.11977,9.1951,-2.7622,2.0987,0.12532,-0.026614,-0.041549,-0.5949,-0.18562,0.35087,-9.8149,-0.11055,-0.65505,-0.007247,0.008506,-0.020833,0.50924,0.50834,0.13301,-9.7711,-1.1286,0.063936,0.025977,0.00762,0.007054,0.74931,-0.5142,0.0744
9.0251,-1.7347,3.1302,-0.007129,0.059047,0.0015,-0.67413,0.20365,0.46172,8.134,5.4067,0.028558,-0.43541,-0.13472,0.038334,-0.7553,0.27704,0.12719,9.2461,-2.6507,2.0658,0.17513,-0.03694,-0.034422,-0.59426,-0.18606,0.35356,-9.7921,-0.1483,-0.57202,-0.010242,0.015552,-0.005788,0.50892,0.50952,0.13247,-9.7411,-1.1137,0.049541,0.035964,-0.003235,0.000611,0.74904,-0.51382,0.07625
9.0019,-1.8608,3.2188,0.015425,0.031826,-0.012946,-0.67584,0.2043,0.46219,8.258,4.9988,0.14411,-0.38486,-0.13072,-0.000328,-0.7547,0.2768,0.1359,9.2237,-2.398,2.0293,0.15645,-0.019743,0.002703,-0.59239,-0.18395,0.35585,-9.8222,-0.095949,-0.56518,0.00766,-0.003825,-0.013851,0.50796,0.50914,0.13242,-9.7559,-0.99401,0.019729,-0.000103,0.007393,0.000772,0.74854,-0.51436,0.07651
8.9944,-1.7946,3.3683,-0.045486,0.007498,0.010797,-0.6767,0.20382,0.46109,8.4156,4.7801,0.24371,-0.12635,-0.063156,-0.018103,-0.75363,0.27383,0.14081,9.1747,-2.257,2.0652,0.040337,-0.002421,0.006137,-0.59252,-0.18317,0.3557,-9.7548,-0.12566,-0.5713,0.003827,-0.003845,-0.000625,0.50922,0.50899,0.13274,-9.7935,-1.0761,0.033815,-0.041579,0.002678,-0.00366,0.74799,-0.51489,0.076236
9.0546,-1.7207,3.2723,0.00188,0.051836,-0.00027,-0.67517,0.20397,0.46463,8.3517,4.9206,0.28041,0.17323,0.021303,-0.016555,-0.75419,0.27404,0.14246,9.1823,-2.4027,2.0605,-0.10583,0.01799,-0.001066,-0.59223,-0.18461,0.35638,-9.7767,-0.23815,-0.59413,0.002261,0.008484,-0.007621,0.50853,0.5095,0.13297,-9.7935,-1.0536,0.033876,-0.02864,0.002264,-0.026307,0.7477,-0.51503,0.075963
9.0615,-1.751,3.4288,0.007041,0.003477,0.002689,-0.67495,0.20205,0.46385,8.1941,5.2166,0.24191,0.35635,0.085516,-0.023045,-0.75574,0.27634,0.13819,9.224,-2.5997,2.1257,-0.15054,0.026817,0.004192,-0.59388,-0.18504,0.35367,-9.7841,-0.26802,-0.63176,-0.001095,0.024329,-0.014578,0.50812,0.50773,0.13243,-9.7335,-1.039,0.049871,-0.034187,0.006928,-0.015436,0.74751,-0.51542,0.075031
8.9648,-1.7647,3.3534,-0.020297,-0.043159,-0.010842,-0.67537,0.2029,0.46597,8.0996,5.5857,0.12637,0.3362,0.070847,0.011753,-0.7568,0.28054,0.13131,9.1851,-2.7089,2.193,-0.10481,0.0124,-0.005522,-0.59415,-0.18554,0.35329,-9.7618,-0.26784,-0.65382,0.000563,0.017277,-0.009334,0.50668,0.5092,0.13144,-9.7709,-1.0241,0.094105,-0.001827,0.008135,-0.006446,0.74635,-0.51702,0.075424
9.0621,-1.7353,3.22,0.015799,-0.072126,-0.012488,-0.67102,0.20218,0.46722,7.9958,5.8045,0.010085,0.1587,0.024127,-0.002141,-0.7565,0.28284,0.12766,9.1413,-2.7379,2.2246,-0.05637,0.01068,-0.017851,-0.59301,-0.18869,0.35344,-9.7844,-0.19324,-0.57932,-0.020442,0.012027,-0.027,0.50688,0.50977,0.13315,-9.7709,-1.0389,0.06418,0.007904,-0.00322,0.006117,0.74689,-0.5149,0.075801
9.017,-1.7871,3.294,-0.05377,-0.018416,0.013631,-0.66931,0.20107,0.46931,8.0643,5.6837,-0.082394,-0.022469,-0.016189,0.007132,-0.75525,0.2839,0.12706,9.1023,-2.7329,2.268,0.010432,-0.012237,-0.01165,-0.59349,-0.18971,0.35395,-9.7772,-0.13324,-0.57174,-0.007374,0.001452,-0.016472,0.50633,0.51054,0.13339,-9.7411,-1.1136,0.027128,-0.000169,0.009292,0.00621,0.74733,-0.51571,0.077962
9.1147,-1.6614,3.1612,0.039579,-0.022027,-0.007194,-0.66866,0.20179,0.47134,8.1089,5.5477,-0.034138,-0.14816,-0.051278,0.019531,-0.75568,0.28475,0.12884,9.1949,-2.67,2.1436,0.052348,0.00811,-0.011526,-0.59346,-0.18881,0.35443,-9.7623,-0.11828,-0.54895,-0.001166,0.010241,-0.015524,0.50491,0.51123,0.13267,-9.7561,-1.0912,0.034407,0.007189,0.007309,-0.004669,0.74684,-0.5177,0.07825
9.2262,-1.7511,3.1167,0.005628,0.080595,0.007828,-0.6702,0.20022,0.47263,8.0904,5.2322,0.017773,-0.15713,-0.053023,0.024886,-0.75429,0.28439,0.13294,9.1801,-2.5898,2.1493,0.059603,-0.007423,-0.016845,-0.5919,-0.18746,0.35548,-9.7843,-0.2008,-0.56431,-0.015401,0.020832,-0.012821,0.5051,0.5108,0.13372,-9.7635,-1.0762,0.034321,-0.00817,0.01898,-0.000933,0.74609,-0.51755,0.075425
9.0624,-1.7202,3.1455,0.014536,0.044546,-0.000227,-0.6713,0.20115,0.47204,8.2963,5.2391,0.10169,-0.072575,-0.017908,0.006631,-0.75534,0.28419,0.13495,9.2189,-2.4613,2.1599,0.054934,-0.010886,-0.008003,-0.59248,-0.18796,0.35647,-9.7913,-0.29833,-0.56434,0.006786,0.017286,-0.010217,0.50372,0.51158,0.13405,-9.7709,-1.0239,0.034337,-0.004647,-0.001583,0.000731,0.74457,-0.51757,0.076443
9.0621,-1.7501,3.205,0.041804,0.064066,-0.002095,-0.67326,0.20121,0.47036,8.2966,5.1831,0.14518,0.028321,0.031172,-0.024178,-0.75376,0.28393,0.13544,9.2676,-2.4665,2.1632,0.0281,-0.014678,-0.004496,-0.59345,-0.18819,0.35718,-9.8066,-0.23826,-0.59473,-0.003939,0.021709,-0.007528,0.50387,0.51296,0.13471,-9.8084,-0.99371,0.003902,-0.010807,0.008978,-0.008213,0.74597,-0.51928,0.077053
9.0843,-1.721,3.2949,0.018001,0.021333,0.005359,-0.67324,0.20043,0.47077,8.2182,5.147,0.091073,0.15373,0.045187,-0.018932,-0.75502,0.28577,0.13404,9.2139,-2.4055,2.1662,0.015474,-0.017331,0.001657,-0.59159,-0.18854,0.35917,-9.7614,-0.28327,-0.54875,-0.003276,-0.008235,0.000196,0.50336,0.51217,0.13534,-9.7635,-1.0463,0.01946,-0.012723,0.000124,-0.001954,0.74251,-0.51719,0.075703
9.0914,-1.8099,3.2944,0.062308,0.003026,2.4e-05,-0.67306,0.20221,0.4717,8.1883,5.3144,0.067352,0.22574,0.071396,-0.044266,-0.75577,0.28756,0.13008,9.253,-2.4615,2.1262,-0.039854,-0.006869,0.002505,-0.59186,-0.18749,0.35888,-9.7918,-0.19336,-0.55696,-0.020704,0.019081,-0.014596,0.50364,0.51279,0.13575,-9.786,-1.0685,0.004078,-0.001975,0.0003,0.004363,0.74432,-0.51745,0.076699
9.0614,-1.7952,3.3838,0.006969,-0.00721,0.009115,-0.67235,0.2029,0.47494,8.1167,5.4746,0.026331,0.25806,0.07837,-0.050711,-0.75682,0.28802,0.12262,9.2045,-2.6556,2.2022,-0.066616,0.005644,0.002466,-0.59308,-0.18901,0.35961,-9.7841,-0.2383,-0.56426,-0.016457,0.007633,-0.005862,0.50336,0.51217,0.13547,-9.7561,-1.0985,-0.002969,-0.005653,0.000389,0.009788,0.74435,-0.5193,0.076734
9.1367,-1.7211,3.2207,0.047049,0.017271,-0.015558,-0.67127,0.20365,0.47524,8.0842,5.6252,-0.029074,0.18778,0.045081,-0.028956,-0.75756,0.28826,0.11856,9.1851,-2.6943,2.161,-0.003964,0.005955,-0.006301,-0.59315,-0.19054,0.35814,-9.7319,-0.23053,-0.57823,0.007349,0.003181,0.002932,0.50279,0.51397,0.13557,-9.7561,-1.0837,0.026956,-0.025198,-0.002872,-0.014607,0.74327,-0.51904,0.076695
9.0919,-1.7208,3.2427,0.021658,0.015731,-0.009205,-0.67072,0.20429,0.47553,8.0647,5.6324,-0.00729,0.084505,0.024156,-0.010434,-0.75809,0.28942,0.11851,9.1778,-2.6554,2.1553,0.026825,-0.017958,-0.026626,-0.59207,-0.18956,0.35968,-9.7619,-0.23053,-0.60884,0.021894,0.017252,-0.010205,0.50256,0.51279,0.13635,-9.771,-1.0987,0.064017,-0.003645,0.009064,-0.004623,0.7431,-0.51865,0.076282
9.0621,-1.6986,3.2949,-0.019949,0.039542,0.007052,-0.66967,0.20429,0.47517,8.0526,5.6444,0.019423,-0.018859,-0.017156,0.000868,-0.75967,0.29148,0.11839,9.1655,-2.6116,2.1348,0.030987,-0.006655,-0.01335,-0.59213,-0.18942,0.35841,-9.762,-0.20803,-0.60887,0.02004,0.010214,-0.007603,0.50073,0.51336,0.13548,-9.7709,-1.0239,0.049279,-0.000965,0.007319,-0.002836,0.74363,-0.52036,0.075931
9.0627,-1.6462,3.1535,-0.002691,0.026501,-0.019321,-0.67135,0.20272,0.47619,8.0922,5.5157,0.062822,-0.1123,-0.054978,0.008541,-0.7589,0.29039,0.12052,9.2239,-2.5146,2.0509,0.036998,0.000938,-0.002702,-0.59203,-0.18957,0.36043,-9.7918,-0.20817,-0.60196,0.017553,0.004945,-0.016462,0.50267,0.51395,0.13596,-9.7635,-1.0688,0.056754,0.009855,0.003771,-0.002888,0.74208,-0.52038,0.076548
9.1659,-1.759,3.3848,-0.077949,0.035534,0.008827,-0.67329,0.20136,0.47478,8.1683,5.3608,0.009117,-0.11217,-0.051488,0.001435,-0.75703,0.28902,0.12376,9.1652,-2.4221,2.0973,-0.034629,0.006995,0.007818,-0.59272,-0.19007,0.36167,-9.7323,-0.16288,-0.61582,-0.001153,0.010223,-0.014655,0.50153,0.51463,0.13525,-9.7561,-1.0987,0.049328,0.023279,-0.006807,0.003338,0.74206,-0.52037,0.076281
9.0548,-1.6836,3.2651,0.021657,0.004788,-0.023751,-0.67403,0.20069,0.47596,8.2076,5.3896,0.070244,-0.076335,-0.035551,0.010129,-0.75748,0.28853,0.12737,9.3506,-2.5347,2.0874,-0.11239,0.012818,0.014848,-0.59302,-0.19212,0.36071,-9.8217,-0.2232,-0.62506,-0.013867,0.020852,-0.000474,0.50154,0.51487,0.13577,-9.8159,-1.0461,0.033517,0.01623,0.001926,-0.007416,0.74211,-0.52198,0.078578
9.1285,-1.7958,3.3843,-0.061627,0.036259,0.005193,-0.67493,0.19984,0.47915,8.1711,5.2902,0.052555,-0.059983,-0.014437,0.002973,-0.75813,0.29058,0.12769,9.1681,-2.699,2.1461,-0.098606,0.010716,-0.002872,-0.59335,-0.19365,0.35923,-9.7466,-0.25328,-0.53348,0.017318,-0.003871,-0.006825,0.50146,0.5147,0.13695,-9.711,-1.0391,0.035308,-0.001986,0.00569,0.006174,0.74139,-0.52185,0.077752
9.0029,-1.7195,3.0928,-0.021914,0.010922,0.016275,-0.67464,0.19931,0.47944,8.1907,5.329,0.067433,0.013644,0.003051,-0.008202,-0.75771,0.29057,0.12823,9.0728,-2.5797,2.2355,-0.08658,0.021353,0.016576,-0.59437,-0.1949,0.35896,-9.7847,-0.14812,-0.60939,0.010202,0.007599,-0.005844,0.50001,0.51655,0.13596,-9.7711,-1.0986,0.034133,-0.015374,2.3e-05,-0.006464,0.74187,-0.52251,0.078713
9.0616,-1.7655,3.3541,0.008993,0.033079,0.00712,-0.67536,0.19979,0.48101,8.1776,5.4698,-0.004654,0.036889,0.013733,-0.001055,-0.7574,0.29092,0.12681,9.1852,-2.7818,2.231,-0.05589,-0.023326,0.004168,-0.59374,-0.19531,0.35887,-9.8145,-0.14845,-0.55747,-0.022638,0.024381,-0.007491,0.50115,0.516,0.13667,-9.771,-1.0687,0.049157,0.018039,0.007315,-0.006499,0.74052,-0.52292,0.078544
9.1216,-1.7727,3.1829,-0.003738,0.017876,0.005341,-0.67526,0.20032,0.48048,8.1409,5.4456,-0.00499,-0.020408,0.003117,-0.009541,-0.75843,0.29322,0.12736,9.1585,-2.7767,2.1865,0.031576,-0.002631,0.001655,-0.59338,-0.19545,0.35852,-9.7917,-0.20836,-0.55695,0.005956,0.022568,-0.013691,0.5011,0.51731,0.13588,-9.756,-1.0388,-0.002806,-0.009119,0.000155,-0.001062,0.74172,-0.52276,0.076714
9.0766,-1.7508,3.3543,0.027024,0.021376,0.012669,-0.6756,0.19978,0.48154,8.1391,5.3386,0.062556,0.007391,0.006578,-0.011544,-0.75789,0.2936,0.12777,9.1996,-2.6264,2.1747,0.033342,0.004627,0.000815,-0.59435,-0.19594,0.35924,-9.7621,-0.19297,-0.62389,-0.006715,0.004969,-0.004109,0.50071,0.51704,0.13638,-9.771,-1.0388,0.034296,-0.030616,0.001612,-0.013655,0.74278,-0.52369,0.078231
9.0842,-1.7507,3.3096,0.00166,0.014291,0.006279,-0.67627,0.20082,0.48151,8.1437,5.4283,0.053273,0.044077,0.011887,-0.00647,-0.75899,0.29337,0.12655,9.19,-2.6652,2.1752,0.049493,-0.002603,-0.002721,-0.59391,-0.19416,0.36047,-9.7768,-0.22312,-0.60165,-0.012032,0.013785,-0.004053,0.5007,0.51832,0.13651,-9.7335,-1.0465,0.04985,-0.005585,-0.005146,0.002503,0.74218,-0.52369,0.077279
9.0772,-1.6763,3.2429,0.016236,0.02302,-0.00286,-0.67595,0.20002,0.4826,8.1241,5.4356,0.060477,0.029806,0.024305,-0.002731,-0.75807,0.29427,0.12697,9.1947,-2.5267,2.0995,0.034673,-0.003151,-0.019504,-0.59354,-0.1951,0.3629,-9.7769,-0.20815,-0.59416,-0.008569,0.019066,0.0004,0.50082,0.51883,0.13652,-9.771,-1.0389,0.049238,-0.018983,-0.006302,-0.008309,0.74244,-0.52487,0.077043
9.0845,-1.6839,3.2951,0.001622,-0.009281,-0.014594,-0.67537,0.20102,0.48342,8.1094,5.4984,0.10199,0.011667,0.010291,0.0098,-0.75892,0.29546,0.12587,9.2704,-2.6266,2.1122,-0.014844,-0.004847,0.002527,-0.59418,-0.19468,0.36261,-9.777,-0.20052,-0.62418,0.000597,0.008482,-0.012909,0.4999,0.51982,0.13778,-9.7709,-1.0389,0.056709,-0.007422,0.002101,0.006191,0.74219,-0.52606,0.077057
9.0992,-1.7506,3.265,-0.012888,-0.020037,-0.021865,-0.67418,0.20018,0.48562,8.0993,5.5133,0.038808,-0.054737,-0.014371,0.008435,-0.75986,0.2965,0.12541,9.1996,-2.5704,2.1028,-0.015978,0.004544,0.013129,-0.59506,-0.19491,0.36282,-9.7988,-0.28342,-0.5495,-0.003209,0.019069,-0.000495,0.49921,0.51894,0.13749,-9.7636,-1.0837,0.034301,-0.009295,-0.006795,0.009752,0.74084,-0.52753,0.076642
9.0321,-1.8089,3.1596,-0.058025,0.029026,0.008856,-0.67441,0.20016,0.48641,8.1581,5.4697,0.024388,-0.063642,-0.026842,-0.005781,-0.76081,0.29619,0.12692,9.1872,-2.4733,2.1229,-0.04514,0.002116,-0.001035,-0.59519,-0.19581,0.36259,-9.7617,-0.23815,-0.57882,0.014803,0.000536,-0.01297,0.4994,0.51952,0.13907,-9.7561,-1.0911,0.004523,0.010699,-0.01232,-0.001192,0.7405,-0.52686,0.075685
9.1954,-1.8775,3.2947,-0.013618,0.023143,-0.012013,-0.67432,0.19843,0.48804,8.1879,5.387,0.063076,-0.051984,-0.005514,0.010237,-0.76061,0.29744,0.12846,9.1948,-2.6409,2.1651,-0.10413,0.002677,0.005066,-0.59554,-0.19658,0.36309,-9.8068,-0.20826,-0.59476,0.025496,0.005825,-0.013808,0.49928,0.52014,0.13971,-9.7561,-1.1061,0.026895,0.005316,0.008309,0.000769,0.7421,-0.52818,0.077227
9.047,-1.7797,3.2345,-0.001857,0.01397,-0.018356,-0.67403,0.19739,0.48846,8.1123,5.3384,0.10127,-0.018904,-0.016222,0.006332,-0.76034,0.29744,0.12873,9.234,-2.782,2.173,-0.064548,0.008969,-0.009892,-0.59587,-0.19759,0.3616,-9.7467,-0.25309,-0.5785,0.002126,0.019037,-0.000492,0.49919,0.52123,0.13787,-9.771,-1.0388,0.034296,-0.00366,0.001895,-0.004674,0.74173,-0.52819,0.077615
9.0919,-1.765,3.1753,-0.001946,-0.000305,-0.012821,-0.67696,0.1987,0.4886,8.1785,5.3286,0.11622,0.019874,0.003041,-0.00988,-0.76007,0.29898,0.12911,9.1803,-2.7089,2.1856,-0.001978,0.005717,-0.016018,-0.59686,-0.19768,0.36205,-9.7844,-0.19324,-0.57932,0.022051,-0.002107,-0.020037,0.49915,0.52228,0.13721,-9.7635,-1.0538,0.034382,-0.003778,-0.00513,0.002512,0.74188,-0.52977,0.07765
9.0768,-1.7872,3.2049,0.027202,0.029003,-0.01838,-0.67657,0.19942,0.49089,8.178,5.4259,0.058332,0.047722,0.020727,-0.006447,-0.76167,0.29738,0.13048,9.1559,-2.7185,2.1903,0.006124,-0.005189,-0.018688,-0.59708,-0.19858,0.36257,-9.7921,-0.16321,-0.59452,0.011089,0.006722,-0.005852,0.49999,0.52302,0.13791,-9.786,-1.0462,0.034023,0.007342,0.010681,-0.015489,0.73966,-0.53018,0.076387
9.0917,-1.7359,3.3098,0.007178,0.017619,-0.011054,-0.67746,0.19986,0.48924,8.1684,5.4114,0.057952,0.015268,-0.007477,0.000628,-0.76143,0.29837,0.13021,9.1901,-2.7429,2.1643,0.046324,-0.010364,-0.020411,-0.59706,-0.19988,0.36286,-9.7621,-0.17809,-0.5939,-0.006655,0.013771,-0.006691,0.49978,0.5217,0.13895,-9.7709,-1.0389,0.06418,0.003507,0.00289,-0.001067,0.74051,-0.52965,0.077204
9.1065,-1.8171,3.2124,0.021843,0.049756,-0.011178,-0.67527,0.19942,0.49027,8.1884,5.3674,0.13078,0.03167,0.001094,-0.026138,-0.76314,0.29798,0.12974,9.1557,-2.5726,2.1046,0.042363,-0.007186,-0.002738,-0.59792,-0.19985,0.36344,-9.7847,-0.14812,-0.60939,0.000441,-0.003833,-0.007689,0.50022,0.52293,0.14001,-9.7935,-1.0836,0.063679,-0.019887,-0.005403,-0.008289,0.73954,-0.53071,0.076526
9.0769,-1.721,3.3098,-0.009194,0.02617,0.018069,-0.6762,0.20163,0.49035,8.1736,5.3917,0.12108,0.053131,0.017113,-0.010224,-0.76204,0.29905,0.12874,9.1656,-2.6504,2.1428,-0.015051,-0.002742,0.012214,-0.5979,-0.19844,0.36378,-9.777,-0.17815,-0.5942,-0.008286,0.010255,-0.013774,0.49854,0.52298,0.13941,-9.7561,-1.0762,0.019505,0.005408,0.014473,-0.004618,0.74062,-0.53123,0.07657
9.092,-1.7208,3.2203,-0.050766,0.055353,0.036124,-0.6771,0.20071,0.491,8.2219,5.4844,0.01973,0.009109,0.015588,0.007044,-0.76409,0.29851,0.12903,9.0998,-2.6502,2.1736,-0.01854,0.003502,0.007788,-0.59761,-0.19988,0.36459,-9.7324,-0.14798,-0.59333,-0.024331,0.012016,-0.011993,0.50035,0.52395,0.14028,-9.7634,-0.97909,0.034586,-0.02889,-6.6e-05,-0.008249,0.74198,-0.53175,0.076757
9.1061,-1.7956,3.3916,-0.12156,0.038128,0.048877,-0.68036,0.19948,0.49007,8.2806,5.5907,0.088622,-0.073788,-0.016735,0.036925,-0.76438,0.30123,0.12883,9.0486,-2.6012,2.0839,-0.059923,0.046304,0.021951,-0.60103,-0.20026,0.36405,-9.8371,-0.13326,-0.62547,-0.032302,0.026159,-0.01189,0.5,0.52542,0.14222,-9.7709,-0.99394,0.019476,-0.041414,-0.012878,-0.019154,0.74266,-0.53306,0.076804
9.0472,-1.7352,3.2125,-0.14508,0.039141,0.049739,-0.68132,0.19763,0.49193,8.0854,5.5947,0.25513,-0.1775,-0.064923,0.078397,-0.7637,0.30256,0.13221,9.1488,-2.7228,1.9409,-0.12942,0.057454,0.019264,-0.60173,-0.201,0.36265,-9.7469,-0.23047,-0.60854,-0.032118,-0.023186,-0.023728,0.49906,0.52565,0.1431,-9.7709,-1.069,0.12387,-0.037147,-0.005329,-0.00102,0.74351,-0.53357,0.075508
9.0177,-1.6978,3.1752,-0.087144,0.015104,0.025295,-0.67864,0.19798,0.49216,8.0219,5.5898,0.26687,-0.25011,-0.070107,0.083402,-0.76241,0.30309,0.13681,9.2242,-2.648,1.9676,-0.18883,0.050287,0.043938,-0.60283,-0.20249,0.36088,-9.7767,-0.26796,-0.63911,-0.027576,-0.000294,-0.025341,0.50016,0.5264,0.14328,-9.7561,-1.1438,0.13139,-0.021698,0.005367,-0.006417,0.74379,-0.53488,0.073676
9.0612,-1.8618,3.3535,-0.18676,0.03219,0.041509,-0.67891,0.19559,0.49458,8.11,5.4448,0.1744,-0.28563,-0.07383,0.053435,-0.76151,0.3054,0.142,9.2142,-2.5877,2.1938,-0.17647,0.027739,0.04832,-0.60546,-0.20289,0.35849,-9.7617,-0.23815,-0.57882,0.000326,-0.012643,-0.002474,0.50044,0.52526,0.1429,-9.7712,-1.1957,0.048811,0.012774,0.016075,-0.015467,0.74385,-0.53461,0.07274
9.0907,-1.9582,3.3083,-0.094222,0.016425,-0.018491,-0.68009,0.19275,0.49482,8.1885,5.232,0.062117,-0.22454,-0.066903,0.043169,-0.76025,0.3062,0.1462,9.2824,-2.661,2.3012,-0.22989,0.025289,0.042965,-0.60552,-0.20546,0.3573,-9.8069,-0.16345,-0.5498,0.005512,0.006744,0.004739,0.50073,0.52676,0.14383,-9.7935,-1.0235,-0.055694,0.038888,0.021708,-0.008256,0.74437,-0.53567,0.074109
9.0754,-2.0322,3.3226,-0.10693,0.02481,-0.000308,-0.68104,0.19012,0.49695,8.1054,5.1932,0.06872,-0.16815,-0.065204,0.046251,-0.7615,0.30449,0.1516,9.1658,-2.8572,2.3127,-0.22598,0.043141,0.027058,-0.60783,-0.20974,0.35391,-9.7464,-0.29834,-0.51842,0.028086,0.004916,-0.010301,0.50067,0.52921,0.14342,-9.7708,-0.89672,-0.010143,-0.005701,-0.010344,0.010619,0.74452,-0.53832,0.075762
9.0164,-2.0087,3.1209,-0.061562,0.029688,-0.009402,-0.68189,0.18808,0.49613,8.1644,5.1856,0.1298,-0.18149,-0.063509,0.03571,-0.75945,0.30489,0.15611,9.1026,-2.8931,2.217,-0.14047,0.033932,-0.006443,-0.60843,-0.21047,0.35201,-9.7913,-0.26848,-0.52686,0.034272,0.019895,-0.007542,0.50037,0.5281,0.14236,-9.7931,-0.83688,-0.002888,-0.015166,-0.013313,0.042287,0.74436,-0.5391,0.073373
9.0831,-1.9951,3.308,0.016436,0.05517,-0.012125,-0.68107,0.18755,0.49643,8.2726,5.0859,0.18834,-0.13467,-0.04513,0.021202,-0.75997,0.30508,0.15841,9.1515,-2.9783,2.2143,-0.062706,-0.011004,-0.009973,-0.60856,-0.21305,0.35195,-9.784,-0.2608,-0.56424,0.003229,0.012006,-0.011129,0.50093,0.52935,0.14291,-9.8006,-0.83698,0.03434,-0.00816,-0.016577,0.056724,0.74437,-0.54176,0.074889
9.1363,-1.7658,3.2801,-0.016645,-0.025027,0.005514,-0.68132,0.18883,0.49682,8.2631,4.9744,0.18291,-0.002609,-0.014586,-0.00286,-0.75916,0.30513,0.16144,9.2246,-3.0249,2.2798,0.013684,-0.018364,-0.036381,-0.60986,-0.21377,0.35115,-9.8066,-0.22336,-0.57223,-0.004069,0.019073,-0.002248,0.50066,0.53074,0.14355,-9.741,-1.0241,0.049785,0.022681,-0.027513,0.042988,0.74377,-0.54255,0.073818
9.0767,-1.78,3.2497,-0.087823,-0.12389,0.01769,-0.67979,0.18821,0.50037,8.4831,5.2018,0.2825,-0.022524,-0.003672,0.024111,-0.76028,0.30478,0.15983,9.1318,-2.8836,2.2417,0.059986,-0.017838,-0.032806,-0.60848,-0.21437,0.3535,-9.7483,0.017211,-0.65386,-0.01238,0.00674,0.009179,0.50074,0.53129,0.14591,-9.8008,-0.96418,0.093762,0.013805,-0.033185,0.02943,0.74459,-0.54729,0.073267
9.1962,-1.8395,3.0562,-0.076877,-0.09047,0.045833,-0.67871,0.18722,0.5031,8.4789,5.242,0.4868,-0.035176,0.023069,0.052822,-0.76207,0.30707,0.16072,8.9636,-2.8244,2.2528,0.055795,-0.030484,0.039542,-0.60888,-0.21515,0.35564,-9.763,-0.020377,-0.64661,-0.045355,0.014689,-0.026952,0.50323,0.531,0.14603,-9.7934,-1.0763,0.093583,-0.05277,-0.035556,0.013298,0.74333,-0.54755,0.070566
9.0026,-1.9333,2.8154,0.039714,0.043187,0.056327,-0.67615,0.18783,0.50346,8.2728,5.4069,0.479,-0.036181,0.086302,0.011362,-0.76161,0.30659,0.15946,8.9808,-2.795,2.0349,0.12935,-0.047154,0.10849,-0.60918,-0.21153,0.35716,-9.7623,-0.14794,-0.63145,-0.036563,0.007637,-0.021732,0.50117,0.53178,0.14645,-9.6965,-1.2932,0.049811,-0.081221,-0.021002,-0.013705,0.7453,-0.54989,0.067875
8.6874,-2.199,3.2142,0.085187,0.080438,0.048913,-0.67807,0.19033,0.50256,8.029,4.9008,0.36583,0.014789,0.097907,-0.061136,-0.76304,0.30897,0.1574,9.1563,-2.7591,1.8634,0.10763,-0.072579,0.083742,-0.61067,-0.20788,0.36012,-9.7845,-0.19305,-0.62434,-0.031542,-0.002033,-0.007689,0.50124,0.53108,0.1479,-9.7264,-1.2482,0.049427,-0.0504,0.024829,-0.013462,0.74559,-0.55053,0.066297
8.8114,-2.5353,3.6904,0.11328,-0.12279,0.002427,-0.67783,0.1937,0.50228,8.181,4.712,0.30515,0.28374,0.11508,-0.082824,-0.76442,0.30752,0.1532,9.3807,-2.9621,2.0268,0.097966,-0.10312,0.036017,-0.60931,-0.20562,0.36214,-9.8218,-0.17101,-0.55009,-0.053313,-0.016057,0.009869,0.50207,0.53335,0.14872,-9.7412,-1.1586,0.056889,-0.016066,0.014093,-0.019042,0.74647,-0.55132,0.067273
9.2908,-2.3586,3.0088,0.21999,-0.17213,-0.00814,-0.67442,0.19589,0.50615,8.3953,5.0975,0.29121,0.50944,0.15923,-0.063018,-0.76676,0.3101,0.14395,9.1955,-3.1365,2.3155,0.082233,-0.090229,-0.024105,-0.6099,-0.20485,0.36548,-9.7618,-0.22321,-0.56383,-0.024864,-0.003799,0.011708,0.50383,0.53322,0.14802,-9.8156,-0.84432,0.019125,-0.014203,0.017633,-0.022621,0.74694,-0.55078,0.066479
9.3728,-2.1681,3.3613,0.18803,-0.000912,0.0358,-0.67577,0.20134,0.50593,8.2966,5.4997,0.35319,0.53685,0.18437,-0.013275,-0.77002,0.31203,0.12949,8.8789,-3.2784,2.4159,0.23733,-0.063592,-0.10346,-0.60743,-0.20395,0.36948,-9.7838,-0.29827,-0.57169,-0.006375,0.017294,-0.01816,0.50325,0.53275,0.15048,-9.7857,-0.87435,0.019549,-0.033418,-0.005453,-0.008268,0.74667,-0.55184,0.066223
9.0619,-1.8165,3.1449,0.23156,-0.006952,0.016703,-0.67586,0.2063,0.50441,8.1289,5.9772,0.38108,0.29521,0.12129,0.015092,-0.77047,0.31586,0.12188,9.0202,-3.038,2.0349,0.33385,-0.075646,-0.10861,-0.60697,-0.2009,0.37369,-9.7916,-0.25314,-0.60942,-0.045138,0.021738,-0.034007,0.50156,0.53331,0.14974,-9.7412,-1.1586,0.079302,-0.057646,-0.012986,-0.02093,0.74985,-0.55272,0.063943
9.1076,-1.7491,2.8696,0.11446,0.12854,0.038754,-0.67733,0.2107,0.50459,8.0753,5.8126,0.32167,-0.04769,-0.005512,0.018987,-0.7713,0.31826,0.11894,9.1151,-2.8972,1.8212,0.24703,-0.047672,-0.053847,-0.60527,-0.19945,0.37739,-9.7995,-0.19305,-0.63965,-0.052415,0.029678,-0.026,0.50302,0.53499,0.15243,-9.6966,-1.383,0.079451,-0.030295,0.011007,-0.035319,0.75133,-0.55072,0.064487
8.9358,-1.8073,2.9425,0.022574,0.053993,0.048965,-0.67988,0.21338,0.50206,8.1001,5.59,0.23575,-0.16362,-0.067167,0.02492,-0.77151,0.31804,0.12217,9.1953,-2.7372,1.734,0.24791,-0.033869,-0.012269,-0.60424,-0.19745,0.3804,-9.8068,-0.23051,-0.65476,-0.043568,-0.0029,-0.026234,0.50241,0.53555,0.15135,-9.7565,-1.3527,0.048636,0.011376,0.03706,-0.040649,0.75007,-0.55086,0.063649
9.024,-1.9349,3.1737,-0.01836,0.027535,0.054511,-0.68068,0.21236,0.50204,8.0613,5.3768,0.19566,-0.17853,-0.053179,0.007297,-0.77147,0.31705,0.12517,9.2631,-2.5046,1.8264,0.27247,-0.060504,0.006291,-0.60579,-0.19381,0.38462,-9.7315,-0.32791,-0.60813,-0.006586,-0.016177,-0.010461,0.50319,0.53622,0.15374,-9.7711,-1.1284,0.01911,-0.017415,0.042226,-0.045974,0.75242,-0.54821,0.065275
9.1138,-1.9938,2.9203,-0.018235,0.014401,0.012611,-0.67983,0.21342,0.50045,8.1399,5.2556,0.1883,-0.19306,-0.072498,0.017981,-0.77191,0.31739,0.13136,9.3626,-2.3597,1.9329,0.20127,-0.037826,-0.00607,-0.60467,-0.18921,0.38693,-9.7465,-0.26828,-0.53346,0.053765,-0.018002,-0.007806,0.50216,0.53667,0.15238,-9.7708,-0.91919,0.004738,-0.01738,0.029567,-0.051494,0.75158,-0.54955,0.066339
9.1732,-1.9285,3.1301,-0.030678,0.033732,-0.030334,-0.68048,0.21304,0.5007,8.1842,5.1756,0.1882,-0.16268,-0.07424,0.024831,-0.77162,0.31467,0.13635,9.4671,-2.2293,2.0545,-0.007497,0.010251,-0.01147,-0.60687,-0.18837,0.38831,-9.7916,-0.20864,-0.48942,0.060846,0.003141,-0.005878,0.50421,0.53704,0.15195,-9.808,-0.7846,0.019414,-0.008864,0.024968,-0.015355,0.75248,-0.5473,0.068058
9.1356,-2.0318,3.1067,-0.079287,0.078665,-0.046106,-0.67976,0.21055,0.50155,8.2236,5.1729,0.23704,-0.10547,-0.093821,0.01715,-0.77136,0.31602,0.13893,9.3721,-2.2239,2.0334,-0.11589,0.038799,-0.034525,-0.60675,-0.18928,0.38821,-9.7985,-0.32117,-0.48943,0.046505,0.017249,0.002138,0.50507,0.53687,0.14937,-9.8006,-0.82945,0.019418,0.043056,-0.0048,0.009643,0.75422,-0.54862,0.069604
9.0909,-2.002,3.1588,-0.086389,0.08916,-0.070785,-0.68193,0.20903,0.50107,8.2139,5.2018,0.28085,-0.094735,-0.09741,0.013489,-0.7715,0.31486,0.14335,9.353,-2.4715,2.0472,-0.21233,0.052678,-0.029337,-0.60913,-0.19227,0.38591,-9.7538,-0.29843,-0.50357,0.028636,0.021654,0.006582,0.506,0.53904,0.14941,-9.7708,-0.91898,-0.05503,0.048298,-0.017092,0.021295,0.75379,-0.54996,0.070814
9.0163,-1.9868,3.2031,-0.066848,0.008259,-0.077711,-0.68431,0.20607,0.5014,8.2187,5.1875,0.24193,-0.041848,-0.093962,0.010402,-0.77121,0.31452,0.14622,9.3215,-2.5977,2.1051,-0.23186,0.072389,-0.03464,-0.60932,-0.19662,0.38213,-9.7614,-0.29821,-0.56374,0.028934,0.006682,-0.007643,0.50628,0.53853,0.1493,-9.7708,-0.91903,-0.040088,0.024817,-0.004557,0.025055,0.75514,-0.54915,0.071243
9.1356,-1.9435,3.2491,-0.050628,-0.006163,-0.078523,-0.68639,0.20135,0.49975,8.1986,5.2629,0.18383,-0.014425,-0.063396,-0.028781,-0.7729,0.31309,0.15069,9.1558,-2.6748,2.2018,-0.18516,0.061549,-0.048795,-0.61119,-0.20145,0.37978,-9.7615,-0.26831,-0.54127,0.048334,-0.009182,-0.002451,0.5079,0.53853,0.14859,-9.8449,-0.48577,0.064422,-0.033521,-0.003947,0.065017,0.75346,-0.55075,0.069886
9.0777,-1.7785,2.8767,-0.026614,0.077805,-0.079782,-0.68818,0.19913,0.5013,8.2058,5.251,0.14008,-0.053077,-0.06584,-0.011582,-0.77397,0.31245,0.15479,9.1803,-2.7575,2.2427,-0.1025,0.031547,-0.074376,-0.61306,-0.20368,0.37773,-9.7618,-0.22321,-0.56383,0.071317,0.006637,0.004728,0.50799,0.54072,0.14832,-9.9938,-0.067461,0.27222,-0.017718,-0.035233,0.15256,0.75272,-0.55575,0.066225
9.1648,-1.9447,3.503,0.031112,0.021616,-0.11044,-0.69073,0.19851,0.50107,8.2425,5.2245,0.10859,-0.096275,-0.083336,0.001131,-0.77399,0.31279,0.15672,9.19,-2.7187,2.2446,-0.042735,0.022065,-0.073437,-0.61218,-0.20605,0.37772,-9.7773,-0.11821,-0.57926,0.048647,0.03307,-0.01448,0.50723,0.5408,0.14645,-9.6811,-1.1745,0.25958,0.10968,-0.10251,0.12999,0.75195,-0.56077,0.065627
8.9279,-1.8519,3.0093,0.080065,0.026598,-0.1004,-0.69217,0.19696,0.50156,8.2505,5.0763,0.16385,-0.14456,-0.069103,0.006923,-0.77366,0.31101,0.16014,9.2534,-2.7287,2.1968,-0.039118,0.022031,-0.075181,-0.61324,-0.20884,0.37661,-9.7861,0.092095,-0.6622,-0.078843,0.011214,-0.041956,0.50798,0.54086,0.14806,-9.5853,-1.8757,-0.14413,0.21162,-0.03799,0.023421,0.75211,-0.56422,0.067162
8.8818,-2.0451,3.2316,0.09977,0.010762,-0.0693,-0.69365,0.19653,0.49883,8.3376,4.8474,0.36991,-0.06175,-0.0421,-0.022081,-0.77392,0.31049,0.1648,9.044,-2.8053,2.2097,0.005869,-0.024078,-0.047029,-0.61195,-0.20967,0.37721,-9.8091,0.18222,-0.71528,-0.18142,-0.014188,-0.069479,0.50809,0.54253,0.15134,-9.6383,-2.1891,-0.18322,0.022625,0.02757,-0.067898,0.75322,-0.56303,0.067975
8.9266,-2.0453,3.2021,0.14452,-0.078896,-0.046963,-0.69209,0.19686,0.50063,8.5929,4.8947,0.60742,0.24016,0.081884,-0.051415,-0.77634,0.31,0.16312,8.8833,-2.8896,2.2429,0.10404,-0.06681,-0.045292,-0.61225,-0.21019,0.37872,-9.7929,0.00185,-0.60972,-0.15037,0.003398,-0.023502,0.50724,0.54142,0.15379,-9.7424,-1.8455,-0.027164,-0.15027,0.062287,-0.092531,0.75483,-0.56367,0.068039
9.0471,-1.8088,3.1075,0.22595,-0.044594,0.01503,-0.69145,0.20216,0.50021,8.5237,5.0502,0.5348,0.61425,0.22928,-0.1204,-0.77889,0.31056,0.15196,8.8495,-3.0277,2.1764,0.26758,-0.091133,-0.05489,-0.61098,-0.2082,0.38149,-9.7608,-0.38846,-0.50361,0.026307,0.010231,0.032073,0.50802,0.54082,0.15579,-9.7119,-1.457,-0.10031,-0.18581,0.081112,-0.12943,0.75631,-0.56021,0.066956
9.108,-1.6014,2.9825,0.21136,-0.04231,0.046015,-0.69101,0.20705,0.50114,8.2328,5.4008,0.24542,0.8139,0.2762,-0.18404,-0.78331,0.3119,0.13524,8.886,-2.979,2.0343,0.34635,-0.09076,-0.066263,-0.61008,-0.2044,0.38696,-9.7834,-0.35842,-0.53411,0.15406,0.02593,0.045433,0.51004,0.54235,0.15536,-9.8157,-0.90414,0.033904,-0.12945,0.068948,-0.16581,0.75867,-0.55464,0.067461
9.1681,-1.4982,2.9985,0.11527,-0.065015,0.038696,-0.6911,0.21272,0.50203,7.8929,5.7611,-0.039348,0.61056,0.18668,-0.14285,-0.78626,0.31054,0.11878,9.1368,-2.7859,1.9418,0.42026,-0.073731,-0.061636,-0.60829,-0.20025,0.39247,-9.776,-0.34339,-0.53397,0.10081,0.011908,0.04004,0.51242,0.54089,0.15233,-9.8147,-0.39653,0.13988,-0.01822,0.049637,-0.12191,0.76111,-0.55067,0.070397
9.2722,-1.5434,2.9767,0.022502,0.006861,-3.6e-05,-0.68981,0.21531,0.50139,7.8923,5.7425,-0.19983,0.1875,0.007106,-0.025621,-0.78868,0.31019,0.11217,9.3995,-2.4835,1.8623,0.33545,-0.024381,-0.021785,-0.60886,-0.1947,0.39631,-9.7611,-0.35827,-0.54866,0.01695,0.040159,0.01552,0.51252,0.54168,0.15181,-9.9635,0.20145,0.2361,0.014286,0.020034,0.00087,0.76107,-0.54751,0.072202
9.3908,-1.5897,3.1862,-0.027099,0.05208,-0.002101,-0.69109,0.21504,0.50242,8.0047,5.791,-0.2135,-0.040956,-0.052047,0.04533,-0.78918,0.31108,0.10798,9.611,-2.2053,1.8166,0.092051,0.028831,0.007276,-0.60929,-0.19018,0.39779,-9.783,-0.46323,-0.579,-0.03689,-0.000267,-0.004201,0.51396,0.54161,0.14978,-9.919,-0.05251,0.16893,-0.016863,-0.041,0.090072,0.75952,-0.54939,0.072587
9.2262,-1.6775,3.2515,-0.057904,0.032269,-0.023961,-0.69245,0.21299,0.50184,7.9901,5.8152,-0.1989,-0.22802,-0.096376,0.10355,-0.78969,0.31222,0.11311,9.5935,-2.0234,1.9501,-0.013273,0.060612,0.004581,-0.61145,-0.18981,0.39478,-9.7467,-0.268,-0.60099,-0.010631,-0.028499,-0.03083,0.51479,0.54349,0.15073,-9.8005,-0.86743,0.19862,0.054219,-0.071022,0.10053,0.76014,-0.55358,0.069354
9.1221,-1.7057,3.1013,-0.021503,0.042366,-0.050421,-0.69325,0.20964,0.50183,8.0213,5.3828,-0.030568,-0.36616,-0.15113,0.093672,-0.78721,0.31428,0.12345,9.4077,-1.7192,2.0985,-0.10297,0.067671,0.023012,-0.61548,-0.19028,0.39219,-9.7331,-0.027792,-0.6385,-0.059439,-0.01436,-0.035982,0.51554,0.54392,0.15247,-9.6821,-1.6367,-0.003169,0.17223,-0.052615,0.059636,0.75944,-0.55835,0.069954
8.9575,-1.7938,3.2338,-0.11395,0.052348,-0.020508,-0.69431,0.20758,0.50181,8.2819,5.2726,0.19411,-0.29235,-0.12316,0.068351,-0.7867,0.31421,0.13047,9.2514,-1.6557,2.3248,-0.2371,0.045084,0.036017,-0.61463,-0.19056,0.39174,-9.8229,0.016672,-0.59533,-0.055599,-0.012567,-0.050073,0.51517,0.54326,0.15324,-9.638,-2.0399,-0.11557,0.11514,-0.011479,0.022057,0.75982,-0.55889,0.071308
9.1364,-1.7951,3.1904,0.038663,-0.062082,-0.056271,-0.69509,0.20577,0.50219,8.5029,5.2257,0.35078,-0.092523,-0.026586,0.021906,-0.78612,0.31328,0.13622,9.1843,-2.2819,2.3445,-0.5141,0.016208,0.063824,-0.61691,-0.19715,0.38628,-9.823,0.068921,-0.53537,-0.022477,0.000616,-0.019964,0.51616,0.54462,0.1542,-9.7124,-1.7406,-0.17579,-0.043482,0.024056,-0.053272,0.76211,-0.55756,0.073756
9.1965,-1.7875,3.0267,-0.032031,-0.023088,0.012774,-0.69328,0.20682,0.50105,8.2973,5.1049,0.25905,0.138,0.060798,-0.053386,-0.78758,0.31387,0.13315,9.0249,-3.0774,2.3217,-0.22003,-0.004654,0.003943,-0.61853,-0.20224,0.38408,-9.7763,-0.26864,-0.47404,0.043127,0.031323,-0.005694,0.51667,0.54452,0.1533,-9.7268,-1.4268,-0.14531,-0.14343,0.042216,-0.067382,0.76309,-0.55714,0.070848
9.1453,-1.6384,2.893,0.034152,-0.005569,0.020078,-0.69402,0.20731,0.50236,8.2076,5.3123,-0.005445,0.27818,0.090437,-0.08461,-0.78992,0.31245,0.128,8.964,-2.9868,2.0992,0.16969,-0.047596,-0.026614,-0.61781,-0.20136,0.38346,-9.7982,-0.3736,-0.50438,0.085625,0.041846,0.004949,0.51604,0.54422,0.15118,-9.8009,-0.97875,-0.010873,-0.089227,0.034174,-0.076597,0.7646,-0.55554,0.071666
9.1974,-1.6168,2.9532,0.032561,0.03016,0.007163,-0.69136,0.20871,0.50218,8.0866,5.4513,-0.16351,0.26536,0.08186,-0.05788,-0.79107,0.31025,0.12318,9.1903,-2.7765,1.9816,0.089553,-0.02676,-0.036292,-0.61795,-0.20008,0.38568,-9.7834,-0.32867,-0.47412,0.060746,0.00666,0.000299,0.5181,0.5447,0.15128,-9.9485,0.23913,0.12439,-0.073818,0.061542,-0.013118,0.76664,-0.55341,0.072491
9.2867,-1.559,3.1333,-0.022728,0.01793,-0.003784,-0.69162,0.20832,0.50217,8.0808,5.6652,-0.25978,0.0529,-0.003905,0.003904,-0.79249,0.31108,0.12102,9.3727,-2.6319,2.0698,0.18582,-0.004199,-0.036072,-0.61725,-0.19999,0.38697,-9.7459,-0.37346,-0.48832,0.017966,0.022544,0.007455,0.51918,0.54597,0.15119,-9.9929,0.48533,0.27373,-0.016407,-0.04217,0.11992,0.76378,-0.55607,0.07125
9.2564,-1.6625,3.1548,-0.045179,0.049356,-0.011251,-0.69215,0.20781,0.50229,8.1385,5.3541,-0.11261,-0.23589,-0.10807,0.080393,-0.7929,0.31057,0.12528,9.4402,-2.2195,2.0979,0.13605,0.015004,-0.050163,-0.61769,-0.19792,0.3884,-9.7544,-0.20815,-0.5712,-0.036679,0.029645,-0.014529,0.51914,0.54551,0.15001,-9.7103,-0.74131,0.32749,0.10785,-0.12593,0.12441,0.7636,-0.56147,0.06788
9.0917,-1.7506,3.2724,-0.041613,0.024884,-0.029394,-0.69653,0.20674,0.50038,8.2081,5.1932,0.06206,-0.36536,-0.14211,0.11328,-0.79083,0.31302,0.13053,9.3152,-1.8403,2.1603,-0.087591,0.017447,-0.025687,-0.61872,-0.1971,0.38794,-9.8225,-0.088076,-0.65523,-0.11104,0.018319,-0.030474,0.5195,0.54643,0.15265,-9.5855,-1.9652,-0.18172,0.24704,-0.087236,0.062806,0.7637,-0.56557,0.068493
9.0841,-1.8464,3.1598,0.010873,0.026485,-0.012923,-0.69576,0.2061,0.49961,8.4277,5.0171,0.37367,-0.21324,-0.054175,0.087624,-0.78933,0.31266,0.13891,9.1601,-2.3885,2.2946,-0.3802,0.019101,0.061318,-0.62038,-0.20024,0.38481,-9.7565,0.13727,-0.67666,-0.13092,-0.000188,-0.060562,0.51908,0.5448,0.15512,-9.6691,-2.6667,-0.29709,0.10538,0.008562,-0.049202,0.76414,-0.56651,0.070657
9.0318,-1.8977,3.1367,0.064733,-0.039748,0.02573,-0.69718,0.20674,0.50063,8.4549,5.0554,0.47365,0.21887,0.128,-0.035883,-0.78885,0.31513,0.13863,9.0515,-2.956,2.2735,-0.20705,-0.042918,0.067488,-0.62132,-0.2025,0.38117,-9.8083,0.07679,-0.61011,-0.089944,-0.000191,-0.023507,0.51808,0.54611,0.15808,-9.7279,-1.9942,-0.25892,-0.23662,0.051717,-0.11229,0.76595,-0.56239,0.070638
9.047,-1.8164,3.1448,0.10262,-0.043166,0.058633,-0.69528,0.20955,0.50122,8.1742,5.4296,0.31567,0.50965,0.24704,-0.12479,-0.79099,0.31343,0.1252,8.9324,-3.045,2.1095,0.18136,-0.081886,0.014824,-0.62148,-0.20044,0.38299,-9.7159,-0.43303,-0.56268,0.078138,0.004851,0.020555,0.52061,0.54502,0.15899,-9.6682,-2.1215,-0.24331,-0.30458,0.085592,-0.15172,0.77058,-0.5573,0.067361
9.034,-1.6073,2.7431,0.16589,-0.077812,0.055206,-0.69398,0.2142,0.50083,7.9665,5.669,-0.053898,0.4351,0.19761,-0.13334,-0.79459,0.31141,0.11338,8.9809,-2.8702,1.9849,0.27778,-0.090426,-0.030092,-0.62006,-0.19703,0.38624,-9.8663,-0.22374,-0.53592,0.12963,0.02423,0.022508,0.52212,0.54475,0.15552,-9.6437,-1.0843,0.066208,-0.17462,0.12235,-0.21696,0.77081,-0.55227,0.067808
9.1974,-1.6684,2.8783,0.004861,-0.028009,0.071209,-0.69132,0.21663,0.50065,7.8434,5.6506,-0.25887,0.21255,0.053393,-0.08429,-0.79721,0.30858,0.10279,9.078,-2.6595,2.0218,0.3747,-0.06862,-0.060801,-0.61964,-0.19268,0.38966,-9.7297,-0.55393,-0.36025,0.084839,-0.01626,0.036277,0.52145,0.545,0.15248,-9.978,0.53813,0.10976,-0.10337,0.091224,-0.090632,0.77429,-0.54537,0.069123
9.3463,-1.6183,3.029,0.02506,-0.012672,0.013739,-0.69125,0.21699,0.50199,7.8705,5.607,-0.25891,0.022164,-0.063253,-0.01043,-0.79776,0.30757,0.102,9.6575,-2.3807,1.9818,0.31911,-0.008389,-0.096762,-0.62,-0.18907,0.39255,-9.7827,-0.50092,-0.53394,0.050049,0.040121,0.007553,0.52416,0.54588,0.15182,-10.172,0.82905,0.48829,0.0061,-0.016436,0.057701,0.77339,-0.54487,0.071483
9.4728,-1.6196,3.0896,-0.055951,0.051877,-0.033144,-0.69302,0.21767,0.50125,8.0033,5.611,-0.092821,-0.2712,-0.1531,0.082235,-0.79777,0.30776,0.109,9.7594,-2.1042,1.8685,0.12762,0.045129,-0.074735,-0.61962,-0.18743,0.39504,-9.8201,-0.49356,-0.5347,0.013169,0.02961,-0.01458,0.52387,0.54616,0.15154,-9.9037,0.036383,0.36367,0.11191,-0.11262,0.15891,0.77051,-0.54833,0.069856
9.2574,-1.5726,2.8794,-0.074516,0.086947,-0.096278,-0.69331,0.21407,0.50073,8.0875,5.315,-0.040192,-0.39714,-0.17812,0.13469,-0.79485,0.30851,0.1199,9.6712,-1.8172,1.8646,-0.075818,0.10084,-0.036875,-0.62064,-0.18814,0.39224,-9.881,-0.31336,-0.64116,-0.026822,-0.01435,-0.06074,0.52611,0.54558,0.1523,-9.8459,-1.1135,0.12248,0.30415,-0.095571,0.16852,0.77273,-0.55465,0.069779
9.047,-1.7207,3.3095,-0.080555,0.13878,-0.11567,-0.69617,0.21018,0.49716,8.3748,5.2171,0.13853,-0.39161,-0.15335,0.13482,-0.79329,0.31005,0.12993,9.3785,-1.7044,2.0367,-0.21538,0.088552,0.022037,-0.62209,-0.19051,0.38846,-9.7181,-0.064984,-0.69818,-0.065779,-0.026707,-0.071375,0.52336,0.54524,0.15218,-9.6233,-2.1893,-0.15308,0.30882,-0.080846,0.10071,0.77056,-0.55787,0.072434
8.8382,-1.8222,3.173,-0.08094,0.085384,-0.078987,-0.69761,0.20598,0.49498,8.2735,5.0655,0.39968,-0.26356,-0.078898,0.086999,-0.7921,0.31254,0.13798,8.9594,-1.7753,2.1416,-0.46697,0.043391,0.10985,-0.62482,-0.19334,0.38413,-9.5396,0.12283,-0.60476,-0.081813,-0.000359,-0.071155,0.52418,0.54637,0.15247,-9.2948,-2.7878,-0.32845,0.070528,-0.006975,-0.008683,0.77105,-0.5633,0.074417
8.8227,-2.0144,3.097,-0.027165,0.015811,-0.02026,-0.69879,0.20475,0.49294,8.3232,4.8856,0.48665,0.062329,0.02925,-0.028052,-0.79133,0.31158,0.14011,8.8848,-2.3237,2.1793,-0.57488,-0.020993,0.11658,-0.6269,-0.19954,0.37791,-9.988,0.18084,-0.55381,0.00942,-0.001982,-0.016423,0.52381,0.5476,0.15402,-9.8624,-1.8293,-0.22339,-0.21264,0.064101,-0.082366,0.77098,-0.55999,0.074086
9.1357,-1.9874,3.1294,0.054577,-0.075464,0.029525,-0.69793,0.20446,0.49404,8.5442,5.1487,0.22188,0.44194,0.16596,-0.11842,-0.79351,0.31086,0.13314,9.1811,-3.2822,2.3619,-0.37151,-0.093366,0.001845,-0.62687,-0.2025,0.37586,-9.8059,-0.29145,-0.42959,0.092438,0.017205,0.014504,0.52464,0.54783,0.15432,-9.9057,-0.89588,-0.072187,-0.23388,0.066459,-0.050657,0.77392,-0.55691,0.072924
9.48,-1.7451,2.9695,0.16242,-0.060935,0.028732,-0.69545,0.20698,0.4956,8.2901,5.3421,-0.14575,0.50935,0.18706,-0.12422,-0.79604,0.30986,0.12214,9.1039,-3.7458,2.4372,0.14052,-0.079662,-0.16188,-0.62405,-0.20494,0.37695,-9.8058,-0.34363,-0.50456,0.16384,0.082243,0.008772,0.52613,0.54746,0.15021,-9.8746,-0.359,0.16886,-0.10495,0.025604,-0.054897,0.77385,-0.55558,0.072231
9.4669,-1.3817,2.8971,0.18175,-0.030227,-0.012406,-0.69643,0.21076,0.49486,7.9911,5.408,-0.22019,0.26546,0.053286,-0.090068,-0.79758,0.30625,0.11214,9.1296,-2.9975,2.1654,0.48712,-0.088256,-0.18614,-0.62114,-0.20381,0.38223,-9.6414,-0.38781,-0.54623,0.077041,0.01008,-0.011167,0.52655,0.54859,0.14734,-9.7541,-0.083588,0.29117,0.063199,-0.005314,-0.017592,0.77381,-0.55426,0.071939
9.0647,-1.3782,2.8195,0.052837,0.08898,-0.004018,-0.69727,0.21344,0.49159,8.0064,5.3444,-0.1086,0.005813,-0.038966,0.037843,-0.79757,0.30605,0.10995,9.2099,-2.8714,2.0373,0.36428,-0.037486,-0.11726,-0.62039,-0.2044,0.38706,-9.8444,-0.17072,-0.64058,-0.102,0.027997,-0.035715,0.52675,0.54802,0.14866,-9.83,-0.50068,0.03475,0.13661,-0.022903,0.027382,0.77357,-0.55334,0.072447
9.198,-1.5718,2.8192,0.030941,0.044129,-0.020264,-0.69784,0.21437,0.49103,8.2318,5.3876,-0.024394,-0.08954,-0.045496,0.081322,-0.79744,0.3065,0.11241,9.5359,-2.4331,1.795,0.44227,-0.005989,-0.011865,-0.61902,-0.19775,0.38933,-9.9259,-0.29116,-0.61207,-0.19139,-0.012354,-0.056319,0.52616,0.54743,0.15099,-9.9357,-0.95557,-0.050443,0.024373,-0.039862,0.049317,0.77496,-0.55412,0.073039
9.5689,-1.7541,3.1939,-0.014537,0.044207,0.017114,-0.69664,0.21358,0.49095,8.4232,5.3893,0.11045,-0.001111,0.019556,0.052523,-0.7975,0.31032,0.11441,9.7765,-2.1042,1.8321,0.38213,-0.0242,0.045533,-0.61985,-0.19206,0.3929,-10.075,-0.29943,-0.57004,-0.10687,-0.04584,-0.062717,0.52647,0.54689,0.15494,-9.9744,-1.6799,-0.090405,-0.083663,-0.033422,0.032486,0.77531,-0.55703,0.073638
9.8498,-1.9806,3.687,0.048601,-0.041985,-0.044399,-0.69579,0.21542,0.48936,8.3352,5.4254,0.17083,0.15895,0.038181,-0.014506,-0.79713,0.31085,0.11416,10.583,-2.0554,2.1222,0.24686,0.045501,0.020135,-0.61987,-0.18613,0.39525,-9.9715,-0.10415,-0.53816,0.035951,-0.012586,-0.007729,0.52771,0.54776,0.15526,-9.9222,-1.7847,-0.089804,-0.050534,0.002639,-0.006267,0.77507,-0.55833,0.07019
9.0784,-1.9906,2.174,0.085971,0.092548,-0.11165,-0.69738,0.21524,0.48715,8.2023,5.465,0.019522,0.3029,0.035538,-0.093977,-0.79819,0.31048,0.10879,9.4247,-1.5389,1.7533,-0.032637,0.1895,0.066647,-0.62212,-0.18188,0.393,-9.9254,-0.3441,-0.50696,0.10212,0.059503,0.024496,0.52623,0.54762,0.15257,-9.951,-1.1497,-0.058696,0.020792,0.021743,-0.005422,0.77604,-0.55727,0.070867
9.1136,-1.8691,3.2345,0.096495,0.16338,-0.19761,-0.70491,0.21359,0.48365,8.6312,6.1051,-0.013807,0.27553,-0.011919,-0.084952,-0.79939,0.30772,0.10541,8.521,-1.6654,1.7321,-0.28752,0.14788,0.14372,-0.62601,-0.18115,0.38573,-9.9848,-0.41914,-0.55309,0.14719,0.018987,0.034789,0.52721,0.54785,0.14973,-10.04,-0.83569,-0.014533,0.052172,0.012261,0.006224,0.77294,-0.55518,0.070728
9.399,-1.309,3.3746,-0.008716,0.10205,-0.015039,-0.70822,0.2107,0.48166,8.774,6.4938,-0.16669,-0.22316,-0.083304,-0.043804,-0.80055,0.30552,0.10513,8.8667,-1.702,2.1633,-0.36038,-0.002714,0.049799,-0.62821,-0.18362,0.38192,-9.9415,-0.23804,-0.77751,-0.001416,0.017368,0.001261,0.52907,0.547,0.14773,-10.129,-0.49983,0.19405,0.048409,-0.001112,0.009792,0.7741,-0.55624,0.071852
9.2878,-1.1454,3.4643,0.10644,0.11832,0.19845,-0.7118,0.21434,0.47734,8.9107,5.6793,-0.19387,-0.74709,-0.14639,-0.055917,-0.79916,0.30072,0.11553,8.9705,-2.6083,2.2296,-0.83909,0.026331,-0.005505,-0.62798,-0.19069,0.37647,-10.121,-0.08936,-0.63122,-0.12045,0.049301,-0.003776,0.5301,0.54667,0.14935,-9.9952,-0.829,0.15061,0.012365,-0.022937,0.002451,0.77374,-0.55613,0.074236
9.116,-0.85041,4.1364,0.14074,-0.21462,0.24373,-0.70804,0.22405,0.47554,8.4426,4.3982,0.011264,-0.50182,-0.090669,-0.089014,-0.79686,0.29514,0.12599,9.3806,-3.1425,2.4065,-0.74896,-0.039557,-0.042568,-0.62788,-0.20355,0.36829,-10.003,0.091316,-0.68156,-0.12738,-0.024696,-0.020145,0.52845,0.54492,0.15215,-10.056,-1.1345,0.014284,0.018527,0.003042,-0.044386,0.77484,-0.55691,0.074553
9.7364,-0.84509,3.41,-0.17145,-0.36867,0.22667,-0.69928,0.22761,0.48457,8.26,4.2859,0.18218,0.17568,0.076804,-0.030612,-0.79721,0.29132,0.12851,9.9367,-3.5684,2.7255,-0.56045,-0.11124,-0.05122,-0.62572,-0.21497,0.3637,-10.047,0.001114,-0.67485,-0.14847,0.007035,-0.027883,0.52838,0.54385,0.15346,-10.056,-1.2912,-0.03097,-0.021132,0.024448,-0.042331,0.77567,-0.55612,0.075098
10.233,-1.8606,2.5417,-0.10476,0.0004,0.11844,-0.69131,0.23007,0.49117,8.3071,5.0372,0.22235,0.59657,0.27545,0.10403,-0.79768,0.29671,0.12061,10.203,-4.0238,2.713,-0.23966,-0.052891,-0.075429,-0.62303,-0.22334,0.36206,-10.18,-0.090403,-0.43734,-0.066752,-0.015883,-0.028922,0.52699,0.54274,0.15602,-10.123,-1.2013,-0.031864,-0.086331,0.011938,-0.029565,0.77472,-0.55662,0.071079
9.4692,-2.5226,2.8897,0.15745,0.34989,-0.015935,-0.69319,0.23301,0.48357,8.3229,6.1051,-0.003547,0.64174,0.43697,0.17491,-0.79677,0.3058,0.1008,9.6836,-3.5518,2.3399,0.73963,-0.099961,0.027069,-0.62025,-0.21829,0.36483,-10.284,-0.25562,-0.48426,0.004064,0.00697,-0.01026,0.52701,0.54247,0.15641,-10.243,-1.021,-0.15293,-0.11158,0.022679,-0.027577,0.77573,-0.55714,0.070322
8.984,-2.4096,3.4165,0.13817,0.13687,-0.00412,-0.69974,0.23417,0.47619,8.3657,6.3121,-0.1846,0.36288,0.31944,0.026332,-0.79559,0.31451,0.081005,9.6432,-2.4749,1.7925,1.0748,-0.087296,0.12208,-0.62003,-0.20261,0.37433,-10.225,-0.22495,-0.58814,-0.049941,0.017588,0.022458,0.527,0.54311,0.15641,-10.31,-1.0432,-0.13919,-0.072995,-0.002034,-0.016952,0.77667,-0.55594,0.070596
9.2316,-2.2177,3.0988,0.28909,-0.067826,0.053524,-0.69649,0.23754,0.47455,8.5286,5.9624,-0.078273,0.12226,0.059663,-0.10469,-0.79564,0.31364,0.075058,9.5867,-2.2001,1.7208,0.82195,-0.066471,0.093582,-0.61865,-0.18437,0.38193,-10.239,-0.30769,-0.54332,-0.12655,0.008896,0.029436,0.52712,0.54098,0.15852,-10.228,-1.1111,-0.048332,0.000114,0.003582,-0.017127,0.77642,-0.5554,0.069112
9.7163,-1.8608,3.642,0.26499,-0.14241,0.073963,-0.69484,0.24681,0.47563,8.6917,5.6342,0.10106,-0.010905,-0.078353,-0.13991,-0.79432,0.313,0.075402,9.6641,-1.8607,1.7552,0.37557,-0.076684,0.020681,-0.61867,-0.17445,0.38642,-10.238,-0.52487,-0.6181,-0.1283,8.9e-05,0.031092,0.52744,0.54056,0.15945,-10.325,-0.98374,-0.019746,0.002121,0.003284,-0.033376,0.77616,-0.55382,0.069474
