2.6209,-9.3868,1.1721,-0.007198,0.019284,0.015692,-0.26019,0.80103,0.4104,5.8004,5.1022,5.9966,0.007214,-0.012631,-0.003299,-0.40956,-0.6779,-0.22334,-0.33331,-5.0618,-8.3649,0.006563,-0.002698,-0.013245,-0.28387,0.44576,0.51185,0.068947,4.4e-05,-9.8079,-0.010919,0.014671,-0.002853,0.36609,0.30852,0.60477,-2.0565,3.3583,9.0506,0.003355,-0.000785,-0.011768,0.47753,-0.51575,-0.41136
2.6059,-9.3794,1.2168,0.00739,0.024312,-0.004372,-0.26015,0.7997,0.41122,5.8249,5.0973,6.0016,0.001775,-0.014332,0.002965,-0.40837,-0.67625,-0.22542,-0.33332,-5.0521,-8.365,0.001265,-0.002811,-0.0159,-0.28385,0.44576,0.51224,0.083806,0.022541,-9.7926,0.010412,0.007595,-0.003778,0.36466,0.30692,0.60655,-2.0564,3.3807,9.0432,0.00324,0.001192,-0.002711,0.47776,-0.51535,-0.41176
2.591,-9.3866,1.1943,-0.007094,0.026219,-0.002579,-0.26158,0.80067,0.4098,5.8396,5.0635,5.9821,0.007337,-0.000272,-0.005901,-0.40932,-0.67854,-0.22385,-0.34307,-5.0471,-8.3799,-0.00253,-0.011635,-0.004443,-0.28438,0.44631,0.51181,0.076335,0.022511,-9.7927,0.014933,-0.003853,-0.00827,0.365,0.30813,0.60511,-2.0265,3.3806,9.0437,-0.004005,0.008401,0.00096,0.47787,-0.51601,-0.41228
2.6059,-9.372,1.202,0.007412,0.02971,-0.002572,-0.26067,0.80075,0.41147,5.7832,5.1022,5.994,0.012747,-0.002122,-0.013073,-0.40984,-0.67606,-0.2234,-0.32603,-5.0424,-8.3651,-0.001615,-0.005314,-0.006191,-0.2839,0.44498,0.51137,0.061395,0.022453,-9.793,0.004409,0.012889,-0.013447,0.36517,0.30695,0.60539,-2.0265,3.3581,9.0661,-0.005851,0.004845,0.002751,0.4775,-0.51629,-0.41002
2.6356,-9.4018,1.202,-0.002579,0.022591,-0.004377,-0.26076,0.80014,0.40984,5.8445,5.0901,5.9944,0.016255,-0.002036,-0.0042,-0.40828,-0.67709,-0.22382,-0.33816,-5.0666,-8.3844,0.008079,-0.005975,-4e-06,-0.28443,0.44553,0.51081,0.083788,0.022572,-9.8001,0.000565,0.011131,-0.000225,0.36472,0.30661,0.60431,-2.0564,3.3732,9.0581,0.001413,-0.005089,-0.002748,0.47904,-0.516,-0.41091
2.621,-9.3719,1.1573,-0.006232,0.022719,0.004735,-0.26016,0.80154,0.41094,5.7759,5.1384,6.0209,0.019805,0.006857,0.004705,-0.40822,-0.67652,-0.22514,-0.33086,-5.0666,-8.3745,0.003828,0.001896,-0.010589,-0.28413,0.44603,0.51171,0.076414,0.007511,-9.7927,-5.2e-05,0.012008,-0.012575,0.3654,0.30764,0.60434,-2.0715,3.3659,9.028,0.00317,0.001308,0.002724,0.47872,-0.51627,-0.41158
2.6208,-9.4016,1.172,0.001934,0.021698,-0.000722,-0.25944,0.80027,0.40935,5.7955,5.1021,6.0063,0.016104,-0.017925,-0.000733,-0.40826,-0.67709,-0.22355,-0.34306,-5.0617,-8.3601,0.006344,-0.018771,-0.0018,-0.28344,0.44576,0.51035,0.061529,-7.9e-05,-9.7855,-0.014379,0.019078,-0.007233,0.36583,0.3071,0.60462,-2.0714,3.3733,9.043,-0.007737,0.001378,0.008179,0.47738,-0.51549,-0.41151
2.5836,-9.3865,1.1868,-0.002674,0.004673,-0.002481,-0.25972,0.80002,0.40907,5.859,5.0781,5.9579,0.010857,-0.002872,-0.000604,-0.40802,-0.6776,-0.22406,-0.32357,-5.0521,-8.3698,0.006419,0.006554,-0.007041,-0.2845,0.44528,0.50954,0.068865,0.022482,-9.7929,-0.001301,0.005861,0.003268,0.36573,0.30707,0.60554,-2.0265,3.373,9.0736,0.000743,-0.016262,-0.022732,0.47692,-0.51775,-0.41095
2.5836,-9.3717,1.1869,0.009212,0.024263,-0.006197,-0.25925,0.8009,0.4103,5.8224,5.0877,5.9845,0.007315,0.010423,0.004827,-0.40857,-0.67733,-0.22449,-0.32357,-5.0472,-8.3796,0.004689,-0.004419,-0.008831,-0.28402,0.4459,0.51146,0.098864,9.8e-05,-9.7923,-0.006304,0.016407,-0.010782,0.36562,0.3073,0.6062,-2.0265,3.3806,9.0437,0.001378,-0.002335,0.000875,0.47724,-0.51536,-0.41165
2.6358,-9.3722,1.2022,0.014655,0.026023,-0.007103,-0.25951,0.80155,0.41056,5.7883,5.0924,6.0208,0.005578,0.008566,-0.004065,-0.40788,-0.67721,-0.22379,-0.35281,-5.0592,-8.3603,-0.000662,-0.006275,-0.00885,-0.28413,0.44564,0.51172,0.098885,-0.007372,-9.7997,0.00771,0.025197,-0.000133,0.36501,0.30735,0.60511,-2.0564,3.418,9.0583,0.007838,-0.001628,-0.009978,0.4775,-0.51773,-0.41213
2.621,-9.3425,1.2023,0.001988,0.02789,-0.008041,-0.2613,0.80132,0.40995,5.793,5.1216,6.0015,0.01089,-0.007396,-0.010414,-0.40941,-0.67712,-0.22296,-0.35037,-5.0568,-8.3725,0.002894,0.003761,-0.008825,-0.28298,0.44428,0.51169,0.083884,0.00754,-9.7926,-0.008262,0.002337,-0.00382,0.36639,0.3071,0.60465,-2.0489,3.3956,9.0434,0.001365,0.00219,0.002724,0.47693,-0.51629,-0.41057
2.6059,-9.3868,1.2019,0.00195,0.017082,-0.011645,-0.26035,0.80118,0.40998,5.7857,5.1167,5.999,0.016134,-0.003715,0.007345,-0.40951,-0.67799,-0.22479,-0.35281,-5.0519,-8.3751,-0.004257,0.013708,-0.008813,-0.28412,0.44537,0.51198,0.068986,-0.007456,-9.8079,-0.009887,0.019067,-0.009001,0.36433,0.30672,0.60508,-2.049,3.3657,9.0508,-0.009547,-0.016635,0.004435,0.47685,-0.5151,-0.4114
2.591,-9.4014,1.1718,0.000138,0.024392,-0.000739,-0.26131,0.80054,0.40968,5.8397,5.073,6.0064,0.014296,-0.00365,0.013588,-0.41053,-0.67683,-0.22408,-0.3382,-5.0472,-8.3725,-0.005911,-0.001003,-0.014139,-0.28352,0.44536,0.51125,0.083962,-0.007461,-9.7925,-0.020627,0.002351,-0.007353,0.36447,0.30608,0.60483,-2.0714,3.3732,9.0654,-0.005881,0.012101,0.006437,0.47623,-0.51616,-0.411
2.606,-9.3793,1.1721,-0.007133,0.015415,-0.00618,-0.26101,0.80131,0.41023,5.8054,5.0972,6.016,0.014422,-0.000232,0.001154,-0.41098,-0.67641,-0.22504,-0.33819,-5.0471,-8.3799,0.001265,-0.000988,-0.015897,-0.28358,0.44548,0.51265,0.083954,0.007415,-9.7625,0.013224,0.005828,-0.010851,0.36545,0.30759,0.60553,-2.0489,3.3731,9.0583,0.005045,-0.006011,-0.004575,0.47815,-0.51668,-0.41039
2.6134,-9.3868,1.187,0.018272,0.027838,-0.002549,-0.25982,0.80105,0.40974,5.7907,5.1093,6.0257,-0.003578,-0.012585,0.001236,-0.40989,-0.67617,-0.22419,-0.33332,-5.0521,-8.365,-0.00584,0.000722,-0.017668,-0.28359,0.44601,0.51237,0.098746,0.022599,-9.7923,-0.00739,0.016414,-0.001954,0.36517,0.30708,0.60538,-2.0114,3.4178,9.059,0.010428,0.003052,-2.4e-05,0.47712,-0.51602,-0.41151
2.6207,-9.3943,1.2019,0.005539,0.018993,-0.000704,-0.25938,0.80141,0.41056,5.8249,5.0876,6.0112,0.010969,-0.000346,-0.013043,-0.40833,-0.67588,-0.22463,-0.33574,-5.0617,-8.3722,-0.006051,-0.00537,-0.007084,-0.28409,0.44655,0.51259,0.098846,0.000129,-9.7998,0.004191,0.004074,-0.003809,0.36516,0.30722,0.60512,-2.0414,3.418,9.0286,-0.005746,0.004704,-0.004482,0.47681,-0.51669,-0.41043
2.6208,-9.3869,1.202,0.005682,0.036743,-0.014459,-0.26049,0.80105,0.40998,5.8102,5.0973,6.0015,0.009018,0.003376,0.008332,-0.40908,-0.6763,-0.22388,-0.34307,-5.052,-8.3701,0.006375,0.012065,-0.005268,-0.28356,0.44521,0.51304,0.053968,0.007486,-9.8082,-0.002828,0.012905,-0.007275,0.36598,0.30734,0.60503,-2.0864,3.3957,9.0577,0.006982,0.006407,-0.011717,0.47753,-0.51536,-0.41124
2.606,-9.3571,1.1871,0.010969,0.020789,0.002943,-0.26104,0.80211,0.40968,5.8004,5.0973,6.0014,0.003713,-0.000247,-0.002316,-0.41068,-0.67669,-0.22435,-0.35039,-5.0422,-8.3801,-0.002515,-0.009835,-0.005324,-0.28417,0.44578,0.51107,0.076396,0.007542,-9.8002,-0.001176,0.007614,-0.002018,0.36503,0.30773,0.60551,-2.0564,3.3957,9.0283,0.002349,0.011982,-0.000828,0.47632,-0.51736,-0.40991
2.6208,-9.4017,1.187,-0.003407,0.033275,-0.009898,-0.26039,0.80093,0.40931,5.7856,5.1216,5.9917,0.003733,0.005071,-0.000508,-0.40887,-0.67666,-0.22491,-0.34062,-5.0617,-8.3699,0.003004,-0.020893,-0.012406,-0.28414,0.44538,0.51147,0.068965,1.3e-05,-9.8004,-0.010204,-0.006452,0.003177,0.36473,0.30686,0.6047,-2.0564,3.3882,9.0283,0.001433,-0.000606,-0.002719,0.47688,-0.51695,-0.41136
2.6134,-9.372,1.1871,0.014603,0.018902,-0.002515,-0.25976,0.79912,0.4084,5.8054,5.0851,6.0135,0.006443,-0.003857,-0.010361,-0.41028,-0.67636,-0.22658,-0.34306,-5.0617,-8.3601,-0.006023,-0.000867,-0.008843,-0.28295,0.44519,0.51243,0.068943,0.007482,-9.7929,0.002576,-0.009998,-0.012728,0.36569,0.30711,0.60448,-2.0264,3.3955,9.0438,-0.002192,-0.013214,-0.004617,0.47685,-0.51668,-0.41163
2.6208,-9.3721,1.2021,0.005601,0.037013,0.006516,-0.26121,0.80095,0.40914,5.7931,5.0876,6.0038,0.009131,0.010379,0.001251,-0.4098,-0.67692,-0.22522,-0.34304,-5.069,-8.3722,0.003022,-0.006384,-0.014143,-0.28301,0.44494,0.51128,0.069021,-0.007519,-9.7928,0.005911,0.014652,-0.000206,0.36462,0.30913,0.60628,-2.0414,3.3806,9.0584,0.000651,0.000993,-0.011757,0.47821,-0.51627,-0.41133
2.6207,-9.387,1.2244,0.0001,0.009934,-0.011614,-0.26194,0.79961,0.41048,5.7956,5.0875,6.0208,0.00386,0.007608,-0.012947,-0.41102,-0.67666,-0.22569,-0.33819,-5.0569,-8.3699,0.00111,0.002831,-0.008825,-0.28376,0.4451,0.5115,0.098981,-0.022403,-9.7922,-9.2e-05,0.028723,-0.008936,0.36473,0.3066,0.60471,-2.0564,3.3882,9.0283,-0.011084,-0.001733,-0.01174,0.47506,-0.51816,-0.41086
2.6134,-9.3868,1.187,0.000148,0.029827,0.002889,-0.26176,0.8007,0.40885,5.7882,5.1069,6.0135,0.019838,0.010394,0.004721,-0.4084,-0.67689,-0.22594,-0.34795,-5.052,-8.3652,0.003681,-0.002464,-0.003536,-0.28298,0.4452,0.51179,0.068986,-0.007456,-9.8079,0.00094,0.02257,-0.016034,0.36429,0.30637,0.60402,-2.0414,3.388,9.0734,-0.01665,-0.00785,-0.002729,0.47689,-0.51669,-0.4111
2.6059,-9.3793,1.187,-0.006197,0.018951,-0.009841,-0.26066,0.80055,0.40916,5.771,5.107,6.0061,0.021597,-0.007379,-0.006061,-0.40925,-0.67589,-0.22455,-0.3333,-5.0642,-8.3697,-0.004574,0.001374,0.007063,-0.28409,0.44419,0.51253,0.09892,-0.007434,-9.7847,0.015038,0.019901,-0.010758,0.36573,0.3063,0.60528,-2.0414,3.418,9.0436,0.000611,-0.005243,-0.009991,0.4768,-0.51735,-0.41069
2.6357,-9.387,1.1872,0.004761,0.031336,-0.017172,-0.25973,0.79989,0.40893,5.8054,5.0827,6.0135,0.012648,0.001537,0.001176,-0.40971,-0.67716,-0.226,-0.33816,-5.0714,-8.3745,0.010004,-0.001596,-0.007059,-0.28286,0.44651,0.51176,0.068865,0.022482,-9.7929,-0.006332,0.014662,-0.009907,0.36476,0.30695,0.6055,-2.0264,3.4254,9.0289,-0.003865,0.005492,-0.009916,0.478,-0.51759,-0.41251
2.6209,-9.3721,1.1946,0.00379,0.029736,-0.002576,-0.26034,0.79934,0.41013,5.7907,5.102,6.0305,0.018217,0.00399,-0.020197,-0.40883,-0.67635,-0.22663,-0.34303,-5.0714,-8.3697,0.011842,-0.013449,-0.008849,-0.28233,0.4457,0.51206,0.068865,0.022482,-9.7929,-0.002835,-0.008228,-0.009184,0.36445,0.30737,0.60495,-2.0564,3.4031,9.0433,-0.003857,0.009981,-0.009871,0.47612,-0.51576,-0.41234
2.6209,-9.3721,1.1946,0.001013,0.008081,-0.015254,-0.26124,0.80135,0.40859,5.8102,5.0972,6.0136,0.00733,-0.000291,-0.00679,-0.40936,-0.67616,-0.22429,-0.35039,-5.0471,-8.3629,0.003757,-0.004374,-0.007073,-0.2831,0.4431,0.51197,0.083966,-0.014899,-9.8075,-0.002925,-0.002072,-0.003855,0.36449,0.30606,0.60536,-2.0265,3.388,9.0512,-0.006658,-0.005201,-0.006361,0.47646,-0.51748,-0.41177
2.6061,-9.357,1.1722,0.003744,0.02442,0.002917,-0.26052,0.8008,0.40944,5.771,5.1191,6.0111,0.012685,0.007719,0.001208,-0.40964,-0.67615,-0.22457,-0.35283,-5.0471,-8.3654,-0.000631,-0.002682,-0.010608,-0.28231,0.44412,0.51237,0.083962,-0.007461,-9.7925,0.000689,0.012887,-0.005513,0.36395,0.30656,0.60599,-2.0264,3.388,9.0587,-0.009306,-0.000804,-0.009943,0.47517,-0.51736,-0.41101
2.6134,-9.3573,1.217,-0.001701,0.02176,0.0011,-0.25841,0.80094,0.40844,5.7809,5.0973,6.011,0.012569,-0.009072,0.001118,-0.41033,-0.67745,-0.22524,-0.34798,-5.0399,-8.3557,-0.006177,-0.000683,-0.001777,-0.28322,0.44521,0.51203,0.083927,-0.007398,-9.8076,-0.013459,-0.001182,-0.010025,0.36475,0.3076,0.6055,-2.0265,3.388,9.0437,-0.002163,0.004749,-0.002687,0.47534,-0.51657,-0.41048
2.6357,-9.4018,1.1871,0.01279,0.017102,-0.004333,-0.25766,0.80063,0.40982,5.8005,5.0972,6.0306,0.02169,-0.000354,-0.011355,-0.40961,-0.67617,-0.22404,-0.34796,-5.0496,-8.3604,-0.005952,-4.6e-05,-0.012374,-0.28304,0.44522,0.51051,0.083962,-0.007461,-9.7925,0.009489,0.026963,-0.00012,0.36461,0.30761,0.60549,-2.0564,3.4181,9.0433,-0.012083,0.008306,-0.002627,0.47587,-0.51683,-0.41046
2.6357,-9.3796,1.2021,-0.005325,0.02544,0.006552,-0.25776,0.80029,0.40792,5.7614,5.1165,6.0499,0.003788,0.014776,-0.000461,-0.40797,-0.67612,-0.22527,-0.3382,-5.0593,-8.3503,0.001127,-0.011725,-0.008856,-0.28322,0.44521,0.51216,0.098816,0.022474,-9.7623,-0.013578,0.019943,-0.003693,0.36403,0.3061,0.60441,-2.049,3.3732,9.0508,-0.001971,0.00446,-0.017151,0.47619,-0.51684,-0.40979
2.6133,-9.3943,1.2019,0.005563,0.020737,-0.00436,-0.26049,0.8002,0.40728,5.7809,5.102,6.0256,0.007114,-0.017889,0.002896,-0.41019,-0.67582,-0.22724,-0.35281,-5.0471,-8.3825,-0.003115,-0.004748,-0.019447,-0.28141,0.44539,0.51263,0.098824,0.007598,-9.7923,-0.010765,-0.013516,-0.012755,0.36428,0.30613,0.60363,-2.0265,3.373,9.0587,0.000499,0.006624,0.000937,0.47603,-0.51735,-0.41205
2.6059,-9.3793,1.1945,0.019908,0.004711,0.012144,-0.26036,0.8002,0.40728,5.8199,5.0877,5.9796,0.014425,0.005127,0.006518,-0.40918,-0.67717,-0.22584,-0.33329,-5.0666,-8.3819,-0.002731,0.001323,0.004416,-0.28375,0.44392,0.51166,0.098942,-0.014903,-9.7922,-0.011758,0.011135,-0.005528,0.36388,0.30675,0.6044,-2.0265,3.388,9.0437,0.002216,-0.007635,0.004455,0.47474,-0.51552,-0.41106
2.6207,-9.4018,1.2168,0.007425,0.024198,-0.013491,-0.25869,0.80042,0.40829,5.781,5.0777,6.0401,0.009057,0.003314,0.00299,-0.40948,-0.67505,-0.2263,-0.34794,-5.052,-8.3701,0.000867,-0.00958,0.003511,-0.28194,0.44411,0.51213,0.068947,4.4e-05,-9.8079,-0.009926,-0.002058,-0.009146,0.36364,0.3066,0.60505,-2.0564,3.4031,9.0508,-0.002317,-0.004918,0.006306,0.47628,-0.51657,-0.41032
2.6432,-9.3723,1.2023,-0.002493,0.044175,0.001004,-0.25844,0.80017,0.4079,5.776,5.0827,6.0206,0.007362,-0.005673,-0.014829,-0.40884,-0.67661,-0.22676,-0.34305,-5.0666,-8.3649,-0.007145,-0.007855,0.002622,-0.2817,0.44344,0.51191,0.053924,0.022424,-9.7932,-0.003092,-0.002051,0.003213,0.3632,0.30726,0.60476,-2.0264,3.433,9.014,0.003497,-0.005494,-0.022671,0.47602,-0.51589,-0.41194
2.6208,-9.3795,1.202,0.001889,0.013641,-0.000685,-0.25845,0.80109,0.40776,5.7614,5.1164,6.0596,0.012672,0.003258,-0.002373,-0.4083,-0.67668,-0.22409,-0.34794,-5.0495,-8.38,-0.01513,0.00111,-1.7e-05,-0.28112,0.44472,0.51318,0.068883,0.022451,-9.7854,0.000568,-0.006467,-0.002112,0.36406,0.30799,0.60586,-2.0414,3.3881,9.0435,-0.005863,-0.000527,0.00272,0.47686,-0.51721,-0.41162
2.6357,-9.3871,1.217,-0.005277,0.026188,-0.005307,-0.26036,0.8002,0.40728,5.8005,5.102,6.0257,0.010812,-0.003765,0.001165,-0.40893,-0.67584,-0.22598,-0.34062,-5.0666,-8.36,-0.004289,-0.017134,-0.005341,-0.28298,0.4456,0.51178,0.098868,-0.00734,-9.8073,0.002648,0.015513,-0.013437,0.36295,0.30672,0.60541,-2.0265,3.3731,9.0512,-0.004034,-0.000562,0.0009,0.47542,-0.51657,-0.41115
2.6357,-9.3944,1.2021,-0.001747,0.013716,0.002959,-0.25978,0.79992,0.40798,5.7956,5.0972,6.0257,0.008286,0.003199,-0.011227,-0.40902,-0.6758,-0.22757,-0.34796,-5.0496,-8.3604,-0.013374,0.017494,1.8e-05,-0.28193,0.44476,0.51237,0.076335,0.022511,-9.7927,0.00069,0.018173,-0.00547,0.36361,0.30675,0.60452,-2.0265,3.3581,9.0437,0.003253,0.004769,-0.002699,0.47424,-0.51673,-0.40905
2.6358,-9.3574,1.1948,-0.005326,0.015417,-0.006173,-0.25899,0.80083,0.4076,5.7761,5.0971,6.045,0.010855,0.005079,0.002986,-0.40793,-0.67542,-0.22673,-0.35767,-5.0714,-8.3504,-0.005949,-0.013665,-0.011524,-0.28196,0.44451,0.51174,0.068926,0.007513,-9.8004,-0.01006,0.01115,-0.001993,0.36417,0.30776,0.60507,-2.0489,3.3806,9.0583,0.010508,-0.002461,-0.007278,0.47452,-0.51698,-0.41077
2.6208,-9.3795,1.202,0.000174,0.024269,-0.011677,-0.25894,0.80081,0.40855,5.7858,5.1069,6.0208,0.001079,0.001471,-0.007621,-0.40908,-0.67675,-0.2265,-0.34791,-5.0665,-8.3821,-0.007941,-0.019773,-0.000937,-0.28224,0.44531,0.51131,0.076457,-0.007427,-9.8077,-0.001193,0.016417,-0.000195,0.36391,0.30571,0.60454,-2.0264,3.4179,9.0513,0.000648,-0.000804,-0.011777,0.47543,-0.51551,-0.41077
2.6208,-9.3721,1.217,0.000119,0.020805,-0.002541,-0.25922,0.80003,0.40841,5.8005,5.0876,6.0111,0.012581,-0.005517,0.002917,-0.40727,-0.67529,-0.22669,-0.33822,-5.0472,-8.3505,-0.004002,-0.013862,-0.019463,-0.28143,0.44474,0.51214,0.061438,0.007515,-9.808,0.007902,0.015527,-0.009903,0.36504,0.30593,0.60512,-2.0414,3.4256,9.0137,-0.00314,0.010276,0.004593,0.47433,-0.51618,-0.41133
2.6209,-9.3573,1.2022,0.010922,0.015477,0.007528,-0.25973,0.80133,0.40892,5.7809,5.0972,6.0159,0.012772,0.008525,-0.007682,-0.40859,-0.67503,-0.22677,-0.35039,-5.0471,-8.3629,0.003613,-0.00783,-1.5e-05,-0.28217,0.44437,0.51262,0.098824,0.007598,-9.7923,-0.006379,0.01817,-0.007239,0.36429,0.30625,0.60389,-2.0714,3.3882,9.043,-0.02014,0.009981,-0.00711,0.47553,-0.51737,-0.4098
2.6357,-9.3871,1.217,0.00817,0.003769,0.001192,-0.26035,0.80059,0.40755,5.7931,5.0972,6.0208,0.003722,0.005074,0.00038,-0.40846,-0.6749,-0.22677,-0.34303,-5.0714,-8.3697,-0.002471,-0.012615,-0.007097,-0.28093,0.44394,0.51193,0.061551,-0.007548,-9.793,-0.003791,0.014665,-0.003736,0.36394,0.30593,0.60546,-2.0414,3.403,9.0585,-0.005967,0.006826,0.011814,0.4754,-0.51749,-0.41153
2.6208,-9.3721,1.217,0.005551,0.018951,-0.00435,-0.2601,0.80046,0.40715,5.7809,5.1069,6.0305,0.007279,0.003305,0.00123,-0.40844,-0.67439,-0.22625,-0.35771,-5.0422,-8.3656,0.007321,-0.001611,-0.007065,-0.28211,0.44517,0.51133,0.098824,0.007598,-9.7923,-0.008131,0.000566,-0.010009,0.36507,0.30628,0.60604,-2.0265,3.3657,9.0287,-0.013021,-0.006045,-0.002732,0.47517,-0.51684,-0.41102
2.6357,-9.3797,1.2171,0.008262,0.020775,-0.000705,-0.25899,0.80135,0.40773,5.786,5.0873,6.0572,-0.005133,-0.00304,-0.018265,-0.40872,-0.67503,-0.22678,-0.34796,-5.052,-8.3457,0.003708,0.001126,-0.005296,-0.28219,0.4453,0.51234,0.083806,0.022541,-9.7926,0.00049,0.012894,0.003317,0.36323,0.30724,0.60542,-2.0265,3.3731,9.0437,0.001381,-0.009541,-0.000982,0.4746,-0.51525,-0.4112
2.6356,-9.4019,1.2169,0.005598,0.032467,0.001065,-0.25923,0.80082,0.40827,5.7834,5.0778,6.0158,0.00714,-0.010787,0.006487,-0.40847,-0.6762,-0.22727,-0.34062,-5.0617,-8.3601,-0.000662,-0.00628,-0.008847,-0.28182,0.4441,0.51201,0.083884,0.00754,-9.7926,-0.008202,0.014659,-0.005498,0.36295,0.30634,0.60515,-2.0264,3.403,9.0438,-0.007543,0.008277,-0.00446,0.47526,-0.51605,-0.40956
2.6356,-9.4019,1.2244,0.0011,0.031488,-0.008057,-0.2594,0.79901,0.4076,5.7884,5.0729,6.0401,0.003632,-0.006414,0.001205,-0.40831,-0.6753,-0.22649,-0.35281,-5.0568,-8.3677,-0.006154,-0.012504,-0.001804,-0.28195,0.44359,0.51189,0.10637,-0.007374,-9.7921,0.004416,0.02343,-0.012499,0.36348,0.30598,0.60438,-2.0264,3.4029,9.0513,0.014068,0.000326,-0.002757,0.47553,-0.51698,-0.40967
2.6208,-9.3795,1.202,-0.010668,0.037021,-0.001715,-0.25952,0.79874,0.40773,5.803,5.0875,6.0233,-0.001857,-0.014291,0.008326,-0.40841,-0.67571,-0.22609,-0.32843,-5.0618,-8.3746,-0.006079,-0.011694,-0.005328,-0.28325,0.44521,0.51152,0.068961,0.007451,-9.7854,0.002582,0.016411,-0.010779,0.36432,0.3052,0.60416,-2.0264,3.403,9.0438,0.008601,-0.009515,-0.001001,0.47495,-0.5175,-0.41048
2.6431,-9.3871,1.2022,-0.007152,0.02095,0.004745,-0.26127,0.80046,0.40792,5.7858,5.102,6.0354,0.008937,-0.010806,0.004698,-0.40737,-0.6753,-0.22617,-0.33818,-5.0642,-8.3624,-0.009593,0.000921,-0.008842,-0.28305,0.44519,0.51294,0.098898,3.5e-05,-9.7772,-0.013474,0.007615,-0.009079,0.36472,0.3061,0.60431,-2.0414,3.3955,9.051,0.002447,0.005518,-0.009923,0.47478,-0.51605,-0.41065
2.6431,-9.3797,1.2171,-0.001582,0.031391,-0.017179,-0.2617,0.801,0.40749,5.776,5.1093,6.0256,0.012525,-0.014377,0.001091,-0.40657,-0.67491,-0.22587,-0.3431,-5.0399,-8.3605,0.004684,-0.004415,-0.008836,-0.2815,0.44434,0.5133,0.068961,0.007451,-9.7854,-0.011555,0.000581,-0.016185,0.36331,0.30639,0.60371,-2.0564,3.4181,9.0284,-0.017562,0.002087,0.000963,0.47533,-0.51578,-0.41037
2.5858,-9.374,1.1617,0.0024691,0.024235,-0.0071077,-0.28304,0.8029,0.41201,5.7999,5.0942,5.9945,0.019869,-0.0045363,-0.0036076,-0.42002,-0.68961,-0.21624,-0.35461,-5.0507,-8.3556,0.0069177,0.0066507,-0.019524,-0.28324,0.43716,0.49341,0.088116,0.02358,-9.7996,-0.00091485,0.011917,-0.023494,0.3638,0.30572,0.60656,-2.0737,3.4057,9.0309,-0.014963,0.022328,-0.0011264,0.48009,-0.51988,-0.39782
2.5667,-9.4039,1.1796,0.0041593,0.016871,0.025436,-0.26821,0.80795,0.41767,5.7965,5.0881,5.9749,-0.0036649,-0.019861,-0.022666,-0.42949,-0.67114,-0.22136,-0.37745,-5.0566,-8.3549,0.0060099,-0.0041634,-0.024898,-0.27739,0.4569,0.48366,0.072257,0.0031258,-9.7621,-0.0028371,-0.0066283,0.0016082,0.37284,0.32087,0.60939,-2.0647,3.3903,9.05,-0.013185,0.023152,-0.024881,0.47227,-0.50076,-0.40752
2.6373,-9.3849,1.1927,-0.0049739,0.03337,-0.0082389,-0.25452,0.79711,0.38677,5.8203,5.1225,6.0132,0.0022299,-0.00088748,-0.013392,-0.4158,-0.66778,-0.23884,-0.34149,-5.0479,-8.393,0.0126,0.0039502,0.00705,-0.28126,0.45212,0.50702,0.071559,-0.019614,-9.776,-0.0036269,-0.0036534,-0.0060899,0.36237,0.31201,0.59918,-2.0652,3.3843,9.0215,-0.011539,-0.0016386,0.0051383,0.47516,-0.5329,-0.4122
2.621,-9.3586,1.2073,0.0099233,0.0080215,-0.011619,-0.25336,0.8014,0.42342,5.7774,5.0702,5.9885,-0.018915,0.017588,0.02171,-0.4148,-0.67015,-0.23051,-0.351,-5.0627,-8.3984,0.0067286,0.0041678,-0.023018,-0.28251,0.43237,0.51361,0.076761,0.014933,-9.7905,-0.026195,0.0012996,-0.016741,0.37174,0.30397,0.59617,-2.0384,3.3743,9.0242,0.03097,-0.013471,-0.0069589,0.48245,-0.52915,-0.42774
2.5942,-9.3826,1.1981,0.0086174,0.019167,0.008633,-0.25286,0.79395,0.40663,5.7827,5.0819,6.0137,-0.001273,-0.010553,0.010785,-0.41334,-0.67725,-0.2127,-0.35064,-5.0868,-8.3803,0.031157,-0.027813,0.01557,-0.27693,0.43715,0.52145,0.11171,-0.017378,-9.8233,0.025645,0.010175,0.0062866,0.34232,0.30599,0.60558,-2.0066,3.3931,9.0453,0.017476,0.0045928,0.022065,0.49449,-0.52531,-0.40918
2.5839,-9.3712,1.1733,0.0093555,0.022119,-0.0081538,-0.27038,0.81245,0.39992,5.7977,5.0849,5.9864,-0.0024932,0.005002,-0.0016627,-0.41846,-0.68845,-0.21006,-0.3477,-5.0756,-8.3602,-0.010729,0.0080359,0.0040769,-0.28514,0.42807,0.49324,0.10951,-0.0015515,-9.7981,-0.0027446,0.032254,-0.0059525,0.36486,0.32961,0.61344,-2.0558,3.4203,9.0539,-0.0079975,0.0055511,0.012045,0.48226,-0.51389,-0.41349
2.6087,-9.3752,1.198,-1.2426e-05,0.050807,-0.0028531,-0.25873,0.80944,0.40112,5.7368,5.102,5.9489,0.011115,-0.0035533,-0.0063713,-0.40605,-0.67657,-0.23407,-0.34336,-5.0491,-8.3884,0.02418,-0.00074085,2.4246e-06,-0.28196,0.44728,0.50473,0.083269,0.0083399,-9.8056,0.018063,0.01238,-0.013514,0.35473,0.31808,0.59595,-2.0494,3.4387,9.0341,0.0091802,-0.0041495,0.016869,0.49062,-0.51911,-0.41307
2.6232,-9.3799,1.1996,0.016569,0.034565,-0.003709,-0.27152,0.80114,0.39678,5.7787,5.1097,5.9952,0.022721,-0.0020705,-0.015571,-0.39151,-0.67687,-0.24816,-0.35712,-5.0416,-8.3639,0.0088897,-0.0038584,0.0015104,-0.29143,0.44999,0.51164,0.059359,-0.0088563,-9.8029,-0.010642,0.020249,0.01157,0.3734,0.29346,0.60157,-2.0525,3.4043,9.0826,-0.0055112,-0.0062652,-0.0012825,0.47674,-0.51625,-0.39967
2.6259,-9.3728,1.1878,0.0019976,0.040062,-0.0096192,-0.26456,0.80019,0.40888,5.8226,5.1025,6.0149,0.016154,0.012529,0.012245,-0.41147,-0.67848,-0.21191,-0.34378,-5.0501,-8.3928,0.012318,-0.00080908,0.0017524,-0.28138,0.46019,0.5253,0.095769,-0.016695,-9.7874,-0.00062676,0.005091,-0.0061009,0.35959,0.32051,0.6182,-2.0791,3.3815,9.0336,-0.0021265,-0.0047865,-0.0018934,0.47783,-0.51245,-0.41838
2.6005,-9.368,1.2212,0.0030682,0.027925,0.0077613,-0.25577,0.81779,0.41021,5.7837,5.0908,6.0147,0.01974,0.012423,0.0039785,-0.40204,-0.67628,-0.24357,-0.34415,-5.0646,-8.3644,0.011327,0.021601,0.003408,-0.29278,0.44969,0.53613,0.098552,-0.011098,-9.7939,-0.016466,0.0041659,-0.0011529,0.36511,0.31161,0.59702,-2.07,3.393,9.0437,-0.0079604,0.010637,-0.0078067,0.47424,-0.51275,-0.42576
2.6065,-9.361,1.2204,0.0025985,0.025538,-0.012921,-0.26331,0.80615,0.40207,5.754,5.0865,5.9988,0.0059462,-0.0016603,0.00043654,-0.4155,-0.69562,-0.2401,-0.34634,-5.0369,-8.3601,-0.022935,-0.0040656,-0.0089453,-0.26881,0.44449,0.50317,0.095904,0.029595,-9.8027,-1.6356e-05,0.011353,0.0041061,0.37104,0.29365,0.62436,-1.9841,3.3883,9.0385,-0.0013241,0.0042929,-0.0061175,0.4699,-0.51695,-0.42194
2.6031,-9.3507,1.2014,0.0034389,-0.0051596,-0.031943,-0.25992,0.79959,0.41146,5.7672,5.1294,6.01,0.015951,0.022886,-0.0077741,-0.41736,-0.6913,-0.20831,-0.33942,-5.0351,-8.3665,0.0021207,0.0049798,-0.0059796,-0.28587,0.44869,0.52222,0.11314,0.0031513,-9.7904,-0.0020302,-0.016231,0.0026824,0.36198,0.32385,0.59573,-2.0403,3.4385,9.0534,-0.0050549,-0.0083054,0.0030953,0.47535,-0.52899,-0.39672
2.6114,-9.4046,1.2012,0.022213,0.023994,0.00092128,-0.24765,0.79898,0.40549,5.7898,5.0857,6.0202,0.0057189,0.011504,-0.0083625,-0.41851,-0.69175,-0.23645,-0.34107,-5.0603,-8.3643,0.0075827,-0.0014075,-0.03275,-0.27623,0.43556,0.51982,0.056799,0.0081938,-9.783,-0.0077436,0.022955,-0.0067612,0.38119,0.30273,0.59611,-2.0826,3.3668,9.0534,-0.012094,-0.0021152,-0.0066908,0.4641,-0.5194,-0.39553
2.6348,-9.3797,1.1749,-0.00091461,0.020745,-0.0078249,-0.26606,0.79238,0.40788,5.8051,5.1007,6.0364,0.012643,0.0081805,-0.023364,-0.40055,-0.68801,-0.2028,-0.34528,-5.0607,-8.3884,0.0086199,-0.0030963,0.00081235,-0.2647,0.44059,0.5205,0.070327,0.0025295,-9.7812,0.0010554,0.011657,-0.015338,0.34799,0.29016,0.61671,-2.0636,3.379,9.044,-0.01311,0.0019167,0.01487,0.46105,-0.53012,-0.41532
2.627,-9.4051,1.2067,-0.0074358,0.01102,0.006022,-0.27139,0.80124,0.41256,5.777,5.1283,5.9971,-0.015309,0.011916,0.014689,-0.4021,-0.68593,-0.23528,-0.34236,-5.0694,-8.379,-0.010124,0.01224,-9.2102e-06,-0.27907,0.44545,0.51366,0.060187,-0.0095714,-9.788,0.018058,-0.010638,0.009047,0.37877,0.31812,0.60806,-2.0443,3.3795,9.0387,0.011804,0.0056957,0.0082053,0.46271,-0.52107,-0.40043
2.6293,-9.3928,1.172,0.0011887,0.012976,-0.012986,-0.27413,0.78346,0.41947,5.7677,5.1005,6.0111,-0.016136,-0.011947,0.020349,-0.40511,-0.6857,-0.218,-0.34808,-5.0507,-8.3887,-0.025474,-0.015419,-0.0054644,-0.27782,0.43221,0.51328,0.065144,0.0095917,-9.7982,-0.018518,0.019118,0.00091098,0.36601,0.32182,0.59811,-2.017,3.3899,9.0639,-0.0059279,-0.00016519,-0.015149,0.46599,-0.50482,-0.40596
2.6078,-9.4066,1.2148,-0.0024643,0.0096894,-0.0020276,-0.26183,0.81498,0.39354,5.8089,5.1064,5.9982,0.016805,-0.0079452,-0.0045377,-0.41321,-0.69237,-0.22898,-0.35648,-5.0578,-8.3503,-0.0043659,-0.029713,-0.0057441,-0.29574,0.45698,0.5067,0.0647,-0.012282,-9.8121,0.0068612,0.0051417,-0.025624,0.36584,0.30611,0.58251,-2.0479,3.4455,9.0516,-0.0092551,-0.0017952,-0.0097272,0.49204,-0.50677,-0.4084
2.6249,-9.382,1.1945,0.010818,0.031535,0.00079889,-0.24499,0.80009,0.40364,5.7783,5.0723,5.9947,-0.0057423,0.025263,-0.024854,-0.39529,-0.67301,-0.21193,-0.35299,-5.0483,-8.3615,-0.019789,0.016039,-0.01815,-0.28614,0.44088,0.50707,0.10904,-0.031558,-9.815,0.015767,-0.008839,-0.0070215,0.36324,0.29545,0.62706,-2.063,3.3851,9.064,-0.0070852,0.0059022,-0.020304,0.4863,-0.52236,-0.42169
2.642,-9.374,1.2042,0.011359,0.027113,-0.004538,-0.27234,0.80293,0.41082,5.8042,5.0612,6.0177,0.016331,-0.021641,-0.013112,-0.41049,-0.66667,-0.23214,-0.34188,-5.0606,-8.3855,0.0063182,-0.012095,-0.0032048,-0.29144,0.43692,0.52032,0.074223,-0.0095042,-9.7617,-0.017011,-0.013608,-0.012334,0.38421,0.30125,0.61728,-2.0368,3.3992,9.0614,0.0006261,-0.009125,-0.015303,0.46058,-0.52638,-0.39833
2.6281,-9.3816,1.2069,-0.011518,-0.0067363,-0.0026488,-0.25969,0.79455,0.38964,5.7701,5.102,6.0164,0.0098599,0.0069736,-0.0032849,-0.41354,-0.66729,-0.22729,-0.33122,-5.0753,-8.339,-0.0064817,0.014386,-0.030879,-0.28931,0.4423,0.50608,0.10469,-0.0056941,-9.7839,-0.0037759,0.023006,-0.023844,0.36358,0.31841,0.60495,-2.0361,3.3657,9.0047,-0.010589,-0.010825,-0.001289,0.47333,-0.51278,-0.41493
2.61,-9.3982,1.1976,0.017292,0.029429,-0.012765,-0.24994,0.80152,0.3983,5.7909,5.0914,6.0194,0.011957,0.0062004,0.00021608,-0.40489,-0.68275,-0.2268,-0.34898,-5.0339,-8.3652,-0.011559,-0.0087222,-0.0082103,-0.27658,0.44334,0.51296,0.071429,0.030572,-9.7676,0.0022944,0.016777,-0.019413,0.36934,0.3189,0.60903,-2.0242,3.375,9.0603,-0.0067088,0.0065216,0.0014738,0.47127,-0.52238,-0.41207
2.5986,-9.3561,1.1966,0.0089234,0.0090018,0.00023403,-0.26767,0.79995,0.40659,5.7839,5.1005,6.0035,0.0090173,0.0079282,-0.0082779,-0.40798,-0.69311,-0.22702,-0.34943,-5.0715,-8.345,-0.001815,0.005869,0.023022,-0.25878,0.44044,0.5048,0.075489,0.011643,-9.8107,-0.032643,0.019463,-0.013225,0.35837,0.30183,0.61174,-2.0582,3.4251,9.0487,-0.0056942,0.025326,-0.030141,0.47316,-0.52051,-0.40981
2.642,-9.3792,1.2125,0.0093733,0.012733,-0.0082406,-0.27208,0.79267,0.39378,5.7952,5.1098,6.0134,0.014427,0.0062108,0.0091366,-0.41291,-0.6785,-0.24397,-0.32243,-5.064,-8.3837,-0.00079196,-0.0061239,-0.016784,-0.28127,0.45086,0.50565,0.090609,-0.0039677,-9.7854,-0.010689,0.0055339,-0.0044846,0.38571,0.32152,0.60397,-2.0267,3.4249,9.0458,-0.0058261,-0.020655,0.014822,0.47627,-0.50521,-0.42345
2.6511,-9.3674,1.2112,0.020949,0.006077,-0.0042637,-0.24423,0.80368,0.41029,5.7958,5.0997,6.012,-0.006135,0.0007648,0.017133,-0.4244,-0.67317,-0.22171,-0.33966,-5.0531,-8.4015,0.0024488,-0.018095,-0.0036169,-0.29343,0.44672,0.51236,0.092922,-0.0093999,-9.7859,-0.010635,0.021334,0.022992,0.35572,0.31051,0.61643,-2.0299,3.3911,9.0505,-0.0016766,0.00046975,-0.004093,0.48287,-0.50466,-0.42196
2.6206,-9.3694,1.2062,0.0021605,0.047095,-0.010938,-0.2699,0.79392,0.40943,5.7942,5.0852,6.0378,0.0053325,-0.0018027,0.013423,-0.40364,-0.68296,-0.22707,-0.34921,-5.0815,-8.3621,-0.015399,-0.0068604,-0.0048542,-0.28164,0.44812,0.51707,0.093095,-0.017539,-9.8023,-0.0029759,0.017208,-0.013522,0.35539,0.3066,0.60844,-2.0417,3.4137,9.0601,0.005724,0.015619,-0.030135,0.48675,-0.51421,-0.3937
2.5925,-9.3668,1.1875,0.0069105,0.027611,0.0097933,-0.24631,0.79922,0.41422,5.8122,5.1033,6.0088,0.020595,0.0085832,-0.0043854,-0.4133,-0.66226,-0.22376,-0.32738,-5.0485,-8.3791,0.0040875,0.0070692,-0.033963,-0.28361,0.45117,0.515,0.1001,0.0011792,-9.7855,-0.0056764,0.02892,-0.013785,0.35176,0.29542,0.61778,-2.0639,3.3725,9.0709,0.020526,-0.017952,-0.0085265,0.48164,-0.51474,-0.40874
2.6346,-9.3729,1.1901,-0.00034053,0.032981,0.000828,-0.25458,0.80538,0.4013,5.8357,5.0868,5.9984,-0.0012234,0.0026178,0.0031101,-0.39286,-0.68522,-0.23511,-0.34824,-5.0727,-8.3884,0.0089798,-0.02042,-0.0030344,-0.28455,0.4529,0.51997,0.069622,0.0074186,-9.8033,-0.021184,0.023997,-0.0023933,0.35476,0.30389,0.62211,-2.0531,3.4167,9.0731,0.0088058,-0.011001,-0.00054992,0.46381,-0.52118,-0.40866
2.6116,-9.3533,1.2262,0.020748,0.042499,0.0017218,-0.25157,0.80736,0.41156,5.8469,5.1023,6.0278,0.0087266,-0.0027868,-0.021214,-0.41253,-0.68895,-0.24211,-0.33326,-5.0439,-8.3731,-0.0036466,0.015941,0.0089491,-0.27163,0.45479,0.51678,0.078043,0.032496,-9.8045,-0.0037184,0.0091436,-0.003314,0.38473,0.32688,0.58899,-2.0365,3.389,9.0183,0.01528,-0.0025252,-0.012679,0.47083,-0.52643,-0.40951
2.5952,-9.3757,1.1996,0.014496,0.030578,-0.0033667,-0.25224,0.80088,0.41439,5.7913,5.1018,6.0045,0.00059283,0.0055543,-0.0077263,-0.40862,-0.67081,-0.24352,-0.3243,-5.0534,-8.3932,0.010695,-0.0038886,-0.0039244,-0.26437,0.44921,0.52497,0.064664,-0.0022239,-9.802,-0.012139,-0.0064592,0.010908,0.36647,0.29406,0.60725,-2.0227,3.4237,9.039,0.001272,0.010603,-0.0040761,0.48474,-0.51903,-0.40174
2.5869,-9.3909,1.2023,0.013202,0.019136,-0.017354,-0.24761,0.80466,0.40371,5.8383,5.1309,5.9973,0.0088326,0.004421,0.0067558,-0.39955,-0.67322,-0.23723,-0.35489,-5.0774,-8.3658,0.023087,-0.019135,0.0017266,-0.2753,0.43507,0.51309,0.070205,0.00078422,-9.7947,-0.0045645,-0.006003,0.0039571,0.36711,0.29443,0.6078,-2.0547,3.4259,9.0086,-0.019624,0.0020878,0.0047159,0.47779,-0.51193,-0.40851
2.6191,-9.3639,1.181,0.019823,0.024729,-0.0037,-0.27649,0.78911,0.41163,5.7761,5.0864,6.0026,0.0050165,0.0047846,-0.0127,-0.42932,-0.66067,-0.20154,-0.34084,-5.0715,-8.3597,-0.0015417,0.00096295,-0.032681,-0.29299,0.44341,0.50237,0.061518,-0.00054563,-9.8017,0.0058265,0.015308,0.00066185,0.35629,0.30579,0.60525,-2.0487,3.4154,9.0342,0.00041924,-0.019237,-0.012654,0.4762,-0.51874,-0.40082
2.6341,-9.4076,1.1912,-0.0036225,0.042653,-0.0083638,-0.2516,0.79453,0.39213,5.7858,5.0836,6.029,0.0088229,0.010132,0.011892,-0.40079,-0.6795,-0.20918,-0.33807,-5.0813,-8.3623,0.017804,-0.011302,-0.020046,-0.28238,0.42955,0.51682,0.097644,-0.0019471,-9.7909,-0.0040637,0.0020866,-0.0059197,0.37119,0.29189,0.60018,-2.0313,3.383,9.0429,0.0050808,-0.013261,-0.0015556,0.47484,-0.5272,-0.41482
2.633,-9.3742,1.1653,0.0069343,0.011385,0.00058149,-0.25874,0.79479,0.40939,5.8594,5.0923,6.0049,0.033798,-0.0017559,-0.0026677,-0.40342,-0.6853,-0.22562,-0.35284,-5.0459,-8.3694,-0.0095613,0.0087186,0.0082235,-0.30172,0.45524,0.51961,0.079168,0.017383,-9.7649,0.0044518,0.021482,-0.0039818,0.36617,0.31615,0.59757,-2.0327,3.3904,9.0719,-0.016458,0.018496,-0.031873,0.48627,-0.53123,-0.4259
2.6312,-9.3618,1.1617,0.025325,0.019537,-0.0039385,-0.27258,0.79301,0.40711,5.8178,5.1136,6.0195,0.019617,0.0031088,0.025703,-0.4062,-0.68388,-0.23192,-0.35174,-5.0365,-8.3644,0.0080514,-0.0003136,0.00037077,-0.29001,0.44155,0.51765,0.11138,-0.012891,-9.7942,0.012175,0.015162,-0.016709,0.35496,0.29623,0.61463,-2.0492,3.3768,9.0266,-0.016222,-0.0022401,-0.028918,0.45306,-0.50597,-0.39095
2.596,-9.3535,1.2224,-0.00032976,0.016628,-0.0023556,-0.25726,0.81006,0.39719,5.778,5.0975,6.0234,0.023641,-0.00017737,0.018335,-0.41102,-0.69538,-0.23943,-0.32713,-5.029,-8.3701,-0.022156,-0.0006688,-0.0059427,-0.28132,0.43277,0.52625,0.056396,-0.012272,-9.7962,0.011962,0.0021799,-0.008644,0.3642,0.30753,0.60419,-2.0752,3.4299,9.0466,-0.0080574,0.0086763,0.0064961,0.48015,-0.50636,-0.40837
2.6084,-9.3594,1.187,0.0022397,0.023035,0.014028,-0.24019,0.80581,0.41582,5.7844,5.1008,6.0264,-0.029665,0.0064831,-0.0091344,-0.41082,-0.68467,-0.21838,-0.34189,-5.0568,-8.3736,-0.0092094,0.0086008,-0.02439,-0.28309,0.43818,0.52836,0.081215,-0.0063795,-9.7953,-0.01285,0.019711,-0.011069,0.35562,0.30883,0.60962,-2.036,3.3684,9.0341,-0.0028675,-0.0031354,0.00041346,0.48837,-0.5198,-0.39904
2.5957,-9.3731,1.2077,-0.0010701,0.021451,-0.010478,-0.24445,0.79989,0.39464,5.783,5.1175,6.0519,0.014313,0.025811,-0.0019719,-0.41418,-0.68993,-0.23675,-0.33015,-5.0697,-8.3591,0.0080858,-0.0056792,-0.0033022,-0.28276,0.44788,0.51594,0.081904,-0.0058601,-9.7878,0.0015321,-0.0077582,-0.011864,0.35427,0.29609,0.59334,-2.0049,3.3594,9.029,-0.0018198,0.016698,0.00055126,0.47407,-0.52485,-0.41341
2.6312,-9.395,1.1996,0.0073986,0.04209,-0.00155,-0.28033,0.78421,0.40083,5.8401,5.0961,6.0176,-0.010681,-0.034027,0.021895,-0.40151,-0.66879,-0.22212,-0.35708,-5.0391,-8.3673,-0.0065111,0.0055543,0.00051372,-0.28879,0.44587,0.51973,0.070047,0.045431,-9.7775,0.018174,-0.010163,0.0037861,0.37572,0.29881,0.62622,-2.0602,3.3693,9.0453,-0.0014156,-0.0023168,-0.023024,0.45895,-0.50831,-0.39776
2.6128,-9.4001,1.1888,-0.017689,-0.0018209,-0.0069216,-0.25067,0.80003,0.40992,5.7899,5.0925,5.9997,0.01122,-0.00067432,0.0011004,-0.39612,-0.66558,-0.20201,-0.32085,-5.0537,-8.3766,0.0034467,0.0035826,-0.0044124,-0.27519,0.45359,0.50286,0.084498,0.019821,-9.7831,-0.006819,-0.030948,-0.011016,0.37366,0.3024,0.60698,-2.0263,3.4074,9.0503,0.0035107,-0.0010076,-0.014485,0.48039,-0.50244,-0.39807
2.6251,-9.3814,1.2159,0.015275,0.03794,-0.0090214,-0.26031,0.79609,0.39684,5.7779,5.0852,6.0426,0.026755,0.0056845,-0.0071148,-0.39792,-0.6737,-0.22739,-0.33722,-5.0639,-8.3536,-0.0044308,0.012355,-0.0067227,-0.26415,0.44131,0.51827,0.0801,-0.00052046,-9.7845,0.010773,0.030788,-0.010614,0.37308,0.31241,0.60009,-2.0476,3.4362,9.0817,-0.0064766,-0.021722,-0.015971,0.46635,-0.50953,-0.42379
2.6081,-9.386,1.2348,0.025623,0.01287,-0.0098706,-0.25869,0.79113,0.38842,5.8073,5.0893,6.0275,0.0075749,0.0064163,-0.0080409,-0.42251,-0.70112,-0.20387,-0.3417,-5.0763,-8.3592,-0.014842,-0.004899,-0.0088254,-0.28165,0.44241,0.50497,0.096812,-0.022067,-9.8006,-0.010295,0.015698,0.016818,0.37848,0.31552,0.61719,-2.0274,3.3839,9.0463,-0.022845,-0.00096111,-0.0082261,0.46021,-0.5186,-0.40781
2.637,-9.3703,1.1946,-0.0017063,0.028811,-0.0023413,-0.26808,0.80784,0.40664,5.809,5.1271,6.0501,0.0047868,0.02488,-0.0066841,-0.4208,-0.66487,-0.21993,-0.34615,-5.0462,-8.3589,0.014818,-0.0041011,0.0049602,-0.27786,0.43228,0.51954,0.089262,-0.019549,-9.8189,-0.0064559,0.012685,-0.0040429,0.34682,0.31582,0.59682,-2.0285,3.3849,9.0352,-0.006735,0.0077513,0.0068166,0.49158,-0.52799,-0.41921
2.6245,-9.3587,1.2253,-0.0023544,0.043844,0.008735,-0.25303,0.78787,0.40014,5.8027,5.1142,6.0495,-0.025754,-0.0071825,-0.027686,-0.41937,-0.66593,-0.2247,-0.35822,-5.0689,-8.38,-0.014,-0.011217,-0.013982,-0.29804,0.45345,0.51291,0.10648,-0.013979,-9.7974,-0.014986,0.020099,-0.027448,0.35035,0.30668,0.5998,-2.0563,3.3558,9.0479,0.010858,-0.022981,-0.010978,0.47987,-0.51207,-0.40645
2.6219,-9.4015,1.1973,-0.0059178,0.0097423,-0.0064826,-0.2546,0.81503,0.40899,5.7693,5.0968,6.0211,0.026237,-0.011235,-0.013491,-0.40373,-0.6786,-0.20662,-0.31503,-5.0483,-8.3734,-0.0091721,-0.010375,-0.0032407,-0.28578,0.45665,0.53315,0.077482,0.016712,-9.789,-0.019137,0.012645,-0.0050502,0.36564,0.29605,0.60683,-2.0323,3.3952,9.0657,0.027696,0.0024806,-0.0019784,0.4707,-0.52815,-0.42121
2.5867,-9.3558,1.21,-0.0092329,0.016977,-0.022432,-0.25649,0.79832,0.40314,5.8082,5.0939,6.0441,0.013175,0.026399,-0.0037882,-0.40226,-0.69043,-0.22589,-0.34934,-5.0908,-8.3705,-0.015353,0.0048796,-0.037893,-0.29406,0.43031,0.53238,0.050746,0.0083419,-9.816,-0.010835,0.023881,-0.0067287,0.38456,0.29589,0.61747,-2.041,3.4175,9.0357,-0.00028394,0.013792,-0.0013297,0.48896,-0.49494,-0.40108
2.5996,-9.3663,1.2086,0.0061266,0.019062,0.010139,-0.26732,0.79535,0.41402,5.7946,5.1079,6.026,0.012622,0.030301,-0.011681,-0.42088,-0.68134,-0.23664,-0.33985,-5.0788,-8.3719,-0.010276,0.01062,0.0010725,-0.27746,0.45117,0.50923,0.075958,-0.0067928,-9.7964,0.0069727,0.021652,-0.0018608,0.3644,0.30104,0.61318,-2.0631,3.4519,9.0588,0.00063807,0.0099429,0.023585,0.4875,-0.52024,-0.42564
2.6299,-9.3778,1.1969,0.0005289,0.0093452,-0.01709,-0.2666,0.8088,0.40592,5.794,5.0844,5.9906,0.022253,-0.019301,-0.012195,-0.3958,-0.67867,-0.22769,-0.34456,-5.0684,-8.3868,0.0099795,0.0073917,-0.0045031,-0.27256,0.44079,0.5192,0.088189,0.022609,-9.8036,0.00098298,-0.00021589,-0.0038497,0.34994,0.31371,0.61529,-2.0392,3.3906,9.004,-0.014042,-0.0011771,-0.02888,0.48866,-0.50204,-0.42392
2.6363,-9.3951,1.2006,0.0050088,0.026822,-0.0041923,-0.26663,0.81038,0.405,5.8038,5.1025,6.0281,0.024501,0.018678,0.0078569,-0.40273,-0.65813,-0.23149,-0.33908,-5.0507,-8.3729,0.0016414,-0.0083127,0.0035649,-0.27513,0.45111,0.51552,0.074713,0.022315,-9.7759,0.021281,-0.0018168,-0.0073741,0.38185,0.30217,0.59876,-2.0175,3.3891,9.041,0.0062907,0.0018713,0.018085,0.46898,-0.51563,-0.41482
2.6178,-9.3772,1.2201,0.0065118,0.026677,0.009065,-0.24726,0.80782,0.41106,5.7498,5.0938,6.0086,-0.0079056,0.013139,-0.0075586,-0.41194,-0.68752,-0.21587,-0.35254,-5.058,-8.3511,0.015288,0.0052637,0.0013322,-0.28611,0.43929,0.52054,0.061235,0.029426,-9.795,0.0068126,0.0081214,0.020962,0.37584,0.30952,0.61871,-2.0421,3.3726,9.0429,0.0036266,0.0016268,0.0061203,0.48841,-0.52341,-0.40648
2.6077,-9.3932,1.2184,0.01154,-5.1175e-05,-0.011686,-0.26681,0.79853,0.4187,5.8044,5.1037,6.0337,-0.0013515,-0.0030124,6.1889e-06,-0.41015,-0.67452,-0.21664,-0.36573,-5.0602,-8.3683,0.0047195,-0.013956,-0.010858,-0.27683,0.42427,0.50948,0.058921,-0.0074923,-9.7749,0.004866,0.021349,0.00042388,0.36415,0.31591,0.61007,-2.0322,3.3833,9.027,0.027283,0.0036989,0.0072587,0.47177,-0.52218,-0.39753
2.6164,-9.3554,1.2201,0.00033876,0.034413,0.021733,-0.26845,0.79722,0.40687,5.7851,5.0649,6.0592,0.022422,-0.003786,0.0029901,-0.41118,-0.67829,-0.22095,-0.35866,-5.0516,-8.3831,-0.0084169,-0.031087,-0.0034337,-0.27459,0.43453,0.5219,0.051809,0.015249,-9.7758,0.011162,0.0027112,0.00025312,0.37285,0.31705,0.6034,-2.0193,3.4033,9.0579,-0.0034776,-0.0070968,-0.009556,0.46455,-0.50951,-0.40907
2.6447,-9.3747,1.1992,0.015875,0.041417,-0.00073759,-0.25009,0.79734,0.40827,5.8149,5.086,6.0182,0.0065943,-0.01233,-0.0050518,-0.39884,-0.66743,-0.23269,-0.35965,-5.0719,-8.3401,-0.010183,-0.027894,-0.021867,-0.27347,0.45394,0.52262,0.089448,0.006004,-9.7892,-0.0012443,-0.01726,-0.013549,0.3765,0.30361,0.62815,-2.0324,3.3993,9.0586,0.012211,0.016754,-0.024944,0.49071,-0.51259,-0.39475
2.6011,-9.3489,1.2362,0.0085013,0.010567,0.025524,-0.24429,0.79323,0.39869,5.7765,5.0746,6.036,0.0076338,-0.016376,0.015346,-0.40845,-0.67436,-0.23599,-0.34931,-5.076,-8.3832,-0.016085,-0.0034993,-0.018269,-0.2787,0.42868,0.51728,0.061885,-0.022619,-9.8034,0.0044475,-0.0080268,-0.0090202,0.35188,0.28866,0.60551,-2.0389,3.4098,9.0206,-0.025104,-0.027038,-0.0080061,0.46912,-0.51721,-0.41453
2.6313,-9.3465,1.1911,0.011787,0.02974,0.0023036,-0.2702,0.80642,0.40738,5.774,5.0909,6.0109,0.013331,-0.022667,0.0052501,-0.42237,-0.6653,-0.22079,-0.34962,-5.0505,-8.3883,-0.025562,-0.018118,-0.013843,-0.27144,0.43339,0.50618,0.090193,0.0055979,-9.7558,-0.011053,0.0065561,0.010138,0.35449,0.29307,0.60925,-2.062,3.3928,9.0455,-0.0035883,-0.019577,-0.014823,0.46991,-0.53677,-0.41963
2.6464,-9.3982,1.1773,0.0039906,0.016617,0.0053009,-0.26584,0.80354,0.40156,5.8222,5.1003,6.0301,0.011557,0.0017509,0.0070418,-0.43463,-0.67188,-0.21284,-0.35555,-5.0419,-8.3697,0.013153,-0.00091994,-0.017132,-0.28606,0.46212,0.51955,0.091928,0.01342,-9.7743,0.020055,-0.028697,-0.014369,0.36416,0.31862,0.61474,-2.0776,3.3992,9.0538,-0.017096,-0.024899,0.013314,0.48633,-0.53969,-0.43214
2.654,-9.3727,1.2274,-0.020187,0.024052,-0.0056956,-0.23743,0.79063,0.41735,5.7486,5.0969,6.0475,0.0012613,-0.028282,-0.001937,-0.4094,-0.69561,-0.22138,-0.3511,-5.0444,-8.3382,0.014934,0.0023888,-0.021891,-0.29846,0.43484,0.50084,0.08902,-0.019309,-9.7922,-0.0021479,0.00031737,-0.0053674,0.38976,0.31681,0.614,-2.06,3.4092,9.0364,0.0014854,-0.0209,-0.0088963,0.45371,-0.51042,-0.405
2.623,-9.3863,1.1575,-0.017174,0.026203,0.0025395,-0.24971,0.7883,0.408,5.7705,5.0933,6.0055,0.016852,-0.0094192,-0.0093452,-0.41027,-0.67031,-0.22619,-0.36069,-5.0737,-8.3785,0.0016196,-0.0014201,0.024337,-0.29543,0.45562,0.48582,0.10984,0.021601,-9.8345,-0.0050153,-0.016847,-0.010294,0.35973,0.2809,0.60599,-2.0725,3.3977,9.0497,-4.5272e-05,-0.010134,0.0045158,0.4792,-0.49836,-0.40885
2.618,-9.3762,1.1784,-0.0083858,0.007225,0.0010909,-0.26849,0.80869,0.40377,5.8204,5.0936,5.9773,0.0045837,-0.021509,0.011916,-0.41645,-0.67842,-0.21637,-0.35785,-5.0616,-8.3561,0.025137,-0.0065235,-0.033043,-0.27776,0.44817,0.51278,0.082531,0.01761,-9.7862,0.015511,0.011882,-0.015055,0.3706,0.3047,0.60766,-2.0366,3.3781,9.0286,0.020642,0.00484,-0.0048537,0.49264,-0.51219,-0.41065
2.6296,-9.3967,1.2033,0.025198,0.018656,-0.0020517,-0.2582,0.7913,0.41522,5.7721,5.1282,6.0127,0.013563,0.015497,-0.013911,-0.41152,-0.68426,-0.22364,-0.34044,-5.0378,-8.3731,-0.00036474,-0.01294,0.022097,-0.26792,0.45013,0.50223,0.10944,0.0035792,-9.8105,-0.02356,0.011101,-0.0025015,0.34225,0.33601,0.60617,-1.9994,3.3545,9.0419,0.010331,0.011158,-0.0059283,0.46134,-0.52395,-0.41121
2.6444,-9.3809,1.2085,0.0016024,-0.01098,-0.015809,-0.25754,0.77899,0.40063,5.7754,5.0835,5.9768,0.014239,0.020221,0.001638,-0.39055,-0.67456,-0.22507,-0.36245,-5.0473,-8.3687,0.044783,-0.011967,0.010309,-0.28693,0.4583,0.5098,0.062988,0.006051,-9.799,-0.015381,0.015117,0.0068201,0.37841,0.32564,0.59884,-2.05,3.3883,9.0562,-0.0031588,-0.017558,0.00088342,0.4987,-0.5105,-0.4041
2.6194,-9.3816,1.2024,0.0079161,0.02959,0.0072476,-0.24928,0.81107,0.4012,5.7584,5.0783,6.0032,-0.0051253,0.0014177,0.020017,-0.37751,-0.67572,-0.21851,-0.33163,-5.0718,-8.3662,0.014329,0.0042109,0.012084,-0.2946,0.43472,0.49975,0.090141,0.017058,-9.7802,0.0043824,0.024241,-0.034716,0.35004,0.28727,0.60527,-2.0267,3.4117,9.0382,-0.00025861,0.04122,-0.028959,0.494,-0.49635,-0.41108
2.6448,-9.3839,1.1848,0.0059624,0.028032,0.0077171,-0.27502,0.80221,0.40848,5.7876,5.0815,5.9801,-0.0047304,0.011528,-0.010855,-0.41913,-0.66654,-0.2363,-0.34269,-5.0609,-8.3753,0.028183,-0.0052289,0.0061095,-0.28224,0.45259,0.51523,0.059183,0.022567,-9.7882,-0.016795,-0.01031,-0.034854,0.35437,0.32701,0.62617,-2.0594,3.4326,9.0294,-0.0050807,0.010326,0.0032087,0.47843,-0.51352,-0.39067
2.6363,-9.3766,1.2106,0.013532,0.036541,0.001433,-0.25831,0.80049,0.41654,5.7919,5.1131,5.9354,0.011307,-0.024865,0.0081166,-0.4044,-0.69662,-0.21677,-0.33445,-5.048,-8.357,-0.0063513,0.022422,0.0059644,-0.29447,0.43133,0.50786,0.059939,-0.0013454,-9.8052,-0.017949,-0.0080175,-0.0053998,0.35444,0.30137,0.59486,-2.0855,3.4019,9.0272,-0.011615,0.027021,-0.0054309,0.45666,-0.50544,-0.41287
2.6249,-9.3558,1.2115,0.012905,0.032138,0.0086782,-0.23804,0.7944,0.40167,5.7753,5.113,6.0027,0.019252,0.0023625,-0.0031064,-0.42752,-0.67899,-0.21538,-0.3604,-5.0387,-8.3908,-0.0048327,-0.0064744,0.019251,-0.27277,0.44152,0.49441,0.06319,0.023291,-9.8029,-0.021487,-0.015463,-0.019288,0.356,0.28302,0.61721,-2.058,3.386,9.0415,-0.0028509,-0.0092718,-0.040178,0.47397,-0.507,-0.41626
2.6113,-9.3827,1.1868,-0.00335,0.047298,-0.010986,-0.27363,0.79257,0.39311,5.7694,5.1014,5.9967,0.021299,0.011214,0.0017809,-0.41191,-0.66081,-0.23297,-0.35567,-5.0648,-8.3824,0.014625,0.0055394,0.0091807,-0.28229,0.44481,0.51258,0.12147,-0.0045079,-9.7814,0.035458,-0.019247,-0.018573,0.37276,0.32034,0.60826,-1.9805,3.391,8.9982,0.035219,-0.0016234,0.024142,0.4753,-0.51168,-0.39543
2.6388,-9.3731,1.2179,0.013823,0.031128,0.01403,-0.2833,0.78942,0.4054,5.8063,5.1005,6.0102,-0.020655,0.011616,0.011736,-0.42109,-0.67247,-0.22337,-0.33999,-5.0581,-8.3874,-0.026311,-0.024499,0.0018835,-0.27473,0.44674,0.50016,0.10292,-0.0015548,-9.792,0.001423,0.033641,-0.00824,0.35778,0.31286,0.5989,-2.051,3.403,9.0229,0.016474,7.7681e-05,-0.011464,0.45981,-0.55128,-0.419
2.6334,-9.376,1.2352,0.0064449,0.036833,-0.0089559,-0.26334,0.78672,0.42484,5.7438,5.0769,6.0038,0.0074837,-0.018829,-0.0047136,-0.42291,-0.67424,-0.20561,-0.34743,-5.0315,-8.3771,-0.0094563,0.015673,-0.03613,-0.26921,0.43425,0.49581,0.086756,0.017694,-9.7851,0.018711,0.011572,-0.0045751,0.38913,0.28745,0.61175,-2.0834,3.4477,9.0438,-0.012479,-0.0033804,0.011504,0.45427,-0.52184,-0.41763
2.5837,-9.3823,1.1977,0.01935,0.019146,-0.01238,-0.24721,0.78534,0.39101,5.8005,5.1413,6.0267,0.0091092,0.017236,0.0040834,-0.41336,-0.67821,-0.23272,-0.33696,-5.0296,-8.4043,-0.0038354,-0.001283,0.0066399,-0.30377,0.44152,0.51008,0.057033,-0.010983,-9.7964,-0.0066756,0.0079071,-0.031905,0.33614,0.31793,0.60165,-2.0641,3.3667,9.0588,0.024638,-0.023796,0.0048717,0.46864,-0.52885,-0.43761
2.5715,-9.3575,1.2018,0.0059109,0.020611,0.01012,-0.22792,0.79486,0.43103,5.7851,5.0819,6.0039,0.0025635,0.012125,-0.015178,-0.3912,-0.68662,-0.22949,-0.33522,-5.0687,-8.3602,-0.0025293,-0.0024139,-0.00047064,-0.29231,0.44335,0.51097,0.097049,-0.0040035,-9.8281,-0.0044112,0.041022,0.0073795,0.38571,0.31524,0.59614,-2.0404,3.3734,9.0249,0.0048306,-0.0057487,0.033304,0.47025,-0.51426,-0.39479
2.6341,-9.3665,1.1729,0.003979,0.037963,-0.021864,-0.26245,0.78007,0.38119,5.7843,5.115,6.0243,0.0069003,0.0075244,-0.0081784,-0.41744,-0.70254,-0.21094,-0.34542,-5.0513,-8.3971,-0.021564,-0.014001,0.021246,-0.28184,0.44557,0.52445,0.090182,0.01606,-9.8212,-0.0015463,0.024545,-0.017738,0.36809,0.31406,0.60741,-2.0257,3.3701,9.0826,0.0010782,0.011678,0.0018401,0.49471,-0.50773,-0.40307
2.6122,-9.3953,1.2112,0.02656,-0.0070216,-0.0033095,-0.27483,0.78547,0.42218,5.8018,5.1215,6.0071,-0.0046146,0.019172,0.021264,-0.39793,-0.68548,-0.2363,-0.35198,-5.0621,-8.3522,-0.0099986,0.017702,-0.016456,-0.30371,0.44956,0.52992,0.099326,-0.0074858,-9.76,-0.01521,-0.0057569,-0.011724,0.37389,0.29343,0.59399,-2.0306,3.3876,9.0215,0.008252,0.029184,-0.014642,0.49015,-0.51503,-0.41806
2.604,-9.3959,1.1861,-0.0065525,0.018045,0.027579,-0.27014,0.799,0.401,5.7942,5.0991,6.0152,0.019516,-0.0089113,0.0049207,-0.41703,-0.68325,-0.2135,-0.34001,-5.054,-8.3547,-0.015671,0.0084193,-0.017058,-0.30753,0.46139,0.48083,0.11016,-0.023843,-9.7848,-0.016601,-0.019507,-0.0094527,0.3382,0.30982,0.59621,-2.0695,3.4282,9.0227,-0.024043,0.02743,-0.027347,0.46605,-0.52573,-0.38317
2.5805,-9.3907,1.2295,-0.023397,0.023738,-0.0083383,-0.27995,0.80579,0.38241,5.7927,5.1078,5.9827,0.00038951,-0.0042116,-0.0053114,-0.42775,-0.68315,-0.22407,-0.3586,-5.0537,-8.3514,-0.016521,-0.0016049,-0.017833,-0.25421,0.43362,0.47775,0.072224,-0.0025002,-9.7766,-0.016877,0.021767,-0.0027756,0.38004,0.28752,0.59898,-2.0238,3.3716,9.0409,0.0057244,-0.0049133,0.0098237,0.46569,-0.53489,-0.39414
2.6151,-9.3902,1.2119,0.0099063,0.055435,-0.020132,-0.27448,0.80599,0.39946,5.7843,5.0606,5.9994,0.019412,0.015786,-0.0013678,-0.40557,-0.70829,-0.23729,-0.3463,-5.0545,-8.3605,0.011467,0.010745,-0.03616,-0.28316,0.45519,0.52166,0.060891,0.021661,-9.8235,-0.00043151,0.02825,-0.0078929,0.37021,0.31816,0.62616,-2.045,3.4054,9.0455,-0.022762,0.0040249,-0.0041296,0.45394,-0.51696,-0.39481
2.6231,-9.3817,1.1846,0.0020411,0.032408,0.0067169,-0.24723,0.79401,0.39605,5.783,5.0695,6.0257,-0.024953,-0.022001,-0.0079977,-0.40623,-0.68089,-0.22298,-0.31996,-5.058,-8.4018,0.0036149,0.0051438,0.0049499,-0.27095,0.44325,0.5218,0.068427,0.0061736,-9.7813,0.027394,0.0092076,-0.022263,0.37476,0.31148,0.59593,-2.0045,3.3679,9.0593,-0.023591,0.0082989,0.0025886,0.48236,-0.54095,-0.42299
