2.6207,-9.4019,1.1286,-0.003515,0.019073,-0.00811,-0.25869,0.79739,0.41478,5.7851,5.1309,5.9974,0.01611,0.001605,0.000719,-0.40633,-0.67606,-0.22331,-0.35066,-5.0466,-8.3895,-0.004284,-0.007603,0.001749,-0.28329,0.44314,0.51215,0.079659,0.004413,-9.7912,-0.004896,4.8e-05,-0.008598,0.36414,0.30723,0.60501,-2.043,3.3854,9.0496,-0.0223,-0.009559,-0.008059,0.47689,-0.51534,-0.41088
2.6058,-9.4018,1.1285,0.00563,0.03238,-0.013628,-0.25878,0.79737,0.41546,5.7899,5.1504,5.9927,0.017898,0.001605,0.000708,-0.40715,-0.67644,-0.22401,-0.35799,-5.0417,-8.3701,0.011756,0.001628,0.001784,-0.28357,0.44355,0.51161,0.094704,-0.025437,-9.8134,-0.011044,0.012369,-0.010285,0.36387,0.30608,0.60461,-2.0505,3.3855,9.0345,0.000302,-0.005925,-0.009896,0.47745,-0.51402,-0.41036
2.6207,-9.4019,1.1286,-0.003537,0.024614,0.004634,-0.25954,0.79742,0.41394,5.7826,5.1382,5.9974,0.000779,-0.008058,0.005241,-0.40675,-0.67683,-0.22385,-0.33849,-5.0369,-8.3846,-0.01008,0.000867,-0.020316,-0.28189,0.44453,0.51218,0.094678,-0.01053,-9.7909,-0.001473,0.008842,-0.001481,0.36358,0.30609,0.60446,-2.058,3.393,9.0494,0.010033,-0.009196,0.003629,0.47756,-0.51507,-0.41087
2.6207,-9.4093,1.1286,-0.008899,0.031705,-0.004524,-0.25687,0.79728,0.41336,5.7851,5.126,6.0071,0.019607,-0.0001,0.008684,-0.40751,-0.67646,-0.22324,-0.33851,-5.037,-8.3601,0.00833,0.003227,-0.005276,-0.28355,0.44447,0.51209,0.094678,-0.01053,-9.7909,-0.006827,0.019413,0.000357,0.36427,0.3066,0.60449,-2.028,3.3854,9.0349,-0.007084,0.003299,0.004646,0.47598,-0.51469,-0.41039
2.6058,-9.4091,1.1136,-0.008066,0.021006,0.000993,-0.2563,0.79804,0.41392,5.8048,5.1067,6.0023,0.003647,-0.007346,-0.014342,-0.40743,-0.67729,-0.22203,-0.34339,-5.0321,-8.3725,-0.011406,0.003202,-1e-06,-0.28381,0.44343,0.51198,0.072232,-0.010554,-9.8064,0.003916,0.015887,-0.003196,0.36471,0.30606,0.60491,-2.028,3.3854,9.0349,-0.002512,-0.001276,-0.000823,0.47681,-0.51522,-0.41022
2.6059,-9.4017,1.1061,-0.005311,0.026328,-0.001762,-0.2568,0.79751,0.41472,5.7948,5.131,5.9829,0.008942,-0.007273,-0.005492,-0.4084,-0.67727,-0.22288,-0.33849,-5.0515,-8.3574,0.00333,-0.008144,-0.021204,-0.28255,0.44365,0.51166,0.072146,0.019322,-9.7764,0.009415,0.010595,-0.012049,0.36556,0.30643,0.60521,-2.0729,3.4005,9.0641,-0.002455,0.004935,-0.00438,0.47672,-0.51441,-0.41131
2.6059,-9.4017,1.1136,-0.001789,0.01023,0.002872,-0.25826,0.79764,0.4152,5.7899,5.1358,5.9877,0.007121,-0.009024,-0.003708,-0.40671,-0.6762,-0.22307,-0.34335,-5.0515,-8.3746,-0.000359,0.001063,-0.015891,-0.28196,0.44361,0.51322,0.064718,0.004355,-9.7915,-0.006855,0.005344,0.000263,0.36441,0.30519,0.60397,-2.058,3.3705,9.0642,-0.012367,-0.002331,-0.007123,0.47639,-0.5152,-0.41224
2.606,-9.3721,1.1138,-0.006203,0.018992,-0.01541,-0.25979,0.79519,0.41421,5.8047,5.1164,5.9877,0.011715,0.00688,-0.003661,-0.40737,-0.67659,-0.22323,-0.32386,-5.0516,-8.3694,0.001266,-0.006002,-0.00795,-0.28239,0.44284,0.5122,0.064797,-0.010646,-9.7915,-0.003158,0.018539,-0.004942,0.36441,0.30634,0.60437,-2.043,3.3854,9.0496,-0.015053,-0.00057,-0.008017,0.47592,-0.51508,-0.41132
2.6133,-9.3944,1.1361,0.00192,0.018116,-0.009922,-0.25657,0.79752,0.41392,5.8047,5.1285,5.9927,0.003435,-0.001792,0.014147,-0.40772,-0.67675,-0.22245,-0.34092,-5.0418,-8.3845,-0.005879,0.001223,-0.007947,-0.2818,0.44362,0.51132,0.07225,-0.010586,-9.7989,0.00039,0.012369,-0.004986,0.36385,0.30635,0.60434,-2.058,3.393,9.0494,-0.0042,-0.005062,-0.01078,0.47554,-0.51403,-0.41082
2.591,-9.3868,1.1285,0.009177,0.024402,-0.00447,-0.25653,0.79502,0.41461,5.8046,5.1359,5.9781,0.005382,-0.010846,-0.010815,-0.40691,-0.6765,-0.22189,-0.35068,-5.0369,-8.3799,-0.000617,-0.001343,-0.003533,-0.28225,0.44362,0.51257,0.064606,0.019418,-9.8065,-0.013658,0.007104,-0.013841,0.36413,0.30686,0.60462,-2.0655,3.393,9.0418,0.004831,-0.007734,-0.011722,0.47605,-0.51416,-0.4112
2.606,-9.3868,1.0839,-0.001592,0.03874,-0.010019,-0.25608,0.79748,0.41556,5.7997,5.1406,5.9927,0.005497,0.001492,-0.014307,-0.40567,-0.67566,-0.22315,-0.3385,-5.0418,-8.3674,-0.005959,0.002221,-0.004412,-0.28181,0.44178,0.51111,0.079698,-0.003087,-9.7912,0.003929,0.00532,-0.005033,0.36446,0.30489,0.60503,-2.073,3.3856,9.0566,0.008298,-0.001206,7.6e-05,0.47745,-0.51428,-0.41035
2.6059,-9.3869,1.1137,0.007328,0.0209,0.001015,-0.25752,0.79649,0.41389,5.8096,5.1212,5.9999,0.008987,0.00158,-0.003665,-0.40713,-0.67704,-0.22136,-0.34339,-5.0369,-8.3602,0.015356,0.002516,2.8e-05,-0.28282,0.44313,0.51141,0.094643,-0.010467,-9.8059,0.009889,0.026438,0.00923,0.3642,0.30526,0.60568,-2.028,3.3854,9.0349,-0.011632,-0.008369,0.004579,0.47504,-0.51444,-0.41042
2.6134,-9.387,1.1212,0.009178,0.025314,-0.00356,-0.25738,0.79688,0.41389,5.7851,5.131,5.9926,-0.005426,-0.001878,0.003546,-0.40944,-0.67545,-0.22231,-0.33117,-5.0467,-8.3794,-0.020186,-0.015205,-0.005345,-0.28334,0.44434,0.51121,0.094643,-0.010467,-9.8059,0.002906,0.001796,0.001117,0.36414,0.30609,0.60449,-2.0505,3.3705,9.0494,-0.002386,-0.002369,-0.010769,0.47604,-0.51455,-0.41146
2.6208,-9.4018,1.1137,-0.009879,0.011,-0.011732,-0.25583,0.79683,0.41503,5.8046,5.131,5.9878,-0.003642,0.003475,0.008898,-0.40732,-0.67662,-0.2223,-0.34094,-5.0418,-8.365,0.010872,-0.005663,0.001773,-0.28294,0.4451,0.5116,0.072176,-0.003023,-9.8139,-0.00339,0.036148,0.007534,0.36346,0.30646,0.60498,-2.028,3.3704,9.0498,-0.016981,-0.001293,0.001022,0.4755,-0.51469,-0.41147
2.6283,-9.3871,1.1288,0.00187,0.01373,-0.002606,-0.25567,0.79603,0.41559,5.7947,5.148,5.9732,0.002716,0.005158,-3.7e-05,-0.40957,-0.67571,-0.22231,-0.3385,-5.0321,-8.3895,-0.004217,-0.004969,-0.001774,-0.28163,0.44242,0.51225,0.079685,-0.010494,-9.8137,-0.001413,0.01765,-0.003185,0.36372,0.30673,0.60473,-2.058,3.3855,9.0493,-0.004285,0.00317,-0.002584,0.47502,-0.51351,-0.41058
2.6059,-9.3795,1.1287,0.009156,0.019006,-0.006269,-0.25698,0.79648,0.41391,5.7507,5.1649,5.9925,0.002573,0.001719,0.01239,-0.40711,-0.676,-0.22072,-0.32873,-5.0491,-8.3793,-0.002128,-0.009872,-0.015911,-0.28214,0.44376,0.51219,0.072189,0.004384,-9.7914,-0.004109,0.007095,-0.003254,0.36358,0.30648,0.60446,-2.0729,3.4229,9.0641,-0.004261,0.004929,-0.004376,0.47614,-0.5143,-0.40999
2.6356,-9.3873,1.1661,0.010031,0.01819,-0.000788,-0.25705,0.79606,0.41499,5.8169,5.1237,5.9806,0.009005,0.003353,-0.003655,-0.40763,-0.67699,-0.22324,-0.34824,-5.0417,-8.3797,-0.011216,0.002977,-0.008835,-0.28311,0.44223,0.51065,0.0946,0.004471,-9.7909,-0.003067,0.007079,-0.010314,0.36315,0.30637,0.60417,-2.043,3.4004,9.0571,-0.00808,0.007031,0.011915,0.47668,-0.51535,-0.41009
2.6135,-9.3868,1.0839,-0.005372,0.01742,0.002836,-0.25735,0.79634,0.41444,5.7752,5.1407,5.9852,0.009075,0.013948,-0.003604,-0.40745,-0.67623,-0.22218,-0.35309,-5.0465,-8.3944,-0.000459,-0.004251,-0.010605,-0.28275,0.44248,0.51015,0.072267,-0.010617,-9.7913,0.006684,3.6e-05,-0.009483,0.362,0.30681,0.60333,-2.058,3.3856,9.0344,-0.006046,0.008505,-0.004354,0.47686,-0.51428,-0.41117
2.6208,-9.4018,1.1137,-0.003537,0.022794,0.002817,-0.25645,0.7955,0.41611,5.7656,5.1356,6.0265,-0.002638,0.000667,-0.007136,-0.40839,-0.67492,-0.22226,-0.34823,-5.049,-8.3698,-0.011064,-0.013556,-0.015052,-0.28257,0.4426,0.51118,0.10974,-0.032973,-9.7906,0.007824,0.008812,-0.020016,0.36359,0.30608,0.60473,-2.0505,3.3555,9.0643,-0.004189,-0.000584,-0.010752,0.47608,-0.51509,-0.41091
2.591,-9.4016,1.1135,0.003739,0.021723,-0.006291,-0.25734,0.79594,0.41471,5.8339,5.1263,5.9491,0.0097,-0.021352,-0.000233,-0.40928,-0.67579,-0.22427,-0.3312,-5.037,-8.3698,-0.000524,0.009426,-0.008804,-0.2812,0.44253,0.51304,0.094721,-0.025468,-9.8059,-0.001322,0.024682,-0.006669,0.36316,0.30611,0.60431,-2.028,3.3703,9.0872,-0.011575,0.006828,0.002872,0.47591,-0.51682,-0.40995
2.576,-9.4015,1.1283,0.007299,0.013702,-0.000781,-0.25666,0.79685,0.41473,5.8145,5.1116,5.9829,0.016126,0.010505,0.006993,-0.40759,-0.67596,-0.22233,-0.32876,-5.0321,-8.3796,-0.006797,-0.008749,-0.006198,-0.28228,0.44297,0.51195,0.0946,0.004471,-9.7909,0.00386,0.010596,-0.001465,0.36457,0.30632,0.6049,-2.028,3.3704,9.0498,-0.000692,0.013107,0.001078,0.47608,-0.51376,-0.4108
2.6208,-9.3944,1.1138,0.012753,0.010866,-0.009877,-0.25594,0.79597,0.41314,5.746,5.1454,6.0215,0.00182,0.006906,-2.8e-05,-0.40814,-0.67674,-0.22287,-0.34339,-5.0369,-8.3602,-0.005907,-0.009648,-0.006204,-0.28255,0.44312,0.51167,0.079624,0.004475,-9.8062,-0.006471,0.025572,-0.01548,0.36371,0.30585,0.60407,-2.028,3.4153,9.035,0.010237,-0.012206,-0.011783,0.47581,-0.51469,-0.41093
2.6357,-9.4019,1.1064,0.005509,0.017297,-0.001706,-0.25598,0.79645,0.41476,5.7802,5.1479,6.0023,0.004389,-0.013436,-0.00282,-0.40678,-0.67649,-0.22201,-0.34336,-5.0515,-8.3648,-0.003403,-0.003963,0.001758,-0.28137,0.44359,0.51223,0.079581,0.019414,-9.7912,-0.008426,-0.00523,-0.010397,0.36276,0.30584,0.60455,-2.0505,3.4005,9.0346,0.005537,-0.009232,0.002731,0.47592,-0.51431,-0.40933
2.606,-9.3868,1.0988,0.004627,0.020868,-0.002637,-0.25806,0.79715,0.41386,5.795,5.1018,6.0046,0.007176,-0.003741,-0.005462,-0.40798,-0.67544,-0.2221,-0.3434,-5.0321,-8.3603,-0.003122,0.004768,-0.012353,-0.28186,0.44308,0.51273,0.079642,0.004444,-9.7987,-0.003346,0.021178,0.003902,0.36237,0.3062,0.60546,-2.0805,3.3707,9.034,-0.009854,-0.000207,0.008271,0.47644,-0.51415,-0.41132
2.6206,-9.4168,1.1435,-0.010769,0.020977,-0.003568,-0.25871,0.79649,0.41438,5.8219,5.1018,5.9975,0.000914,0.004283,0.000861,-0.40786,-0.67465,-0.22211,-0.32382,-5.0661,-8.3838,0.011757,0.005255,0.001799,-0.28172,0.44349,0.51043,0.064684,0.004417,-9.8065,0.000451,0.004449,-0.008567,0.36265,0.30453,0.60495,-2.058,3.3556,9.0493,0.004806,0.008507,-0.006188,0.47576,-0.51549,-0.40998
2.6134,-9.3943,1.1137,0.016385,0.006252,-0.018061,-0.25957,0.79665,0.4134,5.7949,5.1261,5.9975,0.015317,0.010406,-0.003672,-0.40729,-0.67539,-0.22391,-0.34823,-5.0393,-8.3944,0.008554,-0.004292,-0.015009,-0.28126,0.44265,0.51431,0.094643,-0.010467,-9.8059,0.000556,0.018515,-0.012003,0.36247,0.30611,0.60441,-2.0431,3.3556,9.0346,-0.009717,-0.004024,-0.002625,0.47567,-0.51496,-0.41106
2.6357,-9.3946,1.1213,-0.0018,0.008447,0.002883,-0.25806,0.79636,0.41387,5.7754,5.1308,6.0144,0.010713,-0.000153,0.001642,-0.40881,-0.67543,-0.2228,-0.35312,-5.0466,-8.3626,0.000293,-0.00227,-0.004419,-0.28244,0.44167,0.51121,0.072189,0.004384,-9.7914,0.017336,0.025551,-0.006654,0.36287,0.30561,0.6039,-2.028,3.4152,9.0574,-0.007839,-0.002341,-0.008054,0.47434,-0.51418,-0.41085
2.6133,-9.4018,1.1137,0.010094,0.023454,-0.008112,-0.25658,0.79635,0.41365,5.8121,5.1164,6.0024,0.005458,-0.002028,-0.012548,-0.40751,-0.67541,-0.22313,-0.33849,-5.0467,-8.3648,0.006593,-0.002291,-0.007057,-0.28193,0.44205,0.51123,0.094604,-0.002967,-9.8059,0.00754,0.012348,-0.006749,0.36218,0.30562,0.60386,-2.028,3.4152,9.0649,0.001233,0.013825,-0.007968,0.47347,-0.51484,-0.41194
2.606,-9.3868,1.1062,0.001921,0.021762,-0.004468,-0.25694,0.79542,0.41459,5.7679,5.1407,5.9925,0.021636,0.00144,-0.017113,-0.40858,-0.6741,-0.22321,-0.33363,-5.0394,-8.3722,-0.005968,-0.004125,-0.00354,-0.28029,0.44251,0.51092,0.0946,0.004471,-9.7909,-0.003395,-0.005235,0.003718,0.36261,0.30611,0.60441,-2.0729,3.4155,9.0492,0.004658,-0.015578,-0.000917,0.47531,-0.51404,-0.41029
2.6357,-9.4019,1.1064,0.011044,0.035149,-0.004511,-0.25678,0.79645,0.415,5.7851,5.1237,5.9974,0.012593,0.010446,0.000794,-0.4083,-0.67607,-0.22316,-0.34825,-5.0369,-8.3749,-0.003851,-0.001785,-0.019434,-0.28142,0.44334,0.51134,0.064797,-0.010646,-9.7915,0.002118,0.007091,-0.003257,0.36152,0.30597,0.60503,-2.0879,3.4006,9.0489,0.00291,-0.000362,-0.001708,0.47453,-0.51537,-0.41029
2.6059,-9.4017,1.1061,-0.001766,0.022916,0.013761,-0.25845,0.79597,0.41412,5.79,5.1285,5.9974,0.005361,-0.000155,-9e-05,-0.40833,-0.67449,-0.22345,-0.3385,-5.0369,-8.3797,-0.00774,-0.011413,-0.003558,-0.28153,0.44255,0.51162,0.1021,-0.010407,-9.8133,-0.004244,0.022049,0.004786,0.36258,0.30651,0.60401,-2.0729,3.4005,9.0566,-0.002497,0.006802,-0.000749,0.47376,-0.51578,-0.40991
2.6208,-9.4018,1.1137,0.001881,0.020987,0.004656,-0.25983,0.79691,0.41352,5.7851,5.1212,6.0071,0.01625,0.005021,-0.012603,-0.40797,-0.67486,-0.22422,-0.358,-5.0369,-8.3677,-0.018346,-0.004358,-0.008861,-0.28068,0.44251,0.51319,0.064606,0.019418,-9.8065,-0.006693,0.010621,-0.006757,0.36263,0.30494,0.60442,-2.0505,3.4005,9.0346,-0.010555,-0.002324,-0.007132,0.47477,-0.51431,-0.41044
2.6207,-9.4166,1.1136,0.019947,0.008254,0.000175,-0.25741,0.79532,0.41336,5.7802,5.1285,6.0047,0.003597,0.001595,-0.001846,-0.40812,-0.67603,-0.22473,-0.358,-5.0393,-8.3701,0.000402,-0.013295,-0.008858,-0.28103,0.44227,0.5114,0.0946,0.004471,-9.7909,0.007256,0.017639,0.006525,0.36248,0.30521,0.60428,-2.028,3.4152,9.0499,-0.000525,0.011953,-0.011595,0.47423,-0.51497,-0.41071
2.6207,-9.4019,1.1286,0.009192,0.022535,-0.010843,-0.25904,0.79626,0.41329,5.785,5.1358,5.9901,0.009049,0.005965,-0.007202,-0.40732,-0.67492,-0.22194,-0.34825,-5.0418,-8.3602,0.000383,-0.001476,-0.008831,-0.27977,0.44315,0.51105,0.072076,0.019447,-9.8064,-0.006846,0.010622,0.000302,0.36202,0.30601,0.60372,-2.058,3.3705,9.0642,-0.006175,0.000584,0.002831,0.47463,-0.51391,-0.41045
2.6134,-9.3869,1.1138,9.3e-05,0.017273,-0.006274,-0.26001,0.79785,0.41283,5.7998,5.1163,6.0072,0.000865,-0.002801,-6.7e-05,-0.40654,-0.67674,-0.22252,-0.34826,-5.0369,-8.3627,-0.000721,-0.009396,0.00175,-0.2826,0.44219,0.51323,0.094452,0.019596,-9.821,0.009004,0.008834,0.007348,0.36137,0.30521,0.60449,-2.043,3.363,9.057,0.017359,0.00147,-0.00175,0.47411,-0.51498,-0.41045
2.6208,-9.4018,1.1137,0.010998,0.02892,-0.000837,-0.25794,0.7965,0.4136,5.7729,5.1454,6.012,0.017937,0.003334,-0.002843,-0.40832,-0.67489,-0.22331,-0.358,-5.032,-8.3849,-0.00209,0.015518,-0.019399,-0.2815,0.44321,0.51224,0.072176,-0.003023,-9.8139,-0.009539,0.001822,0.001118,0.36162,0.30766,0.60476,-2.043,3.4154,9.0347,-0.009637,0.006658,-0.006174,0.4733,-0.51419,-0.41049
2.6282,-9.4093,1.1137,-0.007197,0.011099,-0.002609,-0.25708,0.79575,0.41201,5.7655,5.1479,5.9974,0.003583,-0.010855,-0.010805,-0.40781,-0.67487,-0.22368,-0.34826,-5.0296,-8.3702,-0.010085,-0.011843,-0.019461,-0.28129,0.44176,0.51127,0.094604,-0.002967,-9.8059,0.002012,0.0106,0.002062,0.36074,0.30631,0.60313,-2.0505,3.4004,9.057,-0.011499,0.005829,-0.002553,0.47307,-0.51552,-0.4102
2.6133,-9.387,1.1361,0.009196,0.029811,-0.002667,-0.25677,0.79651,0.41269,5.79,5.126,6.0071,0.001721,-0.003657,0.003478,-0.40644,-0.67463,-0.22269,-0.32871,-5.0661,-8.3692,0.014682,-0.015006,-0.008839,-0.28125,0.44188,0.51203,0.064718,0.004355,-9.7915,-0.003969,0.021179,-0.00845,0.36387,0.30545,0.60434,-2.028,3.4004,9.0349,0.004614,-0.000206,0.006402,0.47283,-0.51566,-0.40981
2.6357,-9.3872,1.1288,0.007307,0.010947,-0.007146,-0.25504,0.79709,0.41479,5.7803,5.126,6.0119,-0.003725,0.003542,0.017787,-0.4061,-0.67525,-0.22371,-0.34335,-5.0417,-8.3894,-0.000541,-0.000526,-0.007062,-0.28084,0.44239,0.51268,0.064606,0.019418,-9.8065,-0.000598,0.024701,0.000401,0.36405,0.30502,0.60515,-2.028,3.4003,9.0574,-0.007917,0.012183,0.001089,0.47297,-0.51486,-0.40955
2.6208,-9.3871,1.1287,0.0091,0.010081,-0.003494,-0.25591,0.79543,0.41355,5.7999,5.109,6.0144,0.015198,0.006961,0.00698,-0.40486,-0.6752,-0.22523,-0.34824,-5.0418,-8.3748,-0.007573,-0.011615,-0.01151,-0.28065,0.44027,0.5139,0.079546,0.019476,-9.8062,-0.001504,0.015012,0.000333,0.36208,0.30506,0.60479,-2.0505,3.3855,9.0495,-0.004473,-0.010952,0.008172,0.47364,-0.51525,-0.40965
2.6133,-9.3871,1.1436,0.011867,0.018096,-0.00626,-0.25567,0.79649,0.41314,5.7851,5.1309,6.0023,0.012419,-0.003624,0.008725,-0.40507,-0.67523,-0.22418,-0.34822,-5.0514,-8.3845,0.006747,-0.001557,-0.014123,-0.28078,0.44237,0.51383,0.094565,0.004533,-9.8059,-0.004232,4.5e-05,0.001989,0.36158,0.30617,0.60317,-2.0505,3.3929,9.0644,-0.009683,0.010317,-0.002527,0.47508,-0.5155,-0.41014
2.606,-9.372,1.1063,0.001949,0.022577,-0.010855,-0.25713,0.79643,0.41105,5.7457,5.1771,5.9852,0.0071,-0.010798,-0.003719,-0.40735,-0.67496,-0.22497,-0.32874,-5.0418,-8.3794,0.006544,-0.018574,-0.003554,-0.28076,0.44266,0.51165,0.079716,-0.003118,-9.7837,-0.007502,0.00181,-0.011234,0.36229,0.30679,0.60374,-2.058,3.3855,9.0568,-0.009635,0.001246,-0.008011,0.47296,-0.51379,-0.4113
2.6209,-9.3723,1.1363,0.00465,0.020789,-0.009929,-0.25817,0.79799,0.41181,5.7703,5.1503,5.9974,0.017908,-0.005532,-0.006447,-0.40644,-0.67377,-0.22494,-0.34825,-5.032,-8.3848,-0.010331,-0.006088,-0.007968,-0.28012,0.44263,0.51169,0.094565,0.004533,-9.8059,-0.01375,0.017656,-0.008477,0.36081,0.30587,0.60459,-2.028,3.3854,9.0349,-0.013211,0.010189,-0.007956,0.47355,-0.51432,-0.41074
2.6134,-9.3869,1.0988,0.009144,0.01723,-0.004438,-0.25855,0.79614,0.41236,5.7656,5.1236,6.0167,0.009111,0.007668,-0.013422,-0.40573,-0.67524,-0.22422,-0.35799,-5.0417,-8.3701,0.006376,-0.005648,0.003529,-0.28084,0.44226,0.51255,0.064701,0.004386,-9.799,-0.00332,0.014143,0.002089,0.36216,0.30665,0.60386,-2.0505,3.4005,9.0346,0.003729,-0.002032,0.004593,0.47451,-0.51458,-0.41044
2.6358,-9.3724,1.1289,0.008205,0.017344,0.00286,-0.25859,0.79669,0.41154,5.7436,5.1356,6.0263,0.010708,-0.000163,0.001638,-0.40586,-0.67484,-0.22423,-0.34824,-5.0491,-8.3552,-0.003189,0.001222,-0.00883,-0.28073,0.44173,0.51232,0.064684,0.004417,-9.8065,0.000473,0.028216,-0.007519,0.36202,0.30513,0.6032,-2.028,3.4004,9.0349,-0.004444,0.005212,0.010078,0.47235,-0.51446,-0.41064
2.6059,-9.4017,1.1136,0.00371,0.020912,9.8e-05,-0.25956,0.7958,0.4111,5.79,5.1212,6.0023,-0.008937,-0.007285,-0.008903,-0.40684,-0.6743,-0.22509,-0.33359,-5.0515,-8.3891,-0.010584,0.005118,0.003538,-0.28065,0.44174,0.5113,0.094643,-0.010467,-9.8059,-0.012032,0.014134,-0.005858,0.36214,0.30641,0.60333,-2.028,3.3928,9.0648,-0.009712,0.012158,0.000189,0.47319,-0.51512,-0.41034
2.6208,-9.3871,1.1287,0.000995,0.019101,-0.003543,-0.2569,0.79534,0.4127,5.7802,5.1188,5.9925,0.001705,-0.014316,-0.002806,-0.40767,-0.67527,-0.22353,-0.34825,-5.0393,-8.37,0.012033,-0.010518,-0.010602,-0.28123,0.44319,0.51251,0.072193,-0.003054,-9.8064,-0.000579,0.010612,-0.001467,0.36171,0.30669,0.59974,-2.028,3.3854,9.0498,0.003005,0.001285,-0.008055,0.4741,-0.5159,-0.41083
2.6208,-9.3945,1.1287,0.001925,0.024483,-0.002653,-0.25722,0.79719,0.41186,5.7607,5.1308,6.024,0.007034,-0.00896,0.00518,-0.40658,-0.67456,-0.2252,-0.33848,-5.0491,-8.3795,-0.004055,-0.013339,-0.008858,-0.28005,0.44091,0.51315,0.094713,-0.010592,-9.7759,-0.003225,0.004443,-0.003276,0.36121,0.30639,0.60104,-2.028,3.4004,9.0349,0.002866,-0.021907,-0.002784,0.47326,-0.51592,-0.40952
2.6358,-9.3575,1.129,0.01195,0.033312,-0.008147,-0.25867,0.79654,0.41248,5.7656,5.1453,6.0265,-0.001946,-0.003582,0.012399,-0.4057,-0.67426,-0.22595,-0.35065,-5.0587,-8.3721,0.006538,-0.0122,-0.003549,-0.2803,0.44249,0.51322,0.072089,0.026854,-9.7839,-0.006781,0.00886,-0.003237,0.36229,0.305,0.60308,-2.013,3.4003,9.0203,-0.005985,0.014711,-0.007047,0.4733,-0.51406,-0.41036
2.6208,-9.3723,1.1512,-0.003593,0.021153,0.013771,-0.25723,0.79746,0.41172,5.7607,5.1502,6.0265,0.014396,-0.000271,-0.010837,-0.4063,-0.67456,-0.22492,-0.33359,-5.0491,-8.3892,-0.003989,-0.006154,-0.012374,-0.27906,0.44114,0.51243,0.064701,0.004386,-9.799,0.003546,0.015901,0.013573,0.36257,0.30666,0.60362,-2.0729,3.4155,9.0342,-0.009804,0.008717,0.006516,0.47307,-0.51459,-0.40995
2.6263,-9.3873,1.1209,0.010262,0.048434,-0.0048125,-0.25616,0.79989,0.40909,5.8204,5.1302,5.997,0.022619,0.0066941,0.025823,-0.41833,-0.67509,-0.22315,-0.3386,-5.0505,-8.352,-0.010256,0.0075371,0.0047894,-0.25916,0.43335,0.52418,0.062742,-0.010307,-9.7997,-0.0022541,-0.0063795,-0.013068,0.37037,0.29499,0.61563,-2.0298,3.3504,9.059,0.016219,-0.0053849,-0.0051362,0.48356,-0.52282,-0.41039
2.6194,-9.3993,1.1263,0.0086377,0.0090941,-0.0076607,-0.26479,0.80197,0.41979,5.7919,5.1445,5.9912,0.0007941,0.0036157,-0.0064918,-0.41326,-0.66243,-0.21119,-0.3443,-5.0431,-8.3566,-0.0052544,-0.001704,-0.004963,-0.29046,0.42549,0.51661,0.084793,0.027519,-9.8006,0.0066277,0.018943,-0.018392,0.35627,0.29504,0.61303,-2.0917,3.3617,9.0699,-0.047139,0.016952,0.0014089,0.47897,-0.52992,-0.40643
2.5812,-9.4007,1.1464,-0.0031498,0.030644,-0.0095227,-0.2592,0.80188,0.42503,5.7769,5.1389,6.0151,0.0012094,-0.00014596,-0.0053462,-0.41592,-0.67975,-0.23559,-0.32569,-5.06,-8.368,-0.018315,0.007864,0.0019328,-0.2779,0.44598,0.50159,0.053477,0.016058,-9.826,0.014503,0.033269,-0.018481,0.35946,0.31156,0.61489,-2.0646,3.3626,9.0417,-0.0088911,0.0033403,-0.0077768,0.46971,-0.51316,-0.40714
2.6023,-9.3956,1.1076,-0.0048259,0.021897,0.0062866,-0.26275,0.81736,0.41799,5.8056,5.1243,5.9875,-0.00096468,0.0033933,0.011973,-0.40585,-0.68442,-0.22734,-0.34383,-5.046,-8.3825,-0.01525,-0.0023495,-0.024963,-0.27214,0.42932,0.49867,0.067502,-0.013345,-9.7925,-0.018604,0.019587,0.015559,0.35468,0.29611,0.61615,-2.0449,3.4152,9.0647,-0.016037,0.028637,-0.028958,0.47528,-0.50905,-0.42571
2.6046,-9.3993,1.1741,0.02,0.011749,0.0036686,-0.26326,0.78814,0.40518,5.7836,5.1042,5.9892,0.0084141,0.007893,0.0097349,-0.40508,-0.67933,-0.21163,-0.34168,-5.0352,-8.3804,-0.0055537,0.0049122,-0.016823,-0.26875,0.4494,0.51323,0.078767,-0.014214,-9.7857,-0.011547,0.034027,0.012726,0.35542,0.2953,0.60203,-2.0482,3.411,9.0941,-0.016477,0.0084354,0.0052334,0.47324,-0.51118,-0.43053
2.6072,-9.4002,1.0767,0.010382,0.026791,0.012656,-0.26017,0.80396,0.41303,5.7863,5.1497,5.9967,-0.015546,0.01426,0.0012521,-0.41618,-0.65809,-0.20825,-0.32739,-5.0508,-8.3905,-0.019333,-0.012815,-0.035407,-0.2957,0.45103,0.50607,0.063935,0.037524,-9.7894,-0.023742,-0.0055811,-0.0017791,0.38378,0.31194,0.58878,-2.06,3.3637,9.076,-0.010007,-0.026619,-0.00071416,0.50907,-0.52526,-0.40368
2.623,-9.3801,1.1114,0.0061703,0.0039101,-0.0080778,-0.26298,0.80672,0.41536,5.8094,5.1421,5.9945,0.015728,-0.010762,-0.0092161,-0.40406,-0.6837,-0.21651,-0.35366,-5.0356,-8.3781,0.012829,0.0044912,-0.0053904,-0.28294,0.43162,0.51406,0.080436,-0.027278,-9.7914,0.0086579,0.0080194,-0.024343,0.3878,0.30896,0.61382,-2.0641,3.376,9.0328,-0.01655,-0.0061675,-0.019809,0.4753,-0.4998,-0.39686
2.6006,-9.4281,1.0959,-0.009369,0.014665,-0.0072386,-0.26932,0.78891,0.40254,5.786,5.1054,6.0004,0.0068721,0.007486,0.017527,-0.39515,-0.68485,-0.2372,-0.33867,-5.0414,-8.3589,0.0075542,0.013361,0.0047245,-0.25946,0.44868,0.50266,0.096477,-0.030161,-9.8074,-0.0076813,0.016898,-0.0059365,0.36746,0.31095,0.60791,-2.0299,3.3598,9.0351,-0.021636,-0.015463,-0.0052974,0.48439,-0.52111,-0.40946
2.6024,-9.3919,1.1291,-0.0031081,0.02537,-0.022469,-0.26941,0.79266,0.41238,5.7892,5.0942,6.0074,0.01194,-0.001171,-0.022103,-0.41485,-0.66531,-0.22129,-0.34697,-5.0413,-8.4019,-0.011936,0.0091554,-0.015704,-0.27356,0.44286,0.4882,0.10248,-0.010032,-9.8076,-0.00028954,0.026756,0.0080896,0.36152,0.30961,0.61772,-2.0637,3.4269,9.0358,-0.0010355,0.00071666,-0.0075653,0.46137,-0.51591,-0.40539
2.656,-9.3819,1.1088,0.01356,0.003596,-0.0013548,-0.24687,0.80563,0.40891,5.7759,5.1353,5.9909,0.024637,-0.015294,-0.0095517,-0.41466,-0.67088,-0.21179,-0.32158,-5.0458,-8.3548,-0.0048699,0.013329,0.015418,-0.29102,0.42387,0.49968,0.051104,0.018432,-9.8097,0.014875,0.033344,-0.014315,0.38033,0.29297,0.60848,-2.0166,3.411,9.0292,0.0033719,-0.006983,-0.015223,0.48775,-0.51134,-0.41617
2.6005,-9.4011,1.1003,0.0059447,0.023055,-0.00068959,-0.25344,0.80204,0.42858,5.791,5.1346,5.9917,0.0090663,-0.010495,-0.010919,-0.41167,-0.6638,-0.22223,-0.32208,-5.0402,-8.3696,0.0072165,-0.023819,0.0091842,-0.28808,0.45926,0.52712,0.061276,-0.010294,-9.7956,0.0027427,0.022592,-0.0033996,0.34229,0.30392,0.60242,-2.0596,3.4174,9.0313,0.011489,-0.0042186,0.025444,0.49836,-0.51007,-0.40478
2.614,-9.4042,1.1005,0.0076056,0.0097854,-0.0085345,-0.23784,0.79067,0.41756,5.7792,5.1255,5.9775,0.015241,-0.01078,0.0053688,-0.40274,-0.6674,-0.21562,-0.34497,-5.0438,-8.3721,0.0035527,-0.012998,-0.0025068,-0.26664,0.42386,0.50939,0.056458,-0.00094235,-9.7908,-0.0050483,0.0090469,-0.0029987,0.34519,0.30096,0.60743,-2.0627,3.4013,9.0508,0.016751,0.014251,-0.012147,0.46979,-0.53914,-0.41286
2.596,-9.4118,1.1339,0.0095716,0.010892,-0.018791,-0.22599,0.7919,0.4075,5.7746,5.1328,5.9977,0.023456,0.012973,0.015308,-0.40561,-0.67627,-0.22849,-0.34105,-5.0507,-8.36,-0.015554,0.0042861,-0.012375,-0.28458,0.45131,0.51419,0.088445,-0.0016058,-9.805,-0.0084047,0.01364,0.014693,0.37425,0.31727,0.59988,-2.0398,3.4101,9.0653,0.018734,-0.031055,-0.011627,0.4998,-0.51185,-0.40264
2.5841,-9.3979,1.1318,0.0013791,0.018017,0.0097481,-0.24917,0.79379,0.42027,5.8088,5.1304,5.9688,0.0082175,0.019778,-0.006363,-0.41016,-0.66945,-0.22429,-0.33088,-5.0354,-8.3497,-0.011812,-0.00037818,-0.011738,-0.29097,0.44724,0.50906,0.057687,-0.011239,-9.8072,0.00078822,0.0079412,-0.023212,0.35626,0.30051,0.60846,-2.0548,3.3992,9.0444,-0.017849,-0.010342,0.0080522,0.46646,-0.52229,-0.41735
2.6093,-9.4005,1.1187,-0.0022268,0.02102,-0.025613,-0.25267,0.81199,0.41827,5.7741,5.1165,5.9888,0.0038646,-0.010587,-0.010909,-0.41803,-0.69536,-0.24852,-0.33945,-5.0347,-8.3725,0.011008,0.016054,-0.008829,-0.28539,0.44825,0.5151,0.12625,-0.02931,-9.8104,0.0020431,0.0059815,-0.0085942,0.37972,0.31388,0.59243,-2.0517,3.415,9.0421,0.011898,0.0045657,-0.015613,0.48469,-0.50689,-0.42284
2.6307,-9.4341,1.1194,-0.0090438,0.021229,0.011475,-0.24718,0.81592,0.4143,5.8019,5.1247,5.9705,0.011881,-0.0083616,-0.018428,-0.41059,-0.6683,-0.21355,-0.35713,-5.0546,-8.3793,-0.0066516,0.0017565,-0.023573,-0.26982,0.45991,0.51277,0.094047,-0.026179,-9.8039,-0.00031292,0.0029161,-0.033146,0.37153,0.30019,0.60564,-2.0416,3.374,9.0441,-0.014489,0.0068782,-0.016602,0.46177,-0.49299,-0.41677
2.6006,-9.4073,1.1217,-0.0065679,0.01726,-0.012299,-0.238,0.8173,0.43307,5.8023,5.1386,5.9768,-0.0056784,0.0039274,0.0084733,-0.42024,-0.67472,-0.21681,-0.34406,-5.0443,-8.4135,0.0058805,-0.017865,-0.017035,-0.26705,0.44657,0.50839,0.099319,-0.0074589,-9.7874,0.0075064,0.010744,-0.014925,0.35145,0.30972,0.60449,-2.0199,3.3568,9.0435,-0.020721,-0.00079863,-0.015463,0.46846,-0.50456,-0.43074
2.6323,-9.4058,1.1034,-0.0062538,0.018126,0.0015471,-0.27642,0.79794,0.41136,5.7438,5.1293,6.026,0.013897,-0.012205,-0.0048701,-0.39291,-0.65697,-0.25144,-0.34434,-5.0608,-8.379,0.0058139,0.018412,0.0035087,-0.28792,0.44967,0.52993,0.07936,0.0044221,-9.7938,0.02948,0.0040835,0.012738,0.37016,0.31655,0.61777,-2.0239,3.4146,9.0449,0.011238,0.017773,0.0046813,0.47478,-0.52178,-0.42679
2.6284,-9.4071,1.1002,0.02081,0.027791,0.0027954,-0.24987,0.80351,0.42209,5.7708,5.113,5.9303,-0.011567,-0.0074018,-0.0050423,-0.40931,-0.67846,-0.20506,-0.32352,-5.0318,-8.3792,-0.0093823,-0.008921,-0.0022811,-0.27539,0.43422,0.50185,0.080996,0.035237,-9.8203,0.00030941,0.027506,-0.01199,0.36083,0.30237,0.59934,-2.058,3.4026,9.0519,0.015797,-0.018977,-0.0093422,0.46487,-0.52389,-0.43281
2.6364,-9.4053,1.1157,0.025243,0.017654,-0.0025925,-0.25033,0.796,0.41137,5.7719,5.1301,5.9788,0.021546,0.0066066,-0.019721,-0.40238,-0.70631,-0.21936,-0.35955,-5.0423,-8.3764,0.016635,0.0073679,-0.0095331,-0.27408,0.45025,0.51583,0.083215,-0.0073661,-9.8326,-0.0061978,0.013922,-0.01225,0.37087,0.32738,0.59639,-2.063,3.4007,9.0578,-0.0059941,0.0074712,0.01188,0.47067,-0.5064,-0.41801
2.5982,-9.3907,1.1,0.017795,0.01087,0.00082462,-0.25158,0.7983,0.38981,5.7398,5.1225,6.0149,0.0040763,0.020595,-0.025436,-0.40415,-0.6769,-0.23905,-0.34505,-5.0473,-8.3648,-0.0024102,-0.010781,-0.0069456,-0.29184,0.4479,0.50341,0.083145,0.0029754,-9.8012,-0.0078504,0.026164,0.010759,0.3641,0.3128,0.6006,-2.0232,3.3972,9.0469,-0.027436,0.014945,-0.0078318,0.48648,-0.512,-0.43734
2.6088,-9.3796,1.1168,-0.0049418,0.0081362,0.006471,-0.26148,0.78258,0.41028,5.7847,5.1235,5.9968,0.0018213,-0.024141,0.0079716,-0.37601,-0.67351,-0.23403,-0.34554,-5.0535,-8.3777,-0.011608,-0.0012812,0.0099288,-0.27724,0.4303,0.51321,0.10986,-0.0092542,-9.8205,-0.014448,0.017021,-0.0045768,0.3738,0.28689,0.62545,-2.0421,3.3748,9.0502,-0.016429,0.00020872,0.0084087,0.45657,-0.49947,-0.40741
2.6506,-9.393,1.1172,0.012624,0.01036,0.012843,-0.24832,0.80112,0.40912,5.7888,5.1235,5.9958,-0.0054464,0.017148,0.0040645,-0.4011,-0.68459,-0.23564,-0.34675,-5.0367,-8.3782,-0.0051986,0.001933,0.0082954,-0.28324,0.44567,0.50524,0.079512,0.012861,-9.8269,-0.01006,0.01725,-0.026199,0.36701,0.30001,0.59919,-2.0225,3.3899,9.0177,0.012017,0.0052103,0.018563,0.48387,-0.51832,-0.40737
2.6104,-9.3929,1.1193,0.012434,0.013802,-0.017275,-0.25458,0.78479,0.41701,5.7715,5.0928,5.9937,0.015448,-0.0096556,-0.013939,-0.4036,-0.66008,-0.22079,-0.34235,-5.0617,-8.3608,-0.0017104,-0.0024971,0.0025815,-0.30419,0.46705,0.52534,0.094378,-0.0013403,-9.8065,-0.0024131,-0.0017288,-0.0069453,0.35369,0.28885,0.60873,-2.0201,3.3908,9.0641,-0.0093062,-0.014894,0.0034183,0.47972,-0.50022,-0.41718
2.6074,-9.3625,1.1071,0.01217,0.018213,0.0063136,-0.25865,0.816,0.42696,5.7647,5.1277,6.0151,0.0092617,0.015397,0.0061854,-0.40547,-0.66628,-0.2341,-0.35235,-5.0443,-8.3456,-0.0053,0.0093685,-0.01222,-0.26357,0.44572,0.49603,0.095572,-0.0044605,-9.8156,-0.012007,0.0014318,-0.0024174,0.35037,0.2857,0.5924,-2.0554,3.3907,9.0373,0.026878,0.0092389,-0.012334,0.48935,-0.51085,-0.41945
2.6052,-9.3881,1.1044,-0.0065417,0.016865,-0.0077262,-0.2561,0.80508,0.40953,5.7852,5.112,5.9461,0.0026649,-0.011515,0.023092,-0.41825,-0.6923,-0.23238,-0.33836,-5.0244,-8.3891,-0.0064899,-0.014096,-0.022187,-0.28379,0.4356,0.53175,0.075569,-0.00466,-9.7845,-0.01083,0.02055,0.011122,0.37076,0.31532,0.59522,-2.0222,3.3819,9.0585,-0.0032183,0.0074849,-0.00055419,0.46604,-0.5198,-0.40399
2.5867,-9.4086,1.1222,-0.0099934,0.016999,0.024606,-0.26529,0.78658,0.43818,5.7923,5.0888,5.9841,0.015502,0.0053314,-0.0127,-0.40154,-0.6707,-0.2131,-0.34757,-5.0197,-8.3786,-0.0074833,-0.025613,0.0073437,-0.27027,0.4679,0.50908,0.095097,0.0069266,-9.8085,-0.0088766,0.016799,0.0051087,0.37422,0.29536,0.61414,-2.0509,3.4124,9.0459,-0.0033711,0.010658,-0.014848,0.47862,-0.51687,-0.41098
2.6019,-9.4078,1.1169,0.0045021,0.042596,-0.013233,-0.25167,0.80397,0.41765,5.7766,5.1606,6.0268,0.0016132,0.0013747,-0.0085708,-0.41991,-0.67415,-0.22186,-0.33948,-5.0452,-8.3846,0.010197,0.013175,-0.0021616,-0.28825,0.45928,0.53241,0.073404,-0.023787,-9.7999,0.0072629,-0.001995,-0.032407,0.35809,0.28142,0.60119,-2.0815,3.4013,9.0551,-0.0071618,-0.0040573,-0.0095566,0.45963,-0.50371,-0.39814
2.6019,-9.3995,1.1021,-0.005904,0.014531,-0.014989,-0.25169,0.79187,0.44359,5.7818,5.1294,5.9983,0.0041047,-0.0030241,0.0059663,-0.42286,-0.6645,-0.22614,-0.31557,-5.0405,-8.3999,0.0028611,-0.015981,-0.0045055,-0.29063,0.42931,0.51923,0.12505,-0.011012,-9.7966,-0.0021262,0.020958,-0.010133,0.36327,0.30784,0.59293,-2.0726,3.3597,9.0475,-0.011356,0.01173,0.010686,0.46183,-0.51972,-0.41675
2.6179,-9.4036,1.0997,0.0046831,0.015064,-0.02184,-0.27066,0.79282,0.41475,5.811,5.1176,5.9997,-0.0065739,-0.0014085,0.012386,-0.40646,-0.67985,-0.22726,-0.35605,-5.0537,-8.3539,0.00084771,-0.013553,-0.0088382,-0.28237,0.42218,0.51169,0.090738,0.0062924,-9.8168,0.011257,0.027616,-0.023567,0.37283,0.31975,0.60019,-2.0431,3.374,9.0423,0.0072086,-0.011697,-0.0031911,0.47749,-0.52282,-0.41019
2.6173,-9.4143,1.1448,-0.002382,0.0067836,-0.016127,-0.26201,0.78686,0.42503,5.8097,5.0893,6.0014,0.0067059,0.0045302,0.010215,-0.40004,-0.6757,-0.22986,-0.3706,-5.0545,-8.3558,0.017314,0.010617,-0.0098436,-0.27398,0.44775,0.50259,0.077867,-0.00058883,-9.7828,-0.013666,0.029688,0.0049228,0.36728,0.3163,0.61333,-2.0272,3.353,9.0503,-0.004339,-0.0071551,-0.0041059,0.4732,-0.51988,-0.41074
2.6246,-9.3684,1.1423,0.010035,0.019761,-0.0060552,-0.26125,0.8023,0.4175,5.7772,5.1273,5.9955,0.013126,0.0053065,0.0051492,-0.41662,-0.68091,-0.21595,-0.34593,-5.0217,-8.3802,-0.0014883,-0.0053622,-0.01044,-0.28574,0.44379,0.50743,0.097587,-0.029972,-9.7969,0.0066688,0.01027,-0.023791,0.35112,0.32044,0.60092,-2.0089,3.4131,9.0859,0.0088103,-0.0172,-0.0030689,0.4786,-0.52592,-0.4154
2.5902,-9.351,1.1113,-0.0099375,0.015614,-0.0041917,-0.24583,0.79333,0.41639,5.8063,5.1377,6.0152,0.014913,0.0084073,0.029657,-0.41314,-0.67768,-0.19976,-0.34372,-5.0357,-8.3478,0.010839,0.00014085,0.015229,-0.27995,0.4418,0.52682,0.077719,-0.025359,-9.7997,-0.0034352,0.0066766,-0.020396,0.362,0.30896,0.5992,-2.0804,3.3986,9.0503,0.017438,-0.019617,0.0034472,0.48709,-0.51369,-0.41196
2.6279,-9.3782,1.1102,0.039506,0.012541,0.0012834,-0.26077,0.80639,0.41049,5.8106,5.1134,6.0136,-0.0084422,-0.00023491,-0.010149,-0.41121,-0.67496,-0.22529,-0.33087,-5.0405,-8.3748,-0.0026011,3.7625e-05,-0.019481,-0.26983,0.43171,0.5171,0.077511,-0.018646,-9.7932,-0.0055912,0.010696,-0.01156,0.35173,0.30697,0.60029,-2.0891,3.4029,9.0121,0.015448,-0.0045305,-0.0021845,0.47645,-0.51111,-0.42251
2.6079,-9.3802,1.1141,-0.0021305,0.021576,-0.017984,-0.25031,0.78121,0.41943,5.8127,5.1609,5.9724,0.0011479,1.012e-06,-0.002133,-0.39,-0.66208,-0.23958,-0.34403,-5.0662,-8.3524,-0.0086525,-6.4867e-05,0.0062119,-0.27573,0.44678,0.52115,0.057687,-0.010331,-9.7811,0.00178,0.028313,0.017785,0.34605,0.28114,0.59323,-2.071,3.3976,9.0255,-0.012486,-0.0013553,0.0032443,0.48503,-0.52025,-0.38999
2.6313,-9.3825,1.1175,0.024794,0.012787,-0.014047,-0.24357,0.78692,0.41929,5.7935,5.1354,5.9957,0.0050806,-0.0051417,-0.0086535,-0.40503,-0.69164,-0.2201,-0.34947,-5.0547,-8.3928,-0.013921,0.015901,0.0072718,-0.27661,0.44359,0.52863,0.094498,0.012855,-9.8152,-0.0070042,0.031844,-0.021628,0.35764,0.30628,0.60786,-2.0449,3.4088,9.0325,0.012471,0.0078052,-0.0065008,0.47531,-0.51142,-0.41026
2.5889,-9.3728,1.1211,-0.0043377,0.023405,-0.013168,-0.25383,0.80122,0.41995,5.8009,5.1386,5.9919,0.00023496,-0.031321,0.0092517,-0.4035,-0.67609,-0.21752,-0.34875,-5.048,-8.3895,-0.023119,0.0013393,0.0065029,-0.27066,0.43736,0.51957,0.062651,0.013644,-9.831,0.025882,0.0074604,-0.0065955,0.38355,0.30915,0.59939,-2.0258,3.4005,9.0549,-0.015605,-0.014326,-0.011183,0.47818,-0.51799,-0.41353
2.5707,-9.401,1.1071,0.006675,0.015066,0.011337,-0.25921,0.81219,0.41227,5.7783,5.1105,6.0247,0.0064551,0.0042623,0.014834,-0.39348,-0.68151,-0.20398,-0.33761,-5.0277,-8.3539,0.0070055,0.0008833,-0.0014983,-0.27033,0.43598,0.50969,0.094861,0.002401,-9.8103,0.0087035,0.0029391,-0.0060386,0.36663,0.309,0.62202,-2.0609,3.4078,9.0406,0.0025803,-0.011702,-0.0073498,0.48839,-0.51912,-0.41899
2.6095,-9.4035,1.103,0.0038005,0.014697,0.0094228,-0.24815,0.80004,0.41127,5.8135,5.1359,6.013,0.01373,0.031517,0.0085686,-0.41186,-0.66374,-0.21585,-0.33238,-5.0458,-8.3688,-0.028312,0.01533,-0.0053929,-0.2796,0.43949,0.50719,0.080137,-0.014758,-9.7988,0.0072109,0.013751,-0.025249,0.36275,0.29892,0.6044,-2.0553,3.374,9.065,0.0021973,0.0092197,-0.011187,0.47885,-0.52308,-0.39863
2.6553,-9.3837,1.1348,0.015518,0.026125,-0.012034,-0.26576,0.795,0.39709,5.7816,5.1459,5.9759,0.0060432,0.01555,-0.021867,-0.38569,-0.68178,-0.22819,-0.35564,-5.0243,-8.3757,0.0064498,-0.0043366,-0.018347,-0.27125,0.46143,0.49974,0.065003,-0.0067523,-9.7912,-0.0011713,0.016614,-0.00033952,0.34274,0.30595,0.61011,-2.0566,3.3659,9.0791,-0.014167,0.0085128,-0.010357,0.48197,-0.5196,-0.40193
2.5975,-9.3815,1.1004,0.017606,0.023485,0.010225,-0.25265,0.80334,0.4147,5.7617,5.1216,6.015,0.0076214,-0.0015283,0.017434,-0.40026,-0.68763,-0.21027,-0.34347,-5.0366,-8.3798,-0.0072163,-0.0034176,-0.0076141,-0.27497,0.43283,0.50693,0.11191,-0.007496,-9.8257,-0.0088987,0.0055382,-0.0036166,0.36681,0.31614,0.59274,-2.0451,3.4241,9.0438,0.0097303,-0.0031244,-0.0050355,0.46175,-0.50384,-0.40277
2.6194,-9.3866,1.1185,0.0093579,0.021763,-0.014823,-0.24767,0.77846,0.42056,5.8269,5.1215,6.0149,0.023899,0.015237,0.0086674,-0.40334,-0.67663,-0.23017,-0.33583,-5.0221,-8.3995,-0.022549,-0.0052169,0.0053654,-0.27914,0.44028,0.50585,0.068893,0.024171,-9.7961,0.0069429,0.024933,-0.013714,0.35681,0.32082,0.61073,-2.0488,3.3796,9.0577,-0.027443,-0.016498,-0.005547,0.46641,-0.5274,-0.42689
2.6084,-9.3867,1.1151,-0.0084961,0.025072,-0.012755,-0.25925,0.78542,0.42005,5.7816,5.1566,6.0067,0.0145,-0.022762,-0.015706,-0.39593,-0.67602,-0.23249,-0.35355,-5.0358,-8.368,0.015511,-0.007082,-0.0095421,-0.29289,0.46271,0.5013,0.10065,-0.0048336,-9.8195,0.035639,0.0099335,0.0018042,0.37267,0.29805,0.58098,-2.0334,3.4188,9.0367,-0.015195,0.0056082,-0.0026048,0.46346,-0.52238,-0.39229
2.635,-9.397,1.1176,-0.0054633,0.011326,-0.013079,-0.27472,0.80265,0.41148,5.7606,5.1352,6.0036,0.0047398,-0.00030291,0.006289,-0.41403,-0.68702,-0.21767,-0.35031,-5.0519,-8.3884,0.0059261,-0.027971,-0.0085717,-0.27804,0.4445,0.49907,0.071273,-0.0025251,-9.7887,-0.0070803,0.0040639,-0.0088554,0.37078,0.30651,0.59239,-2.0389,3.4126,9.0184,-0.0024388,0.0066177,-0.0083365,0.49457,-0.50692,-0.42737
2.6204,-9.3883,1.1366,-0.013133,0.013672,0.00123,-0.26386,0.77658,0.42072,5.8407,5.1429,6.0082,0.0051833,-0.0020769,-0.038978,-0.40602,-0.67133,-0.21048,-0.35316,-5.0373,-8.3344,-0.0085897,-0.0049093,-0.022199,-0.26448,0.45187,0.5031,0.094357,0.013996,-9.8097,0.01615,0.020232,-0.0012071,0.36238,0.31353,0.61164,-2.0441,3.375,9.0763,-0.016281,0.0012876,-0.019141,0.48414,-0.5022,-0.41252
2.5841,-9.3969,1.141,-0.022166,0.0070926,-0.021608,-0.24415,0.78304,0.40069,5.7991,5.1194,6.0326,-0.0057226,0.0055307,-0.021844,-0.40852,-0.68753,-0.21872,-0.36966,-5.0293,-8.3738,0.022769,-0.0015192,-0.0092576,-0.28505,0.44197,0.50379,0.070371,0.019568,-9.7916,-0.0080845,0.016252,0.00087831,0.36049,0.30781,0.60816,-2.0663,3.3982,9.063,0.015067,-0.023935,0.0057594,0.47195,-0.51239,-0.38844
2.6356,-9.4053,1.1358,0.0042314,0.036963,-0.021312,-0.24646,0.79421,0.39955,5.768,5.1395,6.0209,0.029786,-0.017369,-0.0062954,-0.39461,-0.68643,-0.22104,-0.34957,-5.0452,-8.3963,-0.0060751,0.0074562,-0.003656,-0.27305,0.43689,0.50895,0.093385,0.027739,-9.8214,0.0050493,0.0016979,0.0074778,0.36498,0.29551,0.60035,-2.0439,3.3889,9.054,-0.020001,-0.0089445,0.020246,0.47016,-0.48982,-0.42839
2.6025,-9.3902,1.1137,-0.0036977,0.030016,-0.014003,-0.24378,0.78472,0.42487,5.7766,5.16,5.9987,0.011235,-0.0076881,0.00027185,-0.41032,-0.68551,-0.21247,-0.34453,-5.0512,-8.3753,0.0056353,-0.038122,0.011999,-0.28675,0.43349,0.51386,0.082187,0.028305,-9.8074,0.003814,0.033747,0.014736,0.3588,0.30143,0.61509,-2.0389,3.3871,9.0408,0.00018341,0.011246,-0.0014926,0.47324,-0.50273,-0.43363
2.6222,-9.3851,1.1369,0.012746,0.029739,0.0012088,-0.2555,0.80096,0.38724,5.7931,5.125,5.9928,0.017836,-0.00067557,-0.0089536,-0.4236,-0.66908,-0.20548,-0.36414,-5.0449,-8.3792,0.021125,-0.019171,-0.0035327,-0.27876,0.43472,0.51114,0.062487,0.0043767,-9.7941,-0.0060421,0.011972,-0.018912,0.36531,0.3174,0.60155,-2.0412,3.4247,9.0496,0.014717,-0.0071047,-0.00032256,0.49808,-0.51704,-0.41296
2.6077,-9.4221,1.0976,-0.0095568,0.020168,-0.0088694,-0.26881,0.79058,0.40177,5.8415,5.1338,6.0156,0.017136,-0.0097993,0.0095272,-0.40693,-0.6568,-0.21109,-0.34303,-5.0252,-8.3954,-0.0019373,0.0056869,0.010418,-0.2741,0.42726,0.52637,0.090746,0.0058826,-9.7676,0.0056819,0.0081349,-0.0075209,0.37163,0.30619,0.6016,-2.0065,3.4007,9.0365,-0.013863,0.0068635,0.014818,0.47235,-0.52603,-0.41494
2.6301,-9.4057,1.1096,-0.014551,0.017534,0.0089267,-0.26777,0.7995,0.403,5.7962,5.1126,6.0314,0.017135,-0.016443,-0.0043309,-0.40708,-0.66876,-0.22299,-0.32855,-5.0533,-8.3688,-0.012587,-0.0059605,-0.0074919,-0.28064,0.44173,0.50639,0.090428,-0.0034825,-9.7857,-0.0069306,0.0086745,-0.0047028,0.35183,0.31498,0.58951,-2.0288,3.3949,9.0406,-0.0077838,0.019702,-0.029612,0.45588,-0.52622,-0.4295
2.6232,-9.3822,1.0981,-0.01094,0.03835,-0.0022921,-0.25043,0.79322,0.41601,5.783,5.1151,6.0149,0.014324,-0.010378,-0.013591,-0.40276,-0.6841,-0.20536,-0.32447,-5.0412,-8.3713,0.014451,-0.027084,-0.0046812,-0.28121,0.44377,0.50715,0.098136,0.038392,-9.8112,0.0019174,0.0053099,0.0072712,0.35432,0.31508,0.60653,-2.0208,3.395,9.0485,-0.023174,-0.0087464,0.0081425,0.49315,-0.53502,-0.40951
2.6032,-9.3954,1.1351,0.0048226,0.029567,0.0013044,-0.26812,0.77363,0.4272,5.8133,5.1216,6.0151,0.0077907,-0.018168,-0.0013881,-0.41371,-0.6547,-0.22524,-0.33335,-5.0496,-8.364,-0.011447,-0.017612,-0.018542,-0.27018,0.43962,0.50802,0.08737,0.014283,-9.8151,-0.023352,0.011177,-0.02607,0.35319,0.3068,0.58871,-2.0032,3.3889,9.0717,-0.016689,-0.0024223,-0.0025282,0.47193,-0.51414,-0.38862
2.6206,-9.4007,1.1215,0.020712,0.02,0.0081725,-0.27538,0.79418,0.40393,5.7648,5.1155,6.0107,0.011891,0.020105,-0.000966,-0.43738,-0.67474,-0.20947,-0.33887,-5.0349,-8.3705,-0.0077148,-0.0063252,-0.019316,-0.27309,0.43178,0.52798,0.071029,0.01292,-9.7826,0.005874,-0.010135,-0.015312,0.37375,0.28985,0.61009,-2.0649,3.3933,9.0555,-0.02389,-0.0085029,0.0019305,0.47316,-0.53114,-0.41564
2.6027,-9.3997,1.1322,-0.0047997,0.039159,0.0013822,-0.27278,0.7908,0.39952,5.7823,5.131,6.0226,0.0058023,-0.0010363,0.018616,-0.41305,-0.68299,-0.2309,-0.3113,-5.0406,-8.3609,0.0093486,-0.018895,0.0049672,-0.28397,0.43589,0.50656,0.063726,-0.010647,-9.8108,0.0076502,0.019699,0.0013442,0.36792,0.30159,0.58406,-2.0261,3.4264,9.0361,0.012459,-0.0061699,-0.0013543,0.48367,-0.5059,-0.41753
2.6503,-9.396,1.155,0.019087,0.014442,0.0046123,-0.27484,0.79048,0.38663,5.7944,5.1672,6.0284,0.019741,-0.0089912,0.0099781,-0.40753,-0.67098,-0.20713,-0.34996,-5.0541,-8.3624,-0.013156,-0.0065089,-0.012902,-0.2803,0.43136,0.50851,0.096531,0.024491,-9.7949,-0.015723,0.017077,-0.017339,0.34173,0.30694,0.59728,-2.1155,3.3642,9.0348,-0.01075,0.011316,0.020408,0.48693,-0.50884,-0.41849
2.6252,-9.4015,1.116,0.01442,0.012943,0.0046419,-0.2344,0.79715,0.40723,5.7801,5.1513,5.9841,0.022664,0.0067505,0.0050791,-0.40248,-0.68606,-0.23436,-0.36079,-5.038,-8.3884,-0.01202,-0.0055279,0.0092546,-0.27269,0.44782,0.49643,0.07254,-0.0050995,-9.7926,-0.010783,0.020286,-0.030074,0.36489,0.30163,0.62583,-2.055,3.3641,9.0439,-0.01496,0.0023612,0.0011955,0.48975,-0.52281,-0.40429
2.6234,-9.418,1.1268,0.0009344,0.015691,0.0059097,-0.25164,0.78254,0.4281,5.8061,5.1279,5.9937,-0.012168,0.013229,0.0087699,-0.4025,-0.67699,-0.22028,-0.35968,-5.0519,-8.3636,-0.02502,-0.018507,-0.014347,-0.28343,0.44048,0.51085,0.10009,0.00751,-9.7908,-0.0039387,0.035357,0.0060853,0.35731,0.29692,0.61619,-2.0374,3.3806,9.0808,-0.0072033,0.0041769,-0.019449,0.46692,-0.50202,-0.39705
2.6026,-9.3938,1.1301,0.016817,0.012191,-0.00070256,-0.28437,0.81663,0.40513,5.7878,5.1331,5.9985,-0.0022025,0.00088866,0.006206,-0.41241,-0.67524,-0.21377,-0.33492,-5.0743,-8.3732,-0.013044,-0.012048,-0.023848,-0.28497,0.44806,0.51769,0.062986,-0.012199,-9.7953,0.010248,0.010282,-0.0015857,0.34866,0.31956,0.60429,-2.0503,3.4235,9.0431,-0.019534,0.014512,-0.016232,0.51231,-0.51893,-0.3974
2.6241,-9.3861,1.1168,0.0093918,0.013705,-0.010908,-0.2623,0.79576,0.4009,5.8013,5.1203,5.9911,-0.0028176,0.0032831,-0.0073132,-0.40634,-0.67685,-0.22408,-0.35503,-5.0506,-8.3837,0.0059477,0.0057237,-0.030437,-0.25113,0.44486,0.49459,0.08131,-0.00086961,-9.8104,0.0041958,0.019726,0.009929,0.37124,0.30295,0.59246,-2.0721,3.417,9.02,-0.0033257,-0.0040294,-0.01139,0.47344,-0.52959,-0.39693
2.6117,-9.3901,1.1746,0.0064729,0.012217,0.0035261,-0.27544,0.80122,0.40908,5.7655,5.1107,5.998,0.014102,-0.0059586,0.0068923,-0.3934,-0.67399,-0.23506,-0.3283,-5.0348,-8.3818,-0.0071457,-0.0011398,-0.029379,-0.29502,0.44657,0.52252,0.081962,-0.0056383,-9.8148,-0.010643,0.0043492,0.026673,0.38839,0.29564,0.60324,-2.061,3.367,9.0258,-0.0070613,0.020467,-0.0029796,0.49382,-0.51882,-0.41263
2.6277,-9.4074,1.0521,0.0010687,0.023573,-0.013711,-0.25057,0.79469,0.41734,5.7674,5.1512,5.9947,0.014334,0.013997,-0.0010943,-0.40382,-0.6822,-0.23079,-0.34051,-5.0413,-8.3547,0.023994,0.0022107,0.0072534,-0.27871,0.44697,0.49919,0.084024,0.036261,-9.8163,0.020592,0.028852,-0.017143,0.35704,0.29884,0.60245,-2.0238,3.3758,9.0521,0.024068,-0.012135,0.015425,0.45145,-0.50797,-0.41879
2.6165,-9.3638,1.1103,0.018645,0.030345,-0.011492,-0.24897,0.80165,0.41381,5.7715,5.1276,5.9943,0.0074806,-0.01311,-0.021625,-0.41902,-0.68007,-0.21432,-0.32824,-5.0479,-8.3581,0.0056721,-0.014397,-0.016654,-0.26256,0.42082,0.51695,0.040115,0.0093842,-9.7778,0.0027499,0.031714,-0.01078,0.36022,0.30083,0.6049,-2.0745,3.3707,9.0579,-0.041475,0.009711,0.022645,0.49168,-0.51573,-0.41025
2.6154,-9.379,1.1023,0.0036129,0.022438,-0.015138,-0.26389,0.80673,0.41413,5.7945,5.1231,5.995,0.036919,-0.0073408,-0.00099925,-0.40781,-0.6686,-0.23132,-0.35207,-5.0427,-8.3591,-0.0046817,0.004131,0.015405,-0.28834,0.45369,0.51015,0.060595,-0.0067688,-9.7866,-0.020272,0.035866,-0.019407,0.36716,0.29538,0.61025,-2.0239,3.4388,9.0647,-0.020769,0.0096117,-0.009478,0.49124,-0.50622,-0.40276
2.6176,-9.3992,1.1465,-0.011448,0.044077,-0.003277,-0.25744,0.78861,0.38719,5.7965,5.0919,6.0021,0.012479,-0.0006881,0.0083054,-0.40472,-0.6827,-0.22105,-0.35896,-5.0578,-8.3841,-0.011424,-0.0061835,0.012148,-0.28624,0.45168,0.52266,0.083424,0.011469,-9.7938,-0.012057,0.00279,-0.0054374,0.3429,0.28723,0.60247,-2.0424,3.4116,9.0327,-0.0086825,0.010216,-0.0043501,0.47436,-0.52017,-0.40574
2.6355,-9.3985,1.125,-0.015074,0.012763,-0.0045464,-0.26215,0.80145,0.41943,5.7586,5.1457,5.9988,0.021692,-0.0067124,0.010147,-0.4008,-0.69086,-0.21484,-0.33237,-5.0497,-8.3925,0.004181,0.0011355,-0.01257,-0.2842,0.43711,0.49666,0.068266,0.011174,-9.7927,-0.011224,0.012797,-0.013312,0.35017,0.30636,0.57923,-2.0668,3.4244,9.0808,-0.018243,0.015744,-0.022687,0.49819,-0.50591,-0.39951
2.6284,-9.3672,1.1003,-0.0089296,-0.0082673,-5.9538e-05,-0.25982,0.7941,0.39261,5.7342,5.1404,5.977,-0.005729,-0.010867,-0.018034,-0.42254,-0.68695,-0.24586,-0.33417,-5.0325,-8.3967,-0.016332,-0.015697,-0.00055948,-0.27411,0.45158,0.50533,0.080322,-0.021102,-9.8153,0.015603,0.001617,-0.0034182,0.36873,0.30255,0.6122,-2.0271,3.3865,9.0961,0.0029337,-0.013768,0.0028811,0.45176,-0.49893,-0.41561
2.6343,-9.3809,1.1051,0.0078085,0.055343,0.0059789,-0.26525,0.79936,0.42746,5.7801,5.1249,5.9733,-0.0026086,-0.013528,0.017276,-0.40453,-0.66305,-0.21614,-0.33977,-5.0482,-8.3777,-0.01271,0.010907,-0.023699,-0.28211,0.44258,0.5211,0.083342,-0.018284,-9.7886,-0.021711,0.01014,-0.02856,0.35891,0.31288,0.60543,-2.0545,3.41,9.0792,-0.024773,-0.025437,-0.0212,0.49555,-0.51053,-0.40738
2.6187,-9.4003,1.1253,0.010699,0.012225,-0.0066814,-0.24589,0.78407,0.41888,5.7816,5.1496,5.9878,0.016689,0.014978,-0.012492,-0.42,-0.69618,-0.22906,-0.32074,-5.0607,-8.3655,-0.025882,0.0018722,-0.014368,-0.27221,0.45286,0.50135,0.11297,0.034898,-9.7971,-0.013963,0.0018134,-0.0050852,0.38317,0.29984,0.62107,-2.0447,3.3872,9.0425,-0.01326,0.0021285,-0.012094,0.47204,-0.54347,-0.41683
2.5889,-9.3766,1.1294,0.0032848,0.028325,0.013197,-0.27368,0.80897,0.43404,5.7382,5.1294,5.9551,0.0015585,-0.0083736,-0.0050645,-0.41912,-0.67305,-0.22572,-0.34644,-5.0315,-8.3935,0.0012499,0.018968,-0.020019,-0.26552,0.42666,0.53283,0.04866,-0.023963,-9.8041,0.0030318,0.011946,0.00058704,0.37131,0.29293,0.60205,-2.0419,3.4268,9.0456,0.019232,0.011966,0.0022767,0.45834,-0.50084,-0.39352
2.5884,-9.4082,1.1145,0.015661,0.013754,-0.015802,-0.25027,0.78421,0.41614,5.8102,5.0998,5.9831,0.019075,-0.010664,0.01423,-0.3937,-0.67483,-0.21213,-0.33538,-5.0518,-8.3534,0.00078255,0.0069052,-0.025773,-0.28308,0.44233,0.5155,0.081296,-0.0086043,-9.8272,0.034276,-0.012759,-0.035027,0.36645,0.30208,0.64196,-2.0424,3.3764,9.0385,-0.009037,0.0098603,-0.0030448,0.4651,-0.51647,-0.40801
2.6162,-9.4053,1.1217,-0.0091359,0.0015361,-0.017345,-0.2556,0.79719,0.40309,5.7797,5.1256,5.9745,0.011048,0.0041282,-0.0018083,-0.41455,-0.67417,-0.21324,-0.33119,-5.0602,-8.3701,0.015259,-0.019576,0.0058742,-0.2887,0.44188,0.52303,0.070745,-0.026988,-9.8441,-0.01278,0.022396,-0.012694,0.36279,0.31883,0.60983,-2.0287,3.3611,9.0292,0.022993,0.016775,-0.010653,0.48428,-0.49807,-0.41378
2.6136,-9.374,1.1225,-0.00055579,0.029818,-0.0067928,-0.24614,0.79441,0.41092,5.7822,5.1344,5.9797,-0.00087667,0.0032622,-0.0045537,-0.42579,-0.65418,-0.21103,-0.32342,-5.0502,-8.3681,0.0047106,-0.012564,0.00055427,-0.28145,0.42591,0.52716,0.092188,0.008375,-9.7983,-0.0034842,0.018794,-0.013663,0.35315,0.35792,0.58207,-2.0427,3.4077,9.0427,0.0077774,-0.0080386,0.024258,0.46172,-0.51309,-0.39926
2.631,-9.3565,1.1041,-0.022402,0.0012263,0.0068801,-0.26056,0.80584,0.40658,5.7639,5.136,6.014,-0.006287,0.0016799,-0.0062621,-0.40423,-0.66778,-0.21655,-0.31401,-5.0437,-8.3641,-0.023188,-0.0041978,-0.030903,-0.26304,0.42975,0.49828,0.064874,-0.012261,-9.8279,-0.0095188,0.026477,0.011516,0.37081,0.30494,0.58958,-2.0726,3.3903,9.0468,0.020477,0.02426,0.016554,0.49357,-0.49984,-0.44409
2.6009,-9.3771,1.1096,0.013581,0.022521,-0.011293,-0.26746,0.80162,0.40811,5.7619,5.0959,5.9329,-0.0055689,-0.01063,0.025688,-0.37523,-0.66819,-0.21217,-0.34444,-5.0303,-8.364,0.0071564,0.0053307,0.0071384,-0.27142,0.44508,0.49169,0.12538,-0.0077885,-9.8519,-0.020107,0.017613,-0.034326,0.3686,0.29977,0.61718,-2.0456,3.4069,9.0715,-0.016371,-0.0017102,-0.0096448,0.46228,-0.53231,-0.41895
