9.2745,-2.1158,2.5104,0.002643,0.013909,-0.009082,-0.70188,-0.35091,-0.36398,8.8449,4.2169,0.70054,0.033193,-0.007014,-0.017505,-0.33278,-0.66885,0.30126,8.8997,-3.1975,2.6985,0.003385,-0.004509,-0.00462,-0.39349,0.11498,-0.69167,-9.7832,-0.31995,0.45715,-0.005078,0.017932,-0.002778,0.47831,-0.36605,-0.4826,-9.7553,0.55852,-0.37343,-0.00115,-0.001529,-0.008304,0.48792,0.19475,0.57587
9.2521,-2.123,2.4953,-0.000967,0.01936,-0.004554,-0.70166,-0.35227,-0.36232,8.806,4.1514,0.71459,0.027031,-0.00534,-0.027242,-0.33071,-0.66728,0.30135,8.8459,-3.1292,2.6818,0.001334,-0.005091,0.007733,-0.39315,0.11445,-0.6924,-9.7834,-0.3196,0.37461,-0.001501,0.004719,-0.003756,0.47623,-0.36501,-0.48217,-9.8002,0.57368,-0.37415,-0.011366,-0.002922,0.012535,0.48897,0.19343,0.57713
9.2372,-2.1155,2.5101,-0.002825,0.010411,-0.004519,-0.70116,-0.35173,-0.36313,8.8377,4.1394,0.69042,0.005332,-0.007749,-0.003953,-0.33106,-0.6673,0.30198,8.8899,-3.1635,2.6928,-0.003614,-0.000198,-0.011684,-0.39263,0.11456,-0.69225,-9.7835,-0.28973,0.40459,0.007338,0.017915,-0.001009,0.47777,-0.36505,-0.4817,-9.8001,0.6185,-0.37403,-0.002086,-0.003276,-0.006487,0.4883,0.19461,0.57735
9.2522,-2.1008,2.5103,-5.5e-05,0.026623,0.002713,-0.70125,-0.35175,-0.36231,8.8623,4.1441,0.7149,0.007146,-0.012231,-0.0111,-0.33133,-0.66781,0.30172,8.9141,-3.1053,2.6678,-0.005622,-0.003583,-0.001082,-0.39359,0.11537,-0.69118,-9.8059,-0.28978,0.39663,-0.006941,0.007382,0.000682,0.47681,-0.36504,-0.48162,-9.8076,0.61856,-0.38163,-0.007675,-0.004828,0.006183,0.48839,0.19514,0.57681
9.2004,-2.0704,2.4057,0.020678,-0.000542,-0.004447,-0.70067,-0.35243,-0.36173,8.8281,4.144,0.73899,0.011703,-0.008776,-0.018238,-0.32986,-0.66679,0.30269,8.8946,-3.1003,2.6796,-0.023375,-0.003841,-0.005524,-0.39293,0.11495,-0.69063,-9.7835,-0.28229,0.41958,-0.008637,-0.006712,-0.004709,0.47793,-0.36532,-0.4813,-9.7255,0.43886,-0.37325,0.010852,-0.002796,-0.028249,0.48837,0.19541,0.57667
9.1927,-2.1148,2.4128,-0.03703,0.039131,-0.017466,-0.70126,-0.3524,-0.36258,8.8209,4.0351,0.69957,0.007015,-0.003191,0.013824,-0.33159,-0.66782,0.30183,8.7946,-3.0684,2.768,0.008569,-0.016074,0.002409,-0.39489,0.11621,-0.6919,-9.7836,-0.25985,0.43456,-0.005138,0.010891,-0.001051,0.47803,-0.36452,-0.48209,-9.7999,0.72308,-0.37374,-0.025658,0.011199,0.004518,0.48659,0.19487,0.57596
9.2294,-2.1749,2.5545,-0.007355,0.010449,-0.004525,-0.70236,-0.35159,-0.36277,8.9084,4.304,0.7305,-0.002119,-0.006579,0.025494,-0.33234,-0.66758,0.30244,9.0334,-3.0185,2.6827,-0.019396,-0.006206,-0.025791,-0.39383,0.11655,-0.69098,-9.8057,-0.33481,0.40419,0.003669,0.001208,0.003278,0.47827,-0.36614,-0.48023,-9.7702,0.57356,-0.38112,0.008656,0.002299,0.001653,0.48789,0.195,0.57733
9.2671,-2.1083,2.4955,-8.2e-05,0.013958,-0.006352,-0.70187,-0.35164,-0.36124,8.8725,4.0251,0.75087,0.019517,-0.012973,0.008343,-0.33038,-0.6664,0.30266,8.9336,-3.1395,2.7713,-0.019555,0.004914,-0.018744,-0.39447,0.1167,-0.69101,-9.7689,-0.22961,0.38981,0.005678,0.02671,-0.006231,0.47807,-0.36519,-0.48142,-9.8002,0.55863,-0.34431,-0.000471,0.000609,0.00801,0.48823,0.19488,0.57641
9.2374,-2.13,2.413,-0.013596,0.022938,-0.010064,-0.70085,-0.35135,-0.36257,8.7767,4.1971,0.77781,0.005602,0.019512,-0.01626,-0.33092,-0.6673,0.30225,8.7923,-3.1242,2.7396,0.014681,-0.015115,-0.032914,-0.3934,0.11717,-0.68996,-9.7837,-0.22998,0.46454,0.007422,0.009113,-0.007232,0.47726,-0.36635,-0.4812,-9.7627,0.58854,-0.40336,-0.000138,0.000123,-0.01553,0.48682,0.1938,0.57705
9.2672,-2.1008,2.4582,-0.002812,0.017669,0.002747,-0.70113,-0.35108,-0.36258,8.8992,4.139,0.75642,-0.011063,-0.017253,0.018373,-0.33037,-0.66705,0.30267,8.8923,-3.1683,2.7027,0.00236,0.006348,-0.041692,-0.39382,0.11589,-0.6907,-9.7689,-0.21473,0.4198,-0.010396,0.01441,-0.004549,0.47751,-0.36582,-0.48171,-9.8152,0.54392,-0.38943,-0.012939,0.000331,-0.003713,0.48729,0.19593,0.57663
9.2075,-2.1078,2.4801,-0.015574,0.008914,0.012794,-0.70325,-0.35056,-0.36158,8.84,4.2121,0.70049,-0.005072,0.015944,-0.025072,-0.33104,-0.66601,0.30261,8.8705,-3.2653,2.6943,-0.033818,0.001235,-0.01703,-0.39323,0.11666,-0.69158,-9.7689,-0.21467,0.4048,0.007305,0.010868,-0.001043,0.47755,-0.36586,-0.48066,-9.7703,0.55865,-0.38863,-0.005759,-0.010393,-0.002918,0.4875,0.19607,0.57583
9.2819,-2.1306,2.4805,-0.000959,0.01934,-0.006376,-0.70181,-0.35081,-0.36261,8.7767,4.1005,0.70932,0.019551,-0.008572,0.007469,-0.33111,-0.66721,0.30341,8.8047,-3.1726,2.6184,-0.00556,-0.001761,-0.002881,-0.39366,0.11617,-0.69247,-9.8127,-0.39509,0.46414,0.012644,0.007361,-0.000218,0.47614,-0.3653,-0.48125,-9.7927,0.57364,-0.37403,-0.000245,0.000277,-0.008278,0.4875,0.19581,0.57584
9.2967,-2.1457,2.5104,0.020718,0.018467,0.006428,-0.70148,-0.35098,-0.3615,8.8643,4.2002,0.65198,-0.005539,-0.00136,0.015744,-0.33208,-0.66706,0.30244,8.8925,-3.246,2.6748,0.000749,0.003614,-0.006378,-0.39398,0.11773,-0.69127,-9.7838,-0.22229,0.41951,-0.019392,0.007389,-0.000187,0.47757,-0.36536,-0.48013,-9.7701,0.62588,-0.38844,0.01689,0.002164,-0.006511,0.48821,0.19434,0.57789
9.2374,-2.0932,2.4804,-0.006285,0.033592,-0.015568,-0.70229,-0.35117,-0.36386,8.85,4.1201,0.67583,0.030616,0.008036,-0.014749,-0.33102,-0.66628,0.30288,8.8753,-3.1731,2.6879,-0.00764,-0.016003,0.011237,-0.39383,0.1172,-0.69099,-9.7833,-0.3272,0.39713,-0.0048,0.033766,-0.013261,0.47766,-0.36557,-0.48131,-9.7553,0.5137,-0.37356,0.001406,0.000513,0.003464,0.48775,0.19515,0.57546
9.2149,-2.1301,2.48,-0.008104,0.037276,-0.008293,-0.70194,-0.35108,-0.36248,8.7839,4.1514,0.71688,0.007898,-0.01656,0.001307,-0.33128,-0.66758,0.30276,8.846,-3.1487,2.709,-0.007469,-0.011674,0.002408,-0.39267,0.11767,-0.69044,-9.8279,-0.34262,0.45627,0.027092,0.000302,-0.011726,0.4773,-0.36537,-0.47988,-9.8,0.69325,-0.38877,-0.002154,0.005835,0.000807,0.48723,0.19528,0.57557
9.2744,-2.1454,2.4953,-0.000971,0.024847,0.003632,-0.70233,-0.35036,-0.36469,8.9088,4.1368,0.72487,-0.005569,-0.015585,0.006778,-0.33134,-0.66677,0.3017,8.9312,-3.1491,2.7079,0.001419,-0.016134,0.004199,-0.39315,0.11755,-0.68996,-9.7695,-0.094728,0.41966,-0.002061,0.000331,0.01832,0.47765,-0.36658,-0.48197,-9.7927,0.57354,-0.34414,-0.000271,-0.005999,-0.008319,0.48782,0.19409,0.57615
9.1927,-2.1149,2.4501,-0.017311,0.017795,0.006366,-0.70177,-0.3509,-0.36439,8.8406,4.1147,0.78268,0.015326,-0.008835,-0.023604,-0.33093,-0.66859,0.30175,8.8605,-3.0759,2.6884,-0.003873,-0.010781,0.000659,-0.39318,0.11743,-0.69046,-9.7835,-0.28973,0.40459,-0.015724,0.025866,-0.00272,0.47763,-0.36339,-0.48118,-9.7629,0.46892,-0.3738,0.014198,0.007529,-0.006465,0.48876,0.1953,0.57469
9.2598,-2.1154,2.4357,0.006353,0.030005,-0.00824,-0.70206,-0.35009,-0.36468,8.8308,4.0809,0.74844,0.004669,0.003569,-0.021679,-0.33002,-0.66768,0.30192,8.8727,-3.1099,2.6672,-0.012861,-0.008948,0.004186,-0.39366,0.11822,-0.69,-9.8279,-0.35009,0.44878,0.019917,0.005594,-0.008162,0.47686,-0.36496,-0.4803,-9.8149,0.70069,-0.35912,-0.00749,-0.001519,-0.007362,0.48749,0.19581,0.5757
9.3116,-2.1458,2.5254,0.004511,0.031938,-0.000946,-0.70142,-0.35041,-0.36287,8.9429,4.1322,0.67646,0.009987,0.020583,-0.000267,-0.33191,-0.66701,0.30089,8.9824,-3.1396,2.6718,0.001625,-0.000958,-0.006351,-0.39299,0.11871,-0.68935,-9.8062,-0.22984,0.41157,0.002222,0.000322,-0.013472,0.47902,-0.36417,-0.48138,-9.7554,0.49876,-0.3736,-0.004834,-0.002328,-0.002871,0.48787,0.19527,0.57706
9.2223,-2.086,2.555,-0.011813,0.037583,0.01177,-0.70147,-0.34933,-0.36384,8.8206,4.0935,0.66095,0.026073,0.01523,-0.000455,-0.33108,-0.66651,0.30171,8.8459,-3.1293,2.7014,-0.000372,-0.010657,0.004187,-0.39457,0.11839,-0.69056,-9.768,-0.37989,0.45752,-0.008703,0.002085,-0.000255,0.47707,-0.36438,-0.48187,-9.7702,0.58842,-0.35866,-0.012964,-0.002355,-0.002848,0.48819,0.19555,0.576
9.1924,-2.1742,2.4348,-0.004547,0.028362,-0.00096,-0.70161,-0.35012,-0.36398,8.7964,4.1343,0.74848,-0.002026,-0.00669,0.017447,-0.33235,-0.66653,0.30229,8.8825,-3.1391,2.6679,-0.012566,-0.003859,-0.009934,-0.39554,0.11595,-0.68978,-9.7982,-0.31997,0.44934,-0.00513,0.019701,-0.000119,0.477,-0.36597,-0.48081,-9.7925,0.67804,-0.32144,0.002351,0.00043,-0.001051,0.48648,0.19605,0.57647
9.3486,-2.1539,2.6152,-0.017333,0.016048,0.00366,-0.70101,-0.3493,-0.36533,8.899,4.1199,0.698,0.015883,0.012916,0.035203,-0.33266,-0.66612,0.30148,8.9094,-3.1635,2.6785,0.003195,-0.003372,0.004221,-0.39557,0.11804,-0.69022,-9.7989,-0.19978,0.40418,-0.015806,0.014433,-0.001016,0.47767,-0.36609,-0.48131,-9.8002,0.54369,-0.34435,0.010482,0.000465,-0.001062,0.48731,0.19553,0.57677
9.2891,-2.1532,2.5625,0.009891,0.024781,0.002739,-0.70257,-0.34839,-0.36403,8.772,4.197,0.8118,-0.009176,-0.017415,0.004117,-0.33166,-0.66597,0.30075,8.9753,-3.2172,2.6413,-0.014298,-0.002134,-0.01168,-0.39493,0.11749,-0.69005,-9.7982,-0.34966,0.37434,-0.001711,0.010894,0.00687,0.47715,-0.36637,-0.48054,-9.7854,0.47649,-0.37416,-0.018159,-0.003597,-0.019113,0.48802,0.19661,0.57571
9.2075,-2.1298,2.4352,0.00091,0.026421,-0.010061,-0.7014,-0.34917,-0.36507,8.8285,4.1145,0.81663,0.025134,0.010756,-0.00402,-0.33214,-0.66599,0.30151,8.807,-3.1485,2.7109,-0.006576,-0.011651,0.002398,-0.3944,0.11877,-0.68955,-9.7692,-0.13248,0.47973,-0.008474,0.010885,-0.013377,0.47778,-0.36467,-0.48144,-9.7553,0.49855,-0.31383,0.016004,0.004804,-0.008301,0.4892,0.19608,0.57709
9.2223,-2.1522,2.4352,0.008043,0.013988,0.00277,-0.70127,-0.34917,-0.36506,8.7988,4.2309,0.81698,-0.034272,0.009348,0.028484,-0.33198,-0.66723,0.29945,8.8241,-3.1826,2.7313,0.01566,-0.003219,0.005092,-0.39438,0.11772,-0.68927,-9.7836,-0.2896,0.37457,-0.003297,0.010004,-0.002831,0.4795,-0.36487,-0.48004,-9.7702,0.55854,-0.35874,-0.020343,0.001461,0.00986,0.48749,0.19501,0.57545
9.2891,-2.1753,2.5251,0.000894,0.041059,0.00995,-0.70254,-0.34887,-0.36594,8.9235,4.1997,0.74955,0.013573,0.012518,-0.011002,-0.33184,-0.66736,0.29959,8.9386,-3.1929,2.7014,-0.007448,0.004618,0.000697,-0.39484,0.11789,-0.69081,-9.7844,-0.10982,0.42688,0.003714,0.010882,-0.00102,0.47704,-0.36665,-0.48002,-9.7703,0.49878,-0.35891,0.006213,-0.00172,-0.019168,0.48691,0.19713,0.57526
9.222,-2.16,2.5396,0.006339,0.040975,0.007217,-0.70077,-0.34889,-0.36601,8.7403,4.1532,0.83085,-0.006913,0.01236,-0.025097,-0.33329,-0.66801,0.29913,8.8657,-3.2532,2.6843,0.005005,0.003001,0.003332,-0.39442,0.11747,-0.69002,-9.7832,-0.33479,0.41965,-0.00675,0.003845,-0.008176,0.47647,-0.36638,-0.48018,-9.785,0.67809,-0.34373,0.001352,-0.009322,0.00431,0.48767,0.19555,0.57438
9.207,-2.2043,2.5317,0.00357,0.026587,0.002712,-0.70106,-0.34756,-0.36616,8.8404,4.1584,0.75858,0.003785,0.02491,-0.007319,-0.33218,-0.66772,0.29815,8.8704,-3.2071,2.6982,0.001493,-0.005286,0.000667,-0.39394,0.11902,-0.69054,-9.7991,-0.18466,0.37415,-0.008625,0.007379,-0.004593,0.47714,-0.36636,-0.48081,-9.7703,0.49873,-0.34397,-0.001979,0.001048,-0.013702,0.48712,0.19606,0.57609
9.1999,-2.1226,2.5098,0.009929,0.031941,0.004522,-0.70027,-0.34768,-0.36681,8.7964,4.1342,0.76792,-0.003416,0.010704,-0.014459,-0.33259,-0.66693,0.29785,8.8461,-3.241,2.7278,0.011925,0.016934,0.012195,-0.3932,0.11756,-0.69084,-9.813,-0.35003,0.44908,-0.003505,0.003865,0.005942,0.47661,-0.36536,-0.47978,-9.7703,0.51372,-0.35887,-0.000194,-0.007011,-0.013761,0.48728,0.19661,0.57475
9.2666,-2.19,2.5397,0.020791,0.021863,-0.008182,-0.69998,-0.34769,-0.36639,8.8501,4.1586,0.73433,0.012765,0.012424,-0.019907,-0.33246,-0.66875,0.29763,8.846,-3.2021,2.7173,-0.00352,0.013512,0.025422,-0.39345,0.11757,-0.69086,-9.8424,-0.42521,0.46357,0.000494,0.007382,-0.013459,0.47632,-0.36636,-0.48058,-9.815,0.66323,-0.32933,-0.025584,0.002968,-0.003668,0.48707,0.19699,0.57553
9.2813,-2.2125,2.5919,0.032621,0.046195,0.007237,-0.70058,-0.34872,-0.3675,8.8992,4.139,0.75642,0.003774,0.016039,-0.012694,-0.33222,-0.66731,0.29749,8.946,-3.2245,2.7143,0.004798,0.007742,0.012198,-0.39241,0.11805,-0.69031,-9.7694,-0.13964,0.3972,0.00021,0.009116,-0.002806,0.47605,-0.36521,-0.48007,-9.7853,0.51385,-0.37406,-0.005605,0.001974,-0.011872,0.48655,0.19553,0.57554
9.1476,-2.1446,2.5391,0.029901,0.044391,0.008139,-0.69996,-0.34797,-0.36612,8.7231,4.1341,0.78691,0.014477,0.000876,-0.021785,-0.33116,-0.67002,0.2972,8.8071,-3.2116,2.7071,-0.000715,0.018849,0.019242,-0.39118,0.11853,-0.69102,-9.8126,-0.43244,0.42667,0.013652,0.030242,-0.002714,0.47796,-0.36484,-0.48038,-9.7702,0.55839,-0.31392,-0.000171,0.004638,-0.013685,0.4867,0.19606,0.57581
9.2294,-2.1897,2.5394,0.037116,0.032601,-1e-06,-0.70066,-0.34822,-0.36642,8.8063,4.1316,0.79713,9.3e-05,0.003642,-0.012745,-0.33157,-0.6686,0.29715,8.8826,-3.1974,2.708,0.015373,0.007108,0.018376,-0.39105,0.11813,-0.69088,-9.784,-0.19232,0.42698,-0.001206,0.016158,-0.018649,0.47678,-0.36641,-0.47937,-9.7928,0.51393,-0.38913,0.012514,-0.005255,-0.018293,0.48718,0.19647,0.57515
9.1997,-2.145,2.547,0.015393,0.037266,0.002684,-0.70032,-0.34924,-0.36776,8.7988,4.1632,0.77293,-0.014413,0.000286,0.005143,-0.33038,-0.66899,0.29749,8.8607,-3.2071,2.7176,-0.000284,0.012846,-0.001068,-0.39155,0.11763,-0.69089,-9.7693,-0.16195,0.35221,-0.012223,0.004729,-0.002844,0.47673,-0.36484,-0.48004,-9.7702,0.54358,-0.35131,-0.005034,-0.005635,0.01068,0.48658,0.1954,0.57595
9.1698,-2.1523,2.5691,0.015448,0.037077,-0.011909,-0.69976,-0.34925,-0.36747,8.7916,4.1631,0.80205,0.010698,-0.006034,-0.005769,-0.33033,-0.66894,0.29592,8.8314,-3.1802,2.6996,0.020668,0.021773,0.020166,-0.39017,0.11862,-0.6911,-9.8134,-0.28984,0.40398,0.001813,0.007379,0.00686,0.4758,-0.36562,-0.47955,-9.7703,0.51388,-0.40369,-0.01819,0.003663,-0.014551,0.48666,0.19673,0.57539
9.2517,-2.1458,2.6294,0.019959,0.040749,-0.005524,-0.69937,-0.34898,-0.36773,8.816,4.1704,0.79251,0.001932,0.017832,-0.007343,-0.33057,-0.66934,0.29631,8.8899,-3.178,2.6907,0.003905,0.020472,0.011329,-0.38898,0.11755,-0.69252,-9.7835,-0.27485,0.43458,0.008335,0.01087,-0.00723,0.47593,-0.36612,-0.47981,-9.7852,0.52863,-0.32919,-0.003959,0.009406,0.000836,0.48619,0.19699,0.57457
9.155,-2.1593,2.5092,0.026302,0.031581,-0.013699,-0.6985,-0.3502,-0.36686,8.8063,4.1654,0.8143,0.009028,-0.006155,-0.01998,-0.33058,-0.67051,0.29594,8.8899,-3.2024,2.7229,0.005055,0.020156,-0.001038,-0.39035,0.11734,-0.69208,-9.7843,-0.16201,0.35191,-0.001676,0.023211,0.004345,0.47588,-0.36684,-0.48139,-9.7927,0.55862,-0.35165,0.003301,-0.003222,-0.004691,0.48577,0.19699,0.57429
9.2516,-2.146,2.6891,-0.001062,0.006898,-0.001756,-0.69948,-0.35163,-0.3673,8.7866,4.1391,0.74844,0.044891,-0.008895,-0.025634,-0.32961,-0.66975,0.29715,8.7826,-3.1241,2.7003,0.015102,0.009097,-0.01167,-0.3886,0.11832,-0.69265,-9.8281,-0.34234,0.38874,0.007583,0.016168,-0.01162,0.47618,-0.36648,-0.48072,-9.8002,0.55866,-0.35178,-0.007417,0.00197,-0.011863,0.4864,0.19712,0.57564
9.289,-2.1313,2.6298,0.024508,0.036094,-0.017349,-0.69933,-0.35164,-0.36702,8.7134,4.1871,0.84056,-0.014667,-0.034227,0.003173,-0.33,-0.67066,0.29702,8.9436,-3.2463,2.7196,-0.00524,0.024092,-0.020461,-0.38886,0.11624,-0.69261,-9.8209,-0.26006,0.44882,-0.001372,0.002096,-0.011699,0.47755,-0.36509,-0.48039,-9.7852,0.56606,-0.35151,-0.008245,0.014455,-0.014498,0.48764,0.19714,0.57435
9.1776,-2.1078,2.5396,0.013539,0.011897,-0.019099,-0.69817,-0.35221,-0.36588,8.865,4.1486,0.77813,0.028648,0.007281,0.001278,-0.32878,-0.66964,0.29798,8.7948,-3.1922,2.7604,-0.012473,0.0033,-0.01525,-0.3876,0.11776,-0.69271,-9.7839,-0.22213,0.38199,-0.0155,0.007373,-0.01519,0.47563,-0.36648,-0.48048,-9.7704,0.45386,-0.32915,0.017765,-0.011317,-0.008404,0.48711,0.19765,0.57619
9.1105,-2.1219,2.4942,-0.006344,0.021016,-0.015526,-0.69764,-0.35274,-0.36599,8.7573,4.1969,0.82143,0.008771,-0.005917,0.008474,-0.32873,-0.66985,0.29642,8.7461,-3.1677,2.7299,0.020089,0.006687,-0.036413,-0.38949,0.11809,-0.69269,-9.7541,-0.19208,0.39757,-0.013733,-0.013769,-0.017096,0.47686,-0.36509,-0.4803,-9.7927,0.58869,-0.40387,-0.005888,0.011419,0.011708,0.48716,0.19634,0.57488
9.2221,-2.1305,2.5696,-0.020035,0.008715,-0.00727,-0.70073,-0.35266,-0.36789,8.8181,4.1781,0.71479,0.025037,-0.006914,-0.005887,-0.32933,-0.66924,0.29755,8.8315,-3.2457,2.6885,-0.005368,0.017045,-0.013441,-0.38812,0.1183,-0.69313,-9.8064,-0.20725,0.38903,-0.008518,0.002098,-0.009928,0.47675,-0.36524,-0.47964,-9.7854,0.42399,-0.31454,0.016785,-0.003103,-0.001103,0.48682,0.19659,0.5758
9.237,-2.1306,2.5772,-0.029822,0.037365,-0.015612,-0.69758,-0.35152,-0.3675,8.7989,4.1341,0.77523,0.01435,-0.013213,-0.018289,-0.32902,-0.67069,0.29812,8.8365,-3.2796,2.6256,-2e-05,0.008956,-0.011685,-0.38841,0.11663,-0.69373,-9.8059,-0.27494,0.43413,0.007542,0.010879,-0.011642,0.47671,-0.36532,-0.48083,-9.8001,0.6186,-0.40391,-0.001211,0.001284,-0.002841,0.4866,0.19687,0.57459
9.1699,-2.1302,2.5991,-0.010899,0.022044,-0.010966,-0.69884,-0.35254,-0.36809,8.8256,4.1876,0.74404,0.034774,-0.010387,0.002909,-0.32928,-0.66888,0.29859,8.8071,-3.2067,2.6532,-0.022838,-0.008058,-0.029412,-0.38702,0.1171,-0.69393,-9.7838,-0.22966,0.38951,-0.016705,0.023229,0.000803,0.4765,-0.36691,-0.47965,-9.7703,0.4688,-0.3291,0.005932,0.008597,0.003516,0.48594,0.19725,0.57483
9.1924,-2.0859,2.607,-0.014512,0.026596,-0.008251,-0.69776,-0.35308,-0.36832,8.794,4.1317,0.77761,0.021352,-0.019294,-0.005042,-0.32795,-0.6694,0.29893,8.8168,-3.1971,2.6923,0.005374,-0.014694,-0.013493,-0.38749,0.11685,-0.69306,-9.7684,-0.3197,0.41242,0.002369,0.0047,-0.018756,0.47772,-0.36652,-0.48012,-9.7703,0.52135,-0.40367,-0.002089,0.008443,-0.0028,0.48676,0.19752,0.57511
9.2072,-2.1157,2.6144,-0.01818,0.014927,-0.011853,-0.69907,-0.3523,-0.36742,8.8526,4.1995,0.78314,0.028326,-0.01555,0.018059,-0.32901,-0.66953,0.29862,8.8509,-3.1876,2.7416,0.007154,-0.021976,-0.013497,-0.38875,0.11611,-0.6931,-9.7843,-0.1546,0.37441,-0.001422,-0.001443,-0.009942,0.47677,-0.36577,-0.47938,-9.7703,0.51357,-0.31404,-0.015857,0.004201,0.011679,0.48629,0.19725,0.5759
9.2222,-2.1156,2.5548,-0.017298,0.015921,-0.002737,-0.69719,-0.35151,-0.36776,8.8112,4.1509,0.81183,0.012384,-0.003259,0.008461,-0.32915,-0.66849,0.29859,8.8532,-3.1489,2.7849,0.004542,-0.027553,-0.01704,-0.38994,0.11627,-0.69152,-9.7761,-0.25239,0.44971,-0.017489,0.002979,-0.0064,0.47677,-0.36703,-0.48003,-9.7628,0.54362,-0.3736,0.00509,0.004917,-0.001036,0.48578,0.19671,0.57616
9.2668,-2.1457,2.5699,-0.006346,0.021946,-0.017336,-0.69691,-0.35244,-0.36774,8.8453,4.2115,0.81232,0.02497,-0.003326,0.001258,-0.32911,-0.66877,0.29925,8.8849,-3.1661,2.82,-0.005449,-0.011099,-0.009946,-0.39043,0.11681,-0.69131,-9.8061,-0.22994,0.43408,-0.004893,0.002092,-0.013459,0.47653,-0.3663,-0.47886,-9.8226,0.55874,-0.34469,-0.012189,-0.002153,0.006222,0.48764,0.19686,0.57609
9.237,-2.1085,2.6146,0.000783,0.008598,-0.006324,-0.69993,-0.35174,-0.36814,8.8698,4.2019,0.78812,0.037495,-0.001535,0.004723,-0.32986,-0.66698,0.30022,8.902,-3.1759,2.8082,-0.013137,-0.013401,-0.025853,-0.3919,0.11556,-0.69034,-9.7541,-0.18467,0.42007,0.012736,0.008211,-0.006349,0.47619,-0.36636,-0.48046,-9.7926,0.57343,-0.31426,-0.011271,0.005009,0.006253,0.48684,0.19659,0.57607
9.1925,-2.1005,2.5547,-0.004637,0.022264,0.010018,-0.69901,-0.35015,-0.36866,8.7767,4.2069,0.76813,0.021258,-0.006748,0.014595,-0.32992,-0.66702,0.30152,8.8021,-3.1924,2.7996,0.001884,-0.009413,-0.018791,-0.39121,0.11685,-0.69173,-9.8059,-0.31213,0.35914,0.011105,0.00735,-0.010795,0.47561,-0.36595,-0.48075,-9.7704,0.46148,-0.37395,0.006077,0.000295,-0.008299,0.48712,0.1962,0.57608
9.2667,-2.131,2.5998,-0.018295,0.003472,0.002793,-0.69892,-0.35204,-0.367,8.8304,4.2166,0.75878,0.017747,-0.015698,-0.00053,-0.32935,-0.66839,0.29975,8.8704,-3.2023,2.7617,0.011756,-0.018493,-0.020546,-0.39,0.11603,-0.69278,-9.7985,-0.2896,0.35926,0.004981,0.012634,-0.015166,0.47619,-0.36649,-0.48046,-9.8001,0.59604,-0.35915,-0.015767,0.01129,0.007213,0.48676,0.19567,0.57475
9.2667,-2.1015,2.6522,-0.002882,0.012413,0.008251,-0.69661,-0.35048,-0.36719,8.8156,4.2119,0.72951,0.006905,-0.017356,0.010217,-0.32882,-0.66762,0.30003,8.8754,-3.246,2.7234,-0.010742,-0.001168,-0.011706,-0.39034,0.11629,-0.69193,-9.769,-0.19223,0.41978,0.000199,-0.001447,-0.002889,0.47645,-0.36648,-0.48071,-9.8078,0.50643,-0.35952,-0.002291,0.002435,0.009841,0.48616,0.19592,0.57579
9.1626,-2.1446,2.5094,-0.019113,0.017768,0.002715,-0.6973,-0.35146,-0.36475,8.7621,4.1899,0.78254,-0.002798,-0.008622,-0.000338,-0.33047,-0.66791,0.30085,8.8047,-3.2067,2.6874,-0.016243,0.001731,-0.004657,-0.38906,0.11637,-0.69161,-9.7759,-0.31964,0.38976,0.015424,0.016137,-0.004557,0.47609,-0.3664,-0.47941,-9.8002,0.55874,-0.37419,-0.005973,0.009738,0.017129,0.48684,0.19619,0.57594
9.2665,-2.1608,2.6444,-0.010237,-0.019063,-0.003482,-0.69736,-0.35156,-0.36585,8.8694,4.2266,0.7056,0.023213,-0.003305,0.000387,-0.32945,-0.66634,0.30062,8.8167,-3.129,2.6716,-0.003797,-0.001758,-0.002872,-0.39066,0.11695,-0.69082,-9.7692,-0.18448,0.35974,0.00472,0.010867,-0.004569,0.4766,-0.36534,-0.48018,-9.83,0.64847,-0.35951,0.014043,0.000561,0.002557,0.48681,0.19646,0.57554
9.2892,-2.131,2.5627,0.013396,-0.006752,-0.008063,-0.69928,-0.35035,-0.36621,8.8012,4.1777,0.77787,-0.001888,-0.020196,-0.011073,-0.33002,-0.66645,0.29981,8.9533,-3.2342,2.6755,-0.019749,-0.014773,-0.006421,-0.38959,0.11679,-0.69203,-9.7983,-0.33463,0.36682,0.007228,-0.003203,0.003245,0.47634,-0.36587,-0.47979,-9.7704,0.42405,-0.35164,0.003292,0.000394,-0.002863,0.48545,0.19619,0.57523
9.2075,-2.1004,2.4951,-0.003683,0.022105,-0.000925,-0.70033,-0.35154,-0.36542,8.8306,4.1392,0.73413,0.040333,0.001001,-0.007752,-0.32939,-0.66689,0.30168,8.7923,-3.129,2.7299,0.007036,-0.021814,-0.008208,-0.39056,0.11694,-0.6912,-9.7839,-0.2221,0.37449,-0.008471,0.002085,-0.011697,0.4766,-0.36535,-0.48004,-9.8151,0.63351,-0.37424,-0.007571,0.014818,0.002699,0.48573,0.19579,0.57538
9.2,-2.1004,2.5099,-0.011866,0.022269,0.007271,-0.69978,-0.35181,-0.3654,8.8134,4.1779,0.75364,-0.012765,-0.005794,0.01666,-0.3297,-0.66764,0.30063,8.8459,-3.1099,2.7304,-0.016116,-0.003929,-0.011714,-0.39035,0.11627,-0.68965,-9.7839,-0.21473,0.4045,-0.01016,0.037297,-0.013213,0.47522,-0.36495,-0.47985,-9.7702,0.55844,-0.32886,-0.008725,-0.010039,0.015182,0.4866,0.19566,0.57621
9.1924,-2.1153,2.5396,-0.002782,0.021199,-0.001832,-0.69903,-0.3512,-0.364,8.8523,4.1588,0.68817,0.014187,-0.015671,0.000382,-0.32921,-0.66529,0.30048,8.8703,-3.1635,2.7488,-0.005248,0.00322,-0.019634,-0.39052,0.11694,-0.69056,-9.8061,-0.24481,0.40408,-0.002153,0.01441,-0.015142,0.47677,-0.36487,-0.47911,-9.7554,0.49884,-0.39601,-0.007453,0.001138,-0.008269,0.48582,0.19633,0.57484
9.252,-2.1306,2.54,-0.00733,0.012188,-0.00909,-0.70082,-0.35064,-0.36435,8.7868,4.1025,0.79202,-0.00624,0.000156,-0.007384,-0.32923,-0.66709,0.29973,8.8825,-3.178,2.7223,0.001931,-0.007659,-0.020528,-0.3914,0.11684,-0.69035,-9.7836,-0.27466,0.38956,0.004643,0.002074,-0.001117,0.47534,-0.36367,-0.47971,-9.8225,0.66324,-0.32199,-0.013013,-0.005891,-0.001041,0.48645,0.19659,0.57619
9.2074,-2.1153,2.5099,0.013437,0.003132,-0.003556,-0.69988,-0.35012,-0.36459,8.8304,4.1683,0.72454,0.018596,-0.004951,0.015518,-0.32971,-0.66737,0.30036,8.885,-3.1586,2.6902,-0.016441,-0.024594,-0.036478,-0.39121,0.11734,-0.68909,-9.8055,-0.35003,0.45673,0.000176,0.000332,-0.000259,0.47649,-0.36563,-0.47939,-9.7627,0.57361,-0.4034,-0.002288,-0.001161,0.009793,0.48586,0.19606,0.57538
9.2373,-2.0713,2.5552,-0.010921,0.017571,-0.010941,-0.69852,-0.3504,-0.36467,8.8355,4.1126,0.71945,0.012365,-0.005859,0.012001,-0.32978,-0.66611,0.30177,8.8655,-3.212,2.7324,0.011751,-0.009391,-0.020529,-0.39135,0.11737,-0.69188,-9.7765,-0.21463,0.38964,-0.004244,0.012646,-0.001032,0.47505,-0.36441,-0.48038,-9.7629,0.43904,-0.37389,-0.005704,0.000323,-0.004654,0.4872,0.19581,0.57529
9.2224,-2.1153,2.4802,0.000758,0.008699,0.004611,-0.69868,-0.34933,-0.3651,8.8085,4.1585,0.74623,0.014172,-0.006792,0.007537,-0.3293,-0.66661,0.30102,8.8168,-3.1728,2.709,-0.007151,-0.009321,-0.012611,-0.39174,0.11724,-0.68962,-9.7835,-0.28235,0.43459,0.000496,0.003833,-0.015223,0.47596,-0.36602,-0.47915,-9.7701,0.59579,-0.32876,0.015806,-0.004793,0.004301,0.48574,0.19553,0.57539
9.2594,-2.1454,2.525,-0.015503,0.017794,0.004554,-0.69917,-0.34974,-0.36416,8.8404,4.1729,0.76836,0.005021,-0.008365,0.028064,-0.33079,-0.66653,0.30237,8.8704,-3.2022,2.6834,-0.019711,-0.005714,-0.009073,-0.39237,0.11635,-0.6895,-9.8136,-0.24491,0.41894,-0.012259,0.016196,-0.000129,0.47646,-0.36483,-0.48005,-9.7554,0.49887,-0.40348,-0.021833,0.004597,-0.011828,0.48685,0.19646,0.57607
9.252,-2.1453,2.51,-0.004637,0.00861,-0.006337,-0.69939,-0.34976,-0.36321,8.8328,4.2263,0.75641,0.008804,-0.008575,0.004029,-0.32977,-0.6669,0.30192,8.8826,-3.2144,2.6936,-0.005264,-0.009444,-0.01701,-0.39233,0.11647,-0.68875,-9.7837,-0.27448,0.34454,0.013038,0.022297,-0.016861,0.47745,-0.36551,-0.47961,-9.83,0.66338,-0.352,0.010388,0.002413,0.006196,0.48655,0.19567,0.57554
9.2668,-2.1529,2.5325,0.008067,0.024839,0.007293,-0.69981,-0.34923,-0.36336,8.8355,4.1971,0.78546,0.009036,0.014326,-0.003856,-0.33047,-0.66636,0.30108,8.8899,-3.195,2.6812,-0.007574,-0.007003,0.007725,-0.39151,0.1171,-0.68998,-9.762,-0.10964,0.40482,-0.004978,0.010876,-0.009847,0.47648,-0.36638,-0.48005,-9.7558,0.4532,-0.3498,0.006869,-0.005014,-0.007414,0.48749,0.19598,0.5761
9.2001,-2.115,2.4502,-0.001001,0.014005,-0.00089,-0.70111,-0.3505,-0.36478,8.762,4.1827,0.75821,0.010763,0.010822,0.001431,-0.33045,-0.66637,0.30148,8.8119,-3.1776,2.7017,-0.012929,-0.00884,0.007694,-0.39281,0.11687,-0.68815,-9.8129,-0.38734,0.4041,0.007324,0.017049,0.000731,0.47596,-0.36666,-0.47941,-9.7631,0.55789,-0.37205,0.002462,-0.003383,-0.01463,0.48517,0.19571,0.57362
9.2893,-2.1529,2.4954,-0.002768,0.02846,0.004527,-0.70084,-0.34945,-0.36477,8.8745,4.2022,0.73954,-0.000105,0.003875,0.010397,-0.33049,-0.66712,0.30058,8.9094,-3.1855,2.7229,0.003236,-0.010701,0.002436,-0.39406,0.11876,-0.69042,-9.7842,-0.1696,0.37443,-0.003054,0.0144,-0.015129,0.4773,-0.36664,-0.4804,-9.8155,0.57303,-0.35795,-0.012096,0.004848,-0.004566,0.48531,0.19649,0.57561
9.2521,-2.1157,2.5252,-0.0028,0.030382,0.01455,-0.69995,-0.34909,-0.36337,8.8256,4.1635,0.72449,0.003677,0.000106,-0.014566,-0.3291,-0.66683,0.29973,8.8947,-3.1781,2.7274,-0.014261,0.00689,-0.015215,-0.39367,0.11914,-0.69015,-9.7987,-0.22991,0.43423,-0.008394,0.011775,-0.015157,0.4761,-0.36526,-0.47875,-9.7559,0.42329,-0.34241,-0.008636,0.002375,0.006242,0.48672,0.19612,0.57473
9.1922,-2.1746,2.5393,-0.022727,0.015944,-0.002751,-0.69999,-0.34986,-0.36419,8.7892,4.1316,0.78731,0.005495,0.005384,-0.014562,-0.33049,-0.66661,0.3007,8.8387,-3.1875,2.7169,-0.003691,0.001728,-0.008164,-0.39236,0.11856,-0.68931,-9.8061,-0.24494,0.4341,0.003941,0.011765,-0.009865,0.47623,-0.36475,-0.47874,-9.8155,0.60291,-0.35787,0.005904,-0.012115,-0.004725,0.48709,0.19664,0.5762
9.2816,-2.1752,2.525,-0.002924,-0.002008,0.004658,-0.70005,-0.34905,-0.36515,8.9037,4.1612,0.68121,0.017915,0.005555,0.001363,-0.32981,-0.66713,0.30114,8.9288,-3.1101,2.6485,0.00415,-0.010712,0.001568,-0.39183,0.11918,-0.6888,-9.8282,-0.27524,0.48621,-0.013762,0.0162,-0.013367,0.47717,-0.36486,-0.47962,-9.8303,0.6776,-0.33551,0.006782,-0.001281,-0.001033,0.48712,0.19611,0.57648
9.2817,-2.1457,2.5401,0.006238,0.019445,0.00458,-0.70001,-0.3488,-0.36447,8.8259,4.093,0.75333,-0.010899,-0.023661,-0.0048,-0.32997,-0.66789,0.30036,8.9874,-3.2319,2.7004,-0.014515,-0.001897,-0.001964,-0.39265,0.12027,-0.69014,-9.7987,-0.24466,0.37422,-0.005891,0.003851,-0.007277,0.47679,-0.36616,-0.47911,-9.8157,0.46834,-0.32835,-0.021313,-0.00841,0.006226,0.48671,0.19585,0.57461
9.1926,-2.1298,2.45,-0.003671,0.017513,-0.008206,-0.70031,-0.34799,-0.36504,8.7671,4.0858,0.73349,0.039593,0.010627,-0.016605,-0.33166,-0.66713,0.30051,8.7534,-3.1385,2.6903,0.001453,-0.007922,0.002401,-0.3919,0.11868,-0.6903,-9.7834,-0.3197,0.39712,0.014426,-0.00146,-0.00115,0.47742,-0.36598,-0.48066,-9.7855,0.64769,-0.38713,-0.002063,0.00473,-0.011845,0.48624,0.1961,0.57552
9.2668,-2.175,2.495,-0.000905,0.035564,0.000848,-0.70005,-0.34865,-0.36516,8.8257,4.1488,0.74629,-0.019897,-0.010255,0.010469,-0.33086,-0.6674,0.30095,8.9045,-3.1537,2.6538,0.008839,-0.00912,-0.009032,-0.39273,0.11844,-0.6892,-9.799,-0.18472,0.38915,-0.003216,0.009131,-0.008109,0.47578,-0.36624,-0.48021,-9.7707,0.51295,-0.32747,-0.001371,-0.004876,0.000752,0.48567,0.1961,0.57497
9.2221,-2.1598,2.5023,-0.006345,0.035617,0.002661,-0.69923,-0.34774,-0.36513,8.8841,4.2072,0.70803,0.014212,-0.010361,0.000423,-0.33112,-0.6674,0.30094,8.9095,-3.212,2.6451,-0.017901,-0.003913,-0.009939,-0.39178,0.11881,-0.69043,-9.7986,-0.25978,0.40425,0.011112,0.016151,-0.011603,0.47854,-0.36486,-0.47995,-9.7707,0.52807,-0.37973,-0.000459,-0.010265,-0.000192,0.48717,0.19744,0.57566
9.2369,-2.1822,2.5097,-0.008127,0.028242,-0.014637,-0.69931,-0.34664,-0.36651,8.7478,4.0927,0.82576,0.009032,0.00184,-0.012843,-0.33011,-0.66685,0.30033,8.8314,-3.1654,2.6186,0.00158,-0.00535,-0.002872,-0.39162,0.11866,-0.68978,-9.7613,-0.22973,0.42747,0.001968,0.010871,-0.001046,0.47673,-0.36611,-0.48056,-9.7855,0.5802,-0.3126,-0.01301,0.003936,-0.004583,0.48579,0.19663,0.57496
9.2072,-2.1745,2.4946,0.013589,0.037265,0.002679,-0.69984,-0.35165,-0.3665,8.8256,4.2094,0.75872,0.016175,0.008118,-0.005727,-0.33057,-0.66741,0.30149,8.8778,-3.2314,2.6841,0.000277,-0.007804,-0.025835,-0.39329,0.11951,-0.69015,-9.7832,-0.33485,0.43465,-0.003528,0.012653,0.00777,0.47655,-0.36721,-0.47872,-9.7258,0.4979,-0.35664,0.008849,0.007329,-0.017301,0.48741,0.19652,0.57515
9.2892,-2.1235,2.5552,-0.002754,0.032051,0.003604,-0.70015,-0.34952,-0.36707,8.8893,4.1633,0.74675,0.019605,-0.010401,-0.002293,-0.33169,-0.66712,0.30012,8.9143,-3.2243,2.7089,0.021091,-0.012371,0.002451,-0.39299,0.11949,-0.68937,-9.784,-0.21457,0.36698,0.000898,0.008246,0.00776,0.47585,-0.36744,-0.47902,-9.8303,0.67766,-0.35045,-0.01119,0.007543,-0.004548,0.48528,0.19663,0.57521
9.237,-2.1306,2.5697,-0.004555,0.037491,0.008133,-0.69944,-0.34941,-0.3665,8.8184,4.1778,0.77068,0.019658,-0.001583,-0.002256,-0.33035,-0.66713,0.30071,8.8655,-3.1974,2.7322,-0.007475,0.007393,0.001564,-0.39301,0.11923,-0.68962,-9.7984,-0.31963,0.3668,0.01979,0.010862,-0.001065,0.47677,-0.3664,-0.47964,-9.7857,0.46817,-0.32038,0.00593,0.002233,-0.003732,0.48585,0.19559,0.57378
9.2072,-2.1451,2.5545,0.008189,0.042651,-0.000996,-0.69877,-0.34928,-0.36674,8.772,4.1679,0.8141,-0.005667,-0.017345,0.012977,-0.3301,-0.6666,0.30059,8.8509,-3.2071,2.7615,-0.001064,0.005423,-0.006387,-0.39261,0.11974,-0.68936,-9.7839,-0.21466,0.38949,-0.017798,-0.003172,0.007681,0.47666,-0.36705,-0.47938,-9.8156,0.53573,-0.373,-0.012051,0.002086,-0.008201,0.48675,0.19677,0.57526
9.2295,-2.1526,2.5322,-0.00458,0.017526,-0.010024,-0.69927,-0.35075,-0.36593,8.816,4.2309,0.82195,-0.005465,-0.006866,-0.002958,-0.32984,-0.66789,0.30036,8.8923,-3.2024,2.7571,0.019366,0.014767,-0.002799,-0.3913,0.11892,-0.69091,-9.7764,-0.24448,0.35216,0.003674,0.009115,0.003348,0.47646,-0.36611,-0.48044,-9.7932,0.45329,-0.32802,0.006925,-0.012304,-0.013777,0.48597,0.19729,0.57562
9.2889,-2.1755,2.5848,0.00817,0.037253,-0.004612,-0.69956,-0.34883,-0.36869,8.8599,4.2359,0.78822,-0.009775,0.00101,-0.014433,-0.33048,-0.66602,0.29847,8.8728,-3.2072,2.7447,0.001493,0.012852,-0.001063,-0.39212,0.11816,-0.68954,-9.8283,-0.27503,0.43368,0.018142,0.01616,-0.008074,0.47594,-0.36665,-0.47968,-9.7931,0.55803,-0.37256,-0.009374,-0.008666,-0.008291,0.48594,0.19809,0.57534
9.2073,-2.1155,2.5696,0.019144,0.055035,-0.008328,-0.69722,-0.34859,-0.36833,8.7865,4.2214,0.78527,0.000174,0.007111,-0.020722,-0.32942,-0.669,0.29832,8.8704,-3.2119,2.6934,-0.00047,0.016711,0.007775,-0.39138,0.11866,-0.69002,-9.7843,-0.1546,0.37441,0.010851,0.00911,-0.001044,0.47622,-0.36716,-0.47992,-9.7707,0.51297,-0.33494,-0.003837,0.001954,-0.015477,0.48373,0.19755,0.57434
9.2072,-2.1303,2.562,0.017219,0.033558,-0.006416,-0.69728,-0.34857,-0.36929,8.7596,4.2117,0.78506,0.010859,0.00626,-0.014596,-0.3299,-0.66799,0.29919,8.8144,-3.2262,2.6977,0.015544,0.024189,0.009557,-0.39052,0.11954,-0.69038,-9.7983,-0.32713,0.36681,-0.003214,0.028494,-0.004475,0.47624,-0.36692,-0.47927,-9.7931,0.54302,-0.35018,0.012231,-0.001307,-0.002867,0.48528,0.19795,0.57545
9.274,-2.1313,2.6745,0.015387,0.035456,-0.002766,-0.69708,-0.35032,-0.36817,8.8329,4.2263,0.77342,-0.01233,0.014234,-0.017905,-0.32812,-0.6677,0.2985,8.8827,-3.246,2.6991,-0.002348,0.020442,0.012196,-0.39047,0.11838,-0.69199,-9.7843,-0.13969,0.3969,-0.035093,0.002119,-0.01521,0.47668,-0.36721,-0.47872,-9.7931,0.5654,-0.34265,-0.011174,0.00391,-0.006393,0.48424,0.19861,0.57421
9.1624,-2.1449,2.5915,0.022647,0.029885,-0.010044,-0.69795,-0.35054,-0.3693,8.8062,4.209,0.82179,-0.010454,0.012339,-0.030385,-0.32849,-0.66836,0.29875,8.8412,-3.2458,2.718,-0.005901,0.020403,0.011297,-0.38887,0.11974,-0.69043,-9.7837,-0.27454,0.35955,0.000169,0.00208,0.000646,0.4757,-0.36693,-0.47903,-9.7708,0.46081,-0.37244,-0.003924,0.002104,-0.008238,0.48577,0.19902,0.57505
9.2665,-2.1608,2.6518,0.018784,-0.003001,0.006521,-0.69786,-0.35085,-0.36765,8.8159,4.1537,0.74382,0.027243,0.012239,-0.037817,-0.32813,-0.67015,0.29789,8.7631,-3.1386,2.7247,0.00994,0.00356,0.021866,-0.3897,0.11874,-0.69184,-9.7989,-0.19988,0.42669,-0.010464,0.023229,-0.000953,0.47491,-0.36746,-0.47827,-9.8006,0.57303,-0.38011,0.008619,0.004098,-0.001011,0.48583,0.19716,0.57549
9.3114,-2.1461,2.6,0.03529,0.035399,0.004557,-0.69736,-0.3511,-0.36845,8.7524,4.1728,0.79699,-0.020607,-0.012264,-0.014442,-0.32799,-0.67054,0.29791,8.9436,-3.2561,2.754,0.014144,0.007288,-0.00811,-0.38977,0.11823,-0.69309,-9.7989,-0.22953,0.34419,0.012508,0.010877,0.006011,0.47556,-0.36756,-0.4793,-9.8007,0.49826,-0.3579,0.010428,-0.001311,-0.002857,0.48548,0.1969,0.57441
9.1926,-2.0709,2.5549,0.020897,0.046102,-0.00464,-0.69668,-0.35282,-0.36841,8.8257,4.1247,0.72431,0.015559,0.017654,-0.027025,-0.32717,-0.67049,0.29639,8.8338,-3.1973,2.7782,0.001346,0.005768,0.005977,-0.38791,0.1188,-0.69137,-9.799,-0.18472,0.38915,-0.01051,0.014427,0.000751,0.47586,-0.36708,-0.47849,-9.7707,0.51295,-0.32747,-0.002322,0.011401,0.008099,0.48556,0.19835,0.57572
9.1625,-2.1153,2.5991,0.026257,0.039013,0.004515,-0.69704,-0.35178,-0.36761,8.7523,4.1777,0.78729,-0.002722,-0.002471,-0.003866,-0.32582,-0.67038,0.29724,8.8021,-3.1753,2.7944,0.010943,0.022461,0.014847,-0.38787,0.11959,-0.69316,-9.8142,-0.12484,0.40379,-0.001359,-0.010232,-0.014407,0.47588,-0.36824,-0.47849,-9.7707,0.49809,-0.34993,-0.005674,0.002003,-0.012758,0.48575,0.19836,0.57466
9.1774,-2.0932,2.6143,0.011796,0.029903,-0.015526,-0.69647,-0.35352,-0.36717,8.7912,4.1684,0.70971,0.018725,-0.001524,0.003969,-0.32662,-0.66959,0.29692,8.8314,-3.207,2.7661,-0.010931,0.016307,-0.004615,-0.38749,0.11984,-0.69314,-9.7845,-0.1096,0.37436,0.005361,0.014403,0.006061,0.47585,-0.36809,-0.47902,-9.8006,0.51312,-0.33545,0.002239,0.00325,0.00262,0.48473,0.19728,0.57518
9.2071,-2.1159,2.6517,-0.003481,0.055133,-0.01474,-0.69686,-0.35398,-0.36923,8.8013,4.1897,0.80466,-0.008962,-0.008717,-0.012729,-0.32679,-0.67061,0.29615,8.8461,-3.2605,2.7428,0.022097,0.012944,-0.004584,-0.38625,0.11915,-0.69357,-9.813,-0.34997,0.43407,0.011962,0.007356,-0.009916,0.47474,-0.36731,-0.47881,-9.7706,0.57297,-0.40202,-0.025561,0.008299,-0.008149,0.48577,0.19981,0.57517
9.207,-2.116,2.6741,0.031688,0.024397,-0.016382,-0.69633,-0.35319,-0.36949,8.8451,4.2674,0.78341,0.033139,-0.006111,-0.013934,-0.32569,-0.6705,0.29712,8.8168,-3.2117,2.7293,0.003611,0.017939,-0.016963,-0.38491,0.11791,-0.6922,-9.7842,-0.16966,0.38943,-0.014124,0.005623,0.002457,0.47529,-0.36655,-0.47865,-9.7707,0.50558,-0.35738,-0.009532,0.004169,0.006259,0.48529,0.19861,0.57571
9.1552,-2.0561,2.6293,0.010947,0.044297,-0.011942,-0.69508,-0.35348,-0.36916,8.728,4.1897,0.82122,0.023237,-0.006083,-0.007657,-0.32584,-0.66933,0.29696,8.7633,-3.2868,2.7591,0.005278,0.001779,-0.009952,-0.38596,0.11863,-0.69543,-9.8064,-0.19237,0.41903,-0.013796,0.01971,-0.011565,0.47573,-0.36848,-0.47889,-9.7932,0.49827,-0.37272,-0.005823,0.012146,0.000887,0.48489,0.19981,0.57407
9.1923,-2.1008,2.6293,0.000858,0.024748,-0.004573,-0.69444,-0.35214,-0.36983,8.7326,4.2842,0.8314,0.007112,0.001945,-0.002133,-0.3258,-0.66819,0.29799,8.7584,-3.2503,2.7608,0.008649,0.005677,-0.001106,-0.38563,0.1186,-0.69377,-9.7986,-0.25235,0.41925,-0.002448,0.00033,-0.002888,0.47482,-0.36712,-0.48025,-9.8155,0.60286,-0.34293,0.00677,-0.006662,-0.001073,0.4859,0.19862,0.57493
9.2295,-2.1012,2.6445,-0.004435,0.046192,-0.013788,-0.6956,-0.35375,-0.36864,8.8257,4.2648,0.82459,-0.0054,0.001968,-0.003795,-0.32662,-0.66985,0.29693,8.8534,-3.263,2.7723,0.001522,0.021905,-0.002822,-0.38607,0.11744,-0.69262,-9.8071,-0.087124,0.35887,-0.008549,0.019704,-0.008017,0.47569,-0.3664,-0.47916,-9.7708,0.43833,-0.35009,-0.003934,0.00031,-0.008249,0.48551,0.19809,0.57506
9.1923,-2.0934,2.6293,0.000903,0.033711,-0.004611,-0.69485,-0.35398,-0.36997,8.7521,4.2843,0.80722,0.004697,0.010593,-0.025183,-0.32592,-0.66968,0.29553,8.7827,-3.2311,2.7951,0.00293,-0.007571,0.016532,-0.38537,0.11625,-0.69382,-9.8061,-0.24488,0.41909,-0.001543,0.010896,-0.002813,0.47418,-0.36741,-0.47923,-9.7857,0.52812,-0.37251,0.006746,-0.002113,0.002565,0.48505,0.19834,0.57597
9.1923,-2.1155,2.5919,-0.01365,0.023092,-0.00094,-0.69595,-0.35345,-0.37002,8.7767,4.2383,0.79744,0.008867,-0.003331,-0.000396,-0.32586,-0.67088,0.29647,8.8118,-3.1729,2.7505,0.006574,0.004166,0.012159,-0.38536,0.11651,-0.69357,-9.7987,-0.2521,0.35922,-0.019283,0.000348,-0.004657,0.47517,-0.36898,-0.47918,-9.7857,0.4682,-0.32785,0.012173,-0.003029,0.00074,0.48422,0.1982,0.57568
9.1625,-2.0859,2.6515,0.015341,0.021015,-0.008187,-0.69604,-0.3532,-0.3692,8.7863,4.2385,0.74646,0.012746,0.012412,-0.019907,-0.32571,-0.67037,0.29686,8.8265,-3.1972,2.7365,0.006959,6.9e-05,-0.005511,-0.38462,0.11883,-0.69398,-9.7771,-0.079664,0.39698,0.001817,-0.003201,0.003298,0.47477,-0.36746,-0.47815,-9.8156,0.52831,-0.38796,-0.013012,0.00578,-0.002747,0.48536,0.19888,0.57491
9.1922,-2.0862,2.6741,-0.011869,0.012231,-0.010006,-0.69417,-0.3532,-0.36995,8.7473,4.1779,0.7581,0.008907,-0.015816,-0.012926,-0.32541,-0.67077,0.29753,8.7924,-3.1776,2.7234,-0.005514,0.001775,-0.006412,-0.38412,0.11686,-0.69415,-9.7761,-0.31192,0.33723,-0.003154,0.016157,-0.008089,0.4745,-0.36899,-0.47855,-9.8156,0.51316,-0.32823,-0.007592,0.003966,-0.00458,0.48539,0.19941,0.57543
9.2368,-2.1016,2.7192,-0.00274,0.026507,-0.011873,-0.69384,-0.35396,-0.3713,8.8085,4.1731,0.73901,0.003521,-0.01221,-0.007518,-0.32519,-0.67075,0.29676,8.8607,-3.2022,2.7175,-0.012565,-0.003859,-0.009947,-0.3849,0.11819,-0.69448,-9.7991,-0.16228,0.40413,0.016121,-0.00145,0.000648,0.47433,-0.36769,-0.47883,-9.8156,0.51327,-0.35812,-0.016732,0.004119,0.004488,0.48489,0.1986,0.57569
9.1625,-2.1152,2.5842,-0.024423,0.032877,-0.011944,-0.69575,-0.3548,-0.36891,8.7817,4.168,0.78743,0.00157,-0.006734,0.013864,-0.32494,-0.67087,0.29652,8.8314,-3.2313,2.7567,-0.014255,-0.020332,-0.013528,-0.38488,0.11936,-0.69401,-9.7692,-0.21417,0.28474,0.003883,0.023188,-0.004493,0.47529,-0.36794,-0.47931,-9.8157,0.45337,-0.32092,-0.000547,0.002458,0.008058,0.48556,0.19861,0.57572
9.2068,-2.1309,2.7113,-0.022737,0.014134,-0.008203,-0.69508,-0.35348,-0.36916,8.8232,4.2165,0.77818,0.034833,-0.002454,0.001177,-0.32462,-0.67116,0.29759,8.7679,-3.1289,2.7051,-0.01256,-0.025627,-0.009128,-0.38514,0.11781,-0.69423,-9.8434,-0.24521,0.46336,0.014626,0.004728,-0.011675,0.47476,-0.36822,-0.47867,-9.8305,0.62555,-0.40289,0.010427,0.016718,0.001793,0.48449,0.19914,0.57407
9.2667,-2.0869,2.6896,0.009803,0.010473,0.002807,-0.69513,-0.35332,-0.36999,8.7918,4.1701,0.85555,-0.005847,-0.042101,0.011962,-0.32531,-0.66998,0.297,8.9144,-3.3192,2.8133,-0.010316,-0.006269,-0.032027,-0.3852,0.11897,-0.69287,-9.7691,-0.18467,0.40476,0.025227,-0.012046,-0.01002,0.47465,-0.36849,-0.47828,-9.7709,0.3934,-0.32033,-0.007633,-0.006783,-0.003763,0.48548,0.19822,0.57465
9.1478,-2.0707,2.5844,-0.029991,0.017864,0.002705,-0.69417,-0.35412,-0.36994,8.821,4.1848,0.82906,0.049895,0.000335,0.020627,-0.32533,-0.66997,0.29661,8.746,-3.1921,2.8085,-0.024268,-0.02198,-0.004732,-0.38525,0.11911,-0.69389,-9.7843,-0.13219,0.39689,-0.014142,0.002103,0.002441,0.4744,-0.36851,-0.47764,-9.7858,0.46091,-0.38017,0.005111,0.00483,-0.008236,0.48512,0.19861,0.57517
9.2219,-2.1455,2.6292,-0.028262,0.005377,0.006416,-0.69601,-0.35302,-0.37112,8.7843,4.2356,0.8558,-0.005818,-0.024337,0.021845,-0.32555,-0.67025,0.29739,8.7972,-3.2069,2.7949,0.002021,0.001322,-0.025837,-0.38543,0.12119,-0.69244,-9.8063,-0.19988,0.41903,0.010933,-0.008486,-0.006467,0.47492,-0.36887,-0.4784,-9.7856,0.55792,-0.35002,0.006485,-0.001728,0.021561,0.48406,0.1986,0.5754
9.1995,-2.1306,2.659,-0.020901,0.017691,-0.008219,-0.69348,-0.35249,-0.37212,8.8401,4.2651,0.75906,0.019422,-0.006686,0.019075,-0.32626,-0.66926,0.29889,8.8461,-3.2557,2.7989,-0.009672,-0.005936,-0.020557,-0.38676,0.11995,-0.69374,-9.8216,-0.15475,0.37366,-0.010393,0.017955,-0.004512,0.47506,-0.36888,-0.4784,-9.7709,0.40842,-0.3427,0.00325,0.012994,-0.002754,0.48483,0.19993,0.57513
9.2666,-2.1311,2.6446,-0.020038,0.02148,0.007275,-0.69631,-0.35168,-0.37169,8.7671,4.1873,0.81659,0.028554,0.005548,0.008373,-0.32737,-0.6691,0.29766,8.8023,-3.2724,2.7594,-0.012372,-0.018602,-0.01795,-0.38544,0.12067,-0.69268,-9.806,-0.25988,0.41911,-0.008543,0.017944,-0.007179,0.47423,-0.3681,-0.47817,-9.8155,0.63284,-0.37273,-0.015011,0.007858,0.011739,0.48579,0.19677,0.57496
9.1922,-2.1157,2.6292,-0.00275,0.02199,-0.011863,-0.69366,-0.35095,-0.37036,8.7838,4.2796,0.76607,0.030349,0.001108,0.003902,-0.32539,-0.66897,0.29815,8.8339,-3.258,2.7425,-0.015932,-0.011388,-0.018812,-0.38572,0.11938,-0.69317,-9.8138,-0.19984,0.40388,-0.012408,0.011799,0.006025,0.47491,-0.36759,-0.47814,-9.7858,0.43842,-0.35781,0.002172,0.002462,0.008038,0.48548,0.19834,0.57639
9.2073,-2.0713,2.6296,-0.006466,0.012303,-0.000879,-0.69589,-0.35183,-0.3714,8.7718,4.1778,0.75825,0.026755,0.002027,0.008367,-0.32589,-0.67028,0.29828,8.7974,-3.2991,2.7623,-0.003664,-0.00918,-0.00821,-0.38656,0.11954,-0.69233,-9.7987,-0.21497,0.44922,0.005526,0.007365,-0.001947,0.47422,-0.36758,-0.47831,-9.8007,0.4759,-0.37291,-0.005771,-0.003235,-0.006448,0.48381,0.19833,0.57553
9.2221,-2.1158,2.607,-0.004628,0.023146,0.007283,-0.69386,-0.35118,-0.37159,8.7716,4.2676,0.75865,0.005073,-0.007551,0.020955,-0.32618,-0.6682,0.29823,8.8022,-3.2603,2.7592,0.008608,-0.017898,0.00239,-0.3873,0.12008,-0.69175,-9.7471,-0.12446,0.37512,0.005474,0.000297,-0.000219,0.47452,-0.36914,-0.47816,-9.7932,0.49817,-0.34284,-0.002199,-0.001378,-0.003735,0.48376,0.19992,0.5751
9.1922,-2.1156,2.6143,-0.011949,0.008862,0.008244,-0.69471,-0.35135,-0.36971,8.7791,4.2262,0.78282,0.003284,-0.022687,0.008437,-0.3274,-0.66954,0.29936,8.8339,-3.2361,2.7617,-0.007355,-0.010905,-0.002902,-0.3881,0.11986,-0.69267,-9.8137,-0.22991,0.41892,-0.003471,-0.006699,0.002362,0.47461,-0.36884,-0.47921,-9.7559,0.41592,-0.37231,-0.023032,-0.001334,0.002634,0.48364,0.19807,0.575
9.2517,-2.1458,2.6444,-0.000964,0.017513,-0.011835,-0.69452,-0.35105,-0.37121,8.7765,4.2892,0.79281,0.025122,0.001845,-0.012945,-0.32713,-0.66928,0.29963,8.8753,-3.2218,2.7499,-0.011145,-0.012496,0.007702,-0.38838,0.12039,-0.69321,-9.8142,-0.13981,0.3963,0.008158,0.000326,-0.0011,0.47423,-0.36963,-0.4787,-9.8082,0.47596,-0.3805,0.012316,0.000382,-0.008274,0.48347,0.19992,0.57482
9.2072,-2.1157,2.6144,0.003526,0.017605,-0.000891,-0.695,-0.35068,-0.37014,8.7767,4.2382,0.8023,0.010778,-0.001676,-0.012852,-0.32682,-0.66879,0.30068,8.8679,-3.1829,2.776,-0.011102,-0.012564,0.005053,-0.3883,0.12038,-0.69156,-9.7841,-0.1921,0.37445,-0.008705,0.015296,-0.000128,0.47434,-0.36935,-0.47922,-9.8157,0.48336,-0.35073,-0.009508,0.001438,0.003549,0.4845,0.19886,0.57595
9.1998,-2.1156,2.5919,-0.002833,0.01316,-0.000882,-0.69573,-0.35065,-0.37099,8.7964,4.197,0.80223,0.009076,0.000918,-0.01994,-0.32709,-0.66911,0.29806,8.8313,-3.173,2.7777,-0.00187,-0.009223,-0.009953,-0.38835,0.12013,-0.69256,-9.8213,-0.17009,0.45622,0.004777,-0.00319,-0.009952,0.47481,-0.36889,-0.47788,-9.8008,0.46848,-0.38787,-0.003989,0.004016,-0.002786,0.48418,0.1982,0.57515
9.222,-2.1306,2.5995,-0.02626,0.022955,-0.019194,-0.69561,-0.35091,-0.37126,8.7817,4.2091,0.81192,0.01246,0.000211,0.001369,-0.3265,-0.66888,0.2994,8.8606,-3.1975,2.7712,-0.00709,-0.007619,-0.016132,-0.38844,0.12116,-0.69184,-9.7692,-0.16964,0.39724,-0.003437,0.017926,0.002544,0.47468,-0.36928,-0.47775,-9.7931,0.51306,-0.32785,0.006983,-0.000689,-0.015511,0.48384,0.20072,0.57456
9.2074,-2.108,2.5398,0.015257,0.007644,-0.000835,-0.69528,-0.35186,-0.37014,8.7914,4.2044,0.78765,0.012553,-0.005209,-0.012888,-0.32603,-0.66963,0.29826,8.8801,-3.2023,2.7301,-0.010824,-0.001989,-0.00817,-0.38753,0.11956,-0.69137,-9.8215,-0.15499,0.43369,0.005572,0.007374,-0.004582,0.4744,-0.3708,-0.47842,-9.7634,0.43847,-0.40226,-0.007536,-0.001495,-0.008256,0.48508,0.19888,0.57476
9.1404,-2.0999,2.5095,-0.047011,0.042892,-0.0102,-0.6952,-0.35065,-0.37124,8.7229,4.1536,0.75297,0.010699,-0.00336,-0.002212,-0.32632,-0.66961,0.29772,8.7583,-3.2066,2.7552,-0.016319,0.005445,-0.002014,-0.38707,0.12112,-0.69227,-9.754,-0.22949,0.3751,0.007313,-0.013789,-0.002985,0.47271,-0.36949,-0.4785,-9.8455,0.57309,-0.33605,-0.000332,0.001239,-0.008223,0.48339,0.19872,0.57538
9.1771,-2.16,2.6288,-0.015521,0.003251,-0.011803,-0.69586,-0.35118,-0.37085,8.7762,4.3428,0.74444,-0.001867,-0.003315,-0.002074,-0.32576,-0.67028,0.29842,8.9582,-3.2026,2.6823,-0.024009,-0.004171,-0.016999,-0.38641,0.12226,-0.69177,-9.8437,-0.20005,0.42579,0.004029,0.002098,-0.015216,0.47429,-0.37058,-0.4775,-9.7707,0.51324,-0.40965,-0.000273,0.012874,-0.008178,0.48432,0.20006,0.57552
9.2371,-2.1011,2.5998,0.015354,0.022811,-0.00819,-0.69641,-0.35117,-0.37088,8.7694,4.1198,0.73852,0.010798,-0.010558,-0.018254,-0.32521,-0.6699,0.29896,8.8656,-3.2606,2.7528,-0.019628,-0.002199,-0.01349,-0.38681,0.12254,-0.69205,-9.7839,-0.21473,0.4045,-0.00481,0.024965,-0.015064,0.474,-0.36903,-0.47726,-9.8233,0.45364,-0.38829,-0.002118,0.002126,-0.008219,0.48475,0.19992,0.57593
9.1923,-2.1302,2.5694,-0.009995,0.024783,-0.006416,-0.69474,-0.35068,-0.37027,8.747,4.2556,0.73415,0.017899,0.003717,-0.002216,-0.32585,-0.6694,0.29931,8.7826,-3.1825,2.76,-0.006284,-0.011104,-0.011742,-0.3872,0.12229,-0.69244,-9.7695,-0.10973,0.41968,0.01266,0.019665,-0.002724,0.4744,-0.37054,-0.47842,-9.8155,0.58794,-0.35044,0.003033,-0.001076,0.009828,0.4844,0.19899,0.57647
9.2073,-2.1007,2.5772,-0.000904,0.026426,-0.013704,-0.69658,-0.35063,-0.37157,8.8401,4.2313,0.73704,0.021139,-0.040425,0.001092,-0.32553,-0.66974,0.2979,8.8338,-3.1925,2.7707,-0.005243,0.013213,-0.02051,-0.38816,0.1231,-0.69137,-9.7841,-0.16972,0.40444,0.008974,-0.000567,0.002416,0.47346,-0.37133,-0.4778,-9.8158,0.45364,-0.39563,0.009521,-0.013891,-0.00474,0.48243,0.19978,0.57519
9.1923,-2.1155,2.5993,-0.013663,0.012199,-0.011837,-0.69565,-0.34983,-0.37195,8.7962,4.2286,0.78293,-0.007147,-0.010521,-0.017196,-0.3258,-0.6691,0.29787,8.8559,-3.2605,2.7429,-0.012257,-0.007864,-0.024094,-0.38837,0.12299,-0.6929,-9.7694,-0.13951,0.36719,-0.003611,0.005606,0.009521,0.47373,-0.37056,-0.4778,-9.7559,0.37847,-0.34253,-0.000253,0.007415,-0.011833,0.48351,0.19992,0.57536
9.2591,-2.1753,2.5845,0.011766,0.029107,-0.008223,-0.69533,-0.35025,-0.37111,8.8063,4.1461,0.80692,0.010656,-0.012219,-0.005801,-0.325,-0.66884,0.29817,8.807,-3.1971,2.7215,0.010779,-0.003826,-0.017001,-0.38757,0.12256,-0.69221,-9.8141,-0.1399,0.41881,-0.013214,0.005637,0.000701,0.47272,-0.37077,-0.47876,-9.8156,0.55819,-0.38788,0.021466,0.009233,-0.015473,0.48307,0.20111,0.57506
9.237,-2.1159,2.5997,0.00629,0.024724,-0.003651,-0.69589,-0.34945,-0.37141,8.8401,4.2506,0.759,0.003638,0.004575,-0.009192,-0.32625,-0.67017,0.29891,8.8754,-3.3044,2.7733,0.001945,-0.009485,-0.020547,-0.38742,0.12334,-0.69172,-9.8139,-0.19228,0.38886,0.010732,0.003846,0.004208,0.47418,-0.3711,-0.47724,-9.8009,0.37868,-0.34329,0.00504,0.008528,-0.002773,0.48311,0.20084,0.5756
9.2595,-2.1011,2.5701,0.000903,0.030079,-0.00824,-0.69632,-0.3497,-0.3717,8.7913,4.178,0.73649,0.033999,-0.00161,-0.003269,-0.32457,-0.66989,0.29874,8.812,-3.236,2.7565,-0.010074,-0.005416,-0.001134,-0.38738,0.12255,-0.69094,-9.829,-0.15499,0.42604,0.01969,0.010884,0.000738,0.47349,-0.37135,-0.47714,-9.8007,0.52832,-0.41012,-0.002091,0.009291,-0.008185,0.48288,0.20136,0.57611
