8.7946,1.0536,3.2503,0.010896,0.23677,-0.0299,-0.71994,0.55912,-0.27346,8.5343,1.6653,2.3176,-0.066189,0.014521,-0.027173,-0.53574,0.12941,-0.68795,8.9762,-2.2562,2.8291,-0.15661,-0.21827,-0.076879,-0.61608,0.5955,0.16031,-7.9719,4.1878,-1.8122,-0.32404,0.63359,1.4782,0.36252,-0.39586,0.66882,-9.346,-0.8201,-1.3616,0.18892,-0.17169,0.8452,0.76617,0.2516,-0.41334
8.2873,0.89515,3.1484,-0.034968,0.1114,-0.033132,-0.7177,0.55916,-0.27602,7.8757,1.8083,2.3555,-0.053041,-0.096661,0.2139,-0.53601,0.13404,-0.68741,8.8825,-1.6662,3.0228,-0.1611,-0.18738,-0.042352,-0.61572,0.5903,0.16755,-6.8604,4.469,-1.6552,-0.26425,0.66543,1.2597,0.31978,-0.42149,0.67225,-9.2729,-1.6783,-1.6615,0.39521,0.041731,0.59467,0.77291,0.2245,-0.41751
8.7049,0.79665,2.86,-0.020491,-0.066006,-0.021382,-0.71615,0.55776,-0.27661,8.0924,2.1189,2.2975,-0.11018,-0.26401,0.46253,-0.54004,0.1455,-0.68331,8.9169,-1.8533,3.0168,-0.21264,-0.047684,-0.14458,-0.61716,0.58591,0.17878,-6.1792,4.1418,-1.6561,-0.28952,0.67814,0.95436,0.27771,-0.44336,0.67065,-9.5,-2.7127,-2.4672,0.046549,0.11318,0.2452,0.77624,0.20661,-0.41734
9.0487,0.92792,2.6844,0.077928,-0.096654,0.015393,-0.71585,0.55698,-0.27593,9.005,2.2811,2.3209,-0.16812,-0.37879,0.64397,-0.54432,0.16151,-0.67609,8.7929,-2.0228,3.0961,-0.10616,-0.071484,-0.3265,-0.62094,0.57835,0.18278,-5.4172,3.7579,-2.3905,-0.13566,0.62881,0.42887,0.24701,-0.4569,0.67346,-9.4955,-0.74538,-1.1698,-0.29882,0.003225,0.23801,0.78018,0.20395,-0.41307
9.1093,1.2452,2.866,0.054095,-0.1466,0.015601,-0.71635,0.55703,-0.27291,9.3867,2.2739,2.2989,-0.19857,-0.40712,0.62369,-0.55123,0.17996,-0.6644,8.7513,-1.8839,2.9659,-0.068015,-0.12208,-0.39721,-0.62549,0.56905,0.1838,-4.6438,4.6284,-1.8208,0.17904,0.51959,0.072705,0.2257,-0.45589,0.68374,-9.6885,0.015493,-0.63321,-0.1864,0.04501,0.33214,0.78075,0.19848,-0.41142
9.1531,1.1625,3.0971,0.025182,-0.11565,0.031857,-0.71644,0.55739,-0.27213,9.4114,2.1769,2.2864,-0.01953,-0.32454,0.49193,-0.55824,0.19614,-0.65474,8.7668,-2.1795,2.6241,-0.051146,-0.10238,-0.34594,-0.63105,0.55837,0.18705,-4.2351,4.7523,-2.3753,0.14243,0.44003,-0.20758,0.21256,-0.4504,0.68996,-10.004,-0.16802,-1.132,-0.080673,0.00275,0.38782,0.7846,0.18961,-0.4096
9.3579,0.47814,3.4,0.093989,-0.22056,0.12909,-0.71528,0.55682,-0.2701,9.7544,2.2827,2.4664,0.15905,-0.25221,0.39489,-0.56055,0.20298,-0.65085,9.0837,-2.2075,2.4314,-0.089935,-0.1923,-0.36021,-0.63531,0.54864,0.19158,-5.1061,4.4915,-1.8,-0.11771,0.34193,-0.68742,0.21303,-0.44645,0.68997,-9.4656,-0.82057,-1.0649,-0.23526,-0.092552,0.32042,0.78495,0.17994,-0.40827
10.432,0.41913,3.0348,0.29904,-0.26749,0.20352,-0.71392,0.55927,-0.26676,10.513,2.5344,2.5354,0.23117,-0.24019,0.34384,-0.56425,0.20767,-0.64442,9.5035,-2.5566,2.3705,-0.081695,-0.39998,-0.43826,-0.64315,0.53696,0.20144,-8.1748,10.236,-4.9208,0.16323,0.58078,-0.53019,0.21475,-0.43136,0.6986,-10.293,-2.0066,-2.531,-0.51514,0.001777,-0.028804,0.78419,0.18425,-0.40721
10.74,0.81054,2.7114,0.42458,-0.28175,0.27765,-0.70973,0.56165,-0.26715,11.772,2.3347,2.6832,0.1144,-0.22159,0.20194,-0.56862,0.20705,-0.64168,10.4,-2.5743,2.8758,0.095016,-0.69556,-0.51349,-0.64562,0.52352,0.21437,-9.7315,6.4164,-2.105,-0.34628,0.1191,-0.76258,0.21746,-0.43752,0.69065,-10.299,-0.92915,-3.0809,-1.0689,-0.032227,-0.19053,0.78325,0.20249,-0.40091
12.232,0.7427,1.8569,0.28708,-0.41106,0.31461,-0.70531,0.56539,-0.26555,12.331,2.1447,2.8583,-0.11007,-0.22058,0.072264,-0.57142,0.21046,-0.63543,11.402,-1.8609,2.9666,0.16356,-0.64639,-0.51826,-0.64764,0.51351,0.22622,-7.1872,4.8493,-3.2824,-0.048701,-0.049944,-0.93627,0.22814,-0.43246,0.69024,-12.446,-0.41749,-1.2859,-1.1067,-0.12834,-0.26246,0.77978,0.22565,-0.3931
12.612,0.6805,1.8296,0.16647,-0.23583,0.34655,-0.69984,0.57223,-0.26156,12.466,1.6362,3.2043,-0.20561,-0.21098,-0.049644,-0.57422,0.2135,-0.62931,12.586,-1.5924,2.8943,-0.39518,-0.18201,-0.3701,-0.6514,0.49898,0.23812,-9.3827,8.1656,-2.3099,-0.23738,-0.105,-1.1494,0.24893,-0.42519,0.68674,-12.699,-0.1154,0.24172,-0.92851,-0.23471,-0.28067,0.77014,0.24955,-0.39049
12.27,0.87632,1.7089,0.10793,-0.18549,0.33437,-0.69373,0.58098,-0.25782,12.084,1.5567,3.1238,-0.28863,-0.13464,-0.11443,-0.57777,0.21625,-0.6227,12.721,-2.484,2.8556,-0.14486,-0.074101,0.029562,-0.65046,0.49272,0.24716,-10.532,5.3334,-2.0749,-0.31592,-0.31396,-1.2864,0.27618,-0.41807,0.67848,-12.473,0.18083,0.66458,-0.54338,-0.14538,-0.31641,0.76219,0.27019,-0.39008
10.733,0.22382,1.2454,0.087583,-0.15242,0.28749,-0.68588,0.58506,-0.2561,10.686,0.9845,3.1612,-0.3219,0.020109,-0.065637,-0.57735,0.22509,-0.61586,11.022,-1.3672,2.2873,0.29314,0.022499,0.32135,-0.64311,0.49948,0.24734,-8.5282,3.9173,-4.0134,0.080829,-0.14304,-1.3209,0.31007,-0.40128,0.67315,-10.228,0.17656,-1.1199,-0.40659,-0.17099,-0.51694,0.75126,0.29763,-0.38681
9.7342,-0.61464,-0.11041,-0.19034,-0.34273,0.30415,-0.68357,0.59409,-0.24683,8.9645,0.63294,2.7165,-0.026549,0.27772,-0.13464,-0.57092,0.22727,-0.61839,9.4775,-1.2853,1.6268,0.28258,0.24002,0.47857,-0.6332,0.5135,0.23888,-8.5864,4.3007,-2.5148,0.11801,-0.023382,-1.4929,0.33335,-0.37733,0.67516,-9.6096,-1.43,-1.7561,-0.46498,-0.31776,-0.75407,0.73602,0.32813,-0.38937
10.377,-0.85887,-1.4648,0.16755,-0.22009,0.22384,-0.68038,0.60218,-0.23608,9.9227,0.47658,2.9355,0.28813,0.6304,-0.09963,-0.55886,0.22298,-0.62799,9.5322,-1.7194,1.2196,0.53952,0.20065,0.48937,-0.62356,0.53103,0.22497,-9.705,4.6056,-1.1649,-0.35607,-0.20872,-1.397,0.35405,-0.36011,0.67328,-10.114,-3.5065,-1.0457,-0.32813,-0.20621,-0.85102,0.72037,0.35127,-0.39347
10.138,-0.49063,-0.44224,0.37199,0.071056,0.16363,-0.67378,0.60326,-0.24085,9.8635,-0.51827,2.1238,0.79981,0.99732,-0.11451,-0.53404,0.20676,-0.65012,9.5738,-1.5414,0.75262,0.74185,0.054909,0.55381,-0.61122,0.55104,0.20789,-9.501,2.6649,-1.2712,-0.41703,-0.23511,-1.2688,0.37802,-0.35166,0.66323,-9.7551,-3.4918,-1.4504,0.1772,0.12357,-1.0275,0.70227,0.37916,-0.39146
9.4528,-0.16829,-0.020121,0.30923,0.18679,0.14021,-0.66829,0.60462,-0.25147,9.1918,0.36267,2.4542,0.7373,0.97723,-0.38262,-0.50752,0.1793,-0.67595,9.7903,-1.2776,0.59974,0.65585,0.066193,0.73841,-0.59467,0.57203,0.19274,-9.5268,1.6993,-1.6682,-0.1319,-0.36928,-1.2522,0.40443,-0.33621,0.6568,-10.157,-2.5237,-0.095273,0.29841,0.11036,-1.347,0.68418,0.40785,-0.39279
8.7516,-0.14173,0.30297,0.017804,0.15076,0.044158,-0.66548,0.60839,-0.25561,8.1176,0.3608,1.8789,0.48387,0.8156,-0.39227,-0.47771,0.15403,-0.70061,9.8385,-1.0133,0.6301,0.56482,0.15293,0.81624,-0.57349,0.59849,0.17568,-9.1293,2.4836,-2.3887,0.033561,-0.4023,-1.3009,0.43391,-0.31191,0.65063,-10.393,0.0569,-0.85413,0.062044,0.21766,-1.3204,0.65539,0.44645,-0.39258
8.3181,-0.052194,1.0164,-0.099354,0.16502,-0.1029,-0.66517,0.60716,-0.25717,6.6771,0.66959,1.7354,0.4184,0.59384,-0.26152,-0.45855,0.13601,-0.71525,8.931,-0.44569,0.77271,0.43883,0.19701,0.86014,-0.55316,0.62112,0.16167,-8.5455,2.5875,-1.5819,-0.081628,-0.38036,-1.2469,0.46113,-0.28735,0.6446,-8.8668,-1.0174,-1.1001,0.26602,0.43976,-1.2568,0.63541,0.47582,-0.38604
8.1818,-0.55453,0.94499,-0.25889,0.14389,-0.083906,-0.66383,0.60726,-0.25686,6.8091,1.1216,2.0008,0.2541,0.27754,0.02545,-0.44717,0.12685,-0.72157,7.783,-0.080276,0.62183,0.16951,0.2848,0.80674,-0.53475,0.64302,0.15155,-8.3776,1.9429,-1.4729,0.19865,-0.45297,-1.2175,0.48449,-0.26335,0.6384,-8.4935,-1.9319,-0.66309,0.39196,0.57252,-1.2672,0.61955,0.49848,-0.37886
8.1136,-0.84266,0.89038,-0.19425,0.10521,0.013912,-0.66364,0.60844,-0.25316,7.3957,1.3786,1.9861,0.15177,0.029763,0.25808,-0.44108,0.124,-0.72416,7.4762,-0.27309,0.68899,-0.029994,0.20617,0.50066,-0.51784,0.65839,0.14875,-8.6795,2.0143,-2.6942,0.27561,-0.46173,-1.1434,0.50879,-0.23036,0.63248,-8.6179,-4.5896,-0.86655,0.55687,0.64162,-1.427,0.59774,0.52215,-0.37714
8.3889,-0.76458,1.1914,-0.020992,0.19965,0.052091,-0.66025,0.6109,-0.25622,8.0105,1.08,2.5426,0.1667,-0.059025,0.31181,-0.44041,0.12701,-0.7256,7.5527,-0.84168,0.73426,-0.075671,0.046192,0.10017,-0.50947,0.66422,0.14677,-8.9146,3.2455,-1.5001,0.21078,-0.3611,-1.1283,0.52939,-0.19966,0.62967,-8.6177,-4.4028,-0.89591,0.30939,0.52168,-1.5068,0.57231,0.54969,-0.3715
8.4713,-0.52936,1.4845,0.032039,0.14042,0.06704,-0.65724,0.61139,-0.25663,8.4292,0.60319,2.8637,0.34045,-0.008553,0.34801,-0.44162,0.12786,-0.72387,7.9239,-1.4461,0.96554,-0.11065,-0.17053,-0.17141,-0.50923,0.66251,0.15156,-8.3861,3.3917,-1.8797,0.2295,-0.31012,-0.75383,0.54563,-0.17051,0.62364,-9.0828,-4.7357,-1.1885,0.4764,0.47602,-1.7181,0.54056,0.57822,-0.36953
8.7395,-0.48747,1.5837,-0.057054,0.085707,0.078131,-0.65438,0.61494,-0.25707,8.4454,0.36927,3.1009,0.51451,0.086013,0.38084,-0.43865,0.12166,-0.72734,8.5482,-1.9842,1.3511,-0.12599,-0.34404,-0.32181,-0.51557,0.65514,0.15939,-9.0587,1.8019,-2.454,0.17072,-0.18294,-0.62798,0.55663,-0.14979,0.6203,-9.1297,-5.8707,-1.2147,0.39016,0.52192,-1.8694,0.50478,0.61015,-0.36929
9.1256,-0.7061,1.7643,-0.093255,0.078627,0.055352,-0.65096,0.61574,-0.25972,8.2472,0.40975,3.7463,0.38745,-0.028155,0.46308,-0.43261,0.11466,-0.72921,9.0797,-2.259,1.5008,-0.16852,-0.34174,-0.42065,-0.52102,0.64591,0.16981,-9.3815,2.4054,-1.8536,-0.1611,-0.067817,-0.49997,0.56451,-0.13712,0.61545,-8.8151,-5.737,-1.4257,0.43041,0.35919,-2.0752,0.45979,0.63985,-0.37224
9.3921,-0.8654,2.1681,0.076493,-0.022962,0.04147,-0.64844,0.61634,-0.25936,8.6579,0.64216,3.8034,0.39072,-0.15952,0.58872,-0.43221,0.11248,-0.7294,9.3871,-2.5766,1.6723,-0.22708,-0.35549,-0.43482,-0.52954,0.63475,0.18112,-9.8207,0.99135,-1.2008,-0.30859,-0.065599,-0.41374,0.56907,-0.13466,0.61388,-8.2459,-5.3938,-2.0724,0.17298,0.4105,-1.9669,0.41201,0.66913,-0.37296
9.2724,-0.80648,2.4958,0.12173,-0.017732,0.049724,-0.64684,0.61536,-0.26141,9.0364,0.99592,3.834,0.42484,-0.23793,0.71084,-0.43736,0.11352,-0.72647,9.4119,-2.8878,1.8542,-0.24974,-0.35818,-0.45961,-0.53715,0.62138,0.19328,-9.5842,1.2269,-1.7288,-0.47293,0.045391,-0.40502,0.57172,-0.13309,0.61071,-7.593,-4.793,-1.746,0.096195,0.44022,-1.8917,0.36374,0.69685,-0.36983
9.281,-0.59867,2.3779,0.15769,-0.080904,0.037279,-0.64919,0.61442,-0.2636,8.8768,1.0111,3.7092,0.43047,-0.21148,0.70557,-0.4423,0.1144,-0.72689,9.1636,-3.0859,2.0054,-0.098174,-0.41209,-0.4508,-0.54505,0.60749,0.20718,-9.4728,-0.12929,-1.8377,-0.40289,0.18254,-0.40699,0.5673,-0.13899,0.61141,-6.1401,-4.7845,-1.841,0.16467,0.50178,-1.458,0.31916,0.71575,-0.37078
9.0868,-0.64209,2.5104,0.10176,-0.067575,-0.001173,-0.64822,0.61401,-0.26277,8.9271,1.9386,3.4415,0.55531,-0.1773,0.57592,-0.44492,0.11061,-0.72567,9.4169,-3.0972,2.1463,-0.030624,-0.40684,-0.44093,-0.55252,0.59771,0.21701,-9.5937,0.34811,-1.3605,-0.12278,0.036129,-0.4361,0.56637,-0.13458,0.61288,-5.1579,-4.1843,-1.7929,0.21598,0.56288,-0.9625,0.29293,0.72412,-0.36892
9.1171,-0.68556,2.2045,0.071064,-0.10684,-0.068546,-0.64751,0.61226,-0.26432,8.4006,2.4833,3.1224,0.42022,-0.16215,0.47128,-0.44709,0.10718,-0.7234,9.4194,-3.1458,2.1766,0.013963,-0.30165,-0.36207,-0.55708,0.5876,0.22303,-9.2087,1.0685,-1.1435,0.034429,0.05613,-0.23462,0.57006,-0.12668,0.61164,-4.3641,-4.1498,-2.0483,0.093269,0.48328,-0.43849,0.28135,0.73034,-0.36606
9.1019,-0.80363,2.1216,-0.010411,-0.12823,-0.1005,-0.65095,0.60855,-0.26231,8.1732,2.5603,3.2405,0.22579,-0.16722,0.37679,-0.45012,0.10648,-0.72226,9.1924,-2.9554,2.2089,0.095524,-0.16079,-0.22131,-0.56142,0.58288,0.2258,-9.5454,-0.32644,-1.3738,0.16244,0.038504,-0.21561,0.57003,-0.11922,0.61351,-4.4703,-5.1441,-1.6196,0.11565,0.35086,0.006574,0.28158,0.72941,-0.36117
9.3702,-0.67329,2.3333,-0.050149,-0.1429,-0.1579,-0.65484,0.60506,-0.25874,8.4183,2.4342,3.2366,0.014813,-0.25352,0.27406,-0.45489,0.10894,-0.71921,9.7576,-2.7781,1.9895,0.028619,0.03042,-0.14927,-0.56252,0.58026,0.2237,-9.6991,-0.69665,-0.84394,0.37694,-0.036536,-0.27793,0.57217,-0.10575,0.61231,-4.8891,-5.2196,-0.8426,0.32343,0.22606,0.34914,0.29007,0.72318,-0.36592
9.8024,-0.57386,2.5387,-0.10287,-0.21661,-0.21596,-0.6615,0.60159,-0.25013,9.1908,2.2581,3.5224,-0.016896,-0.2993,0.1746,-0.46354,0.11105,-0.7139,10.323,-2.7807,1.8661,-0.047119,0.15406,-0.11892,-0.56679,0.57598,0.22038,-10.8,-1.5486,-0.7601,0.29941,-0.12755,-0.43224,0.57405,-0.087391,0.61261,-4.3889,-9.9831,-2.0047,-0.13982,0.18079,0.58871,0.31322,0.71121,-0.3664
10.609,-0.5781,1.9778,-0.090056,-0.27348,-0.31415,-0.66816,0.59534,-0.24189,9.4897,2.2722,3.6069,-0.21348,-0.43113,0.020856,-0.47154,0.11502,-0.70575,10.786,-2.7194,1.6007,-0.029225,0.22053,-0.081525,-0.56983,0.57229,0.21685,-10.64,-2.1321,-0.92879,0.21205,-0.20863,-0.62354,0.58068,-0.069794,0.60845,-7.1086,-6.9887,-0.30976,0.15025,0.21566,0.58845,0.33197,0.70752,-0.3587
11.61,-0.051571,1.668,0.038866,-0.33004,-0.47596,-0.67801,0.58646,-0.23416,10.14,2.1862,3.3335,-0.51501,-0.48581,-0.13514,-0.48618,0.12647,-0.69475,12.331,-2.761,1.4806,0.055155,0.23342,-0.14986,-0.57225,0.57369,0.21308,-11.504,-3.0897,-2.2503,0.15204,-0.12734,-0.81204,0.58521,-0.049035,0.60633,-7.3799,-7.7628,-0.71975,-0.54012,0.000376,0.74262,0.34863,0.70276,-0.34785
12.591,0.61732,0.99349,-0.040458,-0.3725,-0.62172,-0.69337,0.57074,-0.22606,11.734,2.3135,3.0522,-1.0599,-0.59444,-0.35769,-0.50132,0.14361,-0.67999,12.315,-2.3441,1.9034,0.25888,0.11009,-0.16486,-0.57673,0.57214,0.20569,-13.707,-0.91624,-0.54165,0.50974,-0.33616,-0.89581,0.5936,-0.016873,0.60158,-7.6229,-8.6507,-2.8026,0.79599,0.057682,1.1016,0.37536,0.68362,-0.3536
13.924,-0.094051,0.23059,-0.32708,-0.38693,-0.51162,-0.70838,0.55792,-0.2115,15.043,1.0122,3.3387,-1.349,-0.48206,-0.55526,-0.51983,0.16997,-0.659,12.894,-1.6964,1.8862,0.52322,-0.030192,-0.004767,-0.57731,0.57468,0.1964,-13.785,0.00932,0.38592,0.92585,-0.57402,-0.49307,0.60477,0.015878,0.58988,-10.255,-6.0542,-2.7803,0.81885,0.067216,1.2655,0.40563,0.65043,-0.37731
12.734,0.33091,0.082596,-0.095672,-0.16698,-0.33453,-0.72004,0.547,-0.19815,13.808,0.55756,2.6389,-1.0536,-0.12985,-0.83977,-0.53181,0.18288,-0.64399,13.053,-0.5189,1.499,0.39183,0.15409,-0.011442,-0.57693,0.58014,0.18409,-11.581,0.59445,-1.1907,1.2412,-0.59896,0.10677,0.61476,0.052029,0.57332,-9.3707,-5.1879,-3.9207,-0.22649,-0.22366,1.4394,0.44377,0.62187,-0.38356
10.309,1.1077,-0.37087,0.16319,-0.019419,-0.30769,-0.72625,0.53874,-0.19635,10.889,-0.74411,2.6637,-0.95308,0.15394,-1.0274,-0.53532,0.18908,-0.63616,10.08,-0.06846,1.0671,0.054601,0.323,0.10961,-0.57561,0.58567,0.17556,-9.0547,1.2526,-1.9808,1.6432,-0.35113,0.89916,0.62408,0.072003,0.56056,-9.025,-5.1488,-2.7421,-0.46821,0.059123,1.4725,0.47664,0.60254,-0.37361
9.703,1.6797,-1.4161,0.024639,-0.1813,-0.25438,-0.73342,0.5321,-0.19763,9.8167,-0.050861,1.7368,-0.49832,0.3733,-1.0372,-0.53408,0.18648,-0.63514,8.7252,0.079213,1.0587,0.094886,0.242,0.10912,-0.5748,0.59065,0.17186,-9.0804,2.068,-1.5621,1.588,-0.1781,1.5606,0.63158,0.079295,0.5509,-9.25,-6.3044,-0.91919,0.42233,0.17694,1.5526,0.51114,0.57086,-0.37557
9.6463,1.9054,-2.1686,-0.14675,-0.056505,-0.24607,-0.73896,0.52599,-0.19054,9.5715,0.85947,1.0153,-0.38666,0.50173,-0.90221,-0.52712,0.17692,-0.64208,8.9081,0.093256,0.85344,0.19146,0.14048,0.022529,-0.57448,0.59607,0.16576,-9.5441,3.8562,-1.0933,1.3738,0.30852,1.8573,0.63305,0.06429,0.54885,-8.4089,-4.5656,-1.6098,0.51037,-0.009808,1.3535,0.5425,0.53287,-0.38647
9.7628,1.7383,-1.378,-0.15811,0.10437,-0.16647,-0.74185,0.52302,-0.18786,9.6854,0.97692,0.79294,-0.31507,0.45551,-0.82921,-0.51849,0.16809,-0.64661,9.0467,0.31607,0.77588,-0.045487,0.23206,0.12496,-0.57348,0.60003,0.16098,-10.707,3.3284,-1.4912,0.59697,0.61458,1.809,0.62145,0.041802,0.56025,-8.5863,-3.3633,-1.3108,0.1515,-0.012228,1.387,0.57029,0.49406,-0.39363
9.2968,1.265,-0.6237,-0.098558,0.32756,-0.06888,-0.74183,0.51959,-0.19272,9.3886,0.99461,0.65511,-0.18577,0.33034,-0.76875,-0.50624,0.15523,-0.65424,9.3438,0.34353,0.86791,-0.35758,0.35657,0.19206,-0.57126,0.60289,0.16051,-10.96,0.4021,-1.223,-0.068927,0.97985,1.6706,0.59789,-0.008673,0.58167,-9.0812,-3.6446,-1.3648,0.073807,-0.068098,1.3789,0.59861,0.45674,-0.39657
8.6804,0.79071,0.67403,-0.20865,0.44532,-0.045837,-0.74101,0.52001,-0.19969,8.3631,1.1132,0.72956,-0.056715,0.15707,-0.72911,-0.50228,0.14348,-0.65716,8.4818,-0.11897,1.2272,-0.52381,0.35547,0.12269,-0.57054,0.6018,0.16505,-10.125,0.79398,-0.90662,0.011225,0.96693,1.4897,0.57077,-0.04441,0.60301,-8.706,-3.1529,-1.5214,-0.030703,-0.16782,1.3467,0.62034,0.42318,-0.40106
8.2708,0.98557,0.93329,-0.073745,0.45167,-0.034758,-0.73564,0.52023,-0.20516,7.691,1.4262,1.191,-0.088816,-0.082838,-0.55412,-0.50518,0.13399,-0.65508,7.7364,-0.46089,1.7034,-0.41193,0.15998,-0.095102,-0.57235,0.59785,0.17116,-9.9963,3.0759,-1.4016,-0.3211,0.91721,1.6213,0.54041,-0.078962,0.62345,-8.1287,-2.9323,-1.2945,-0.052731,-0.17026,1.3718,0.6392,0.38961,-0.40782
7.7876,1.0943,0.63194,-0.19996,0.39167,-0.014668,-0.73308,0.52227,-0.21141,7.0305,1.4211,1.2501,-0.18917,-0.38721,-0.28827,-0.51181,0.13197,-0.64894,7.3928,-0.50804,1.8702,-0.42943,0.12099,-0.19422,-0.57699,0.58787,0.17791,-8.6566,3.7055,-1.8854,-1.0238,0.98881,1.7294,0.50585,-0.13459,0.63756,-7.6208,-3.9215,-1.0272,-0.34334,-0.2328,1.2217,0.65653,0.35906,-0.41212
7.6249,1.3917,0.69232,-0.21715,0.38805,-0.025623,-0.7302,0.52264,-0.21685,6.4773,2.0204,1.6675,-0.3465,-0.68935,-0.078734,-0.52636,0.13471,-0.63544,7.2445,-0.77947,2.0046,-0.49291,0.20858,-0.23481,-0.584,0.57708,0.18469,-8.7377,2.7319,-0.4158,-0.82684,0.93769,1.8966,0.46328,-0.19399,0.64979,-8.1965,-2.8104,-1.9003,-0.38371,-0.10553,1.0438,0.66882,0.33427,-0.41207
8.1062,1.0299,1.3053,-0.474,0.30423,-0.011866,-0.72576,0.52586,-0.22,7.4903,2.2791,1.7721,-0.80738,-0.96378,0.17813,-0.55018,0.14801,-0.6145,8.2491,-1.1582,1.8676,-0.76457,0.31914,-0.21787,-0.59319,0.56222,0.19744,-9.6375,4.6053,-1.036,-0.42586,1.0152,2.0917,0.41176,-0.24886,0.66262,-9.3482,-2.3004,-0.9474,-0.53309,-0.22312,0.96066,0.67918,0.31273,-0.40777
8.3579,1.0253,1.9488,-0.32042,0.24239,-0.015894,-0.7235,0.52748,-0.21953,9.1816,1.6403,1.9764,-0.9074,-0.85844,0.45182,-0.57028,0.17713,-0.58666,8.4792,-1.871,2.0375,-0.78015,0.24031,-0.2313,-0.60266,0.54945,0.20725,-9.1993,4.7078,-1.8149,-0.46234,0.83189,2.0454,0.36044,-0.29053,0.67227,-9.036,-3.36,-1.6471,-0.32492,-0.35265,0.76924,0.68597,0.29452,-0.41133
8.7003,1.0807,2.2203,-0.09672,0.091593,0.006997,-0.72118,0.52882,-0.21799,9.4345,1.4217,2.0474,-0.44485,-0.52668,0.4569,-0.58134,0.20471,-0.56632,8.2456,-2.1836,2.3278,-0.46342,-0.017811,-0.25806,-0.60693,0.53726,0.21644,-8.9315,4.7776,-2.1172,-0.86625,0.82168,2.0214,0.3116,-0.3373,0.67522,-9.215,-2.5203,-2.32,-0.42844,-0.15019,0.60445,0.69062,0.28241,-0.417
8.6656,1.519,1.9841,0.016244,0.054221,0.023726,-0.71888,0.52959,-0.21923,9.51,1.7388,2.1562,-0.14397,-0.28778,0.22812,-0.58752,0.21831,-0.55631,8.1793,-1.9652,2.5357,-0.14399,-0.26517,-0.29,-0.61094,0.52607,0.226,-7.6678,3.0947,-1.9099,-0.96454,0.6415,1.8416,0.25989,-0.38494,0.6692,-9.2893,-2.3567,-2.0071,-0.593,-0.15588,0.61932,0.69494,0.27581,-0.41162
8.6796,1.6424,2.5819,-0.021517,-0.02004,0.070541,-0.71552,0.53175,-0.22044,9.2739,2.0518,2.1003,-0.1615,-0.13512,0.10104,-0.58985,0.22509,-0.55036,8.6296,-1.8417,2.7824,0.013155,-0.39944,-0.24933,-0.61198,0.51798,0.23499,-6.5395,2.9418,-1.9321,-0.90154,0.60016,1.4768,0.21357,-0.42406,0.66139,-9.2438,-2.3592,-1.3715,-0.16287,-0.038358,0.46166,0.69968,0.26746,-0.41171
9.0528,1.5815,2.2486,0.15777,-0.037528,0.062671,-0.71438,0.53068,-0.22382,8.9566,1.9155,2.2144,-0.007718,-0.054224,0.18994,-0.59023,0.23208,-0.54663,9.2602,-1.6802,3.0043,0.089017,-0.4163,-0.212,-0.61342,0.51208,0.24353,-5.919,3.0173,-1.4471,-0.58196,0.63442,1.042,0.17258,-0.45376,0.6505,-9.3776,-1.5582,-1.7152,0.034944,-0.031412,0.45582,0.7008,0.2563,-0.41237
8.9224,1.1059,2.8492,0.20069,-0.1272,0.071293,-0.71264,0.53051,-0.22329,8.9064,1.9074,1.886,0.3724,0.019681,0.40503,-0.5869,0.23462,-0.54908,9.4351,-1.5553,3.2566,0.11731,-0.42814,-0.28789,-0.61345,0.50509,0.25304,-4.637,3.0563,-2.4041,0.17626,0.5858,0.48048,0.14135,-0.46206,0.65189,-9.1975,-1.5376,-1.4208,-0.008184,-0.092824,0.35594,0.70314,0.24616,-0.41391
8.7738,0.99015,2.4594,0.22376,-0.22417,0.082647,-0.71219,0.53111,-0.22223,8.9195,2.1655,1.6734,0.55581,0.010751,0.51555,-0.58266,0.23473,-0.55195,9.0528,-1.6675,3.2699,0.23954,-0.42532,-0.32937,-0.61245,0.50168,0.25803,-4.1151,4.9302,-1.7805,0.33516,0.5816,0.007898,0.11959,-0.45734,0.66214,-9.1824,-1.3577,-1.6292,-0.09636,-0.11509,0.33428,0.70605,0.23616,-0.41453
9.3048,1.1875,2.0619,0.2209,-0.24364,0.09827,-0.71314,0.5298,-0.2204,9.1731,2.3599,1.5786,0.56443,-0.043141,0.50814,-0.57914,0.23462,-0.55628,9.2868,-1.5004,2.8793,0.252,-0.29076,-0.33429,-0.61408,0.49648,0.26033,-3.6444,6.4156,-1.5177,-0.12734,0.35028,-0.3517,0.11054,-0.45321,0.66374,-9.369,-0.93077,-1.7208,-0.28795,-0.11627,0.3529,0.70673,0.22931,-0.41529
9.8855,1.1305,2.1853,0.18566,-0.1962,0.13091,-0.71076,0.53104,-0.22006,9.9818,2.4552,1.8902,0.42016,-0.14868,0.53027,-0.57761,0.2365,-0.55869,9.4166,-1.7018,2.4839,0.053035,-0.14841,-0.25207,-0.61553,0.4918,0.26114,-4.4272,11.463,-2.544,0.066752,0.29591,-0.29458,0.10734,-0.45523,0.66284,-9.7536,-2.4148,-1.8807,-0.31812,-0.13678,0.31327,0.70753,0.22638,-0.41355
10.654,1.1768,2.0124,0.22715,-0.15937,0.21843,-0.7085,0.53349,-0.2221,11.118,2.3283,2.0135,0.37917,-0.13701,0.515,-0.57333,0.23478,-0.55935,9.946,-2.0197,2.2774,0.018853,-0.15187,-0.19193,-0.61612,0.48668,0.26423,-5.5741,6.0437,-0.49087,-0.086385,0.10806,-0.67277,0.11095,-0.44592,0.66336,-10.058,-0.56067,-1.9779,-0.38531,-0.13007,0.34249,0.70334,0.227,-0.41625
11.4,1.254,1.6008,0.19612,-0.15091,0.29684,-0.704,0.53815,-0.2217,12.122,2.1342,2.0091,0.36288,-0.048421,0.41083,-0.56971,0.23822,-0.56129,10.68,-1.933,1.9545,0.094232,-0.21606,-0.12199,-0.61577,0.48384,0.26632,-8.1133,8.4678,-1.6547,0.26025,-0.12182,-0.74442,0.1214,-0.44197,0.65978,-11.324,-0.68816,-2.276,-0.18739,-0.037967,0.41012,0.70561,0.21975,-0.41285
13.541,1.3138,0.85647,0.25394,-0.13321,0.35539,-0.69651,0.54355,-0.22184,13.787,1.9594,2.0233,0.29505,0.040886,0.26274,-0.56727,0.23747,-0.56166,12.056,-1.5213,1.4353,-0.075909,-0.20225,-0.007784,-0.61221,0.48533,0.27031,-7.5874,7.1123,-3.3304,0.084394,-0.23475,-0.96796,0.13609,-0.44062,0.6583,-14.521,-0.90357,-0.47831,-0.5951,-0.27543,0.49061,0.7064,0.21225,-0.41204
15.284,1.5268,1.5276,0.24627,-0.11249,0.45126,-0.69049,0.55267,-0.2222,15.183,1.9173,2.1702,0.18277,0.071071,0.2285,-0.56203,0.23818,-0.56268,13.67,-2.0812,1.7384,-0.091461,-0.42126,0.066332,-0.6045,0.48418,0.28017,-10.927,6.2933,-2.5039,0.18578,-0.57499,-1.3295,0.16567,-0.42591,0.65758,-14.736,-0.41985,0.31851,-0.687,-0.5226,0.33912,0.7008,0.21276,-0.41838
12.913,0.919,0.81931,0.21174,0.15357,0.41238,-0.68032,0.56012,-0.22899,13.393,1.2267,2.1342,0.3211,0.13505,0.23975,-0.55548,0.23729,-0.56592,13.405,-1.6164,1.8681,0.41853,-0.58113,0.25644,-0.59511,0.49116,0.2889,-10.629,4.5822,-3.6362,-0.086074,-0.5064,-1.6638,0.20546,-0.41313,0.65215,-11.771,-0.61348,0.46518,-0.73017,-0.47335,-0.18456,0.68893,0.22516,-0.42743
9.5776,-0.51805,0.098361,-0.23112,-0.044642,0.45599,-0.67154,0.57284,-0.23191,8.8387,0.69488,1.9362,0.23825,0.17999,0.13132,-0.54607,0.23308,-0.57451,10.002,-0.23986,2.0199,0.62382,-0.46832,0.49012,-0.57791,0.51043,0.29196,-8.5615,4.176,-4.9445,0.42641,-0.36821,-1.7301,0.24973,-0.3832,0.65535,-8.7055,-2.0872,-2.9824,-1.1399,-0.45081,-0.90655,0.67178,0.25578,-0.43145
9.3204,-1.172,-2.5934,-0.081341,-0.24222,0.43133,-0.66346,0.58578,-0.22324,7.5021,-0.18711,1.8681,0.010788,0.21126,0.077875,-0.53876,0.23335,-0.57786,9.0327,-0.38915,1.3991,0.74769,0.011028,0.43268,-0.5654,0.53074,0.28321,-8.083,4.8898,-3.0454,0.16602,-0.036173,-1.74,0.28121,-0.35114,0.65897,-9.1942,-3.9421,-1.5915,-1.1271,-0.2989,-1.2408,0.64899,0.30751,-0.42771
9.7372,-0.69803,-1.5353,0.30517,0.22043,0.3406,-0.65751,0.59417,-0.22505,8.8044,-0.46781,1.7265,0.11171,0.41384,0.080974,-0.52986,0.2342,-0.58295,9.1532,-0.58231,0.53399,0.51717,0.40705,0.51893,-0.55685,0.54987,0.26758,-8.9141,4.5503,-1.5465,-0.20508,-0.14427,-1.5431,0.30498,-0.33555,0.65647,-9.4432,-5.5049,-0.73358,-0.21123,0.14968,-1.3403,0.63046,0.35059,-0.41829
9.1075,-0.84617,-0.26542,0.42185,0.36451,0.30184,-0.64817,0.59695,-0.24267,9.4845,-1.1441,1.2003,0.45924,0.71277,-0.068782,-0.51421,0.22733,-0.59593,9.503,-1.2294,0.26207,0.30419,0.55038,0.71774,-0.54529,0.57107,0.24981,-9.6864,2.5134,-1.0647,-0.20802,-0.24768,-1.3985,0.32856,-0.32064,0.65245,-9.1683,-3.2565,0.97255,0.068621,0.34182,-1.803,0.60856,0.38769,-0.41194
8.6,-0.73299,0.23875,0.46586,0.48442,0.30865,-0.63865,0.60168,-0.26187,8.6623,-1.2311,1.1559,0.8415,0.81626,-0.18357,-0.49475,0.20936,-0.61716,9.3721,-1.3296,-0.27112,0.24845,0.55003,0.78741,-0.53154,0.59486,0.23356,-9.2142,1.9104,-1.6546,-0.20326,-0.38877,-1.3688,0.35581,-0.30622,0.64683,-11.545,0.48704,-0.57368,-0.3705,0.38787,-1.6107,0.58084,0.43231,-0.39925
8.5689,-0.6907,0.84305,0.49478,0.40957,0.2069,-0.62579,0.60222,-0.28277,7.6038,-0.41763,1.4156,0.96305,0.62092,-0.041631,-0.47475,0.18175,-0.63947,9.0481,-1.4885,-0.11191,0.42114,0.35082,0.6917,-0.51673,0.61509,0.21089,-8.9415,2.1406,-2.6771,0.058482,-0.33647,-1.3702,0.3827,-0.28147,0.64268,-9.9162,-1.5807,-0.94012,-0.13094,0.66138,-1.4926,0.55797,0.47335,-0.37685
8.2846,-0.69034,1.3258,0.22482,0.33331,0.11931,-0.62055,0.59952,-0.29852,7.2776,0.4579,1.8502,0.70945,0.3105,0.20963,-0.4622,0.16222,-0.65238,8.5794,-0.84486,-0.30134,0.31938,0.23176,0.61444,-0.50154,0.63508,0.19868,-8.9629,2.1537,-2.2274,0.16385,-0.28027,-1.4342,0.40669,-0.25257,0.64067,-9.161,-2.5565,-0.57149,0.18715,0.6743,-1.5207,0.53606,0.50541,-0.3608
7.5692,-0.86836,0.96859,0.032162,0.33292,0.076087,-0.61271,0.60164,-0.30972,7.026,0.8342,2.244,0.48844,0.13149,0.33501,-0.45438,0.15172,-0.65784,8.2445,-0.16316,-0.40384,-0.015838,0.17531,0.43374,-0.48907,0.64986,0.19418,-8.5244,2.887,-1.4618,0.076805,-0.3349,-1.4212,0.43198,-0.22743,0.63658,-8.4212,-3.2376,-1.1583,0.82359,0.8534,-1.8108,0.51152,0.53057,-0.35753
7.1061,-0.99142,1.1806,-0.049569,0.24759,0.022496,-0.60848,0.60274,-0.31432,6.5464,1.1096,2.4611,0.26585,0.053749,0.32127,-0.44915,0.15058,-0.6618,7.6648,-0.43528,-0.043634,-0.20634,0.087772,0.16466,-0.48135,0.65556,0.19665,-8.1679,3.4712,-0.97523,0.10967,-0.3737,-1.2325,0.45218,-0.19904,0.633,-7.8449,-3.3065,-1.455,0.75191,0.99012,-1.81,0.48213,0.55251,-0.35601
7.538,-0.8925,1.5128,-0.080803,0.13081,-0.029877,-0.60598,0.60328,-0.31687,7.1193,1.2324,2.6061,0.12484,0.009944,0.33121,-0.44659,0.15099,-0.66218,7.8453,-0.69166,0.23248,0.010438,-0.053133,-0.038493,-0.47989,0.65612,0.19857,-8.1773,3.6083,-1.5006,-0.015417,-0.28008,-0.9433,0.47025,-0.1766,0.6272,-8.692,-3.4798,-2.0225,0.72929,0.98465,-1.8675,0.45198,0.57684,-0.35213
8.4315,-0.85673,1.8928,-0.012892,0.12222,-0.058822,-0.60647,0.6015,-0.31634,8.2643,1.3271,2.5552,0.022051,0.00042,0.20506,-0.44811,0.15867,-0.66021,8.8104,-0.95432,0.45459,-0.065227,-0.064985,-0.17437,-0.48204,0.65363,0.20027,-9.0976,2.0348,-2.6276,0.13456,-0.16707,-0.68166,0.48107,-0.15788,0.62486,-8.8063,-4.765,-1.7366,0.40003,0.77019,-1.8662,0.41611,0.59795,-0.34965
9.3838,-0.98446,2.2871,0.013184,0.1036,-0.054949,-0.60593,0.5997,-0.31605,9.3519,1.1494,2.6632,-0.027342,-0.009804,0.013514,-0.44735,0.1615,-0.65996,9.7714,-1.6977,0.70455,-0.14436,-0.13029,-0.26537,-0.48465,0.64834,0.20289,-9.9082,0.35588,-1.7269,0.37684,-0.11759,-0.52715,0.48746,-0.14165,0.62423,-8.3131,-5.6648,-1.3722,0.22882,0.63927,-1.9193,0.37843,0.62387,-0.34641
9.7475,-1.0192,2.8267,0.098873,0.053083,-0.050905,-0.6044,0.5987,-0.32219,9.6318,0.95732,2.7758,0.032584,0.000892,-0.17363,-0.44502,0.15561,-0.66102,9.9791,-2.2045,1.0686,-0.1039,-0.21984,-0.35912,-0.48889,0.64102,0.21034,-10.221,0.46396,-0.96819,0.12466,-0.08027,-0.79508,0.49443,-0.12474,0.62186,-7.5261,-5.5507,-0.89551,0.27864,0.53758,-1.8933,0.33839,0.64771,-0.34064
9.3534,-0.76455,2.9299,0.15139,0.035354,-0.07267,-0.60581,0.59519,-0.32393,9.232,0.72828,3.0177,0.13803,-0.002791,-0.25909,-0.44577,0.14995,-0.66147,9.7136,-2.4466,1.4257,-0.038424,-0.33067,-0.41236,-0.49747,0.63219,0.21797,-9.4641,1.1743,-1.5764,-0.18212,-0.15941,-0.67556,0.50264,-0.11092,0.61916,-6.9793,-5.5082,-0.95338,0.44216,0.57353,-1.5591,0.2999,0.66272,-0.34172
8.5803,-0.42446,2.7919,0.14717,-0.11676,-0.10857,-0.6078,0.59096,-0.32688,8.6307,0.74192,3.2158,0.22626,-0.056151,-0.16327,-0.4471,0.13956,-0.65915,9.1215,-2.5413,1.6873,-0.003531,-0.37775,-0.45765,-0.50347,0.62251,0.2249,-9.2954,-0.028878,-2.3743,-0.46476,0.073272,-0.54983,0.50445,-0.10931,0.61494,-6.2818,-4.5679,-1.671,0.36912,0.57932,-1.078,0.27429,0.67178,-0.34549
8.7657,-0.74355,2.56,0.10737,-0.3104,-0.12969,-0.61557,0.58474,-0.32463,8.4433,1.2607,3.2219,0.0598,-0.068557,0.012356,-0.45334,0.13195,-0.65638,9.1919,-2.4958,1.8782,0.04463,-0.38036,-0.50173,-0.51427,0.61034,0.23041,-9.2978,0.84449,-1.4451,-0.11503,0.027132,-0.51196,0.50333,-0.1023,0.61286,-4.8288,-4.2139,-2.3102,-0.075591,0.40504,-0.64823,0.25572,0.67516,-0.34536
8.9813,-0.93725,2.4037,0.2091,-0.44394,-0.14265,-0.62339,0.57803,-0.31815,8.6467,0.39964,3.3043,-0.1898,-0.17777,0.2236,-0.45635,0.13958,-0.65333,9.1821,-2.5275,1.9618,0.02784,-0.31989,-0.514,-0.52246,0.5982,0.2358,-9.5094,1.2345,-1.6673,-0.006564,-0.000953,-0.31177,0.5043,-0.096138,0.61276,-4.3807,-5.053,-2.1705,-0.25072,0.32522,-0.26138,0.24834,0.68388,-0.33177
9.6173,-0.52638,2.1128,0.2181,-0.45559,-0.14526,-0.63013,0.57213,-0.31375,9.2589,0.22023,3.2878,0.056567,-0.2199,0.27834,-0.45815,0.14361,-0.65014,9.4259,-2.5871,2.0105,0.094362,-0.26286,-0.54201,-0.52887,0.5915,0.23963,-9.6558,-0.64181,-1.3682,0.094368,0.083451,-0.3486,0.50659,-0.092536,0.61475,-3.9487,-6.6021,-1.8985,0.1745,0.27481,0.05187,0.2466,0.68459,-0.3271
10.311,-0.32435,2.0672,0.1467,-0.24066,-0.14256,-0.63683,0.56512,-0.31105,9.9625,0.68324,3.282,0.32137,-0.18607,0.32187,-0.46307,0.14447,-0.64525,9.9717,-2.5994,1.931,0.024519,-0.1213,-0.45421,-0.5388,0.58203,0.24014,-10.208,-1.8902,-0.99539,0.20137,0.000729,-0.52498,0.5067,-0.080581,0.61523,-4.1424,-6.6278,-0.67694,0.58403,0.19395,0.49544,0.2561,0.6742,-0.33661
10.647,-0.19367,2.0556,0.081992,-0.13429,-0.1376,-0.64191,0.55949,-0.30765,10.076,1.0276,3.2503,0.62534,-0.066769,0.25871,-0.46479,0.13543,-0.64518,10.713,-2.8797,1.7882,0.006418,-0.056492,-0.35853,-0.54553,0.57385,0.24003,-10.629,-1.5752,-1.4092,0.55976,-0.19494,-0.50509,0.51109,-0.059203,0.61311,-4.4541,-5.0734,-0.49877,-0.18447,0.14054,1.0452,0.27943,0.66313,-0.338
11.295,-0.30973,1.9927,0.1017,-0.21019,-0.18461,-0.64761,0.55441,-0.30598,10.46,1.5363,3.34,0.52326,-0.086199,0.23291,-0.46638,0.12709,-0.64253,11.288,-2.9797,1.7986,0.16271,0.003251,-0.20087,-0.55113,0.56872,0.2374,-11.355,0.11665,-1.4707,0.60522,-0.15054,-0.40381,0.51493,-0.036212,0.61096,-9.677,-10.303,-1.8409,-0.30046,0.34767,0.731,0.30697,0.65509,-0.31599
12.637,-0.81256,0.92532,-0.011695,-0.14401,-0.25885,-0.65419,0.54633,-0.30116,11.669,1.7996,3.006,0.19577,-0.17633,0.14467,-0.46828,0.1216,-0.64046,12.331,-2.9265,1.6888,0.32791,0.07289,-0.04391,-0.55421,0.56992,0.2305,-11.972,0.6276,-2.3237,0.55127,-0.084944,-0.20033,0.51745,-0.013952,0.609,-7.9335,-6.6949,-2.0706,-0.14246,-0.11442,0.82971,0.32586,0.6495,-0.30838
12.908,-0.16254,0.84208,0.24573,-0.10557,-0.27322,-0.66047,0.53728,-0.30319,12.387,1.1894,2.8423,0.034158,-0.16022,-0.076179,-0.47237,0.11557,-0.63812,12.791,-2.4768,1.4582,0.54803,0.13843,0.17303,-0.55251,0.57803,0.2172,-12.77,-0.25279,-0.52354,0.56602,-0.19613,0.07943,0.52135,-0.001862,0.60447,-8.4279,-6.4592,-2.6011,0.35961,-0.45732,1.1411,0.34727,0.6351,-0.31028
12.819,-0.27983,0.71382,0.22636,-0.013404,-0.29098,-0.66763,0.52643,-0.30444,12.543,0.99493,2.4487,-0.084004,-0.14652,-0.35702,-0.47649,0.11232,-0.63363,12.616,-1.4654,1.1935,0.56644,0.24362,0.43033,-0.54822,0.59223,0.19826,-12.682,-0.68594,0.9489,0.36616,-0.28031,0.17234,0.52552,0.009858,0.59983,-10.646,-6.6492,-2.9827,-0.013623,-0.21113,1.2967,0.37313,0.61358,-0.32152
10.603,0.39979,0.06734,0.13277,0.13636,-0.21356,-0.67159,0.5177,-0.30982,10.989,0.10536,2.4497,-0.020836,-0.057511,-0.53085,-0.47946,0.10485,-0.63016,10.617,-0.11673,0.77297,0.48361,0.30201,0.50058,-0.53858,0.60917,0.17939,-9.1676,0.42315,-0.9695,0.4765,-0.33217,0.54525,0.53326,0.009377,0.59336,-8.9062,-5.8521,-2.5478,-0.89349,-0.58647,1.2702,0.39797,0.60081,-0.31476
9.5793,1.0777,-0.69693,0.26587,-0.058416,-0.19989,-0.67873,0.5066,-0.31582,9.0926,-0.044296,1.8736,0.053324,0.017084,-0.54032,-0.48347,0.095447,-0.62698,9.0463,0.60284,0.63398,0.46939,0.29152,0.49663,-0.52993,0.62747,0.15571,-9.8477,0.40676,-1.2832,0.46209,-0.21448,1.0199,0.5375,-3.9e-05,0.5894,-8.1399,-5.6092,-0.42803,-0.27094,-0.4431,1.3489,0.42493,0.58125,-0.3155
9.565,0.96852,-1.1528,0.0762,-0.004034,-0.24601,-0.68381,0.49804,-0.31754,9.3207,0.40749,1.6972,0.007221,0.094221,-0.43006,-0.48268,0.086721,-0.62832,9.5573,1.0325,0.57068,0.54868,0.20483,0.29184,-0.52244,0.64104,0.13608,-10.13,0.86351,0.39839,0.69498,-0.15721,1.2429,0.53914,-0.012037,0.58609,-8.5754,-5.5428,-1.7348,0.032647,-0.70069,1.22,0.44727,0.5584,-0.32401
9.6354,0.52011,-0.29729,-0.069097,0.15565,-0.19214,-0.68787,0.49164,-0.31963,9.257,0.20227,1.5258,-0.13639,0.082392,-0.38897,-0.48103,0.075389,-0.62854,9.3377,1.2962,0.39653,0.10806,0.35148,0.19268,-0.51959,0.6491,0.12333,-9.3641,2.5125,-0.54066,0.72561,-0.000908,1.3131,0.53907,-0.021954,0.58384,-8.3481,-3.3288,-2.9499,-0.49457,-0.58508,1.0093,0.46444,0.54549,-0.32555
9.1717,0.28574,-0.03377,0.004052,0.21408,-0.064651,-0.6879,0.48943,-0.32279,10.074,0.18832,1.3849,0.11553,0.17367,-0.44911,-0.47891,0.066393,-0.62916,9.1389,0.60722,0.63775,-0.16789,0.36703,0.038596,-0.51872,0.65014,0.11838,-9.9462,1.6553,-2.3142,0.54545,0.26368,1.4805,0.53122,-0.038788,0.58782,-8.8738,-3.6516,-3.9156,-0.60325,-0.40431,1.0942,0.4823,0.53217,-0.32284
9.1734,0.83997,0.29808,0.13323,0.19688,-0.016942,-0.68558,0.486,-0.32888,9.6325,0.50355,1.3837,0.11494,0.2106,-0.46139,-0.47593,0.053386,-0.63367,8.8868,-0.20738,0.69455,-0.11745,0.25487,-0.096851,-0.52311,0.6475,0.11773,-10.483,1.7029,-1.6499,0.42489,0.71134,1.5764,0.51315,-0.063309,0.59969,-8.1859,-4.6426,-3.3988,-0.38871,-0.094188,1.1127,0.50244,0.51608,-0.31949
9.3151,1.1112,0.71868,0.1305,0.2151,-0.00786,-0.68309,0.4816,-0.33694,9.0726,0.48355,1.5211,0.020697,0.12442,-0.40782,-0.47006,0.046921,-0.63621,9.1603,-0.62188,0.88682,-0.10921,0.19535,-0.14462,-0.52701,0.64228,0.11669,-10.985,2.1214,-1.8105,-0.12412,0.95885,1.7414,0.4828,-0.097623,0.62038,-9.1107,-3.3302,-1.5287,-0.2515,-0.17857,1.1176,0.52245,0.49621,-0.3221
9.2333,1.193,0.80811,0.042769,0.2053,-0.051714,-0.68198,0.47914,-0.34084,8.8693,0.70605,1.6375,0.002466,0.040988,-0.24361,-0.46798,0.0409,-0.63715,9.1072,-1.1468,1.2716,-0.16126,0.10446,-0.12374,-0.5341,0.63897,0.11692,-10.388,1.9373,-2.0383,-0.69074,0.89588,1.7161,0.44856,-0.14442,0.636,-9.1695,-2.5602,-1.6621,-0.053385,-0.19512,1.1477,0.54138,0.47077,-0.32836
8.904,1.083,1.1928,0.031015,0.19066,-0.082692,-0.68102,0.47651,-0.34778,8.3055,1.0165,1.6257,0.066383,-0.028139,-0.041825,-0.46807,0.034075,-0.63754,8.7341,-1.2188,1.8051,-0.012305,0.02798,-0.037299,-0.53664,0.63573,0.11824,-9.9821,1.5782,-1.8497,-0.66581,0.79351,1.6659,0.41494,-0.18971,0.64393,-9.1321,-2.8459,-1.1543,-0.2252,-0.29897,1.2741,0.56449,0.45089,-0.32537
8.2929,0.95557,0.94864,-0.13518,0.2587,-0.092408,-0.68018,0.47483,-0.35196,7.982,1.3457,1.7322,0.015897,-0.10532,0.12801,-0.46953,0.035303,-0.63571,8.2537,-1.1052,2.0745,0.053312,0.053077,0.061613,-0.53776,0.63579,0.11583,-9.1543,3.3945,-1.49,-0.63691,0.88467,1.6669,0.37623,-0.23467,0.65138,-8.6,-2.2707,-1.8982,-0.44922,-0.30925,1.1676,0.58371,0.4253,-0.32765
7.7242,0.60329,1.2703,-0.24426,0.21426,-0.046819,-0.67758,0.4754,-0.35503,7.7591,1.5586,1.8387,-0.038978,-0.15851,0.2082,-0.47224,0.038549,-0.63255,7.7031,-1.0877,2.0047,0.04878,0.16454,0.14382,-0.53596,0.63755,0.11189,-8.4029,3.6549,-2.0978,-1.0119,0.80822,1.7387,0.33621,-0.28487,0.65398,-8.2108,-2.3541,-2.0636,-0.58271,-0.35579,1.1556,0.59798,0.40512,-0.32966
7.7984,0.63896,1.465,-0.14334,0.16053,0.006463,-0.6748,0.47765,-0.35468,7.8454,1.5602,2.0094,-0.003011,-0.14453,0.19733,-0.47717,0.046158,-0.62921,7.6204,-1.1502,1.9141,0.026027,0.19223,0.16502,-0.53482,0.63985,0.10741,-8.2993,3.9615,-1.8035,-0.85206,0.85464,1.7444,0.28627,-0.34061,0.64945,-8.5405,-3.021,-1.0179,-0.72834,-0.44853,1.0715,0.60874,0.38416,-0.33408
8.2392,1.0123,1.6946,-0.062021,0.14418,0.01948,-0.67164,0.4787,-0.3572,8.307,1.9093,1.9871,0.015422,-0.091582,0.17535,-0.48003,0.048902,-0.62658,7.762,-1.2382,1.8298,-0.008071,0.11807,0.053581,-0.53163,0.64283,0.10389,-8.016,4.0897,-1.708,-0.65338,0.80321,1.7582,0.23707,-0.38327,0.6482,-8.9603,-2.9275,-1.54,-0.57798,-0.45843,0.90296,0.61822,0.36751,-0.33759
8.7677,1.1248,2.1395,-0.049755,0.090795,0.037132,-0.66911,0.47949,-0.35923,8.6864,2.0228,2.0823,-0.02213,-0.073738,0.18029,-0.48133,0.051012,-0.62397,8.1763,-1.318,1.8399,-0.067498,-0.020697,-0.080906,-0.53107,0.64052,0.10262,-7.3111,3.6118,-1.5133,-0.50036,0.75157,1.6695,0.19208,-0.4123,0.64737,-9.1403,-3.1435,-1.4764,0.05412,-0.10822,0.68857,0.62746,0.35399,-0.33681
9.2952,-0.57925,2.5872,0.21119,-0.059471,0.099304,-0.6841,0.53132,-0.27599,7.2663,2.1428,1.8835,0.97057,-0.68646,-0.77869,-0.45006,0.18697,-0.70501,9.0309,-2.188,0.86417,0.098756,0.087697,-0.2272,-0.61807,0.57419,0.26284,-9.6812,6.2922,-1.5328,0.1623,-0.21914,2.0397,0.35503,-0.18966,0.68428,-8.2414,-3.2209,-1.5172,-0.32822,-0.2359,-1.6109,0.40827,0.49586,-0.40121
9.0832,-0.56699,2.2397,0.23119,-0.11075,0.071977,-0.68656,0.54163,-0.25354,7.0286,1.9387,1.7206,0.72265,-0.96512,-0.7341,-0.43199,0.15387,-0.67272,9.1573,-1.9626,0.7659,0.1104,-0.044014,-0.22101,-0.6314,0.57561,0.25692,-9.2124,4.5871,-2.5431,0.49629,-0.13029,1.8424,0.36696,-0.17892,0.6658,-7.5786,-3.3037,-1.2905,-0.38909,-0.11145,-1.4905,0.45065,0.52835,-0.4277
9.109,-0.032654,2.8341,0.21693,-0.11435,0.014472,-0.6785,0.51395,-0.27649,6.5473,1.9074,1.2056,0.48788,-0.86199,-0.56135,-0.42906,0.13335,-0.6594,9.5088,-1.8223,0.87384,0.23724,-0.055062,-0.22507,-0.61065,0.55135,0.22373,-8.9558,4.1827,-0.48467,0.92396,-0.33898,1.4664,0.3945,-0.14045,0.6623,-6.1394,-3.4712,-1.0236,-0.18449,-0.22465,-1.5199,0.47211,0.55698,-0.42901
9.0977,0.62431,2.4619,0.17282,-0.13088,-0.028555,-0.67003,0.54346,-0.25258,7.1063,1.2209,1.1497,0.25194,-0.52929,-0.26678,-0.44809,0.12308,-0.64763,9.3628,-1.6812,1.2197,0.24773,-0.1296,-0.26128,-0.61876,0.58697,0.22003,-8.9554,4.8795,-1.6617,1.2473,-0.58036,1.046,0.42646,-0.1531,0.64152,-5.1492,-4.7655,-1.8982,-0.58927,-0.34417,-1.8025,0.50536,0.58129,-0.4011
9.3627,-0.10882,2.0576,0.23668,-0.21826,-0.072055,-0.65167,0.56112,-0.28095,8.2738,0.68664,1.4072,0.12641,-0.28307,-0.081445,-0.42952,0.13836,-0.63349,9.0625,-1.556,1.7069,0.042061,-0.24299,-0.29442,-0.62849,0.57657,0.1992,-8.5333,4.5461,-3.3348,1.625,-0.59026,0.47588,0.45156,-0.11903,0.62622,-4.3584,-5.6793,-0.93705,-0.68633,-0.14326,-1.8003,0.52951,0.61589,-0.41665
9.8088,0.32934,2.1836,0.19659,-0.27153,-0.053345,-0.64768,0.5493,-0.23798,9.3487,-0.18743,1.8399,0.0041268,-0.14894,0.18649,-0.46363,0.1446,-0.61957,8.5761,-1.6715,1.8702,0.030314,-0.31997,-0.22858,-0.6121,0.57829,0.19643,-8.1452,2.513,-2.5171,1.5853,-0.33115,0.0062812,0.44937,-0.09699,0.65845,-4.4624,-5.5654,-1.6276,-0.7425,-0.16635,-1.8552,0.56955,0.63504,-0.39809
10.606,1.1138,2.022,0.24657,-0.33496,-0.078171,-0.62961,0.58883,-0.22839,9.6413,-0.45713,2.2461,-0.032782,-0.063418,0.45346,-0.47348,0.15134,-0.64781,8.2507,-1.512,2.0125,0.10254,-0.37145,-0.19932,-0.62618,0.58454,0.19154,-8.1949,1.9124,-3.6442,1.3805,-0.19404,-0.36323,0.47791,-0.11286,0.67909,-4.8898,-5.4949,-2.3348,-1.1565,-0.026484,-1.8508,0.60651,0.65145,-0.38048
11.606,1.6909,1.6262,0.24951,-0.37143,-0.08141,-0.62638,0.59522,-0.22458,9.2511,-1.1382,2.4684,0.036222,0.022535,0.4341,-0.47875,0.17343,-0.64008,7.6799,-1.7205,1.8585,-0.076375,-0.37644,-0.29365,-0.60606,0.56559,0.20972,-9.1066,2.1561,-4.9372,0.57286,0.31888,-0.2994,0.48753,-0.08309,0.67134,-4.4086,-4.5767,-2.0144,-1.1195,-0.025325,-1.9223,0.62368,0.64031,-0.37995
12.566,1.9119,0.86112,0.21995,-0.37756,-0.10997,-0.63875,0.58927,-0.22767,8.6387,-1.2293,2.602,0.11597,0.0058915,0.22625,-0.47699,0.21301,-0.63443,7.8519,-2.0197,2.049,-0.086341,-0.33555,-0.33808,-0.6024,0.60398,0.19359,-9.9221,2.1762,-3.0503,-0.065479,0.62313,-0.68665,0.48816,-0.10712,0.67798,-7.1076,-4.2063,-1.3627,-0.20943,-0.096678,-1.8904,0.64755,0.67749,-0.35157
13.923,1.729,1.5276,-0.23897,-0.18497,-0.1064,-0.6233,0.60535,-0.21343,8.4377,-0.4076,2.5465,0.2349,-0.058351,0.082434,-0.5042,0.21572,-0.66022,8.8263,-1.9399,2.3125,0.40895,-0.25958,-0.32568,-0.58087,0.60872,0.20312,-10.217,2.8989,-1.5302,0.0039747,0.96853,-0.7439,0.52188,-0.083839,0.66063,-7.3695,-5.0486,-1.7034,0.078717,-0.10944,-1.5451,0.64023,0.67682,-0.35928
12.749,1.2576,0.81595,-0.087553,-0.021368,-0.1555,-0.60918,0.59677,-0.20128,8.6292,0.44796,2.6625,0.071201,-0.14261,0.18553,-0.52161,0.23988,-0.65206,9.7487,-1.5343,2.5368,0.60836,-0.12309,-0.24452,-0.56933,0.59566,0.20987,-9.4448,3.4567,-1.0797,-0.3236,0.97888,-0.981,0.50968,-0.08497,0.66602,-7.623,-6.6129,-1.4373,-0.38374,-0.11389,-1.0816,0.6708,0.68666,-0.36642
10.3,0.78479,0.087921,0.29536,-0.18133,-0.13888,-0.61006,0.59703,-0.20416,9.2568,0.84122,2.7786,-0.18532,-0.12393,0.41786,-0.53546,0.23312,-0.64582,9.972,-2.0873,2.7871,0.74502,-0.03911,-0.20722,-0.55742,0.59928,0.21751,-9.3087,3.5804,-1.6513,-1.032,0.93336,-1.3241,0.49339,-0.058322,0.65833,-10.255,-6.6169,-1.6252,-0.12081,-0.12953,-0.64457,0.66525,0.67588,-0.32795
9.7078,0.99691,-2.6111,0.41447,-0.055788,-0.15659,-0.60203,0.61478,-0.18395,9.9549,1.1313,3.0254,0.043313,-0.050746,0.52266,-0.51316,0.24025,-0.65228,9.7099,-1.6171,3.0117,0.51193,0.015963,-0.12975,-0.54833,0.57787,0.21676,-9.3,2.0259,-2.6912,-0.83216,0.98861,-1.6529,0.4978,-0.035316,0.66292,-9.3616,-5.0755,-1.7082,0.18397,-0.15435,-0.24964,0.69107,0.66434,-0.33579
9.6425,1.0848,-1.5359,0.45678,0.099634,-0.14225,-0.61675,0.60435,-0.18977,10.082,1.2129,3.2074,0.33024,0.037538,0.49711,-0.53427,0.23639,-0.63372,9.1427,-0.24064,3.2596,0.30055,0.077547,-0.022202,-0.51706,0.59951,0.21698,-9.5108,0.35878,-2.2332,-0.42567,0.94607,-1.7222,0.51928,-0.013039,0.66366,-9.0314,-10.302,-1.8859,0.81866,-0.059527,0.058309,0.67958,0.66361,-0.33647
9.7586,1.4072,-0.26924,0.50887,0.3127,-0.18132,-0.61196,0.59477,-0.18482,10.467,1.3389,3.2443,0.6186,0.084067,0.5329,-0.50743,0.24181,-0.58305,9.188,-0.37951,3.2826,0.26561,0.14673,0.068902,-0.52154,0.57514,0.23362,-9.6774,0.46336,-1.4595,-0.45235,1.0187,-1.7466,0.51283,-0.00028695,0.65761,-9.2577,-6.699,-1.989,0.75304,-0.27663,0.50566,0.70264,0.6523,-0.33991
9.3074,1.0254,0.24367,0.22967,0.43949,-0.24605,-0.62075,0.59745,-0.20589,11.68,1.1609,3.3136,0.52399,0.12229,0.52283,-0.53042,0.23045,-0.57427,9.187,-0.58073,2.8966,0.42154,0.21809,0.25069,-0.49884,0.56246,0.25077,-10.214,1.1665,-0.97528,-0.8615,0.82398,-1.5397,0.51828,-0.0022697,0.64081,-8.4123,-6.4658,-2.3041,0.73541,-0.52997,1.0503,0.69684,0.6295,-0.35016
8.6827,1.048,0.852,0.041015,0.44977,-0.2777,-0.6093,0.58991,-0.17761,12.394,0.96391,3.2917,0.19212,0.17107,0.40813,-0.5149,0.22935,-0.56825,9.4221,-1.229,2.4904,0.3135,0.29935,0.50276,-0.4944,0.55854,0.22323,-10.621,-0.039149,-1.4852,-0.95962,0.8281,-1.4133,0.52514,0.0017463,0.66692,-8.5758,-6.6387,-0.45591,0.38411,-0.4656,0.73881,0.71272,0.63888,-0.36472
8.273,1.0776,1.3182,-0.042189,0.39239,-0.29324,-0.62994,0.60081,-0.20608,12.531,0.72377,3.2725,0.036415,0.21528,0.24061,-0.48285,0.22725,-0.54608,9.9543,-1.3404,2.2647,-0.013019,0.29186,0.4441,-0.47702,0.5275,0.23632,-11.352,0.83692,-2.6249,-0.89416,0.63103,-1.3816,0.51534,-0.0074291,0.64108,-9.0835,-5.8606,0.31445,0.22744,-0.46419,0.81838,0.69229,0.60592,-0.33022
7.8005,1.5364,0.98366,-0.085112,0.40075,-0.21733,-0.59154,0.595,-0.21378,10.997,0.7373,3.2777,-0.062076,0.41072,0.2019,-0.49116,0.25111,-0.52467,10.706,-1.4861,1.9526,-0.20694,0.18664,0.50146,-0.46411,0.51437,0.23396,-11.96,1.2338,-1.7203,-0.57354,0.5903,-1.3683,0.5357,-0.012627,0.64795,-8.7178,-5.611,0.46312,0.27565,-0.297,1.1169,0.71246,0.59006,-0.3357
7.6202,1.6357,1.1797,-0.0044091,0.31227,-0.21019,-0.63627,0.59113,-0.20367,9.0869,1.2399,3.3532,-0.02446,0.69953,0.23907,-0.50756,0.22487,-0.54942,11.291,-0.84072,1.4419,0.00293,0.34059,0.72701,-0.47406,0.49814,0.21539,-12.763,-0.62517,-0.9788,0.18161,0.65018,-1.416,0.53633,-0.017272,0.64719,-8.1338,-5.5517,-2.9893,0.4308,0.16317,1.292,0.71619,0.58524,-0.34146
8.0997,1.5711,1.5137,0.015054,0.23322,-0.24715,-0.63132,0.59758,-0.20677,9.3172,0.41542,2.9914,0.053877,0.81138,0.13395,-0.54059,0.24759,-0.54769,12.333,-0.17505,1.7366,-0.059655,0.37813,0.80563,-0.47571,0.5284,0.20529,-12.692,-1.8689,-1.5646,0.32936,0.59927,-1.423,0.54372,-0.040682,0.6365,-7.6331,-3.3201,-1.5953,0.3652,0.35443,1.2806,0.70229,0.54299,-0.33288
8.3704,1.106,1.8766,0.093691,0.082683,-0.17678,-0.65458,0.56983,-0.22555,9.2449,0.22678,2.85,0.022967,0.61773,0.084093,-0.55128,0.22389,-0.55916,12.799,-0.45183,1.8523,-0.13994,0.26814,0.69511,-0.49183,0.49004,0.20534,-9.1634,-1.5771,-2.38,-0.12752,0.59999,-1.2328,0.55109,-0.068743,0.66137,-8.1958,-3.6728,-0.71963,-0.091494,0.39422,1.3401,0.70137,0.55313,-0.33004
8.7001,0.98066,2.2802,0.14108,0.07094,-0.075807,-0.61553,0.58753,-0.24288,10.065,0.68588,2.4563,-0.12632,0.30177,0.077011,-0.58581,0.21358,-0.54915,12.617,-0.68441,2.0046,-0.12121,0.20402,0.62563,-0.48702,0.5041,0.17146,-9.8504,0.12378,-1.4422,0.059735,0.34859,-0.94645,0.52592,-0.10677,0.61406,-9.3502,-4.6552,0.96157,-0.25861,0.65899,1.2206,0.70341,0.54136,-0.30803
8.672,1.1865,2.8359,0.15012,-0.009895,-0.01142,-0.64384,0.57323,-0.21168,9.6195,1.0407,2.445,0.11423,0.14763,-0.064643,-0.56337,0.25033,-0.56158,10.62,-0.95373,1.4064,-0.044687,0.10613,0.43496,-0.4943,0.50085,0.14482,-10.128,0.621,-1.6626,-0.088605,0.28599,-0.69552,0.53603,-0.15237,0.62828,-9.0348,-3.332,-0.57989,0.18644,0.67288,1.0001,0.68685,0.51644,-0.30307
8.692,1.1256,2.9323,0.12466,-0.033086,0.0082551,-0.65179,0.5586,-0.22243,9.0597,1.5529,1.8676,0.10837,0.044022,-0.17809,-0.5731,0.21439,-0.55887,9.0451,-1.6923,0.54194,2.1157e-06,0.0366,0.14663,-0.52683,0.4762,0.12756,-9.36,-0.25184,-1.3553,0.26502,0.11593,-0.51121,0.51819,-0.18414,0.6172,-9.2185,-2.5653,-0.93384,0.5666,0.85122,1.1018,0.69287,0.50291,-0.32998
