7.6741,-0.80068,5.6194,0.19506,-0.25631,0.15354,-0.80319,-0.071521,0.00089,4.4702,8.548,0.31666,0.047572,0.15658,0.25341,-0.80243,-0.29765,-0.228,6.7769,-4.6816,5.4326,-0.013816,-0.083508,-0.014462,-1.0037,-0.041226,-0.63362,9.8261,-1.9921,2.0666,0.11821,0.40883,-0.98018,0.18263,-0.56056,-0.34804,-0.90704,-17.182,-1.2361,-0.6625,0.60595,-0.32759,0.32892,0.27613,0.19842
6.8715,-0.61423,5.0624,0.040162,0.069663,0.14179,-0.80099,-0.068341,0.007126,4.5422,8.1746,0.31539,0.052865,0.10685,0.02543,-0.80387,-0.29463,-0.2302,6.7713,-3.9691,4.8724,0.028362,0.004906,0.010573,-1.0019,-0.044143,-0.63382,5.5824,1.5418,3.0879,0.42355,0.52007,-1.9085,0.22604,-0.52835,-0.33064,-0.29202,-16.903,-0.88128,-0.42364,0.39292,-1.228,0.32313,0.28911,0.21244
7.0508,-0.37956,5.304,0.023288,0.17864,-0.046532,-0.80112,-0.067308,0.007248,4.9612,7.7922,0.1777,-0.0059,-0.034715,-0.21669,-0.80131,-0.30032,-0.22931,7.1609,-3.969,5.0984,-0.044111,0.091116,0.13883,-0.99924,-0.036448,-0.63554,1.161,4.7375,4.091,0.76615,0.31817,-2.5285,0.27043,-0.47926,-0.3063,-2.7422,-12.541,-1.5833,0.019828,0.22303,-1.7648,0.31441,0.31488,0.21937
8.0333,-0.46286,5.6392,0.11266,0.032287,-0.18247,-0.80182,-0.06935,0.00643,4.8273,8.2582,0.064785,0.025921,-0.11717,-0.34628,-0.79832,-0.30699,-0.23032,7.1081,-4.6935,5.697,-0.03536,0.062255,0.1484,-0.99805,-0.029325,-0.63947,-2.5233,7.6657,3.4061,0.84443,0.19207,-2.8146,0.29547,-0.43677,-0.2801,-3.2376,-12.279,-3.1822,0.44139,0.45344,-1.8925,0.29655,0.35722,0.21536
9.3283,-0.71142,5.916,-0.057438,0.096901,-0.15822,-0.80273,-0.07272,0.006955,4.5132,8.9552,0.33336,0.071357,-0.14576,-0.36721,-0.79332,-0.31742,-0.22583,6.9095,-5.2405,5.3367,0.014944,-0.030234,-0.10707,-0.99819,-0.033207,-0.63974,-4.6005,8.7867,2.3727,0.88806,-0.27957,-2.6129,0.3025,-0.41034,-0.25654,-3.1353,-13.353,-3.9827,-0.006314,0.59703,-2.2414,0.26927,0.40349,0.21748
9.0584,-1.0795,5.8817,-0.027159,0.20018,-0.11854,-0.80355,-0.07716,-0.001097,4.1146,9.2672,0.006696,0.15173,-0.13408,-0.23091,-0.79016,-0.32687,-0.22419,7.0111,-4.5821,4.8476,0.091304,-0.000281,-0.34616,-0.99833,-0.042642,-0.6425,-6.4124,12.105,1.5449,0.50502,-0.40481,-2.4119,0.30865,-0.38992,-0.23641,-3.5219,-11.836,-3.5444,0.02736,0.84445,-2.6866,0.22519,0.46644,0.21821
8.522,-1.0236,5.9302,0.10792,0.02399,-0.14591,-0.80208,-0.078918,-0.003711,4.4958,8.978,-0.35681,0.00524,-0.1001,-0.019657,-0.78863,-0.33064,-0.223,7.2244,-4.164,5.3179,-0.14307,0.064438,-0.32943,-0.9992,-0.052077,-0.64228,-7.7979,14.215,1.4698,0.4345,-0.50743,-1.6533,0.30804,-0.3819,-0.22468,-2.6589,-6.6795,-3.1349,0.65109,0.83673,-2.6372,0.16242,0.52097,0.21254
7.2061,-0.23559,6.0448,0.16441,-0.17436,-0.25634,-0.79889,-0.084309,0.003296,4.6317,8.3426,0.1709,0.01391,-0.10708,0.005083,-0.78903,-0.32872,-0.21801,7.2733,-4.3297,5.4584,-0.010981,0.086314,-0.33365,-0.99806,-0.058213,-0.64243,-6.1864,14.336,0.9018,0.39718,-0.66795,-0.92385,0.29938,-0.39063,-0.21434,1.0983,-0.80342,-0.90403,0.78795,0.84959,-1.9709,0.11136,0.54988,0.20254
8.6053,0.97557,6.0409,0.45697,-0.34117,-0.27511,-0.79678,-0.091946,0.012424,4.6783,8.8457,-0.079258,0.12949,-0.16154,-0.15437,-0.78729,-0.33214,-0.21526,7.0507,-3.9843,5.74,0.025587,-0.018072,-0.37448,-0.99751,-0.068357,-0.64148,-2.9859,15.67,-1.0311,0.87102,-0.40771,-0.68545,0.28871,-0.40228,-0.20722,5.0631,2.5989,3.5051,0.58657,0.53457,-1.2291,0.076879,0.56564,0.19531
8.159,0.67911,5.1104,0.47499,-0.16773,0.008604,-0.7949,-0.093783,0.022575,4.5756,9.6829,-0.72736,-0.02111,-0.085339,-0.069056,-0.78781,-0.3335,-0.21306,6.6533,-3.9488,5.9901,0.035932,-0.21906,-0.34674,-1,-0.082187,-0.63617,-2.5537,18.798,-0.86075,1.5301,0.027468,0.073591,0.28652,-0.42183,-0.18398,8.9823,3.582,3.3947,0.48696,-0.028311,-0.10743,0.065229,0.57296,0.18632
7.8144,0.28185,5.1052,-0.23067,-0.031184,0.006095,-0.7929,-0.094645,0.025075,3.5107,8.2517,-0.53386,-0.05125,0.16431,0.12244,-0.78695,-0.32608,-0.21496,7.6433,-3.7913,4.8336,0.1195,-0.28765,-0.063846,-1.0044,-0.092611,-0.62714,-1.2245,15.865,-1.191,0.58299,0.097866,0.67073,0.27934,-0.44002,-0.17119,7.4487,1.0992,1.9576,-0.24692,-0.23254,1.0153,0.074208,0.56868,0.17396
7.3504,-0.26184,4.9042,-0.15041,0.38229,-0.054926,-0.79269,-0.095262,0.018915,4.1651,8.5743,-0.088506,0.096891,0.32562,-0.014692,-0.78733,-0.3273,-0.22221,7.3881,-2.5947,4.4813,0.033685,-0.064172,0.26245,-1.0107,-0.091103,-0.62386,-2.9801,14.21,-1.7722,0.11439,0.032653,1.1491,0.27414,-0.45249,-0.17507,2.6994,-3.5553,2.0441,-0.47312,-0.44106,1.7947,0.10889,0.55043,0.17991
7.9448,-0.2696,5.6547,-0.39309,0.1694,0.10079,-0.79413,-0.092867,0.011997,5.3365,8.5432,0.27821,0.10588,0.27143,-0.17135,-0.78481,-0.33425,-0.22713,7.473,-3.8093,4.5747,-0.032055,0.17739,0.41204,-1.0119,-0.080667,-0.62598,-5.4279,13.855,-1.6484,-0.75715,-0.16799,1.8059,0.26113,-0.46412,-0.19161,-0.50354,-5.8314,1.3937,-0.23668,-0.82166,2.2444,0.15656,0.52402,0.18578
9.0908,-0.37703,6.1402,-0.20385,0.032751,0.14099,-0.79277,-0.089981,0.010017,4.1234,9.5003,-0.069951,0.03934,0.15939,-0.039881,-0.78448,-0.33659,-0.23108,7.2155,-4.5814,5.1881,-0.15826,0.16137,0.22094,-1.0086,-0.063862,-0.6336,-4.7117,12.776,-1.2127,-0.83249,-0.36251,2.2367,0.24068,-0.47868,-0.2263,-2.5442,-7.3507,0.67527,-0.15463,-1.3718,2.4649,0.21164,0.47827,0.186
9.4031,-0.74106,5.7672,0.010538,0.16036,0.14712,-0.79252,-0.087843,0.007328,3.7618,9.2483,-0.092761,-0.094809,0.11488,0.32013,-0.78647,-0.33149,-0.23349,7.0233,-5.255,6.2335,-0.1118,0.032808,-0.11855,-1.0076,-0.058426,-0.63648,-2.8582,11.252,-0.96371,-0.36638,-0.008285,2.4338,0.21815,-0.49762,-0.25977,-4.3238,-9.025,-0.95057,-0.089048,-1.4564,2.6252,0.25684,0.42389,0.18395
8.0483,-0.50696,5.5197,0.020611,0.16707,0.14605,-0.79411,-0.085242,-0.002415,4.2892,8.7267,0.45731,-0.133,0.094992,0.36661,-0.79073,-0.32729,-0.23717,7.1556,-3.9579,5.6409,0.020005,-0.10971,-0.18741,-1.0056,-0.063946,-0.63673,-3.6688,12.252,-0.36585,-0.20263,0.11541,2.8259,0.19153,-0.52942,-0.29025,-4.5872,-12.764,-3.6172,0.14928,-1.1829,2.6691,0.30195,0.36218,0.17752
7.0183,-0.75137,5.7192,-0.19198,0.21326,0.15367,-0.79419,-0.08339,-0.008873,4.6684,8.1825,0.68073,-0.017947,0.018796,0.25855,-0.79475,-0.31792,-0.24041,7.6384,-3.5768,4.4533,0.047704,-0.11108,0.031843,-1.0082,-0.069062,-0.63369,-0.67617,5.7373,-0.02103,-0.75571,-0.031408,3.0581,0.15236,-0.56507,-0.31634,-4.4908,-21.56,-4.9989,-0.12295,-0.12323,1.9862,0.32525,0.31534,0.17543
6.677,-0.51079,5.5242,-0.079017,0.099288,0.074022,-0.7942,-0.080993,-0.01144,4.9188,8.5453,-0.12776,-0.033589,-0.098767,0.12474,-0.79589,-0.30958,-0.23855,6.9509,-3.5985,4.876,0.1033,0.055888,0.13096,-1.0062,-0.071629,-0.63086,5.3256,-3.2718,0.71708,-0.65902,-0.047486,2.0598,0.11186,-0.5905,-0.331,-2.641,-17.709,-4.2625,-0.15459,0.001211,1.0038,0.33516,0.28948,0.18087
7.539,-0.72765,6.156,-0.23316,0.048491,0.26475,-0.79402,-0.074034,-0.010409,4.6768,8.3661,-0.16894,-0.129,-0.16492,0.13222,-0.79934,-0.30494,-0.23456,7.2639,-4.4702,5.358,-0.1111,0.1262,0.18385,-1.0043,-0.067285,-0.63152,9.0044,-5.6403,0.26837,-0.026721,-0.007753,0.81705,0.086506,-0.60478,-0.33739,-0.35027,-14.172,-4.1172,-0.61395,0.23766,0.32337,0.33803,0.27473,0.18654
8.1183,-1.2283,6.0676,-0.13876,0.16266,0.12489,-0.79723,-0.070573,-0.01284,4.2453,8.5743,0.39316,-0.010384,-0.10091,0.11377,-0.80098,-0.3008,-0.23058,7.3031,-4.6017,5.4294,-0.12715,0.07299,0.10247,-1.0017,-0.060731,-0.63598,8.61,-0.99031,1.6809,-0.40232,0.05126,-0.46364,0.088496,-0.60057,-0.34097,-2.4175,-14.674,-3.003,-0.42793,0.72412,-0.13869,0.33803,0.26847,0.19633
7.3146,-1.1096,5.7713,-0.004691,-0.068788,0.063958,-0.7985,-0.069947,-0.016518,4.8102,8.64,0.3386,0.032799,-0.093007,-0.003813,-0.80018,-0.30299,-0.23049,6.8694,-4.441,5.063,0.089181,0.080184,-0.084607,-0.99689,-0.053209,-0.6415,6.7381,-0.4324,0.99747,0.24969,0.28494,-1.3195,0.10783,-0.58473,-0.34665,-3.4638,-14.566,-0.49527,-0.85361,0.92263,-0.70383,0.32665,0.27359,0.21589
7.541,-0.63616,5.5001,0.055121,0.028823,-0.051266,-0.7966,-0.070045,-0.01349,5.0867,8.1664,-0.006949,0.084193,-0.18573,-0.10079,-0.79963,-0.30223,-0.2297,6.9071,-3.7931,5.1648,0.050509,0.13343,-0.12245,-0.99543,-0.056602,-0.64511,3.8845,2.2436,0.42703,0.81625,0.63357,-2.3515,0.15451,-0.55962,-0.32568,-3.4484,-13.793,-1.5164,-0.064692,0.47142,-1.3999,0.31638,0.29549,0.22828
8.1221,-0.43519,5.9534,0.2739,0.039199,-0.1932,-0.79562,-0.071823,-0.010219,4.6939,8.2695,-0.24705,0.054123,-0.25193,-0.19343,-0.79866,-0.30304,-0.22393,7.3752,-4.2338,5.8446,-0.054041,0.093502,-0.073999,-0.99328,-0.061221,-0.64512,0.10438,5.3771,0.78284,0.83599,0.49961,-2.8254,0.20498,-0.52666,-0.29342,-3.8081,-13.114,-2.9924,0.69208,0.51151,-1.7351,0.30623,0.32473,0.22741
8.2879,-0.18352,5.6728,0.34552,-0.049021,-0.32221,-0.79444,-0.079193,-0.00596,4.6186,8.5346,0.081778,-0.015638,-0.28593,-0.24458,-0.79686,-0.30823,-0.21791,7.0757,-4.3195,5.7242,0.052334,-0.01591,-0.15898,-0.99342,-0.06666,-0.64535,-2.8143,9.2363,0.57745,0.5944,0.29535,-2.939,0.24178,-0.4902,-0.26103,-2.6395,-12.999,-3.1068,0.71372,0.38532,-2.0223,0.28561,0.37391,0.21948
8.1842,-0.12283,5.5232,0.16928,0.030331,-0.30639,-0.79224,-0.087005,-0.005013,4.5003,8.7869,0.045752,0.17399,-0.22997,-0.28496,-0.79301,-0.31469,-0.21253,7.0202,-4.2474,4.9959,0.12124,-0.051965,-0.24375,-0.99473,-0.072977,-0.64398,-5.0784,11.849,-0.34871,0.32099,0.067219,-2.6682,0.26485,-0.45687,-0.23582,-1.9878,-12.476,-4.0954,0.15288,0.6788,-2.3757,0.25397,0.42743,0.21429
8.1382,-0.21284,5.8953,0.07149,0.091986,-0.24112,-0.79267,-0.094745,-0.00578,4.6177,8.9158,-0.5216,0.10826,-0.20433,-0.20779,-0.79024,-0.32518,-0.20622,7.1751,-3.7823,5.2029,0.042387,-0.010686,-0.23661,-0.99377,-0.081303,-0.64495,-6.8887,14.512,1.2626,-0.15298,-0.050585,-2.1531,0.28417,-0.42685,-0.2096,-2.371,-9.8824,-1.8985,0.18549,0.95762,-2.7691,0.19843,0.4932,0.21129
8.1097,-0.18111,5.4253,0.14695,0.021549,-0.16048,-0.79249,-0.099099,-0.007621,4.4033,8.6391,-0.461,0.005782,-0.075662,-0.051608,-0.78874,-0.32798,-0.20298,7.5356,-3.9477,5.6562,0.052659,-0.004028,-0.22061,-0.99575,-0.089016,-0.6442,-5.8099,15.994,-0.50297,-0.70514,-0.28325,-1.3834,0.29001,-0.40993,-0.20858,-0.51655,-3.9066,-0.005844,0.26734,0.84772,-2.4717,0.13465,0.53731,0.20816
8.1379,-0.15446,6.1195,0.091149,-0.040073,-0.1183,-0.7906,-0.10158,-0.007395,4.4229,8.9289,-0.23598,0.084859,-0.033457,-0.062655,-0.7882,-0.32657,-0.2022,7.1141,-3.7799,5.3535,0.038667,-0.058694,-0.2279,-0.99633,-0.098362,-0.64081,-3.902,14.749,1.2924,-0.21352,0.025275,-1.0796,0.2964,-0.39922,-0.20961,2.303,1.4829,1.6326,0.65627,0.48751,-1.8361,0.087058,0.55738,0.20401
8.3344,0.51753,6.2671,0.22931,-0.10627,-0.11231,-0.79115,-0.10468,-0.002698,4.7602,9.1519,-0.21831,0.15531,0.00327,-0.10741,-0.78695,-0.33046,-0.20141,7.2241,-3.9599,5.2507,-0.02147,-0.078883,-0.24919,-0.99912,-0.10619,-0.63859,-4.876,15.939,2.7121,0.88501,0.41746,-0.32997,0.30067,-0.39927,-0.19266,5.2284,2.7992,3.6878,0.60649,0.1646,-0.65192,0.062644,0.56944,0.19572
7.8457,0.78399,5.4519,0.41151,-0.099909,-0.12129,-0.78884,-0.10672,0.00036,4.0675,9.1381,-0.84961,0.041863,0.037982,0.010944,-0.78906,-0.32814,-0.2017,7.15,-3.5134,5.5401,0.10361,-0.15341,-0.21739,-1.0011,-0.11318,-0.63219,-2.9235,14.76,1.312,0.73746,0.013946,0.44686,0.29898,-0.4107,-0.1778,6.7397,1.9572,3.1955,0.40577,-0.21608,0.51126,0.06249,0.57256,0.18332
7.5025,0.68315,5.4188,0.007841,-0.000362,-0.049345,-0.78711,-0.11023,0.005149,4.4086,8.409,-0.51305,-0.148,0.11041,0.083999,-0.78895,-0.32897,-0.20466,7.3199,-3.1063,5.521,0.093451,-0.19915,-0.11673,-1.0045,-0.1192,-0.62539,-3.5544,15.076,0.53372,0.50232,-0.23685,1.0672,0.28764,-0.42717,-0.17868,5.835,-0.6551,1.6268,-0.51674,-0.62415,1.3923,0.08383,0.55871,0.18201
7.4259,0.12155,5.2131,-0.15619,0.011246,0.005976,-0.78599,-0.11188,0.003594,4.2873,8.3781,0.35364,0.046708,0.21879,-0.003282,-0.79077,-0.33238,-0.20767,7.94,-3.3262,4.6149,0.067542,-0.17006,0.10604,-1.0067,-0.12099,-0.61915,-4.1928,15.117,-0.89719,-0.057754,-0.30333,1.6146,0.27542,-0.44294,-0.19086,2.2475,-4.2806,0.70474,-0.64923,-0.88055,2.061,0.12677,0.53457,0.19444
8.1974,-0.30953,5.8727,-0.32847,0.032341,0.063201,-0.78675,-0.11157,0.001818,4.3536,9.3335,-0.17623,0.12773,0.21037,-0.065221,-0.78978,-0.33382,-0.21122,7.4432,-3.5107,4.657,0.020783,-0.040267,0.24387,-1.0074,-0.11918,-0.6157,-4.2311,13.738,-1.1891,-0.47874,-0.13529,2.0832,0.25851,-0.46156,-0.21111,-0.89682,-7.6721,0.65741,-0.34196,-1.2789,2.4653,0.17983,0.4999,0.20527
8.2429,-0.24254,5.7019,-0.25098,0.19783,0.15197,-0.78776,-0.11003,-0.00199,4.3929,8.9056,-0.4161,-0.044449,0.12738,0.11887,-0.79189,-0.33382,-0.21664,7.2652,-3.6878,5.0608,-0.033981,0.1365,0.20347,-1.0028,-0.11142,-0.61871,-3.3278,12.726,-0.45705,-0.72743,-0.37361,2.6284,0.23495,-0.48194,-0.24671,-2.9306,-8.7906,-1.4718,0.13226,-1.509,2.6155,0.23496,0.45023,0.20185
7.8034,-0.24606,5.609,-0.13255,0.16574,0.17046,-0.79009,-0.105,-0.010437,4.1373,8.495,0.25605,-0.081307,0.067636,0.17746,-0.79368,-0.33146,-0.21834,7.5403,-3.573,5.2097,-0.17468,0.18239,0.26972,-1.0011,-0.10105,-0.62548,-1.8902,10.372,-1.0183,-0.55729,-0.40788,2.8923,0.20186,-0.50835,-0.28537,-3.9248,-11.006,-3.3323,0.044065,-1.1855,2.5686,0.27733,0.396,0.19387
7.3631,-0.35369,5.6199,-0.035539,-0.010067,0.15215,-0.79307,-0.10114,-0.013533,4.5243,8.683,0.46099,-0.0605,-0.026966,0.066624,-0.79352,-0.32903,-0.222,7.3829,-4.1354,5.1853,-0.11662,0.096009,0.31986,-0.99872,-0.08434,-0.63302,-1.9619,8.1235,-1.5575,-0.53295,-0.25128,2.8435,0.16412,-0.54318,-0.32003,-4.3253,-16.6,-5.1322,-0.044866,-0.57021,2.2477,0.3164,0.33647,0.18708
8.018,-0.52224,5.6984,-0.098631,0.004032,0.08549,-0.79485,-0.096316,-0.014174,4.677,8.845,-0.4195,0.033176,-0.11358,0.055635,-0.79397,-0.32417,-0.22005,6.9467,-4.3722,5.7134,0.098724,0.019469,0.13609,-1.0001,-0.07726,-0.63568,0.48562,2.6081,-2.1026,-0.91108,-0.041005,2.5825,0.11994,-0.57201,-0.34847,-5.5832,-17.243,-3.295,-0.011185,-0.16744,1.8105,0.33491,0.29522,0.18751
8.673,-0.42588,6.2263,-0.11918,0.10076,0.11432,-0.79649,-0.094025,-0.012107,4.4507,9.088,-0.52913,0.02461,-0.048112,0.26678,-0.79656,-0.31783,-0.21642,7.0733,-4.3998,5.838,0.12124,-0.046122,-0.083017,-1.0014,-0.07957,-0.63316,8.2426,-3.2986,-0.8749,-0.31901,0.36572,1.4845,0.087244,-0.5912,-0.35467,-2.8985,-15.012,-4.0654,0.059226,0.20412,0.98113,0.34078,0.27332,0.18585
8.3878,-0.9711,6.0489,0.10568,-0.044489,0.10517,-0.79785,-0.090763,-0.012587,4.2858,8.4572,0.042931,-0.14123,0.076702,0.38965,-0.80018,-0.30673,-0.21682,7.7699,-3.8118,5.0608,-0.02451,-0.060825,-0.10591,-1.0025,-0.085517,-0.63053,10.395,-5.1994,1.9765,-0.51248,0.53676,0.19709,0.083151,-0.59661,-0.35589,-3.5932,-14.956,-2.1122,-0.48449,0.59603,0.25641,0.34427,0.25937,0.191
7.3319,-0.44394,6.022,0.22093,-0.13345,0.16855,-0.79685,-0.085828,-0.008691,4.9729,8.1505,0.28633,0.040754,0.056738,0.14271,-0.8031,-0.29907,-0.2192,7.1271,-4.1144,5.0124,0.002008,0.003997,-0.009688,-1.0055,-0.085413,-0.62955,7.382,-1.3525,2.8346,0.25306,0.68453,-0.96211,0.11302,-0.58527,-0.35452,-1.4809,-15.935,-0.34592,-0.63703,0.74046,-0.33286,0.3417,0.25715,0.20262
6.3532,0.14557,5.0634,0.11577,-0.035151,0.12408,-0.79602,-0.082363,-0.002912,5.0506,7.8661,-0.066866,0.096011,-0.08886,-0.13599,-0.80273,-0.29771,-0.21687,7.0119,-3.7011,5.0401,0.019518,0.14434,-0.006725,-1.0044,-0.087779,-0.63056,5.088,1.6092,2.6277,0.4717,0.47365,-1.7906,0.15837,-0.56056,-0.33937,-1.1213,-15.193,-1.6079,0.15751,0.45866,-1.1998,0.33136,0.27432,0.21324
7.2451,-0.071292,5.6358,0.083161,-0.022386,-0.11485,-0.79531,-0.082197,0.000335,4.6292,8.3724,-0.45597,0.089191,-0.20757,-0.27263,-0.80061,-0.30261,-0.212,7.2673,-3.7472,5.6144,-0.11848,0.15084,0.015266,-1.0018,-0.084697,-0.63758,2.2446,5.3636,2.4615,0.57568,0.44641,-2.4093,0.20519,-0.52421,-0.31763,-3.2538,-13.177,-2.8338,0.37203,0.59292,-1.6752,0.31903,0.30812,0.21421
8.0657,0.15145,5.7181,0.15259,-0.011139,-0.26701,-0.79366,-0.084755,0.003504,4.356,8.5693,-0.077636,-0.063806,-0.18726,-0.28283,-0.79714,-0.31068,-0.20907,7.4091,-4.054,5.6806,-0.035654,0.079766,-0.01392,-0.99744,-0.081446,-0.64261,-0.70308,6.2371,2.4013,0.36218,0.18736,-2.7638,0.24442,-0.4861,-0.29586,-2.7442,-12.985,-2.9591,0.44549,0.62001,-1.8916,0.30415,0.34678,0.21381
8.8691,-0.24723,5.6171,0.045994,0.063583,-0.24097,-0.79313,-0.091806,0.005722,4.5608,8.9521,-0.016308,0.22945,-0.19526,-0.35456,-0.79358,-0.31847,-0.20692,6.9271,-4.0847,5.2484,0.06854,0.010068,-0.079429,-0.99754,-0.081421,-0.64476,-2.6958,9.2237,0.10716,0.71693,0.47829,-2.7859,0.26883,-0.45111,-0.26758,-1.8976,-12.237,-4.1829,0.007088,0.61735,-2.2854,0.27821,0.39546,0.21301
8.6453,-0.20158,5.7649,0.000965,0.15598,-0.18855,-0.79474,-0.096896,0.003011,4.5159,8.7841,-0.35758,0.17558,-0.18955,-0.32033,-0.7904,-0.32736,-0.20243,7.2536,-4.057,5.1257,0.12323,0.03916,-0.093341,-0.9974,-0.085425,-0.64704,-5.7196,12.045,0.57604,0.25045,0.28517,-2.5272,0.28755,-0.42243,-0.23981,-3.2447,-11.845,-3.5024,0.16488,0.94982,-2.4186,0.24003,0.44634,0.21773
8.2572,-0.25831,5.9108,0.090749,0.030285,-0.15144,-0.79494,-0.10197,-0.000986,4.3133,8.9169,-0.74461,-0.013153,-0.1146,-0.16813,-0.78796,-0.33782,-0.19744,7.2578,-3.8781,5.5481,0.000766,0.010966,-0.086464,-0.99685,-0.088826,-0.64616,-7.5554,15.953,0.42237,-0.40394,-0.1211,-1.9071,0.29491,-0.39291,-0.22357,-3.3792,-7.9345,-2.1643,0.6811,1.0321,-2.5623,0.18255,0.51005,0.20609
8.1248,0.12801,5.9049,0.20227,-0.11288,-0.13973,-0.79192,-0.1052,0.002912,4.2952,8.787,-0.46099,0.026234,5.9e-05,-0.078936,-0.78517,-0.34272,-0.19694,7.3752,-4.1436,5.6719,-0.032814,-0.020822,-0.14132,-0.99499,-0.093972,-0.64415,-5.3199,13.204,1.6407,-0.54665,-0.17807,-1.4634,0.30072,-0.37432,-0.22596,-0.48046,-4.2097,-0.94736,0.93848,0.97545,-2.2654,0.12204,0.54876,0.19044
8.2018,0.58738,5.7368,0.27069,-0.19857,-0.14472,-0.79093,-0.10822,0.008877,4.3289,9.0608,-0.41579,0.17898,0.049123,-0.10745,-0.78516,-0.3453,-0.19715,7.1852,-4.0035,5.2705,0.095962,-0.07929,-0.23317,-0.99213,-0.10021,-0.64017,-4.3397,15.201,0.38275,0.76484,0.61924,-1.0833,0.31492,-0.37036,-0.21366,4.2053,1.7758,0.78403,0.90343,0.62739,-1.502,0.082409,0.56846,0.17887
7.9778,0.61792,5.9592,0.090249,-0.32847,-0.027686,-0.79083,-0.10995,0.015737,4.2616,9.0888,-0.69554,0.024557,0.090797,-0.017055,-0.78523,-0.3479,-0.19659,7.3065,-3.7469,5.3608,0.12851,-0.116,-0.25435,-0.99191,-0.10921,-0.63574,-4.1862,15.757,0.19016,0.79568,0.90132,-0.22972,0.32232,-0.37498,-0.18215,7.9963,1.868,1.3787,1.1207,0.29265,-0.41207,0.066662,0.58185,0.1622
7.7405,0.44513,5.1803,0.019616,-0.3033,0.030408,-0.78856,-0.11023,0.025624,3.7596,8.8258,-0.94041,-0.052866,0.14118,0.084201,-0.78718,-0.3499,-0.19951,7.0525,-3.4447,5.4641,0.012979,-0.091346,-0.1114,-0.993,-0.11622,-0.62992,-2.8746,16.498,3.772,-0.2601,0.16414,0.53302,0.32229,-0.37773,-0.17718,8.3745,3.1229,3.0545,0.40335,0.14565,0.78243,0.077944,0.58621,0.14114
7.6228,0.55154,4.7399,-0.097906,0.11827,0.070356,-0.78629,-0.11103,0.03055,4.0905,8.3479,0.087407,-0.065515,0.14633,0.082574,-0.79012,-0.35071,-0.20367,7.4996,-2.6599,5.2714,0.013565,0.042808,0.016253,-0.99238,-0.12094,-0.62761,-3.2753,15.927,3.6446,-0.17067,-0.41893,1.2859,0.31236,-0.38515,-0.19084,4.581,0.8073,3.8059,-0.52808,0.019628,1.7969,0.11148,0.5649,0.13452
7.8144,0.37744,5.2849,-0.26443,0.20473,0.13728,-0.78798,-0.10787,0.02402,4.2834,8.6553,0.19449,0.10552,0.059706,-0.10328,-0.79039,-0.35269,-0.20663,7.635,-3.2573,4.9562,-0.078321,0.10984,0.31655,-0.99024,-0.11488,-0.63272,-3.8862,11.971,1.9109,0.22536,-0.59858,1.733,0.29864,-0.40131,-0.20937,0.2412,-4.7945,2.9704,-0.81993,-0.35796,2.4738,0.16368,0.53112,0.14649
8.2424,-0.37565,5.6414,-0.17951,0.16658,0.13213,-0.78897,-0.10259,0.020588,4.309,9.2931,-0.34194,-0.0328,-0.030288,-0.12389,-0.78778,-0.35333,-0.20634,7.2921,-3.7001,5.0419,-0.090279,0.11329,0.37911,-0.99141,-0.099739,-0.63825,-4.8893,13.374,0.86888,0.25022,-0.35321,2.1223,0.28572,-0.42603,-0.22523,-2.3167,-10.725,1.7458,-0.27182,-0.753,2.6485,0.21435,0.48838,0.15952
8.6161,-0.10486,5.7206,-0.16885,0.13076,0.13052,-0.79091,-0.09963,0.017003,4.1226,8.9699,-0.66778,-0.052292,-0.017865,0.08255,-0.7871,-0.35173,-0.20789,7.015,-4.3821,5.6119,-0.11643,0.11195,0.265,-0.98943,-0.084978,-0.64399,-5.1175,12.602,0.56503,-0.095317,-0.68503,2.7498,0.26058,-0.46135,-0.24779,-4.1156,-11.283,1.4972,-0.065983,-1.1161,2.357,0.25354,0.43905,0.15983
8.2427,-0.33837,5.5819,-0.20203,0.066376,0.20549,-0.793,-0.095367,0.013133,4.3102,8.7769,-0.37831,-0.042714,-0.021219,0.20873,-0.78861,-0.34848,-0.20894,7.1361,-4.1453,5.9274,-0.057629,0.073417,0.096349,-0.9913,-0.076955,-0.64848,-2.6899,10.622,-0.64452,-0.34049,-0.80727,3.059,0.21736,-0.50068,-0.28361,-4.805,-11.782,2.1342,-0.68772,-1.2597,2.101,0.28017,0.39246,0.16314
8.0631,-0.44847,5.6843,-0.15494,0.023201,0.151,-0.79756,-0.088974,0.007944,3.9846,8.5493,0.070666,-0.085531,-0.002887,0.19666,-0.79048,-0.34242,-0.2089,7.3977,-4.3983,5.4615,-0.031788,0.001892,0.067146,-0.99257,-0.072449,-0.65371,-1.2512,6.7438,-0.94152,-0.59179,-0.64414,2.8246,0.16753,-0.54699,-0.31528,-4.9136,-12.58,-0.48452,-0.54781,-1.3333,1.7963,0.30924,0.3393,0.1697
8.3907,-0.55464,5.6413,-0.06284,-0.034822,0.14502,-0.79803,-0.084736,0.009372,4.4719,9.1736,-0.69143,0.049623,-0.004412,0.20991,-0.79175,-0.33338,-0.20926,6.8878,-3.8755,5.1708,0.001934,-0.034063,-0.007165,-0.99399,-0.071765,-0.65179,0.68148,2.3905,-1.8733,-0.59779,-0.21062,2.3863,0.11289,-0.583,-0.34001,-3.7699,-16.562,-3.9274,-0.56943,-0.91991,1.1583,0.32575,0.3063,0.1715
8.6601,-0.23133,5.7648,-0.22993,0.011636,0.31335,-0.79851,-0.078423,0.01065,4.4926,9.1867,-0.39963,-0.33348,0.012805,0.51284,-0.79712,-0.32059,-0.21044,7.141,-3.809,5.286,0.001667,0.015122,7.6e-05,-0.99504,-0.073662,-0.65267,7.7056,-3.8668,-1.8154,-0.26815,0.20204,1.3173,0.072772,-0.60361,-0.34995,-3.304,-16.6,-2.306,-0.18313,-1.0618,0.29337,0.33396,0.29429,0.17079
8.6447,-0.40858,5.6591,-0.22427,0.15244,-0.024694,-0.79967,-0.075069,0.006555,4.4411,8.1611,0.10572,-0.27664,-0.001179,0.55929,-0.80494,-0.30055,-0.21266,7.366,-4.2666,5.2778,-0.14311,0.036005,0.014105,-0.99436,-0.071753,-0.65156,12.439,-5.2154,0.562,0.40152,0.46931,0.041247,0.062403,-0.61454,-0.3385,-2.0228,-15.126,-4.7008,-0.92092,-0.80398,0.030319,0.34242,0.28755,0.16907
7.5883,-0.17647,5.3094,0.21994,0.10028,-0.18996,-0.79849,-0.079916,0.003415,5.1173,7.9813,0.1698,-0.076157,-0.11515,0.27258,-0.80856,-0.28882,-0.21282,6.661,-4.0358,5.7472,-0.058429,0.051729,-0.11666,-0.99342,-0.070607,-0.65305,9.2637,1.8241,0.017872,0.20473,0.67125,-1.0297,0.088825,-0.60719,-0.32864,-0.58973,-13.826,-4.4938,-0.73141,-0.1659,-0.28948,0.34478,0.28619,0.17739
6.0526,-0.34142,5.1773,0.18095,0.10724,0.085212,-0.79469,-0.080626,0.004373,5.5567,8.0504,-0.087223,-0.045979,-0.16635,-0.14046,-0.80695,-0.28247,-0.20845,6.4581,-3.7241,5.8316,-0.018921,0.033576,-0.13082,-0.99303,-0.069952,-0.65532,4.8966,3.0418,0.61906,0.36619,0.42462,-1.6337,0.13521,-0.58572,-0.31291,-0.90492,-14.536,-3.8138,-0.65751,0.40264,-0.90164,0.34033,0.29762,0.1895
7.1205,-1.094,5.9714,-0.024461,0.093643,-0.002439,-0.79492,-0.078895,0.002608,4.3111,8.2274,-0.5485,0.097823,0.041923,-0.3328,-0.80577,-0.29051,-0.2072,7.5849,-3.9664,5.1463,0.0845,-0.066741,0.014247,-0.98764,-0.072095,-0.65599,2.4782,3.0961,1.4933,0.42134,0.4253,-2.3862,0.18705,-0.54786,-0.29905,-2.0584,-14.358,-4.027,-0.52231,0.72268,-1.4203,0.32708,0.32184,0.20321
8.2379,-0.97117,6.3686,0.092984,0.073497,-0.21181,-0.79368,-0.082547,0.003219,4.7146,8.7593,-0.26412,0.14643,0.097598,-0.23316,-0.80255,-0.30179,-0.2094,7.0435,-4.0427,5.8142,0.16731,-0.15034,0.021064,-0.98932,-0.077647,-0.65176,-1.3063,7.0622,1.7881,0.33861,0.35836,-2.8931,0.23517,-0.50577,-0.28381,-3.12,-13.639,-3.1615,-0.038072,0.89903,-1.7057,0.30753,0.35233,0.21567
9.3901,-0.28927,5.8222,0.16866,0.1027,-0.073105,-0.79424,-0.084986,0.002678,4.2395,8.7615,0.29191,0.17481,0.003124,-0.093475,-0.7994,-0.30642,-0.20953,7.461,-4.2136,5.2245,0.14444,-0.033159,-0.079292,-0.99687,-0.081277,-0.64902,-3.2542,8.3132,2.1077,0.34138,0.074186,-2.8197,0.26631,-0.46643,-0.25771,-2.9696,-13.071,-3.5459,0.49779,0.82894,-2.0314,0.28129,0.39927,0.21767
8.4501,-0.51126,5.7913,0.12897,0.2227,0.055724,-0.79412,-0.086141,-0.002677,4.4682,9.2271,0.27114,0.092905,-0.17433,-0.095421,-0.79874,-0.3088,-0.20725,7.2881,-4.071,4.7744,-0.082137,0.039228,-0.16598,-0.99351,-0.08762,-0.64992,-5.9906,11.417,1.5016,0.33777,-0.042183,-2.4475,0.28402,-0.43543,-0.2334,-2.3527,-11.092,-4.2323,-0.092127,1.0094,-2.4714,0.23774,0.45222,0.22007
7.7376,0.072786,5.6703,0.18183,0.046373,-0.021934,-0.79422,-0.087385,-0.004551,4.6699,8.7552,-0.41023,0.084777,-0.25216,-0.019346,-0.8015,-0.31569,-0.20209,7.0436,-3.857,5.2511,-0.047115,0.14514,-0.2329,-0.98745,-0.091199,-0.65228,-6.9034,14.66,1.6823,-0.28424,-0.35576,-2.0378,0.29297,-0.4031,-0.21762,-2.5189,-8.3101,-2.7186,-0.20709,1.1929,-2.5033,0.17382,0.50473,0.23468
7.5585,0.19892,5.9831,0.061574,-0.13912,-0.086961,-0.79407,-0.089144,-0.001714,4.6818,8.5237,-0.66395,0.020226,-0.23761,0.015017,-0.79986,-0.31238,-0.19507,6.9698,-3.7243,5.8663,-0.075734,0.078445,-0.23309,-0.98663,-0.095083,-0.65617,-5.5825,15.209,-0.82767,-1.0022,-0.16695,-1.5998,0.29834,-0.38258,-0.22003,0.66673,-3.2947,-1.4111,0.23671,1.1991,-2.231,0.10947,0.5367,0.23601
8.0044,-0.049435,6.0595,0.078888,-0.18876,-0.18335,-0.79155,-0.091487,0.002829,4.7848,8.248,-0.81039,-0.036047,-0.16724,-0.033964,-0.79996,-0.30752,-0.18895,7.116,-3.903,6.2236,-0.063901,-0.074659,-0.2793,-0.98783,-0.10203,-0.65741,-5.5086,13.837,-1.0348,-0.06602,0.42455,-0.99766,0.30389,-0.37954,-0.21768,5.292,1.7685,1.415,0.60388,0.69323,-1.3657,0.06787,0.55407,0.23157
8.6477,0.47877,6.0678,0.34892,-0.23674,-0.29761,-0.79232,-0.098155,0.01063,4.5445,8.6811,-0.61547,0.041884,-0.011813,-0.02842,-0.80109,-0.31211,-0.18659,7.272,-3.8695,6.0787,0.062678,-0.24638,-0.34658,-0.98811,-0.1152,-0.64798,-5.1626,17.013,3.9506,0.52032,0.78784,-0.31829,0.31144,-0.37886,-0.19757,5.676,2.3907,2.4242,0.94066,0.29478,-0.47932,0.049549,0.56628,0.21219
8.3817,0.85238,5.7996,0.51426,-0.060997,-0.1942,-0.78951,-0.1051,0.012936,4.3119,9.4841,-0.71044,0.11855,0.12182,-0.099408,-0.80122,-0.31674,-0.18755,6.9403,-3.5078,5.7178,0.14265,-0.32499,-0.32462,-0.98987,-0.13092,-0.63804,-1.0232,16.967,4.409,0.14782,0.44784,0.3445,0.31652,-0.38322,-0.18581,7.1507,1.8312,2.3729,0.058887,0.0134,0.53697,0.05139,0.57021,0.19998
7.5352,1.0259,4.8543,0.2671,-0.060116,0.055218,-0.78601,-0.1045,0.018437,4.5352,8.4896,-0.63099,0.061107,0.2352,-0.073529,-0.79857,-0.31527,-0.19326,7.5077,-2.9531,4.9441,0.12826,-0.29953,-0.10622,-1.0038,-0.144,-0.62565,-1.8486,13.229,0.79508,0.13476,-0.12984,1.0737,0.30902,-0.39328,-0.18797,5.436,-1.8637,1.7139,-0.58759,-0.25725,1.3743,0.07606,0.5547,0.19668
7.1511,0.37529,5.3022,-0.40957,0.18461,0.17906,-0.78677,-0.10264,0.016783,4.4573,8.6147,-0.43405,-0.060034,0.3085,0.009675,-0.79947,-0.31739,-0.20078,7.69,-2.4896,4.5965,0.072666,-0.16087,0.27917,-1.009,-0.14528,-0.61996,-4.1957,13.141,-0.1073,0.25348,-0.086418,1.4376,0.30408,-0.40674,-0.19628,1.7745,-5.0709,0.91873,-0.40973,-0.55739,2.0384,0.1201,0.53403,0.20484
7.8407,-0.34183,5.3998,-0.51123,0.14976,0.19006,-0.78856,-0.098007,0.008495,4.2851,8.5693,-0.073211,-0.098767,0.24806,0.079004,-0.80062,-0.32152,-0.20595,7.6075,-2.8832,4.9615,-0.081767,0.052234,0.48073,-1.0073,-0.13473,-0.6174,-4.8716,13.776,-0.25662,-0.12672,-0.048344,1.9144,0.29705,-0.41902,-0.21137,-0.4995,-7.0812,-0.096292,-0.1027,-0.78322,2.3864,0.17,0.50608,0.21001
8.3993,-0.27338,5.688,-0.55696,0.12608,0.25949,-0.79075,-0.093305,0.002739,4.4556,8.792,0.49266,-0.063129,0.063725,0.13116,-0.8022,-0.32151,-0.21122,7.6682,-4.1901,5.083,-0.14092,0.13179,0.4136,-1.0044,-0.11754,-0.62367,-3.5521,13.119,0.35582,-0.6899,-0.57251,2.5036,0.27886,-0.43644,-0.23888,-2.3305,-8.5411,-0.99776,-0.17887,-1.0279,2.4998,0.22288,0.45663,0.20851
8.6276,-0.69132,6.0004,-0.43173,0.14441,0.21036,-0.79311,-0.087419,-0.003702,4.2806,9.0665,0.38591,-0.036379,-0.11779,0.19577,-0.80529,-0.31472,-0.2097,7.4395,-4.4171,5.0395,-0.09578,0.1378,0.13626,-1.0026,-0.10717,-0.63004,-3.0682,11.788,-0.12069,-0.62874,-0.58857,2.7387,0.25763,-0.46088,-0.27619,-3.4136,-10.564,-2.1346,-0.000892,-0.99394,2.4459,0.26578,0.4029,0.20425
8.1191,-1.0505,6.0539,-0.15036,0.17856,0.10018,-0.79653,-0.084953,-0.012576,4.7667,8.6593,-0.14275,-0.14955,-0.21923,0.28154,-0.80832,-0.30675,-0.20924,7.0781,-4.1927,5.4629,-0.041675,0.11493,-0.065181,-0.99992,-0.097094,-0.637,-2.7549,9.0588,0.031128,-0.7001,-0.35444,2.8836,0.23056,-0.49328,-0.31115,-4.6348,-14.641,-3.13,0.13543,-0.66644,2.2006,0.30446,0.34601,0.1962
7.7025,-0.93562,5.9619,0.005111,0.10548,0.086987,-0.79738,-0.085629,-0.016094,5.0869,8.2926,-0.51671,-0.13096,-0.15557,0.27461,-0.81006,-0.29445,-0.20581,7.2668,-3.5483,5.7528,-0.10994,0.016519,-0.045924,-1.0008,-0.097028,-0.64033,-0.18078,2.5876,0.3975,-0.95501,-0.23945,2.5883,0.19626,-0.52967,-0.34303,-4.7812,-17.948,-1.4978,0.1198,-0.51513,1.6275,0.32469,0.30651,0.19334
8.0619,-0.6048,5.8773,0.025201,-0.030695,0.096762,-0.79572,-0.081662,-0.014984,4.8117,8.6442,-0.52895,-0.27096,0.077134,0.18986,-0.80781,-0.28475,-0.20547,7.6721,-3.9485,5.6901,0.021738,-0.045558,-0.021093,-1.0015,-0.10171,-0.63657,5.704,-2.4485,1.4891,-0.31801,0.14535,1.6625,0.16134,-0.56144,-0.35781,-2.8888,-17.329,-5.6926,0.28027,-0.036815,0.89765,0.33058,0.28883,0.19081
8.1595,-0.50889,5.7816,-0.020451,0.018897,0.024448,-0.79557,-0.081353,-0.012027,5.2134,8.3943,0.00459,-0.064061,0.14521,0.12455,-0.80703,-0.27832,-0.20905,7.6675,-3.8648,5.1287,0.1387,-0.052819,-0.061582,-1.0025,-0.10454,-0.63465,9.9846,-3.9916,1.5167,0.17875,0.37783,0.52099,0.14254,-0.57652,-0.35905,-0.54689,-14.983,-4.668,0.087396,0.38315,0.29378,0.33559,0.27995,0.18875
7.8273,-0.18491,5.0873,0.14547,0.17815,-0.028962,-0.79271,-0.081789,-0.016207,4.4505,8.5361,0.26302,-0.1498,0.078028,0.033203,-0.80592,-0.27499,-0.21203,7.0586,-3.8271,4.8034,0.002618,0.058701,-0.042241,-1.0031,-0.10452,-0.63481,8.9927,-2.1867,2.9879,0.21381,0.3091,-0.48846,0.15184,-0.5781,-0.34761,-0.47621,-14.342,-2.2446,-0.35721,0.67003,-0.31376,0.33558,0.28044,0.19404
6.0962,-0.19651,5.9098,0.037442,0.025729,0.064437,-0.79314,-0.080738,-0.016634,5.2976,7.8615,-0.11398,0.015857,-0.053491,-0.15288,-0.80289,-0.27673,-0.21377,6.7307,-3.2533,5.2456,-0.14475,0.14558,-0.049345,-1.0003,-0.10161,-0.63752,5.1324,1.8478,3.0185,0.57154,0.19903,-1.5489,0.18072,-0.55978,-0.334,-1.5378,-13.594,-1.2968,-0.85153,0.86002,-0.84989,0.32701,0.29103,0.20762
6.8784,-0.36514,5.7505,-0.11697,0.02908,-0.04881,-0.7896,-0.080805,-0.015421,4.4063,7.7866,0.3298,0.15926,-0.041793,-0.1755,-0.80111,-0.27986,-0.21245,7.687,-3.987,5.4636,-0.061419,0.12807,0.10635,-0.99765,-0.095554,-0.64449,2.0601,3.8,3.1497,0.78501,0.11713,-2.2434,0.21726,-0.52738,-0.31614,-4.0787,-14.448,-1.4765,0.021876,0.55434,-1.4453,0.31413,0.31187,0.2169
8.2984,-0.96288,6.0259,-0.12853,0.023142,-0.12892,-0.78904,-0.082501,-0.015119,5.0647,8.7446,-0.23288,0.05198,-0.11002,-0.14807,-0.79871,-0.28419,-0.20952,7.2677,-4.1412,5.9367,0.002006,-0.017151,0.023848,-0.99682,-0.094408,-0.64562,-1.1489,5.6516,2.1079,0.98034,-0.16874,-2.5935,0.24644,-0.49329,-0.29614,-3.9946,-12.996,-2.2631,0.7408,0.35615,-1.7163,0.30147,0.34502,0.21681
9.2087,-0.71102,6.0569,0.09577,-0.010174,-0.1074,-0.78993,-0.086074,-0.011773,4.7561,8.6186,0.25312,0.18702,-0.094298,-0.028225,-0.79851,-0.28583,-0.20624,7.205,-4.1858,5.3375,0.19507,-0.10016,-0.19249,-0.99824,-0.0993,-0.64366,-3.098,7.988,1.0908,0.95866,-0.35449,-2.7725,0.25986,-0.4694,-0.26861,-2.8608,-11.012,-2.9707,0.43635,0.50933,-2.0452,0.27868,0.3934,0.20815
8.3008,-0.61348,5.7149,0.21104,0.068292,-0.05296,-0.78808,-0.087892,-0.012225,4.7761,8.8797,-0.097944,0.19878,-0.10944,-0.049714,-0.79938,-0.28734,-0.20341,7.2192,-3.7504,4.8803,0.090425,-0.087556,-0.30646,-1.0013,-0.10933,-0.63975,-3.866,10.075,-0.12735,0.82142,-0.64787,-2.6277,0.26922,-0.45336,-0.24204,-2.2161,-10.641,-3.1007,-0.32102,0.85726,-2.1508,0.24342,0.4393,0.21373
7.3929,-0.3246,5.6949,0.25947,0.11741,-0.094226,-0.78789,-0.089923,-0.013813,4.9185,8.2557,-0.40612,0.087374,-0.11045,-0.086217,-0.79783,-0.29068,-0.19911,7.3208,-3.543,5.3721,0.074938,-0.011509,-0.34603,-1.0019,-0.12204,-0.63715,-5.8881,13.61,-0.93711,0.88557,-0.38968,-2.2334,0.27195,-0.43821,-0.21001,-1.8121,-11.22,-2.6099,-0.088167,1.0136,-2.2554,0.19508,0.49298,0.21808
7.2669,0.023178,6.0544,0.10964,-0.15066,-0.11788,-0.78578,-0.093683,-0.009409,4.7856,8.4064,-0.48402,0.094387,-0.017763,-0.096455,-0.79739,-0.29385,-0.19644,7.6077,-3.2581,5.4546,-0.037269,-0.001643,-0.27537,-1.0021,-0.1319,-0.63574,-7.2349,17.202,-0.30033,0.18865,-0.6217,-1.4065,0.27595,-0.43434,-0.18811,0.054376,-7.1498,-0.44571,0.71497,0.78116,-2.6036,0.13376,0.53423,0.21349
7.9916,0.36594,5.9576,0.15532,-0.07932,-0.13447,-0.7833,-0.095942,-0.003123,4.5767,8.7942,-0.43978,0.081873,-0.026784,-0.11595,-0.79692,-0.29518,-0.1951,7.3592,-3.3348,5.5671,0.008393,-0.014817,-0.2401,-1.0002,-0.14119,-0.63513,-3.0117,17.086,-2.5187,-0.21386,-0.38361,-0.91103,0.27911,-0.43401,-0.19137,3.3674,1.3396,2.741,0.60593,0.6538,-1.8281,0.083335,0.55663,0.21107
8.6722,0.81298,5.809,0.24465,0.012979,-0.16932,-0.78411,-0.099551,-0.003398,4.8545,8.7829,-0.1295,0.10398,0.033026,-0.14599,-0.79572,-0.30091,-0.19311,7.5542,-3.2088,5.2133,0.019797,-0.077622,-0.13946,-1.0011,-0.14765,-0.63348,-3.0384,16.582,-2.2786,0.37175,0.23659,-0.31026,0.28228,-0.43166,-0.1869,7.1285,5.7412,3.6381,0.44168,0.00055,-0.64183,0.058703,0.56695,0.20492
7.6663,0.85074,5.7942,0.52466,-0.094231,-0.11021,-0.78117,-0.10158,-0.001122,4.5484,8.9989,-0.65774,0.037805,0.05987,-0.12222,-0.79579,-0.30473,-0.19512,7.0759,-3.0081,5.628,0.041298,-0.14582,0.024571,-1.003,-0.1493,-0.63038,-2.0971,14.255,-0.98169,0.69063,0.50627,0.1871,0.2875,-0.43676,-0.16885,6.903,1.9319,1.6593,0.62336,-0.307,0.58057,0.059992,0.56998,0.19045
7.0572,0.95444,5.1635,-0.056551,-0.067078,-0.10209,-0.77944,-0.10444,0.003798,4.5983,8.582,-0.6885,-0.17358,0.11016,-0.05979,-0.79551,-0.31206,-0.2008,7.3489,-2.9021,5.3687,0.11075,-0.18902,0.16243,-1.0032,-0.14974,-0.62394,-3.351,13.692,-1.8316,-0.3604,0.2145,0.7249,0.28555,-0.43785,-0.17653,5.4858,-2.3272,-0.40071,-0.62514,-0.39927,1.3544,0.079859,0.56239,0.17744
7.2455,-0.041365,5.5614,-0.38383,0.00846,0.081366,-0.78128,-0.10489,0.00185,4.6148,8.4058,-0.35384,-0.13517,0.22221,-0.066636,-0.79657,-0.31398,-0.20639,7.8024,-2.8794,4.962,-0.090598,-0.14564,0.36202,-1.0062,-0.14267,-0.61913,-4.4273,15.455,-1.3824,-1.151,-0.091581,1.4237,0.27994,-0.4368,-0.19904,2.1405,-5.234,0.072822,-0.97402,-0.41079,2.0379,0.12296,0.53768,0.19558
8.0629,-0.36054,5.9311,-0.38133,0.019235,0.13248,-0.78269,-0.102,0.000567,4.4619,8.6072,0.10302,0.00693,0.3128,-0.083316,-0.7958,-0.31834,-0.21209,7.9864,-3.4602,4.7328,0.004186,0.014872,0.5603,-1.0072,-0.13241,-0.6167,-4.051,12.78,0.27114,-1.0572,0.13381,1.9613,0.27467,-0.43923,-0.22467,-0.22979,-7.5864,0.89303,-0.20622,-0.71654,2.2984,0.17372,0.50468,0.2079
8.4165,-1.2231,6.0102,-0.35748,0.13116,0.20136,-0.78649,-0.096891,-0.005254,4.3553,9.0752,0.097213,0.06955,0.34118,-0.064073,-0.79478,-0.32223,-0.22026,7.4112,-3.3331,4.5874,-0.18175,0.13829,0.74036,-1.0066,-0.10772,-0.62431,-2.6477,12.128,1.6205,-0.73357,0.19812,2.3252,0.26219,-0.44656,-0.25337,-2.1852,-7.8466,1.0236,0.20756,-1.1015,2.435,0.22502,0.4584,0.20364
7.9406,-1.1735,5.6861,-0.27773,0.20879,0.30321,-0.78797,-0.090206,-0.012875,4.5364,8.9907,0.022602,0.01289,0.25082,0.099543,-0.79323,-0.32279,-0.22754,7.0156,-4.5441,5.292,-0.23705,0.20947,0.69604,-1.0029,-0.076664,-0.63282,-3.1096,11.886,1.5965,-0.66977,-0.15003,2.7993,0.24485,-0.46351,-0.28359,-3.3897,-10.208,-1.2742,0.14483,-1.1425,2.4318,0.26617,0.40732,0.19583
7.763,-0.83166,5.7765,-0.25133,0.10175,0.35842,-0.79249,-0.078926,-0.016889,4.1565,8.8143,0.39129,-0.080588,0.089978,0.30745,-0.79519,-0.31771,-0.23422,7.1129,-4.6204,5.5442,-0.092788,0.22899,0.49313,-1.0001,-0.049192,-0.64216,-2.5496,8.8376,1.1009,-0.51496,0.004403,2.8923,0.21757,-0.49331,-0.32275,-5.099,-14.978,-2.2647,-0.23786,-0.97615,2.0188,0.29943,0.35191,0.19209
8.1211,-0.63547,6.0193,-0.17118,-0.057734,0.2544,-0.79534,-0.069569,-0.017336,4.5153,8.6192,0.6186,-0.16493,-0.13133,0.34969,-0.79894,-0.30571,-0.23439,7.0352,-4.8754,5.7821,-0.10137,0.11567,0.22965,-0.99768,-0.035466,-0.64974,-1.7719,4.4674,1.3314,-0.69167,-0.068143,2.6403,0.19018,-0.53083,-0.3475,-5.2067,-16.891,-1.8309,0.23224,-0.89526,1.5045,0.31779,0.31687,0.18802
9.2088,-0.62269,6.1992,-0.036698,-0.043682,0.14064,-0.79867,-0.065142,-0.017095,4.9013,8.521,0.3775,-0.09554,-0.25626,0.3076,-0.80236,-0.29337,-0.22846,7.0261,-5.0324,5.3984,0.11721,-0.010744,-0.052985,-0.99706,-0.035359,-0.64983,3.7573,-1.4077,1.839,-0.54713,-0.083879,1.8597,0.15439,-0.5633,-0.35708,-3.4965,-13.976,-4.6927,-0.092073,-0.27188,1.1233,0.32942,0.29493,0.18323
8.9534,-1.1092,6.0896,-0.019271,-0.11927,-0.004065,-0.79863,-0.062253,-0.013759,4.992,8.4658,-0.2346,-0.12538,-0.196,0.30815,-0.80491,-0.28062,-0.22301,6.9763,-4.3275,5.1311,0.082209,-0.063108,-0.16966,-0.99872,-0.040503,-0.64775,8.771,-4.6051,1.8006,-0.2485,-0.12094,0.62859,0.12104,-0.57961,-0.36476,-2.5847,-15.145,-4.8,-0.74828,0.25799,0.52024,0.33766,0.27601,0.19087
7.5395,-0.9181,5.6101,-0.042351,-0.080683,-0.047284,-0.79622,-0.066418,-0.008804,5.0496,8.1653,-0.75082,-0.1009,-0.079472,0.28719,-0.80798,-0.26935,-0.22027,6.815,-4.0939,5.2567,0.001449,-0.067253,-0.23514,-0.99924,-0.047009,-0.64318,9.8369,-3.1941,0.77762,0.082892,0.13079,-0.73713,0.12218,-0.57953,-0.36379,-1.1035,-16.573,-4.2111,-0.57848,0.67009,-0.065945,0.33664,0.26669,0.20427
6.7065,-0.7616,5.1945,0.00394,0.11972,-0.028117,-0.79385,-0.068494,-0.009502,5.1171,7.7376,-0.059755,0.001086,-0.026369,0.12477,-0.81075,-0.26195,-0.21745,6.8488,-3.9581,5.2841,0.01125,0.049732,-0.28609,-1.001,-0.057356,-0.63882,7.2825,1.3827,1.4866,0.54897,0.36427,-1.6141,0.14796,-0.56438,-0.35332,-0.3804,-14.983,-2.7901,-0.2049,0.81865,-0.78802,0.32959,0.27784,0.21511
6.3787,-0.56759,5.5066,0.11019,0.3172,-0.089023,-0.79193,-0.069956,-0.013711,5.242,7.4758,0.4137,0.21698,-0.013587,-0.1935,-0.80916,-0.26325,-0.21708,7.2433,-3.7804,5.2724,-0.026375,0.12715,-0.15867,-0.9999,-0.06308,-0.64137,3.9132,2.974,1.5672,0.8118,0.5403,-2.3845,0.19277,-0.5364,-0.32983,-2.2065,-13.943,-2.9078,0.42444,0.51554,-1.4221,0.32041,0.30311,0.21766
6.8764,-0.58897,6.1519,0.31355,-0.018907,-0.20943,-0.78958,-0.071632,-0.014815,4.9852,8.3195,0.42327,0.25417,-0.063237,-0.40919,-0.80585,-0.2731,-0.21517,6.9562,-4.0168,5.233,-0.034538,0.055175,-0.06001,-0.99592,-0.060086,-0.64491,-0.18452,6.5886,1.3234,0.88298,0.44165,-2.8061,0.23854,-0.49793,-0.29938,-2.9374,-11.922,-3.1986,0.67895,0.70615,-1.5804,0.30611,0.33469,0.21489
8.4587,-0.18591,5.9278,0.40082,0.005065,-0.27674,-0.78902,-0.078503,-0.009645,4.5019,9.1698,0.086393,0.31163,-0.004791,-0.18525,-0.80062,-0.2808,-0.21551,7.0734,-4.446,5.8486,0.080013,-0.036427,-0.11661,-0.99595,-0.062542,-0.6456,-3.1057,8.3451,1.7805,0.45845,0.10912,-2.8821,0.26884,-0.46109,-0.27122,-2.6692,-13.241,-2.3758,0.54226,0.87594,-1.9245,0.28738,0.37795,0.20991
9.6527,0.18952,5.984,0.15291,0.16659,-0.14266,-0.7866,-0.08306,-0.009517,4.8732,9.8533,-0.8657,-0.22073,-0.065398,0.2511,-0.79877,-0.27534,-0.21629,6.975,-3.9136,5.8036,0.10676,-0.13649,-0.19801,-0.99821,-0.071948,-0.64292,-5.4991,10.257,1.4903,0.26247,-0.030193,-2.7309,0.28547,-0.42833,-0.24905,-2.8798,-13.191,-3.4102,0.25326,1.1059,-2.3763,0.25304,0.4284,0.20721
9.1838,0.25316,5.8317,0.056011,0.24925,-0.028292,-0.78783,-0.08646,-0.012628,4.8514,8.336,0.021545,-0.14002,-0.13172,0.39128,-0.79984,-0.2673,-0.21313,7.4532,-3.9951,5.2793,0.089239,-0.222,-0.32878,-1.0028,-0.085175,-0.63824,-6.7168,12.419,-0.20218,0.12247,-0.17538,-2.3989,0.29392,-0.40437,-0.22843,-2.459,-9.1224,-1.2256,0.13305,1.0384,-2.4889,0.20193,0.48896,0.2022
7.416,-0.029346,5.9209,-0.066522,0.23625,0.042552,-0.78615,-0.085736,-0.021156,5.3128,8.0542,0.13488,-0.018976,-0.12484,0.17606,-0.80289,-0.25513,-0.20989,7.3831,-4.1738,4.9488,0.063891,-0.24917,-0.38895,-1.0084,-0.096322,-0.6299,-8.3496,16.474,0.5484,-0.019855,0.079626,-1.6947,0.30209,-0.39037,-0.21185,-1.4566,-5.602,-0.97507,0.53768,0.85641,-2.1552,0.14943,0.53231,0.19322
6.4824,-0.37819,6.1055,-0.053854,-0.2227,-0.076847,-0.78431,-0.087355,-0.024293,5.4988,7.9968,-0.51554,-0.17566,-0.094036,0.019247,-0.805,-0.24703,-0.20925,7.4598,-3.3387,4.8083,0.11099,-0.12956,-0.35146,-1.0122,-0.11128,-0.62336,-6.256,16.419,1.3633,-0.072741,-0.21651,-0.8091,0.30733,-0.39032,-0.2048,1.3951,0.47065,1.7939,0.49915,0.94994,-1.7309,0.10741,0.55558,0.19144
6.7225,0.063714,6.2743,0.092588,-0.51422,-0.16381,-0.78356,-0.091671,-0.01296,5.8302,7.5727,-0.56404,-0.028411,-0.00194,-0.14687,-0.80318,-0.25165,-0.20985,7.2854,-2.7022,5.1002,-0.058712,-0.036639,-0.18718,-1.0092,-0.12077,-0.61903,-1.4512,16.612,-0.62615,0.35777,0.14179,-0.18912,0.30481,-0.39302,-0.2002,5.7847,2.8264,5.8637,0.74261,0.29434,-0.84788,0.080889,0.57099,0.18938
8.3348,0.34172,5.7661,0.11515,-0.3963,0.007311,-0.78336,-0.093325,0.000747,4.5455,8.6145,-0.39948,0.15172,0.16535,-0.16176,-0.80417,-0.26068,-0.21051,7.6522,-3.6957,5.6194,-0.1069,-0.011939,-0.016736,-1.0068,-0.12215,-0.62012,-1.2649,16.999,0.052427,0.59351,0.38739,0.42597,0.30402,-0.39847,-0.18793,8.9001,3.0101,4.7066,0.6825,-0.49428,0.38833,0.075661,0.57593,0.17334
8.037,0.2196,5.4049,-0.040287,0.046078,0.043449,-0.7826,-0.092474,0.00748,4.3661,8.9701,0.26691,0.012357,0.31616,-0.099311,-0.80176,-0.26828,-0.21529,7.7272,-4.5694,5.1859,0.1722,-0.21755,0.10057,-1.0134,-0.1196,-0.61625,-2.7152,14.703,0.81358,0.17738,0.22955,0.84359,0.29905,-0.409,-0.18212,6.4187,-1.2121,2.0535,-0.16053,-0.74107,1.3162,0.097602,0.56441,0.16073
8.0048,-0.40183,5.2514,-0.13888,0.40768,0.025313,-0.78326,-0.091889,0.000204,5.2529,8.4809,0.13646,0.030892,0.37104,-0.10976,-0.80011,-0.26902,-0.22555,7.1776,-2.3228,5.0749,0.40609,-0.16234,0.28472,-1.0242,-0.11864,-0.606,-4.5075,13.293,1.0417,-0.16074,0.007611,1.4259,0.2973,-0.41583,-0.19056,1.5725,-4.9506,0.96047,-0.67729,-0.81259,1.8747,0.13624,0.53976,0.16693
8.093,-0.46323,5.6098,-0.14952,0.34346,0.10585,-0.78399,-0.090812,-0.01097,5.4029,8.2529,0.15092,0.049887,0.28366,0.005211,-0.79845,-0.27008,-0.23334,7.4961,-3.3686,5.1052,0.023227,-0.050347,0.41874,-1.0264,-0.11198,-0.60239,-5.1841,12.868,1.4637,-0.5816,-0.2517,2.0347,0.29025,-0.42165,-0.21037,-0.53735,-7.2524,-0.21692,-0.60736,-0.91679,2.1679,0.17983,0.50892,0.17977
8.0755,-0.57024,6.4745,-0.31497,0.14914,0.22324,-0.7863,-0.085147,-0.018884,4.3518,9.0421,0.41053,-0.16311,0.15967,0.17341,-0.80071,-0.27211,-0.23964,7.8333,-3.9046,5.1588,-0.11695,0.025921,0.4647,-1.026,-0.099275,-0.60349,-4.0752,12.324,1.7117,-0.68138,-0.51065,2.4351,0.2727,-0.43791,-0.24531,-2.0671,-8.0657,-0.57367,-0.53085,-1.1799,2.324,0.22455,0.45902,0.19194
7.956,-0.89328,5.979,-0.33318,0.34531,0.28707,-0.78793,-0.076837,-0.029206,4.7456,8.6116,0.67831,-0.26916,0.033865,0.32301,-0.79974,-0.25959,-0.24345,7.3148,-4.3151,5.3757,-0.066234,0.075724,0.25801,-1.0305,-0.084023,-0.60769,-2.631,11.478,0.90131,-0.54805,-0.49556,2.705,0.25022,-0.46042,-0.27903,-3.2125,-11.026,-2.6031,-0.046371,-1.3049,2.4113,0.26476,0.40722,0.18929
7.7161,-1.2173,5.9751,-0.39348,0.20896,0.25197,-0.79233,-0.071817,-0.041357,5.221,8.3425,0.66055,-0.10207,-0.057531,0.395,-0.80579,-0.24653,-0.24532,7.4812,-4.4459,4.7839,-0.013907,0.038582,0.070807,-1.0301,-0.07777,-0.61238,-2.8296,9.2962,0.58458,-0.40772,-0.38119,2.8341,0.21876,-0.49568,-0.31811,-4.6946,-14.769,-2.6831,-0.23897,-0.84249,2.0737,0.29873,0.35207,0.18808
7.8627,-1.4578,6.5491,-0.1986,-0.003256,0.15104,-0.79349,-0.067105,-0.042912,5.3909,8.3975,0.32162,-0.2292,-0.16488,0.41773,-0.81103,-0.23227,-0.24393,7.1852,-3.8767,4.9895,-0.029744,0.072225,-0.033392,-1.026,-0.078034,-0.61443,-1.4382,4.6438,0.70763,-0.60332,-0.3483,2.7292,0.18142,-0.53518,-0.34803,-4.9371,-16.253,-3.0946,-0.005177,-0.76641,1.4941,0.31686,0.31488,0.18949
8.0302,-0.86501,6.1738,-0.038819,0.021665,0.086421,-0.79244,-0.06407,-0.040611,5.7054,7.7919,0.22357,-0.37878,-0.19736,0.4152,-0.81579,-0.21728,-0.24058,7.1557,-4.0398,5.4469,-0.15095,0.091096,-0.040587,-1.0222,-0.077681,-0.61643,3.9169,-1.2573,0.10137,-0.56917,-0.3234,1.8933,0.1375,-0.56803,-0.36153,-2.702,-13.523,-4.962,0.1389,-0.40059,1.1079,0.3297,0.29611,0.18375
8.0283,-1.1476,6.4405,-0.054022,-0.14539,0.047907,-0.7917,-0.063918,-0.036826,5.5007,7.5781,0.30154,-0.20548,-0.10026,0.33598,-0.81822,-0.20188,-0.23737,7.6045,-4.3263,5.4978,-0.085704,0.052111,-0.084653,-1.0256,-0.079359,-0.61719,9.5131,-5.3722,1.2087,0.09226,-0.11649,0.63373,0.1032,-0.58585,-0.36623,-2.8235,-14.839,-4.3401,-0.20066,0.13733,0.56612,0.33717,0.27937,0.18112
7.6187,-1.3717,5.8838,-0.096737,-0.049144,0.000848,-0.79161,-0.06345,-0.034947,5.6035,7.8005,0.44414,-0.047276,-0.021938,0.21777,-0.82045,-0.18967,-0.23564,7.2635,-4.2537,5.2469,-0.023723,0.043991,-0.14386,-1.027,-0.080722,-0.61861,9.7683,-2.1666,2.5008,0.44091,0.042486,-0.64742,0.10288,-0.59174,-0.35603,-1.9666,-14.449,-1.7845,-0.73044,0.60432,0.16045,0.3391,0.26986,0.18944
6.8209,-1.5352,5.7573,-0.06146,0.077077,-0.044425,-0.78701,-0.066362,-0.03421,5.6785,7.8975,0.91407,0.065879,-0.014625,0.066643,-0.82225,-0.18994,-0.23548,7.1853,-3.9589,4.9227,0.090187,0.10405,-0.21778,-1.018,-0.087914,-0.62097,7.0887,1.3515,1.5953,0.89708,0.065644,-1.4194,0.12078,-0.58441,-0.34264,-0.46451,-16.698,-1.4962,-0.14971,0.43025,-0.50662,0.33525,0.27406,0.20104
6.4361,-1.0129,5.5937,0.11873,0.20314,-0.10312,-0.78529,-0.071222,-0.03706,6.0438,7.4593,0.78307,0.1109,-0.1803,-0.084886,-0.82381,-0.19137,-0.23113,7.1189,-3.6697,4.9974,-0.022146,0.17378,-0.22924,-1.011,-0.095146,-0.62481,3.0131,4.4765,0.099481,0.85572,0.14471,-2.1056,0.15618,-0.56471,-0.32035,-1.4738,-15.009,-2.4949,0.79065,0.18569,-1.3496,0.32865,0.30044,0.20087
6.5862,-0.4387,6.2104,0.24982,-0.04201,-0.15471,-0.78457,-0.073451,-0.036211,5.4786,7.1692,0.62518,0.13296,-0.33225,-0.26564,-0.82135,-0.19387,-0.22435,7.355,-3.6618,5.3162,-0.064138,0.20977,-0.19029,-1.0095,-0.098913,-0.6303,0.62203,6.0423,0.019726,0.52534,0.04924,-2.5162,0.19732,-0.53431,-0.29861,-3.3003,-13.509,-3.9635,0.82103,0.71283,-1.7262,0.31719,0.33274,0.19354
8.0102,-0.36095,6.1396,0.51424,-0.14844,-0.29785,-0.78335,-0.077415,-0.02862,5.5085,8.2499,0.25848,0.033923,-0.38404,-0.35832,-0.81721,-0.20092,-0.21609,7.4764,-3.7683,6.0485,-0.064014,0.11665,-0.19754,-1.0084,-0.10045,-0.63626,-1.6631,7.3534,-0.035115,0.65328,-0.044947,-2.6594,0.22375,-0.50461,-0.27336,-3.1628,-12.7,-2.5172,0.22483,0.71508,-2.1155,0.29519,0.37835,0.18616
8.7661,0.13826,5.7606,0.45342,-0.027417,-0.33851,-0.78303,-0.087404,-0.0229,5.3853,8.4733,0.19313,0.23027,-0.26621,-0.29617,-0.81497,-0.21097,-0.20749,7.2967,-4.0633,5.8895,0.16717,-0.07131,-0.22864,-1.0043,-0.10906,-0.63353,-3.5513,9.428,-1.1407,0.86228,0.057818,-2.6238,0.24697,-0.47823,-0.24053,-2.0825,-11.389,-3.0781,-0.43215,1.0096,-2.3069,0.26174,0.42625,0.19136
