-2.0234,-0.44467,9.6442,0.000216,0.015897,-0.002362,0.51035,0.013254,-0.76833,-0.79201,7.371,6.4179,0.022843,-0.008263,-0.008878,0.53562,-0.66196,-0.40176,0.30645,-5.1373,8.362,0.014987,0.006956,-0.005538,0.43346,0.40092,-0.71611,-0.96092,9.4503,-2.2592,0.004011,-0.001525,0.003313,-0.37845,-0.85453,0.092793,0.26467,-9.5189,-2.5369,-0.003287,-0.005027,0.001937,-0.48934,0.75801,0.31548
-2.0237,-0.48189,9.6888,-0.02238,0.017728,-0.012432,0.50984,0.012986,-0.7678,-0.807,7.4028,6.362,0.00662,-0.004558,0.007282,0.53577,-0.66209,-0.40149,0.31137,-5.1762,8.3823,0.000866,0.005739,-0.012625,0.43343,0.40015,-0.71672,-0.97603,9.4654,-2.297,0.015719,-0.006819,-0.003781,-0.37889,-0.85337,0.09277,0.2797,-9.4966,-2.5217,-0.010459,-0.004237,-0.001666,-0.48902,0.7584,0.31628
-2.0683,-0.48124,9.6138,-0.006183,-0.002087,-0.008685,0.51003,0.012763,-0.76928,-0.78695,7.3201,6.425,-0.000447,-0.006437,-0.005125,0.53474,-0.66275,-0.40141,0.29191,-5.1906,8.3773,0.000719,-0.005873,-0.004707,0.43214,0.40176,-0.71709,-0.95351,9.4504,-2.2816,0.010413,0.009021,-0.003674,-0.37921,-0.85332,0.091702,0.28723,-9.4817,-2.5065,-0.005879,-0.013333,-0.008977,-0.48894,0.75708,0.31711
-2.0833,-0.474,9.6884,0.022866,0.017516,-0.003255,0.5104,0.013489,-0.76738,-0.81404,7.371,6.4177,0.012058,-0.002874,0.000128,0.53585,-0.66233,-0.40239,0.31136,-5.1494,8.3427,-0.015088,-0.012673,-0.01621,0.43345,0.4008,-0.71636,-0.91614,9.458,-2.2583,-0.01002,0.022234,-0.003581,-0.37836,-0.8545,0.091745,0.30972,-9.4819,-2.4838,-0.013117,-0.009746,-0.007136,-0.48929,0.75893,0.31626
-2.0463,-0.50417,9.7481,-0.002473,0.021277,-0.005124,0.51135,0.013735,-0.76721,-0.79956,7.3761,6.3668,0.013003,-0.006459,-0.007011,0.53598,-0.66213,-0.40004,0.29187,-5.1761,8.3942,-0.00985,-0.0016,-0.011775,0.43272,0.40121,-0.71565,-0.96094,9.4503,-2.2667,-0.002959,0.012565,-0.001884,-0.37929,-0.85312,0.093145,0.24975,-9.489,-2.5221,-0.009514,-0.001591,-0.004351,-0.48832,0.75762,0.31658
-2.0684,-0.50361,9.651,-0.006136,0.017803,0.003999,0.50996,0.013771,-0.76807,-0.79436,7.3516,6.4299,0.021152,-0.003024,-0.015952,0.53489,-0.66289,-0.40113,0.31873,-5.1859,8.3434,-0.017957,-0.003376,-0.007364,0.4314,0.40205,-0.71675,-0.94602,9.4504,-2.2739,-0.00624,-0.006813,-0.016139,-0.37674,-0.85422,0.094189,0.27968,-9.504,-2.5366,0.004929,0.001161,-0.003476,-0.48976,0.75814,0.3152
-2.0831,-0.45889,9.6139,-0.002436,0.021165,-0.010604,0.51154,0.014808,-0.76856,-0.81415,7.3663,6.3861,0.017527,0.000598,-0.007014,0.53487,-0.66185,-0.40115,0.29185,-5.1615,8.3866,0.01429,0.000355,-0.014391,0.43139,0.40127,-0.71698,-0.94601,9.4578,-2.2514,0.004345,-0.005062,-0.012593,-0.37621,-0.8532,0.09408,0.28724,-9.4743,-2.5065,0.004069,-0.002523,-0.008025,-0.48891,0.75841,0.31588
-2.0979,-0.42929,9.6512,-0.006035,0.033862,-0.001543,0.51142,0.013762,-0.76829,-0.79448,7.3711,6.4106,0.006696,-0.002868,-0.000714,0.53557,-0.66213,-0.40033,0.31135,-5.1616,8.3771,-0.013471,-0.003385,-0.009126,0.43243,0.40045,-0.7164,-0.96094,9.4503,-2.2667,0.000268,0.004622,-0.028411,-0.37869,-0.85482,0.093572,0.2797,-9.5041,-2.5142,-0.001377,0.002911,-0.004353,-0.48914,0.75867,0.3164
-2.0383,-0.45913,9.5844,0.020971,-0.000401,-0.002269,0.51005,0.013272,-0.76888,-0.81412,7.3711,6.3959,0.004865,-0.009054,-0.000735,0.53593,-0.66249,-0.40108,0.30652,-5.181,8.3627,-0.006961,-0.001828,-0.021483,0.43167,0.39996,-0.71643,-0.94619,9.4804,-2.2815,0.009601,0.014299,-0.00716,-0.37842,-0.85456,0.093584,0.28718,-9.5041,-2.5215,-0.005831,-0.002595,-0.009809,-0.48911,0.75734,0.3167
-2.1136,-0.45977,9.8971,-0.04849,0.072049,0.012837,0.50996,0.012732,-0.76807,-0.79439,7.3516,6.4202,0.010137,-0.006295,0.012575,0.53513,-0.66172,-0.40114,0.31133,-5.1421,8.3572,-0.008016,0.003803,-0.014402,0.43268,0.40096,-0.71653,-0.95347,9.4429,-2.2816,-0.0035,0.010791,-0.017782,-0.37842,-0.85482,0.093453,0.27972,-9.5042,-2.4843,-0.013176,-0.004249,-0.001658,-0.48853,0.75855,0.31563
-2.0451,-0.42873,9.4054,-0.042244,0.045039,0.015681,0.51018,0.01457,-0.76888,-0.81911,7.3809,6.3789,0.006769,-0.001154,-0.006933,0.53568,-0.66173,-0.40072,0.28216,-5.1955,8.387,-0.00102,0.001322,-0.007347,0.4322,0.40058,-0.71604,-0.90122,9.4581,-2.2655,-0.002884,0.00197,-0.00637,-0.37927,-0.85339,0.093542,0.2947,-9.4892,-2.5214,-0.016542,0.000782,-0.017905,-0.48956,0.75721,0.31589
-2.0686,-0.50393,9.7331,0.040952,-0.000755,-0.021389,0.51024,0.014541,-0.7678,-0.81384,7.3418,6.4468,0.002965,-0.013412,0.007257,0.53458,-0.66171,-0.40169,0.31132,-5.1178,8.3226,-0.000964,-0.012367,-0.009125,0.4316,0.40101,-0.71785,-0.96098,9.4578,-2.2667,0.008047,0.0099,-0.017783,-0.37924,-0.85469,0.093678,0.24978,-9.4891,-2.4923,-0.005751,0.015284,-0.012387,-0.48864,0.75788,0.3159
-2.0238,-0.43048,9.801,-0.00608,0.030359,0.000311,0.50909,0.013289,-0.76918,-0.78985,7.381,6.3523,0.020995,-0.011736,-0.003546,0.5344,-0.66356,-0.40063,0.28211,-5.1834,8.4162,-0.007295,-0.010513,-0.005612,0.43104,0.39972,-0.71645,-0.946,9.4504,-2.2664,-0.01072,0.007279,-0.013393,-0.37727,-0.85449,0.094691,0.26468,-9.5189,-2.522,-0.005883,-0.011515,-0.008049,-0.48826,0.75721,0.31726
-2.1054,-0.4513,9.6137,-0.027893,0.016204,0.008532,0.50897,0.013024,-0.76892,-0.82649,7.4099,6.3911,-0.007765,-0.011618,0.007361,0.53541,-0.66354,-0.40109,0.30406,-5.1518,8.3377,0.006882,-0.012072,-0.000289,0.43245,0.39992,-0.71601,-0.93125,9.4805,-2.2812,-0.010293,-0.00328,0.006833,-0.37841,-0.85445,0.093848,0.28719,-9.5041,-2.5066,-0.004047,0.011843,-0.005195,-0.48919,0.75907,0.31586
-2.0984,-0.53303,9.658,0.006583,0.015752,-0.008747,0.51023,0.013508,-0.76806,-0.85313,7.3564,6.4247,0.004955,0.003295,-0.001568,0.53501,-0.66263,-0.40126,0.30402,-5.1567,8.3965,-0.002779,-0.010549,-0.008247,0.43337,0.4004,-0.71534,-0.94604,9.4504,-2.2814,-0.011617,0.010801,-0.012487,-0.37749,-0.85327,0.093099,0.27972,-9.4891,-2.5216,-0.018555,0.004696,-0.001586,-0.49021,0.75707,0.31613
-2.0162,-0.46714,9.6889,-0.004299,0.024997,0.00489,0.50943,0.01442,-0.76783,-0.78751,7.4005,6.3378,0.003011,-0.011629,0.005498,0.53546,-0.66337,-0.40253,0.31381,-5.1664,8.3577,0.000884,-0.004264,-0.012643,0.43308,0.40094,-0.71613,-0.97592,9.4503,-2.282,0.002538,0.015201,-0.008925,-0.37726,-0.85488,0.094692,0.26466,-9.5188,-2.5444,-0.005842,0.004638,-0.007037,-0.4886,0.75814,0.31643
-2.083,-0.48094,9.5689,0.000224,0.021343,0.005811,0.51045,0.014697,-0.76887,-0.78456,7.3516,6.43,-0.013086,-0.013442,0.000282,0.5339,-0.66234,-0.40237,0.30405,-5.1567,8.3623,-0.010643,-0.00354,-0.01619,0.43207,0.40124,-0.71606,-0.95351,9.4504,-2.2816,0.005711,0.004633,0.007767,-0.37676,-0.8542,0.093662,0.25726,-9.4891,-2.5071,0.001403,-0.004391,-0.011635,-0.48923,0.75801,0.31508
-2.0905,-0.47359,9.5988,-0.022385,0.02139,-0.003339,0.51027,0.013877,-0.76726,-0.75986,7.2836,6.442,-0.000432,-0.004669,-0.005116,0.5348,-0.66045,-0.4047,0.29181,-5.1421,8.396,0.009647,-0.006732,-0.005578,0.43283,0.40095,-0.71602,-0.93125,9.4805,-2.2812,-0.003014,0.026636,0.001748,-0.37813,-0.85458,0.093861,0.26475,-9.4891,-2.5069,0.001283,-0.007812,-0.003521,-0.48915,0.75774,0.31616
-2.0981,-0.47365,9.6286,-0.007863,0.033937,0.003924,0.51186,0.013094,-0.76773,-0.79917,7.3442,6.4444,0.030949,-0.001212,-0.008911,0.53433,-0.66165,-0.40392,0.28455,-5.1615,8.3718,-0.021652,0.000379,-0.002069,0.4331,0.40067,-0.71562,-0.95351,9.4578,-2.2666,-0.016987,0.016095,-0.010683,-0.37898,-0.85429,0.093426,0.36968,-9.3996,-2.6021,-0.000509,0.002985,0.000122,-0.48714,0.75671,0.31611
-2.0835,-0.47433,9.7704,-0.006068,0.015736,-0.019699,0.50967,0.013525,-0.76849,-0.8047,7.4417,6.3525,0.058797,0.007587,-0.011751,0.53543,-0.66258,-0.40293,0.29184,-5.1469,8.3643,0.014968,-0.004818,-0.003801,0.4328,0.40004,-0.71662,-0.96094,9.4503,-2.2667,-0.002989,-0.00504,-0.002007,-0.37921,-0.8542,0.094599,0.27973,-9.4741,-2.5365,-0.002397,-0.00951,0.001896,-0.4893,0.75853,0.31614
-2.0462,-0.51875,9.6884,-0.0025,0.021377,0.003992,0.51088,0.013902,-0.76844,-0.79449,7.3227,6.3763,0.008587,-0.00117,-0.008731,0.53513,-0.66256,-0.40373,0.30161,-5.1615,8.3672,0.010489,0.009693,-0.003775,0.43247,0.40135,-0.71567,-0.9686,9.4804,-2.2819,-0.00265,-0.005927,-0.01789,-0.37827,-0.85483,0.093724,0.2947,-9.4892,-2.5214,-0.002324,-0.000626,-0.001669,-0.48892,0.75801,0.31576
-2.0831,-0.4516,9.6438,0.020213,0.032819,0.001234,0.51184,0.01453,-0.76801,-0.79424,7.3176,6.4346,0.028326,-0.006603,-0.019592,0.53578,-0.66262,-0.40135,0.29189,-5.1834,8.3821,0.013215,0.001485,-0.00556,0.43312,0.40197,-0.71527,-0.94596,9.4354,-2.2814,-0.003817,0.024881,-0.001802,-0.37756,-0.85422,0.094414,0.27975,-9.4817,-2.4917,0.006615,0.00583,0.005595,-0.48794,0.75775,0.31633
-2.0538,-0.48212,9.8079,-0.000631,0.033002,0.000303,0.50884,0.014584,-0.76893,-0.802,7.3761,6.3692,0.021218,0.001382,-0.018596,0.53311,-0.66299,-0.40266,0.29665,-5.1203,8.386,-0.00192,-0.003237,-0.007346,0.43168,0.40008,-0.71618,-0.94597,9.4503,-2.2514,0.004265,-0.008581,-0.00909,-0.37853,-0.85446,0.094369,0.26472,-9.504,-2.507,-0.006023,-0.012209,0.001895,-0.48961,0.75775,0.31534
-2.0234,-0.42989,9.6518,0.053698,0.031754,0.004939,0.51068,0.014582,-0.76953,-0.80929,7.3954,6.396,-0.009486,-0.001001,0.008322,0.53444,-0.66286,-0.4022,0.30169,-5.2101,8.3754,0.004259,0.004181,-0.003798,0.43232,0.40149,-0.71618,-0.95351,9.4578,-2.2666,0.007881,0.013423,-0.009817,-0.3791,-0.85393,0.094077,0.27968,-9.504,-2.5366,0.010339,-0.008714,-0.005364,-0.49041,0.75774,0.31532
-2.0848,-0.66033,9.9707,-0.068689,0.016612,0.011223,0.51065,0.013753,-0.76764,-0.80404,7.3128,6.4297,-0.004858,0.000618,-0.006833,0.53508,-0.6626,-0.4023,0.29914,-5.147,8.384,-0.001019,-0.005959,-0.007353,0.43249,0.40095,-0.71527,-0.94598,9.4503,-2.2589,-0.007169,0.005514,-0.013405,-0.37932,-0.85525,0.094991,0.26471,-9.504,-2.5219,-0.003366,0.002289,0.009221,-0.48953,0.7576,0.31641
-2.0833,-0.50337,9.621,-0.037683,0.046692,0.003828,0.51035,0.01455,-0.7682,-0.80451,7.3955,6.3669,0.010182,-0.011664,0.003657,0.53486,-0.6621,-0.40141,0.30162,-5.1664,8.3722,0.012384,-0.00314,-0.008216,0.43221,0.40071,-0.71579,-0.91612,9.4505,-2.2658,0.007606,-0.002433,0.00154,-0.37831,-0.85391,0.093193,0.30972,-9.4744,-2.5061,0.008544,0.004749,-0.003475,-0.48852,0.75894,0.31589
-2.0381,-0.40005,9.6295,0.068142,0.011752,-0.008636,0.51093,0.014393,-0.76737,-0.79919,7.3394,6.4371,0.014046,0.000486,-0.019434,0.53537,-0.66261,-0.40176,0.30161,-5.1567,8.3671,0.000583,-0.004806,0.001483,0.43288,0.40133,-0.71501,-1.0059,9.4801,-2.2677,0.01503,0.005516,-0.012513,-0.37892,-0.85397,0.095007,0.24975,-9.489,-2.5221,-0.0006,-0.002289,0.003763,-0.48856,0.75801,0.31697
-2.0683,-0.42985,9.7335,0.001072,0.005102,-0.005962,0.51338,0.011756,-0.76685,-0.79969,7.3956,6.3475,0.015727,-0.010054,-0.014164,0.53466,-0.66343,-0.40062,0.304,-5.1519,8.4013,-0.000275,-0.008503,-0.000291,0.4324,0.40149,-0.71706,-0.92363,9.4505,-2.281,-0.005463,0.015185,-0.008927,-0.37825,-0.85446,0.09425,0.2797,-9.5041,-2.5067,-0.002296,-0.014177,-0.007179,-0.48983,0.75826,0.31612
-2.1578,-0.48063,9.643,-0.004234,0.032969,0.001192,0.51095,0.012566,-0.76708,-0.81412,7.3856,6.4057,-0.000573,-0.009877,0.005532,0.53588,-0.66286,-0.40199,0.29189,-5.1761,8.3722,-0.011857,0.00139,-0.001172,0.43272,0.40095,-0.71577,-0.92388,9.4956,-2.2885,-0.010091,0.003753,-0.001939,-0.37936,-0.85496,0.094199,0.28726,-9.4743,-2.4916,-0.016721,0.004643,-0.004308,-0.48965,0.75788,0.3148
-2.0981,-0.47374,9.651,0.017544,0.03997,-0.001538,0.51175,0.012561,-0.76719,-0.80403,7.3224,6.4395,0.006624,-0.009926,0.001909,0.53541,-0.66289,-0.40097,0.30399,-5.1373,8.3864,0.0062,0.000352,-0.011745,0.43268,0.40148,-0.71654,-0.94585,9.4278,-2.2514,0.002632,0.005501,-0.014291,-0.37896,-0.85482,0.093691,0.29467,-9.4891,-2.5513,-0.004236,0.010345,0.009263,-0.48951,0.75815,0.31494
-2.0459,-0.44473,9.7038,-0.022451,0.025249,0.014895,0.51247,0.012012,-0.76635,-0.79962,7.4028,6.3718,0.020131,-0.002878,-0.000822,0.53488,-0.66211,-0.40115,0.29675,-5.1712,8.3771,-0.006516,-0.004911,-0.000294,0.4329,0.40223,-0.71466,-0.97592,9.4578,-2.267,0.002342,-0.00504,-0.002004,-0.37847,-0.85363,0.092659,0.2497,-9.5113,-2.5446,0.004826,-0.000475,0.003763,-0.48875,0.75854,0.31629
-2.0978,-0.39974,9.6738,-0.006821,0.05534,-0.005282,0.51213,0.01406,-0.76503,-0.8067,7.3565,6.4056,-0.000428,-0.010017,-0.010479,0.53543,-0.66264,-0.40072,0.31136,-5.1567,8.3575,-0.000938,-0.005142,-0.010881,0.43195,0.40046,-0.71592,-0.96103,9.4579,-2.2892,0.011268,0.011665,-0.001889,-0.37748,-0.85392,0.093233,0.25723,-9.504,-2.5071,0.003902,-0.004964,0.003732,-0.48844,0.75789,0.31498
-2.1284,-0.51839,9.7624,-0.022487,0.004393,-0.003263,0.51254,0.013339,-0.76743,-0.82386,7.3566,6.3982,0.010378,0.000587,-0.008736,0.53592,-0.66288,-0.40134,0.304,-5.1373,8.3815,-0.015114,-0.001761,-0.01619,0.43247,0.402,-0.71569,-0.90119,9.4431,-2.288,-0.015456,0.000228,-0.000211,-0.38007,-0.8534,0.094162,0.30969,-9.4818,-2.5211,0.00135,-0.007916,-0.008065,-0.48956,0.75868,0.31439
-2.0684,-0.50358,9.6435,-0.006002,0.03285,-0.010658,0.51395,0.012516,-0.76629,-0.79445,7.3662,6.4154,0.013857,-0.001988,0.000121,0.53513,-0.66288,-0.40138,0.29677,-5.1907,8.3921,-0.004702,0.000513,-0.002049,0.43313,0.40041,-0.7151,-0.95345,9.4503,-2.2591,-0.001184,0.011679,-0.00189,-0.37869,-0.85342,0.094227,0.25726,-9.4816,-2.5145,-0.010328,0.00817,-0.008809,-0.49005,0.75814,0.31492
-2.0684,-0.47418,9.7034,-0.014279,0.012357,-0.006929,0.51261,0.012917,-0.76621,-0.80428,7.3759,6.413,0.026461,-0.011866,-0.016042,0.53388,-0.66356,-0.40053,0.31128,-5.113,8.3616,-0.013426,-0.012523,-0.010906,0.43246,0.40018,-0.71576,-0.95363,9.4803,-2.2666,0.011193,0.019587,0.001701,-0.37883,-0.85393,0.093958,0.29467,-9.5041,-2.5289,-0.007889,-0.002217,0.009189,-0.49016,0.75853,0.31531
-2.1429,-0.47341,9.6581,-0.015223,0.011577,0.004007,0.51233,0.013963,-0.76637,-0.79448,7.3421,6.391,0.017554,-0.004765,-0.014156,0.53485,-0.66248,-0.4018,0.29925,-5.2101,8.3778,0.002657,-0.006953,-0.011772,0.4321,0.40084,-0.71542,-0.91612,9.4431,-2.2808,-0.007171,0.010781,-0.012489,-0.3778,-0.85298,0.095847,0.28721,-9.4892,-2.514,-0.002321,0.001168,-0.001653,-0.48827,0.75881,0.31563
-2.0902,-0.39207,9.5919,0.015776,0.035281,-0.017936,0.51235,0.013176,-0.76609,-0.80927,7.3905,6.3984,0.020903,-0.01612,0.001766,0.53679,-0.66221,-0.40182,0.29662,-5.1033,8.3857,-0.002878,-0.011339,-0.00383,0.43218,0.39981,-0.7164,-0.946,9.4504,-2.2664,-0.006362,0.012557,-0.008944,-0.37733,-0.85418,0.09324,0.2797,-9.5041,-2.5142,-0.016534,0.004371,-0.017874,-0.48856,0.75906,0.31722
-2.0831,-0.44419,9.6438,0.013869,0.025588,-0.006951,0.5124,0.01341,-0.76515,-0.79458,7.3736,6.3887,-0.011295,-0.009871,0.003843,0.535,-0.66275,-0.40139,0.31384,-5.1883,8.3678,-0.015318,-0.006948,-0.005604,0.43256,0.39979,-0.71638,-0.93106,9.4504,-2.2661,-0.001245,0.019592,0.001694,-0.37829,-0.8557,0.092935,0.27973,-9.4892,-2.5067,-0.009372,0.009885,-0.012428,-0.48941,0.75828,0.31454
-2.1048,-0.44298,9.3825,0.051817,-0.00079,-0.010449,0.51166,0.011371,-0.76637,-0.79938,7.3711,6.4105,-0.000446,-0.0011,-0.001536,0.5349,-0.66329,-0.40099,0.30647,-5.1567,8.377,0.007854,0.004165,-0.005554,0.43156,0.39983,-0.71618,-0.96855,9.4803,-2.2594,-0.002774,0.014324,-0.010689,-0.37729,-0.85536,0.093771,0.26468,-9.5189,-2.522,-0.002466,-0.01481,0.005488,-0.48934,0.75867,0.3156
-2.157,-0.4206,9.4494,-0.011543,0.007735,-0.009661,0.51232,0.013707,-0.7665,-0.81403,7.3517,6.4055,0.004917,0.002463,0.00288,0.53459,-0.66197,-0.40156,0.29184,-5.1567,8.3865,-0.01362,-0.005016,-0.002069,0.4316,0.40073,-0.71532,-0.91612,9.4431,-2.2808,0.00806,0.012518,-0.01777,-0.37874,-0.85376,0.092778,0.27974,-9.4742,-2.5216,0.003944,-0.000525,0.001941,-0.48905,0.75828,0.31575
-2.0469,-0.54915,9.8821,0.037333,0.010185,-0.012313,0.51219,0.012668,-0.7665,-0.8214,7.3807,6.4202,-0.004004,0.000651,-0.003278,0.5352,-0.66195,-0.40231,0.33086,-5.1665,8.3677,-0.0081,0.011161,-0.010851,0.43208,0.40098,-0.71593,-0.96094,9.4503,-2.2667,0.006889,0.008149,-0.005444,-0.37804,-0.85352,0.093205,0.2797,-9.5041,-2.5142,-0.002305,0.006548,-0.001613,-0.48855,0.75802,0.31524
-2.0979,-0.39986,9.7037,0.010296,0.035464,-0.00882,0.51231,0.011638,-0.76689,-0.78954,7.3517,6.4105,0.026453,0.00595,5.8e-05,0.53604,-0.663,-0.40146,0.287,-5.1761,8.3917,0.007852,0.005989,-0.005558,0.43284,0.40004,-0.71586,-0.96105,9.4654,-2.2817,0.000579,0.001997,-0.001955,-0.37856,-0.85329,0.09397,0.26469,-9.5189,-2.5145,0.005709,-0.004959,0.003724,-0.48921,0.75973,0.31572
-2.1575,-0.42878,9.6433,-0.00704,0.01779,0.003991,0.51205,0.012673,-0.76664,-0.81429,7.4027,6.3766,0.003175,-0.004697,-0.008697,0.53392,-0.66235,-0.40211,0.30651,-5.1761,8.3675,-0.003531,-0.010713,-0.014431,0.43156,0.39996,-0.71618,-0.89386,9.4657,-2.2954,-0.002833,-0.005958,-0.009073,-0.37919,-0.85423,0.091837,0.28722,-9.4892,-2.5066,0.001302,0.002059,-0.00256,-0.48886,0.75961,0.31493
-2.128,-0.47358,9.6731,-0.006232,-0.003761,0.000439,0.51158,0.011674,-0.768,-0.79912,7.3031,6.4297,0.028309,0.005877,-0.007079,0.53501,-0.66276,-0.40126,0.28705,-5.2101,8.3972,0.009588,-0.00846,-0.002056,0.43226,0.40098,-0.71731,-0.93095,9.4354,-2.2511,-0.000878,0.010779,-0.016018,-0.37807,-0.85425,0.092021,0.29474,-9.4818,-2.4915,-0.000616,0.010318,0.007445,-0.48912,0.75906,0.3168
-2.0831,-0.45901,9.6437,0.001118,0.019542,0.004001,0.51203,0.011775,-0.76704,-0.81171,7.3929,6.4008,0.030987,0.014781,6.9e-05,0.53483,-0.66371,-0.39982,0.31127,-5.113,8.3763,0.01153,0.001328,-0.010849,0.43285,0.40003,-0.71561,-0.98343,9.4652,-2.2672,0.004446,0.007276,-0.016035,-0.37832,-0.85414,0.092667,0.27964,-9.5189,-2.5516,-0.005903,-0.00067,-0.003461,-0.48907,0.75907,0.3156
-2.083,-0.48094,9.5689,-0.009822,0.003464,0.00405,0.51229,0.011905,-0.76716,-0.8242,7.4053,6.3474,0.012174,0.009497,-0.001584,0.536,-0.66331,-0.39989,0.32106,-5.1422,8.3867,0.008226,6.4e-05,-0.02322,0.43214,0.40109,-0.71466,-0.93115,9.458,-2.2886,0.003228,0.010782,-0.000132,-0.37925,-0.85467,0.093414,0.2872,-9.4966,-2.5141,0.012169,0.001147,-0.005306,-0.48918,0.75735,0.31563
-2.1427,-0.47317,9.5984,-0.007998,0.003398,0.000401,0.51148,0.013084,-0.7672,-0.80182,7.3638,6.4081,-0.002446,-0.004447,0.019802,0.53569,-0.66277,-0.4007,0.29919,-5.1859,8.3945,-0.004666,0.000466,-0.003815,0.43298,0.40055,-0.71549,-0.93117,9.4581,-2.2961,0.00261,0.011655,-0.012479,-0.37824,-0.85549,0.094253,0.27974,-9.4742,-2.5216,0.004863,0.004856,0.001974,-0.48875,0.75775,0.31617
-2.0833,-0.48138,9.6809,0.000218,0.018614,0.000357,0.51205,0.014103,-0.76665,-0.79928,7.3564,6.4251,0.020998,-0.002869,0.001834,0.5354,-0.66424,-0.39913,0.29185,-5.1469,8.357,0.009682,0.002324,-0.007325,0.43218,0.40033,-0.71641,-0.94608,9.4579,-2.2814,-0.002714,0.019592,-0.012423,-0.378,-0.85419,0.093735,0.27976,-9.4893,-2.4768,-0.002231,0.001917,-0.00888,-0.4889,0.75961,0.31453
-2.0686,-0.48174,9.7407,-0.01513,0.02676,-0.003343,0.51104,0.015315,-0.76791,-0.79969,7.3908,6.345,0.016603,-0.006474,-0.008817,0.53665,-0.66291,-0.39986,0.29676,-5.1761,8.3772,-0.00395,-0.004752,0.005008,0.43281,0.4003,-0.7165,-0.9609,9.4428,-2.2667,0.000475,0.007282,0.003372,-0.37943,-0.85413,0.092615,0.26471,-9.504,-2.5219,-0.014097,-0.005105,0.000154,-0.48919,0.75773,0.31735
-2.0834,-0.51833,9.6582,-0.006178,0.005183,-0.001421,0.51082,0.013347,-0.76709,-0.81149,7.354,6.4298,0.004934,0.002436,0.000213,0.53514,-0.66289,-0.40125,0.31139,-5.1761,8.3578,0.002529,-0.009524,-0.005588,0.43195,0.40202,-0.71597,-0.93117,9.4655,-2.2811,-0.002727,-0.008584,-0.014384,-0.37882,-0.85394,0.094222,0.29468,-9.4891,-2.5363,0.001365,0.008277,-0.005236,-0.48904,0.75722,0.31577
-2.0681,-0.44417,9.6066,0.001127,0.012226,-0.006912,0.51085,0.013589,-0.76642,-0.8092,7.3614,6.3959,0.0318,-0.006493,-0.007169,0.53577,-0.66281,-0.39926,0.29668,-5.1373,8.3838,-0.00296,-0.001243,-0.00028,0.43306,0.40107,-0.71651,-0.94589,9.4353,-2.2514,-0.001155,0.005512,-0.003701,-0.37997,-0.85414,0.093116,0.26479,-9.4742,-2.492,0.004019,-0.005151,-0.005319,-0.4889,0.75841,0.31602
-2.0684,-0.47418,9.7034,-0.013333,0.028624,0.003946,0.51185,0.014393,-0.76774,-0.8094,7.4052,6.3766,0.0138,-0.008152,0.001868,0.53487,-0.66373,-0.39916,0.29674,-5.1615,8.3647,-0.013418,0.001102,-0.01177,0.433,0.40028,-0.7151,-0.93106,9.4504,-2.2661,-0.002703,0.0055,-0.014288,-0.37846,-0.85453,0.092661,0.25726,-9.4891,-2.5071,-0.004047,0.004644,-0.007039,-0.48947,0.75867,0.31559
-2.0236,-0.47434,9.6515,0.05907,0.007316,-0.010454,0.51052,0.014274,-0.76765,-0.81905,7.376,6.391,-0.00048,-0.006403,-0.001567,0.53492,-0.66368,-0.40073,0.30163,-5.1712,8.3625,-0.008308,0.00326,-0.000278,0.43253,0.39938,-0.71447,-0.95358,9.4654,-2.2816,0.004425,0.014304,-0.014223,-0.37825,-0.85282,0.095036,0.29471,-9.4817,-2.5214,-0.011191,0.011704,-0.01061,-0.48834,0.7579,0.31444
-2.0845,-0.65245,9.8513,-0.042469,-0.007116,-0.00506,0.50997,0.013374,-0.7678,-0.82877,7.359,6.3982,0.010203,-0.00636,0.005455,0.5357,-0.66368,-0.40068,0.28212,-5.1736,8.3916,0.011338,-0.001142,-0.001154,0.43245,0.40083,-0.71603,-0.93125,9.4805,-2.2812,0.00406,-0.016506,-0.000317,-0.3773,-0.85421,0.094031,0.28717,-9.504,-2.5365,-0.006017,-0.01311,0.001879,-0.48954,0.75708,0.31616
-2.0838,-0.54826,9.7327,-0.024995,0.042918,-0.006166,0.51036,0.015453,-0.76794,-0.82167,7.41,6.3717,0.020073,-0.011728,-0.001761,0.53559,-0.66434,-0.40042,0.31624,-5.1616,8.3576,-0.007155,0.002035,-0.012638,0.43303,0.40093,-0.71461,-0.92363,9.4505,-2.281,-0.004862,0.003749,0.003347,-0.37884,-0.85328,0.093825,0.29473,-9.4743,-2.5139,-0.000575,-0.002339,0.001933,-0.48972,0.75814,0.31573
-1.9933,-0.41499,9.5701,0.047396,0.029863,-0.005094,0.51031,0.013662,-0.769,-0.80909,7.3468,6.4152,0.020187,-0.00473,-0.008843,0.53587,-0.66267,-0.39965,0.2919,-5.1809,8.3649,0.003489,-0.005053,-0.009117,0.43283,0.40121,-0.71602,-0.9908,9.4502,-2.2598,0.007532,0.000247,0.005091,-0.37905,-0.85448,0.095002,0.24975,-9.504,-2.4923,-0.016792,-0.006046,-0.001648,-0.48963,0.7596,0.31544
-2.0681,-0.4148,9.6739,-0.000819,-0.00555,0.002286,0.51084,0.013404,-0.76925,-0.8047,7.4223,6.3378,0.012073,-0.000186,0.001927,0.53592,-0.66463,-0.39909,0.30399,-5.1251,8.3617,-0.002808,-0.001425,-0.007342,0.43311,0.40184,-0.71552,-0.93121,9.4656,-2.2961,0.013123,0.011646,-0.005418,-0.37686,-0.85411,0.094578,0.25722,-9.5039,-2.5221,-0.01404,-0.006091,-0.004372,-0.48922,0.75907,0.31546
-2.1281,-0.50316,9.658,-0.020586,0.011383,-0.014239,0.51061,0.014944,-0.76846,-0.83373,7.3857,6.3982,-0.001354,-0.002871,-0.001542,0.53429,-0.66331,-0.40025,0.30167,-5.2004,8.3825,-0.006344,-0.005119,-0.008245,0.43206,0.40098,-0.71631,-0.9236,9.4579,-2.251,-0.001152,0.010783,-0.00366,-0.37919,-0.85435,0.095127,0.30977,-9.4445,-2.5061,0.008562,0.002919,-0.005298,-0.48961,0.75801,0.31547
-2.0535,-0.489,9.6736,0.002896,0.015085,0.00585,0.5098,0.013394,-0.76848,-0.79432,7.3322,6.425,0.027342,0.00506,4.3e-05,0.53406,-0.66372,-0.39973,0.29427,-5.1421,8.3667,-0.010006,-0.009577,-0.003838,0.43245,0.4007,-0.71603,-0.94598,9.4503,-2.2589,-0.011509,0.010798,-0.01778,-0.37855,-0.85457,0.093842,0.28716,-9.5115,-2.5365,-0.000632,0.00136,0.00739,-0.48874,0.75801,0.3163
-2.0237,-0.45973,9.7038,-0.022406,0.018723,-0.005139,0.51036,0.014027,-0.76806,-0.78999,7.4295,6.3501,0.008499,-0.011762,-0.008772,0.53596,-0.66406,-0.40079,0.30649,-5.1713,8.3821,-0.004603,-0.017771,-0.005615,0.43296,0.40081,-0.71601,-0.96845,9.4504,-2.2819,0.011375,0.007265,-0.007215,-0.3784,-0.85318,0.094503,0.26471,-9.504,-2.5219,-0.00777,0.01021,0.002954,-0.48914,0.75787,0.31629
-2.0683,-0.44449,9.6887,0.021111,0.024634,-0.008758,0.50969,0.014684,-0.76809,-0.81899,7.3663,6.4007,-0.000419,-0.002018,-0.005102,0.53554,-0.66399,-0.39886,0.28704,-5.1833,8.3527,-0.009919,0.002138,-0.008236,0.43198,0.4011,-0.71531,-0.94604,9.4504,-2.2814,-0.004694,0.012558,-0.00365,-0.3781,-0.85397,0.094782,0.27972,-9.4891,-2.5216,-0.010395,0.001067,-0.005249,-0.48848,0.75841,0.3163
-2.0687,-0.51881,9.7479,0.015627,0.021192,-0.001454,0.51051,0.015054,-0.76766,-0.81413,7.3663,6.391,0.012037,-0.013521,-0.005265,0.53514,-0.66379,-0.40136,0.29668,-5.1251,8.3567,-0.010077,0.000497,-0.001166,0.43246,0.40044,-0.71577,-0.91616,9.4506,-2.2808,-0.016975,-0.00241,-0.01258,-0.37933,-0.85498,0.094727,0.29478,-9.4594,-2.4914,0.00859,-0.002528,-0.008945,-0.4893,0.75893,0.31613
-2.0686,-0.50387,9.7181,-0.013205,0.040044,-0.014343,0.51095,0.014323,-0.76966,-0.78968,7.3712,6.3863,0.010389,0.004148,-0.006931,0.53493,-0.66382,-0.40046,0.29185,-5.1664,8.3916,0.007635,0.000803,0.005032,0.43263,0.40134,-0.7149,-0.96087,9.4428,-2.2517,-0.001148,0.010801,-0.003662,-0.37883,-0.85443,0.093696,0.26473,-9.489,-2.5219,-0.00848,0.013516,-0.01059,-0.49002,0.75906,0.31544
-2.0462,-0.5114,9.7033,0.001096,0.012324,-0.001435,0.50971,0.015516,-0.77012,-0.79946,7.3784,6.396,0.008523,0.005108,0.001981,0.53465,-0.66304,-0.40062,0.31136,-5.1567,8.3526,-0.000656,-0.006392,-0.02413,0.43225,0.4007,-0.71503,-0.95374,9.4954,-2.2816,0.000577,0.005515,-0.001925,-0.37882,-0.85419,0.093959,0.29465,-9.5115,-2.5364,-0.002075,-0.0082,-0.021618,-0.48883,0.75789,0.3151
-2.0832,-0.48118,9.6286,-0.009739,0.014118,-0.005112,0.51086,0.015209,-0.76872,-0.80443,7.3664,6.3667,0.019177,-0.009934,0.000921,0.53535,-0.6628,-0.39981,0.29187,-5.1712,8.3868,-0.008134,-0.005131,-0.008247,0.43335,0.40119,-0.71574,-0.93102,9.4355,-2.2811,-0.007279,-0.008575,-0.009096,-0.3783,-0.85379,0.093457,0.27978,-9.4593,-2.5066,-0.002336,-0.006915,-0.002609,-0.48941,0.758,0.31627
-2.0531,-0.45896,9.5693,0.008364,0.014031,-0.001438,0.5098,0.014563,-0.76849,-0.80198,7.4002,6.3912,0.01023,0.002519,0.009069,0.53548,-0.66331,-0.39992,0.29429,-5.1566,8.367,0.003368,-0.002188,-0.003809,0.43308,0.40159,-0.71615,-0.96094,9.4503,-2.2667,-0.00279,0.021362,-0.008882,-0.37939,-0.85378,0.093668,0.26474,-9.4891,-2.5144,-0.009433,0.005482,-0.008833,-0.48918,0.75854,0.31587
-2.083,-0.44414,9.6289,0.026529,0.017359,-0.012371,0.51011,0.014929,-0.76767,-0.79954,7.3737,6.3717,0.012045,-0.006396,0.000111,0.53519,-0.66382,-0.40045,0.29674,-5.1518,8.3523,-0.00714,-0.008872,-0.012665,0.43258,0.40018,-0.71601,-0.94608,9.4654,-2.2664,-0.003105,-0.003283,0.003302,-0.37811,-0.85308,0.095043,0.26475,-9.4891,-2.5069,-0.003359,-0.00223,0.007382,-0.48914,0.7588,0.31654
-2.1054,-0.3851,9.7335,-0.013181,0.061825,0.00654,0.50896,0.012251,-0.76918,-0.79446,7.3614,6.4105,0.013779,-0.004576,0.00722,0.53605,-0.66424,-0.39909,0.29186,-5.1566,8.367,0.004437,-0.008752,-0.011771,0.43294,0.40121,-0.71627,-0.946,9.4429,-2.2814,0.003205,-0.003295,-0.000232,-0.37744,-0.85434,0.094025,0.29469,-9.5042,-2.5065,-0.007664,-0.002568,-0.007999,-0.48914,0.75589,0.31592
-2.0524,-0.39152,9.3758,-0.02502,0.043037,0.009328,0.51027,0.014464,-0.76982,-0.81417,7.376,6.3862,-0.00042,-0.00468,-0.006893,0.53482,-0.66461,-0.40019,0.31136,-5.1762,8.392,-0.006417,0.002221,-0.005575,0.43287,0.40146,-0.71514,-0.9162,9.4655,-2.2658,-0.001353,0.003743,0.005115,-0.37953,-0.85378,0.093662,0.30216,-9.4966,-2.5437,-0.009517,0.006517,-0.001607,-0.48926,0.75827,0.31654
-2.054,-0.53383,9.7703,0.019245,0.013888,-0.010535,0.50982,0.013646,-0.76821,-0.79427,7.3418,6.4445,0.004996,-0.012758,-0.019429,0.53431,-0.66319,-0.39986,0.33085,-5.1446,8.3429,0.005963,0.004282,-0.000248,0.43271,0.40056,-0.71601,-0.95343,9.4354,-2.2816,0.007886,-0.000663,-0.010803,-0.37898,-0.85328,0.09395,0.27977,-9.4592,-2.5216,-0.006004,0.001268,0.003786,-0.4892,0.75854,0.31561
-2.0013,-0.43042,9.7415,-0.002375,0.030066,-0.019747,0.51003,0.013669,-0.76915,-0.77993,7.3712,6.3766,0.02107,-0.002917,-0.005277,0.53427,-0.66253,-0.40039,0.28698,-5.1859,8.4236,0.000832,-0.001489,-0.010882,0.43249,0.40186,-0.71517,-0.96105,9.4654,-2.2817,0.002188,0.014323,0.006955,-0.37837,-0.85347,0.095163,0.26471,-9.504,-2.5219,-0.013138,-0.002486,-0.003449,-0.48842,0.75842,0.31537
-2.0828,-0.42908,9.5693,-0.007051,0.008732,-0.003263,0.50942,0.013387,-0.76809,-0.81929,7.4415,6.3767,0.004959,-0.010039,-0.013182,0.53576,-0.66255,-0.39927,0.31621,-5.1373,8.3474,-0.013516,-0.009681,-0.006485,0.43093,0.40141,-0.716,-0.93117,9.4655,-2.2811,-0.003035,0.012552,0.001647,-0.37893,-0.85434,0.094612,0.31717,-9.4893,-2.521,-0.000562,0.004843,0.002876,-0.48747,0.7579,0.31541
-2.1133,-0.51815,9.6729,0.001126,0.011309,-0.008735,0.51064,0.015186,-0.76779,-0.79418,7.2861,6.4296,0.008431,-0.004593,0.005476,0.53461,-0.66314,-0.40141,0.29187,-5.181,8.3967,0.00249,-0.014024,-0.003838,0.43268,0.40122,-0.71641,-0.93106,9.4504,-2.2661,-0.007183,0.007268,-0.012511,-0.37872,-0.85402,0.093042,0.27973,-9.4892,-2.5067,-0.013141,-0.002492,-0.003456,-0.49137,0.75826,0.31514
-2.0385,-0.44485,9.7187,-0.004267,0.028527,0.000315,0.51009,0.01299,-0.76806,-0.78731,7.3906,6.3815,0.024543,-0.00638,0.00357,0.53515,-0.66263,-0.40099,0.31621,-5.147,8.3672,-0.009839,0.00383,-0.012637,0.43294,0.40134,-0.7164,-0.94595,9.4428,-2.2589,-0.01109,0.003769,0.003347,-0.37863,-0.855,0.094891,0.2647,-9.5039,-2.5369,-0.004134,0.001188,-0.000734,-0.48973,0.75827,0.31559
-2.0533,-0.48859,9.5691,-0.011486,0.019394,-0.013345,0.51138,0.013524,-0.76909,-0.79469,7.3906,6.3718,-0.012931,0.000663,-0.004978,0.53495,-0.66344,-0.40008,0.31141,-5.1907,8.363,0.007711,-0.006546,0.002371,0.43206,0.40033,-0.71616,-0.9686,9.4804,-2.2819,-0.004615,-0.003278,-0.009048,-0.3784,-0.85407,0.09411,0.26472,-9.5116,-2.4921,0.008554,0.010139,-0.003418,-0.48885,0.75919,0.3168
-2.083,-0.45877,9.584,-0.028654,0.035785,-0.002497,0.51022,0.013382,-0.7682,-0.78963,7.3566,6.3911,0.010316,0.002441,0.000172,0.53578,-0.66165,-0.39889,0.2991,-5.1446,8.4158,0.00061,-0.006677,-0.000287,0.43272,0.40056,-0.71563,-0.94611,9.4654,-2.2814,-0.001422,0.005519,0.008657,-0.37705,-0.8533,0.093646,0.29471,-9.4892,-2.5064,-0.013091,-0.00257,-0.007082,-0.48813,0.75763,0.31552
-2.0829,-0.4439,9.5692,-0.015084,0.037561,0.003898,0.5106,0.014428,-0.76859,-0.82867,7.3637,6.4249,-0.00056,-0.018801,-0.003413,0.53543,-0.66264,-0.40059,0.3041,-5.1761,8.343,0.002707,-0.00156,-0.014405,0.43238,0.40031,-0.71488,-0.94602,9.4578,-2.2589,-0.002784,0.00551,-0.010756,-0.37755,-0.85474,0.094415,0.33969,-9.4595,-2.528,-0.02045,0.013819,0.007496,-0.49066,0.75933,0.31408
-2.0463,-0.48935,9.7482,0.004821,0.033822,-0.00152,0.50926,0.013663,-0.76864,-0.81428,7.3955,6.3717,0.012019,-0.002817,0.005466,0.53429,-0.66383,-0.40024,0.30647,-5.1567,8.377,0.006179,0.005832,-0.010852,0.43281,0.40082,-0.71639,-0.9686,9.4804,-2.2819,0.004297,0.009034,-0.008962,-0.37799,-0.85433,0.094131,0.28721,-9.4892,-2.514,-0.007783,0.010221,0.003848,-0.48952,0.75894,0.31492
-2.0685,-0.50364,9.6584,-0.007909,0.024068,0.002146,0.50954,0.013133,-0.76836,-0.82395,7.3736,6.3885,0.018299,-0.001065,0.005419,0.53467,-0.66382,-0.40048,0.30165,-5.1761,8.3552,0.004364,0.007686,-0.009086,0.43186,0.39929,-0.71526,-0.93864,9.4655,-2.2813,-0.011679,0.010799,-0.009837,-0.37869,-0.85508,0.093573,0.29468,-9.4891,-2.5363,-0.000367,5.7e-05,-0.012523,-0.48891,0.75867,0.31601
-2.0532,-0.44432,9.6142,0.012022,0.022993,-0.000557,0.51105,0.013492,-0.76776,-0.80926,7.3857,6.3984,0.013864,-0.001103,0.000125,0.53549,-0.66293,-0.39967,0.29671,-5.1543,8.3866,0.011199,0.002651,0.005042,0.43256,0.4007,-0.71628,-0.93853,9.443,-2.2813,-0.006037,-0.002421,-0.024934,-0.38007,-0.85455,0.09377,0.30968,-9.5043,-2.4913,-0.005976,0.012013,0.003846,-0.48904,0.75841,0.31601
-2.0834,-0.45939,9.7407,0.000329,0.036463,-0.007012,0.51051,0.013238,-0.76778,-0.79216,7.376,6.3814,0.009345,-0.004602,0.002812,0.53601,-0.66266,-0.39964,0.29672,-5.1518,8.3743,-0.007408,-0.006737,-0.000297,0.43282,0.40173,-0.71629,-0.95358,9.4654,-2.2816,-0.004481,0.005513,-0.014285,-0.37814,-0.85406,0.09386,0.28725,-9.4818,-2.4916,-0.004085,0.00469,-0.004339,-0.48932,0.75748,0.31562
-2.0234,-0.42992,9.6593,0.041071,0.028934,-0.012393,0.51011,0.013763,-0.7678,-0.80436,7.3808,6.396,0.015662,-0.00467,-0.003466,0.53624,-0.66265,-0.40015,0.30167,-5.1882,8.3579,0.015206,0.003978,-0.015265,0.43196,0.40111,-0.71569,-0.94619,9.4804,-2.2815,0.004191,0.014308,-0.003631,-0.37817,-0.85352,0.093199,0.28718,-9.5041,-2.5215,0.001375,0.004657,-0.007065,-0.48794,0.75868,0.31644
-2.0849,-0.63834,10.031,-0.068596,0.034519,0.008414,0.51073,0.013521,-0.76872,-0.81414,7.3857,6.4008,0.002059,-0.008934,0.012628,0.53546,-0.66279,-0.40006,0.28458,-5.176,8.3672,0.004378,-0.016844,-0.008258,0.4319,0.40008,-0.71692,-0.95343,9.4354,-2.2816,-0.01524,0.014332,-0.008936,-0.37954,-0.85478,0.093006,0.2947,-9.4742,-2.5438,-0.002254,0.004679,-0.005252,-0.48825,0.75894,0.31589
-2.083,-0.4735,9.5615,-0.036744,0.052049,0.003805,0.51158,0.015309,-0.76789,-0.81411,7.3663,6.3958,0.00858,0.0095,-0.000668,0.53463,-0.66316,-0.40101,0.29184,-5.1518,8.3815,0.010665,-0.013226,-0.010889,0.4318,0.39969,-0.71641,-0.90123,9.4506,-2.288,-0.004459,0.01429,-0.014229,-0.37842,-0.85507,0.093322,0.29473,-9.4743,-2.5139,-0.009586,-0.009598,-0.000807,-0.48829,0.75868,0.31537
-2.0381,-0.39999,9.6146,0.064616,0.024216,-0.016903,0.51041,0.012702,-0.76711,-0.78951,7.3565,6.4203,0.015775,0.015685,0.000199,0.53624,-0.66291,-0.40015,0.31139,-5.1713,8.3528,-0.003056,-0.002928,0.005018,0.43295,0.40211,-0.71604,-0.97592,9.4503,-2.282,0.004008,0.014327,0.005188,-0.37877,-0.85525,0.094754,0.24975,-9.504,-2.4923,0.001289,-0.004224,-0.003489,-0.48908,0.75828,0.31535
-2.0683,-0.41509,9.7486,0.003015,0.039281,0.003927,0.51114,0.013383,-0.76857,-0.79242,7.4078,6.3378,0.006745,0.007792,0.003792,0.53654,-0.66345,-0.39947,0.29183,-5.1567,8.4012,0.002536,0.002257,-0.007335,0.43197,0.40111,-0.71556,-0.9311,9.4505,-2.2811,-0.00302,-0.003294,-0.000232,-0.37771,-0.85408,0.094275,0.28722,-9.4817,-2.5215,0.000229,0.005021,0.011029,-0.48855,0.75947,0.31561
-2.1578,-0.48807,9.6504,0.009339,0.017418,-0.016051,0.51232,0.013317,-0.7665,-0.81401,7.371,6.425,-0.009443,0.004286,0.007457,0.53602,-0.66267,-0.39938,0.30653,-5.1761,8.348,0.000506,0.002562,0.005031,0.43146,0.40204,-0.71561,-0.91623,9.4656,-2.2808,-0.006358,0.00374,-0.009886,-0.37798,-0.85447,0.094263,0.3172,-9.4894,-2.4911,-0.016763,0.002001,-0.001625,-0.48814,0.75855,0.31551
-2.0981,-0.45895,9.6585,0.01936,0.024443,-0.023356,0.51174,0.011788,-0.76745,-0.78939,7.3249,6.4298,0.030754,-0.009906,0.007048,0.53592,-0.66275,-0.40121,0.29187,-5.1712,8.377,0.007806,-0.012111,-0.00206,0.43192,0.40112,-0.71657,-0.94589,9.4353,-2.2514,-0.002997,0.012559,-0.000122,-0.37997,-0.85414,0.093116,0.29468,-9.5041,-2.5139,-0.000595,0.003094,0.004684,-0.48879,0.75868,0.31575
-2.0682,-0.41495,9.7113,-0.011562,0.017803,-0.000563,0.5123,0.011772,-0.76703,-0.80463,7.4295,6.3597,0.019316,-0.001176,-0.008807,0.53577,-0.66235,-0.40149,0.3162,-5.1471,8.3745,-0.006137,6.2e-05,-0.018823,0.4322,0.40162,-0.71607,-0.99094,9.4653,-2.2823,0.007829,0.015202,-0.007156,-0.37882,-0.85495,0.09383,0.29462,-9.519,-2.5513,-0.002238,0.009161,-0.00522,-0.4895,0.75775,0.31508
-2.0755,-0.39992,9.674,-0.006996,0.023115,-0.002405,0.51296,0.012032,-0.76727,-0.80903,7.3419,6.4249,-0.014867,-0.008111,0.003876,0.53553,-0.66314,-0.40122,0.29919,-5.1664,8.3575,-0.014516,-0.009548,-0.001195,0.43362,0.40182,-0.71537,-0.97607,9.4803,-2.2821,0.002869,0.01255,-0.02482,-0.37723,-0.8549,0.095352,0.27973,-9.4892,-2.5067,0.0041,-0.012472,-0.01261,-0.48828,0.75802,0.31538
-2.1282,-0.48867,9.7402,-0.035984,0.029719,0.007554,0.5119,0.013722,-0.76692,-0.81413,7.376,6.3983,0.009352,-0.011742,-0.004343,0.53528,-0.66276,-0.40098,0.30402,-5.147,8.3768,-0.011912,-0.004004,0.001472,0.43273,0.40173,-0.71541,-0.91616,9.4506,-2.2808,0.000704,0.005492,-0.00723,-0.37831,-0.85428,0.092931,0.31722,-9.4745,-2.4911,-0.005925,0.012833,0.000229,-0.4888,0.75907,0.31574
-2.0684,-0.50352,9.6286,-0.007903,0.02314,0.000324,0.51162,0.013338,-0.76706,-0.78954,7.3517,6.4105,0.024682,0.003263,-0.004388,0.53456,-0.66325,-0.40245,0.29675,-5.1761,8.3869,-0.004621,-0.005034,-0.005592,0.43255,0.40081,-0.71413,-0.96085,9.4353,-2.2592,-0.020597,0.004661,-0.009002,-0.37898,-0.85379,0.093688,0.27969,-9.5191,-2.4918,-0.009707,0.004985,0.011058,-0.48824,0.75841,0.3159
-2.0981,-0.44434,9.7108,-0.010632,0.01589,-0.008765,0.51247,0.013828,-0.76623,-0.8093,7.3905,6.3911,-0.008516,-0.002854,-0.001478,0.53638,-0.662,-0.39989,0.30157,-5.1348,8.3618,-0.009856,0.00204,-0.01176,0.43247,0.40161,-0.71567,-0.94592,9.4354,-2.2664,0.004345,0.010782,-0.010723,-0.37768,-0.85449,0.094803,0.27969,-9.504,-2.5217,-0.003454,0.005121,0.01647,-0.48985,0.75827,0.31586
-2.1131,-0.4884,9.6433,-0.016998,0.014211,-0.001477,0.51167,0.013573,-0.76612,-0.82389,7.3614,6.3958,0.012974,-0.006447,-0.004348,0.53661,-0.66302,-0.40064,0.30414,-5.2198,8.3756,-0.001119,-0.003096,-0.002053,0.43157,0.40256,-0.71587,-0.93115,9.458,-2.2886,-0.011815,0.007278,-0.003687,-0.37785,-0.85433,0.094137,0.2947,-9.4892,-2.5139,-0.009698,-0.002225,0.009193,-0.49041,0.75853,0.31557
-2.0826,-0.38469,9.5845,0.033785,0.020921,-0.009641,0.51148,0.013214,-0.7672,-0.79945,7.3808,6.3984,0.006569,-0.004518,0.012617,0.53571,-0.66265,-0.40031,0.29178,-5.1129,8.3735,-0.008154,-0.009653,-0.007367,0.43248,0.40109,-0.71553,-0.93098,9.4354,-2.2661,-0.001195,0.001985,-0.001962,-0.37856,-0.85379,0.093707,0.26475,-9.4891,-2.5069,-0.006006,-0.002332,0.002865,-0.48866,0.75921,0.31588
-2.0831,-0.44425,9.6587,0.015608,0.015791,-0.001434,0.51214,0.01412,-0.76732,-0.80936,7.3858,6.3717,0.010252,-0.006396,0.000126,0.53543,-0.66135,-0.40035,0.29679,-5.1955,8.3775,-0.013521,-0.016023,-0.005626,0.43222,0.40123,-0.71555,-0.94592,9.4354,-2.2664,-0.005322,0.009031,-0.016031,-0.37843,-0.85341,0.093845,0.26473,-9.489,-2.5219,-0.00778,0.003021,0.002001,-0.48937,0.7596,0.31531
-2.0973,-0.44304,9.3826,0.076161,-0.020653,-0.008506,0.5118,0.013575,-0.76625,-0.81402,7.3662,6.4177,-0.00583,-0.013548,-0.010453,0.53487,-0.66314,-0.40139,0.31133,-5.147,8.3769,-0.001096,-0.003143,-0.003811,0.43269,0.40122,-0.71628,-0.96115,9.4804,-2.2893,-0.008087,0.021368,-0.010642,-0.37952,-0.85468,0.093664,0.29467,-9.4966,-2.5363,-0.000666,-0.00219,0.009171,-0.48836,0.75854,0.31616
-2.1723,-0.45788,9.5386,-0.004307,0.001324,-0.01783,0.51128,0.012274,-0.76599,-0.81162,7.3662,6.4056,0.001187,-0.012516,0.007279,0.53593,-0.66418,-0.40131,0.29182,-5.147,8.3937,-0.00091,-0.005185,-0.012652,0.43226,0.40122,-0.71479,-0.91608,9.4356,-2.2808,-0.007262,0.023107,-0.00711,-0.37924,-0.85367,0.094202,0.29473,-9.4743,-2.5139,-0.000575,-0.002339,0.001933,-0.4894,0.758,0.31641
-2.0469,-0.54186,9.912,0.022804,0.018617,0.007696,0.51297,0.012544,-0.76701,-0.80185,7.3808,6.4106,0.012956,0.000688,0.00281,0.53641,-0.6626,-0.40171,0.32112,-5.1665,8.3578,0.000835,0.003965,-0.010858,0.4307,0.40116,-0.71563,-0.95354,9.4579,-2.2816,-0.011655,0.012566,-0.010708,-0.37857,-0.85277,0.093968,0.27977,-9.4743,-2.4917,-0.000388,0.013576,-0.008808,-0.48922,0.75815,0.31535
-2.0755,-0.39998,9.6889,0.013941,0.048128,0.002076,0.51279,0.01289,-0.76526,-0.79199,7.3541,6.4105,0.020218,0.019277,0.007294,0.53555,-0.66276,-0.40084,0.29189,-5.1907,8.4018,-0.013619,-0.00411,-0.002071,0.43199,0.40097,-0.71505,-0.97607,9.4803,-2.2821,-0.010224,0.014346,0.005193,-0.37827,-0.85495,0.093592,0.23475,-9.5038,-2.5224,-0.00228,-0.000682,-0.005259,-0.48929,0.75774,0.31602
-2.1425,-0.42869,9.5912,-0.004344,0.022405,0.016741,0.51248,0.012655,-0.76608,-0.82174,7.4295,6.3669,0.017392,-0.006389,0.001849,0.53608,-0.66277,-0.40068,0.30647,-5.1494,8.3622,-0.008067,-0.012477,-0.010905,0.43187,0.40098,-0.71506,-0.91621,9.4506,-2.3033,-0.004694,-0.012985,-0.005595,-0.3785,-0.85398,0.095158,0.30968,-9.4893,-2.5211,-0.020288,-0.004429,-0.008892,-0.48909,0.75881,0.31534
-2.1129,-0.45871,9.6286,-0.020609,0.005084,-0.016034,0.51224,0.013097,-0.76798,-0.82368,7.3273,6.4248,0.004902,0.001579,0.00376,0.53662,-0.66199,-0.40027,0.27727,-5.1857,8.3819,0.000738,-0.0068,-0.005596,0.43228,0.40147,-0.71442,-0.93104,9.4504,-2.2586,-0.002769,-0.008582,-0.012621,-0.37941,-0.85339,0.093535,0.30973,-9.4594,-2.521,-0.005829,0.010001,-0.007024,-0.48779,0.75908,0.31671
-2.0685,-0.489,9.7033,-0.006044,0.030249,-0.005172,0.51087,0.012152,-0.76614,-0.7945,7.3711,6.4057,0.038888,-0.001089,0.005255,0.53508,-0.66228,-0.39983,0.31134,-5.1421,8.3548,0.002442,-0.004884,-0.002043,0.43298,0.40146,-0.71552,-0.97588,9.4503,-2.267,-0.000913,0.023125,-0.013281,-0.37661,-0.85498,0.093802,0.25719,-9.5189,-2.5221,0.00116,0.006789,0.009244,-0.48848,0.75814,0.3163
-2.0534,-0.48147,9.6438,-0.020771,-0.010774,0.004103,0.50973,0.013236,-0.76741,-0.81197,7.4222,6.3572,0.013865,0.00069,0.001916,0.53455,-0.66383,-0.40035,0.30412,-5.1955,8.3532,-0.010074,-0.004941,-0.000298,0.43194,0.40176,-0.71621,-0.96092,9.4354,-2.2892,0.006219,0.017826,-0.014204,-0.37966,-0.85544,0.093265,0.26476,-9.4816,-2.5069,0.001455,0.009033,-0.012454,-0.48823,0.75762,0.31592
-2.1352,-0.45847,9.6135,-0.024267,0.008872,-0.001467,0.5108,0.013355,-0.76736,-0.78954,7.3444,6.4056,0.015674,-0.004679,-0.004357,0.53561,-0.66202,-0.39968,0.29184,-5.1664,8.4111,-0.002783,0.003984,-0.009105,0.43206,0.40267,-0.71623,-0.93121,9.4656,-2.2961,0.002667,0.023097,-0.014163,-0.37893,-0.85497,0.094351,0.27972,-9.5042,-2.4918,-0.002203,0.009984,-0.008826,-0.48947,0.75854,0.3156
-2.1132,-0.47382,9.7031,0.008344,0.011339,-0.003251,0.51098,0.014367,-0.76642,-0.83366,7.4001,6.4275,0.015727,0.014823,0.00375,0.53423,-0.6625,-0.40118,0.30166,-5.1639,8.3183,-0.009821,0.002023,-0.012645,0.43322,0.40106,-0.71587,-0.93102,9.4429,-2.2661,-0.013586,0.012562,-0.003652,-0.37747,-0.85265,0.093756,0.30976,-9.4595,-2.4912,-0.009571,0.009273,0.002026,-0.4892,0.75814,0.31561
-2.0684,-0.45948,9.7333,-0.007941,0.017782,-0.000558,0.51082,0.013607,-0.7671,-0.81425,7.3834,6.3716,0.006765,0.002414,-0.003357,0.53609,-0.66342,-0.40053,0.30649,-5.1762,8.3871,-0.002747,-0.016029,-0.009142,0.43103,0.40219,-0.71652,-0.94596,9.4354,-2.2814,-0.000534,-0.010327,0.007658,-0.37841,-0.85419,0.093979,0.24977,-9.489,-2.5072,0.001153,-0.002209,0.007378,-0.48863,0.75722,0.31592
-2.0909,-0.51092,9.6732,-0.018886,0.005367,0.005857,0.51199,0.014648,-0.7676,-0.79443,7.3637,6.4203,0.008453,-0.0064,0.000141,0.53536,-0.66436,-0.39978,0.29435,-5.176,8.3478,-0.018167,-0.014009,0.003206,0.43354,0.40015,-0.71709,-0.946,9.4429,-2.2814,0.004382,0.00814,-0.012506,-0.37922,-0.85445,0.094204,0.28717,-9.4965,-2.5514,-0.007595,0.004552,-0.010663,-0.48986,0.75774,0.3156
-2.0682,-0.47377,9.599,0.013796,0.008526,-0.008704,0.51132,0.014139,-0.76775,-0.80441,7.3809,6.3838,0.026416,-0.013589,-0.011605,0.53464,-0.66303,-0.40088,0.29186,-5.1566,8.3645,0.000776,0.004044,-0.008216,0.43309,0.4012,-0.71588,-0.9311,9.4505,-2.2811,-0.01518,0.007277,-0.012512,-0.37913,-0.85339,0.093416,0.2947,-9.4817,-2.5288,-0.003998,0.009976,-0.00883,-0.48889,0.75907,0.31627
-2.0757,-0.45913,9.6587,-0.004351,0.00876,-0.001431,0.51159,0.014782,-0.76761,-0.79462,7.3857,6.3863,0.004785,-0.012527,0.005476,0.53562,-0.66448,-0.39989,0.29185,-5.1567,8.3816,-0.006337,-0.002409,-0.009121,0.43216,0.40046,-0.71679,-0.96107,9.4654,-2.2892,-0.013544,0.014336,-0.0054,-0.37788,-0.8543,0.093346,0.29467,-9.5116,-2.514,-0.014302,-0.000302,0.016454,-0.48911,0.75919,0.31693
-2.0382,-0.45167,9.5695,0.030091,0.005701,-0.010491,0.51107,0.014781,-0.76736,-0.80921,7.3759,6.4032,-0.000485,0.00428,0.007384,0.53526,-0.66321,-0.39902,0.30654,-5.1907,8.3629,-0.001007,-0.00505,-0.007352,0.43411,0.40077,-0.71569,-0.93119,9.4655,-2.2886,-0.007226,0.014311,-0.009813,-0.37957,-0.85298,0.093,0.29467,-9.5041,-2.5214,-0.002286,-0.004285,-0.00531,-0.48922,0.75867,0.31534
-2.1285,-0.45977,9.9269,-0.068465,0.059598,0.009215,0.51093,0.014133,-0.76737,-0.81414,7.376,6.3959,0.015673,-0.001122,-0.001671,0.53585,-0.66434,-0.4004,0.29671,-5.1421,8.357,-0.011636,0.001118,-0.011766,0.43415,0.40167,-0.71496,-0.95343,9.4354,-2.2816,0.004078,0.008152,0.001611,-0.37938,-0.85404,0.093801,0.29466,-9.5041,-2.5364,-0.002153,0.006324,-0.012476,-0.49028,0.75893,0.31556
-2.0675,-0.42849,9.3903,-0.051314,0.039679,0.012952,0.51056,0.014186,-0.76927,-0.8239,7.3808,6.4056,-0.002051,0.007612,-0.015706,0.53537,-0.66255,-0.39929,0.27728,-5.1857,8.377,0.002638,0.003971,-0.011754,0.43184,0.39994,-0.71553,-0.91619,9.4581,-2.2808,0.000756,0.014294,-0.008931,-0.37981,-0.85428,0.093518,0.32466,-9.4893,-2.5209,-0.010492,-0.012298,-0.000835,-0.48919,0.75762,0.31562
-2.0462,-0.50402,9.7108,0.047207,-0.015093,-0.01767,0.51112,0.01404,-0.76884,-0.80414,7.3564,6.4347,0.013913,-0.004723,-0.008789,0.53439,-0.66304,-0.40064,0.32112,-5.1518,8.3282,0.01416,-0.005832,-0.007328,0.43211,0.40071,-0.71529,-0.95345,9.4354,-2.2891,0.003384,0.009027,-0.007207,-0.37974,-0.85561,0.094577,0.26473,-9.489,-2.5219,-0.006706,0.01537,-0.007869,-0.48844,0.75895,0.31509
-2.0238,-0.44532,9.8084,0.007404,0.007812,-0.003222,0.5112,0.013874,-0.76749,-0.78995,7.4005,6.3378,0.026441,0.01489,0.009891,0.53557,-0.66303,-0.40057,0.29187,-5.1907,8.4165,-0.006383,0.002179,-0.007349,0.43335,0.40236,-0.71578,-0.95351,9.4504,-2.2816,0.004105,0.015194,0.000781,-0.37882,-0.85368,0.094221,0.25724,-9.489,-2.522,-0.003157,-0.000729,-0.007077,-0.48806,0.75854,0.31658
-2.0982,-0.48855,9.6509,-0.009657,0.035712,0.001178,0.51098,0.013139,-0.76911,-0.824,7.4171,6.4057,-0.007648,-0.005511,-0.001498,0.53638,-0.66278,-0.40001,0.30651,-5.1566,8.3281,0.010331,-0.004629,0.00503,0.43262,0.40121,-0.71528,-0.90878,9.4656,-2.2882,0.004401,0.010762,-0.013367,-0.37884,-0.85316,0.093956,0.30973,-9.4594,-2.521,-0.002359,0.012027,0.003835,-0.48923,0.758,0.31695
-2.0686,-0.51122,9.7032,0.005626,0.022309,0.011294,0.51097,0.015088,-0.76912,-0.79907,7.2933,6.4345,0.006675,0.00071,0.005519,0.53579,-0.66224,-0.4011,0.28211,-5.1663,8.3914,-0.006426,0.00769,-0.005571,0.4321,0.40071,-0.71554,-0.93088,9.4278,-2.2361,0.000708,0.023106,-0.006226,-0.37852,-0.85434,0.094632,0.2947,-9.4892,-2.5214,-0.007729,-0.013268,-0.005358,-0.48906,0.75854,0.31574
-2.0238,-0.48942,9.7186,-0.002496,0.017714,-0.003284,0.51088,0.014158,-0.76831,-0.81434,7.4101,6.3669,0.021084,0.004181,-0.001683,0.53584,-0.66407,-0.40054,0.29188,-5.1663,8.3573,-0.003537,-0.005248,-0.014423,0.43245,0.40135,-0.71605,-0.96094,9.4429,-2.2817,-0.00104,0.001994,-0.009019,-0.37934,-0.85383,0.094987,0.26471,-9.4965,-2.5368,-0.003204,0.00655,-0.001605,-0.48791,0.75909,0.3151
-2.0531,-0.45896,9.5693,0.00665,0.031946,-0.003342,0.51114,0.014162,-0.76857,-0.83143,7.4003,6.3716,0.010158,-0.00809,0.009008,0.53489,-0.66431,-0.40137,0.29917,-5.1567,8.3622,-0.009672,-0.00635,-0.019728,0.43256,0.40161,-0.7163,-0.96086,9.4353,-2.2667,0.009507,0.010787,-0.002781,-0.37981,-0.85441,0.093519,0.27968,-9.504,-2.5366,0.010366,0.000248,-0.005305,-0.4885,0.75854,0.31603
-2.1054,-0.45865,9.5988,-0.017011,0.015169,0.00399,0.51115,0.015065,-0.76831,-0.80921,7.3566,6.391,0.01035,0.005072,-0.001596,0.53511,-0.66294,-0.39943,0.3162,-5.1617,8.4016,-0.003022,0.002453,0.00238,0.43272,0.40199,-0.71567,-0.91619,9.4506,-2.2958,0.004154,0.008131,-0.001917,-0.37826,-0.85357,0.094511,0.30224,-9.4819,-2.4764,-0.005778,0.006305,-0.012471,-0.48877,0.75841,0.31602
-2.0831,-0.47365,9.5988,-0.002456,0.026701,0.002138,0.51058,0.015215,-0.76887,-0.80424,7.3807,6.4251,0.022798,-0.011786,-0.007118,0.53637,-0.66368,-0.40038,0.29677,-5.1761,8.3576,0.015012,-0.004865,-0.005569,0.43271,0.4003,-0.71588,-0.94608,9.4579,-2.2814,0.009621,0.000213,-0.009028,-0.37867,-0.85483,0.093968,0.26476,-9.4741,-2.5218,0.001286,0.008395,0.000205,-0.48883,0.75949,0.3136
-2.0538,-0.48201,9.7781,-0.015204,0.008778,-0.008734,0.50981,0.015596,-0.76823,-0.80443,7.3833,6.379,-0.007479,-0.001209,-0.015705,0.53537,-0.66449,-0.39964,0.29181,-5.1324,8.3714,0.003298,0.004248,-0.001145,0.43345,0.40184,-0.71626,-0.96094,9.4429,-2.2817,-0.011016,-0.001509,-0.00022,-0.37877,-0.85461,0.095015,0.28719,-9.4891,-2.5364,-0.011246,0.004593,-0.00794,-0.48969,0.75841,0.31439
-2.0536,-0.53327,9.6285,-0.003558,-0.014556,-0.001331,0.51085,0.014436,-0.76899,-0.81408,7.3614,6.4007,0.012191,0.000563,-0.011416,0.53579,-0.66236,-0.40122,0.28705,-5.1955,8.3676,-0.006618,-0.006589,0.004997,0.43221,0.40214,-0.7157,-0.97599,9.4653,-2.282,-0.003092,0.012575,0.004296,-0.37852,-0.85497,0.094238,0.28722,-9.4892,-2.5066,0.00048,0.004634,-0.007968,-0.48858,0.75868,0.31496
-2.1129,-0.45865,9.6136,0.019446,0.051503,-0.008884,0.51025,0.015381,-0.7701,-0.80435,7.3929,6.4057,0.015647,-0.012671,-0.008841,0.53455,-0.66396,-0.40035,0.29182,-5.1372,8.3666,0.007749,-0.001149,-0.000268,0.43323,0.40171,-0.71551,-0.90861,9.443,-2.2657,-0.009804,0.01078,-0.014254,-0.37855,-0.85356,0.094234,0.30969,-9.4893,-2.5062,0.003984,0.001203,-0.000774,-0.49046,0.75867,0.3149
-2.1283,-0.47406,9.7925,0.004943,0.062566,0.003823,0.51061,0.014944,-0.76846,-0.80932,7.3567,6.3618,0.021004,-0.00641,3.3e-05,0.53495,-0.66344,-0.39995,0.29184,-5.1567,8.3865,0.00324,-0.006579,0.002363,0.43352,0.40182,-0.71487,-0.93098,9.4354,-2.2661,-0.002923,0.009028,-0.003678,-0.37728,-0.85474,0.094428,0.27975,-9.4892,-2.4843,-0.002339,0.002083,-0.000739,-0.49002,0.7584,0.31532
