6.5599,-0.21215,3.2035,-0.19007,0.22324,-0.089312,-0.60971,0.17244,-0.64369,8.7616,2.3746,0.26644,-0.69846,0.65487,-1.9603,-0.43174,0.049493,-0.99924,6.9938,-4.0165,2.1311,-0.10635,-0.60572,-0.87583,-0.58437,0.90212,0.30598,-5.9286,-4.7827,-0.122,-2.0446,0.30538,0.63375,0.33757,-0.70857,0.40218,-9.3475,-1.9767,-1.027,-0.25472,-0.20187,1.7144,1.05,0.4104,-0.2215
7.0279,0.12002,4.4178,-0.047052,-0.17081,-0.16026,-0.60907,0.17308,-0.64407,8.279,1.8672,0.42884,-0.6864,0.55196,-1.6801,-0.42218,0.079537,-0.92593,7.5856,-2.6039,2.2037,-0.087471,-0.58017,-1.1908,-0.59481,0.86075,0.33326,-5.4844,-6.8809,-0.080787,-0.16019,-0.38622,-0.37554,0.33428,-0.72826,0.36387,-8.7036,-2.2193,-0.88232,-0.10493,0.11848,1.3215,1.074,0.36672,-0.21186
7.9527,0.02561,3.9392,0.12028,-0.093644,0.000207,-0.61944,0.17627,-0.63508,8.2988,1.3203,0.72049,0.028303,0.57653,-1.5855,-0.41795,0.076243,-0.86192,8.0267,-2.7304,2.4326,-0.52398,-0.4676,-1.4002,-0.60073,0.80159,0.36422,-5.8342,3.1794,0.47142,1.6834,-0.6575,-0.27637,0.36723,-0.71231,0.37986,-10,-2.4365,-1.099,0.32352,0.25311,1.2351,1.0903,0.32296,-0.20168
8.2595,0.45165,4.2278,0.13075,-0.15621,0.006021,-0.62384,0.17889,-0.63076,7.8397,1.3771,1.0144,1.0591,0.65565,-1.2628,-0.41419,-0.005213,-0.80627,7.8687,-3.3965,3.2828,-0.87528,-0.55885,-1.3656,-0.59767,0.72043,0.40023,-11.247,14.222,-9.2523,0.88001,0.59253,0.067798,0.37829,-0.7051,0.40004,-9.0514,-4.1825,-0.78891,0.10025,0.47578,1.1789,1.1127,0.26962,-0.16766
9.4816,0.58886,4.514,-0.026816,0.028771,-0.013088,-0.63089,0.18242,-0.62629,7.7105,2.6678,0.80566,1.4185,0.43846,-0.79195,-0.40395,-0.083686,-0.78244,9.516,-3.5848,3.443,-0.044846,-0.32374,-0.99457,-0.58376,0.65961,0.4065,-8.615,5.9159,-7.4048,-0.10092,0.20701,0.25041,0.36091,-0.71391,0.39796,-8.5434,-4.4278,-1.7894,0.022066,0.31769,0.87122,1.1217,0.22682,-0.14078
11.192,0.17312,5.0167,-0.035668,0.25771,-0.030319,-0.63105,0.18231,-0.63199,7.8968,3.3488,1.3494,0.82021,0.23632,-0.1424,-0.3927,-0.12463,-0.78121,9.8334,-2.5984,3.5089,-0.16659,-0.20655,-0.78056,-0.56499,0.62213,0.40018,-9.4457,0.099757,-1.781,-0.12724,0.44755,-0.32589,0.35512,-0.7179,0.39822,-10.305,-4.5053,-2.9324,-0.09072,0.29129,0.27243,1.1161,0.20761,-0.12287
13.998,-1.194,4.104,-0.30218,0.79604,0.047445,-0.62437,0.18892,-0.64292,12.433,3.918,1.3361,0.44867,-0.16612,0.95666,-0.40016,-0.17739,-0.7836,13.255,-3.2641,3.6139,-0.8367,-0.29835,-0.47326,-0.54273,0.5862,0.4068,-13.584,7.4747,-4.7005,-1.6594,-0.70605,-0.41548,0.36062,-0.72452,0.37,-12.377,-8.6655,-0.24465,-0.62738,0.009164,-0.74183,1.1029,0.21997,-0.099779
12.101,-0.90853,3.2111,-0.24895,0.59686,0.11472,-0.60478,0.19211,-0.66498,12.497,3.5454,2.6615,0.18921,-0.45392,1.9958,-0.41916,-0.20474,-0.79505,13.718,-2.9446,2.9431,-1.3606,0.50558,-0.12937,-0.52995,0.56957,0.43813,-6.7279,-9.9221,-2.0981,-0.63382,0.25785,-1.1236,0.36523,-0.73057,0.32335,-11.067,-2.2955,2.7153,-0.45942,-0.76597,-2.4559,1.0713,0.29276,-0.10315
8.4809,-2.4483,2.8007,0.085552,0.20573,0.28515,-0.59025,0.19306,-0.67768,8.6861,3.1881,3.4239,-0.00919,-0.76501,2.2877,-0.45343,-0.24138,-0.81269,9.2996,-3.9677,3.6371,-0.23874,0.27163,1.0156,-0.51371,0.59293,0.47436,-11.954,-4.7674,-2.3362,0.11058,-0.1943,-1.9355,0.41265,-0.70685,0.31281,-15.633,2.059,-1.7871,-0.90054,-1.0613,-3.222,1.0114,0.41968,-0.1183
8.7496,-1.7805,3.844,0.4923,-0.18691,0.40423,-0.58855,0.1898,-0.68064,10.449,2.6722,3.2914,-0.77125,-0.60043,2.1555,-0.49077,-0.22321,-0.83959,10.138,-3.7769,3.2309,1.2342,0.34463,1.6456,-0.4901,0.66861,0.49382,-10.671,-1.2398,-1.8116,0.2312,-0.41469,-1.3363,0.46487,-0.6651,0.3264,-15.513,2.2074,-1.6577,-2.4866,-0.28117,-2.5563,0.94982,0.52865,-0.10567
9.9074,0.35189,3.6354,0.73118,0.002943,0.21422,-0.58662,0.17896,-0.68208,10.789,0.27293,1.6471,-0.29014,-0.2292,1.3965,-0.50726,-0.1847,-0.87909,11.667,-2.4325,2.1012,1.5204,0.54828,1.601,-0.4765,0.76105,0.49726,-9.422,-1.3587,-4.4947,0.87242,-0.39511,-1.3486,0.51036,-0.61508,0.35532,-12.936,-2.9786,-0.22383,-1.3875,0.10311,-2.8576,0.88683,0.62269,-0.071949
8.7989,0.65054,3.4201,0.46904,-0.22301,-0.1902,-0.58883,0.15911,-0.68454,10.063,0.69087,1.472,1.0014,-0.27432,1.0841,-0.51891,-0.2278,-0.90733,10.079,-1.866,2.0478,0.43534,0.90278,1.2875,-0.49119,0.86498,0.49321,-8.2913,-0.40988,-4.3605,0.99842,-0.23041,-1.5008,0.56015,-0.55094,0.38442,-11.413,-1.0644,-0.70088,1.2716,0.18114,-2.3091,0.81744,0.68878,-0.093596
6.9239,-0.31251,3.4891,0.22159,-0.29726,-0.20594,-0.59791,0.14276,-0.6816,7.8887,2.0141,2.1038,1.4264,-0.46337,1.2145,-0.5405,-0.30558,-0.9162,7.8256,-1.9378,2.3644,0.5466,0.70952,1.4826,-0.51343,0.96294,0.48759,-9.1101,0.079655,-2.0368,1.1121,-0.29599,-1.3749,0.60979,-0.48055,0.41245,-9.4188,0.86677,-2.3726,2.1107,0.59023,-1.8897,0.75769,0.72521,-0.14647
5.9672,-0.94914,3.4479,0.10872,-0.1737,-0.11645,-0.60494,0.13173,-0.67755,7.4185,3.7482,1.9679,1.2146,-0.099701,1.1312,-0.5647,-0.40224,-0.91009,8.1268,-4.1094,2.1354,1.9103,0.58206,2.1638,-0.50673,1.1054,0.41268,-9.2959,1.0788,-2.6418,0.93072,-0.80174,-1.2591,0.65143,-0.41221,0.42691,-7.7383,2.6827,-2.7053,1.8074,0.23794,-1.4218,0.70693,0.73559,-0.18099
6.6655,-1.1201,4.0414,0.16245,-0.15562,0.040498,-0.61125,0.13005,-0.67434,7.3948,3.1384,1.739,0.85903,0.11738,1.6527,-0.60082,-0.46071,-0.88941,9.0045,-0.9695,0.78861,2.3496,0.84325,1.821,-0.48409,1.2262,0.25464,-7.9342,0.55983,-2.7714,0.15734,-0.29967,-1.2082,0.69007,-0.36184,0.4247,-6.1539,4.6749,-2.083,1.0741,0.14009,-0.61284,0.67144,0.74077,-0.22589
7.2774,-0.72647,4.4216,0.23382,-0.32022,0.083347,-0.61405,0.13104,-0.6673,8.2103,4.1054,1.3061,1.0768,-0.12046,1.5308,-0.65872,-0.50117,-0.84969,8.4799,-0.82964,1.3992,0.98696,0.84544,1.7451,-0.44477,1.2901,0.11844,-9.1703,0.050548,-2.308,0.32123,-0.47528,-1.1565,0.72744,-0.31177,0.42101,-4.2575,4.916,-0.93737,-0.78961,-0.22259,0.42863,0.66716,0.75084,-0.24524
7.5645,-0.42831,3.3738,0.077611,-0.49249,-4.2e-05,-0.62997,0.13045,-0.65319,8.7561,2.9901,1.805,0.60491,-0.13219,1.6413,-0.72434,-0.50672,-0.81386,7.3872,-1.7742,1.8147,-0.067878,0.7261,1.4341,-0.36686,1.3253,0.011501,-9.5035,0.95632,-2.2332,-0.11098,-0.28793,-1.1444,0.7574,-0.2703,0.40948,-6.2339,-7.4181,6.5106,0.82432,-0.039141,0.86153,0.68683,0.75394,-0.23686
8.6661,-0.56423,3.6648,0.030387,-0.25523,-0.14328,-0.63897,0.13233,-0.64335,9.1072,3.8669,1.4564,0.32795,-0.18481,1.117,-0.79053,-0.49486,-0.77825,7.4275,-2.7122,2.1274,-0.18794,0.55771,1.0503,-0.28778,1.3257,-0.049392,-8.7633,1.6993,-3.472,-0.18121,-0.11925,-1.1626,0.78214,-0.23136,0.3994,-10.753,-15.186,-6.9128,0.80115,1.4767,-0.054119,0.72021,0.73841,-0.24282
9.6759,-1.0416,4.3035,0.10679,0.10473,-0.020574,-0.64134,0.13707,-0.63791,9.3845,3.4715,1.986,-0.49296,-0.3646,1.5674,-0.8584,-0.445,-0.75524,7.9369,-2.6851,1.8633,0.10337,0.41517,0.44637,-0.21286,1.3025,-0.14403,-8.6706,0.81003,-4.1294,0.13175,-0.077301,-0.85366,0.79942,-0.20009,0.39041,-7.8191,-8.438,-5.1867,-1.3824,0.43432,-0.6253,0.72745,0.74567,-0.17036
11.95,-0.46911,4.787,-0.18685,0.33805,0.06493,-0.63591,0.14333,-0.64013,10.416,3.3534,2.3077,-0.10821,-0.22237,0.78715,-0.90849,-0.40802,-0.74323,8.6326,-2.2795,2.4388,0.060756,0.10983,-0.14758,-0.18204,1.2577,-0.17862,-10.116,0.03315,-4.4352,0.80539,-0.005922,-0.41381,0.81755,-0.17447,0.39365,-9.5194,0.65507,2.7718,-0.25322,1.0199,0.20033,0.70902,0.76562,-0.083418
12.754,0.37222,3.9555,0.26145,0.64971,0.006813,-0.62461,0.14358,-0.64393,15.491,4.6096,1.6058,-0.18945,-0.10622,0.35465,-0.93946,-0.39447,-0.74093,13.669,-2.468,2.6602,-0.002385,-0.42537,-0.76558,-0.19308,1.2138,-0.16029,-13.588,7.3059,-3.7701,0.67838,0.1787,0.27736,0.8291,-0.15448,0.40386,-16.729,-14.424,1.0557,3.2726,-0.63155,0.33551,0.72086,0.73345,-0.12249
11.815,0.48361,3.9193,0.40124,0.20363,0.054429,-0.6111,0.13571,-0.65621,12.65,3.1108,1.3118,0.14475,0.15695,-0.54994,-0.93109,-0.39746,-0.76495,11.591,-1.2051,2.8659,-0.85248,-0.43179,-1.1203,-0.25005,1.1789,-0.12367,-10.434,5.7118,0.25622,-0.46948,0.20802,2.0561,0.81852,-0.2086,0.41152,-7.6257,16.12,-2.6672,1.4818,1.1596,-0.10755,0.70326,0.71053,-0.22172
8.2306,1.2302,2.2408,0.009668,-0.037896,-0.091399,-0.60899,0.12459,-0.65672,10.11,2.6916,1.8217,0.032532,0.14317,-1.4574,-0.89005,-0.43558,-0.8021,9.3644,-2.1696,3.9686,-0.77487,-0.48236,-0.94796,-0.31328,1.1495,-0.04735,-13.43,-4.0657,-2.9743,0.05736,0.20739,3.1377,0.78309,-0.32769,0.40381,-10.733,4.2247,-3.932,-1.5835,0.2334,1.8738,0.76076,0.67704,-0.19948
9.195,0.58291,2.8631,-1.0205,0.01801,-0.16499,-0.60645,0.13234,-0.65601,10.108,3.8186,1.404,-1.4343,0.15072,-2.0392,-0.82591,-0.44946,-0.87157,9.9113,-2.7354,3.8792,0.50551,-0.63476,-0.81246,-0.38254,1.113,-0.017148,-17.171,-4.5722,-3.7541,2.3227,1.4349,2.8023,0.70738,-0.4199,0.4505,-11.981,-4.2467,-2.0113,-1.2471,0.069351,1.6204,0.8453,0.62233,-0.176
10.2,-1.145,3.1803,-0.60652,-0.17244,-0.20094,-0.60634,0.14671,-0.65332,10.841,2.9976,1.689,-1.8709,0.25,-2.0741,-0.74479,-0.41036,-0.96728,10.284,-0.48286,1.9143,-0.023789,-0.44994,-0.64099,-0.43072,1.0848,-0.004008,-12.581,1.5541,-1.0428,0.87606,1.5392,2.3418,0.6127,-0.449,0.52996,-9.4164,-1.6547,-3.3056,-0.956,-0.14559,1.1666,0.89246,0.5998,-0.17906
9.6771,-1.4514,3.055,-0.30732,-0.3474,-0.037511,-0.61943,0.15686,-0.64051,10.181,2.3203,1.4073,-2.3244,0.23232,-2.1241,-0.65437,-0.32891,-1.0498,9.3274,-1.1443,2.4687,-1.3032,-0.58813,-0.58656,-0.46727,1.0628,0.070223,-10.615,-0.70589,-2.1187,-1.9126,0.68524,2.3474,0.52506,-0.52463,0.53695,-8.5406,-2.1228,-3.0455,-1.2617,-0.098991,1.7624,0.93478,0.58072,-0.16695
7.2833,-0.23178,2.9552,-0.097466,0.001939,0.030382,-0.61802,0.15968,-0.63637,9.0331,0.25264,1.8719,-1.2195,0.62578,-1.9848,-0.55552,-0.19692,-1.1004,8.2535,-1.6006,2.6462,-1.3999,-0.29432,-1.0951,-0.50993,1.033,0.15928,-9.2119,-3.5111,-2.455,-2.5628,0.95318,1.3179,0.44063,-0.60227,0.50163,-9.6622,-1.5687,-1.9276,-1.017,-0.35563,1.8646,0.98254,0.53603,-0.16384
6.0035,0.25231,3.0233,0.083585,0.018946,0.077872,-0.61525,0.16003,-0.6364,8.9067,2.0033,0.8294,-0.048102,0.70064,-2.3825,-0.47561,-0.12724,-1.1031,6.5857,-4.0214,3.3598,-0.57671,-0.67042,-1.0833,-0.54546,0.98906,0.24152,-6.6133,-4.2264,-1.0892,-2.7304,0.4,0.87093,0.38348,-0.66518,0.44215,-8.7409,-1.9866,-1.1363,-0.56018,-0.40868,1.5679,1.0197,0.4904,-0.17006
6.7769,0.16993,3.5508,-0.033815,0.22075,-0.001486,-0.61242,0.16132,-0.63285,8.3855,2.4775,0.55135,-0.24183,0.74212,-2.1086,-0.40604,-0.048454,-1.0861,7.4487,-4.1393,3.0644,-0.064983,-0.69064,-1.3157,-0.57427,0.93816,0.28824,-6.2805,-5.0797,-1.1791,-2.0149,0.38623,0.2742,0.34144,-0.7163,0.37376,-8.7568,-2.2459,-1.7348,-0.22615,-0.092233,1.5104,1.0475,0.43931,-0.18416
7.3431,0.42984,4.1088,-0.062888,-0.34296,-0.033665,-0.61712,0.16287,-0.62668,8.9159,1.6489,0.43417,-0.27801,0.79533,-2.0013,-0.37322,-0.006033,-1.0465,7.9373,-3.0256,2.1528,0.61495,-0.85402,-1.3106,-0.58853,0.88477,0.29672,-5.828,-7.3354,-1.1225,0.001931,-0.63636,-0.47447,0.34961,-0.73066,0.34141,-9.1969,-1.5821,-0.85158,-0.34316,0.14237,1.3876,1.0706,0.39054,-0.17054
8.192,0.28967,4.1144,0.13626,-0.29474,0.04491,-0.62333,0.16886,-0.61888,8.0103,1.7869,0.49243,0.46257,0.72097,-1.7821,-0.35544,-0.019241,-1.0049,8.4315,-3.1655,2.8913,0.36739,-0.70734,-1.3493,-0.59433,0.82525,0.29748,-6.3522,2.6784,1.4369,1.9498,-0.39178,-0.3716,0.3904,-0.71013,0.37096,-9.918,-2.6607,-1.1879,-0.044681,0.2085,1.2249,1.0928,0.34839,-0.1443
8.6704,0.61175,4.1201,-0.061259,-0.13561,0.033983,-0.63116,0.17348,-0.61166,7.4378,2.0911,0.76247,1.1198,0.63166,-1.3701,-0.3424,-0.059882,-0.97734,9.2243,-2.4854,3.2044,-0.8065,-0.54367,-1.3792,-0.59964,0.75099,0.31298,-11.29,16.118,-10.771,2.1234,0.84443,0.062019,0.4045,-0.68462,0.42271,-9.3451,-5.1372,-0.79644,0.25009,0.39584,1.2261,1.1085,0.30208,-0.12353
9.3264,0.70988,4.2003,-0.27432,0.059394,-0.12758,-0.63349,0.1798,-0.60808,6.9449,3.2118,0.64792,0.89026,0.23961,-0.75671,-0.34068,-0.11894,-0.95818,9.7099,-2.9739,3.4109,-0.94566,-0.2007,-1.1471,-0.59843,0.68452,0.33182,-7.151,5.9659,-7.2254,0.66932,0.3868,0.4917,0.38633,-0.67983,0.46018,-9.6118,-3.1852,-1.1393,0.67346,0.38882,1.0198,1.1216,0.25108,-0.10145
10.561,0.48983,4.8871,-0.30632,0.29344,-0.2443,-0.63821,0.18564,-0.60976,7.0406,3.276,1.3875,0.25645,0.090573,-0.090669,-0.35339,-0.16004,-0.94836,9.2899,-4.0943,3.847,-0.70478,-0.16911,-0.4661,-0.58954,0.63276,0.33248,-6.3113,-0.61003,-1.2296,-0.72209,0.72314,-0.41776,0.39207,-0.67404,0.47287,-9.3496,-2.3217,-2.7759,-0.28844,0.16301,0.44792,1.1255,0.21518,-0.087638
13.616,-1.9302,3.7307,-0.46595,0.86662,-0.11185,-0.63267,0.19134,-0.61979,10.291,3.7128,1.2248,-0.000852,-0.20688,1.0362,-0.37491,-0.18826,-0.9521,12.626,-2.5761,3.5631,-1.194,0.001664,-0.47847,-0.57663,0.59713,0.34384,-21.865,19.107,-3.8742,-2.0088,-0.75089,-0.81903,0.408,-0.68737,0.43738,-11.097,-8.6608,-1.1791,-0.9234,-0.18977,-0.497,1.1205,0.21786,-0.072979
12.467,-1.0434,2.8549,-0.14243,0.73531,-0.07358,-0.61101,0.19396,-0.64018,13.706,3.3119,1.8101,0.2089,-0.53153,2.3742,-0.4042,-0.21396,-0.96119,14.096,-4.1989,2.7164,-0.99735,0.20405,-0.18963,-0.57403,0.57179,0.37589,-5.44,-18.718,-1.0648,-2.7884,-0.072435,-0.4166,0.39544,-0.74356,0.31119,-11.015,-6.8771,3.4359,0.031604,-0.7022,-2.3172,1.1011,0.27411,-0.079964
10.183,-1.8249,2.8027,0.26331,-0.13013,0.22866,-0.60802,0.19076,-0.64614,10.836,2.6575,2.8223,0.82228,-0.78717,2.843,-0.45087,-0.24111,-0.96863,10.513,-3.8593,3.414,-0.7236,0.40411,0.47602,-0.57847,0.57648,0.41209,-11.182,-7.1824,-3.3384,1.3767,0.067705,-1.92,0.43273,-0.71353,0.33525,-15.934,1.7935,-2.3531,0.5354,-0.95966,-2.9895,1.054,0.38285,-0.11812
9.394,-1.2137,3.4572,0.52725,-0.1433,0.32207,-0.60826,0.18258,-0.64609,10.852,3.0431,2.7901,0.12074,-0.68343,2.4714,-0.50226,-0.26645,-0.97764,9.7479,-3.9115,3.5696,1.4703,0.036281,1.2141,-0.57188,0.6328,0.42228,-12.578,0.069939,-3.0067,1.2654,-0.42136,-1.4736,0.49089,-0.64968,0.38959,-15.917,3.4397,-3.2,-1.5234,-0.51706,-2.7962,1.0001,0.48708,-0.13476
10.49,0.49594,3.4915,0.62927,0.25176,0.19118,-0.59833,0.17099,-0.65623,11.198,1.1942,1.6247,-0.48509,-0.31282,1.4894,-0.54351,-0.25581,-1.0068,10.793,-1.9818,2.3491,1.5783,0.47416,1.3075,-0.56549,0.73464,0.39338,-9.0231,-0.24967,-3.9102,0.72078,-0.33081,-1.3409,0.54529,-0.59771,0.39368,-14.376,-4.0618,-0.41541,-1.2583,-0.21459,-3.0131,0.927,0.6147,-0.12374
8.8388,1.3089,3.5738,0.47321,-0.041718,-0.10704,-0.59239,0.15025,-0.66195,10.605,0.60531,1.1105,0.45771,-0.30775,1.0013,-0.56213,-0.29041,-1.0198,10.637,-2.0297,2.3866,0.79936,0.65231,1.3423,-0.57324,0.8284,0.36847,-8.795,0.69347,-3.269,0.59446,-0.64508,-1.5494,0.59471,-0.53837,0.41215,-12.662,0.062901,-0.98786,1.3938,-0.092881,-2.3396,0.85969,0.67822,-0.16053
6.8376,0.333,3.4031,0.14159,-0.16021,-0.18565,-0.59786,0.13673,-0.66088,9.991,2.2881,1.0561,1.269,-0.15264,0.26107,-0.58254,-0.3667,-1.0039,8.4893,-2.4458,2.2293,0.53949,0.7814,1.5659,-0.58381,0.91103,0.34186,-7.9741,-0.77892,-3.6785,0.31118,-0.06953,-1.6119,0.63633,-0.47837,0.4432,-8.9518,2.283,-2.1517,1.8398,0.30371,-2.0848,0.80364,0.7054,-0.20008
5.5679,-0.4556,3.09,-0.075786,-0.12128,-0.10056,-0.60094,0.13148,-0.65924,7.9335,3.3343,1.3301,1.6759,-0.036898,0.87702,-0.60725,-0.46246,-0.96153,7.6455,-1.968,2.1764,0.9345,0.91734,1.8614,-0.57981,0.99905,0.28239,-9.1141,0.82969,-2.0677,0.62169,-0.53906,-1.1744,0.67809,-0.41789,0.44759,-6.7042,2.9167,-2.6723,1.266,0.058531,-1.537,0.75052,0.72003,-0.25196
6.1987,-0.72958,3.6525,-0.021915,-0.082709,0.049,-0.60579,0.13438,-0.656,7.0275,2.7587,2.0558,1.6066,0.12073,1.963,-0.65297,-0.5261,-0.90505,9.4087,-2.2829,0.9496,1.6847,1.0754,2.3347,-0.53584,1.0827,0.17485,-8.7056,-0.29971,-2.3958,0.61386,-0.35097,-1.2704,0.7134,-0.36142,0.45285,-5.9506,4.9704,-1.4065,0.72544,0.11638,-0.47656,0.72228,0.72231,-0.28028
7.4412,-0.88249,4.2055,-0.070013,-0.25756,0.05348,-0.61073,0.13942,-0.65158,7.3798,4.7927,1.5666,0.60983,-0.095706,1.6885,-0.725,-0.57643,-0.84075,8.3299,-1.331,1.1709,1.1774,0.88428,1.9856,-0.46432,1.1422,0.039792,-8.828,0.19536,-2.5414,0.7846,-0.46722,-1.1229,0.75284,-0.30166,0.43653,-3.6942,5.3889,-0.20201,-0.95572,-0.47389,0.36288,0.71944,0.71948,-0.30209
8.0105,-0.56618,3.6151,-0.14211,-0.18335,0.069516,-0.61853,0.15048,-0.64123,7.9077,4.515,1.8116,0.010538,-0.19867,1.7455,-0.7971,-0.55064,-0.80995,8.7224,-1.4934,1.2311,0.22358,0.90106,1.6499,-0.37832,1.1693,-0.062283,-9.0337,2.1913,-3.0128,0.1206,-0.32898,-1.1727,0.7824,-0.25096,0.42885,-6.297,-8.1349,4.3712,0.63716,0.28439,0.93292,0.74271,0.71813,-0.29886
8.9401,-0.79729,3.9712,-0.27479,-0.061095,-0.13902,-0.62443,0.15811,-0.6325,8.4476,3.967,1.827,-0.56083,-0.022244,1.5146,-0.8614,-0.50295,-0.79982,7.8459,-2.1162,1.7053,-0.55987,0.79009,1.1565,-0.29718,1.1805,-0.11927,-8.3544,3.2333,-4.0656,-0.39398,-0.12267,-1.1182,0.80299,-0.21376,0.42972,-13.007,-17.812,-9.0345,1.2008,2.5088,-0.17826,0.78122,0.71196,-0.25567
9.3544,-1.0702,4.7112,-0.049448,0.21915,0.007892,-0.62053,0.16544,-0.63107,10.688,3.2546,1.699,-0.83808,-0.14431,1.2017,-0.92754,-0.43587,-0.79668,8.1735,-2.8882,2.0318,-0.17264,0.53704,0.75017,-0.23078,1.1648,-0.1346,-8.8339,0.53267,-4.3124,0.15938,-0.008483,-0.6397,0.82013,-0.18998,0.42476,-6.7641,-5.1148,-4.2337,-1.0372,-0.064645,-0.66083,0.76512,0.72545,-0.21548
12.931,-0.57061,5.9799,-0.044951,0.34708,0.10445,-0.61033,0.17415,-0.63551,12.246,3.0084,1.9237,-0.4996,-0.092019,0.21957,-0.9674,-0.39711,-0.80933,9.4006,-2.5357,2.3767,0.25414,-0.007068,0.16878,-0.18995,1.1351,-0.15805,-11.51,0.22237,-6.1814,1.3848,-0.00858,-0.21966,0.83229,-0.16243,0.42914,-12.269,-3.5722,2.0268,0.70766,1.4144,0.78811,0.7489,0.73701,-0.14475
12.912,-0.17428,5.0797,0.12436,0.64901,0.063226,-0.59996,0.17453,-0.64439,15.188,3.1026,1.4319,-0.10335,0.19445,-0.80957,-0.9782,-0.38988,-0.84178,13.006,-2.2506,2.4704,0.20349,-0.41378,-0.71249,-0.1936,1.0854,-0.14913,-12.871,11.064,-1.6141,1.0524,0.3632,0.80367,0.83427,-0.15603,0.43673,-13.682,-4.8526,-1.6159,3.8458,-0.44809,-0.58,0.76394,0.6848,-0.19574
11.141,1.0243,3.4253,0.21549,0.34165,0.042565,-0.59015,0.16485,-0.65415,12.428,1.9663,1.3563,0.57383,0.35286,-1.5165,-0.9379,-0.4326,-0.89339,10.772,-1.756,3.6161,-0.71745,-0.52374,-1.3856,-0.24727,1.0571,-0.11873,-10.893,1.9774,-0.2441,-0.28448,0.24441,2.7227,0.81443,-0.23614,0.4417,-8.7389,15.068,-5.8261,0.19314,0.61718,0.882,0.75731,0.66465,-0.24031
8.1714,1.4078,2.4056,-0.15259,0.28488,-0.10577,-0.57868,0.15825,-0.66506,10.117,3.6409,1.0557,-0.025605,0.21371,-1.9135,-0.87252,-0.49058,-0.94747,9.5058,-2.4359,4.4766,-0.54988,-0.70798,-1.3686,-0.30625,1.0416,-0.087104,-16.394,-4.7925,-4.1284,0.61707,0.65895,3.5052,0.77145,-0.34058,0.45135,-12.454,0.33289,-3.7176,-1.8306,0.53852,1.7842,0.81017,0.63149,-0.21704
9.2327,-0.39931,3.894,-0.70563,0.26507,-0.24768,-0.57281,0.1703,-0.66863,10.616,4.0114,1.1212,-1.4698,0.197,-2.2306,-0.76968,-0.47995,-1.0457,10.409,-1.8244,3.5384,0.34525,-0.74776,-1.0794,-0.3689,1.0182,-0.054197,-16.329,-2.2933,-2.7494,2.5145,1.8848,2.483,0.68228,-0.40653,0.51859,-11.118,-3.2414,-2.2854,-0.94876,0.035755,1.2482,0.87401,0.59525,-0.19977
9.8097,-1.3521,3.8772,-0.63074,-0.27129,-0.17046,-0.57522,0.18036,-0.66641,11.155,3.6591,1.2736,-2.223,0.20456,-2.0891,-0.65599,-0.36128,-1.1432,10.144,-1.1535,2.5693,-0.34652,-0.6793,-0.68081,-0.42162,1.0013,-0.022088,-12.787,1.3701,-0.28149,-0.61979,1.1285,2.4879,0.58113,-0.45472,0.57228,-8.3474,-2.659,-3.7683,-0.63822,-0.10215,1.3185,0.91473,0.56695,-0.21701
8.7827,-1.2974,3.3923,-0.25445,-0.25702,-0.011446,-0.5838,0.1849,-0.6559,10.527,1.1511,1.5353,-2.2116,0.50917,-1.8738,-0.53111,-0.17674,-1.1929,9.3778,-0.95614,2.9405,-1.2297,-0.41674,-0.87225,-0.48445,0.98434,0.077399,-10.612,-1.7442,-3.1003,-2.0614,0.69588,2.266,0.46996,-0.58307,0.5335,-8.7785,-1.3018,-2.5543,-0.87384,0.059229,1.8024,0.981,0.52415,-0.20162
6.5503,-0.40666,3.702,0.017536,-0.047011,0.18939,-0.58291,0.18944,-0.65391,8.9261,0.81838,1.2081,-0.8091,0.53783,-2.0944,-0.4526,-0.040782,-1.1524,7.0903,-2.6714,3.229,-1.2173,-0.32895,-1.0301,-0.52728,0.9611,0.16316,-7.1752,-4.404,-2.2106,-2.6477,0.68722,1.1199,0.38544,-0.65488,0.48792,-10.056,-0.28467,-1.1987,-1.0342,-0.43694,1.8326,1.0198,0.48138,-0.20614
5.795,0.43805,3.3064,-0.048212,0.063966,0.019131,-0.58201,0.19296,-0.65191,8.7648,1.1813,0.8758,-0.1156,0.71891,-2.414,-0.40941,0.041603,-1.0827,7.9037,-2.3619,3.0355,-0.96639,-0.30751,-1.2556,-0.54773,0.93094,0.21544,-5.96,-5.1664,-1.6527,-2.1921,0.45351,0.83316,0.33773,-0.68547,0.44499,-8.2848,-2.0082,-1.9802,-0.59987,-0.215,1.6287,1.0428,0.44436,-0.22365
6.5376,0.24406,4.0195,-0.036764,-0.2911,-0.15159,-0.5855,0.19224,-0.6478,8.5616,2.0886,0.25419,-0.13586,0.56209,-2.2758,-0.38883,0.055035,-1.0081,7.1557,-3.6736,2.7879,0.080455,-0.81714,-1.2663,-0.57369,0.88385,0.26692,-6.1119,-7.0019,-0.43837,-1.2174,-0.24344,0.14597,0.31281,-0.7199,0.39859,-8.48,-2.622,-1.3577,-0.23933,0.011458,1.6367,1.0717,0.39625,-0.22003
7.6088,0.033861,4.4216,0.07526,-0.26536,-0.068437,-0.5954,0.19431,-0.63998,7.9152,1.8421,0.6136,-0.065648,0.62364,-2.0717,-0.37687,0.051466,-0.94144,7.6759,-2.8747,2.6596,0.2863,-0.54255,-1.5753,-0.59121,0.83461,0.28258,-4.5879,-3.4483,1.2689,1.3161,-0.48183,-0.55184,0.34091,-0.71193,0.39923,-9.469,-2.8568,-1.248,0.043022,0.26753,1.2972,1.0955,0.34552,-0.20245
7.9388,0.27725,4.0228,0.039484,-0.46282,0.032703,-0.60769,0.1913,-0.63248,7.6301,1.7439,0.86899,0.41965,0.5881,-1.6029,-0.37203,-0.010325,-0.87415,8.1813,-2.3294,3.0734,-0.48501,-0.5037,-1.6069,-0.60967,0.76088,0.32176,-8.4611,11.736,-1.9914,1.5894,-0.032983,-0.46884,0.38002,-0.70295,0.41669,-9.6953,-3.9622,-0.97847,0.13694,0.44551,1.1283,1.1178,0.3018,-0.17487
8.8328,0.34324,4.2539,-0.028563,-0.094213,0.060311,-0.61548,0.19692,-0.6246,7.0718,2.6921,0.82615,0.53443,0.35083,-1.0218,-0.36987,-0.055145,-0.84649,8.8598,-2.8959,2.9762,-0.75248,-0.43945,-1.4877,-0.61084,0.68929,0.35045,-13.147,11.148,-11.275,0.05052,0.49232,0.16873,0.37643,-0.69749,0.43438,-9.1709,-3.544,-1.6557,0.17109,0.46088,1.09,1.1296,0.2572,-0.1463
10.472,0.59484,4.7379,-0.15159,0.01541,-0.097906,-0.62411,0.20436,-0.61743,6.853,2.5671,1.1013,0.36793,0.2165,-0.22265,-0.36369,-0.065499,-0.84571,9.6066,-3.8571,3.3905,-0.42318,-0.26267,-0.86593,-0.59926,0.63486,0.35244,-5.595,0.65408,-5.1703,-0.16991,0.49597,0.006046,0.36436,-0.694,0.45039,-10.122,-3.3448,-1.8057,-0.26532,0.21031,0.86554,1.1327,0.21788,-0.12593
12.434,-0.16445,5.4342,-0.21652,0.58115,-0.17045,-0.61879,0.20557,-0.62678,7.5901,3.0714,1.5698,0.39094,0.019119,0.64417,-0.36746,-0.1126,-0.85725,10.491,-2.1655,2.6997,-0.95267,-0.21905,-0.89782,-0.58726,0.59166,0.35551,-13.847,4.1032,-0.29826,-0.48679,0.32201,-1.3723,0.38248,-0.69799,0.43894,-10.778,-5.5955,-2.4055,-0.98147,0.027154,0.26498,1.1308,0.19766,-0.10554
12.493,-1.2776,3.9577,-0.43808,1.2807,-0.22402,-0.60038,0.20902,-0.64863,11.762,3.4824,1.6945,0.62081,-0.28608,2.0508,-0.38354,-0.15965,-0.8827,13.892,-4.7086,3.1915,-1.0531,-0.095568,-0.36177,-0.5736,0.55565,0.37687,-11.77,3.3153,-1.8011,-4.1239,-0.88865,-0.53242,0.40564,-0.71305,0.36947,-10.99,-9.4655,2.3761,-0.36014,-0.52667,-1.112,1.1169,0.21845,-0.10257
10.511,-1.4083,3.5763,0.01437,0.2513,-0.034064,-0.57977,0.20629,-0.67419,12.32,3.2159,2.1195,1.2956,-0.66313,3.2944,-0.42785,-0.23523,-0.90736,12.156,-4.1216,2.9766,-1.3762,0.21628,0.13089,-0.56755,0.53839,0.42093,-4.9809,-11.517,-2.759,0.19846,0.62644,-1.1531,0.40086,-0.74049,0.28825,-12.253,-2.3562,0.28986,0.35123,-0.92183,-2.8003,1.0792,0.3049,-0.12346
8.8542,-2.1928,2.9991,0.35673,-0.43617,0.27192,-0.58565,0.20031,-0.67292,11.416,3.6033,2.7524,1.2238,-0.91972,3.4856,-0.49289,-0.2933,-0.91293,9.1134,-3.8448,4.61,0.16392,0.000433,1.0923,-0.56657,0.56484,0.46102,-12.451,-4.7537,-4.2893,1.8622,-0.13284,-1.672,0.45037,-0.69021,0.33575,-17.43,2.5916,-2.1522,-0.24472,-1.0952,-3.0078,1.0204,0.41661,-0.16073
9.6336,-0.96379,3.4606,0.54629,-0.29904,0.34469,-0.59168,0.19268,-0.66726,11.772,3.6413,2.4048,-0.76338,-0.51949,2.7626,-0.54663,-0.28172,-0.92802,10.197,-2.9379,3.6328,1.8983,0.29365,1.5368,-0.55376,0.64338,0.46356,-11.538,1.0874,-3.227,1.3079,-0.56349,-1.2397,0.50053,-0.63253,0.37835,-15.277,0.05623,-1.9957,-2.0468,-0.20298,-3.1511,0.95626,0.52541,-0.16187
10.058,0.82398,3.8336,0.73798,-0.1032,0.18007,-0.59162,0.17982,-0.66902,11.179,0.59471,1.2792,-1.0747,-0.40037,1.395,-0.58178,-0.24729,-0.95432,11.158,-1.731,2.272,1.4363,0.69766,1.5941,-0.54478,0.75864,0.43952,-8.4979,-0.6604,-3.8242,0.34927,-0.19953,-1.4936,0.54598,-0.57799,0.4013,-13.631,-2.065,0.050747,0.005807,-0.042716,-2.8889,0.88087,0.6209,-0.14747
8.167,0.93006,3.3276,0.42641,-0.32799,-0.069482,-0.59697,0.16285,-0.66818,10.58,0.38883,0.76425,0.23385,-0.60457,0.3684,-0.61067,-0.27154,-0.95571,9.2669,-1.4844,2.7133,0.45976,0.97308,1.5965,-0.55154,0.86386,0.42937,-8.1356,0.35059,-3.1428,0.21879,-0.39126,-1.2953,0.59129,-0.52731,0.40562,-9.0871,2.0673,-2.2367,0.93491,0.21649,-2.3318,0.80712,0.67436,-0.1792
6.486,-0.10761,3.1439,0.005064,-0.25174,-0.11437,-0.61008,0.15226,-0.65894,8.2227,2.3208,1.3661,0.52573,-0.44938,0.43072,-0.63884,-0.33524,-0.9291,8.2789,-2.315,2.9035,0.65101,0.9396,1.8436,-0.55204,0.99661,0.40522,-10.305,-0.979,-1.0693,0.72569,-0.37675,-1.3562,0.64089,-0.458,0.43883,-8.0544,1.5174,-2.2805,1.2137,0.36398,-1.8155,0.73978,0.7094,-0.19617
6.3098,-0.93756,3.5699,-0.016417,-0.11027,-0.000121,-0.61433,0.1548,-0.65674,7.1742,2.3886,2.3903,1.259,-0.089683,1.5024,-0.67344,-0.39059,-0.89144,6.7607,-2.9753,1.8114,1.9859,0.43962,1.8843,-0.5294,1.1097,0.34003,-7.4966,0.75266,-3.6406,0.71807,-0.35341,-1.1521,0.68238,-0.39778,0.44683,-7.1805,4.3958,-2.0563,1.0457,0.24648,-1.0295,0.6953,0.72611,-0.22226
7.1129,-1.1674,3.858,0.055806,-0.068026,0.098376,-0.61528,0.15559,-0.65718,7.2823,4.7148,1.624,1.5036,-0.13452,1.223,-0.7113,-0.45143,-0.84126,8.2369,-1.2145,1.4462,1.4821,1.1299,1.6437,-0.5076,1.1919,0.22755,-8.7357,-0.19555,-2.224,0.91112,-0.33536,-1.0832,0.71121,-0.35189,0.43925,-5.6218,5.1375,-2.633,0.3518,0.002127,-0.077696,0.67865,0.72593,-0.25355
7.8736,-1.0401,3.8497,0.053979,-0.24531,0.097391,-0.62127,0.15802,-0.65027,8.0136,3.5495,1.9488,1.1178,-0.12686,1.637,-0.76388,-0.47352,-0.79273,8.8928,-1.5287,1.4763,0.36273,0.94036,1.4762,-0.45397,1.2648,0.13373,-9.7221,0.25479,-1.4566,0.51894,-0.49808,-1.1071,0.74326,-0.29775,0.43699,-4.566,3.0511,0.9049,-0.94662,-0.60421,0.64107,0.68661,0.73279,-0.24365
8.0547,-0.58206,3.7943,0.1032,-0.13675,-0.081727,-0.62756,0.16087,-0.64417,7.3983,3.6668,1.7609,0.44769,-0.027728,1.4669,-0.81131,-0.47012,-0.76108,8.1405,-1.7429,1.2241,-0.386,0.83144,1.118,-0.38737,1.3115,0.075127,-8.9804,2.0411,-2.9141,-0.19409,-0.35154,-1.2568,0.77133,-0.25478,0.42317,-7.4646,-11.397,3.0729,1.4831,0.65671,1.0859,0.72143,0.72331,-0.24486
8.4992,-0.91341,4.2581,-0.061389,-0.029694,-0.017604,-0.63308,0.16639,-0.63832,9.6639,3.7736,1.6878,-0.066139,-0.16806,1.3499,-0.8802,-0.43551,-0.72873,7.618,-2.6197,1.4857,-0.65233,0.57069,0.82375,-0.30325,1.3363,0.028229,-8.9511,1.6857,-3.9859,-0.21303,-0.15964,-1.1673,0.79362,-0.21092,0.42151,-13.531,-17.425,-1.6249,0.85725,1.1824,-0.10546,0.75376,0.70224,-0.22298
9.9572,-1.2602,4.6846,0.032159,0.28395,0.062496,-0.62778,0.1731,-0.6379,10.888,3.1558,2.0691,-0.46041,0.023428,0.53087,-0.92131,-0.39839,-0.72908,8.4849,-2.9102,2.5649,-0.18545,0.3335,0.34885,-0.24939,1.3178,0.013834,-8.7007,0.68399,-4.505,0.15591,-0.018308,-0.76682,0.81167,-0.17899,0.41502,-8.0278,-3.9292,-4.0875,-1.336,0.30596,-0.51057,0.73526,0.71425,-0.19458
14.067,-0.028856,5.2983,0.20251,0.30008,-0.010732,-0.6197,0.17251,-0.64275,13.385,2.9256,1.4832,-0.15018,0.009217,-0.32056,-0.94177,-0.38569,-0.74404,11.048,-2.8818,2.5446,0.31766,-0.3168,-0.1599,-0.22847,1.2807,0.013206,-13.45,2.831,-5.9531,0.85556,0.065235,-0.27505,0.82752,-0.15925,0.41001,-14.542,-9.6892,0.59744,0.29578,1.509,0.45544,0.72805,0.72512,-0.13854
13.435,0.073837,4.9659,0.44283,0.19726,0.019145,-0.61046,0.16298,-0.6532,14.133,1.8771,1.7114,0.65148,0.38716,-0.85245,-0.9311,-0.41179,-0.77009,12.937,-1.9232,2.8401,0.003986,-0.67197,-0.88811,-0.25327,1.2344,0.002802,-11.91,10.317,-1.3014,0.67081,0.37658,1.0648,0.82425,-0.1657,0.42438,-10.004,1.0222,-3.3307,2.0999,0.27591,-0.61349,0.71981,0.70575,-0.18539
9.8445,0.91792,2.997,0.55893,0.64591,-0.055099,-0.59866,0.14172,-0.66585,11.509,2.9695,0.99314,0.95024,0.30018,-1.6169,-0.88244,-0.4831,-0.80043,9.8897,-1.6457,4.1215,-0.78516,-0.77179,-1.2946,-0.31855,1.1847,0.050115,-11.505,-0.9656,-0.028121,0.009796,0.078065,2.9451,0.80118,-0.25456,0.42714,-9.2058,8.8835,-5.3278,0.30777,0.44544,1.4418,0.73654,0.68166,-0.20972
7.9177,1.1887,2.1188,-0.58871,0.13568,-0.15319,-0.58434,0.13173,-0.67543,10.928,3.2052,0.90074,-0.073262,0.2223,-2.0713,-0.8044,-0.54199,-0.85097,8.6671,-2.072,4.2742,-0.19034,-0.73438,-1.3242,-0.39547,1.1294,0.086425,-16.696,-4.5345,-5.1401,1.0445,0.73054,3.2454,0.74604,-0.36916,0.44531,-12.536,0.18019,-2.6586,-1.2325,0.45965,1.7642,0.79668,0.64149,-0.17397
8.9334,-0.56064,4.0846,-0.32297,0.099032,-0.12335,-0.58263,0.14494,-0.67771,10.939,4.0517,1.2983,-1.6195,0.070094,-2.2175,-0.71104,-0.53132,-0.9297,10.545,-0.94685,2.6231,0.081268,-0.71323,-0.99908,-0.44819,1.0879,0.11836,-14.125,-0.72914,-1.8288,1.0836,1.6195,2.1602,0.65794,-0.43109,0.5035,-10.398,-2.0106,-2.7479,-1.0668,-0.12878,1.2081,0.85236,0.60425,-0.17023
9.7878,-1.0864,4.1772,-0.49235,-0.33343,0.016063,-0.58369,0.15357,-0.6749,10.988,3.5977,0.94178,-2.7383,0.10438,-2.1024,-0.62011,-0.44126,-1.0084,9.3131,-0.33242,3.2367,-0.7085,-0.73761,-0.99769,-0.49038,1.057,0.18198,-12.364,-0.46649,-1.9962,-1.3721,1.0427,2.3695,0.56877,-0.50684,0.51379,-8.3466,-2.1208,-3.8789,-1.1901,-0.11657,1.4147,0.90273,0.57341,-0.18282
8.5709,-0.56086,3.0076,-0.22768,-0.25407,0.10256,-0.59287,0.16019,-0.66575,10.36,1.0554,1.2762,-2.5558,0.28316,-2.0002,-0.53264,-0.27082,-1.0535,9.5704,-2.3505,2.8479,-0.84622,-0.39758,-1.0255,-0.52386,1.0196,0.25519,-10.732,-2.0269,-3.8973,-2.0112,0.83476,2.1911,0.47224,-0.59674,0.48465,-9.3176,-1.3298,-2.3544,-1.3165,-0.20472,1.7649,0.95021,0.53643,-0.17308
6.2858,0.079542,3.0541,0.049297,0.073496,0.11409,-0.59036,0.16349,-0.66568,8.7917,1.3334,0.99088,-1.2917,0.5011,-2.2276,-0.46644,-0.14691,-1.0339,6.5757,-3.7052,3.0681,-0.53429,-0.80314,-0.88566,-0.55448,0.97979,0.32587,-7.3852,-4.1825,-1.7121,-2.6104,0.62215,1.2644,0.39011,-0.66318,0.43981,-9.287,-1.5881,-1.1594,-0.97398,-0.40312,1.7329,0.99022,0.49366,-0.1773
6.2625,0.078129,3.4568,-0.11014,0.047387,0.080263,-0.59328,0.17125,-0.65816,7.9149,1.6098,1.0135,-0.52533,0.5684,-1.9767,-0.41184,-0.047059,-0.99986,7.4802,-2.3635,2.4522,-0.010836,-0.67797,-1.2695,-0.56854,0.93649,0.34851,-6.1099,-5.0047,-1.1679,-2.2735,0.38498,0.88137,0.32334,-0.70518,0.38656,-9.0416,-2.3194,-1.71,-0.17454,-0.25109,1.6613,1.0165,0.45529,-0.18295
6.6268,0.27982,4.1621,-0.06603,-0.26715,-0.052308,-0.59577,0.17579,-0.65511,8.2562,1.5534,0.63624,-0.20685,0.66551,-1.9583,-0.38819,-0.02573,-0.95041,7.8515,-2.9141,2.4503,0.33398,-0.77699,-1.195,-0.57698,0.88367,0.36871,-5.5216,-6.9279,0.21891,-1.1057,-0.050351,0.041572,0.29938,-0.73326,0.3394,-8.5992,-2.5188,-0.80666,0.048577,0.14325,1.4552,1.0429,0.40381,-0.18131
7.7126,-0.041347,4.4965,0.16276,-0.35414,-0.097108,-0.60362,0.17442,-0.64864,7.0266,1.9173,0.62307,0.2528,0.65355,-1.6119,-0.37091,-0.051708,-0.89645,8.1602,-2.4908,2.4549,-0.000536,-0.52583,-1.2178,-0.5805,0.82993,0.38546,-5.1925,-2.4372,0.85083,1.6162,-0.66855,-0.39751,0.32568,-0.73924,0.33416,-9.7077,-2.4384,-0.94469,0.091153,0.27749,1.2032,1.0714,0.35303,-0.16892
7.9825,0.098764,4.1115,0.064126,-0.27981,-0.013647,-0.61573,0.17413,-0.63757,6.8068,2.1535,0.90226,0.93019,0.60212,-1.1181,-0.35872,-0.085623,-0.8669,8.5969,-2.8843,2.664,-0.84363,-0.52218,-1.2169,-0.57677,0.75261,0.40486,-7.9403,11.983,-5.1844,2.0599,0.26106,-0.044109,0.35052,-0.72097,0.36895,-9.7015,-3.1704,-0.97644,0.053577,0.35701,1.1984,1.0881,0.30867,-0.14855
9.2793,0.45632,4.7205,-0.009581,-0.13981,-0.008706,-0.62319,0.17671,-0.63099,6.9736,3.3334,0.57089,0.87558,0.20086,-0.54336,-0.35837,-0.14038,-0.8461,9.0607,-3.5014,2.9311,-0.50529,-0.58333,-1.0099,-0.56015,0.68193,0.41528,-10.979,10.868,-10.383,-0.39049,0.29453,0.061454,0.3428,-0.7249,0.38207,-9.0954,-3.246,-1.5192,0.064727,0.38774,1.1278,1.1024,0.26039,-0.12531
10.19,0.6871,4.4603,-0.063649,0.1846,-0.12682,-0.63331,0.18112,-0.62969,7.8323,3.3161,1.101,0.25172,-0.020084,0.2646,-0.37244,-0.17877,-0.84205,9.6983,-3.5087,3.777,0.23628,-0.38073,-0.78853,-0.54214,0.63182,0.38117,-6.7805,-0.65511,-3.6094,-0.56805,0.48625,-0.29587,0.3517,-0.71819,0.3892,-9.5316,-3.5981,-2.7824,-0.031505,0.26,0.76011,1.1022,0.22367,-0.094523
13.14,-0.57132,5.7353,-0.3832,0.47075,-0.080752,-0.6283,0.18351,-0.63985,9.1385,3.2461,1.4975,0.16399,-0.31171,0.93623,-0.38935,-0.21021,-0.8442,10.855,-1.8658,3.6877,-0.32998,-0.18425,-0.65846,-0.52941,0.60484,0.35634,-18.958,8.9452,-2.9042,-0.7068,0.33004,-1.1725,0.37846,-0.72072,0.36946,-11.977,-6.1345,-2.5766,-0.58846,0.10082,0.31662,1.1025,0.20308,-0.075102
13.597,-0.67302,4.3058,-0.39812,1.0164,-0.15611,-0.60791,0.1886,-0.65673,13.047,3.4383,1.7556,0.18028,-0.66876,2.0517,-0.42157,-0.23882,-0.84132,15.152,-3.7129,3.4842,-0.97748,0.10152,-0.16653,-0.51887,0.57948,0.37289,-7.5792,-2.7141,-1.5675,-3.4406,-0.24738,-0.47444,0.37511,-0.74999,0.2857,-10.377,-10.501,2.8468,-0.54053,-0.53329,-1.3941,1.0938,0.21863,-0.073052
10.543,-1.4124,2.6738,-0.071882,0.35271,-0.052899,-0.59246,0.18726,-0.67468,12.283,2.959,2.6041,0.60119,-0.84969,2.7905,-0.47535,-0.25363,-0.84732,13.124,-2.9555,2.5871,-1.2454,0.54176,0.58605,-0.51555,0.58588,0.41465,-7.5703,-9.0553,-2.3182,0.60757,0.41388,-1.5474,0.39086,-0.74353,0.25663,-13.447,-0.33811,1.5301,-0.012897,-1.1945,-3.1988,1.0502,0.32472,-0.099309
8.3304,-2.5745,3.1717,0.29693,-0.12369,0.22028,-0.5903,0.18262,-0.67907,10.649,3.1274,2.918,0.62696,-0.73084,2.6893,-0.5292,-0.26548,-0.84939,9.1718,-3.5746,4.0977,0.16806,0.29383,1.5999,-0.50752,0.63395,0.46643,-12.1,-2.8319,-2.7911,1.3413,-0.1473,-1.6416,0.44747,-0.69533,0.30007,-18.533,5.5062,-1.1022,-0.84474,-0.81,-3.2518,0.98624,0.45027,-0.12604
8.9331,-0.65682,4.0541,0.65527,-0.25363,0.30996,-0.58945,0.17364,-0.67818,10.432,2.4192,1.9876,-0.25034,-0.38142,1.7824,-0.57657,-0.25631,-0.86845,9.5597,-1.9332,3.0336,1.4676,0.45359,1.7274,-0.49172,0.74226,0.47413,-10.848,0.30929,-3.1595,1.1036,-0.43694,-1.2751,0.50516,-0.6354,0.33434,-14.457,-2.3307,-1.921,-2.3487,-0.17466,-3.1025,0.91273,0.57514,-0.11108
9.5526,0.91819,3.517,0.72563,-0.091487,0.1234,-0.59155,0.15501,-0.67852,11.062,0.2019,1.2961,0.20367,-0.27197,0.8062,-0.59648,-0.26734,-0.88218,10.713,-2.2025,2.3908,1.1912,0.67263,1.5441,-0.48942,0.85537,0.46112,-8.7103,-0.15974,-3.7462,0.59774,-0.45775,-1.5058,0.55437,-0.58021,0.35929,-13.861,-0.89896,0.1247,0.53389,-0.10343,-2.7132,0.8393,0.66167,-0.10545
8.0474,0.95983,3.5357,0.37782,-0.2376,-0.03893,-0.59511,0.13627,-0.67893,9.6378,0.51137,1.5026,1.2316,-0.29532,0.34392,-0.60696,-0.32112,-0.87612,9.7612,-2.4011,2.1207,1.2001,1.0683,1.5252,-0.50417,0.96476,0.43317,-8.0402,-0.27229,-4.8955,0.26761,-0.25968,-1.5381,0.59471,-0.535,0.37647,-9.0644,2.0738,-1.9824,1.3293,0.13643,-2.2854,0.78207,0.70359,-0.14596
6.1782,-0.31468,3.6774,0.054052,-0.20688,-0.088972,-0.60282,0.12819,-0.67493,7.7611,2.9824,1.4271,1.5728,-0.13189,0.31531,-0.61525,-0.41475,-0.85083,8.4045,-0.81686,1.2609,1.1212,0.75909,1.141,-0.51674,1.0688,0.38149,-10.064,0.15083,-0.37519,0.6563,-0.54498,-1.3949,0.64079,-0.47565,0.38947,-8.2566,1.8262,-2.7462,1.4183,0.082618,-1.8558,0.72615,0.72944,-0.19657
5.8175,-0.87558,3.8799,0.053376,-0.26663,0.009734,-0.60976,0.12817,-0.67122,7.0119,4.1674,1.5469,1.0399,0.079593,0.99132,-0.63199,-0.48846,-0.81648,8.0117,-2.0877,1.5607,0.83822,1.0353,1.6038,-0.5121,1.163,0.32499,-7.8766,0.53209,-3.4076,0.40487,-0.29482,-1.1375,0.68095,-0.42141,0.39237,-6.9111,4.4556,-2.4326,0.82508,0.16349,-1.0133,0.68497,0.74495,-0.22971
6.9201,-0.96576,3.8429,0.050674,-0.34188,0.13237,-0.61677,0.12906,-0.66381,7.1653,4.6128,1.6666,1.0236,-0.023524,1.1173,-0.66754,-0.53881,-0.78371,7.7685,-2.1975,1.246,0.30721,0.8236,1.6733,-0.48439,1.2569,0.2412,-8.5565,-0.50151,-2.5649,0.72791,-0.31609,-1.2772,0.72153,-0.36119,0.38751,-4.3633,5.2963,-2.7458,-0.44984,-0.041697,0.002097,0.6668,0.74188,-0.25735
7.9064,-0.72677,3.2253,0.040904,-0.5106,0.10397,-0.62932,0.13268,-0.6508,8.0408,3.3076,1.8361,0.30479,0.073742,1.4153,-0.71718,-0.53903,-0.76509,8.1826,-1.9367,0.903,0.31714,0.77839,1.5444,-0.41503,1.3197,0.14299,-10.171,0.081601,-1.8627,0.40961,-0.32358,-1.1288,0.75244,-0.30848,0.39011,-4.4574,-1.0477,4.4662,-0.23596,-0.5684,0.69671,0.67972,0.75325,-0.23941
8.6662,-0.49792,3.7548,0.050538,-0.2677,0.011848,-0.63969,0.13945,-0.63667,7.7672,4.4463,1.5018,-0.15536,-0.1696,1.6064,-0.7763,-0.51582,-0.74896,8.2564,-2.3352,0.86949,0.067624,0.74507,1.1131,-0.33475,1.3415,0.058682,-8.0918,2.918,-3.8947,-0.10423,-0.13212,-1.1994,0.77767,-0.26609,0.38976,-7.9483,-14.694,-3.8911,1.6124,1.4526,0.51321,0.72109,0.74285,-0.22984
9.231,-0.81382,3.8167,-0.023673,0.11313,0.022014,-0.64221,0.14503,-0.62925,9.4441,3.195,2.0191,-0.16381,-0.14928,1.6832,-0.83836,-0.47221,-0.74826,7.9545,-2.684,1.2475,5.3e-05,0.22443,0.62693,-0.26538,1.3143,-0.004788,-8.7059,1.7165,-4.0858,0.058034,0.014137,-1.068,0.79987,-0.22926,0.38656,-10.954,-13.166,-1.0544,0.26051,-0.090807,-0.25312,0.73023,0.73912,-0.20536
10.407,-0.92161,4.3322,0.039428,0.36046,0.15889,-0.63709,0.15164,-0.62963,10.65,2.8376,1.709,-0.31053,0.11291,0.78255,-0.88664,-0.43418,-0.75505,8.908,-2.1929,2.1579,-0.10144,0.057093,0.18871,-0.22391,1.2635,-0.04315,-9.952,0.121,-3.914,0.60091,0.072394,-0.62226,0.81796,-0.19911,0.38707,-4.969,1.054,-2.0504,-1.4974,0.80719,-0.63682,0.70544,0.76018,-0.15189
14.11,0.52296,4.295,0.46755,0.41571,0.011904,-0.62741,0.1516,-0.63667,14.776,2.9012,1.4916,0.13602,0.078048,0.078716,-0.91876,-0.41744,-0.77111,12.037,-2.323,2.2663,0.06989,-0.45545,-0.29261,-0.20069,1.1907,-0.067774,-13.803,4.9542,-4.8594,1.1761,0.19544,0.037088,0.8322,-0.17311,0.39181,-15.928,-19.285,1.8479,1.7433,1.0898,1.7616,0.74346,0.72229,-0.12131
12.901,0.096366,4.104,0.47679,0.48966,0.080766,-0.60757,0.14023,-0.65438,14.017,2.5143,1.3102,0.61979,0.40188,-0.59775,-0.90474,-0.43879,-0.80104,13.454,-1.7964,2.4595,-0.68061,-0.69197,-1.0813,-0.23911,1.1372,-0.044102,-10.059,7.9643,-0.18854,0.591,0.32769,1.7593,0.82427,-0.19985,0.40485,-9.6951,7.9633,-6.3993,3.1468,0.10719,-0.73252,0.73109,0.69398,-0.20333
9.071,0.94871,2.402,0.27829,0.30539,-0.03406,-0.59996,0.12812,-0.66328,10.551,2.5858,1.1316,0.82746,0.35448,-1.4591,-0.85688,-0.49392,-0.83335,9.5143,-1.7001,4.3857,-1.2493,-0.86863,-1.2354,-0.30453,1.1011,0.025825,-12.846,-2.7839,-2.4085,0.094069,0.29334,3.271,0.79939,-0.29067,0.41258,-8.4816,7.8292,-5.9757,-0.61395,0.64156,1.6549,0.75182,0.66971,-0.1995
8.8853,1.032,2.334,-0.56684,-0.1395,-0.09351,-0.59998,0.12558,-0.6638,10.366,3.801,1.0072,-0.24246,0.15284,-1.6406,-0.78456,-0.53375,-0.88457,9.5884,-2.7267,5.2432,0.55244,-0.94227,-1.2141,-0.36422,1.0549,0.067855,-17.398,-4.0579,-3.3613,2.0343,1.321,3.1211,0.73015,-0.39443,0.44679,-13.589,-2.6553,-2.1089,-1.3793,0.38538,1.9148,0.82206,0.62822,-0.16537
10.037,-0.65705,3.7492,-0.67117,0.18032,-0.13867,-0.59669,0.14094,-0.66616,10.185,4.047,1.2624,-1.7937,0.17037,-2.0768,-0.68661,-0.50396,-0.9728,10.151,0.006547,2.7912,0.6673,-0.69084,-0.96218,-0.41904,1.0233,0.06272,-13.772,0.715,-0.72039,1.4442,1.6226,2.4712,0.63511,-0.43271,0.52783,-10.022,-1.6865,-1.9639,-0.7332,-0.1761,1.2077,0.87375,0.59074,-0.16983
9.1424,-0.82647,3.4504,-0.53564,-0.39023,-0.077778,-0.60003,0.14808,-0.66409,10.115,2.6506,1.2677,-2.3508,0.14561,-1.8431,-0.57114,-0.4027,-1.0645,10.3,-1.114,1.8131,-0.86007,-0.66741,-0.68926,-0.47758,0.99505,0.12295,-11.439,-1.0982,-0.68656,-1.5033,0.84452,2.5719,0.52357,-0.54288,0.53107,-7.9128,-2.6167,-3.6488,-0.66831,-0.006399,1.631,0.92517,0.55371,-0.19792
7.4747,-0.45766,3.4849,-0.53429,-0.048624,0.030042,-0.60316,0.15996,-0.65793,9.0862,1.3587,1.2458,-2.152,0.17278,-1.8023,-0.48996,-0.24905,-1.096,7.3959,-2.1081,3.7079,-1.6599,-0.27789,-0.70004,-0.5128,0.97034,0.21163,-9.3218,-2.8874,-3.0128,-2.2387,0.79717,1.7724,0.42301,-0.62454,0.49992,-9.4506,-0.61477,-1.6002,-0.39429,0.042664,1.6874,0.96838,0.50683,-0.20196
6.4384,-0.22949,4.0828,-0.36402,0.23918,-0.074995,-0.59968,0.17331,-0.65657,8.0843,0.90513,1.3105,-1.3511,0.49056,-1.7968,-0.4414,-0.11175,-1.082,7.5629,-2.5153,2.9059,-0.98279,-0.23323,-0.98706,-0.52595,0.94643,0.27778,-6.7575,-4.2252,-1.6694,-2.6396,0.44223,1.1219,0.35288,-0.66616,0.45791,-9.7941,-0.72251,-0.23189,-0.57655,-0.47894,1.8058,1.0003,0.46601,-0.20074
6.1366,0.16125,3.2997,-0.39374,-0.24332,-0.021946,-0.60313,0.18299,-0.65398,8.4924,1.6147,0.99518,-0.34735,0.58188,-1.8401,-0.40563,-0.051452,-1.0382,7.9801,-4.0268,2.4985,0.08812,-0.33513,-0.979,-0.54071,0.90847,0.33405,-5.9748,-4.7601,-0.33272,-2.0469,0.28425,0.77665,0.30332,-0.71342,0.39718,-8.7024,-0.99095,-1.8276,-0.008654,-0.062117,1.5859,1.0318,0.41674,-0.21084
7.1622,0.008895,4.1495,-0.16546,-0.28431,-0.12529,-0.60949,0.18912,-0.64658,8.4499,2.0054,0.4135,-0.18156,0.48024,-1.73,-0.39161,-0.027645,-0.98819,8.2376,-3.4644,2.2677,0.23875,-0.35254,-1.1006,-0.54505,0.86941,0.35681,-4.7408,-8.5369,-1.6542,-0.083557,-0.32527,-0.37985,0.29622,-0.73294,0.35907,-9.0627,-1.8582,-1.1115,-0.23728,0.12854,1.5699,1.0599,0.36187,-0.2053
7.6246,0.14547,4.2658,0.025293,-0.17271,-0.13731,-0.61454,0.18925,-0.63949,7.3549,1.9651,0.74681,0.22,0.54027,-1.4397,-0.38086,-0.036737,-0.92591,8.1716,-2.0711,2.5969,-0.62855,-0.37375,-1.5325,-0.55416,0.80746,0.39887,-5.3018,1.8399,1.9543,1.5694,-0.54779,-0.51221,0.33189,-0.72626,0.36447,-9.5746,-3.4247,-1.0422,-0.1439,0.28537,1.2382,1.0834,0.30937,-0.19343
7.8205,0.30926,3.6641,0.034956,-0.36189,-0.058053,-0.62482,0.19028,-0.63128,7.4031,2.2222,0.72398,0.68357,0.466,-1.0757,-0.37809,-0.07032,-0.89226,7.6911,-3.6216,3.3916,-0.76828,-0.42596,-1.3282,-0.54627,0.73416,0.4369,-10.212,18.299,-7.7502,0.30251,0.65602,-0.17966,0.35495,-0.72071,0.37757,-8.9927,-4.907,-0.86457,0.23705,0.52147,1.1536,1.0985,0.26883,-0.16666
9.6883,0.12817,4.4529,-0.12931,0.17562,-0.011121,-0.63447,0.19478,-0.62864,8.1491,2.9891,0.54251,0.59132,0.2314,-0.5576,-0.37674,-0.11135,-0.87666,9.2329,-3.1993,3.2022,-0.57672,-0.18315,-1.1239,-0.5243,0.67309,0.43724,-9.8763,5.1939,-8.2543,-0.53773,0.17819,0.40367,0.3378,-0.73188,0.36696,-8.5883,-4.5177,-1.6784,0.10799,0.38029,0.93657,1.1075,0.2287,-0.13422
11.334,0.20161,5.0179,-0.18447,0.44598,-0.18088,-0.62971,0.19953,-0.63604,8.2026,2.7884,0.92101,0.58416,0.094248,0.13885,-0.38264,-0.16254,-0.85678,9.6254,-3.1496,2.8504,-0.071981,-0.078727,-0.69373,-0.49904,0.63355,0.42124,-6.9554,-3.4913,-1.6292,-0.4587,0.34872,-0.62908,0.33637,-0.73942,0.3524,-10.312,-4.3405,-3.0516,-0.054944,0.3856,0.32,1.1048,0.20634,-0.1073
13.938,-1.0693,4.537,-0.42231,0.94037,-0.094677,-0.61974,0.20286,-0.64999,11.316,3.5681,1.0311,0.69854,-0.31884,0.93575,-0.40209,-0.22215,-0.84185,13.03,-2.4778,3.1299,-1.1634,0.007783,-0.73971,-0.47804,0.591,0.4148,-17.179,15.019,-4.6906,-0.87505,-0.25832,-0.72996,0.35586,-0.7367,0.33698,-13.18,-5.218,-0.32362,-0.38381,-0.093964,-0.22915,1.0938,0.20903,-0.085263
12.51,-0.89137,3.662,-0.29125,0.8418,-0.11705,-0.59396,0.20485,-0.67751,13.273,3.6069,1.9643,0.54757,-0.70779,1.8832,-0.44121,-0.28279,-0.81743,14.544,-4.0311,2.6616,-1.2625,0.21624,-0.013134,-0.45627,0.55861,0.45412,-7.009,-9.5737,0.25192,-0.82819,0.18724,-0.61021,0.34163,-0.76209,0.25854,-10.574,-3.429,3.6543,-1.0873,-0.77664,-1.8884,1.0627,0.25882,-0.090542
8.5719,-2.02,2.9534,0.12369,0.26494,0.093461,-0.58027,0.20207,-0.69366,10.713,3.2241,2.9553,0.26856,-0.92951,2.2493,-0.48984,-0.3062,-0.79859,10.065,-4.2241,3.6923,-0.87997,0.286,0.87728,-0.44854,0.56618,0.51722,-10.691,-6.9336,-3.351,0.42794,0.19187,-1.822,0.37618,-0.74012,0.2654,-13.161,1.7915,-1.2157,-0.65556,-1.1043,-3.0575,1.0166,0.37066,-0.11125
8.5092,-2.2523,3.7571,0.5721,-0.20056,0.3697,-0.57495,0.19473,-0.69831,10.478,3.3913,2.9814,-0.47089,-0.65193,1.9554,-0.5313,-0.29938,-0.79635,9.877,-3.5199,2.8655,1.1342,0.15004,1.4984,-0.4403,0.62685,0.54801,-11.707,-0.91021,-2.8678,0.52834,-0.40953,-1.5019,0.43232,-0.68911,0.30168,-15.98,0.68595,-1.707,-1.8647,-0.55287,-2.8171,0.95934,0.47968,-0.11661
9.8355,-0.34666,4.339,0.8367,-0.16108,0.33181,-0.57513,0.18122,-0.69968,10.648,0.59154,1.9344,-0.87269,-0.32064,0.96775,-0.55584,-0.27462,-0.80854,10.24,-3.154,2.2951,1.8303,0.14645,1.4879,-0.43755,0.73921,0.54399,-9.7451,-0.92778,-3.9837,0.68595,-0.335,-1.4504,0.48069,-0.63951,0.32726,-13.885,-1.4869,-0.47487,-1.3975,0.069509,-2.9352,0.89455,0.57691,-0.079998
8.8659,0.75282,3.645,0.79385,-0.067543,0.081368,-0.57402,0.15826,-0.70199,10.352,-0.21943,2.1938,0.45004,-0.2365,0.4912,-0.56443,-0.2952,-0.81673,10.594,-2.3469,2.059,1.2569,0.5065,1.3212,-0.45439,0.85582,0.51922,-8.7298,-0.51419,-3.2886,0.55717,-0.40218,-1.4357,0.53075,-0.58523,0.35263,-12.7,-0.43826,-0.73588,1.0065,-0.03625,-2.6557,0.81748,0.65557,-0.097161
6.8508,0.10957,3.6778,0.57394,-0.43799,0.051434,-0.58787,0.13341,-0.69467,9.1781,2.3481,1.6688,1.0909,-0.089828,-0.029634,-0.57933,-0.35206,-0.8153,8.2121,-2.9208,2.4632,1.6211,0.45058,1.3632,-0.4788,0.98881,0.48265,-8.0183,0.27856,-3.8903,0.86757,-0.022685,-1.4515,0.58716,-0.52186,0.38347,-9.8883,1.7019,-1.325,1.4758,0.34218,-2.0759,0.73864,0.711,-0.13938
5.8732,-0.45842,3.1818,0.34056,-0.38804,0.076296,-0.59881,0.12258,-0.6868,8.0136,3.4139,1.8852,0.88094,-0.11094,0.1809,-0.58543,-0.41387,-0.80563,8.3224,-1.424,1.5587,2.1347,0.4492,1.8409,-0.48201,1.1088,0.38872,-8.7738,1.0205,-2.6909,0.62823,-0.31223,-1.1242,0.62927,-0.46106,0.39991,-8.1439,1.7568,-2.259,1.4312,0.3283,-1.7601,0.68357,0.7382,-0.17982
