9.3828,-0.13878,2.4118,-0.018663,-0.005002,-0.00466,-0.92031,0.46579,-0.32997,8.8869,3.2635,2.1824,0.003348,0.003411,-0.015787,-0.83912,-0.24012,-0.59414,9.1294,-2.769,1.9574,0.004958,-0.008159,-0.013353,-0.81293,0.66853,-0.054974,-9.5694,0.067521,-1.4612,0.065184,-0.017939,-0.028295,0.84691,-0.094274,0.51909,-9.6908,-0.9566,-1.3107,0.001628,0.036976,-0.004886,1.1156,0.3717,-0.003079
9.5023,-0.13938,2.3231,0.046599,-0.013832,-0.029149,-0.92139,0.46449,-0.33,8.9697,3.264,2.0881,-0.027158,-0.002651,-0.010221,-0.83846,-0.24057,-0.59644,9.2269,-2.7475,1.9243,-0.008386,-0.00835,-0.015105,-0.81367,0.66816,-0.054749,-9.7336,0.007197,-1.5395,0.043761,0.007695,-0.020187,0.84797,-0.094881,0.51783,-9.6977,-0.64285,-1.3025,0.012516,0.04232,-0.008504,1.1157,0.37169,-0.002547
9.4563,-0.28825,2.5904,-0.05295,0.016689,-0.013908,-0.92019,0.46527,-0.33023,8.9754,3.0698,2.1359,-0.027214,-0.015944,-0.012094,-0.83827,-0.23871,-0.59751,9.1099,-2.7348,1.9051,-0.045007,0.000532,-0.013394,-0.81564,0.6681,-0.053586,-9.6583,-0.067885,-1.4479,0.040295,0.008543,-0.024607,0.8491,-0.093409,0.51238,-9.5859,-0.90447,-1.4059,0.007141,0.014362,-0.01505,1.1167,0.3717,-0.001452
9.4866,-0.31712,2.3368,0.041247,-0.002211,-0.033773,-0.9214,0.46496,-0.32771,9.0589,3.0163,2.1726,0.059201,0.035114,-0.023196,-0.83769,-0.24108,-0.59678,9.2344,-2.8592,1.9165,-0.078681,0.009017,-0.02399,-0.81479,0.66805,-0.051772,-9.5849,0.11308,-1.6116,-0.079306,-0.013338,-0.004447,0.8496,-0.092234,0.51162,-9.7063,-1.0897,-1.6924,0.076211,0.074369,-0.031947,1.1196,0.37063,0.003439
9.6059,-0.24441,2.4426,-0.036653,0.023,-0.002048,-0.92067,0.46479,-0.3266,9.1368,3.1327,2.1663,-0.026794,0.021039,-0.031425,-0.83461,-0.24232,-0.59802,9.2662,-2.976,1.9288,-0.010596,-0.021627,-0.034576,-0.8146,0.66803,-0.050499,-9.7473,-0.32954,-1.7345,0.006132,0.017431,0.000978,0.84983,-0.09446,0.51621,-9.4956,-0.74097,-1.2844,-0.060352,0.045246,-0.024673,1.1165,0.37179,0.002787
9.3983,-0.18222,2.1281,-0.036819,-0.01198,0.006275,-0.9215,0.465,-0.32447,8.7875,2.9192,2.1972,-0.012804,-0.016107,-0.021157,-0.8343,-0.2415,-0.59919,9.0685,-2.8198,2.038,0.041853,-0.001693,0.013174,-0.81554,0.66807,-0.051559,-9.6587,0.051613,-1.3279,0.099093,-0.010847,0.046766,0.84926,-0.09419,0.51606,-9.4353,-0.47228,-1.2976,0.007719,0.015669,0.007485,1.1164,0.37388,0.004605
9.2929,-0.27123,2.3655,-0.09442,0.042789,-0.020488,-0.92125,0.46644,-0.32487,8.7131,3.1669,2.1104,-0.045979,-0.001782,-0.006561,-0.8343,-0.24124,-0.5992,9.0584,-2.5913,1.9605,-0.063548,0.046603,0.014939,-0.81501,0.66857,-0.051167,-9.6654,-0.098255,-1.3654,0.060409,-0.002006,0.030027,0.85009,-0.094582,0.51597,-9.4506,-0.5612,-1.4849,-0.000827,0.02177,0.043734,1.1182,0.37363,0.005065
9.539,-0.27297,2.3076,-0.11783,0.051644,-0.04516,-0.92259,0.4671,-0.32466,8.8839,3.3102,2.0684,-0.093662,-0.029925,-0.004492,-0.83309,-0.24092,-0.60096,9.2366,-2.7281,1.9021,-0.16404,0.10891,-0.002674,-0.81344,0.66798,-0.050186,-9.726,0.021851,-1.4493,-0.002176,-0.010716,0.004395,0.85015,-0.09476,0.51728,-9.6306,-0.72489,-1.4286,0.007639,-0.01875,0.074284,1.1167,0.3735,0.002896
9.6057,-0.24476,2.5322,-0.11409,0.055757,-0.077985,-0.92316,0.4668,-0.32279,8.94,3.3031,2.0201,-0.14189,-0.063771,-0.044282,-0.83335,-0.24015,-0.60086,9.3682,-2.7895,1.9296,-0.22756,0.11216,0.005239,-0.81439,0.66774,-0.048838,-9.7333,0.014135,-1.4044,0.005641,-0.000153,0.013294,0.84862,-0.095989,0.51642,-9.8391,-0.21716,-1.0797,0.001764,-0.087058,0.15171,1.1196,0.36841,0.001091
9.5089,-0.14086,2.6813,-0.1394,0.069435,-0.075341,-0.92314,0.46627,-0.32238,8.9549,3.3319,2.0835,-0.036902,-0.060607,-0.070908,-0.83471,-0.23851,-0.59914,9.2656,-2.702,2.1416,-0.21324,0.10562,-0.041591,-0.81454,0.66864,-0.046851,-9.6149,0.14278,-1.5673,-0.024574,0.01919,0.015206,0.8491,-0.095173,0.515,-9.5491,-1.06,-1.839,0.20708,-0.054236,0.14317,1.1264,0.35914,-0.000377
9.3674,-0.19101,2.5382,-0.11394,0.088948,-0.071765,-0.9231,0.46651,-0.3217,8.9644,3.4241,2.0743,-0.14158,-0.058766,-0.078914,-0.83604,-0.23987,-0.59749,9.1046,-2.7429,2.3453,-0.21879,0.086543,-0.075251,-0.81478,0.66771,-0.044058,-9.6752,0.24754,-1.5686,-0.056797,0.019267,0.024052,0.84989,-0.09793,0.51649,-9.5865,-1.1202,-1.6605,0.15248,0.028059,0.057953,1.1288,0.35523,-0.002351
9.5166,-0.1405,2.5769,-0.02005,0.034601,-0.068649,-0.92508,0.46443,-0.32109,9.1661,3.0145,2.0445,-0.034091,-0.05974,-0.07627,-0.83582,-0.2392,-0.59802,9.2224,-3.217,2.3627,-0.063332,0.062189,-0.080433,-0.81849,0.66511,-0.042407,-9.5851,0.15802,-1.5967,-0.067561,0.054449,0.033097,0.84798,-0.09868,0.51666,-9.99,-0.70849,-1.3674,0.053996,-0.042446,0.041612,1.129,0.35155,-0.002942
9.5615,-0.008108,2.7274,-0.031598,0.064899,-0.093402,-0.92542,0.46016,-0.32243,8.9308,3.2444,2.1291,0.02945,-0.046569,-0.070506,-0.83644,-0.24538,-0.59624,9.0811,-3.1846,2.3135,0.059429,0.056466,-0.062676,-0.82038,0.66183,-0.044937,-9.7481,-0.05314,-1.4722,-0.008966,0.021007,0.034601,0.84771,-0.10398,0.5181,-9.6976,-0.42538,-1.541,0.10325,-0.008349,0.082275,1.1288,0.35053,-0.007442
9.3686,0.07571,2.5325,-0.10681,0.063757,-0.076199,-0.92671,0.45742,-0.32151,8.948,3.2008,2.1266,0.026329,-0.063921,-0.034119,-0.8372,-0.24663,-0.59352,8.8662,-2.8724,2.1386,0.002839,0.099434,-0.005274,-0.821,0.6619,-0.049771,-9.703,-0.098026,-1.4562,0.014245,-0.053015,-0.017102,0.84669,-0.10227,0.51726,-9.5255,-0.62084,-1.4191,0.12429,-0.004272,0.06138,1.132,0.34596,-0.007917
9.4577,-0.01385,2.5176,0.005274,0.038174,-0.054043,-0.92832,0.45769,-0.32144,9.2364,3.3584,2.1145,0.030025,-0.021254,-0.014288,-0.83675,-0.24886,-0.59293,8.7908,-2.9351,2.1067,-0.067257,0.05485,-0.019603,-0.8192,0.66208,-0.049178,-9.6304,0.23284,-1.5977,-0.041668,-0.017772,-0.020331,0.84829,-0.1025,0.51603,-9.7952,-0.61966,-1.3938,0.034777,-0.015131,0.068885,1.1343,0.34468,-0.00928
9.4124,-0.051239,2.6961,0.066069,0.097477,-0.01226,-0.92591,0.45631,-0.32417,9.053,3.3292,2.1351,-0.025258,-0.021461,-0.040545,-0.83741,-0.2486,-0.59297,9.0152,-3.0675,2.2151,-0.026809,0.00567,-0.03109,-0.81908,0.66156,-0.049156,-9.7188,0.044629,-1.5092,-0.050376,0.006926,-0.025485,0.84915,-0.10369,0.51647,-9.5856,-0.74007,-1.4204,-0.042401,-0.030514,0.034511,1.1368,0.34115,-0.00993
9.3673,-0.036652,2.8451,-0.002536,-0.016438,0.011851,-0.92634,0.45815,-0.32461,8.9968,3.201,2.0856,-0.002195,-0.010574,-0.003359,-0.83781,-0.24808,-0.59313,8.9809,-3.0019,2.2526,-0.004683,-0.014636,0.020114,-0.81996,0.66185,-0.049084,-9.6886,-0.037659,-1.531,-0.009196,-0.020439,-0.03981,0.84787,-0.10287,0.51575,-9.7652,-0.61967,-1.4306,-0.060398,-0.016225,0.032918,1.1373,0.33905,-0.009877
9.5023,-0.043843,2.5178,0.059402,0.05308,0.018929,-0.92772,0.45675,-0.32533,8.9869,3.1963,2.0539,-0.030972,-0.008618,0.01378,-0.83816,-0.24862,-0.59249,9.0928,-2.9371,2.3534,0.071023,-0.019398,0.024642,-0.81959,0.66184,-0.049317,-9.7324,-0.18811,-1.4642,-0.040836,-0.021267,-0.055727,0.84881,-0.10135,0.51579,-9.6302,-0.62094,-1.249,-0.071181,-0.029047,0.023756,1.1375,0.33603,-0.010609
9.4719,-0.022411,2.7788,0.033854,0.015584,0.01177,-0.92698,0.45703,-0.32652,9.0213,3.1164,2.0197,0.1125,0.030169,0.02258,-0.83906,-0.24779,-0.59438,9.1975,-2.8402,2.231,0.12031,-0.022895,0.015018,-0.81869,0.66287,-0.051574,-9.7105,-0.098024,-1.4639,-6.8e-05,-0.034529,-0.052269,0.85009,-0.09989,0.51402,-9.7351,-0.60527,-1.318,-0.04059,-0.035941,0.030012,1.1386,0.33511,-0.010557
9.4279,-0.020959,2.5024,0.008459,0.008622,0.020867,-0.9259,0.45507,-0.3266,8.9105,3.4966,2.1131,0.054858,0.009113,0.033648,-0.83872,-0.24913,-0.59316,9.1585,-2.7719,2.1315,0.08594,-0.000773,0.036217,-0.81657,0.6645,-0.054542,-9.7186,0.059067,-1.3742,0.008202,-0.02131,-0.025668,0.85167,-0.097439,0.51304,-9.6749,-0.50165,-1.1225,-0.017769,-0.052983,0.070515,1.1416,0.33279,-0.011878
9.4727,0.045119,2.5629,0.030287,0.008151,-0.006451,-0.9254,0.4569,-0.32727,8.8226,3.3272,2.0657,0.07287,0.00277,0.020978,-0.83892,-0.24877,-0.59201,9.1509,-2.6165,2.1482,0.10348,0.004057,0.006231,-0.81627,0.66529,-0.056064,-9.6438,0.044358,-1.3727,0.049232,-0.010839,-0.030892,0.85339,-0.096642,0.51167,-9.7353,-0.63484,-1.4077,0.063222,-0.05398,0.09295,1.1423,0.32873,-0.014037
9.5027,0.067103,2.5633,-0.014807,0.037015,-0.017576,-0.92575,0.45688,-0.32633,8.9293,3.6522,2.0362,0.065722,0.025912,0.032782,-0.8391,-0.24959,-0.5907,9.2603,-2.4956,2.1526,0.004383,0.037746,0.006229,-0.81467,0.66448,-0.059495,-9.6214,0.022257,-1.4472,0.01416,-0.016079,-0.011527,0.85364,-0.095616,0.51155,-9.7053,-0.60489,-1.4669,0.086937,-0.041646,0.078487,1.1449,0.3235,-0.015981
9.4138,0.10548,2.4061,-0.018198,0.074551,-0.02323,-0.92534,0.45629,-0.32875,8.8752,3.6017,1.9433,0.039744,0.005521,0.021309,-0.83905,-0.25111,-0.59249,9.1727,-2.5243,2.1518,-0.057423,0.03648,-0.0239,-0.81474,0.66603,-0.058406,-9.6285,-0.052769,-1.4473,0.031018,0.019115,-0.006001,0.8548,-0.093287,0.51055,-9.6004,-0.52287,-1.562,0.01717,-0.019436,0.038958,1.149,0.31763,-0.018261
9.3978,0.081757,2.8162,-0.020121,0.047547,-0.041338,-0.92714,0.4562,-0.32963,8.9092,3.5755,1.8559,-0.017186,-0.016087,-0.035246,-0.8395,-0.2503,-0.59345,9.0949,-2.6404,2.1135,-0.11488,0.026338,-0.046982,-0.81633,0.66452,-0.057309,-9.7539,-0.32366,-1.352,0.063048,-0.012555,-0.008031,0.85279,-0.092045,0.50889,-9.6755,-0.73975,-1.3921,0.006825,0.006743,0.005737,1.1469,0.31895,-0.020874
9.4279,0.037982,2.5849,0.039346,-0.019273,-0.042803,-0.92724,0.45436,-0.32894,8.9882,3.4636,1.9312,-0.043063,-0.030382,-0.05645,-0.83805,-0.25212,-0.59333,9.0879,-2.8445,2.1952,-0.067247,-0.01182,-0.060276,-0.81627,0.66321,-0.056131,-9.6362,0.00695,-1.3875,0.079135,-0.028479,-0.016903,0.85279,-0.089521,0.50993,-9.6753,-0.62039,-1.3469,0.055895,0.008196,-0.019704,1.1474,0.31869,-0.020324
9.4569,-0.051894,2.7711,-0.040157,0.046262,-0.012177,-0.92809,0.4553,-0.32979,9.0576,3.2475,1.9987,-0.019711,-0.032254,-0.063781,-0.83864,-0.2528,-0.59231,9.1001,-2.8933,2.2989,-0.048032,-0.007559,-0.041701,-0.81966,0.66201,-0.053241,-9.6438,0.03692,-1.3877,0.025558,0.014734,-0.002481,0.85428,-0.088381,0.50973,-9.7348,-0.39621,-1.2876,0.087487,0.037097,-0.015048,1.1465,0.32013,-0.020909
9.3754,0.001008,2.6738,0.04504,0.045428,-0.027572,-0.92802,0.45383,-0.32843,9.0506,3.305,2.1277,-0.031511,-0.026802,-0.045861,-0.83745,-0.25319,-0.5921,9.0952,-2.847,2.2149,-0.064279,0.015264,-0.03372,-0.81936,0.66095,-0.052185,-9.6594,0.11242,-1.5231,0.03075,0.03146,0.006469,0.85442,-0.087495,0.51,-9.7198,-0.42611,-1.3023,0.05149,0.0134,-0.027786,1.1447,0.31998,-0.020567
9.4875,0.052053,2.6526,-0.056621,0.009563,-0.015689,-0.92723,0.45227,-0.32893,9.0141,3.0993,2.0463,-0.056711,-0.021249,-0.019874,-0.83846,-0.25373,-0.59163,9.0952,-2.898,2.2501,-0.014145,-0.015406,-0.039913,-0.82106,0.65996,-0.050982,-9.6442,0.067356,-1.4927,0.021802,0.018262,0.008133,0.85415,-0.086871,0.51051,-9.6303,-0.60577,-1.3162,0.036473,0.024548,-0.048511,1.142,0.32272,-0.021104
9.3381,-0.064923,2.5612,-0.023478,-0.059633,-0.00625,-0.92875,0.4525,-0.3271,9.009,3.2011,2.0662,-0.02753,-0.020054,0.01992,-0.83898,-0.2514,-0.59118,9.0512,-2.7812,2.218,-0.056678,-0.005024,-0.012563,-0.8223,0.66001,-0.050542,-9.6891,0.096994,-1.4487,0.010761,0.013909,0.023995,0.85252,-0.087122,0.51096,-9.7499,-0.516,-1.191,0.036163,0.007877,-0.032289,1.1424,0.32549,-0.020478
9.457,-0.088463,2.6514,0.010246,-0.011369,-0.002748,-0.92829,0.45312,-0.326,8.9991,3.107,1.9661,0.01026,-0.013118,0.008958,-0.83984,-0.25014,-0.58994,9.027,-2.905,2.2491,-0.017788,-0.01259,-0.036399,-0.82212,0.65947,-0.04938,-9.666,-0.02304,-1.418,-0.015647,0.019206,0.013417,0.85254,-0.088527,0.51083,-9.6749,-0.45628,-1.2792,0.043733,0.010097,-0.055847,1.1423,0.32588,-0.020091
9.4721,-0.036843,2.6817,0.057328,-0.013498,-0.004494,-0.92876,0.45374,-0.32467,9.0036,3.2621,1.9765,0.085342,0.0038,0.033349,-0.84124,-0.24913,-0.58926,9.1026,-2.9126,2.2358,-0.034119,-0.028761,-0.022299,-0.82225,0.65893,-0.046972,-9.6441,0.037388,-1.5002,-0.025469,0.033291,0.017052,0.85156,-0.091154,0.51289,-9.7277,-0.59752,-1.4075,0.007716,0.016207,-0.058403,1.1404,0.32796,-0.019658
9.3903,-0.050557,2.5691,0.084508,-0.011898,-0.00083,-0.92935,0.45091,-0.32589,8.9814,3.3613,2.0206,0.056537,-0.010284,0.03619,-0.84158,-0.2502,-0.58847,9.1345,-3.0537,2.2778,0.010369,-0.026428,-0.016066,-0.82338,0.65819,-0.046883,-9.7036,0.007001,-1.4638,-0.044832,0.025418,0.007287,0.85128,-0.09114,0.51261,-9.7347,-0.41131,-1.2428,-0.014054,-0.000892,-0.057561,1.139,0.33032,-0.020278
9.3753,-0.021188,2.6662,0.05176,-0.031248,0.008333,-0.93078,0.45162,-0.32244,8.9497,3.3468,2.0155,0.080052,0.003685,0.020947,-0.8424,-0.24999,-0.58669,9.032,-2.9851,2.2579,0.07976,-0.036463,-0.006314,-0.822,0.65788,-0.047056,-9.644,0.052231,-1.4627,-0.031371,0.017446,0.00018,0.84964,-0.092643,0.51228,-9.6603,-0.62059,-1.3093,-0.064461,-0.004863,-0.066535,1.1389,0.33243,-0.01979
9.3832,0.023585,2.5695,0.049754,-0.063383,0.01941,-0.93233,0.45205,-0.32359,8.9694,3.3563,2.0545,0.048445,-0.013818,0.036236,-0.84386,-0.25128,-0.5874,9.0563,-2.8735,2.2099,0.09706,-0.053822,0.020184,-0.82197,0.65946,-0.048867,-9.7187,0.037035,-1.4867,-0.070455,0.028974,0.000256,0.8513,-0.09394,0.51209,-9.6456,-0.79965,-1.3917,-0.019171,0.008601,-0.073793,1.138,0.33504,-0.018805
9.4278,-0.021136,2.5472,0.07863,-0.08146,0.023177,-0.93214,0.45274,-0.32007,8.999,3.2544,2.064,0.056612,-0.013033,0.026383,-0.845,-0.25014,-0.58657,9.1172,-2.8347,2.1026,0.12569,-0.050951,0.016713,-0.82142,0.65828,-0.050573,-9.6886,-0.007878,-1.4785,-0.044118,0.019252,0.015181,0.85008,-0.095962,0.51518,-9.6754,-0.74009,-1.295,-0.031679,0.015525,-0.083653,1.1372,0.33739,-0.016618
9.5468,-0.051906,2.5927,0.053269,-0.077613,0.026786,-0.93331,0.45228,-0.31687,8.9795,3.322,2.1225,0.1032,-0.002477,0.028731,-0.84637,-0.24941,-0.58536,9.1682,-2.75,2.0872,0.097251,-0.055892,0.011394,-0.82235,0.65937,-0.05141,-9.7041,0.082279,-1.5315,-0.014183,-0.010701,0.025579,0.84967,-0.096966,0.51477,-9.6904,-0.75493,-1.3027,-0.026541,-0.000234,-0.066578,1.1365,0.34042,-0.017491
9.5627,0.074681,2.3996,0.03904,-0.051935,-0.002531,-0.93431,0.45198,-0.31528,8.9207,3.4042,2.1687,0.12282,0.003752,0.038386,-0.84636,-0.25104,-0.58298,9.2144,-2.6725,2.1012,0.043286,-0.048774,-0.011596,-0.8212,0.65971,-0.051108,-9.6889,0.037245,-1.5086,0.009211,0.015662,0.015168,0.84954,-0.09723,0.51503,-9.6605,-0.76244,-1.3321,-0.017604,0.016146,-0.05565,1.1355,0.34144,-0.014622
9.4883,0.023984,2.257,0.028265,-0.023901,0.015557,-0.93486,0.45219,-0.31315,8.9153,3.4749,2.0936,0.11565,0.01626,0.050967,-0.84621,-0.25338,-0.58306,9.1485,-2.6456,2.1487,0.003232,-0.03197,-0.017807,-0.82201,0.65936,-0.05215,-9.6744,0.11236,-1.5234,-0.006746,0.027999,0.013502,0.849,-0.097863,0.5116,-9.7202,-0.65037,-1.2581,0.007337,0.003212,-0.035876,1.1341,0.3442,-0.015782
9.5173,-0.006951,2.5256,0.064668,-0.01749,-0.030004,-0.93638,0.45183,-0.31374,8.8516,3.5693,2.1326,0.047347,-0.017262,0.049576,-0.84775,-0.25288,-0.5825,9.2024,-2.85,2.2362,-0.062599,-0.021876,-0.026699,-0.82247,0.65963,-0.051298,-9.6301,0.20266,-1.5526,-0.008383,0.029736,0.00647,0.84832,-0.097606,0.51183,-9.6605,-0.76249,-1.3172,-0.027201,-0.010936,-0.019628,1.1334,0.34551,-0.016094
9.4502,-0.006411,2.5251,-0.026053,-0.0382,-0.015454,-0.93734,0.45088,-0.31175,8.8905,3.4922,2.0206,0.000244,-0.015702,0.016176,-0.84794,-0.25168,-0.58345,9.1196,-2.8348,2.1417,-0.035655,0.01089,-0.036336,-0.82323,0.65846,-0.048777,-9.6964,0.037216,-1.5088,-0.013871,0.0333,0.015289,0.84689,-0.099177,0.51661,-9.6306,-0.81485,-1.3392,0.001699,-0.003648,-0.018758,1.1328,0.34564,-0.01638
9.5327,-0.021091,2.3241,-0.015098,-0.02213,-0.011863,-0.93656,0.45082,-0.30969,8.9345,3.502,2.0161,-0.041847,-0.028084,0.007573,-0.85042,-0.2497,-0.58075,9.1002,-2.9369,2.2508,-0.028844,0.000435,-0.02047,-0.8237,0.65835,-0.048167,-9.6373,0.1725,-1.5227,0.005929,0.026198,0.00203,0.84736,-0.099489,0.51794,-9.6457,-0.87462,-1.3172,-0.002067,0.007373,-0.005098,1.1346,0.34485,-0.014584
9.5772,-0.006959,2.4067,-0.017695,-0.002465,-0.020149,-0.93833,0.45104,-0.3076,9.0184,3.2837,2.0302,-0.020278,-0.026374,0.003833,-0.84993,-0.24864,-0.581,9.1514,-2.9078,2.1533,0.015421,-0.009655,-0.002757,-0.82393,0.6577,-0.047655,-9.6897,0.15749,-1.5688,-0.042558,0.024536,0.024954,0.84667,-0.10049,0.51765,-9.7281,-0.8293,-1.3484,0.019383,0.001499,0.009317,1.1337,0.34472,-0.015804
9.577,-0.036681,2.4288,-0.009423,0.02259,-0.019334,-0.93777,0.45076,-0.30717,9.0283,3.3415,2.0937,0.000639,-0.003616,-0.017548,-0.85024,-0.24862,-0.58207,9.1269,-2.7911,2.102,0.022566,0.004932,-0.00448,-0.82573,0.65674,-0.048352,-9.6886,-0.022628,-1.5385,0.005572,0.019189,0.020473,0.84358,-0.10241,0.52196,-9.6606,-0.7999,-1.3023,0.021284,-0.004975,0.000193,1.1315,0.34458,-0.016801
9.5251,0.008248,2.4138,-0.027528,0.039091,0.00063,-0.93833,0.4513,-0.30747,9.004,3.2833,2.1055,0.018782,0.01748,-0.026489,-0.84944,-0.24862,-0.58163,9.1342,-2.7717,2.0895,-0.018502,-0.000826,-0.002769,-0.82349,0.6577,-0.049022,-9.7333,-0.045333,-1.5319,0.059346,0.003285,-0.000815,0.84561,-0.10215,0.52127,-9.7355,-0.84452,-1.2589,0.010407,-0.011251,0.001118,1.1321,0.34353,-0.017692
9.5772,-0.036503,2.3841,-0.056513,0.042974,0.007872,-0.93624,0.4515,-0.3063,8.9963,3.4239,2.1158,-0.016524,0.005433,0.004878,-0.84886,-0.24923,-0.58302,9.1098,-2.825,2.1268,-0.02899,0.004271,-0.013381,-0.82436,0.65838,-0.048707,-9.6673,0.17995,-1.5383,0.025453,-0.005502,0.00093,0.84716,-0.1012,0.51925,-9.6306,-0.82989,-1.3094,0.017523,-0.003861,0.011955,1.1329,0.34407,-0.017543
9.5921,-0.073399,2.3168,-0.049018,0.09496,0.013127,-0.93634,0.45337,-0.30794,8.9743,3.3611,2.0692,-0.034161,0.010549,-0.018971,-0.8495,-0.24833,-0.58268,9.1441,-2.9419,2.2198,-0.036102,0.011413,-0.015144,-0.82502,0.65786,-0.046706,-9.6599,0.15779,-1.6132,0.018552,-0.010787,-0.00794,0.84744,-0.10083,0.51939,-9.698,-0.7696,-1.3701,0.008633,-0.002263,0.00297,1.1317,0.34459,-0.018652
9.5623,-0.080479,2.2941,-0.037883,0.13591,-0.00163,-0.93489,0.45305,-0.31113,8.9447,3.3951,2.0448,-0.037491,0.017422,-0.042028,-0.84657,-0.2484,-0.58408,9.1441,-2.9882,2.2621,0.007811,0.027154,0.016728,-0.82412,0.65863,-0.048955,-9.6819,0.12733,-1.5236,0.018718,-0.014299,-0.016789,0.84605,-0.10067,0.51906,-9.5707,-0.77023,-1.3605,0.00933,0.004327,0.020141,1.1305,0.345,-0.021089
9.3982,-0.13084,2.2478,-0.001662,0.12563,-0.010676,-0.93336,0.45503,-0.3127,8.9006,3.371,2.0153,-0.019544,0.00846,-0.052905,-0.84542,-0.24884,-0.58688,9.0904,-2.8979,2.2158,-0.003224,0.047468,0.030882,-0.82283,0.65858,-0.048508,-9.6447,0.1351,-1.5528,0.029757,-0.046033,-0.036423,0.84821,-0.099019,0.51877,-9.6756,-0.79972,-1.3325,-0.00583,0.004901,0.005759,1.1317,0.34354,-0.018898
9.4413,-0.22204,2.74,-0.092226,0.15084,0.008269,-0.93224,0.4563,-0.31672,8.974,3.33,1.9694,-0.07074,-0.012627,-0.049033,-0.84459,-0.25015,-0.58629,9.1343,-2.9128,2.2509,0.035945,0.049686,0.034475,-0.82171,0.6609,-0.051168,-9.6446,0.14242,-1.5078,-0.002506,-0.010772,-0.022058,0.84842,-0.097189,0.51773,-9.6755,-0.76248,-1.3025,-0.011251,-0.002328,0.003914,1.1322,0.34342,-0.019677
9.1584,-0.079479,2.8581,0.037764,0.05192,-0.013945,-0.93048,0.45452,-0.31907,8.9817,3.1966,1.9785,-0.048214,-0.011008,-0.061676,-0.84369,-0.25078,-0.58662,9.1632,-2.6016,1.9819,-0.023064,0.065733,0.039782,-0.82118,0.66168,-0.05331,-9.6664,0.014957,-1.5381,-0.004136,0.00508,-0.025504,0.84823,-0.09727,0.51654,-9.6905,-0.73984,-1.3475,-0.016638,0.003933,0.003974,1.1314,0.34368,-0.019973
9.2781,0.023127,2.897,-0.048684,-0.034491,-0.022794,-0.93183,0.45597,-0.31927,8.9551,3.0029,1.9289,-0.039782,-0.042504,-0.022821,-0.84317,-0.2513,-0.58671,9.0171,-2.6786,1.9908,-0.029356,0.006604,0.004277,-0.81943,0.66135,-0.053589,-9.6138,-0.0524,-1.522,-0.020405,0.019167,-0.011303,0.84765,-0.097231,0.51573,-9.6902,-0.65056,-1.2427,-0.006708,0.013821,0.004013,1.1323,0.34315,-0.019006
9.4872,-0.007272,2.6671,-0.022755,-0.094572,-0.009724,-0.9332,0.45456,-0.31472,9.0802,3.1863,2.1128,0.005852,-0.054171,0.063935,-0.84539,-0.25073,-0.58424,9.0876,-2.6159,2.0397,-0.033172,-0.071653,-0.064751,-0.82009,0.66162,-0.051737,-9.6958,-0.052906,-1.4786,0.014079,0.019169,-0.003354,0.8488,-0.097673,0.51683,-9.7053,-0.71015,-1.273,0.001329,-0.009408,0.005656,1.1319,0.34473,-0.019577
9.4797,-0.021998,2.6595,-0.004627,-0.07652,0.010285,-0.9341,0.45396,-0.31137,9.0973,3.2056,2.1227,0.023476,-0.040562,0.10655,-0.84826,-0.24648,-0.58356,9.1244,-2.8495,2.2105,-0.070284,-0.086975,-0.080737,-0.82169,0.66061,-0.048254,-9.6597,0.17229,-1.4932,0.002472,0.033254,-0.00233,0.84829,-0.097576,0.51785,-9.6755,-0.75498,-1.3099,0.01149,-0.00071,-0.008795,1.1328,0.34198,-0.019499
9.5627,-0.028385,2.2348,-0.017229,-0.07754,0.001139,-0.93557,0.45508,-0.3086,8.9132,3.4432,2.1421,0.050153,-0.001339,0.051409,-0.84995,-0.2439,-0.58305,9.127,-3.0247,2.3799,-0.04212,-0.058157,-0.064767,-0.82344,0.65818,-0.045497,-9.7045,0.15725,-1.5241,-0.009647,0.015675,-0.01834,0.8483,-0.097591,0.51824,-9.6756,-0.76963,-1.3922,-0.005679,0.010098,-0.003254,1.1325,0.34236,-0.018189
9.5623,-0.12463,2.2192,0.032959,-0.02447,-0.026384,-0.93746,0.45582,-0.30625,8.871,3.4294,1.9862,-0.009768,-0.003047,0.047435,-0.84941,-0.24222,-0.5824,9.1685,-3.0541,2.3908,-0.010698,-0.013472,-0.034603,-0.82508,0.65653,-0.043008,-9.6744,0.13474,-1.4934,0.00497,0.001547,-0.037854,0.84773,-0.097055,0.51782,-9.6756,-0.78457,-1.3922,-0.034933,-0.000248,0.022075,1.1343,0.34119,-0.017578
9.6218,-0.11047,2.2646,-0.002354,-0.013302,-0.015528,-0.93643,0.45433,-0.30471,8.9735,3.4298,1.9018,0.02115,6e-05,-0.001694,-0.84949,-0.2414,-0.58372,9.1295,-3.0197,2.2869,0.067082,0.014462,-0.000901,-0.82426,0.6569,-0.044239,-9.674,0.067115,-1.4633,-0.00058,-0.017805,-0.029178,0.84905,-0.095508,0.5171,-9.6757,-0.88194,-1.3178,0.023225,0.006541,-0.006961,1.1314,0.34328,-0.019833
9.5478,-0.064952,2.1449,0.021558,0.067338,-0.001262,-0.93623,0.45541,-0.30593,9.0519,3.3861,1.9045,0.010827,0.003236,-0.046045,-0.84944,-0.24195,-0.5828,9.1391,-2.8203,2.1124,0.11131,0.020776,0.016851,-0.82424,0.65796,-0.046289,-9.6372,0.14254,-1.5302,-0.007623,-0.000212,-0.03081,0.84794,-0.095994,0.51679,-9.7053,-0.66507,-1.3476,-0.020192,0.007435,0.000392,1.1339,0.34119,-0.018252
9.4951,-0.021322,2.4582,0.067595,0.044683,-0.00109,-0.93705,0.45314,-0.30865,9.0188,3.1164,2.0197,0.039911,0.015196,-0.083606,-0.84847,-0.24553,-0.5849,9.1195,-2.7035,2.0294,0.064822,0.011448,0.022085,-0.82385,0.65721,-0.051047,-9.6739,0.007553,-1.5683,-0.009644,0.008615,-0.016658,0.84881,-0.094779,0.51146,-9.7053,-0.68027,-1.2729,-0.017831,0.003438,0.023878,1.1346,0.33935,-0.018462
9.5178,0.067396,2.4589,0.014192,0.047696,-0.005731,-0.93614,0.45159,-0.30941,9.0333,3.1723,1.9958,0.037751,-0.003116,-0.057001,-0.84733,-0.24946,-0.58371,9.1657,-2.6552,2.0513,0.03195,0.009148,0.014994,-0.82343,0.65981,-0.052868,-9.6443,0.074918,-1.5077,-0.035407,0.017439,-0.018348,0.84867,-0.094275,0.51171,-9.5555,-0.6057,-1.4345,-0.020195,0.003849,0.002106,1.1379,0.33778,-0.015806
9.5033,0.097503,2.3695,-0.078264,0.028583,-0.006692,-0.93631,0.4516,-0.30996,8.9747,3.148,2.0147,0.014212,0.008727,-0.017632,-0.84663,-0.25103,-0.58312,9.2802,-2.69,2.1588,-0.016736,0.012722,-0.004458,-0.82127,0.65882,-0.052602,-9.6888,0.007433,-1.5536,-0.038255,0.005143,-0.009624,0.84983,-0.096229,0.51556,-9.7051,-0.56064,-1.3024,-0.02181,0.017026,-0.012207,1.1354,0.3404,-0.016332
9.3693,-0.011506,2.1066,-0.035797,-0.009652,-0.021091,-0.93627,0.45262,-0.30915,8.9349,3.2261,1.9128,0.015481,-0.026331,0.014183,-0.846,-0.25011,-0.58337,9.1827,-2.6944,2.1769,-0.022094,0.042682,-0.006197,-0.82278,0.65887,-0.052555,-9.6739,0.037303,-1.5083,-0.015035,0.001584,-0.015816,0.84965,-0.094802,0.51516,-9.6679,-0.68021,-1.3395,-0.065254,-0.011748,-0.008687,1.1356,0.34012,-0.014331
9.376,0.09758,2.6073,0.043949,0.002308,-0.034684,-0.93715,0.45221,-0.3081,9.0768,3.3228,1.9603,-0.075315,-0.05966,0.026352,-0.84818,-0.24639,-0.58199,9.0853,-2.6888,2.036,-0.092808,0.063363,0.005221,-0.82196,0.65937,-0.05379,-9.6658,-0.097632,-1.5155,-0.025742,0.02272,-0.010404,0.84912,-0.09646,0.51514,-9.6604,-0.68032,-1.317,-0.056164,0.011585,-0.008556,1.1337,0.34143,-0.015609
9.6145,0.036924,2.4744,-0.042473,-0.06136,-0.015362,-0.93832,0.45149,-0.3049,9.0967,3.2474,2.0014,0.05293,-0.005753,0.046029,-0.84841,-0.24588,-0.58149,9.0368,-2.8147,2.0203,-0.039178,-0.027246,-0.034671,-0.82191,0.65754,-0.052725,-9.6877,-0.17294,-1.4633,-0.022351,0.024492,-0.002462,0.84886,-0.099881,0.51762,-9.7052,-0.65028,-1.3027,-0.038006,0.000687,-0.019508,1.1343,0.34115,-0.013728
9.6071,-0.051265,2.3096,0.011204,-0.006027,-0.000946,-0.93856,0.45187,-0.30424,8.9938,3.4578,2.1232,0.007049,-0.015367,0.055262,-0.85074,-0.24552,-0.58111,9.1051,-2.8979,2.172,-0.014118,-0.060809,-0.037352,-0.82436,0.65658,-0.051182,-9.659,0.044798,-1.493,-0.012076,0.00335,0.011552,0.84756,-0.0993,0.51625,-9.6905,-0.76972,-1.3476,-0.01456,0.013431,-0.014056,1.1344,0.34222,-0.015203
9.5625,-0.043319,2.2645,0.037703,0.038569,-0.00202,-0.93929,0.45184,-0.30291,9.0501,3.349,2.0501,0.064446,0.033469,-0.013426,-0.8505,-0.24668,-0.58159,9.1855,-2.991,2.3557,0.008535,-0.013739,-0.016023,-0.82233,0.65804,-0.048466,-9.7338,0.081882,-1.4645,0.006717,0.019206,0.006381,0.84821,-0.099398,0.51523,-9.6308,-0.85202,-1.3916,-0.001913,0.011671,-0.014123,1.1373,0.34091,-0.012831
9.5772,-0.095208,2.2419,0.041407,0.049212,-0.008446,-0.93785,0.45145,-0.30367,8.9297,3.444,1.9769,0.001868,0.025436,-0.030747,-0.84999,-0.24693,-0.58182,9.1731,-2.8671,2.3583,0.059441,-0.003222,0.022042,-0.82286,0.65897,-0.049026,-9.6893,0.14208,-1.4712,-0.011873,0.006882,0.00101,0.84821,-0.097506,0.51602,-9.6904,-0.64999,-1.407,-0.012823,0.010862,-0.008656,1.1371,0.3409,-0.010976
9.3389,0.009926,2.3676,0.088474,0.045269,-0.009291,-0.93761,0.45101,-0.30662,8.9934,3.1587,1.8035,0.007298,0.011253,-0.038014,-0.8486,-0.24871,-0.58302,9.134,-2.7305,2.1744,0.088308,0.034832,0.005378,-0.82276,0.65848,-0.052037,-9.6077,0.20268,-1.5372,-0.015901,-0.002824,0.022126,0.84869,-0.099341,0.51355,-9.6606,-0.79217,-1.377,-0.042816,-0.000651,0.003996,1.1366,0.34274,-0.010895
9.3391,0.15732,2.5626,0.050139,-0.006354,-0.006371,-0.93857,0.4481,-0.30961,9.0671,3.1655,1.8914,0.032065,0.003492,-0.012456,-0.84769,-0.25,-0.5832,8.9878,-2.6346,1.9358,0.019968,0.025987,0.033516,-0.82118,0.65975,-0.055781,-9.6291,0.007665,-1.5524,-0.024475,0.035918,0.013532,0.84862,-0.10206,0.51762,-9.6753,-0.67283,-1.3022,-0.028568,0.015396,-0.04658,1.1354,0.34299,-0.011471
9.682,0.12528,2.4755,0.02828,-0.013023,0.016456,-0.93957,0.44794,-0.30817,9.0188,3.1285,2.0295,0.025041,-0.030524,0.042541,-0.84927,-0.24987,-0.58355,9.0658,-2.6888,2.0944,0.00425,-0.077448,-0.019692,-0.82043,0.65999,-0.056002,-9.7324,-0.18811,-1.4642,-0.005269,0.038596,0.031167,0.84671,-0.10255,0.51766,-9.6376,-0.4859,-1.4057,-0.046797,0.01293,-0.032106,1.139,0.34181,-0.007749
9.6219,-0.007467,2.4443,-0.000675,-0.019277,0.004576,-0.94,0.44984,-0.30604,8.9964,3.3247,2.0667,0.090283,-0.004725,0.071508,-0.851,-0.24863,-0.58158,9.2656,-2.7872,2.2458,-0.022988,-0.061978,-0.041727,-0.82132,0.66026,-0.053656,-9.7331,-0.038238,-1.4344,0.006966,0.017437,-0.004243,0.84761,-0.10301,0.51613,-9.6829,-0.68011,-1.3472,-0.032517,0.008715,-0.022191,1.1384,0.34431,-0.007415
9.51,-0.05078,2.3835,0.066392,-0.039067,-0.030831,-0.9397,0.44878,-0.30561,8.9691,3.4968,2.0746,0.069061,0.001239,0.042391,-0.85121,-0.24905,-0.58081,9.1878,-2.9645,2.4629,-0.012867,-0.028511,-0.01696,-0.82222,0.65793,-0.051362,-9.6815,0.081961,-1.4335,-0.000817,-0.014273,-0.01856,0.84784,-0.10297,0.51496,-9.5705,-0.61284,-1.5095,-0.020022,0.015325,-0.006857,1.1371,0.34524,-0.010527
9.5919,-0.051646,2.4363,-0.060097,0.051978,0.007832,-0.94055,0.44855,-0.30632,8.9416,3.5047,1.9432,-0.000628,-0.008557,0.021564,-0.85222,-0.24778,-0.57984,9.1365,-2.8669,2.3822,0.10294,-0.012766,-0.009733,-0.82282,0.65875,-0.053185,-9.6448,0.1576,-1.5529,-0.046145,-0.017757,-0.018579,0.84871,-0.10302,0.51605,-9.6756,-0.78447,-1.4221,-0.007422,0.011813,-0.006856,1.1387,0.34418,-0.007936
9.4804,-0.035457,2.3162,0.069452,0.036328,-0.019301,-0.94032,0.4485,-0.30469,9.0176,3.478,1.9606,-0.029094,-0.006909,0.002255,-0.85292,-0.24659,-0.58055,9.1658,-2.7378,2.0772,0.11901,0.014692,-0.009632,-0.82231,0.65665,-0.053099,-9.6894,0.13468,-1.4937,-0.014361,-0.005445,-0.007903,0.84889,-0.10345,0.51357,-9.7055,-0.76957,-1.3703,-0.036519,-0.022199,0.000238,1.1376,0.34483,-0.008249
9.5707,0.17116,2.3406,0.025148,0.065567,-0.003054,-0.94072,0.44649,-0.30712,9.0329,3.1535,1.8839,-0.023446,-0.01424,-0.026329,-0.85296,-0.24794,-0.5791,9.0708,-2.7129,1.9971,0.052796,0.007182,0.000852,-0.82332,0.65789,-0.055712,-9.6143,0.067503,-1.4996,-0.017376,0.013898,0.010746,0.85052,-0.10269,0.51339,-9.6384,-0.91916,-1.4069,-0.043618,-0.003494,-0.003262,1.1384,0.34457,-0.007686
9.3991,0.12798,2.3689,0.018611,0.023416,-0.005635,-0.93984,0.44638,-0.3083,8.9645,3.2451,1.9957,0.032785,0.003586,0.002651,-0.85186,-0.24854,-0.58059,9.0365,-2.6351,2.0637,0.011688,-0.015807,0.004287,-0.82211,0.658,-0.059189,-9.6301,0.18775,-1.5751,-0.013489,0.022693,-0.004172,0.84973,-0.10322,0.51401,-9.4882,-0.65048,-1.5381,-0.003005,0.02369,0.005784,1.1363,0.34614,-0.008844
9.5401,0.096554,2.5339,0.003207,0.029932,-0.001102,-0.93925,0.44485,-0.30989,8.9937,3.1945,1.913,0.042619,-0.001704,0.003426,-0.85248,-0.24791,-0.57998,9.2021,-2.7043,2.219,-0.009329,-0.026582,-0.015153,-0.82253,0.65878,-0.057465,-9.6886,0.021778,-1.396,-0.008567,0.033294,0.015292,0.84976,-0.10425,0.51427,-9.6906,-0.77693,-1.4223,-0.018381,-0.006038,-0.001515,1.1391,0.34379,-0.00725
9.5924,0.096281,2.497,-0.005985,0.001294,-0.002813,-0.93991,0.44537,-0.30951,9.0273,3.495,1.9535,0.050472,-0.010453,0.012255,-0.85336,-0.24936,-0.57948,9.207,-2.7677,2.3766,-0.014658,-0.008552,-0.018662,-0.82275,0.65619,-0.056897,-9.748,-0.075546,-1.4947,0.013168,-0.010734,-0.004449,0.84954,-0.1043,0.51557,-9.6906,-0.79939,-1.4074,-0.023578,-0.005494,-0.017778,1.1405,0.3446,-0.008283
9.5029,0.03812,2.3989,0.010472,0.018891,-0.015649,-0.94155,0.44462,-0.31011,8.9886,3.434,2.0258,0.000485,-0.008792,-0.004232,-0.85326,-0.24909,-0.58,9.1584,-2.8062,2.3032,0.012001,0.004573,-0.013321,-0.82394,0.65648,-0.055451,-9.6443,0.11211,-1.4328,0.014927,-0.00374,-0.006127,0.8491,-0.10515,0.51463,-9.7054,-0.70989,-1.3477,-0.007517,0.003823,-0.00328,1.137,0.34588,-0.008419
9.503,0.045617,2.3766,-0.018401,0.042436,-0.012143,-0.93927,0.44408,-0.31015,8.9543,3.4244,2.0061,0.014068,0.005278,-0.009612,-0.85367,-0.25044,-0.57817,9.1024,-2.7814,2.1601,0.090799,-0.020465,-0.023891,-0.82475,0.656,-0.05649,-9.6737,0.007117,-1.4632,0.013256,0.013877,-0.007791,0.84898,-0.10492,0.51528,-9.6606,-0.79956,-1.3995,0.030318,-0.018417,-0.001729,1.137,0.34469,-0.008396
9.4736,0.10533,2.3245,0.011492,0.048578,-0.004836,-0.93813,0.44515,-0.3116,8.991,3.3374,1.9452,-0.009208,-0.005329,-0.014819,-0.85115,-0.24921,-0.57962,9.1097,-2.7327,2.1154,0.085031,-0.015457,-0.00445,-0.82479,0.65616,-0.059781,-9.6446,0.13492,-1.5078,0.02909,0.017368,-0.000683,0.84867,-0.10273,0.51513,-9.6606,-0.79958,-1.392,0.01069,0.00997,-0.012345,1.1389,0.3434,-0.008312
9.4737,0.11289,2.2873,0.041348,0.038443,-0.009313,-0.93867,0.44411,-0.31162,9.0327,3.2455,1.8989,0.019797,-0.00034,-0.047939,-0.85187,-0.24951,-0.57848,9.1729,-2.6748,2.1153,0.08716,-0.031337,-0.020354,-0.82381,0.65483,-0.06045,-9.6447,0.1426,-1.5528,0.020206,0.013857,-0.000709,0.84866,-0.10361,0.51461,-9.6906,-0.84447,-1.3328,0.023189,-0.006001,-0.00704,1.1379,0.34431,-0.008625
9.5479,0.11167,2.4445,0.050321,0.026801,-0.008324,-0.939,0.44453,-0.31271,8.9791,3.1727,1.9152,0.014044,0.000926,-0.002554,-0.85173,-0.25158,-0.57883,9.168,-2.6262,2.1071,0.045956,-0.02422,-0.013318,-0.82416,0.6559,-0.062266,-9.7187,0.059317,-1.4342,0.017601,0.013898,-0.004247,0.84893,-0.10196,0.51501,-9.6605,-0.72499,-1.3619,0.016218,0.009803,-0.021407,1.1371,0.34471,-0.010384
9.4449,0.19556,2.0488,0.079358,0.009116,-0.033771,-0.9397,0.44312,-0.31327,8.9791,3.2404,1.952,0.036298,-0.008788,0.001667,-0.85174,-0.25145,-0.57883,9.1875,-2.6263,2.1416,-0.010157,-0.015747,-0.018659,-0.82437,0.65447,-0.061479,-9.7184,-0.037775,-1.5316,0.020235,-0.015158,-0.00271,0.84923,-0.10199,0.51568,-9.6829,-0.72509,-1.3025,0.012306,-0.00418,-0.003391,1.1374,0.34419,-0.010498
9.5027,0.037825,2.4735,0.028493,0.008123,-0.008279,-0.93994,0.44324,-0.31274,9.0327,3.3495,1.9625,0.051339,-0.001511,0.025615,-0.85172,-0.2525,-0.57881,9.1267,-2.7232,2.157,-0.012746,-0.014022,-0.022218,-0.82537,0.6549,-0.06129,-9.6439,0.00742,-1.5077,0.065155,-0.030228,-0.026628,0.85077,-0.10115,0.51326,-9.6605,-0.76249,-1.3172,-0.009535,-0.009385,0.009282,1.136,0.34576,-0.011236
9.5704,0.074975,2.3101,0.097604,0.061395,-0.008414,-0.93965,0.44277,-0.31489,8.9986,3.3612,2.0353,0.007755,0.003558,-0.005123,-0.85306,-0.25307,-0.57705,9.1828,-2.7818,2.1907,-0.021816,-0.013033,-0.015151,-0.82567,0.65502,-0.059667,-9.6079,0.26253,-1.4997,0.04871,-0.013485,-0.007931,0.85101,-0.099351,0.51301,-9.4655,-0.48629,-1.5223,-0.020032,0.000918,-0.008815,1.1261,0.3535,-0.020194
9.4431,0.038187,2.5029,0.000312,0.001375,0.009947,-0.93969,0.44227,-0.31556,9.0379,3.2789,2.0109,0.042754,0.024822,0.005367,-0.85171,-0.25354,-0.57866,9.0562,-2.8151,2.1747,0.013961,-0.015501,-0.018687,-0.82595,0.65426,-0.060292,-9.645,0.21735,-1.4929,-0.002927,0.003326,-0.002531,0.85142,-0.098604,0.51342,-9.7204,-0.75484,-1.2883,-0.002317,-0.002154,0.010244,1.1377,0.34312,-0.008478
9.4438,0.068882,2.2345,0.030234,0.001982,0.009061,-0.9401,0.44182,-0.31328,8.9886,3.2988,1.9183,-0.010157,0.008093,0.003927,-0.85239,-0.25301,-0.5791,9.1147,-2.8227,2.1855,0.047213,-0.018992,0.012271,-0.82613,0.65321,-0.058755,-9.7041,0.12675,-1.404,-0.027624,0.028031,-0.009432,0.8514,-0.098579,0.51276,-9.6605,-0.73993,-1.3619,-0.005691,0.008299,-0.003273,1.1368,0.34404,-0.009319
9.5329,0.052903,2.347,-0.000583,-0.00774,-0.000957,-0.93902,0.44246,-0.31324,9.0084,3.1389,1.8812,0.014024,0.003642,0.003685,-0.85162,-0.253,-0.57932,9.1828,-2.7526,2.1462,0.034575,-0.010771,0.018483,-0.82626,0.65402,-0.061438,-9.6592,0.082359,-1.5081,-0.023766,0.02271,-0.021838,0.85057,-0.098571,0.51286,-9.6757,-0.84439,-1.3774,-0.021774,0.004403,-0.015912,1.1326,0.3472,-0.014027
9.5035,0.053703,2.205,0.006711,-0.004298,-0.00462,-0.94058,0.44453,-0.31196,8.9642,3.2214,1.8813,0.042702,0.000886,-0.003676,-0.85271,-0.25259,-0.58017,9.1169,-2.6842,2.1,0.0454,-0.015332,0.013175,-0.82552,0.65452,-0.061666,-9.6814,0.052086,-1.4635,-0.028745,0.005138,0.000978,0.84976,-0.098318,0.51321,-9.668,-0.76988,-1.3323,-0.039637,0.005829,-0.030336,1.1333,0.34798,-0.01269
9.4885,0.083132,2.2872,0.010392,0.024635,0.015328,-0.93964,0.44348,-0.31219,8.9791,3.2476,1.9715,0.085509,-0.00171,0.010193,-0.85289,-0.25238,-0.57862,9.1558,-2.6212,2.0628,0.014978,0.005393,0.01585,-0.82444,0.65526,-0.062768,-9.6738,0.037116,-1.4633,-0.006618,-0.008976,0.004408,0.85071,-0.09983,0.51221,-9.6456,-0.82985,-1.3022,-0.018374,0.004697,-0.00146,1.136,0.34654,-0.009659
9.4882,0.053233,2.3541,-0.005873,0.033739,0.016181,-0.9403,0.44426,-0.31182,8.9961,3.3952,2.0403,0.064037,0.008941,0.01223,-0.85128,-0.25265,-0.57787,9.1534,-2.6503,2.0804,-0.004191,-0.015308,-0.004531,-0.82413,0.65563,-0.061752,-9.6444,0.11235,-1.4928,-0.015274,-0.000183,-0.006107,0.85186,-0.1004,0.51331,-9.7506,-0.91902,-1.2967,0.006218,0.004467,-0.018656,1.1347,0.34665,-0.008905
9.503,0.038238,2.3691,0.003146,0.024685,0.013498,-0.93985,0.44502,-0.31099,8.9447,3.4145,2.0449,0.050596,0.007172,0.011436,-0.8513,-0.25329,-0.57825,9.1729,-2.6456,2.0806,-0.030937,-0.002853,-0.006297,-0.82435,0.65602,-0.061017,-9.6892,0.097274,-1.5162,0.004533,0.026214,-0.014748,0.85173,-0.10091,0.51331,-9.6457,-0.83695,-1.4068,-0.005534,0.007181,-0.014138,1.1355,0.34732,-0.008892
9.5402,0.02318,2.3543,0.003974,-0.000576,0.000842,-0.94049,0.44586,-0.31292,8.9913,3.3879,2.0451,0.034652,-8.4e-05,-0.013365,-0.85285,-0.25408,-0.57819,9.2169,-2.7382,2.1415,-0.052365,0.009673,-0.006293,-0.82535,0.65567,-0.060806,-9.6671,0.1573,-1.5008,-0.006326,0.038547,-0.005827,0.85143,-0.098609,0.51355,-9.6458,-0.89682,-1.3771,-7.7e-05,0.015229,-0.015904,1.1335,0.34968,-0.010328
9.5472,0.029761,2.5484,0.022056,-0.013383,-0.013659,-0.93997,0.44391,-0.31329,8.9296,3.4151,1.9379,0.006854,0.005364,-0.001557,-0.85321,-0.2567,-0.57803,9.1731,-2.7769,2.1856,-0.039845,0.013381,-0.008054,-0.82471,0.65653,-0.058145,-9.6889,0.05212,-1.4786,-0.011506,0.026236,-0.012992,0.85103,-0.10063,0.51301,-9.7054,-0.70247,-1.3327,0.006969,0.011905,-0.00507,1.1334,0.3502,-0.009277
9.5622,0.029759,2.5187,-0.087204,0.05924,-0.001353,-0.94019,0.44375,-0.31235,9.0275,3.3571,1.8994,0.006996,0.00349,-0.016676,-0.85179,-0.25564,-0.57824,9.1584,-2.7818,2.2343,-0.027059,0.020375,-0.023045,-0.82496,0.65524,-0.058121,-9.6887,0.014621,-1.4786,0.006941,0.003331,-0.004334,0.85093,-0.099907,0.51419,-9.668,-0.74005,-1.3172,0.004799,-0.003768,0.018332,1.1343,0.34914,-0.008167
9.4805,-0.013351,2.3462,0.044836,-0.003057,-0.029194,-0.94068,0.44243,-0.31155,9.0374,3.4076,1.9726,-0.006682,-0.00874,-0.001502,-0.85193,-0.25667,-0.57861,9.2145,-2.743,2.1025,-0.041606,0.031509,-0.009769,-0.82435,0.65574,-0.058609,-9.7267,0.1346,-1.5095,-0.003545,0.01128,-0.013079,0.85108,-0.10018,0.51445,-9.6905,-0.73968,-1.3923,0.00693,0.013789,-0.000541,1.1353,0.34968,-0.008014
9.5774,0.088846,2.5341,-0.038415,0.028286,-0.013005,-0.94105,0.44118,-0.31345,8.9938,3.1437,1.8957,-0.032626,-0.033597,-0.016583,-0.85218,-0.2559,-0.57812,9.1098,-2.8299,2.1586,-0.016577,0.001734,-0.00984,-0.82441,0.65534,-0.057338,-9.6444,0.09751,-1.5303,-0.018743,0.018303,-0.007748,0.85056,-0.099695,0.51548,-9.6755,-0.76968,-1.3772,-0.018286,-0.003504,-0.00874,1.136,0.34981,-0.006532
9.459,0.10601,2.1827,-0.029732,-0.054356,-0.012666,-0.94156,0.44378,-0.31281,9.0279,3.3203,1.977,0.001271,-0.021102,0.00191,-0.85244,-0.25461,-0.5779,9.0829,-2.7131,2.0877,-0.023643,0.001606,-0.013377,-0.82529,0.65644,-0.059688,-9.6668,0.10477,-1.4932,0.013118,0.010356,-0.002503,0.85026,-0.10106,0.51442,-9.6155,-0.73275,-1.3387,-0.028547,-0.027373,0.010092,1.1374,0.34706,-0.007763
9.5477,0.037878,2.3694,0.008537,0.001098,-0.006453,-0.94066,0.44294,-0.31115,9.0623,3.1776,1.9036,-0.014796,-0.013952,0.0074,-0.8535,-0.25331,-0.57798,9.1487,-2.7621,2.1507,-0.016662,0.000903,-0.006292,-0.82385,0.65585,-0.058586,-9.6671,0.15726,-1.4933,0.007808,0.010363,-0.004257,0.85056,-0.10121,0.51482,-9.698,-0.75456,-1.4,-0.038384,-0.004097,0.009404,1.1349,0.34889,-0.008939
9.5778,0.082234,2.3326,0.014944,0.019061,-0.000135,-0.94207,0.44279,-0.30985,9.0281,3.291,2.0133,0.062277,-0.003517,0.001498,-0.8538,-0.2531,-0.5763,9.2023,-2.777,2.1811,-0.022979,-0.005451,-0.002766,-0.82483,0.65589,-0.058133,-9.704,0.082123,-1.494,-0.008924,0.045608,-0.007556,0.84964,-0.10149,0.5157,-9.6607,-0.82954,-1.3697,-0.027605,-0.020202,0.009257,1.1355,0.34824,-0.008777
9.5398,-0.021593,2.4361,0.028485,0.015453,0.004457,-0.94248,0.44358,-0.30987,9.0181,3.3372,1.9916,0.01374,-0.008602,0.01877,-0.85361,-0.25384,-0.57772,9.1925,-2.7722,2.1931,-0.031073,0.011811,-0.000976,-0.82432,0.6569,-0.058009,-9.6889,0.05212,-1.4786,-0.000895,0.015661,-0.0113,0.85121,-0.10005,0.51446,-9.6606,-0.76226,-1.3844,-0.031978,-0.015025,0.000254,1.136,0.34849,-0.007172
9.5402,0.045169,2.4142,0.003245,0.031643,-0.004765,-0.94332,0.44256,-0.31057,9.0007,3.3665,1.943,0.04267,-6e-06,-0.005431,-0.85371,-0.25464,-0.57732,9.156,-2.7623,2.1997,-0.005863,0.005394,-0.011568,-0.82504,0.6564,-0.057148,-9.6666,0.052331,-1.5082,-0.000931,-0.009878,-0.011481,0.85044,-0.10161,0.51521,-9.698,-0.79961,-1.3329,-0.017562,-0.018549,0.000214,1.1364,0.34917,-0.008498
9.5331,0.082624,2.3248,-0.00318,0.033806,0.022572,-0.94321,0.44362,-0.31098,8.9883,3.4586,1.9506,0.015731,-0.006138,-0.003453,-0.85449,-0.25633,-0.57759,9.1194,-2.7475,2.1867,0.018834,-0.00402,0.002563,-0.82433,0.65613,-0.05824,-9.6593,0.10467,-1.4631,-0.020302,-0.007219,-0.021157,0.85042,-0.10158,0.51469,-9.6755,-0.7548,-1.3622,-0.009612,-0.005645,0.016549,1.1359,0.34942,-0.008254
9.5182,0.082685,2.3396,0.02124,0.008214,-0.002821,-0.9435,0.44337,-0.31126,8.9981,3.3643,1.8992,-0.01425,0.010389,-0.038699,-0.8554,-0.25595,-0.57738,9.178,-2.7623,2.1365,0.014452,0.001293,-0.000948,-0.82431,0.65482,-0.057697,-9.6965,0.07459,-1.4788,-0.013185,0.020958,-0.018318,0.85043,-0.10058,0.51521,-9.6905,-0.76972,-1.3476,-0.009597,-0.007471,0.014736,1.1359,0.34837,-0.0085
9.5331,0.10473,2.3548,0.004032,0.006515,-0.00557,-0.94356,0.44294,-0.31005,8.974,3.2455,1.9082,0.015019,-0.002721,-0.015911,-0.85435,-0.25568,-0.57733,9.1535,-2.7476,2.1505,0.025243,-0.009615,-0.004496,-0.82512,0.65577,-0.058776,-9.6592,0.067422,-1.523,-0.015154,0.012143,-0.009561,0.85165,-0.10058,0.51474,-9.6754,-0.67252,-1.3919,-0.013216,-0.005657,0.016554,1.1365,0.34734,-0.009923
9.4897,0.2027,2.0268,0.042933,-0.017292,-0.016376,-0.94357,0.4423,-0.31018,8.9984,3.2553,1.889,0.004083,-0.001611,0.00731,-0.85354,-0.25699,-0.577,9.207,-2.675,2.155,0.003811,0.006534,-0.005349,-0.82384,0.65637,-0.058475,-9.6962,0.044435,-1.4412,0.001214,0.013893,-0.027195,0.85217,-0.10107,0.51398,-9.6905,-0.76227,-1.3401,-0.020471,0.003355,0.020261,1.1385,0.34655,-0.008118
9.504,0.10603,2.086,-0.060282,0.003403,0.002547,-0.94349,0.44408,-0.3087,9.013,3.2046,1.833,0.007638,-0.008676,0.007237,-0.85362,-0.25552,-0.57834,9.1095,-2.6697,2.1656,0.021533,-0.000397,0.000812,-0.82541,0.65631,-0.059564,-9.6887,0.014683,-1.4936,-0.008104,0.017432,-0.006002,0.85192,-0.10108,0.5145,-9.7055,-0.76223,-1.3329,-0.007526,-0.00247,-0.004224,1.1378,0.3463,-0.009993
9.5108,0.11232,2.3547,0.10825,0.00554,-0.024577,-0.94396,0.44093,-0.30748,8.9983,3.3761,1.9625,0.019135,-0.02287,0.004423,-0.85482,-0.25571,-0.57631,9.2266,-2.6848,2.1334,-0.012928,0.006137,-0.015079,-0.82439,0.65549,-0.059362,-9.674,0.082052,-1.4483,-0.000414,0.011264,0.006324,0.85159,-0.10003,0.51369,-9.6605,-0.75505,-1.3097,-0.007686,-0.010348,0.005653,1.137,0.34681,-0.010029
9.5184,0.14189,2.3549,-0.007721,-0.000762,-0.020147,-0.94588,0.44018,-0.30823,9.0572,3.2818,1.9235,0.049821,0.00181,-0.000148,-0.8553,-0.25418,-0.57532,9.1242,-2.6526,2.0897,0.017632,-0.017438,-0.023949,-0.82515,0.65604,-0.05929,-9.659,0.037423,-1.523,0.029431,-0.002002,-0.016722,0.85095,-0.10081,0.51445,-9.6906,-0.78455,-1.3775,-0.006031,-0.000175,0.020203,1.1375,0.34498,-0.010775
9.5039,0.1279,2.1757,0.029453,0.022546,0.004417,-0.94366,0.44117,-0.30693,9.0225,3.4876,1.9777,-0.007848,-0.009373,0.026967,-0.85516,-0.25418,-0.57519,9.1291,-2.6892,2.1442,0.00422,-0.026611,-0.02222,-0.82537,0.65552,-0.058782,-9.6818,0.12712,-1.471,-0.009473,0.020942,-0.026249,0.85077,-0.10027,0.51365,-9.638,-0.74009,-1.3466,0.008584,0.002292,0.007495,1.1388,0.3446,-0.010858
9.563,0.075212,2.2653,0.001219,-0.004064,0.008149,-0.94408,0.44131,-0.30722,9.0598,3.2114,1.9305,-0.002042,0.005378,-0.003267,-0.85545,-0.25443,-0.57572,9.1341,-2.7717,2.1213,-0.004223,-0.022518,-0.001914,-0.82615,0.65582,-0.059083,-9.6589,0.022361,-1.508,-0.015092,-0.000183,-0.013185,0.85174,-0.09991,0.51396,-9.6906,-0.82943,-1.3627,0.001446,0.00486,0.00213,1.1388,0.34433,-0.009527
9.5934,0.16417,2.1915,-0.00225,0.015507,-0.004705,-0.94431,0.44181,-0.30642,9.0128,3.3111,1.8723,-0.008289,0.014269,0.001281,-0.85445,-0.25492,-0.57657,9.1122,-2.7571,2.1354,0.004538,-0.031327,0.006021,-0.82483,0.65524,-0.057988,-9.7037,0.022125,-1.4939,0.0042,0.02535,0.001115,0.8505,-0.098876,0.51416,-9.698,-0.79956,-1.3478,0.001659,0.00453,-0.014151,1.1361,0.34747,-0.010732
9.5635,0.14218,2.1911,0.014956,0.017207,-0.001957,-0.94423,0.44067,-0.30749,8.996,3.1681,1.8618,0.00496,-0.005134,0.009049,-0.85502,-0.25283,-0.57716,9.1681,-2.7186,2.1845,2.6e-05,-0.009563,0.006079,-0.82658,0.65504,-0.057694,-9.6448,0.18735,-1.4929,0.01321,0.010344,-0.007781,0.85141,-0.10099,0.51565,-9.7053,-0.68001,-1.3476,-0.005753,0.006592,0.000351,1.1375,0.34419,-0.010361
9.563,0.082502,2.2952,-0.023937,0.033717,0.004306,-0.94443,0.44161,-0.30858,9.0325,3.3424,1.9212,0.024791,0.008912,0.0001,-0.85503,-0.25386,-0.57753,9.2362,-2.6631,2.1796,0.000907,-0.00958,0.006105,-0.82633,0.65373,-0.05777,-9.7039,0.059624,-1.4939,-0.026055,0.013947,0.001041,0.85011,-0.10041,0.51415,-9.6681,-0.76975,-1.3696,0.021434,-0.000672,-0.008822,1.1353,0.34601,-0.00967
9.5853,0.067505,2.2953,-0.022177,0.032056,0.015261,-0.94368,0.44222,-0.30721,9.0204,3.3205,1.9332,-0.034476,-0.012202,0.003139,-0.85462,-0.2527,-0.57688,9.212,-2.7188,2.1656,-0.0132,-0.0126,-0.000995,-0.82462,0.65573,-0.056349,-9.7037,0.014625,-1.4939,-0.017747,0.007765,-0.013129,0.85071,-0.099579,0.51575,-9.6681,-0.75462,-1.4219,-9.4e-05,0.015275,-0.014091,1.1367,0.34575,-0.00909
9.5033,0.068166,2.2947,0.001348,0.020104,0.006217,-0.94373,0.4425,-0.30816,9.0231,3.2646,1.9572,-0.005647,3.9e-05,-0.006821,-0.85511,-0.25259,-0.57626,9.1853,-2.7525,2.1071,0.02109,-0.010023,-0.018623,-0.82407,0.65495,-0.058067,-9.6442,0.05245,-1.5152,0.014684,0.008588,0.008061,0.85101,-0.10012,0.51628,-9.6978,-0.68009,-1.3325,-0.009455,-0.014898,0.002023,1.1371,0.34601,-0.00855
9.5773,0.066739,2.5041,0.014057,0.018984,-0.010159,-0.94401,0.44303,-0.30831,8.9986,3.2453,1.9376,0.012255,-0.001756,-0.006986,-0.85387,-0.25125,-0.57726,9.1486,-2.7135,2.1254,0.044166,-0.011498,-0.013308,-0.82651,0.65557,-0.058842,-9.6734,-0.052881,-1.4632,0.000781,0.031499,-0.004152,0.85043,-0.10058,0.51521,-9.668,-0.75488,-1.3472,-0.002804,0.004431,-0.017774,1.1365,0.34483,-0.009609
9.578,0.12665,2.3404,-0.028497,0.030205,0.006144,-0.94447,0.44092,-0.30696,9.062,3.3132,1.9383,-0.011224,0.000264,0.016358,-0.85492,-0.25164,-0.57757,9.2413,-2.7431,2.1224,0.029741,-0.007834,-0.006228,-0.82651,0.65531,-0.058708,-9.674,0.037365,-1.5233,0.004379,0.015647,-0.007776,0.84986,-0.09929,0.51518,-9.6905,-0.75467,-1.3774,0.014095,0.008492,0.00212,1.1345,0.3468,-0.011303
9.563,0.016241,2.1903,0.031997,-0.024277,-0.011792,-0.94369,0.44144,-0.30747,9.0326,3.2891,1.9137,0.015715,-0.008745,0.000963,-0.85394,-0.25173,-0.57869,9.1242,-2.6648,2.0851,0.056785,-0.022428,-0.018617,-0.82675,0.65583,-0.058483,-9.6666,0.067331,-1.5082,0.002621,0.034132,-0.007641,0.85015,-0.099945,0.51546,-9.7203,-0.70242,-1.3255,0.008752,-0.002462,-0.006973,1.1361,0.34629,-0.011242
9.6234,0.19356,2.1919,0.045062,0.063657,0.000628,-0.94309,0.43926,-0.30892,8.9619,3.2042,1.9226,-0.020153,-0.021117,-0.001499,-0.85492,-0.25099,-0.57745,9.1973,-2.675,2.1401,0.051498,-0.026239,-0.022145,-0.82687,0.65482,-0.060987,-9.7032,-0.067996,-1.4638,0.000929,0.00422,-0.013168,0.8499,-0.099207,0.51636,-9.6455,-0.72516,-1.3318,-0.002057,-0.006145,-0.008813,1.1358,0.34654,-0.010461
9.5035,0.10524,2.2874,-0.017645,0.026534,0.007988,-0.94462,0.44073,-0.3098,9.033,3.3031,2.0207,0.019395,0.012464,0.003718,-0.85428,-0.25033,-0.57756,9.0902,-2.7084,2.1244,0.017364,-0.009836,-0.011585,-0.82637,0.65415,-0.060941,-9.667,0.12742,-1.5308,0.022077,0.0033,-0.006078,0.85193,-0.099198,0.51541,-9.6905,-0.76977,-1.3326,0.001367,-0.010342,0.003836,1.1361,0.34549,-0.010167
9.5483,0.082917,2.2205,0.006984,0.060414,0.007876,-0.94341,0.44137,-0.30976,9.0377,3.2551,1.9233,-0.018161,0.008065,-0.00134,-0.8556,-0.25008,-0.57777,9.1925,-2.7186,2.1286,0.046565,-0.00026,-0.000906,-0.8274,0.65472,-0.061516,-9.6299,0.15766,-1.5526,-0.002765,0.010354,-0.007792,0.85147,-0.098521,0.5146,-9.7055,-0.73969,-1.3702,-0.009396,-0.014967,-0.001591,1.1364,0.34629,-0.010701
9.6229,0.1046,2.2063,-0.031929,0.070629,0.013259,-0.94216,0.44153,-0.31147,9.0426,3.3275,1.9819,0.023262,0.021091,-0.021162,-0.853,-0.25109,-0.578,9.1755,-2.7331,2.1555,0.008004,0.006924,0.00789,-0.82654,0.65443,-0.061969,-9.7186,0.014567,-1.4942,0.000604,0.022722,0.00286,0.84976,-0.099451,0.51609,-9.6456,-0.76988,-1.3618,0.001572,-0.002544,-0.008796,1.1343,0.34641,-0.012098
9.5331,0.067867,2.3098,-0.061998,0.041358,0.020634,-0.94163,0.44297,-0.31159,8.9985,3.2744,1.9425,-0.000139,0.012355,-0.012139,-0.85363,-0.2513,-0.58011,9.1827,-2.7016,2.1404,-0.010279,0.027285,0.027346,-0.82547,0.65518,-0.063324,-9.6744,0.11239,-1.5309,-0.017509,0.020948,-0.023609,0.85071,-0.098692,0.516,-9.6754,-0.69493,-1.392,-0.018418,-0.0078,0.000273,1.134,0.3468,-0.01238
9.5335,0.10532,2.2056,-0.10233,0.11773,0.014775,-0.94028,0.44477,-0.31142,8.974,3.2938,1.9376,0.008205,0.015612,-0.042425,-0.85201,-0.25184,-0.5791,9.2217,-2.7115,2.1265,-0.030067,0.064535,0.032709,-0.82469,0.65541,-0.062912,-9.6888,0.022183,-1.4936,-0.03208,0.012181,-0.007804,0.85059,-0.099217,0.51639,-9.6756,-0.7922,-1.3474,-0.018288,0.00639,-0.006864,1.134,0.34575,-0.01276
