9.532,-0.037172,2.4755,-0.002202,0.031744,-0.017698,-0.94316,0.46063,-0.29522,9.0163,3.4462,1.8769,0.020749,-0.010288,0.008959,-0.86118,-0.25471,-0.56602,9.1536,-2.8659,2.0698,-0.031513,-0.000927,-0.011613,-0.82428,0.66341,-0.031108,-9.6946,0.12368,-1.552,-0.006265,-0.01842,-0.028537,0.84466,-0.10182,0.52314,-9.7018,-0.92527,-1.2897,0.005958,0.014649,0.018686,1.1288,0.35518,-0.017995
9.5026,-0.021466,2.3113,-0.004122,0.020289,0.000578,-0.94373,0.46117,-0.29579,9.0163,3.4922,1.8869,-0.027522,-0.003191,0.004956,-0.86106,-0.25574,-0.56639,9.1025,-2.9409,2.0655,-0.005663,-0.000645,-0.009838,-0.82437,0.66133,-0.030294,-9.6502,0.18397,-1.5812,0.014909,0.002663,-0.019555,0.84467,-0.10297,0.52288,-9.6793,-0.89536,-1.3266,-0.011981,1.7e-05,0.007767,1.1272,0.35662,-0.018341
9.4872,-0.066327,2.4452,-0.007846,0.001499,-0.001167,-0.94393,0.46023,-0.29443,9.0018,3.3372,1.8423,-0.027491,-0.01743,-0.005816,-0.86241,-0.25443,-0.56714,9.0659,-2.9116,2.0595,-0.036165,-0.00068,-0.001932,-0.82579,0.6624,-0.028504,-9.672,0.078796,-1.559,0.004273,-0.013159,-0.02145,0.8444,-0.099931,0.52417,-9.6642,-0.82076,-1.3187,-0.014028,-0.006834,0.023997,1.1274,0.35557,-0.018579
9.5392,-0.096439,2.4603,-0.068552,0.007501,0.013321,-0.94459,0.46127,-0.2942,9.0583,3.325,1.8694,-0.009388,0.012617,-0.004018,-0.86122,-0.253,-0.56658,9.1391,-2.9848,2.0766,-0.028878,-0.009907,-0.008111,-0.82431,0.66248,-0.029187,-9.6355,0.21409,-1.596,-0.003717,0.007079,-0.021285,0.84658,-0.099687,0.52375,-9.7092,-0.89527,-1.3122,-0.008613,-0.014008,0.02215,1.1276,0.35503,-0.016568
9.4731,-0.10177,2.0718,-0.006014,-0.001273,0.001562,-0.94434,0.46226,-0.29203,9.0215,3.2791,1.8276,-0.002477,0.007533,0.02256,-0.86115,-0.25141,-0.56739,9.1098,-2.9239,2.0457,-0.001401,-0.016706,0.000736,-0.82412,0.66273,-0.027921,-9.6501,0.16885,-1.5512,-0.013371,0.002695,-0.0275,0.84654,-0.099267,0.52283,-9.6868,-0.92521,-1.3268,0.000614,-0.001671,0.010443,1.1292,0.35424,-0.015039
9.5618,-0.088857,2.371,0.057363,0.001042,-0.001073,-0.94499,0.46238,-0.29152,8.9385,3.2353,1.8561,0.004793,0.007387,0.010031,-0.86104,-0.25244,-0.56802,9.1439,-2.9558,2.1055,-0.00758,0.00855,-0.004513,-0.82424,0.66325,-0.027689,-9.6424,0.13888,-1.551,-0.006522,-0.009634,-0.016121,0.84679,-0.099251,0.52232,-9.6643,-0.85038,-1.3935,-0.028155,-0.001927,0.003262,1.1288,0.35477,-0.016258
9.5618,-0.096206,2.356,0.00123,-0.00317,-0.010252,-0.94505,0.46208,-0.29016,9.0409,3.4146,1.8867,0.061912,-0.008535,0.013076,-0.86233,-0.25246,-0.56757,9.117,-2.8439,2.0787,0.003266,-0.020586,-0.009856,-0.82501,0.66354,-0.02799,-9.6725,0.1837,-1.5367,0.003571,0.004444,-0.030129,0.8457,-0.097981,0.52305,-9.6793,-0.94786,-1.267,-0.01387,0.001014,0.013208,1.1291,0.35452,-0.01704
9.5473,-0.11014,2.1618,0.018579,0.015394,-0.016704,-0.94614,0.46106,-0.29047,9.0162,3.4633,1.8479,-0.033007,-0.01462,0.01027,-0.86127,-0.25285,-0.56737,9.1439,-2.9072,2.1095,-0.002026,-0.008914,-0.01337,-0.82554,0.66408,-0.028412,-9.6506,0.25891,-1.5663,-0.019183,-0.007847,-0.007261,0.84681,-0.098629,0.52284,-9.6942,-0.82777,-1.4089,-0.013757,0.003605,0.007798,1.1291,0.35425,-0.016506
9.5919,-0.096092,2.2667,-0.002287,0.010189,-0.017612,-0.94745,0.46027,-0.2897,9.0068,3.3299,1.8618,0.006775,0.012538,-0.009495,-0.86055,-0.25307,-0.56863,9.1561,-2.9218,2.066,-0.011045,0.002951,-0.008937,-0.82457,0.66249,-0.029201,-9.709,0.033372,-1.4922,-0.015001,8.1e-05,-0.033718,0.84611,-0.10026,0.52203,-9.6644,-0.89525,-1.3787,-0.025772,-0.015835,0.023968,1.1298,0.35347,-0.016732
9.5772,-0.066103,2.2071,0.006785,0.024659,-0.001249,-0.9461,0.46012,-0.28965,9.0214,3.2865,1.8082,-0.010284,0.0073,-0.00583,-0.86132,-0.25243,-0.56829,9.0953,-2.9749,2.0562,0.002812,0.005437,0.011375,-0.82338,0.66348,-0.028283,-9.6646,0.093794,-1.5514,-0.008323,-0.007861,-0.014352,0.84692,-0.097594,0.52258,-9.6342,-0.80601,-1.3032,-0.006622,0.010906,0.014134,1.1292,0.35412,-0.016233
9.5325,-0.021588,2.2817,0.030316,0.016324,-0.0103,-0.94612,0.46079,-0.29006,8.9873,3.25,1.8273,0.033613,0.001862,-0.013345,-0.86183,-0.25218,-0.56807,9.1366,-2.8924,2.0163,0.043093,0.010132,0.004386,-0.8238,0.66207,-0.029023,-9.672,0.063828,-1.5665,-0.01172,0.009748,-0.01953,0.84867,-0.097838,0.52162,-9.6941,-0.76059,-1.3937,-0.003187,-0.008573,0.023969,1.1304,0.35385,-0.015127
9.5321,-0.073682,2.341,-0.032305,-0.001933,-0.001186,-0.94367,0.45983,-0.28955,9.0311,3.3857,1.8427,0.032544,-0.013105,-0.008943,-0.86057,-0.25293,-0.56903,9.1754,-2.8004,2.0104,-0.001933,0.006417,-0.018616,-0.82348,0.6635,-0.030311,-9.687,0.10858,-1.5219,0.004043,-0.00258,-0.01078,0.84883,-0.098867,0.52163,-9.6643,-0.89546,-1.3189,0.004265,7.2e-05,0.007721,1.1298,0.35333,-0.015934
9.5176,-0.050983,2.2515,-0.029506,0.005982,-0.00943,-0.94474,0.46115,-0.28947,8.9968,3.3423,1.8034,-0.020293,-0.004999,0.001303,-0.86028,-0.2545,-0.56872,9.134,-2.788,2.0291,-0.011192,0.004945,-0.002744,-0.82432,0.66251,-0.031842,-9.6351,0.15403,-1.5809,-0.014655,-0.000822,-0.008999,0.84756,-0.098067,0.5179,-9.694,-0.74581,-1.3489,0.002523,0.01619,0.006935,1.1304,0.35227,-0.015363
9.5624,-0.043729,2.1997,-0.000633,-0.01664,-0.010203,-0.9464,0.46073,-0.28777,9.0605,3.3011,1.7963,0.010189,-0.022856,-0.016822,-0.86109,-0.25391,-0.56669,9.1438,-2.8586,2.0598,-0.041091,0.004157,-0.023097,-0.82503,0.66201,-0.03098,-9.6793,0.063612,-1.5217,-0.024193,0.023854,-0.017666,0.84715,-0.098446,0.51788,-9.724,-0.73078,-1.3344,-0.011178,-0.003423,0.014087,1.1307,0.35174,-0.014811
9.5622,-0.051402,2.2668,0.010465,0.022609,-0.020385,-0.94649,0.45979,-0.28696,9.0335,3.3132,1.7938,-0.018736,-0.036792,0.002902,-0.8613,-0.25367,-0.56579,9.1488,-2.9266,2.0928,-0.034354,0.013783,-0.004528,-0.82569,0.6628,-0.029015,-9.6941,0.033555,-1.5219,-0.029473,0.00626,-0.021324,0.84806,-0.098026,0.52002,-9.6641,-0.74593,-1.3558,-0.014534,0.008782,-0.001226,1.1303,0.35068,-0.014804
9.5026,-0.058271,2.2513,0.024699,-0.02677,-0.017424,-0.94702,0.46097,-0.28672,9.0239,3.2696,1.7984,-0.008691,-0.010299,0.002953,-0.86184,-0.25419,-0.5662,9.1196,-2.9459,2.0805,-0.009234,0.012027,-0.010695,-0.82521,0.66252,-0.029488,-9.6497,0.093914,-1.5661,-0.014832,0.000951,-0.000174,0.84843,-0.098623,0.51872,-9.6642,-0.79811,-1.3859,-0.018888,0.002237,-0.01392,1.1319,0.35083,-0.014355
9.5765,-0.12614,2.4007,-0.049484,0.009035,0.004221,-0.94855,0.45885,-0.28514,9.0754,3.2356,1.8059,-0.006933,-0.015596,0.002914,-0.86228,-0.25183,-0.56653,9.1074,-2.9507,2.0657,0.041629,-0.005706,-0.009794,-0.82422,0.66171,-0.029792,-9.6494,0.078603,-1.4911,-0.017534,0.013281,0.001677,0.8482,-0.099933,0.5195,-9.6943,-0.88014,-1.3866,-0.038769,-0.005893,-0.013909,1.1328,0.35044,-0.013788
9.5773,-0.11743,2.0724,0.043855,0.00639,-0.004777,-0.94883,0.45938,-0.28542,9.0605,3.3034,1.8085,0.049514,-0.010384,0.000705,-0.86356,-0.25186,-0.56608,9.1243,-2.7904,1.9996,0.02524,-0.005449,0.005223,-0.82377,0.66196,-0.03104,-9.6944,0.093491,-1.507,0.003904,0.016794,-0.002705,0.84736,-0.099278,0.51605,-9.6793,-0.91785,-1.3043,-0.011654,0.021121,-0.01199,1.1315,0.35307,-0.014677
9.6225,0.037371,2.1783,0.028511,0.016333,-0.010297,-0.94862,0.45863,-0.28649,8.9873,3.2646,1.8273,0.063924,-0.00517,-0.004738,-0.864,-0.25372,-0.56502,9.1633,-2.8563,2.1114,-0.000134,-0.01359,-0.018666,-0.82427,0.66146,-0.030925,-9.6055,0.21405,-1.5579,-0.030964,0.011518,0.005216,0.8478,-0.099561,0.5166,-9.7092,-0.82034,-1.3792,-0.018788,0.020997,-0.017392,1.1312,0.35228,-0.015471
9.5255,0.023275,2.1924,0.037679,0.035025,-0.014022,-0.94725,0.45848,-0.28617,9.0065,3.5115,1.8966,0.078441,0.024829,-0.009105,-0.86436,-0.25348,-0.56439,9.1047,-2.7905,2.1094,-0.02171,0.004605,-0.012481,-0.8253,0.66241,-0.031258,-9.7095,0.093745,-1.5823,-0.001773,0.015055,0.014045,0.84658,-0.10045,0.52008,-9.6196,-0.97006,-1.408,-0.02063,0.003042,-0.017542,1.1319,0.35306,-0.012668
9.5252,-0.03605,2.2069,0.035957,0.051147,-0.015919,-0.94799,0.4589,-0.28728,8.9917,3.4392,1.8184,0.011284,0.010722,-0.015755,-0.86292,-0.25581,-0.56466,9.1099,-2.9994,2.14,-0.019957,0.008316,-0.009841,-0.82522,0.66044,-0.029555,-9.6503,0.21379,-1.5362,-0.008682,-0.006095,0.000686,0.84684,-0.10182,0.51905,-9.6942,-0.85029,-1.379,-0.002618,0.019371,-0.012021,1.1322,0.35463,-0.011357
9.5774,-0.007043,2.2597,0.018618,0.044418,0.006894,-0.94806,0.45737,-0.28862,9.0187,3.4415,1.8381,0.066076,0.028273,-0.022332,-0.86311,-0.25733,-0.56595,9.0904,-3.004,2.086,0.03323,-0.003497,0.007855,-0.82415,0.6625,-0.031075,-9.7241,0.048438,-1.5225,-0.003432,0.021224,0.008787,0.84685,-0.10133,0.51957,-9.7093,-0.8801,-1.3794,-0.006455,-0.007305,-0.001328,1.1323,0.35411,-0.01108
9.577,-0.036972,2.3341,0.028717,0.063932,-0.005029,-0.94768,0.45647,-0.28914,9.016,3.449,1.787,0.012135,0.009005,-0.011321,-0.86174,-0.25995,-0.5653,9.0708,-2.9165,2.0646,0.004414,-0.005226,0.020186,-0.82354,0.66105,-0.031381,-9.7234,-0.071683,-1.4924,0.018377,-0.006106,-0.014367,0.84783,-0.103,0.52277,-9.6343,-0.83561,-1.3855,0.001009,0.022952,-0.012034,1.1315,0.35462,-0.010182
9.5325,-0.00689,2.3116,0.010474,0.044442,0.004145,-0.94637,0.45693,-0.29234,9.0115,3.3229,1.7961,0.024873,0.010573,-0.030997,-0.86156,-0.26043,-0.56685,9.1147,-2.9435,2.1195,0.015498,-0.016531,0.00252,-0.82358,0.66275,-0.03219,-9.6348,0.12385,-1.5358,0.041559,-0.009701,-0.01965,0.84752,-0.10158,0.52249,-9.724,-0.73065,-1.3718,0.004656,0.022916,-0.015625,1.1315,0.35541,-0.00953
9.5324,-0.036464,2.2965,0.010536,0.059731,0.008638,-0.94716,0.45693,-0.29197,9.0187,3.3931,1.8232,0.028114,-0.00157,-0.004401,-0.86082,-0.26034,-0.56524,9.1389,-2.8562,2.111,0.035642,-0.011385,0.01935,-0.82301,0.66287,-0.033427,-9.5761,0.31157,-1.5349,-0.001568,-0.000857,-0.000142,0.84869,-0.10026,0.51769,-9.709,-0.76073,-1.3342,0.012559,0.008857,-0.00308,1.1306,0.35553,-0.009429
9.5175,-0.014237,2.3264,0.022273,0.053381,0.008682,-0.94531,0.45726,-0.29514,9.026,3.369,1.7843,0.000335,-0.006828,-0.004203,-0.85985,-0.26198,-0.56686,9.1437,-2.8149,2.0884,0.033143,0.005627,0.009672,-0.82253,0.66389,-0.033937,-9.7238,0.010815,-1.4925,-0.014025,-0.002531,0.00332,0.8484,-0.101,0.51716,-9.6793,-0.8502,-1.4236,-0.01435,-0.000465,-0.01575,1.1322,0.35633,-0.009126
9.5771,-0.036883,2.3117,0.038586,0.039564,-0.012208,-0.946,0.45649,-0.29544,9.0114,3.3495,1.8036,0.004989,0.01167,-0.009483,-0.8601,-0.26173,-0.56662,9.1487,-2.8829,2.0603,0.014897,-0.02416,-0.010727,-0.82332,0.66471,-0.034507,-9.6641,0.01864,-1.5138,0.011181,-0.021968,-0.012698,0.84938,-0.10154,0.51746,-9.6941,-0.79074,-1.3191,-0.020616,0.013794,-0.018347,1.133,0.35582,-0.010291
9.5098,-0.036785,2.4231,0.024846,0.015555,-0.00574,-0.94546,0.45609,-0.29541,9.0263,3.4677,1.9257,-0.013367,-0.035094,-0.002445,-0.86089,-0.26147,-0.5668,9.1585,-2.8975,2.0729,0.026332,-0.00117,-0.004484,-0.82333,0.66328,-0.034719,-9.6502,0.21363,-1.4987,-0.015758,0.009759,-8.5e-05,0.84773,-0.10038,0.5145,-9.6793,-0.84278,-1.4087,0.011888,0.013933,-0.017528,1.1315,0.35526,-0.008065
9.4881,-0.013436,2.1844,0.064658,-0.013751,-0.027461,-0.94589,0.45507,-0.29596,8.9915,3.4345,1.7868,0.042464,0.012632,0.004448,-0.86074,-0.26187,-0.56639,9.1048,-2.8341,2.0881,0.044146,-0.016417,-0.002738,-0.82284,0.66236,-0.035173,-9.6938,-0.011506,-1.5069,0.003959,-0.000815,-0.005497,0.84855,-0.10064,0.51428,-9.642,-0.95493,-1.4307,0.004403,0.003511,0.000498,1.1314,0.35579,-0.008346
9.5097,-0.08094,2.3482,-0.052202,0.014521,0.013305,-0.94502,0.4562,-0.29485,8.9673,3.3811,1.8034,-0.020408,-0.020026,0.001224,-0.86114,-0.26161,-0.56654,9.1292,-2.8634,2.1012,0.053151,-0.009191,-0.007124,-0.82371,0.6629,-0.034728,-9.6202,0.19128,-1.5056,0.017958,0.011464,0.003453,0.84899,-0.10054,0.51495,-9.6941,-0.76812,-1.3788,-0.009891,0.018521,-0.008394,1.1323,0.3571,-0.006079
9.5173,-0.066154,2.3409,0.066465,-0.00465,-0.019281,-0.94606,0.45665,-0.29666,9.016,3.4441,1.7943,-0.004139,-0.013961,-0.012198,-0.86115,-0.26017,-0.56657,9.1973,-2.7519,1.9952,0.024589,-0.023948,-0.005389,-0.82311,0.66263,-0.035447,-9.709,0.040903,-1.4997,0.005433,0.009763,0.008707,0.85008,-0.10029,0.51474,-9.6793,-0.9027,-1.364,0.017204,-0.00392,-0.014943,1.1325,0.35804,-0.007555
9.5925,0.037375,2.2377,0.006998,0.064042,-0.006884,-0.94637,0.45485,-0.29733,8.9772,3.3616,1.818,-0.028457,-0.020917,-0.000493,-0.86237,-0.25984,-0.56482,9.1146,-2.8536,2.0593,-0.017568,-0.003299,-0.038107,-0.82315,0.66108,-0.036163,-9.664,0.003485,-1.4763,0.030208,-0.014934,0.012058,0.84951,-0.10002,0.51445,-9.6717,-0.82041,-1.4085,0.008089,0.016005,-0.003037,1.1326,0.3579,-0.006881
9.4579,-0.013757,2.3259,-0.007625,0.042691,-0.001351,-0.94826,0.45461,-0.29754,9.0091,3.4437,1.8939,0.017277,-0.008622,-0.002564,-0.86222,-0.25952,-0.56691,9.0805,-2.8972,2.1182,-0.012362,-0.008526,-0.031061,-0.82502,0.6614,-0.035764,-9.6796,0.12355,-1.5067,0.043129,-0.014076,-0.010853,0.84918,-0.099705,0.51313,-9.6718,-0.85037,-1.3861,-0.011815,-0.006513,-0.004946,1.1316,0.35775,-0.006112
9.5323,-0.066156,2.3112,0.023257,0.051299,-0.013196,-0.94842,0.45345,-0.29795,9.0065,3.3326,1.7889,0.001224,-0.019287,-0.013177,-0.8637,-0.25906,-0.56517,9.1342,-2.9509,2.1248,0.000191,0.0042,-0.034544,-0.8255,0.66207,-0.035176,-9.6132,0.28131,-1.5056,0.005936,-0.016704,-0.019668,0.85032,-0.098992,0.51423,-9.6792,-0.83537,-1.3937,0.036927,0.010771,-0.00133,1.1334,0.35685,-0.006969
9.525,0.007751,2.3713,-0.018559,0.028409,-0.004942,-0.94661,0.4536,-0.29936,9.0259,3.444,1.8138,0.004743,-0.015687,-0.006054,-0.86337,-0.26039,-0.56421,9.1586,-2.9753,2.1256,0.044576,-0.020585,-0.022174,-0.82474,0.66048,-0.035091,-9.6357,0.27397,-1.566,0.015896,0.004438,0.015772,0.85026,-0.099321,0.51278,-9.6346,-0.96242,-1.4381,0.017149,0.006993,-0.006749,1.1343,0.35672,-0.00574
9.4799,-0.080729,2.3555,-0.036838,-0.003715,-0.002101,-0.94628,0.45383,-0.29827,9.0113,3.3376,1.7695,-0.009691,-0.020872,0.005578,-0.86384,-0.25892,-0.56531,9.117,-2.8682,2.0987,0.029178,0.003186,-0.013313,-0.82572,0.65921,-0.0346,-9.6798,0.15361,-1.5218,0.019785,0.030854,0.003582,0.85119,-0.098289,0.5123,-9.6792,-0.79796,-1.4085,-0.035124,0.003975,-0.013862,1.1329,0.35618,-0.005244
9.5474,-0.007069,2.3266,-0.027637,0.023087,-0.004932,-0.94741,0.4549,-0.29913,9.0188,3.3109,1.7767,0.032438,-0.020085,0.000787,-0.86377,-0.25831,-0.56401,9.1049,-2.9119,2.1188,0.001486,0.004819,-0.011583,-0.82574,0.65934,-0.034857,-9.6503,0.2511,-1.4913,-0.017306,0.016798,-0.010617,0.85189,-0.098813,0.51233,-9.6196,-0.99257,-1.3782,-0.002734,-0.005672,-0.008598,1.1347,0.35712,-0.004939
9.5176,-0.006858,2.3339,-0.01325,0.016033,0.012443,-0.94636,0.45491,-0.29963,8.9968,3.3809,1.8279,0.022542,-0.02095,0.00265,-0.86535,-0.25909,-0.56434,9.1048,-2.9022,2.1284,0.026618,-0.000611,-0.01863,-0.82661,0.65872,-0.034632,-9.68,0.19861,-1.5218,-0.004926,0.009755,-0.007146,0.85233,-0.10023,0.51577,-9.6344,-0.8653,-1.4378,-0.017131,0.005037,-0.00849,1.1349,0.3562,-0.00558
9.5247,-0.036817,2.4009,0.014033,0.015453,-0.019434,-0.94742,0.45491,-0.2994,9.0064,3.3956,1.8135,0.027847,-0.027114,0.005244,-0.86746,-0.25813,-0.56212,9.134,-2.8781,2.1529,0.039951,-0.000468,-0.016838,-0.8258,0.65858,-0.036102,-9.68,0.21342,-1.4768,-0.012212,0.00801,-9.5e-05,0.85088,-0.10205,0.51675,-9.672,-0.9399,-1.4163,-0.020705,-0.013038,-0.015818,1.1346,0.35646,-0.00626
9.5178,0.022981,2.2818,0.00855,0.022958,0.006057,-0.94674,0.45308,-0.29936,9.0015,3.444,1.8331,0.032509,-0.001508,0.00357,-0.86624,-0.2584,-0.5614,9.117,-2.8731,2.1354,0.058554,-0.009214,-0.009773,-0.82517,0.6579,-0.036177,-9.6795,0.12339,-1.4692,-0.024785,0.009789,0.006958,0.85166,-0.10063,0.51285,-9.7016,-0.79044,-1.394,-0.057923,-0.007459,0.000599,1.1341,0.35751,-0.005497
9.5027,0.037416,2.4087,0.020312,0.00831,-0.013922,-0.9457,0.45354,-0.29757,8.9818,3.4175,1.7842,0.011876,0.000359,0.011744,-0.86601,-0.2589,-0.56203,9.1097,-2.8366,2.0736,0.033372,0.008097,-0.000932,-0.82612,0.65821,-0.037499,-9.6723,0.13873,-1.5441,-0.018948,0.00272,-0.016034,0.85055,-0.10035,0.5128,-9.6644,-0.89525,-1.3787,-0.028833,-0.007677,-0.014863,1.1342,0.35777,-0.005365
9.4511,0.046101,2.1919,0.077277,-0.030058,-0.033759,-0.94773,0.452,-0.29777,8.9915,3.42,1.7673,0.030037,0.017892,-0.002537,-0.86716,-0.2597,-0.56182,9.1194,-2.8341,2.0443,0.030056,-0.008578,-0.011564,-0.82668,0.65773,-0.038651,-9.6496,0.12351,-1.4686,-0.003135,0.01502,-0.007123,0.85108,-0.10148,0.51178,-9.6794,-0.9249,-1.4238,-0.035501,-0.009848,0.011377,1.1359,0.35725,-0.003836
9.4728,-0.050741,2.281,0.006596,-0.007541,0.004355,-0.94875,0.4525,-0.2966,9.0257,3.4661,1.7702,0.021002,0.005526,-0.004295,-0.86575,-0.25975,-0.55978,9.1144,-2.7565,2.0991,0.032521,-0.009242,-0.002726,-0.8255,0.65756,-0.040228,-9.62,0.16872,-1.4906,-0.025233,0.002706,-0.014263,0.85212,-0.10156,0.51366,-9.6793,-0.89528,-1.349,-0.01541,0.00154,-0.004877,1.1349,0.3583,-0.003891
9.5251,-0.00683,2.3115,0.070975,-0.01282,-0.02471,-0.94761,0.44985,-0.29559,8.9892,3.415,1.8086,0.008364,-0.017516,-0.011439,-0.86764,-0.2605,-0.56118,9.2265,-2.7595,2.074,-0.017267,0.002804,-0.011559,-0.82678,0.65671,-0.040522,-9.7022,0.16846,-1.5072,-0.01466,0.011537,-0.008904,0.85169,-0.10218,0.51312,-9.6718,-0.83532,-1.416,0.006251,0.01245,-0.001247,1.137,0.35647,-0.003787
9.5624,0.037143,2.3569,-0.007717,0.019308,-0.010356,-0.94878,0.45063,-0.29483,9.0213,3.3011,1.7888,0.029988,0.001041,-0.008862,-0.86735,-0.25844,-0.56015,9.0852,-2.7952,2.0871,-0.016367,0.002864,-0.011601,-0.82653,0.65722,-0.04065,-9.6643,0.063577,-1.4989,-0.010208,0.000949,-0.009,0.85117,-0.10308,0.51349,-9.6644,-0.91001,-1.431,-0.033621,0.014354,0.011526,1.1365,0.35685,-0.002878
9.481,0.009262,2.08,-0.01519,-0.021779,0.004379,-0.94817,0.45215,-0.29333,8.9989,3.4297,1.7771,0.010965,0.000382,0.013535,-0.86576,-0.26,-0.56004,9.1096,-2.8196,2.0757,-0.039677,0.009164,-0.006311,-0.82586,0.65797,-0.039879,-9.6946,0.17558,-1.4095,0.007735,-0.004341,-0.019596,0.85193,-0.10214,0.51208,-9.6792,-0.85044,-1.3564,-0.031809,0.015219,0.009724,1.1375,0.35661,-0.004173
9.5625,0.022503,2.312,0.010335,0.004805,-0.012096,-0.95088,0.45127,-0.2937,9.0063,3.3474,1.7476,0.037103,-0.001582,-0.005375,-0.86759,-0.26053,-0.56026,9.1535,-2.8684,2.1041,-0.015415,-0.008119,-0.013377,-0.82654,0.65707,-0.038372,-9.665,0.19111,-1.5065,-0.010014,0.020311,-0.017663,0.85308,-0.10296,0.51306,-9.6719,-0.91,-1.4237,0.000859,0.006999,-0.00398,1.1372,0.35737,-0.001138
9.5178,0.030272,2.3117,-0.017527,0.053505,-0.003228,-0.94981,0.45035,-0.29392,8.9914,3.454,1.7602,0.020944,0.001132,-0.000769,-0.86777,-0.26109,-0.55882,9.1364,-2.8198,2.1397,-0.021904,0.021164,-0.004493,-0.82601,0.65665,-0.037827,-9.7017,0.070838,-1.4771,-0.003087,7.8e-05,-0.009884,0.85142,-0.10332,0.50944,-9.6493,-0.83535,-1.438,-0.015298,0.014907,-0.008424,1.139,0.35686,-0.000405
9.5027,0.008049,2.3413,0.00512,0.049672,-0.010477,-0.9507,0.4504,-0.29531,9.0112,3.4296,1.7942,0.003886,-0.005927,-0.001554,-0.8676,-0.26105,-0.56038,9.1461,-2.8004,2.1199,-0.028844,0.0136,-0.013344,-0.82753,0.65723,-0.037923,-9.6949,0.21336,-1.4771,-0.019163,-0.009584,-0.009041,0.85339,-0.10274,0.51058,-9.6942,-0.8354,-1.3641,-0.012057,0.004652,0.015038,1.1381,0.35765,-0.001646
9.54,0.007749,2.3416,-0.024095,0.016035,0.006047,-0.94862,0.45048,-0.29428,9.0211,3.3666,1.794,-0.000413,-0.003419,-0.018407,-0.86751,-0.26291,-0.55916,9.1389,-2.8538,2.0988,-0.021931,0.012141,-0.001864,-0.82589,0.65769,-0.037977,-9.6722,0.15345,-1.4766,-0.012095,8e-05,-0.005457,0.85225,-0.10358,0.51262,-9.6495,-0.95498,-1.4085,-0.008318,0.01799,0.009675,1.1386,0.35619,-5e-06
9.5253,0.023039,2.252,-0.035911,0.005335,0.006072,-0.94943,0.4518,-0.29432,8.994,3.4345,1.7893,-0.018461,-0.019288,-0.01656,-0.86859,-0.26108,-0.55952,9.1291,-2.8489,2.1083,-0.03093,0.01216,0.001656,-0.82613,0.65731,-0.037726,-9.6945,0.10855,-1.522,-0.013706,0.015051,-0.010658,0.85332,-0.10483,0.51137,-9.6719,-0.86507,-1.4534,0.016936,0.009128,0.00956,1.1391,0.35541,-0.00064
9.5624,-0.014361,2.267,-0.010451,0.012106,-0.012159,-0.94979,0.45073,-0.29352,9.0063,3.3692,1.7502,0.015627,-0.01225,-0.015922,-0.86701,-0.26082,-0.55917,9.1486,-2.8465,2.111,-0.028876,0.017283,-0.011573,-0.82694,0.65683,-0.038765,-9.6721,0.13089,-1.4616,0.005512,0.009745,0.003432,0.85329,-0.10429,0.51084,-9.6943,-0.85018,-1.4089,-0.020891,-0.000154,0.000556,1.139,0.35725,0.000121
9.5477,0.008102,2.2372,-0.009483,0.021005,-0.015846,-0.94981,0.45094,-0.29135,9.0111,3.3958,1.7576,0.006549,-0.015678,-0.005191,-0.86814,-0.2613,-0.5608,9.1632,-2.8466,2.1137,-0.011182,-0.009633,-0.002772,-0.82728,0.65618,-0.038006,-9.6948,0.19086,-1.4771,-0.006619,-0.0008,-0.012513,0.85301,-0.10518,0.50716,-9.6943,-0.86518,-1.394,-0.003947,-0.002486,0.014971,1.1395,0.35567,0.00043
9.5474,0.029736,2.3866,-0.025913,0.008776,-0.00304,-0.94921,0.45025,-0.29024,9.0112,3.3595,1.7501,-0.002472,-0.021823,-0.001597,-0.86834,-0.26146,-0.55976,9.1461,-2.798,2.1419,-0.016352,0.008244,-0.013341,-0.82663,0.65693,-0.037488,-9.6793,0.0933,-1.4467,-0.001221,0.004465,-0.01426,0.85196,-0.1061,0.50475,-9.6718,-0.84279,-1.416,-0.001177,0.01634,0.015079,1.1396,0.35592,0.002159
9.5328,0.045086,2.2821,-0.067579,0.003634,-0.004905,-0.9516,0.45143,-0.28953,9.038,3.408,1.7481,-0.001512,-0.008534,0.001144,-0.8682,-0.26186,-0.55961,9.1535,-2.8466,2.1306,-0.01123,0.008583,-0.001855,-0.82611,0.65717,-0.037342,-9.6949,0.19846,-1.4996,0.007527,-0.004338,-0.009007,0.85453,-0.10444,0.50749,-9.6644,-0.88015,-1.4234,-0.006584,0.001905,0.011376,1.1409,0.35594,0.001802
9.5187,0.039067,1.9611,-0.027524,0.024567,-0.021374,-0.94973,0.45044,-0.28729,9.0159,3.3912,1.7163,0.001164,-0.020089,-0.00606,-0.86686,-0.26212,-0.55901,9.0998,-2.7806,2.0529,-0.005555,0.010094,-0.016867,-0.82546,0.6561,-0.036899,-9.6499,0.18348,-1.4612,7.1e-05,0.022069,0.008822,0.85264,-0.10483,0.50832,-9.7093,-0.85001,-1.4391,-0.006395,0.016038,0.000635,1.1407,0.35606,0.002724
9.5479,0.082007,2.2824,0.04668,0.016906,-0.026691,-0.95142,0.44932,-0.2887,8.9623,3.3571,1.7571,-0.027493,-0.020073,-0.005836,-0.86798,-0.26112,-0.55778,9.1584,-2.854,2.148,-0.053774,0.033299,-0.016867,-0.82705,0.65579,-0.038362,-9.7091,0.078184,-1.4472,-0.008261,-0.000795,-0.017829,0.8543,-0.10536,0.50827,-9.6417,-0.77584,-1.378,0.000677,0.010847,0.009595,1.1407,0.35501,0.002211
9.5699,0.037083,2.3569,-0.007753,0.012139,-0.010325,-0.95217,0.44825,-0.28764,9.0798,3.3618,1.7676,0.035535,0.005327,-0.025762,-0.86796,-0.26236,-0.56011,9.1096,-2.8245,2.132,-0.006408,0.000929,-0.018656,-0.82653,0.65719,-0.038122,-9.672,0.12327,-1.4315,0.009512,-0.01668,-0.019695,0.85524,-0.10548,0.51093,-9.6793,-0.8501,-1.4535,0.000661,0.016315,0.013268,1.1413,0.3546,0.003702
9.4885,0.02393,2.1025,-0.007618,0.025378,-0.019523,-0.95193,0.44866,-0.28817,9.0256,3.4347,1.7384,-0.010639,-0.027933,0.004674,-0.87021,-0.26269,-0.5584,9.1437,-2.8441,2.1378,-0.007403,-0.004414,-0.013361,-0.82669,0.65617,-0.03886,-9.6797,0.18324,-1.4318,0.003658,-0.009611,0.004191,0.85518,-0.10529,0.50949,-9.6943,-0.83501,-1.4761,-0.008339,-0.005352,0.00682,1.1403,0.35658,0.002701
9.5776,0.037406,2.26,-0.015023,-0.000476,-0.017581,-0.9519,0.44916,-0.28763,9.021,3.3378,1.7307,0.014707,-0.009538,-0.009678,-0.86825,-0.26281,-0.55829,9.1388,-2.8441,2.1426,0.013818,-0.002186,-0.004502,-0.82705,0.65592,-0.038492,-9.6652,0.25095,-1.4691,-0.005144,0.011517,0.001702,0.85486,-0.10576,0.50843,-9.6866,-0.74559,-1.4235,-0.015632,0.01181,0.015087,1.1425,0.35448,0.004539
9.593,0.082296,2.1186,-0.004084,0.019275,-0.006711,-0.95183,0.44874,-0.28641,9.0256,3.3912,1.7091,-0.017773,-0.026153,0.004736,-0.86769,-0.26256,-0.55761,9.1241,-2.7882,2.1414,0.001263,0.010495,-0.002723,-0.82664,0.6559,-0.037838,-9.6352,0.2211,-1.4759,0.002068,0.019412,-0.001779,0.85246,-0.10668,0.50648,-9.6195,-0.88773,-1.4526,-0.01018,-0.005326,0.009507,1.1435,0.35501,0.004697
9.5183,0.10471,2.2227,-0.000461,0.010111,-0.02126,-0.95186,0.44915,-0.28696,8.9965,3.2919,1.6963,-0.006079,-0.027995,-0.000725,-0.86854,-0.26241,-0.55871,9.129,-2.815,2.1688,-0.007441,0.013779,-0.013326,-0.82654,0.65746,-0.038383,-9.7092,0.10803,-1.4098,4.5e-05,0.004494,0.008688,0.85456,-0.1075,0.50711,-9.709,-0.67062,-1.4685,-0.02448,0.003425,0.000587,1.1431,0.35606,0.005726
9.5777,0.074418,2.2677,-0.032228,0.008751,-0.006698,-0.95449,0.44888,-0.2857,9.0111,3.3499,1.7282,0.022688,-0.020155,-0.0098,-0.86943,-0.26229,-0.55837,9.1266,-2.8149,2.1346,-0.007555,0.021198,-0.008012,-0.82779,0.65492,-0.040524,-9.7234,-0.012183,-1.3724,0.012684,-0.006084,-0.000231,0.85459,-0.10829,0.50763,-9.7089,-0.68598,-1.349,-0.059339,-0.031915,0.032096,1.1443,0.35396,0.005538
9.5928,0.074534,2.2081,-0.016715,0.022843,-0.016771,-0.95395,0.44926,-0.28569,9.0647,3.4493,1.7363,0.006479,-0.017371,0.001041,-0.87037,-0.26157,-0.55634,9.1728,-2.7763,2.1493,-0.020838,0.008218,-0.012453,-0.82778,0.6557,-0.040419,-9.6943,0.13793,-1.372,0.018105,0.000936,-0.005446,0.85515,-0.10983,0.50727,-9.6644,-0.91009,-1.4086,-0.003011,-0.001631,0.013154,1.1458,0.35319,0.005071
9.5331,0.082304,2.2376,-0.003263,-0.002341,-0.015737,-0.95442,0.44884,-0.28448,9.0206,3.4614,1.7312,0.019121,-0.008606,-0.004357,-0.87173,-0.26286,-0.55744,9.1485,-2.781,2.1368,0.003119,0.01223,-0.006242,-0.82649,0.65474,-0.039819,-9.6797,0.18324,-1.4318,0.012914,-0.007873,-0.012561,0.8553,-0.10706,0.50517,-9.7092,-0.76011,-1.5135,0.007768,-0.005065,0.017639,1.1469,0.352,0.006057
9.5183,0.09727,2.2301,0.001245,-0.002307,-0.01026,-0.95345,0.44843,-0.2839,8.9887,3.4785,1.7068,-0.014915,-0.008546,-0.002302,-0.87096,-0.26115,-0.55756,9.1265,-2.7323,2.1258,0.001721,-0.001873,-0.023938,-0.82851,0.65651,-0.039848,-9.6497,0.13851,-1.4686,0.010525,0.000934,0.017489,0.85588,-0.10797,0.50547,-9.6344,-0.86509,-1.4976,-0.017526,-0.00154,0.020409,1.1475,0.35201,0.006212
9.5779,0.11152,2.253,0.020914,-0.059926,-0.020922,-0.95578,0.44801,-0.2821,9.0007,3.3773,1.5898,-0.040132,-0.0261,0.0058,-0.87152,-0.26186,-0.55588,9.1339,-2.798,2.1319,-0.003535,-0.0102,-0.027498,-0.82945,0.65536,-0.038347,-9.6504,0.28835,-1.4313,0.012149,-0.002582,0.021909,0.85617,-0.10888,0.50548,-9.5523,-1.0074,-1.5115,-0.007645,0.027803,-0.035529,1.1478,0.352,0.007283
9.5701,0.044727,2.2973,-0.085728,-0.001581,-0.003079,-0.95481,0.44708,-0.28165,9.0499,3.29,1.5848,-0.020258,-0.009368,0.001276,-0.87145,-0.26053,-0.55668,9.129,-2.8345,2.1887,0.001849,0.002504,-0.030121,-0.82771,0.65257,-0.039062,-9.7015,0.070557,-1.4096,0.027157,0.028235,0.03179,0.85551,-0.10687,0.50361,-9.6492,-0.77564,-1.4229,-0.034624,0.039229,-0.042586,1.148,0.35279,0.007543
9.5483,0.053201,2.0733,0.046554,-0.013637,-0.027484,-0.95528,0.44679,-0.28045,9.0747,3.3476,1.7067,0.037697,-0.033289,0.004243,-0.87297,-0.26108,-0.55597,9.1435,-2.6961,2.1523,0.001381,-0.00784,-0.008046,-0.82794,0.6527,-0.038573,-9.6724,0.21326,-1.4316,0.006711,0.00272,0.028108,0.85526,-0.10904,0.50334,-9.7538,-0.5733,-1.469,-0.017938,0.006715,-0.015671,1.1468,0.35514,0.008789
9.6007,0.17093,2.1715,-0.000375,0.019863,-0.030414,-0.95488,0.44581,-0.27799,9.0454,3.362,1.7358,0.029517,-0.031398,0.018546,-0.87348,-0.26044,-0.55562,9.1874,-2.7522,2.1809,-0.000827,0.004258,-0.030979,-0.82912,0.65224,-0.039378,-9.6944,0.16787,-1.357,0.017447,0.015041,0.025543,0.85572,-0.10998,0.50428,-9.6195,-0.82758,-1.5645,0.001058,0.012149,-0.014829,1.147,0.35502,0.0088
9.504,0.17194,2.1111,-0.02333,-0.029056,-0.010183,-0.95617,0.4469,-0.2794,9.0376,3.5728,1.761,-0.004643,-0.01256,0.044742,-0.87272,-0.25919,-0.55351,9.102,-2.6789,2.1978,-0.051716,-0.005189,-0.029308,-0.82984,0.652,-0.038651,-9.702,0.18296,-1.3872,0.021179,0.014154,0.017597,0.85618,-0.11066,0.50509,-9.6718,-0.80521,-1.4831,-0.0179,0.006656,-0.017509,1.1479,0.35396,0.010046
9.5784,0.11223,2.0739,0.007763,0.024417,-0.017663,-0.95666,0.44675,-0.27847,9.008,3.4185,1.5924,-0.040126,-0.020771,0.008503,-0.87486,-0.25762,-0.55418,9.1047,-2.8197,2.1734,-0.019606,-0.004873,-0.027516,-0.83044,0.65227,-0.037931,-9.6211,0.39352,-1.4458,-0.000902,0.030864,0.01069,0.8567,-0.11064,0.50446,-9.6496,-0.9695,-1.528,0.022507,-0.007262,-0.004138,1.1479,0.35568,0.009346
9.6455,0.14114,2.1194,-0.003943,0.047972,-0.006827,-0.95813,0.44455,-0.27838,9.0446,3.4354,1.5951,0.010241,-0.005037,-0.005157,-0.87355,-0.25878,-0.55435,9.134,-2.8927,2.18,-0.002138,-0.021518,-0.008099,-0.83057,0.65005,-0.0356,-9.6363,0.40878,-1.5212,0.015715,0.038777,0.024865,0.85353,-0.11148,0.50733,-9.6496,-0.96947,-1.5355,0.017434,0.021013,-0.022931,1.1474,0.35553,0.010665
9.608,0.12645,2.1638,0.011466,0.053279,-0.004095,-0.95678,0.4446,-0.28076,9.0645,3.3626,1.6144,-0.007582,-0.008653,-0.016595,-0.87427,-0.25863,-0.55544,9.09,-2.8197,2.1952,0.03195,-0.006936,-0.018634,-0.83187,0.65127,-0.036207,-9.6216,0.4538,-1.5134,-0.006323,0.060826,0.058557,0.85355,-0.11352,0.50707,-9.7093,-0.84988,-1.4764,0.011392,0.034957,-0.041794,1.1477,0.35673,0.010384
9.6009,0.21535,2.1793,0.001555,0.067754,0.000393,-0.95608,0.44464,-0.28276,9.0112,3.3475,1.7355,0.03719,-0.000772,-0.014263,-0.8742,-0.25944,-0.55424,9.0851,-2.7809,2.2263,0.004783,0.005116,-0.000975,-0.83011,0.65043,-0.036472,-9.7834,0.047396,-1.3287,0.02007,0.030927,0.030045,0.85262,-0.1143,0.50769,-9.7088,-0.58853,-1.4458,-0.022605,0.008715,-0.003908,1.1465,0.35869,0.010975
9.6374,0.081464,2.2383,-0.032,0.0718,0.016747,-0.95645,0.44574,-0.28468,9.1066,3.4828,1.8266,0.004086,0.023249,-0.002265,-0.8735,-0.25816,-0.55331,9.129,-2.8783,2.2751,-0.041744,0.012136,0.00517,-0.83099,0.65059,-0.036269,-9.6944,0.19012,-1.297,-0.004902,-0.004316,-0.012529,0.85246,-0.11478,0.50689,-9.6194,-0.85054,-1.4077,-0.006318,0.001486,-0.008548,1.1481,0.35817,0.011703
9.5326,0.007927,2.3117,-0.01482,0.066282,0.015873,-0.95488,0.44627,-0.28557,9.0577,3.3474,1.7504,-0.014473,0.033749,-0.016312,-0.87252,-0.25942,-0.55467,9.1,-2.9534,2.227,0.017841,0.005652,0.015809,-0.83085,0.6511,-0.03615,-9.6214,0.40893,-1.5434,-0.038375,0.009761,-0.024757,0.85231,-0.11401,0.50689,-9.6645,-0.8648,-1.5429,0.015485,0.014025,-0.013925,1.1457,0.35869,0.01002
9.4882,0.023458,2.2219,0.02227,0.055223,0.015051,-0.95492,0.44733,-0.28625,8.9912,3.4011,1.6724,-0.001923,0.039068,-0.012837,-0.87356,-0.25988,-0.55707,9.1098,-2.9362,2.1389,0.10221,-0.014931,0.036183,-0.8305,0.65281,-0.039213,-9.6435,0.36378,-1.5288,-0.044272,0.011555,0.001719,0.85346,-0.11331,0.50838,-9.6197,-1.0446,-1.4455,-0.022649,-0.011026,-0.004061,1.1443,0.35919,0.010897
9.5629,0.082064,2.2378,0.033964,0.035355,0.007867,-0.95328,0.44763,-0.28835,8.952,3.3335,1.6208,0.005128,0.017828,-0.014804,-0.87311,-0.26173,-0.55623,9.1558,-2.7859,2.1223,0.13175,-0.024838,0.030925,-0.82827,0.65377,-0.04001,-9.6358,0.31881,-1.5286,0.001807,0.029102,0.01066,0.85228,-0.11639,0.50872,-9.5302,-1.224,-1.5342,0.012326,0.042121,-0.040006,1.1456,0.36054,0.009847
9.519,0.1058,1.9466,0.093799,0.025632,-0.012092,-0.95254,0.44642,-0.2871,8.9499,3.3282,1.7083,0.053486,0.017715,-0.018758,-0.87137,-0.25959,-0.55748,9.1873,-2.6647,2.1206,0.072065,0.004483,0.023871,-0.8274,0.65506,-0.042908,-9.7102,0.28824,-1.4625,0.012221,0.022092,0.0212,0.85269,-0.11626,0.50848,-9.6645,-0.98489,-1.3789,0.019732,0.068824,-0.051551,1.1438,0.36287,0.012938
9.5774,-0.04379,2.1848,-0.021806,0.11106,0.011108,-0.95137,0.44688,-0.29044,8.982,3.4246,1.8329,0.11641,0.022661,-0.049461,-0.8695,-0.26245,-0.55719,9.1387,-2.7495,2.1654,0.013226,0.005772,0.022018,-0.82688,0.65478,-0.042494,-9.6802,0.30301,-1.3794,0.002385,0.011506,-0.019459,0.85321,-0.11636,0.50772,-9.8282,-0.38682,-1.2904,0.061184,0.000195,0.001304,1.1412,0.36443,0.01216
9.5767,0.006563,2.5657,0.10775,0.10993,-0.015138,-0.95142,0.44809,-0.2964,9.0675,3.7002,1.9805,0.05793,0.017612,-0.030277,-0.86984,-0.26741,-0.55725,9.2728,-2.7792,2.1435,-0.038376,0.041442,0.013235,-0.82692,0.65583,-0.043411,-9.7254,0.31825,-1.4778,-0.008391,0.011542,-0.013283,0.8529,-0.11595,0.50705,-9.642,-0.87989,-1.5277,-0.008418,-0.00882,0.013106,1.1426,0.36418,0.012346
9.4579,0.052445,2.4457,-0.034482,0.10745,-0.001657,-0.94991,0.44467,-0.30092,8.9474,3.5192,1.8185,-0.056648,0.02136,-0.02136,-0.86853,-0.26656,-0.55928,9.1194,-2.9024,2.1898,-0.031018,0.028591,0.00433,-0.82671,0.65726,-0.044199,-9.621,0.31909,-1.5808,-0.019022,-0.018429,-0.016148,0.85189,-0.11804,0.50858,-9.6047,-0.92474,-1.572,0.000962,0.015,-0.006672,1.1425,0.36313,0.012095
9.3612,0.009307,2.3104,-0.013185,0.001217,-0.021253,-0.94913,0.44624,-0.30144,8.908,3.4687,1.7354,-0.071956,0.007258,-0.019546,-0.86861,-0.26587,-0.56074,9.0121,-2.8776,2.2048,0.027503,0.016848,0.022008,-0.82595,0.65684,-0.044274,-9.6651,0.24335,-1.4465,-0.02178,0.00713,-0.010683,0.85312,-0.11755,0.5085,-9.6717,-0.80563,-1.3636,-0.03736,-0.014306,0.013153,1.1434,0.36353,0.012384
9.5771,0.036609,2.4614,0.030279,0.01734,-0.00573,-0.94944,0.4447,-0.30225,9.0549,3.2705,1.6042,-0.062904,0.010826,-0.019607,-0.86738,-0.26439,-0.56187,9.1681,-2.8394,2.1234,0.065422,-0.007034,0.002622,-0.8249,0.65695,-0.045992,-9.7249,0.25056,-1.4327,0.000208,0.006258,-9.5e-05,0.85315,-0.11846,0.5089,-9.6495,-0.92478,-1.498,-0.008207,0.007056,0.000554,1.1449,0.36355,0.012164
9.4806,0.10418,2.4313,-0.024895,0.041187,0.008676,-0.94968,0.44599,-0.30159,9.0013,3.2751,1.6573,0.015746,0.010822,-0.006035,-0.86548,-0.26383,-0.56282,9.1095,-2.7906,2.1486,0.044227,-0.011106,-0.008021,-0.82488,0.65814,-0.048047,-9.6729,0.27354,-1.4993,-0.010587,0.01329,0.007012,0.85225,-0.11825,0.50715,-9.6644,-0.84978,-1.5653,-0.015476,-0.00187,0.003229,1.1442,0.36275,0.011224
9.4578,0.030221,2.4456,0.017561,0.013904,0.001551,-0.94984,0.44574,-0.30214,9.0063,3.3668,1.755,0.026319,-0.013994,-0.011574,-0.86531,-0.26528,-0.56226,9.1288,-2.6741,2.1468,0.010415,-0.009714,-0.01334,-0.82409,0.65654,-0.047455,-9.6651,0.23579,-1.4315,0.009237,0.018537,-0.005308,0.85255,-0.1179,0.50795,-9.6045,-0.8878,-1.4523,-0.020943,-0.007274,0.004087,1.1444,0.36262,0.012165
9.4879,0.081838,2.4461,-0.020529,0.017089,0.018818,-0.94938,0.4461,-0.30104,9.0061,3.4032,1.7406,0.032325,-0.011958,0.019514,-0.8679,-0.26628,-0.55978,9.1095,-2.8101,2.2247,-0.009953,-0.006436,-0.020442,-0.82641,0.65586,-0.048313,-9.7101,0.27315,-1.44,0.002174,-0.00432,-0.009871,0.85156,-0.11926,0.50345,-9.6794,-0.8349,-1.5282,-0.026335,-0.003682,0.004155,1.1431,0.36471,0.012882
9.5031,0.11171,2.3569,-0.022243,0.017699,-0.003077,-0.95043,0.44675,-0.30055,8.9424,3.4976,1.7698,0.015161,-0.015383,0.0312,-0.86872,-0.26523,-0.56023,9.1095,-2.8296,2.2593,0.005277,-0.028189,-0.022238,-0.82574,0.65686,-0.047549,-9.643,0.29594,-1.4462,0.000228,0.000936,-0.001891,0.85347,-0.12041,0.50263,-9.6196,-0.94734,-1.4976,-0.038845,-0.018345,-0.008597,1.1428,0.36326,0.012634
9.5029,0.096653,2.4165,-0.009685,-0.002045,0.000676,-0.94968,0.44716,-0.30147,8.9274,3.4883,1.687,0.029809,0.00033,0.009816,-0.86865,-0.26488,-0.5588,9.1436,-2.8444,2.2674,0.008758,0.006435,-0.020388,-0.82641,0.65635,-0.0458,-9.6356,0.30353,-1.461,-0.006679,0.007097,-0.010672,0.85116,-0.1185,0.50737,-9.6794,-0.82743,-1.5282,-0.000247,0.000146,0.011352,1.1443,0.36248,0.01283
9.4885,0.12694,2.2823,-0.013284,-0.013023,-0.015705,-0.94993,0.44683,-0.29877,8.9418,3.624,1.7072,0.026122,-0.010261,0.009811,-0.86889,-0.26463,-0.55842,9.1046,-2.7979,2.2073,0.042961,-0.004511,-0.033625,-0.82599,0.65531,-0.047518,-9.6726,0.24339,-1.4617,-0.015806,0.015055,0.001725,0.85334,-0.11902,0.50668,-9.6347,-0.9994,-1.5428,-0.01748,0.001116,0.018623,1.144,0.36248,0.012021
9.5032,0.15595,2.4094,-0.007047,-0.032793,-0.019251,-0.95001,0.4468,-0.29769,9.0107,3.5365,1.7412,-0.000721,-0.01557,0.00467,-0.86953,-0.26387,-0.55808,9.0753,-2.7468,2.1791,0.013651,-0.006531,0.002545,-0.82704,0.65432,-0.048302,-9.6734,0.37854,-1.4994,0.016435,-0.00964,-0.012537,0.85308,-0.11928,0.50693,-9.6346,-0.93974,-1.5128,-0.004677,-0.013512,0.002211,1.1441,0.36368,0.01094
9.5639,0.24546,2.1344,-0.036933,-0.023431,-0.000185,-0.95178,0.44546,-0.29558,9.0676,3.4874,1.8629,0.017514,-0.006165,-0.027435,-0.8684,-0.26468,-0.5567,9.1096,-2.8465,2.196,0.004941,-0.015037,-0.006314,-0.82908,0.65362,-0.04864,-9.6658,0.34854,-1.4917,-0.008631,0.018562,-0.001759,0.85261,-0.11758,0.50953,-9.7093,-0.85758,-1.4092,-0.015665,-0.014249,0.01131,1.1431,0.36142,0.011482
9.5413,0.22324,2.1789,0.073723,-0.00109,-0.015634,-0.951,0.44331,-0.29364,9.0187,3.497,1.8918,0.015696,0.028551,0.002991,-0.86972,-0.26553,-0.55937,9.0729,-2.7735,2.1844,-0.014983,-0.008477,0.006921,-0.82752,0.65446,-0.047699,-9.702,0.15321,-1.4472,0.02012,0.016773,-0.01416,0.85255,-0.11727,0.50821,-9.6046,-0.96992,-1.4675,0.022484,-0.00276,-0.002318,1.145,0.35855,0.010397
9.563,0.11164,2.2529,0.057609,0.051259,0.00236,-0.95255,0.44414,-0.29493,8.9696,3.4368,1.8134,-0.021784,0.017825,-0.016338,-0.86747,-0.26578,-0.55885,9.0949,-2.849,2.2545,-0.038013,-0.009807,-0.001059,-0.82732,0.65496,-0.046186,-9.6362,0.40115,-1.4911,0.000638,0.002681,-0.021272,0.85225,-0.11788,0.50741,-9.6344,-0.78271,-1.5572,0.000646,0.001968,0.013148,1.1444,0.35999,0.010352
9.4879,0.096655,2.4462,0.001328,0.035667,0.011472,-0.9502,0.44481,-0.29619,8.9864,3.4058,1.7065,0.030273,0.046165,-0.004172,-0.86681,-0.26507,-0.56105,9.0316,-2.8145,2.1722,-0.013215,-0.002055,0.007804,-0.82699,0.656,-0.04721,-9.673,0.30342,-1.4693,-0.017833,0.016801,-0.028252,0.85252,-0.11712,0.50756,-9.672,-0.91731,-1.4685,-0.008388,-0.001681,0.01136,1.1447,0.35894,0.010914
9.4885,0.068055,2.1849,-0.009511,0.052084,0.033261,-0.95022,0.44573,-0.29661,8.9299,3.3988,1.6477,0.001342,0.008223,-0.00148,-0.86597,-0.26489,-0.56231,9.0658,-2.8827,2.2106,-0.038572,0.016338,0.024595,-0.82622,0.65516,-0.044619,-9.6512,0.40859,-1.4915,0.002313,0.010611,-0.01592,0.85331,-0.11633,0.50694,-9.6718,-0.80516,-1.4981,0.009698,0.016348,0.01324,1.1437,0.35998,0.011127
9.548,0.12634,2.3126,-0.013175,0.032186,0.013292,-0.9502,0.44579,-0.29877,8.9667,3.3818,1.6503,0.04441,0.010753,-0.00982,-0.8661,-0.26606,-0.56256,9.1242,-2.8393,2.1716,-0.043935,0.009933,0.025481,-0.82613,0.65724,-0.045179,-9.6365,0.42396,-1.5662,-0.068431,0.03885,-0.029848,0.85199,-0.11688,0.50478,-9.6496,-0.92455,-1.5653,0.020781,0.012433,-0.004909,1.1448,0.35933,0.01144
9.5631,0.082359,2.1632,-0.042101,0.050462,0.027758,-0.94875,0.44683,-0.29926,8.9864,3.4735,1.7456,-0.006827,0.001187,0.00124,-0.8652,-0.2654,-0.56265,9.078,-2.8949,2.2061,-0.058443,0.020103,0.036064,-0.8242,0.65847,-0.044609,-9.7693,0.15307,-1.4785,-0.024412,0.018625,-0.009737,0.85199,-0.11776,0.50439,-9.7015,-0.7686,-1.2295,-0.082298,-0.004011,-0.001126,1.1448,0.36025,0.011423
9.5993,-0.015251,2.4165,0.003277,0.068026,0.018638,-0.94769,0.44853,-0.29964,9.066,3.3221,1.9569,0.028097,-0.003372,-0.006187,-0.86482,-0.26487,-0.5629,9.1462,-2.888,2.1875,-0.051462,0.025779,0.043169,-0.82402,0.66001,-0.043507,-9.6946,0.19049,-1.3871,0.006104,-0.001702,-0.026633,0.85298,-0.11805,0.50824,-9.6792,-0.82037,-1.4086,-0.031781,0.004394,0.006032,1.1451,0.35879,0.012392
9.5319,-0.051989,2.4754,-0.018482,0.073716,0.031346,-0.94633,0.44981,-0.29933,9.0585,3.4624,2.0231,0.03537,0.026724,0.001047,-0.86377,-0.26591,-0.56282,9.1242,-2.8635,2.1623,-0.027014,0.009212,0.027263,-0.82344,0.66088,-0.042112,-9.6944,0.12327,-1.4545,-0.022466,-0.006066,-0.019623,0.85298,-0.11615,0.50902,-9.6495,-0.86481,-1.5576,-0.015511,0.015283,0.009669,1.1437,0.35825,0.013022
9.5098,-0.051425,2.3783,-0.031364,0.028925,0.028778,-0.94529,0.45347,-0.29985,8.9967,3.4969,1.9062,0.015673,0.030342,0.006554,-0.86328,-0.26478,-0.56569,9.1437,-2.849,2.1525,0.00081,-0.005296,0.020207,-0.82109,0.66184,-0.043028,-9.6726,0.22842,-1.4692,-0.000947,0.002694,-0.028364,0.85305,-0.1166,0.50719,-9.6941,-0.74547,-1.446,-0.035583,-0.021421,0.014917,1.1449,0.35894,0.011052
9.4878,0.008228,2.3263,0.017538,0.009443,0.005214,-0.94605,0.45378,-0.30151,8.9522,3.4686,1.7503,-0.016526,0.022401,0.001426,-0.8616,-0.2658,-0.5661,9.173,-2.837,2.1405,0.020689,-1e-06,0.007885,-0.82051,0.66261,-0.044158,-9.6797,0.16824,-1.4317,0.021782,0.009722,-0.009794,0.85319,-0.11571,0.50418,-9.6942,-0.74534,-1.4834,-0.037411,-0.032181,0.014849,1.1452,0.3575,0.009359
9.5398,0.022241,2.4238,-0.009567,0.021265,0.000577,-0.94806,0.45366,-0.30132,8.849,3.4304,1.6425,-0.011035,0.02141,-0.009321,-0.86194,-0.26342,-0.56721,9.1484,-2.769,2.1806,0.004613,-0.00195,0.007862,-0.81921,0.66346,-0.043357,-9.6654,0.28104,-1.4916,0.005679,0.002695,-0.006295,0.85293,-0.11598,0.50456,-9.6419,-0.85001,-1.5276,-0.00841,0.001972,0.014986,1.1458,0.35566,0.009678
9.4736,0.053565,2.1325,0.017485,-0.03411,-0.032,-0.94696,0.45253,-0.29842,8.9077,3.416,1.6088,0.003777,-0.024453,0.000991,-0.86104,-0.26458,-0.56766,9.1387,-2.7956,2.1564,-0.030939,0.016675,0.000789,-0.81973,0.6631,-0.043626,-9.6801,0.27305,-1.3869,-0.006489,0.014157,-0.019447,0.85164,-0.1154,0.50672,-9.709,-0.7156,-1.4238,-0.006812,-0.011251,0.024869,1.1452,0.35513,0.009004
9.5769,-0.02248,2.4163,-0.056597,0.034156,0.001371,-0.9461,0.45459,-0.29746,9.0109,3.4396,1.7311,0.010018,-0.023575,0.000968,-0.86122,-0.2641,-0.56611,9.095,-2.8732,2.2402,-0.029749,0.013593,-0.013368,-0.82173,0.66291,-0.043092,-9.7085,-0.026969,-1.4096,0.025256,0.013254,-0.00363,0.85388,-0.11535,0.50775,-9.6194,-0.82013,-1.557,-0.010215,-0.008832,0.013097,1.1472,0.35476,0.008013
9.5021,-0.081234,2.4377,0.043104,0.026788,-0.028565,-0.94616,0.45318,-0.29853,9.0677,3.5357,1.9166,0.022788,-0.012334,-0.023946,-0.8626,-0.26673,-0.56562,9.1633,-2.905,2.1587,-0.053805,0.007008,-0.013392,-0.82094,0.66339,-0.04256,-9.6809,0.37107,-1.5145,0.01416,-0.007885,-0.030175,0.85462,-0.11464,0.50582,-9.6646,-0.96932,-1.5582,0.018925,0.028711,0.002449,1.1476,0.3537,0.008575
9.5176,0.015278,2.3564,-0.009395,0.053506,0.000433,-0.94673,0.45346,-0.2991,8.9923,3.3296,1.9127,0.02851,0.014016,-0.038122,-0.86154,-0.26719,-0.56764,9.0319,-3.0233,2.1637,-0.012609,0.005423,-0.019578,-0.82146,0.66238,-0.04281,-9.6499,0.16851,-1.4687,0.018358,0.002665,-0.016023,0.85398,-0.11531,0.50343,-9.694,-0.71572,-1.4086,0.019774,0.00892,-0.001298,1.1474,0.35369,0.010167
9.488,0.02328,2.2667,0.010386,0.017393,-0.006688,-0.94621,0.45268,-0.29948,9.026,3.5574,1.931,0.023073,0.026525,-0.025524,-0.86073,-0.26875,-0.56757,9.0658,-2.8973,2.2207,0.008228,0.003515,0.006074,-0.82132,0.66185,-0.042662,-9.6648,0.19817,-1.4015,0.021408,-0.007878,0.005091,0.85511,-0.11409,0.50453,-9.7015,-0.73091,-1.3266,0.004109,-0.014092,0.015777,1.148,0.35422,0.010441
9.5322,-0.007421,2.4459,-0.000343,0.049803,-0.005918,-0.94586,0.45284,-0.30055,8.9917,3.3522,1.7573,-0.023318,0.02117,-0.039436,-0.86048,-0.26654,-0.56733,9.1729,-2.8664,2.2609,-0.023699,0.01384,-0.004507,-0.81994,0.66258,-0.042864,-9.6808,0.36348,-1.492,0.012994,0.011491,-0.015922,0.85423,-0.11377,0.50671,-9.6419,-0.7977,-1.5349,0.017938,0.002707,0.002261,1.1481,0.35265,0.008612
9.4503,0.015494,2.438,-0.017652,0.033851,0.000504,-0.94722,0.45416,-0.30061,8.9278,3.4104,1.7499,0.010274,0.003735,-0.00602,-0.86033,-0.26765,-0.56952,9.0976,-2.9533,2.2099,-0.018288,0.020242,-0.006282,-0.82123,0.66341,-0.043207,-9.6502,0.24347,-1.4612,-0.024289,0.007121,-0.017744,0.85418,-0.11348,0.50579,-9.6791,-0.74557,-1.4383,-0.002827,-0.006401,-0.001351,1.1479,0.3529,0.009932
9.4573,-0.073613,2.4747,-0.014951,0.027506,-0.004026,-0.94636,0.45471,-0.3022,8.9769,3.3185,1.7157,-0.018659,-0.016379,0.01278,-0.8592,-0.26755,-0.56803,9.0878,-2.907,2.138,-0.021932,0.001262,-0.001023,-0.82093,0.66391,-0.042448,-9.724,0.092876,-1.3875,0.007611,0.003599,-0.012496,0.85531,-0.11276,0.50663,-9.6642,-0.74551,-1.4754,-0.024541,-0.002787,0.004146,1.148,0.3529,0.010199
9.5173,-0.014709,2.4457,-0.019425,0.026453,-0.019525,-0.94647,0.45236,-0.30192,8.9966,3.3811,1.7939,0.047843,-0.00607,-0.010818,-0.86133,-0.26813,-0.56643,9.0682,-2.8778,2.1763,0.022846,0.001413,-0.009807,-0.82001,0.66337,-0.044154,-9.6495,0.1232,-1.3936,0.007825,-0.023732,-0.025037,0.85502,-0.11249,0.50308,-9.6345,-0.91739,-1.4978,0.024435,0.015949,-0.008518,1.148,0.35172,0.009955
9.4878,0.022867,2.3711,-0.015007,0.017679,-0.000335,-0.94635,0.45158,-0.30218,8.9623,3.5358,1.8843,0.056751,0.000129,-0.006395,-0.86094,-0.27073,-0.56689,9.0779,-2.8294,2.1976,0.02121,-0.007886,-0.016887,-0.82053,0.66417,-0.044456,-9.739,0.10782,-1.3879,0.010504,-0.01841,-0.025,0.85499,-0.11082,0.50294,-9.6195,-0.90252,-1.4975,0.037357,0.02186,-0.028417,1.1471,0.35369,0.009758
9.5246,-0.044284,2.4157,0.003162,0.028302,-0.002176,-0.946,0.4531,-0.30055,8.9794,3.5553,1.8821,0.013668,-0.012164,-0.004322,-0.86105,-0.26957,-0.56626,9.0853,-2.8974,2.2112,-0.009348,-0.013309,-0.005456,-0.8201,0.66259,-0.043377,-9.6208,0.31871,-1.4908,0.013148,-0.016712,-0.024953,0.85704,-0.10982,0.5029,-9.7387,-0.53628,-1.3939,-0.029498,0.029781,-0.024541,1.1474,0.35435,0.010554
9.5622,-0.007366,2.3715,0.017716,0.037105,-0.006751,-0.94623,0.45263,-0.30232,9.0016,3.5018,1.9014,0.022823,8.5e-05,-0.016783,-0.86011,-0.27035,-0.56606,9.1341,-2.9802,2.228,-0.009122,-0.008147,-0.016038,-0.82085,0.66379,-0.043324,-9.6365,0.43884,-1.5362,-0.022778,0.002718,-0.00715,0.85618,-0.10788,0.50286,-9.6941,-0.77548,-1.4087,-0.00655,-0.017057,0.004022,1.1467,0.35512,0.011981
9.4799,0.02216,2.5651,0.006771,0.023735,-0.009442,-0.94572,0.45316,-0.30284,8.9523,3.5023,1.8039,0.0031,0.001948,-0.009509,-0.86037,-0.27049,-0.56595,9.0999,-2.9048,2.236,0.007543,0.012315,-0.004498,-0.82154,0.66291,-0.044346,-9.6945,0.13083,-1.4695,-0.012176,0.016818,-4.9e-05,0.85618,-0.10825,0.5026,-9.612,-0.89508,-1.4973,0.022605,0.011473,-0.00765,1.1461,0.35526,0.010494
9.4804,0.067141,2.4311,-0.029594,-0.001956,-0.003002,-0.94645,0.45287,-0.30152,8.9425,3.4346,1.7646,-0.018537,-0.012093,-0.001414,-0.86089,-0.26959,-0.56573,9.0707,-2.9435,2.2118,0.004819,0.003302,-0.000998,-0.82025,0.66286,-0.044025,-9.6648,0.16836,-1.4465,0.011648,-0.009629,0.00507,0.85671,-0.10887,0.50184,-9.6718,-0.78998,-1.5653,-0.03345,-0.003856,-0.003071,1.1473,0.35671,0.011438
9.503,-0.035574,2.1321,0.004866,0.001332,-0.001162,-0.94685,0.45443,-0.30127,8.9817,3.4152,1.7648,0.032388,-0.013821,0.009721,-0.86172,-0.27022,-0.56668,9.0731,-2.8583,2.1321,0.028102,-0.003858,-0.004509,-0.82109,0.66197,-0.043032,-9.6726,0.21351,-1.4917,0.019468,-0.00435,0.013938,0.8563,-0.10786,0.50234,-9.6346,-0.99987,-1.4083,-0.002642,0.023015,-0.0084,1.1468,0.35605,0.011434
9.517,-0.022531,2.5501,0.099023,-0.008403,-0.019208,-0.94695,0.45129,-0.30085,8.9429,3.4486,1.8716,0.013604,-0.017434,0.000965,-0.86167,-0.26998,-0.56576,9.1243,-2.8927,2.2092,-0.005794,-0.004198,-0.005422,-0.82134,0.66226,-0.045454,-9.65,0.25798,-1.3412,-0.001516,0.010627,-0.003591,0.85673,-0.10953,0.50223,-9.6643,-0.80514,-1.5129,0.02285,0.032723,-0.021057,1.1456,0.35656,0.011519
9.5249,0.03703,2.461,0.01389,0.005895,0.0025,-0.9477,0.45153,-0.29966,8.9796,3.4414,1.8573,0.06584,0.012469,-0.009082,-0.86221,-0.26998,-0.56606,9.0413,-2.839,2.2339,-0.012731,-0.009936,-0.015175,-0.82135,0.66224,-0.04318,-9.694,0.048181,-1.4319,-0.022807,0.009789,-0.001879,0.85499,-0.10917,0.50359,-9.7386,-0.5065,-1.3639,-0.012015,-0.010721,0.007706,1.1464,0.35748,0.01379
9.5029,0.023042,2.2966,0.028531,0.031736,0.002398,-0.94746,0.45076,-0.30032,9.0061,3.5845,1.8532,0.015378,-0.008509,0.00814,-0.86112,-0.27103,-0.56545,9.1439,-3.0266,2.2925,-0.00751,-0.009761,-0.008093,-0.82187,0.66188,-0.043449,-9.6953,0.28824,-1.4472,-0.017527,0.013307,-0.001806,0.85739,-0.10787,0.50213,-9.672,-0.92468,-1.4984,-0.047995,-0.005576,0.003291,1.1474,0.35763,0.012221
9.5098,0.022156,2.5056,0.00845,0.004124,0.000676,-0.94781,0.45028,-0.30182,8.9474,3.4443,1.7647,0.01923,0.001045,-0.009656,-0.86213,-0.27054,-0.56473,9.0805,-2.9849,2.2395,0.021844,0.003345,-0.004513,-0.82207,0.66031,-0.042404,-9.6656,0.3036,-1.5066,-0.03263,0.010669,-0.001826,0.85741,-0.10978,0.50187,-9.6346,-0.92483,-1.5052,0.008207,0.021268,-0.008443,1.1466,0.35604,0.012359
9.503,0.052646,2.3043,0.033065,0.023478,-0.010327,-0.94758,0.4516,-0.3025,8.9129,3.5123,1.7454,0.011859,-0.019217,-0.003476,-0.86352,-0.27076,-0.56638,9.0365,-2.8631,2.1707,0.07408,-0.006597,0.014957,-0.82224,0.66191,-0.045743,-9.6199,0.15366,-1.4755,-0.008943,0.009745,0.014022,0.85608,-0.11234,0.50208,-9.6643,-0.7903,-1.483,-0.019066,-0.000152,0.000534,1.1468,0.35737,0.011409
9.5101,0.02254,2.4086,0.080255,0.031011,-0.02853,-0.94677,0.45094,-0.30246,8.9916,3.4368,1.8038,0.029807,-0.010378,-0.000904,-0.86148,-0.27131,-0.56495,9.1388,-2.8174,2.1397,0.035128,-0.012783,0.000802,-0.82232,0.66243,-0.044878,-9.7388,0.085194,-1.3578,-0.014208,0.015092,0.010525,0.85665,-0.11173,0.50276,-9.6643,-0.83518,-1.4682,-0.023574,-0.005583,-0.001298,1.1473,0.35789,0.013412
