4.2245,0.88338,-0.32972,-0.24232,3.1919,0.45103,-0.64741,0.048862,-0.63405,2.193,4.9548,4.243,-0.1685,-0.53785,0.46331,-0.16574,-0.16836,-0.66397,3.1234,-5.1014,4.2285,0.17388,-0.27486,-0.55187,0.17908,0.77219,-0.85226,-6.8828,13.211,-4.7725,1.835,-0.697,-2.0784,0.80709,-0.17821,0.36609,0.44313,-2.1821,6.2846,0.26995,0.08861,1.0829,0.69181,0.76106,-0.22737
0.60494,-0.052032,0.02471,0.17989,4.3054,0.48019,-0.53268,0.057546,-0.73391,3.3133,4.7911,3.9794,0.25271,0.025821,-1.1482,-0.17144,-0.16903,-0.66439,4.0757,-4.1791,5.6449,0.091821,0.80717,0.32582,0.18758,0.77131,-0.84767,2.459,22.545,-4.1148,0.26534,0.11548,0.39768,0.81307,-0.13369,0.36796,-0.10261,-15.805,-8.627,1.903,1.9948,-0.36492,0.73277,0.72962,-0.2385
1.0539,0.51817,-2.6913,1.7104,3.25,-0.34955,-0.4101,0.038107,-0.80963,2.631,3.2629,3.6742,0.53838,0.53187,-2.3362,-0.15559,-0.17063,-0.6675,1.9824,-5.4044,5.6956,-0.16137,1.482,1.0063,0.25085,0.77309,-0.82472,-3.0536,6.5528,-1.4172,-0.65553,0.25768,2.3669,0.82232,-0.2187,0.3545,-2.3624,0.79544,4.4748,-1.5619,-0.24753,-0.87194,0.69969,0.77326,-0.19476
11.668,2.5166,24.79,-4.8872,-3.8519,-0.67572,-0.45549,0.085356,-0.77302,2.0804,13.711,7.8351,0.82458,0.80998,-1.8999,-0.13219,-0.16798,-0.67349,1.0527,-10.315,8.5858,-0.045983,1.4428,0.79356,0.33838,0.7689,-0.7826,-21.859,0.74184,-7.0255,-1.1303,1.2102,4.5698,0.80035,-0.35433,0.35719,-28.519,6.1003,-5.806,1.0033,1.6391,-1.1491,0.68843,0.79254,-0.14146
19.065,3.4522,9.3043,-1.1721,-8.1816,-0.59915,-0.69992,0.1256,-0.57536,0.83749,9.5778,6.302,-0.089367,0.59559,-0.64057,-0.099638,-0.17616,-0.67672,0.49836,-6.4751,10.75,0.058356,0.85155,0.26979,0.38276,0.7621,-0.75687,-23.436,-0.10831,-6.0809,1.0382,1.3184,3.21,0.71437,-0.51204,0.37546,-12.498,15.238,-6.5715,-2.6704,-0.16234,2.3696,0.70237,0.80174,-0.10216
24.323,2.3268,-3.3462,-0.37931,1.981,-0.010818,-0.74564,0.14445,-0.49598,-0.59661,10.42,7.5315,-0.000776,-0.21803,0.57869,-0.09082,-0.17778,-0.67621,2.2997,-6.0877,9.1448,0.067334,-0.17421,-0.3738,0.39234,0.75802,-0.75814,-24.358,-3.7939,-6.1705,-1.1652,1.1634,3.756,0.59989,-0.64424,0.37343,-20.61,-8.7944,-3.606,0.16436,-0.10669,3.066,0.78036,0.75638,-0.038015
11.925,-1.248,4.0867,-0.66365,0.43247,0.23524,-0.72603,0.14341,-0.53259,0.16311,9.7757,7.9682,-0.094072,-0.87802,1.2856,-0.1072,-0.1831,-0.66978,-1.0384,-7.4645,9.1475,-0.11859,-0.90009,-0.7166,0.35903,0.76674,-0.77297,-14.248,-7.2052,-5.8061,0.58265,0.33934,3.6355,0.44556,-0.71164,0.38672,-13.353,-2.5821,-8.2923,2.0617,0.43071,4.0237,0.87354,0.6526,-0.097536
8.0462,0.62543,2.8012,-0.42762,0.2003,0.3146,-0.72979,0.14552,-0.53315,2.6107,6.0737,5.4512,-0.01078,-1.0967,1.7682,-0.14053,-0.18499,-0.66125,1.9415,-6.2462,6.6803,0.28255,-1.2696,-0.579,0.29917,0.7634,-0.80797,-10.227,-7.3694,1.4324,-0.73359,0.44783,1.0298,0.33438,-0.71197,0.42092,-16.638,-1.3449,1.1725,0.25963,0.604,3.7821,0.95971,0.51679,-0.10715
5.2453,0.19375,1.5089,-1.1381,-0.72643,0.22606,-0.77693,0.16116,-0.48317,2.075,5.1103,1.7157,-0.21518,-0.73058,1.4096,-0.16683,-0.19269,-0.65016,3.2159,-4.3813,5.7503,0.49239,-0.93532,-0.4053,0.23216,0.74133,-0.84805,-0.50328,-13.468,0.1939,-2.1556,-0.62228,-0.79181,0.28574,-0.70433,0.39072,-10.656,-8.5973,3.6296,-1.1557,-0.11189,2.6849,1.0556,0.36071,-0.11109
3.8256,0.041976,-0.30837,-0.75396,2.1636,0.51761,-0.75935,0.18941,-0.50698,3.1595,5.95,2.9947,0.20094,-0.007732,0.64653,-0.18687,-0.1932,-0.64608,3.3619,-5.4203,5.245,-0.38255,-0.060489,0.047632,0.21488,0.74205,-0.85545,3.4545,4.1254,0.5844,0.61362,-1.1484,-0.61002,0.32913,-0.693,0.36611,-4.9402,-10.221,-1.0891,-1.9908,-0.18338,2.2081,1.0921,0.2718,-0.11277
2.8501,-0.081433,-0.83881,-0.33737,5.3186,0.20536,-0.64333,0.21354,-0.63706,3.0956,4.5174,4.4264,0.008292,0.92487,-0.82671,-0.18009,-0.19312,-0.65204,1.9814,-4.8314,5.6832,-0.13357,0.57572,0.84198,0.24112,0.74958,-0.84432,1.7221,10.57,-10.591,0.81841,0.67127,-0.55236,0.37504,-0.6728,0.39691,1.5629,-18.778,-0.18055,-0.65718,-0.26074,0.89931,1.0882,0.22171,-0.097514
3.4378,-1.931,-0.7867,1.1157,3.3012,-0.17523,-0.51605,0.19675,-0.752,4.1764,7.4038,5.5835,0.36288,1.4302,-1.6302,-0.14089,-0.18757,-0.66109,1.403,-4.3138,5.6899,-0.46176,1.1433,1.6428,0.31262,0.7495,-0.81964,-6.3414,16.232,-9.3265,0.57465,0.009765,0.21217,0.38579,-0.71403,0.3559,0.63618,-12.969,-0.37477,2.428,-0.16386,-1.2529,1.0777,0.24399,-0.092869
10.858,-1.5718,13.164,0.53593,-3.0618,-0.49559,-0.52826,0.17872,-0.74701,-0.64659,10.91,6.9842,0.23544,1.165,-1.4281,-0.092277,-0.18611,-0.66878,1.3963,-9.2495,9.2571,-0.37605,1.5818,1.3589,0.40944,0.7503,-0.77193,-23.52,-23.865,4.1543,-2.0244,-0.68179,1.9967,0.35505,-0.75831,0.31504,-19.314,-5.9269,-0.81236,2.2571,-0.91848,-2.9076,1.0413,0.32558,-0.10394
18.249,-1.3789,1.8956,0.60936,-5.6177,-0.5354,-0.72315,0.18426,-0.56988,-0.84701,9.5393,9.2173,-0.98313,0.31493,-0.52021,-0.06337,-0.16911,-0.68015,-1.4426,-8.3831,10.588,-0.43706,0.79455,0.30724,0.46951,0.76553,-0.71525,-9.8804,-16.455,-4.7029,4.1328,0.84333,-1.8599,0.36969,-0.72421,0.40799,-24.152,3.5974,-0.80865,0.29095,-0.45856,-3.6143,0.98086,0.45955,-0.1434
24.238,-2.261,-4.4808,0.16573,0.44515,0.43771,-0.78832,0.18921,-0.46859,2.1938,8.024,7.2023,-0.66556,-0.4105,0.44013,-0.068326,-0.15253,-0.68538,1.1253,-7.3291,8.7844,0.32028,-0.53242,-0.39853,0.46893,0.76196,-0.71681,-24.444,3.406,-4.5144,0.032031,-1.6885,-2.8669,0.4887,-0.63422,0.47177,-25.238,1.6613,-5.3741,-1.2168,-0.8737,-4.3907,0.88128,0.61169,-0.15593
11.909,-0.41825,5.9721,0.86206,-0.082088,0.039014,-0.79886,0.17228,-0.47222,-1.4272,10.317,5.9804,0.2284,-0.82036,1.0491,-0.088469,-0.15683,-0.67917,-0.94978,-8.3306,9.8094,-0.20275,-1.3261,-1.0135,0.42545,0.76808,-0.74222,-16.441,-3.9862,-10.093,-0.083426,-1.1595,-3.3947,0.59307,-0.57368,0.43098,-20.554,2.0739,-3.5907,-0.73197,-0.028553,-3.2179,0.77999,0.71703,-0.16949
9.5632,-1.385,0.45699,1.3486,0.060469,-0.090066,-0.79926,0.13659,-0.47078,3.2878,7.7472,5.774,-0.0432,-1.0833,1.351,-0.12394,-0.16152,-0.67251,1.0146,-7.2353,7.0452,-0.26706,-1.4583,-1.2366,0.33938,0.78283,-0.77756,-15.087,3.4028,-5.6319,0.080808,-0.91331,-4.376,0.70308,-0.42965,0.42535,-11.506,5.9047,-2.5012,-0.29939,0.19807,-2.1617,0.70802,0.77441,-0.18151
5.536,0.33126,1.7358,1.0418,0.5979,-0.17424,-0.78133,0.091041,-0.49299,3.6687,4.1554,5.5364,-0.67046,-0.85441,1.3774,-0.15658,-0.15862,-0.66945,1.9521,-5.3669,3.9563,0.26892,-1.2322,-1.182,0.25367,0.7866,-0.80832,-12.676,9.0143,-0.15765,-0.44294,-1.0494,-3.5833,0.77107,-0.28702,0.40392,-4.0194,12.473,-2.5288,-0.55132,0.001877,-0.2937,0.68226,0.78287,-0.21165
4.0075,-0.072322,-1.7402,-0.45541,2.8621,0.37725,-0.68335,0.079755,-0.60069,2.5523,5.4072,4.4271,0.032554,-0.50571,0.52064,-0.18262,-0.15767,-0.66392,2.9286,-5.5779,5.0529,-0.01379,-0.4157,-0.65935,0.18522,0.78685,-0.8346,-7.1135,11.368,-5.2853,0.43039,-0.87838,-2.3114,0.81576,-0.16262,0.3658,3.5697,-3.661,4.2044,-0.43796,-0.60066,0.67073,0.6813,0.76373,-0.26442
1.0398,-0.97524,0.30551,0.032809,4.6963,0.6124,-0.56991,0.10027,-0.70936,3.5275,5.2734,4.0048,0.30305,0.069168,-0.84064,-0.18897,-0.15802,-0.6622,4.0676,-4.7482,4.9115,0.11536,0.63484,0.12232,0.18287,0.78781,-0.83149,2.092,22.382,-4.9173,0.031141,-0.006056,-0.4424,0.82226,-0.10347,0.36232,3.3235,-8.11,-11.312,1.4961,1.7022,-0.18415,0.71885,0.75535,-0.24599
1.5454,0.48432,-2.6207,2.7488,3.7103,0.10411,-0.49582,0.071724,-0.74846,4.196,4.85,3.798,0.69673,0.82035,-2.1176,-0.17468,-0.15899,-0.66527,2.2557,-5.7169,5.8397,-0.007329,1.3346,0.81894,0.23343,0.78465,-0.8073,-2.2165,11.187,-0.44504,-0.62158,0.32396,1.8848,0.81846,-0.16023,0.3624,-1.1475,5.3188,5.9567,-0.95943,-0.80152,-0.5287,0.70113,0.78826,-0.21023
8.5483,3.9251,4.7364,-1.9571,0.018993,-0.74253,-0.44031,0.063405,-0.77614,0.50577,9.8519,6.7775,0.81339,1.304,-1.9514,-0.13355,-0.1679,-0.67228,0.014212,-9.2187,7.0304,0.16955,1.5004,0.81673,0.31245,0.77782,-0.78018,-10.463,-2.0138,-4.3927,-0.44477,0.4337,3.0989,0.82081,-0.27319,0.35117,-29.902,-31.371,-7.4767,2.1821,1.914,-0.74642,0.69933,0.79832,-0.15003
15.514,-0.66401,6.4753,-0.65636,-7.2801,-1.0325,-0.64446,0.11763,-0.62641,1.1118,10.12,5.4799,0.55471,1.1065,-0.75954,-0.092092,-0.19061,-0.67333,1.4704,-4.0722,8.7698,0.38128,0.98867,0.22417,0.36613,0.7657,-0.75577,-26.413,0.24634,-4.0329,1.8962,-0.099808,3.7431,0.7534,-0.45297,0.35927,-11.841,33.836,-11.112,-2.2721,-0.50084,0.46226,0.65601,0.83867,-0.14794
30.869,4.1193,-7.1793,-0.22965,-2.991,-0.18936,-0.74344,0.12233,-0.47278,-1.3826,12.668,8.9926,-0.18505,0.015043,0.45806,-0.067268,-0.19674,-0.67354,1.6223,-7.9236,9.9491,0.35748,-0.074327,-0.37806,0.38577,0.76438,-0.74885,-27.185,-2.4393,-8.1794,-1.2053,1.5542,4.2611,0.63188,-0.6199,0.38373,-26.993,-14.642,-1.8919,-1.5662,-0.069278,4.2531,0.76412,0.789,0.003576
12.001,0.46752,6.5903,-0.49973,0.42483,0.36701,-0.71067,0.11931,-0.53235,1.0829,9.6661,9.0353,-0.12662,-1.0701,1.3419,-0.086693,-0.19377,-0.66949,-1.0012,-8.033,9.3318,-0.058948,-0.9949,-0.78212,0.34863,0.7643,-0.77002,-16.68,-9.8707,-3.7738,0.36154,0.75122,3.9513,0.46284,-0.71099,0.4007,-16.033,-0.70379,-9.9611,2.6445,0.1777,3.8607,0.86816,0.68962,-0.056208
8.5055,-0.41228,2.022,-0.013447,0.54444,0.47782,-0.76555,0.1358,-0.48762,2.4184,5.8242,4.9142,-0.25978,-1.3836,1.9731,-0.12053,-0.19996,-0.6591,2.5925,-6.1847,5.9411,0.45903,-1.3783,-0.93474,0.28171,0.76005,-0.80297,-10.811,-7.1835,1.2704,-0.64202,0.81006,1.5124,0.32869,-0.71359,0.43527,-14.919,-2.4671,-0.63913,1.0081,0.81984,3.657,0.97042,0.54923,-0.091772
5.3758,0.19423,2.987,-1.1575,-0.25365,0.42381,-0.75909,0.15191,-0.49589,0.23613,7.8207,2.7617,0.042235,-1.1313,1.345,-0.16016,-0.20691,-0.64618,2.2859,-5.1007,6.145,0.64994,-1.0527,-0.75455,0.21813,0.73966,-0.84456,-0.23061,-13.934,0.77759,-1.9221,-0.86019,-0.51646,0.31126,-0.71676,0.40342,-12.738,-8.4825,3.4826,-0.95833,0.030835,3.2028,1.0407,0.40903,-0.091955
2.5548,-0.11864,-2.0648,-1.5687,2.1913,0.76058,-0.74039,0.18842,-0.51584,4.3,4.3303,2.5034,-0.043888,-0.15942,0.51788,-0.18195,-0.20343,-0.64279,3.9341,-5.1217,5.0577,-0.26306,-0.24365,-0.27742,0.18155,0.73494,-0.85571,4.7108,2.5452,-2.3522,0.42254,-0.49419,-0.86364,0.34617,-0.71377,0.37296,-5.292,-10.957,0.52404,-2.7432,-0.18729,2.1541,1.0817,0.31231,-0.089401
2.1599,-0.53934,0.20493,-0.32359,5.3201,-0.095615,-0.5778,0.21566,-0.68872,4.5171,3.7355,3.163,0.33852,1.0102,-0.68482,-0.17503,-0.20905,-0.64231,2.4435,-4.2385,5.455,-0.073366,0.27944,0.62613,0.18113,0.73924,-0.85923,2.1107,8.0478,-9.718,-0.057613,0.71017,-0.34881,0.37315,-0.683,0.39371,3.8185,-23.823,2.0103,-1.3817,-0.24135,-0.002247,1.0872,0.25655,-0.10305
0.3501,-2.4691,-0.80615,0.31591,4.4857,0.25055,-0.43216,0.2174,-0.80054,2.8923,6.0669,4.8502,0.51816,1.4556,-1.5072,-0.13239,-0.21435,-0.64942,2.7786,-3.4067,5.0984,-0.16304,1.01,1.6133,0.2454,0.7409,-0.84135,-5.5867,4.5402,-3.184,-0.62512,-0.69354,-0.38261,0.39902,-0.71906,0.332,0.37999,-10.539,1.7042,1.3036,-0.69065,-1.6968,1.0709,0.30376,-0.10956
9.8484,-2.7197,0.19682,1.7588,-0.71865,-0.15641,-0.42641,0.17392,-0.794,-1.9131,9.6164,6.4068,0.07246,1.3246,-1.3552,-0.079733,-0.20814,-0.6602,3.2213,-9.5244,9.8249,-0.33859,1.541,1.5254,0.34005,0.74213,-0.80214,-30.897,-3.4993,12.304,-2.8799,0.80213,1.6139,0.39066,-0.74728,0.33181,-14.835,-5.3479,-1.4896,1.6395,-1.0204,-2.945,1.0463,0.39003,-0.10588
13.023,0.19652,5.6115,0.43021,-7.4515,-1.1646,-0.63156,0.18247,-0.6496,2.074,10.355,8.8647,-0.67988,0.52476,-0.82776,-0.05964,-0.20003,-0.66906,0.47753,-6.5256,6.8145,-0.3521,1.0159,0.26442,0.39961,0.75123,-0.76321,-3.0504,-25.073,-3.3484,4.7515,0.52631,-0.97723,0.37575,-0.74911,0.36894,-21.884,2.4512,-0.75849,0.95614,-0.2472,-3.6227,0.97407,0.50921,-0.15189
27.354,-1.983,-4.3062,0.39818,-1.6337,0.34515,-0.75211,0.16944,-0.51416,0.57627,9.7382,7.2027,-0.8083,-0.27883,0.14408,-0.058152,-0.17974,-0.67619,-0.12498,-9.2558,10.236,0.16791,-0.23562,-0.38276,0.4134,0.75953,-0.74285,-29.007,4.7979,-4.5326,1.3193,-1.4424,-2.9458,0.48533,-0.64907,0.47765,-25.448,1.9713,-6.1761,-0.89488,-0.81677,-4.2119,0.87188,0.64599,-0.17027
9.9998,0.24178,7.7823,1.0374,0.41787,0.044323,-0.69748,0.1352,-0.57921,-1.0468,11.114,5.5635,0.18427,-0.75933,0.82055,-0.069716,-0.17652,-0.67469,0.051286,-7.7033,11.762,0.10882,-1.3048,-0.75668,0.38131,0.7551,-0.77338,-13.398,-1.7482,-13.35,-2.5277,-1.2371,-3.3229,0.59994,-0.60337,0.39668,-16.924,0.65929,-3.3688,-1.2826,0.24064,-3.1377,0.75362,0.76882,-0.19126
8.9628,-0.69563,3.4263,1.5664,0.085768,0.20116,-0.69534,0.0964,-0.58286,5.1281,5.9007,5.0624,-0.31716,-0.89505,1.5695,-0.10283,-0.18876,-0.66879,2.3999,-4.228,5.1754,-0.26629,-1.4204,-1.0282,0.30915,0.75982,-0.80873,-15.241,-0.61241,-6.8911,-0.55158,-0.020898,-4.421,0.69879,-0.49464,0.37978,-11.629,4.1567,-2.3287,-0.15583,0.42643,-1.7135,0.68706,0.81382,-0.1963
5.5531,-0.25096,2.8064,1.5642,0.4921,-0.052655,-0.69305,0.068263,-0.58577,0.83927,6.2159,5.6645,-0.69291,-0.76543,1.2009,-0.13033,-0.18588,-0.66364,0.88866,-6.3239,4.3773,0.21024,-1.0923,-1.1115,0.22541,0.76488,-0.83505,-13.208,7.4572,2.2642,0.33052,-0.77567,-3.9451,0.78975,-0.3476,0.37872,-5.0997,12.575,-4.4965,-0.24115,0.57503,0.22538,0.67439,0.80512,-0.19996
3.8381,0.65291,-1.207,-0.35177,1.3147,0.11322,-0.67218,0.047495,-0.60684,1.6026,5.8876,5.3615,0.12995,-0.54107,0.37197,-0.15099,-0.18147,-0.66072,3.7866,-6.0983,5.713,-0.098648,-0.27572,-0.58303,0.17579,0.77079,-0.84051,-8.0339,10.96,-3.7053,2.4305,-0.61282,-2.3005,0.82121,-0.21552,0.3791,1.4985,-2.5373,6.0773,0.32112,-0.39704,1.0022,0.68391,0.78006,-0.26542
1.9668,-0.3013,0.34676,-1.14,3.9984,0.40051,-0.59476,0.081575,-0.67922,3.5415,3.9881,3.5786,0.075476,-0.12585,-0.83999,-0.16269,-0.17638,-0.66146,3.3398,-3.783,4.9179,-0.13386,0.61545,0.2155,0.17725,0.77582,-0.83369,1.5583,24.71,-4.3903,1.2992,-0.10548,0.31549,0.82386,-0.14763,0.38871,2.1715,-11.841,-11.028,2.0711,1.795,0.024664,0.72964,0.74473,-0.27331
1.8095,-0.13498,-2.0408,1.2892,4.1005,0.50904,-0.47117,0.068326,-0.76069,5.4867,5.3585,4.3866,0.51663,0.36683,-2.1903,-0.15625,-0.1778,-0.6643,3.0991,-4.4042,5.4484,-0.072247,1.3296,0.93227,0.23647,0.78267,-0.81056,-2.7327,9.9991,-0.25905,0.03834,0.32182,2.2517,0.81087,-0.18839,0.39446,0.067046,6.6697,4.6512,-0.73049,-0.65134,-0.44385,0.71881,0.7567,-0.25166
9.0982,4.1088,-3.4351,0.54617,0.67061,-0.62188,-0.39605,0.015097,-0.80131,-0.45576,8.7433,5.4591,0.61878,1.0175,-2.1917,-0.12517,-0.17949,-0.6698,0.54249,-10.991,8.1354,-0.1333,1.4852,0.96999,0.31715,0.7842,-0.77544,-13.39,-0.29111,-6.6442,-1.0306,0.75114,3.4658,0.79985,-0.31383,0.38694,-34.268,-23.308,-4.6826,1.9603,1.6871,-0.89766,0.72048,0.77197,-0.17003
11.301,-1.5536,5.8109,-1.0041,-7.9537,-1.3716,-0.54078,0.11143,-0.70417,1.3917,10.937,5.026,0.70816,0.92372,-0.85055,-0.092222,-0.1992,-0.67008,1.2389,-5.6012,9.0301,0.15721,0.87051,0.33386,0.3695,0.77355,-0.75582,-23.076,1.4945,-5.2201,0.8101,0.45599,3.3314,0.73968,-0.49684,0.37648,-11.246,31.075,-10.467,-2.4092,-0.53592,0.8421,0.67806,0.82047,-0.14323
30.589,2.8652,-7.9357,-0.86559,-2.4701,-0.3622,-0.71498,0.13384,-0.51033,-2.0521,12.179,8.9401,-0.20737,-0.018024,0.43299,-0.075579,-0.19517,-0.67183,2.2614,-6.6486,9.3596,0.33803,-0.10114,-0.34779,0.37645,0.76798,-0.75231,-25.712,-4.1665,-8.0429,-1.1383,1.4195,4.2086,0.59745,-0.63064,0.38267,-27.169,-16.67,-2.8416,-1.1301,0.078218,4.633,0.79916,0.75568,-0.040428
11.667,0.21057,8.5408,-0.67139,-0.27558,0.001401,-0.6758,0.12503,-0.57229,0.76642,10.139,8.5398,-0.38119,-0.97685,1.2538,-0.093456,-0.19309,-0.66794,-1.0909,-8.1048,9.0236,-0.084464,-0.84282,-0.80483,0.34069,0.7722,-0.77077,-16.011,-9.2086,-3.641,0.70615,0.85415,3.6371,0.42939,-0.70414,0.40343,-14.451,0.50823,-10.484,3.0655,0.75975,4.0464,0.89603,0.64721,-0.11341
7.9112,0.11757,2.2448,-0.30429,0.61671,0.36764,-0.7484,0.13193,-0.53324,2.0557,4.961,5.4402,-0.48817,-1.2632,1.9826,-0.12186,-0.19611,-0.65912,2.8249,-5.5141,6.3462,0.33951,-1.268,-0.74199,0.27898,0.76671,-0.8023,-10.38,-6.9405,0.95621,-0.382,0.12455,1.2694,0.28429,-0.71945,0.4473,-15.248,-2.5736,0.37097,0.94147,0.98366,3.6594,0.98864,0.48927,-0.15067
4.538,0.019278,3.9644,-0.31071,-0.097238,0.1461,-0.73841,0.13749,-0.55292,1.0213,7.8266,2.0327,0.07496,-1.0459,1.3817,-0.16053,-0.19795,-0.64907,2.2201,-4.9662,5.8483,0.70897,-1.0929,-0.50286,0.22385,0.74561,-0.84281,1.0121,-14.811,0.038244,-1.4661,-0.53502,-0.79236,0.2696,-0.71372,0.42208,-13.275,-7.2124,4.1568,-1.3774,0.095139,3.0877,1.0521,0.35115,-0.14296
2.0703,0.63252,-3.69,-2.1449,1.5397,0.48433,-0.68192,0.15243,-0.59394,3.3124,5.9522,2.0503,0.074659,-0.025756,0.76663,-0.18902,-0.19183,-0.64507,3.7603,-4.9465,5.4557,-0.057204,-0.32525,-0.093691,0.18734,0.73972,-0.86403,4.0328,3.749,-2.127,0.55462,-0.43514,-1.0641,0.31621,-0.69683,0.39448,-4.5173,-12.719,-0.9019,-3.2753,-0.14082,2.1626,1.0966,0.25141,-0.13314
2.476,-1.6225,-0.04592,-0.25248,4.6218,0.28868,-0.59282,0.20409,-0.67868,4.3839,3.7755,2.9242,0.29502,1.2947,-0.38598,-0.17122,-0.1931,-0.65026,2.4825,-4.3966,5.6321,-0.063203,0.31379,0.82228,0.20052,0.73896,-0.86346,0.35285,8.4021,-10.039,-0.079468,0.69156,-0.53148,0.34617,-0.67423,0.42125,4.9078,-26.413,2.1562,-0.62734,-0.12166,-0.49573,1.1037,0.23083,-0.12597
2.3057,-1.5532,-0.34519,0.74349,4.2578,0.34811,-0.4454,0.18271,-0.79294,3.4798,6.3179,5.0664,0.46496,1.8504,-1.252,-0.12078,-0.20209,-0.65688,2.443,-3.8392,5.0179,-0.26001,0.95019,1.7825,0.26749,0.74167,-0.84459,-6.8822,5.801,-8.2381,-0.80568,-0.13226,-0.51983,0.36985,-0.71316,0.35528,-1.3478,-4.6154,1.7358,1.0674,-0.44257,-1.9473,1.0806,0.29075,-0.11703
9.2888,-2.4664,0.9552,1.4746,-1.8081,0.001092,-0.45916,0.15933,-0.78476,-1.8145,11.399,7.8104,0.53722,1.4718,-1.4255,-0.057176,-0.2061,-0.66752,3.1219,-10.119,10.228,-0.19072,1.5796,1.6651,0.37537,0.7344,-0.80421,-23.13,-11.992,5.9724,-2.8319,-0.63795,1.3095,0.38108,-0.74792,0.32171,-23.386,-10.99,-4.3983,1.6687,-0.76911,-3.3663,1.0199,0.3984,-0.12514
14.694,0.27137,2.0436,0.12451,-7.0873,-0.70605,-0.68317,0.16816,-0.61439,0.030935,9.8638,9.2728,-0.59657,0.38334,-0.44726,-0.035549,-0.20349,-0.67284,0.097784,-7.4144,8.0126,-1.0275,0.82546,0.15088,0.42932,0.74434,-0.76244,-5.038,-19.868,-1.6534,3.7445,0.24338,-1.2243,0.3883,-0.73412,0.36297,-26.54,0.15699,-0.67151,1.1537,0.008316,-4.2452,0.93085,0.53048,-0.15904
24.165,-1.1403,-2.982,0.50792,0.73494,0.33125,-0.73132,0.15354,-0.54421,0.90966,7.8523,6.6542,-0.76441,-0.28814,0.49646,-0.031762,-0.18574,-0.67605,0.59915,-7.7448,9.3217,0.1651,-0.44964,-0.74318,0.43509,0.76238,-0.74714,-25.451,-1.6473,-5.8196,1.4807,-1.961,-2.5874,0.46153,-0.65198,0.44094,-23.855,4.7172,-5.2977,-0.71393,-0.74234,-4.1729,0.83221,0.65146,-0.16952
11.733,-1.697,5.6192,1.1994,0.60127,0.12583,-0.69966,0.13384,-0.58529,-0.86759,11.838,6.1949,0.64082,-0.83672,1.0353,-0.055309,-0.19171,-0.67104,-0.29875,-7.7406,10.731,-0.014121,-1.292,-0.83459,0.38358,0.76509,-0.77513,-12.375,1.5978,-12.643,-2.039,-1.1326,-3.4723,0.58013,-0.57474,0.39569,-15.787,3.6493,-3.3415,-1.8538,0.367,-2.7091,0.73375,0.73952,-0.15456
8.069,-1.0923,2.5216,1.9636,0.020919,0.010314,-0.69432,0.091399,-0.59386,3.8625,5.72,4.874,-0.5296,-0.9001,1.3958,-0.088012,-0.20017,-0.66635,1.9048,-6.2897,6.798,-0.28053,-1.3954,-1.1125,0.3021,0.77387,-0.80845,-14.404,1.3143,-2.3297,-0.76059,0.21493,-4.6879,0.67976,-0.4588,0.3805,-9.7914,6.3659,-4.2638,-0.7024,0.67971,-1.0385,0.67946,0.77226,-0.14348
4.8308,0.48842,0.89585,1.6179,0.20019,-0.23022,-0.73046,0.040973,-0.5618,3.037,5.5004,5.1644,-0.74927,-0.72271,1.2659,-0.1299,-0.18775,-0.66552,1.692,-6.1438,4.6995,0.30346,-1.3104,-0.9509,0.20248,0.78086,-0.83889,-14.865,8.9854,2.9045,0.21612,-0.99089,-3.4309,0.79054,-0.27822,0.40051,-2.9739,4.2096,9.4563,1.2835,-1.0791,0.4634,0.64319,0.78842,-0.17186
3.9888,0.22788,-2.6784,-1.0481,2.2184,0.13476,-0.6991,0.035037,-0.59285,2.2181,5.6136,4.8634,0.21033,-0.32964,0.28357,-0.14792,-0.18899,-0.66248,4.1222,-5.1285,4.435,0.22626,-0.4051,-0.31864,0.15555,0.77007,-0.85801,-4.0474,16.91,-4.1719,2.0916,-0.14069,-2.3174,0.81067,-0.15561,0.39855,2.7419,-7.4923,-1.303,1.2985,0.17664,1.0882,0.6842,0.75204,-0.21759
2.6327,-0.81451,1.3487,0.22348,4.0739,0.55898,-0.57975,0.045188,-0.70153,3.1705,5.331,4.1365,0.29691,0.12051,-1.0227,-0.14354,-0.18972,-0.66287,3.1119,-4.7978,5.5655,-0.16119,0.70625,0.28437,0.16775,0.77024,-0.85714,1.2219,20.664,-3.8825,1.5678,0.021717,1.4301,0.7864,-0.1378,0.38485,-2.3718,-5.7629,-1.9898,-0.81397,0.58246,-0.53882,0.70954,0.73363,-0.21487
-0.008439,0.31416,-1.4394,1.7909,3.7892,0.56927,-0.45891,0.024688,-0.78054,4.6564,5.1419,4.0937,0.68297,0.64441,-2.3397,-0.12439,-0.19166,-0.66695,2.6254,-5.0128,5.0069,0.18049,1.5368,1.0441,0.23055,0.76823,-0.83885,-3.7202,7.1777,-0.83102,-0.27964,0.20119,2.312,0.79295,-0.21955,0.36709,-1.4247,8.9303,7.4483,0.46419,-0.85804,-0.13098,0.68016,0.76464,-0.18405
7.7919,4.4613,-1.9203,0.42396,-0.04854,-0.4421,-0.40822,-0.013615,-0.80219,-0.59481,8.9077,5.0653,0.67722,1.3893,-2.4179,-0.076084,-0.19569,-0.67172,0.81828,-9.9096,8.2478,-0.097101,1.8096,1.3374,0.32973,0.7616,-0.80481,-12.545,-2.5976,-8.4553,-1.2831,0.75972,3.437,0.77729,-0.35627,0.34907,-38.928,-21.463,-9.0592,1.7986,1.8375,-1.1313,0.68496,0.77075,-0.11161
12.295,-2.6488,5.3417,-0.52753,-8.0482,-1.076,-0.60575,0.095173,-0.66311,0.55343,12.06,5.4902,1.2254,1.2289,-0.81849,-0.025544,-0.22094,-0.66745,1.5787,-5.8539,8.2573,-0.13469,1.2194,0.41381,0.40549,0.75245,-0.76289,-23.785,1.6451,-7.8605,-0.23688,0.76383,3.2593,0.69882,-0.55686,0.3541,-10.667,27.362,-9.0029,-2.741,-0.92422,0.37351,0.63573,0.82814,-0.095435
33.018,4.4166,-8.0709,-0.41572,-2.2138,-0.24205,-0.76058,0.11291,-0.47485,-2.6183,12.558,9.6188,-0.17689,0.000999,0.51729,-0.006694,-0.22754,-0.66604,0.80517,-6.535,10.932,0.29134,0.014074,-0.35776,0.41794,0.75554,-0.74445,-28.221,-7.3325,-8.36,-2.2884,1.5134,3.7568,0.55873,-0.69405,0.3308,-24.467,-13.067,-2.8758,-1.5534,-0.38371,4.0688,0.7421,0.77919,0.012387
14.921,1.324,8.8418,-0.52296,0.29272,0.007711,-0.75755,0.090004,-0.51128,-0.070863,10.458,8.6916,-0.99513,-1.2418,1.2013,-0.022034,-0.21709,-0.6663,-1.1655,-7.4592,9.3731,-0.085149,-0.99712,-0.68677,0.39049,0.75429,-0.76233,-14.301,-9.3352,-7.643,0.18457,0.37866,3.9282,0.40013,-0.76479,0.30869,-15.007,-4.0112,-11.82,2.9357,0.36683,4.0372,0.83809,0.68891,-0.053207
7.2223,-0.60293,2.2204,-0.005618,0.96886,0.18401,-0.74725,0.096254,-0.53269,1.9545,5.632,5.0563,-0.43914,-1.611,1.8204,-0.069454,-0.20657,-0.66315,1.9195,-6.1873,6.508,0.051658,-1.3216,-0.83284,0.329,0.76138,-0.79171,-9.7852,-7.4072,1.944,-0.29751,0.42149,0.91672,0.29036,-0.7576,0.35976,-15.305,-1.3204,0.94112,0.49413,0.72477,3.9662,0.92995,0.55837,-0.07785
5.3592,0.45617,4.1828,-0.99749,-0.10737,0.42618,-0.74452,0.107,-0.54107,0.042121,8.0493,2.1273,-0.28299,-1.2542,1.4883,-0.11755,-0.21161,-0.65137,2.0061,-5.3834,6.1726,0.68092,-1.1231,-0.60904,0.27147,0.7473,-0.83003,-0.19491,-12.343,0.41645,-1.4915,-0.80291,-0.94985,0.29006,-0.74499,0.34354,-12.618,-8.979,4.3274,-0.82369,-0.13907,2.9363,1.0005,0.42098,-0.088326
1.9867,0.79229,-2.7492,-2.2548,1.6474,0.90872,-0.67828,0.13715,-0.59626,3.3451,5.1893,2.38,0.06529,-0.28527,0.81147,-0.15837,-0.19779,-0.64973,3.4736,-5.2554,5.2342,0.080346,-0.36797,-0.17763,0.21706,0.74003,-0.86589,3.3114,4.6677,-1.9174,0.10171,-0.86467,-1.1375,0.32384,-0.71679,0.31492,-5.4768,-8.9356,-0.54187,-2.2889,-0.2086,2.3391,1.078,0.28659,-0.10521
2.2234,-0.69537,-1.7051,-0.93429,5.1714,0.31172,-0.58845,0.20572,-0.68218,3.9378,4.2355,3.0645,0.27947,0.87919,-0.60237,-0.15101,-0.2028,-0.65285,2.2111,-4.9915,5.1127,-0.37953,0.41643,0.59679,0.22481,0.7433,-0.86134,1.358,7.4013,-13.679,0.88037,0.56817,-0.59004,0.35754,-0.68836,0.35517,3.6918,-22.584,0.41289,-1.3823,-0.30269,0.32295,1.1016,0.23462,-0.097194
1.8308,-1.2594,-0.65977,1.0513,3.8668,-0.12501,-0.50048,0.18103,-0.75602,2.4078,5.438,5.0533,0.24112,1.3734,-1.2175,-0.11077,-0.20846,-0.6566,2.2929,-4.5456,5.3335,-0.17222,1.0557,1.5072,0.2901,0.74369,-0.83573,-5.283,8.1509,-9.1164,0.62409,-0.29205,0.092802,0.39499,-0.72324,0.31226,-0.073172,-12.094,0.46721,1.3675,-0.51294,-1.6177,1.065,0.29216,-0.084829
10.154,-3.1188,-0.68336,0.16443,-1.9871,-0.25168,-0.49405,0.16776,-0.76316,0.11513,12.775,7.8042,0.38205,1.1736,-1.3542,-0.067468,-0.20273,-0.66634,3.0541,-10.274,10.041,-0.24223,1.5763,1.4459,0.38574,0.73974,-0.79732,-27.967,-7.5895,10.387,-2.867,0.32877,1.6669,0.37901,-0.75406,0.30246,-18.173,-4.1226,-1.3709,2.0746,-0.94056,-2.888,1.0252,0.37374,-0.099419
12.589,1.6497,6.1553,-0.24297,-7.8366,-0.68143,-0.69109,0.15814,-0.61119,-0.12136,9.5553,8.9156,-0.68243,0.32298,-0.69415,-0.043517,-0.18831,-0.67433,0.61365,-6.7263,7.4266,-0.68792,0.91829,0.11724,0.43584,0.74904,-0.75474,-3.2326,-23.998,-2.1978,4.0612,0.52558,-0.98671,0.37282,-0.75395,0.33895,-22.191,2.4725,-0.039002,0.73655,-0.21588,-3.5431,0.95508,0.49354,-0.13867
26.282,-1.6041,-4.2965,0.19949,-0.50397,0.27606,-0.73163,0.12626,-0.54351,1.2376,8.9528,6.1801,-0.64376,-0.14997,0.11582,-0.037948,-0.17015,-0.68274,-0.093634,-7.4896,9.7199,0.3324,-0.34319,-0.52392,0.45358,0.76385,-0.73072,-30.453,4.2367,-4.411,1.3292,-1.3756,-2.7337,0.45816,-0.66521,0.44433,-24.757,2.3663,-4.7067,-0.73996,-0.83586,-4.2833,0.85938,0.65025,-0.16391
11.344,-0.9529,7.3972,0.85356,0.36133,0.20304,-0.70166,0.11509,-0.58606,-1.4897,11.72,6.6182,0.68017,-0.69643,0.94044,-0.052924,-0.18384,-0.6757,-1.4809,-9.2706,11.497,-0.013413,-1.3782,-0.77167,0.40837,0.77067,-0.75525,-13.142,-0.88195,-10.405,-2.2983,-1.3685,-3.1399,0.57728,-0.61161,0.3826,-16.727,1.7924,-2.959,-1.1171,0.35449,-3.2053,0.76346,0.7445,-0.17079
9.0803,-1.9643,1.778,1.4482,-0.59641,-0.044275,-0.76385,0.10662,-0.52407,3.8371,6.1723,5.5806,-0.44689,-0.91782,1.4146,-0.082147,-0.19068,-0.6684,2.479,-5.5828,6.3397,0.055246,-1.6713,-0.98436,0.32693,0.76695,-0.8006,-13.189,-1.4312,-6.4213,-0.48857,0.27403,-4.0177,0.6871,-0.51535,0.37798,-11.523,5.8307,-4.8398,-0.32351,0.5053,-1.7326,0.69202,0.7931,-0.17526
6.6876,-0.066142,2.4437,1.7671,0.47688,-0.098755,-0.74764,0.055215,-0.53883,1.8356,5.6132,5.9352,-0.34813,-1.0559,1.4687,-0.11504,-0.18881,-0.66546,1.9814,-7.0186,4.323,0.082908,-1.316,-1.0571,0.24689,0.76846,-0.83277,-14.677,8.4552,2.5337,0.83781,-1.022,-3.8044,0.76807,-0.35963,0.39743,-2.9973,13.778,-1.1858,-0.79341,-0.12784,-0.39577,0.67198,0.80302,-0.18462
3.9506,1.2388,-3.4923,-0.45331,1.7091,0.24533,-0.73042,0.034257,-0.5563,2.0939,6.2537,4.851,-0.13863,-0.70774,0.54948,-0.14641,-0.19165,-0.659,3.6879,-4.7498,4.3339,0.002277,-0.37086,-0.61654,0.19357,0.7675,-0.84686,-10.69,11.093,-2.0857,1.5885,-0.72508,-2.7371,0.8059,-0.22895,0.39198,-0.35906,-6.3945,5.0495,0.39443,0.020811,1.4987,0.69173,0.78226,-0.23722
3.0799,-0.34004,2.2206,-1.3813,4.4006,0.95129,-0.57376,0.073111,-0.7031,3.5702,4.9941,4.101,-0.041524,-0.323,-0.76345,-0.16465,-0.18722,-0.65659,2.8203,-5.0942,5.1433,-0.10242,0.77331,0.038948,0.18187,0.77328,-0.85287,3.0203,25.054,-4.4664,1.2084,0.10065,0.091047,0.79925,-0.14523,0.37438,-0.77067,-13.149,-6.8458,1.1218,1.8953,-0.18435,0.74808,0.72941,-0.25812
-0.61431,0.58015,-0.039658,1.8733,4.2153,0.40523,-0.44381,0.074948,-0.79286,4.6141,4.1715,3.2336,0.43011,0.43823,-1.9103,-0.15538,-0.18669,-0.65932,2.858,-4.5683,5.5821,-0.059087,1.4132,0.85289,0.23503,0.77633,-0.82934,-1.994,10.418,-2.9006,-0.10756,-0.11669,2.455,0.80674,-0.21779,0.35951,-0.92718,4.583,2.4624,-0.78116,-0.42238,-0.47788,0.71974,0.75664,-0.22627
7.3879,4.8444,-0.57796,0.50693,-0.112,-0.47451,-0.4124,0.045117,-0.79636,0.76564,9.8912,5.6711,1.278,1.15,-1.739,-0.1242,-0.19586,-0.66415,0.81724,-11.184,9.1844,-0.10996,1.4984,0.78285,0.316,0.77793,-0.78846,-14.181,-0.83017,-7.6198,-0.89631,0.90813,3.7006,0.80262,-0.32434,0.37353,-33.339,-10.928,-2.4672,2.1425,1.5091,-0.84773,0.71711,0.77373,-0.16714
7.6069,-1.1148,14.679,-2.5447,-10.449,-1.3046,-0.57932,0.14873,-0.68262,1.8702,10.12,5.3971,0.29114,1.0113,-0.79243,-0.082584,-0.22647,-0.65886,1.0062,-3.8046,9.714,0.12634,0.80952,0.34085,0.36087,0.76537,-0.76817,-23.256,1.0067,-3.5201,1.1265,0.72847,3.096,0.71147,-0.48946,0.39366,-11.329,24.76,-7.5271,-2.4898,-0.3391,1.3306,0.69483,0.80749,-0.14508
32.838,3.4401,-6.1836,-0.83232,-4.2527,-0.12984,-0.78163,0.15042,-0.45897,-1.0805,10.967,8.7169,-0.23674,-0.044392,0.22146,-0.065186,-0.21154,-0.66386,2.563,-7.326,8.5643,0.33294,-0.048105,-0.26464,0.3705,0.76023,-0.76615,-24.269,-5.3587,-6.7222,-1.6168,1.1569,3.8253,0.58179,-0.61643,0.38712,-23.959,-14.018,-2.7055,-0.71897,-0.022265,4.2463,0.80831,0.74055,-0.060358
10.141,-0.71357,9.2548,-0.64902,1.0387,-0.091948,-0.72138,0.11001,-0.54153,0.42859,9.4964,8.0682,-0.46998,-0.90163,1.1552,-0.079703,-0.21417,-0.66551,-1.0401,-7.4892,8.2118,-0.13803,-0.63161,-0.64363,0.35349,0.76559,-0.77556,-13.728,-7.593,-7.6334,1.1241,0.59715,3.7272,0.41424,-0.73762,0.38245,-14.635,-2.1523,-9.8816,2.5329,0.64118,3.953,0.90222,0.63394,-0.092341
6.862,-1.0528,2.446,0.005593,-1.0474,0.51185,-0.72591,0.11571,-0.54135,3.7651,6.4763,4.9012,-0.32952,-1.1448,1.5378,-0.11608,-0.20842,-0.65935,3.1275,-5.7779,6.3578,0.24517,-0.83079,-0.61043,0.30958,0.76437,-0.79929,-9.9377,-5.2492,2.2462,-0.31347,0.28972,1.1183,0.30251,-0.73076,0.42926,-16.565,-2.3921,1.4847,0.74609,0.64088,3.9214,0.98307,0.48977,-0.10591
6.1107,1.4458,3.4414,-1.0508,0.65585,0.21769,-0.73776,0.14902,-0.54031,0.63016,6.9508,2.1575,-0.46818,-0.83732,1.1239,-0.15463,-0.20237,-0.6506,2.0536,-4.6649,6.1461,0.2796,-0.57583,-0.48819,0.26223,0.7589,-0.82183,-0.79043,-11.059,-2.2979,-1.7406,-0.4625,-0.72322,0.27759,-0.70354,0.41669,-10.983,-6.8769,3.4046,-1.0047,0.21479,2.94,1.0573,0.3494,-0.1287
3.6905,0.42109,-2.2612,-2.4404,1.1469,0.46119,-0.73133,0.18355,-0.54845,3.4184,6.4174,2.5853,-0.005162,-0.044481,0.4365,-0.17307,-0.19437,-0.65124,2.5953,-5.0876,6.1079,-0.21836,0.017953,-0.008741,0.24938,0.76351,-0.82312,3.0338,3.342,1.0195,0.22879,-0.83277,-0.91151,0.32072,-0.68805,0.40406,-4.9943,-11.523,-0.51081,-2.644,-0.16308,2.181,1.0931,0.25273,-0.12395
3.491,-1.1724,0.18897,-1.3117,4.3572,0.29941,-0.65779,0.25474,-0.6202,2.6409,3.9345,4.1536,-0.11869,0.91874,-0.52442,-0.15646,-0.19103,-0.65607,1.5522,-4.9367,6.1041,-0.062825,0.36161,0.97131,0.27259,0.76501,-0.81497,1.3242,9.1617,-11.431,0.34319,0.80574,-0.65236,0.35017,-0.66234,0.43641,2.8134,-23.956,0.73798,-0.42891,-0.19525,0.045003,1.1032,0.21136,-0.12116
3.1803,-2.7224,-0.59937,0.96816,3.5656,0.37055,-0.54455,0.23066,-0.7171,3.8787,5.842,4.7143,0.14338,1.4872,-1.4078,-0.11375,-0.19713,-0.66214,2.1589,-3.5608,6.1774,-0.056317,0.76297,1.724,0.34231,0.75057,-0.80373,-6.2942,18.053,-10.693,0.14998,0.001468,0.2371,0.39915,-0.71778,0.35248,-1.1163,-9.0957,0.95817,2.053,-0.33488,-1.768,1.0696,0.25579,-0.095578
10.456,-3.2845,-2.4951,1.3218,-0.74551,-0.20808,-0.51735,0.19616,-0.74731,0.17482,12.945,6.9184,0.61991,1.1811,-1.4966,-0.070368,-0.19234,-0.67043,0.38848,-9.9291,9.381,-0.42848,1.0123,1.3538,0.42628,0.74443,-0.77324,-20.105,-27.079,1.0678,-1.5074,-0.16971,1.4012,0.36446,-0.76946,0.29281,-28.356,-6.6497,0.093709,1.5024,-1.2514,-3.8391,1.0206,0.36558,-0.11243
10.911,0.46937,19.475,-0.64584,-9.9136,0.18103,-0.62292,0.18263,-0.67281,-0.71056,9.0151,9.3227,-0.56986,0.36286,-0.53497,-0.044163,-0.18037,-0.67773,-1.4467,-8.3468,9.5383,-0.28918,0.3994,0.44352,0.47001,0.7488,-0.74284,-10.82,-13.618,-4.1772,4.1648,0.62103,-2.0056,0.38058,-0.73435,0.37853,-24.246,0.91398,-0.18998,-0.45003,-0.82039,-4.0398,0.9615,0.49451,-0.15517
26.768,-0.85871,-6.4366,0.5589,0.41324,0.38383,-0.73712,0.17585,-0.5374,1.7263,7.846,6.4356,-0.65499,-0.13509,0.40403,-0.042031,-0.16585,-0.68111,0.98208,-6.1865,8.5621,0.24473,-0.70085,-0.3194,0.46473,0.7397,-0.75337,-24.576,2.6433,-5.1765,-0.48134,-1.6439,-2.9886,0.50338,-0.64903,0.42932,-24.279,1.6119,-5.358,-1.297,-1.0855,-4.3761,0.85003,0.64729,-0.16441
10.175,-1.2077,6.7675,1.1115,-0.074581,-0.06301,-0.69295,0.15165,-0.59373,-0.49728,10.684,6.2065,0.43083,-0.69779,0.92383,-0.058898,-0.17765,-0.67769,0.20943,-7.8791,9.4355,-0.012858,-1.3325,-0.96169,0.41614,0.74734,-0.78309,-13.561,-3.1962,-9.7505,-1.7239,-0.865,-3.7395,0.61725,-0.58047,0.37239,-17.818,2.9781,-3.0639,-1.5054,0.019037,-3.34,0.74553,0.7454,-0.15823
9.3496,-1.781,1.7066,1.6933,-0.1067,-0.031425,-0.76164,0.091641,-0.53309,1.9035,7.5264,5.852,-0.17986,-0.88892,1.1661,-0.090247,-0.18447,-0.67154,0.81244,-6.8558,6.0579,-0.23092,-1.2785,-1.1311,0.33264,0.7603,-0.81426,-16.418,3.4304,-2.7326,-0.3621,-0.19104,-4.3444,0.73787,-0.43385,0.38915,-10.451,5.8294,-3.7535,-0.31401,0.50399,-1.6481,0.65775,0.81272,-0.1612
5.488,0.2086,2.8392,2.1345,0.51111,-0.22252,-0.743,0.027076,-0.55273,3.6462,4.9853,5.3796,-0.36927,-0.5971,1.0234,-0.11671,-0.18427,-0.66692,1.917,-6.3477,4.0952,0.068459,-1.0292,-1.113,0.25665,0.76902,-0.83566,-13.569,8.5437,0.3351,0.27127,-0.79712,-3.3327,0.79861,-0.28498,0.38408,-0.9893,11.857,3.0562,0.4079,-0.62422,-0.17488,0.63688,0.81434,-0.17793
3.5386,0.31203,-4.3371,-0.90339,2.1572,0.1606,-0.67747,0.011643,-0.6127,1.8167,5.0241,4.4403,0.062894,-0.29309,0.40575,-0.13072,-0.18882,-0.66425,2.707,-4.4309,5.2376,0.18854,-0.24868,-0.49976,0.20898,0.77312,-0.84935,-5.7607,14.814,-6.8974,2.2264,-0.67615,-2.1628,0.81384,-0.1782,0.36001,1.9731,-7.4694,1.7244,-0.21942,0.70344,1.2695,0.66788,0.78163,-0.22115
2.2069,0.008178,0.2466,-1.9455,4.3988,0.77343,-0.56703,0.0779,-0.71155,2.6781,4.7826,4.2452,0.15596,0.13431,-1.0616,-0.13362,-0.18497,-0.66474,3.7209,-4.728,5.5662,0.11481,0.72025,0.39352,0.21856,0.77322,-0.84324,2.2489,24.179,-4.0908,0.57478,0.070705,1.026,0.81249,-0.14485,0.36978,-0.27865,-8.0046,-2.4386,0.017611,0.59527,-0.60676,0.69054,0.76149,-0.21757
1.2803,0.95022,-0.05273,2.7523,3.7613,0.11128,-0.44031,0.072383,-0.79457,3.2241,6.4669,4.8492,0.64267,0.50568,-2.4024,-0.11951,-0.18213,-0.67047,2.0754,-6.0469,6.3367,-0.085562,1.422,1.0556,0.28317,0.76907,-0.82392,-4.9016,4.0888,1.4144,-0.019034,0.16991,2.5143,0.81884,-0.23686,0.35673,-3.2272,0.098371,2.0305,-1.0047,0.23442,0.052873,0.66878,0.79307,-0.16706
8.9975,4.7284,-0.73064,-0.4731,-1.3039,-0.59278,-0.43052,0.019891,-0.78501,1.0227,11.008,7.7094,0.38453,0.90096,-2.0226,-0.084446,-0.1802,-0.67568,0.039551,-10.359,8.0263,-0.11936,1.5296,0.81016,0.37147,0.76494,-0.77925,-21.997,-0.24529,-7.8375,-0.86338,0.90195,4.7598,0.78664,-0.38448,0.35936,-31.983,10.836,-1.0858,2.1773,1.3482,-1.3768,0.67496,0.7881,-0.1246
10.043,-2.885,11.538,-0.43128,-10.481,-1.4265,-0.64909,0.10996,-0.62644,-0.61843,9.2328,5.509,0.1354,0.38787,-0.89283,-0.056835,-0.18717,-0.67701,-0.87358,-5.396,11.395,0.27553,0.66474,0.33825,0.41163,0.74874,-0.76297,-21.895,2.106,-6.8627,-0.10618,1.7153,3.364,0.688,-0.54679,0.36831,-9.74,16.642,-8.0151,-3.7698,-0.19727,2.2098,0.678,0.81141,-0.10233
27.401,2.9741,-8.4362,-0.40325,1.8121,-0.015555,-0.72269,0.10268,-0.53138,-0.2949,10.956,8.0753,0.073542,-0.40259,0.50254,-0.054131,-0.1835,-0.67887,3.1253,-5.6658,8.6613,0.28266,-0.37965,-0.32865,0.42104,0.73831,-0.7727,-25.062,-7.3486,-8.6716,-0.90607,1.7022,4.1093,0.55433,-0.6868,0.35679,-22.553,-14.106,-5.0724,0.20657,-0.19264,3.6886,0.7722,0.7563,-0.021584
13.138,1.554,6.7557,-0.6868,-0.27329,0.032447,-0.69534,0.093708,-0.57312,-0.86244,10.419,7.768,-0.48158,-1.0452,1.3251,-0.079557,-0.18509,-0.67442,-1.1375,-9.1428,8.5422,-0.36752,-0.87514,-0.73467,0.38623,0.74926,-0.78493,-14.488,-9.2607,-4.0755,0.3424,1.1811,3.3111,0.38679,-0.74378,0.37597,-14.009,-0.65135,-8.4327,2.0035,0.62844,3.9657,0.86444,0.65687,-0.089625
7.9836,0.40771,3.6204,-0.28786,0.16086,0.16174,-0.69786,0.094818,-0.57522,2.8861,5.3738,5.2795,0.19179,-1.2795,1.8153,-0.11829,-0.18196,-0.66705,2.4645,-5.7141,6.4786,0.24679,-1.1012,-0.83991,0.32266,0.75397,-0.81346,-9.0911,-7.567,1.3579,-1.4179,0.14782,0.75317,0.28667,-0.74447,0.38851,-17.312,-1.326,0.95201,-0.32027,0.53169,3.9353,0.95385,0.52099,-0.10176
5.6601,0.17895,2.4972,-0.97444,-0.27636,0.15145,-0.74751,0.11298,-0.53215,1.8652,6.8793,1.8829,-0.18165,-0.74112,1.6193,-0.15797,-0.1942,-0.65365,2.0362,-4.1904,5.6486,0.39718,-0.81534,-0.71635,0.25195,0.73462,-0.8547,0.22711,-14.247,4.2308,-2.3083,-0.59801,-1.4217,0.25332,-0.73797,0.35642,-11.75,-9.0195,4.0731,-1.4688,-0.22964,2.8428,1.055,0.36727,-0.10072
3.5515,-0.034235,-1.1162,-1.9678,2.368,0.64722,-0.72617,0.1529,-0.55511,3.0432,5.4369,2.3306,0.31237,0.086383,0.70647,-0.17189,-0.19854,-0.64916,2.858,-4.8462,6.1175,-0.16692,-0.20119,-0.1945,0.22263,0.73938,-0.85971,2.6139,7.2988,-0.47881,1.3599,-0.33244,-1.1966,0.30587,-0.72963,0.32677,-4.7891,-13.341,-2.1109,-2.4822,-0.14715,2.4032,1.0964,0.26958,-0.1072
2.5806,0.35992,0.46061,-0.003085,4.8444,0.21882,-0.60404,0.17339,-0.68109,2.5597,5.4578,4.4808,0.33498,1.1094,-0.48337,-0.15614,-0.20522,-0.65037,2.2395,-4.6668,5.3764,-0.15862,0.47446,0.73056,0.24192,0.74322,-0.85233,-0.71515,8.1154,-10.638,-1.7157,1.1835,-0.53704,0.35883,-0.72154,0.33065,4.5962,-24.333,1.5888,-0.60638,-0.098581,-0.16453,1.0896,0.23131,-0.10619
2.6228,-1.3579,-1.6989,0.83755,2.8687,0.012159,-0.48446,0.1521,-0.77375,3.423,6.7431,5.8577,0.13727,1.5353,-1.3363,-0.11312,-0.20179,-0.66086,1.571,-4.5777,6.2302,-0.19731,0.96217,1.5518,0.30599,0.74164,-0.83123,-6.8007,9.6691,-9.5387,1.5904,0.7363,-0.15639,0.38091,-0.74677,0.28779,-1.1311,-8.1491,-0.55598,1.6007,-0.36597,-1.8088,1.0698,0.28451,-0.10057
10.152,-2.0632,2.1287,-0.013862,-2.3542,-0.38515,-0.49648,0.14124,-0.77228,0.63424,12.05,7.3667,0.3572,0.94059,-1.5411,-0.068292,-0.20092,-0.66693,1.6353,-9.1522,8.6945,-0.2553,1.3138,1.3285,0.39705,0.73635,-0.79665,-15.177,-23.084,2.8431,-1.1113,-0.28586,1.665,0.35672,-0.77674,0.26495,-27.571,-7.5764,-0.82185,2.05,-0.89442,-3.6503,1.0241,0.38169,-0.11734
16.707,0.51898,-0.98306,0.47422,-5.816,-0.193,-0.69851,0.15162,-0.59568,-2.0421,8.8827,9.1827,-0.84618,0.054663,-0.61728,-0.041927,-0.18005,-0.6793,-1.2587,-9.4334,8.4575,-0.98322,0.96068,0.21334,0.45555,0.75682,-0.74394,-11.816,-14.529,-4.1812,4.1594,1.0697,-1.7838,0.36633,-0.74488,0.37162,-23.585,1.9578,-0.49722,0.26901,-0.49536,-3.7368,0.95974,0.51345,-0.14533
22.363,-1.2607,-0.7727,0.099158,1.6111,0.33412,-0.75256,0.15368,-0.52556,2.7576,8.7271,6.6792,-0.61275,-0.46901,0.3951,-0.050374,-0.16548,-0.68261,1.2247,-5.4638,8.338,0.41843,-0.10365,-0.77356,0.45611,0.76375,-0.73009,-21.809,3.4804,-1.8506,-0.097973,-2.0045,-2.6767,0.48145,-0.65642,0.44357,-23.994,2.3598,-6.0011,-1.063,-0.80434,-4.2537,0.85515,0.65484,-0.15611
11.888,-0.48999,5.39,0.86779,0.16732,0.068893,-0.75651,0.13266,-0.53291,-1.9022,11.291,6.604,0.026786,-1.0518,1.0443,-0.073363,-0.16929,-0.67644,-1.5359,-7.9499,10.442,0.024486,-1.0049,-0.98535,0.42124,0.77185,-0.74086,-14.696,-1.3395,-11.876,-1.5657,-1.0052,-3.1269,0.59012,-0.61047,0.39206,-17.656,1.874,-3.6916,-0.93705,0.69927,-3.2211,0.75432,0.74341,-0.15897
9.5959,-0.86319,3.2663,1.423,0.54786,-0.061834,-0.74933,0.10121,-0.54416,2.8283,7.0235,6.0449,-0.56731,-1.3121,1.313,-0.11193,-0.16778,-0.6711,1.367,-7.3092,8.0276,-0.32398,-1.484,-1.0812,0.34394,0.78484,-0.77346,-15.355,-0.5935,-4.335,0.21931,0.023326,-4.1726,0.68005,-0.49255,0.40198,-10.161,5.3237,-4.7958,0.36336,0.8384,-1.72,0.68126,0.78955,-0.16818
6.1828,0.32346,2.3603,0.75351,0.41448,-0.12453,-0.73648,0.060465,-0.55672,3.3456,4.0976,5.4758,-0.83574,-1.0905,1.2485,-0.15012,-0.15877,-0.6669,1.4589,-6.3699,4.228,-0.015739,-1.4283,-0.94452,0.26398,0.7938,-0.80409,-12.868,8.6824,0.12396,0.74172,-1.1468,-3.5345,0.7596,-0.33262,0.40506,-3.6841,13.772,1.4321,-0.10812,-0.11578,-0.062368,0.66265,0.78675,-0.18357
4.0122,0.084904,-0.33607,-0.2337,2.7218,0.42745,-0.6386,0.055081,-0.65382,3.0313,4.6631,4.3683,-0.50764,-0.68692,0.42807,-0.18217,-0.15501,-0.66227,3.6986,-5.1132,3.9296,0.12485,-0.42938,-0.49466,0.19751,0.79273,-0.83561,-8.8068,12.879,-4.1806,2.0373,-0.74413,-2.5605,0.8031,-0.18947,0.37832,0.55341,-6.8747,4.4361,0.43842,0.39222,1.0819,0.67061,0.75706,-0.24229
1.8866,-1.207,0.96741,-0.40668,4.3434,0.42552,-0.53119,0.083725,-0.74598,3.2128,4.6529,4.4715,0.11846,0.015054,-0.96936,-0.1933,-0.14552,-0.66357,3.4252,-5.2884,4.8184,-0.059598,0.72803,0.2157,0.20249,0.79302,-0.83123,1.6267,25.71,-4.8552,0.78767,-0.12767,0.44783,0.8086,-0.12813,0.38469,-0.7492,-9.7304,-6.0294,1.1864,1.2968,-0.44914,0.7046,0.72419,-0.26269
-0.41289,-0.053567,-1.2956,2.0641,3.4249,-0.28702,-0.45563,0.0625,-0.78014,3.7528,5.3118,4.0792,0.89228,0.70372,-2.2755,-0.18216,-0.14495,-0.66749,1.7934,-6.1488,5.767,-0.061763,1.4923,0.94533,0.25927,0.7969,-0.80041,-3.279,9.0641,0.43624,-0.31999,0.13961,2.4867,0.80475,-0.19377,0.39028,-1.184,10.564,5.5146,-0.85128,-0.19403,-0.37767,0.68482,0.75354,-0.24138
8.4675,3.6897,0.73579,-1.1799,-1.1269,-0.75321,-0.42686,0.055075,-0.79259,1.3495,8.1099,6.0214,0.66367,1.3318,-2.2533,-0.14134,-0.15794,-0.67147,0.6572,-9.5925,7.9196,-0.05599,1.6102,0.92458,0.34456,0.79232,-0.76351,-12.962,-0.93236,-7.13,-0.62013,0.62809,3.561,0.79128,-0.32523,0.37417,-38.064,-23.809,-1.5807,1.6348,1.8603,-0.95906,0.68708,0.77224,-0.14731
12.733,-2.2368,7.0264,-0.93668,-8.1001,-0.78254,-0.63816,0.11494,-0.64368,0.57363,11.055,6.1977,0.74437,1.0836,-1.0075,-0.10013,-0.16964,-0.67519,0.86588,-4.4499,9.8063,0.49947,0.82399,0.46132,0.39725,0.77472,-0.74455,-22.555,1.8865,-5.2251,0.98105,0.44228,3.2723,0.70632,-0.49839,0.3817,-10.929,27.8,-9.9549,-2.6039,-0.42926,0.57646,0.64191,0.82089,-0.12585
30.482,3.4357,-5.918,-1.0305,-1.5005,-0.30268,-0.72945,0.13816,-0.50199,-2.2426,10.592,9.1893,0.30153,0.14918,0.24627,-0.075767,-0.18047,-0.67753,1.8342,-7.352,8.874,0.46876,-0.15018,-0.18542,0.42312,0.76138,-0.74347,-26.225,-3.4903,-8.8342,-1.7318,1.2373,4.0997,0.56917,-0.68324,0.352,-25.037,-13.873,-2.1406,-1.3395,-0.14966,3.9001,0.74004,0.7851,0.004985
13.894,0.45243,6.5304,-0.45189,0.29827,-0.008878,-0.70315,0.12765,-0.54856,0.44597,10.975,8.5368,-0.32264,-0.79145,1.041,-0.089944,-0.18558,-0.67331,-1.158,-8.5283,8.4995,-0.21609,-0.78106,-0.73425,0.39129,0.76352,-0.76118,-15.374,-9.2178,-6.2242,0.61595,0.66738,3.881,0.39418,-0.75822,0.36017,-15.066,-0.43888,-10.108,2.6893,0.38523,3.6716,0.84191,0.69432,-0.057653
8.7269,-0.63093,2.5002,0.062157,0.17997,0.10832,-0.75858,0.13059,-0.50694,2.6358,4.8369,5.9997,-0.18232,-1.2376,1.8265,-0.12031,-0.17643,-0.66765,2.0873,-5.9355,6.4377,0.36569,-1.1367,-0.88855,0.32869,0.76396,-0.79042,-10.603,-7.2703,0.697,-0.76174,0.5001,1.2755,0.2704,-0.73661,0.40599,-14.601,0.42698,-1.9855,0.57422,0.91457,3.6802,0.9416,0.56367,-0.090587
5.4795,0.32459,3.4965,-0.87212,-0.33066,0.28866,-0.75775,0.13642,-0.51363,0.28122,8.6687,2.3673,0.20392,-1.0243,1.4679,-0.16192,-0.184,-0.65573,1.8775,-4.7558,7.1425,0.63178,-1.0429,-0.5842,0.27125,0.74576,-0.8295,-0.82682,-12.151,-1.1045,-2.1916,-0.58865,-0.76753,0.25293,-0.73534,0.36813,-13.578,-9.3485,4.4596,-0.97742,0.16173,3.2882,1.0199,0.42151,-0.080756
3.7778,0.60819,-1.0507,-1.5675,1.5442,0.50361,-0.74974,0.162,-0.5199,3.3154,5.6149,2.5931,0.21395,-0.040005,0.7885,-0.18381,-0.18169,-0.65194,3.1313,-4.9589,5.9475,-0.040695,-0.52211,-0.19141,0.23359,0.73719,-0.84845,2.9824,2.8052,0.19372,-0.41894,-1.0522,-1.1744,0.30712,-0.72953,0.33387,-7.9305,-7.9815,1.1972,-2.0119,-0.20229,2.5693,1.0673,0.31325,-0.078442
2.6586,0.42374,-0.84399,-0.31611,4.823,0.14547,-0.60794,0.18303,-0.67396,4.4684,5.13,3.5628,0.39042,1.0071,-0.31694,-0.17845,-0.19065,-0.65225,2.1909,-4.7394,5.3965,0.06303,0.03018,0.57179,0.2259,0.73745,-0.85961,1.4664,12.738,-12.962,0.47944,0.54931,-0.7082,0.34857,-0.69323,0.36885,1.2142,-21.136,-0.35714,-1.5354,-0.33445,0.95459,1.0812,0.22842,-0.08091
2.4566,-0.97784,-0.071269,0.40023,3.5691,-0.08713,-0.47785,0.16255,-0.78679,3.7863,5.9445,5.5647,-0.070842,1.531,-1.0643,-0.13812,-0.18815,-0.66248,3.2829,-4.7002,4.8647,-0.1865,0.73626,1.4485,0.27464,0.73565,-0.84944,-2.3894,-1.1542,0.3902,-1.1525,-1.1361,-0.22623,0.3683,-0.7286,0.30803,1.2123,-14.503,1.7374,1.3469,-0.34295,-1.4741,1.0702,0.2609,-0.081199
8.1956,-3.1893,-1.3701,0.3106,-1.5726,-0.23343,-0.50736,0.16004,-0.75841,-0.8479,9.7043,7.2351,0.16101,1.4349,-1.1755,-0.086598,-0.17614,-0.6742,2.2353,-6.6615,8.582,-0.20995,1.3607,1.693,0.35697,0.7307,-0.81643,-39.236,24.639,-9.8615,-2.7289,2.6817,0.92693,0.38412,-0.74107,0.31153,-11.357,-3.6422,-2.5767,1.9345,-0.82564,-2.4532,1.0535,0.32741,-0.074017
10.817,2.9462,7.8364,0.34448,-7.5632,-0.29426,-0.66774,0.13801,-0.62844,1.8431,8.2508,8.4163,-0.53302,0.79816,-0.5522,-0.054517,-0.18043,-0.6783,2.0678,-7.073,5.8704,-0.28425,1.0673,0.27562,0.42395,0.73119,-0.77973,1.2376,-33.888,-0.2966,3.5376,0.086315,0.13227,0.34236,-0.77457,0.29375,-20.587,3.1905,-0.28637,1.0576,-0.73126,-3.3654,0.98559,0.4536,-0.12659
28.759,-1.8207,0.45093,1.0773,-3.3402,0.31729,-0.77882,0.13567,-0.49174,-1.3911,9.8395,7.366,-0.48669,0.081311,-0.10595,-0.041926,-0.16686,-0.68173,-2.4091,-10.228,10.375,-0.13049,0.074133,-0.1995,0.44571,0.74397,-0.74796,-30.609,3.1956,-3.0775,2.8773,-0.82141,-3.2451,0.44256,-0.68782,0.43322,-25.987,0.91442,-4.4027,-1.0366,-1.0305,-4.5637,0.8898,0.59522,-0.13959
13.73,-0.64954,4.5375,0.65152,1.167,0.16475,-0.73863,0.11909,-0.54267,-0.35671,10.926,7.2728,0.58206,-0.63786,0.74159,-0.048616,-0.16871,-0.68168,-0.75112,-8.6846,11.65,-0.045302,-1.0417,-0.85466,0.42097,0.75247,-0.75897,-13.902,-1.9781,-9.0385,-1.6542,-1.5016,-2.8921,0.56219,-0.62701,0.39015,-18.635,-0.80688,-4.7612,-0.87535,-0.18165,-3.2944,0.76785,0.7372,-0.16434
9.1662,-1.4265,4.2143,1.2373,-0.25789,0.043505,-0.72365,0.091898,-0.56219,3.9741,6.1706,4.9326,-0.35804,-0.85463,1.5627,-0.075629,-0.18343,-0.67308,3.2029,-4.5823,6.8735,-0.19574,-1.4156,-1.3415,0.34532,0.76439,-0.79371,-14.078,-4.1084,-9.1147,-0.24883,0.017007,-3.9566,0.66233,-0.53081,0.37333,-12.731,3.6941,-3.1404,-0.18233,0.13286,-2.1482,0.69388,0.79819,-0.17411
