3.0861,-1.5362,-2.5686,-1.1393,2.449,0.39424,-0.66749,0.17629,-0.60299,3.1537,4.1262,1.5968,-0.26472,-0.22341,0.75505,-0.18814,-0.19721,-0.64591,2.8978,-5.2524,5.539,0.036309,-0.41003,-0.19294,0.20269,0.73152,-0.8692,5.8689,-4.1689,6.112,-0.68292,-1.1726,-0.41039,0.33564,-0.71411,0.34298,-4.5181,-12.329,-1.6822,-1.9553,-0.26345,1.965,1.0986,0.24204,-0.11918
0.9466,0.31563,-1.9386,-0.27297,3.829,0.15225,-0.57872,0.19214,-0.69129,4.3738,5.3711,2.7959,0.4166,0.81843,-0.48859,-0.18533,-0.19646,-0.64887,2.5017,-4.4468,5.5899,-0.098164,0.23937,0.72053,0.20864,0.72873,-0.87057,3.7937,9.3238,-5.0634,2.0811,0.27462,-0.052799,0.3554,-0.69649,0.37009,2.6848,-20.255,1.5706,-0.1989,0.091524,0.087927,1.1073,0.20403,-0.11663
2.0722,-1.3301,-2.0601,0.2746,3.4017,-0.31114,-0.46576,0.17902,-0.78392,4.3663,6.2947,5.2739,0.24454,1.4095,-1.197,-0.14824,-0.19698,-0.6578,2.9668,-3.1097,5.9673,-0.27773,0.87785,1.7331,0.27125,0.72689,-0.85691,-4.9588,16.352,-4.7217,0.21598,0.42156,0.31956,0.36376,-0.71245,0.37065,1.2503,-9.0668,1.7872,2.0697,-0.45482,-1.5166,1.091,0.23832,-0.11268
7.634,-2.4171,1.1085,0.42195,-1.4454,-0.37242,-0.49448,0.18751,-0.76265,1.0371,8.3884,6.5462,-0.1191,1.4075,-1.7811,-0.088911,-0.19486,-0.66802,2.9766,-8.0974,7.5211,-0.23903,1.5685,1.5698,0.37807,0.7231,-0.81165,-25.931,-25.768,4.7163,-2.0816,0.2606,1.1985,0.36406,-0.76678,0.30398,-14.768,-1.8918,0.71416,1.2917,-1.2369,-3.1664,1.039,0.34694,-0.12383
15.238,-1.4733,1.799,0.61064,-7.3275,-0.72726,-0.71761,0.19468,-0.57822,-0.64853,9.5783,8.1549,-0.44091,0.71822,-0.845,-0.054069,-0.18217,-0.67564,-0.25505,-9.0546,7.4668,-0.64334,1.3539,0.46129,0.45328,0.73342,-0.75901,-10.335,-13.908,-1.1205,4.4597,0.47864,-1.9665,0.40614,-0.73566,0.37529,-20.854,1.9628,-1.8883,0.14317,-0.65961,-3.6564,0.96566,0.48189,-0.15941
25.873,-2.3324,-2.9605,0.39461,0.83723,0.23949,-0.74555,0.17761,-0.52562,0.071314,10.188,7.4087,-0.56277,-0.058051,-0.031657,-0.041452,-0.1702,-0.68137,-0.59922,-8.0725,8.992,0.068364,0.28476,-0.41447,0.48199,0.73996,-0.73369,-24.235,3.6852,-3.212,-0.037062,-1.1799,-2.9425,0.47656,-0.67365,0.43364,-25.544,-0.95188,-5.9047,-0.66368,-0.64398,-4.4029,0.8824,0.60648,-0.16724
14.972,-2.1463,5.7616,0.96196,-0.041919,0.23428,-0.72159,0.16503,-0.55626,-0.14188,10.705,7.699,0.20804,-0.78991,0.98516,-0.057376,-0.17247,-0.67781,-1.2785,-8.4244,11.927,-0.19867,-0.93868,-1.0279,0.44635,0.76039,-0.73684,-15.865,-3.8652,-11.896,-1.5918,-1.014,-3.7431,0.59234,-0.60768,0.37756,-19.261,1.9499,-4.5955,-1.1703,-0.1559,-3.3991,0.77868,0.70722,-0.17068
10.404,-1.6124,3.6713,1.6173,0.75095,0.057041,-0.71169,0.12908,-0.57405,2.7828,6.5511,5.4452,-0.48059,-1.0599,1.449,-0.090276,-0.18022,-0.67159,0.98341,-5.8899,8.7482,-0.52658,-1.6704,-1.0306,0.36651,0.77889,-0.769,-17.025,1.3109,-4.3025,-0.32543,-0.078584,-4.5892,0.69649,-0.4723,0.37506,-11.465,4.7039,-3.6496,-0.29406,0.3643,-1.8439,0.70249,0.75916,-0.17038
5.704,-0.08024,2.3177,1.4597,0.26908,-0.030049,-0.74107,0.090332,-0.54941,2.2221,5.867,5.5261,-0.71308,-1.1009,1.2913,-0.1364,-0.17021,-0.6681,1.621,-5.8257,3.9894,0.10818,-1.6205,-1.0453,0.26656,0.7884,-0.80469,-13.79,10.446,0.37422,0.77661,-1.1422,-3.698,0.8113,-0.27092,0.40318,-3.9302,12.995,-2.9172,-0.00725,0.52595,0.16252,0.66572,0.77219,-0.1823
2.3824,0.34887,-3.8822,0.22534,2.8532,0.041347,-0.70767,0.067698,-0.58321,2.5856,5.674,3.8556,-0.34931,-0.49121,0.48596,-0.1606,-0.1635,-0.66555,2.643,-5.6778,5.1954,0.26927,-0.69558,-0.55282,0.20538,0.784,-0.83249,-7.6198,13.414,-5.7323,1.9176,-0.90119,-2.0478,0.83033,-0.1486,0.39725,0.88809,-4.0155,6.0527,0.28538,-0.30043,1.2475,0.67808,0.73765,-0.25044
0.65058,-1.2103,0.48144,-0.56053,2.9761,0.97726,-0.59242,0.075075,-0.6922,3.8856,4.2659,4.2216,0.12493,-0.17532,-0.83491,-0.17223,-0.15999,-0.66522,3.8928,-4.8071,3.698,0.25494,0.54839,0.22296,0.20228,0.78047,-0.84181,4.0637,24.523,-5.9148,0.71393,-0.2162,0.42146,0.80781,-0.10839,0.37144,0.38152,-11.667,-9.791,2.1023,2.5229,-0.56572,0.72054,0.69844,-0.25363
1.454,0.14341,-2.5029,1.5421,3.1466,-0.066675,-0.50064,0.063506,-0.75734,4.279,4.9479,4.5479,0.6356,0.57201,-2.1216,-0.16046,-0.16241,-0.66763,2.7229,-5.4016,5.2944,0.079475,1.5839,0.85064,0.25995,0.77301,-0.82688,-2.8276,9.515,0.34038,-0.12262,0.59657,2.3526,0.81092,-0.18759,0.3676,0.91222,11.349,4.1373,-1.1739,-0.33031,-0.96392,0.67976,0.74581,-0.20964
7.3839,3.5289,-1.4212,0.24201,-0.71019,-0.6284,-0.46549,0.049847,-0.77538,0.77849,7.7219,5.0373,0.59786,1.2258,-2.4657,-0.12062,-0.16973,-0.67229,0.45301,-8.1951,6.8831,-0.1698,2.0463,1.0588,0.35444,0.77314,-0.77985,-13.244,-3.1294,-4.1842,-0.37181,0.61645,3.732,0.79992,-0.31839,0.36204,-20.619,-32.215,-1.3415,1.8577,1.599,-0.001006,0.67282,0.77157,-0.11224
10.594,-2.7793,6.1272,-0.72886,-9.2583,-1.1844,-0.65926,0.15047,-0.60422,0.13507,11.502,5.8598,1.1071,1.115,-1.1061,-0.076809,-0.18982,-0.67494,0.47481,-5.7153,7.6666,0.43815,1.3347,0.08235,0.43317,0.75941,-0.7296,-22.2,2.41,-4.8128,1.2156,0.3803,3.746,0.72162,-0.51157,0.38142,-13.973,30.678,-9.1051,-2.2345,-0.74039,0.36588,0.65366,0.8046,-0.090579
31.492,1.4503,-8.0113,-0.36539,0.39036,-0.22978,-0.77394,0.17627,-0.44349,-2.1714,12.213,9.844,0.084534,0.14931,0.22372,-0.05691,-0.19392,-0.67532,0.42177,-8.1,11.771,0.39476,0.029812,-0.25454,0.44615,0.75567,-0.71331,-27.848,-5.0346,-9.0146,-0.77577,1.7597,4.3487,0.56825,-0.65577,0.40147,-23.46,-14.383,-4.322,-1.3553,0.11025,3.8234,0.75645,0.75571,0.001424
17.612,1.0512,4.8624,-0.43191,0.16001,-0.20044,-0.7813,0.15731,-0.46475,0.79797,9.7634,8.9276,-0.1635,-1.0406,1.2759,-0.068376,-0.19747,-0.67072,-1.2088,-8.0705,9.5402,-0.23694,-1.052,-0.66239,0.41746,0.76003,-0.73305,-17.447,-10.076,-5.9642,0.30807,1.1087,3.8524,0.39215,-0.73271,0.40686,-15.811,-1.2493,-10.769,2.3729,0.66513,3.8999,0.83938,0.67344,-0.047421
7.3246,-0.1733,3.8215,-0.40876,0.10546,-0.027101,-0.767,0.15213,-0.49395,1.5527,6.1393,5.392,-0.31026,-1.4424,1.9326,-0.1122,-0.19513,-0.66413,1.423,-6.7547,6.5794,0.14028,-1.4917,-0.98871,0.35199,0.77192,-0.76366,-10.512,-8.3169,-0.31979,-0.91967,0.69703,1.0544,0.26923,-0.72667,0.43217,-15.804,-2.5836,-0.87396,0.69712,1.0041,3.9842,0.93504,0.53461,-0.069178
6.7481,0.052338,2.2668,-1.2586,-0.42739,0.36058,-0.76747,0.16769,-0.49728,0.24675,9.186,2.1464,0.070984,-1.175,1.7887,-0.16096,-0.19647,-0.65167,1.5237,-5.4695,5.8935,0.55956,-1.2601,-0.75179,0.2835,0.76113,-0.80718,0.70214,-15.314,1.2486,-1.654,-1.4567,-1.2425,0.2758,-0.71429,0.41287,-13.865,-10.321,4.6286,-0.86392,0.038501,3.1897,1.0083,0.38902,-0.073638
1.4802,0.41415,-3.5752,-1.7221,2.3469,0.4065,-0.69895,0.18851,-0.57064,4.9563,4.5955,2.2491,-0.13929,-0.12561,1.0057,-0.19946,-0.18487,-0.64779,3.6073,-5.6108,5.7344,0.24246,-0.56309,-0.39775,0.2174,0.74906,-0.84816,4.6362,5.7992,-0.70605,0.31921,-0.73033,-1.3938,0.32221,-0.68648,0.38392,-6.0491,-10.327,0.091701,-1.9362,-0.17626,2.2647,1.0854,0.25409,-0.10184
1.9844,-0.7091,-1.5643,-0.69924,4.4485,0.40353,-0.61218,0.23611,-0.66031,4.8446,4.3152,3.5497,0.26097,0.84242,-0.28093,-0.19176,-0.18608,-0.6489,2.5009,-3.7391,5.0079,-0.073676,0.26837,0.31884,0.21533,0.74533,-0.85442,0.1341,12.734,-13.424,-0.74213,1.0672,-0.53326,0.35767,-0.6666,0.39988,4.7128,-21.394,2.0664,-1.4379,-0.31187,0.24663,1.1034,0.20391,-0.10048
1.1272,-1.5382,0.020359,0.89015,3.8251,-0.67418,-0.53117,0.21975,-0.73024,3.2199,5.0868,5.4266,0.19188,1.4109,-1.3,-0.152,-0.19252,-0.65719,2.5649,-4.0136,4.8669,-0.078754,1.0767,1.1887,0.26879,0.74338,-0.83335,-3.2911,-1.5773,-5.4189,-0.84178,-0.14195,-0.28558,0.39494,-0.71681,0.3331,-0.11458,-10.212,2.1644,1.3068,-0.70124,-1.8341,1.0687,0.25946,-0.092741
6.831,-3.2093,-1.0962,0.35599,-1.1029,-0.12066,-0.50629,0.21232,-0.75113,-0.81744,10.672,7.6582,0.18507,1.4186,-1.6261,-0.098129,-0.19054,-0.66822,1.482,-8.3941,9.1612,-0.3255,1.6436,1.6754,0.36529,0.74682,-0.79119,-35.468,18.106,-2.7856,-2.3984,2.6443,0.90814,0.39602,-0.72902,0.35171,-13.572,-1.9796,-1.4322,1.334,-1.1929,-2.767,1.0271,0.35189,-0.10523
8.0047,0.25174,12.931,-0.77733,-10.042,-0.18499,-0.68082,0.21903,-0.60675,1.5766,7.2356,7.2708,-0.7213,0.75911,-0.81575,-0.064245,-0.18456,-0.67564,1.306,-6.5347,6.119,-0.47213,0.95057,0.22908,0.43053,0.74736,-0.75256,-0.5782,-30.885,0.41452,4.0677,0.033289,-0.34628,0.36587,-0.75309,0.35349,-18.793,1.6698,0.10297,0.72422,-0.4918,-3.4966,0.95248,0.47254,-0.14848
35.138,-3.9462,-3.3335,0.070151,-2.1451,0.099505,-0.75108,0.18928,-0.49653,0.14091,10.657,6.76,-0.52784,0.10144,-0.30135,-0.046168,-0.16905,-0.68242,-1.5685,-9.3145,10.945,0.20857,-0.073026,-0.19556,0.46146,0.76145,-0.71794,-31.465,5.1394,-6.3374,1.5892,-1.3124,-2.904,0.44411,-0.6637,0.46224,-26.014,-0.37531,-5.672,-0.42623,-0.88408,-4.4049,0.85955,0.63076,-0.16539
14.195,-0.74579,9.1072,0.83164,0.16321,0.37198,-0.71096,0.17196,-0.5591,-0.36446,11.835,7.2726,0.56366,-0.55916,0.63055,-0.053923,-0.17641,-0.6791,-1.663,-8.9771,12.478,-0.38573,-1.4697,-0.54181,0.42019,0.77141,-0.73586,-12.331,-0.91461,-11.093,-2.3432,-0.96506,-3.2023,0.56613,-0.61185,0.39931,-18.213,1.4585,-4.3475,-1.3828,0.045858,-3.2512,0.75971,0.72599,-0.1761
10.258,-1.017,3.2861,1.6388,0.23618,-0.083912,-0.75903,0.15259,-0.51448,2.3143,5.5799,5.7344,-0.59768,-0.83935,1.5167,-0.077255,-0.18646,-0.67063,2.5678,-4.5976,5.5177,-0.22436,-1.9759,-1.1892,0.33801,0.77453,-0.77985,-15.833,-3.9468,-4.858,0.13487,0.42921,-4.0944,0.67958,-0.50756,0.41507,-13.257,3.8523,-3.3833,-0.45527,0.26216,-1.8379,0.68682,0.77028,-0.17713
6.4598,-0.31384,3.6499,1.9905,0.1839,-0.20393,-0.74121,0.086984,-0.5395,0.42309,7.2809,6.4693,-0.66465,-1.1831,1.2548,-0.11359,-0.18086,-0.66834,1.3117,-6.5233,5.2119,0.23228,-1.7379,-1.2611,0.24166,0.78107,-0.8164,-15.712,10.051,1.6415,0.76151,-1.4575,-4.0672,0.76698,-0.33808,0.42162,-5.6114,12.234,-5.2336,-0.71153,0.41486,0.26195,0.67121,0.7658,-0.19135
3.6676,1.3737,-3.3883,0.5272,3.4617,0.020177,-0.71761,0.04865,-0.5653,2.7043,5.4827,5.2746,-0.52667,-0.88129,0.54851,-0.14983,-0.16794,-0.66527,3.3382,-5.9625,4.9713,0.15756,-0.86391,-0.82514,0.16412,0.7811,-0.83777,-10.129,9.0329,-2.4992,0.83165,-0.96059,-2.8008,0.80572,-0.20566,0.40498,2.3952,1.1753,6.3984,0.5541,-0.68492,1.4388,0.68984,0.74198,-0.25646
0.31889,-2.3463,-0.07309,-0.63036,1.4442,0.67723,-0.59125,0.049078,-0.69357,3.8859,4.2317,4.2798,-0.080062,-0.64148,-0.50759,-0.18142,-0.15985,-0.66314,3.2233,-4.3985,5.0694,-0.011984,0.20492,0.10873,0.12982,0.77798,-0.86198,1.949,23.745,-4.831,0.84517,-0.3462,-0.60569,0.79598,-0.11827,0.38017,3.5852,-12.756,-10.255,1.7852,1.672,0.5631,0.75822,0.69495,-0.26
1.475,0.78566,-3.8414,1.4801,3.2086,0.14451,-0.51985,0.035838,-0.74627,4.1079,3.5471,2.9852,0.2643,0.24998,-1.5239,-0.18256,-0.15897,-0.66271,3.4647,-5.6125,4.4586,-0.063394,1.3116,0.715,0.17279,0.77548,-0.84994,-0.94194,13.381,-2.4169,-0.33401,0.08691,2.0443,0.80143,-0.17196,0.36607,0.38352,2.1939,-0.22902,-1.8121,-0.42257,-1.2202,0.7391,0.73463,-0.18967
5.387,3.0306,-2.4916,0.087771,1.7081,-0.16231,-0.48501,0.044599,-0.74951,1.5444,8.5272,4.9412,0.55337,0.95162,-2.5306,-0.16096,-0.15967,-0.66926,1.1611,-7.2063,5.9647,-0.4155,1.9045,1.0435,0.25949,0.78273,-0.80339,-8.2659,-1.9665,-3.1476,-0.43513,0.59956,2.8505,0.81355,-0.26925,0.37144,-13.752,-37.825,-1.9054,1.8986,2.1098,0.4788,0.7284,0.76152,-0.12371
6.7682,-0.57592,11.186,-0.96652,-10.204,-1.0448,-0.62113,0.1176,-0.63724,0.81813,10.604,4.6692,1.2673,1.1236,-1.3492,-0.12078,-0.17696,-0.67164,2.7101,-5.9538,7.1228,0.38645,1.4705,0.24569,0.33592,0.78265,-0.75891,-30.217,-1.326,-1.3685,1.1984,0.29562,4.1192,0.74701,-0.45777,0.37164,-13.51,41.283,-4.9899,-0.78468,-1.1451,-1.1786,0.674,0.80126,-0.1522
29.741,2.2169,-3.5059,-0.81449,-2.8439,-0.1398,-0.7773,0.14163,-0.44765,-2.6182,11.799,9.2076,-0.085736,0.4525,-0.095306,-0.089173,-0.19287,-0.67014,-2.0379,-8.521,11.139,0.42998,0.49904,0.0054,0.37207,0.77837,-0.7354,-25.655,-0.51325,-6.7022,-0.89426,2.0545,4.094,0.62789,-0.5841,0.39026,-19.362,-6.3422,-2.1843,-3.6392,-0.30456,4.0032,0.7619,0.77851,-0.037219
17.127,1.881,9.5643,-0.18825,0.016482,-0.30872,-0.72379,0.11591,-0.51899,2.3997,9.9418,8.1023,0.002997,-0.45352,0.96854,-0.083842,-0.20028,-0.67074,0.8194,-6.0322,9.9022,0.19672,-0.55443,-0.38368,0.36759,0.76917,-0.75239,-19.386,-9.2139,-5.899,0.54719,1.3894,4.0717,0.44079,-0.73581,0.38748,-15.828,-2.2211,-10.555,2.0986,-0.42484,2.7066,0.85384,0.70209,-0.05551
8.9274,0.17517,4.2388,-0.39937,0.45382,-0.15698,-0.71657,0.1056,-0.54148,0.16138,7.2427,5.86,-0.20369,-0.90657,1.6143,-0.1028,-0.20761,-0.66209,1.2411,-7.3978,6.8616,0.11587,-1.0854,-0.95535,0.3242,0.77426,-0.7778,-12.95,-4.6606,0.002374,-0.66918,0.99426,1.9424,0.29672,-0.75328,0.41355,-13.725,-3.1325,-2.6332,1.0212,0.41009,3.822,0.94222,0.58069,-0.09807
7.2468,0.23867,2.8388,-1.0583,-0.25551,0.28998,-0.73915,0.12387,-0.52726,-0.59694,8.63,3.8009,0.36692,-0.9293,1.6913,-0.13915,-0.20964,-0.64946,1.5977,-6.7693,7.3573,0.49194,-1.165,-0.77211,0.25515,0.76495,-0.81249,-4.7879,-12.256,-1.626,-2.3139,-0.61298,-0.37563,0.23961,-0.73299,0.39974,-15.899,-7.6482,3.5332,-0.88739,-0.42119,3.5601,1.0303,0.44407,-0.12931
5.2505,0.48873,-0.12918,-1.096,2.1822,0.19886,-0.72817,0.14678,-0.5453,4.4222,6.3624,3.3499,-0.18087,-0.35738,1.1988,-0.16795,-0.21375,-0.64321,3.4672,-4.9817,5.9585,0.22444,-0.8007,-0.29668,0.20154,0.74874,-0.84683,3.6875,-2.1886,3.9427,-1.3539,-1.5762,-1.312,0.28303,-0.72507,0.36078,-7.2007,-8.945,-0.39465,-1.1672,-0.47105,2.5924,1.0761,0.33199,-0.14986
0.77574,1.0138,-3.9199,-1.0365,2.9124,0.44142,-0.67729,0.17648,-0.60685,4.5674,2.4316,2.0546,0.1084,0.58035,0.13829,-0.16952,-0.21144,-0.64321,2.4889,-3.7827,4.9791,-0.04505,-0.11751,0.51061,0.19234,0.74136,-0.86049,3.1077,12.896,-6.2214,1.4931,-0.00721,-0.66208,0.32801,-0.69982,0.38004,1.6074,-22.235,-1.2155,-0.89929,0.1209,1.278,1.1009,0.2571,-0.14874
1.34,-1.3421,-1.2973,-0.48935,4.4875,-0.41812,-0.54919,0.18114,-0.72493,1.1871,5.359,3.3765,0.43599,1.3472,-0.96308,-0.1371,-0.22551,-0.64776,2.6496,-4.9945,4.6824,-0.016669,0.78978,1.574,0.24163,0.74303,-0.85238,-3.2135,3.4239,3.9105,-1.2988,-0.58804,-0.22725,0.37938,-0.72323,0.32247,2.3424,-14.691,2.3134,1.7994,0.14779,-1.476,1.0729,0.26621,-0.11601
4.4063,-2.4321,-1.6467,0.78465,1.3615,-0.23124,-0.46377,0.16549,-0.78949,0.63457,9.8251,7.2453,-0.13654,1.419,-1.5691,-0.092919,-0.21585,-0.65985,1.4499,-5.807,7.309,0.002035,1.3419,2.1965,0.34096,0.73073,-0.83167,-33.239,18.076,-7.8276,-0.8024,1.6532,0.75807,0.39183,-0.74693,0.2961,-9.3475,-2.1484,-1.5107,2.1903,-0.47032,-2.4984,1.0361,0.33779,-0.10903
7.2875,-0.70147,11.905,-1.4198,-9.9243,-0.57686,-0.58235,0.19812,-0.70163,1.4856,8.0608,7.0869,-0.67677,0.5946,-0.8338,-0.059013,-0.20193,-0.67026,2.1489,-7.6723,5.8484,0.11674,1.122,0.73542,0.42898,0.71454,-0.80379,-0.97555,-31.835,-2.3759,3.51,0.26337,0.39706,0.33572,-0.77401,0.30241,-18.445,4.0471,-0.88576,1.5522,-0.83937,-2.8482,0.9818,0.45041,-0.14977
32.084,-4.4279,1.0122,0.042355,-4.7098,0.1031,-0.75267,0.20544,-0.50338,-0.75601,11,7.9493,-0.2661,-0.094918,-0.54116,-0.05056,-0.18677,-0.67601,-2.6042,-10.922,11.471,-0.32603,0.42726,0.002227,0.47119,0.72512,-0.7695,-26.613,2.2865,-0.98493,3.6814,-0.40689,-2.5963,0.42028,-0.6803,0.46378,-26.639,-3.272,-3.1655,-0.55766,-1.112,-4.5268,0.88747,0.58516,-0.15394
15.984,-1.3038,7.9757,0.63297,1.0786,0.2703,-0.72043,0.20024,-0.54831,1.522,10.953,6.5341,0.23251,-0.47249,0.53078,-0.062066,-0.18139,-0.67777,-0.91793,-5.809,9.5052,-0.35589,-0.65643,-0.90518,0.43938,0.73525,-0.7738,-12.085,-0.97091,-11.748,-2.2417,-1.8268,-2.6612,0.53704,-0.62506,0.42787,-20.534,1.2431,-3.73,-0.98276,-0.45387,-3.4706,0.77567,0.69764,-0.16666
10.222,-2.2042,3.8452,1.3214,-0.17424,-0.044293,-0.76859,0.17455,-0.51821,2.3243,6.7407,5.3509,-0.4462,-0.57532,1.5988,-0.080793,-0.19473,-0.67068,1.7365,-5.5107,7.8191,0.056765,-1.4761,-1.5397,0.37638,0.74914,-0.79494,-13.598,-4.7388,-12.465,-1.0576,0.69342,-4.0209,0.64187,-0.54335,0.39525,-15.931,3.7214,-2.9657,-0.47606,0.37252,-2.4347,0.66887,0.78399,-0.16953
7.3261,-0.92823,1.7798,1.7127,0.68676,-0.25939,-0.75244,0.12232,-0.54179,-0.22273,8.8434,5.758,-0.32869,-0.87671,1.5694,-0.10921,-0.19365,-0.66593,0.88041,-7.1036,6.3572,-0.46046,-1.4737,-1.2651,0.29137,0.77172,-0.81521,-15.442,8.6466,-1.2326,0.61344,-1.0466,-4.2378,0.73086,-0.38354,0.41025,-7.7718,11.294,-6.946,-0.4535,0.85985,-0.41128,0.63611,0.79292,-0.1852
4.2203,0.14118,-0.072102,0.87708,1.1697,0.13739,-0.68933,0.077904,-0.60114,3.5857,6.5042,6.0817,-0.090134,-0.72148,1.2912,-0.13966,-0.19919,-0.65949,1.9135,-5.5349,6.0375,0.33455,-1.1348,-0.75257,0.20715,0.77373,-0.84237,-10.988,11.509,0.099246,0.36395,-0.65317,-2.918,0.79021,-0.2504,0.40149,1.5994,8.9026,6.5029,0.91192,-0.81762,1.3611,0.645,0.77102,-0.20819
2.4739,-0.70214,-0.57577,-0.59957,3.6734,1.2151,-0.6152,0.08868,-0.6718,2.9946,1.6066,4.1991,-0.65098,-0.56079,0.19327,-0.16212,-0.18942,-0.66012,2.2171,-2.9482,4.7893,0.35266,-0.26002,-0.068584,0.17305,0.75516,-0.86763,-0.30446,20.689,-4.2502,0.97231,-0.054198,-1.0436,0.79584,-0.16434,0.40337,4.2247,-17.183,1.0909,2.3536,0.49136,1.5814,0.70994,0.71322,-0.25542
0.55361,-0.2563,-0.76649,0.65556,3.808,0.96345,-0.4976,0.13859,-0.75281,4.8327,3.942,3.9927,-0.095758,-0.049648,-1.4814,-0.16953,-0.17977,-0.66161,4.0921,-5.4477,5.492,0.62186,0.5636,0.70383,0.19352,0.73969,-0.87941,2.0202,13.971,-2.4481,0.17834,-0.2313,1.8321,0.79951,-0.19824,0.39332,0.138,0.52598,-3.5694,-1.5035,-0.75378,-1.0973,0.70947,0.72134,-0.24402
2.3176,1.6006,-5.5457,2.5883,2.4546,-0.7171,-0.42118,0.04918,-0.7862,1.0963,4.4833,3.9552,0.28995,0.66988,-2.8311,-0.14935,-0.17516,-0.66485,2.3174,-4.651,4.9183,0.25761,1.4048,1.383,0.27038,0.7211,-0.86681,-6.2187,0.99457,-2.6895,0.51157,0.58496,2.6049,0.78133,-0.28269,0.38353,-2.2552,-5.2911,-5.1943,-3.3151,1.3991,0.44054,0.69934,0.77183,-0.16059
11.468,5.8517,6.0706,-0.47679,-2.8525,-0.49619,-0.43786,0.065637,-0.77374,1.5512,15.355,5.8083,1.3892,1.053,-1.7588,-0.12124,-0.17423,-0.67262,1.7371,-12.654,10.168,0.20024,1.6975,0.96389,0.363,0.71113,-0.83474,-41.154,-0.98235,-7.8684,-1.1516,2.0033,5.4829,0.72294,-0.4662,0.38698,-17.807,25.293,2.2003,1.3451,0.014653,-3.7096,0.68089,0.79485,-0.10939
21.577,-0.56516,4.6731,-1.1607,-8.9919,-0.26025,-0.65787,0.13665,-0.57856,-0.99879,9.6694,6.8992,-0.22231,0.81439,-0.23993,-0.085595,-0.18693,-0.67457,-1.7667,-5.1776,9.1636,-0.38123,0.94642,-0.061306,0.40912,0.70788,-0.81,-23.138,0.86944,-6.7657,-1.416,2.4092,3.4102,0.64171,-0.60025,0.38689,-9.8653,6.6705,-10.654,-4.7435,-0.58804,2.892,0.67937,0.83225,-0.042276
21.076,0.39182,7.2121,-0.65089,2.9478,0.004766,-0.67667,0.14984,-0.5536,2.6353,9.8589,8.2079,-0.31088,-0.24162,1.2017,-0.080899,-0.18897,-0.67402,2.8434,-6.9699,9.9149,0.46437,0.12165,-1.0589,0.40645,0.71366,-0.79816,-21.403,-13.111,-4.8399,-0.99919,1.2109,3.9858,0.4786,-0.71687,0.35972,-17.503,-11.157,-7.649,2.1691,-0.005765,3.0134,0.80729,0.74036,-0.005489
12.713,-1.9921,3.2238,-0.48161,0.92543,0.18768,-0.66394,0.1574,-0.5768,-2.6363,9.7169,8.1287,-0.5133,-1.113,1.3036,-0.10022,-0.18311,-0.66744,-1.5421,-6.0748,10.495,-0.4168,-0.71691,-1.152,0.3615,0.72726,-0.80448,-13.257,-8.9606,-3.2403,0.79657,1.5885,2.3056,0.32788,-0.73986,0.40231,-13,1.8866,-5.5507,2.2549,0.94641,3.7958,0.90051,0.6263,-0.078011
6.6994,0.3552,4.4469,-0.404,0.18498,0.23247,-0.76492,0.19598,-0.51114,3.2194,6.0021,4.6677,0.36418,-1.2995,1.5359,-0.14024,-0.18789,-0.65857,2.4722,-5.059,7.1036,-0.33839,-0.9857,-0.97895,0.29129,0.73926,-0.81442,-7.5228,-7.0298,3.2201,-2.0722,-0.81948,-0.52037,0.2437,-0.73062,0.41689,-16.673,-4.3117,3.1556,-0.77321,0.35088,4.0355,0.9973,0.47636,-0.097162
3.831,-0.4249,-0.37716,-1.2878,0.34823,0.12787,-0.7644,0.20936,-0.51095,4.2499,6.4857,1.9448,-0.26682,-0.80885,1.2744,-0.17565,-0.19409,-0.64839,0.6551,-4.8705,6.002,0.14136,-0.96833,-0.74391,0.23498,0.74567,-0.83239,3.0555,-7.6497,9.0603,-1.5082,-1.1005,-1.7834,0.29273,-0.72011,0.38183,-10.477,-8.4958,3.6822,-1.0426,-0.34937,2.5274,1.0554,0.35625,-0.10967
1.9245,-0.50309,-1.086,-1.9807,3.3422,0.58623,-0.63665,0.21959,-0.62026,3.8596,3.2889,1.2765,0.22236,0.33703,0.21784,-0.19035,-0.19299,-0.64547,3.3785,-4.2448,5.5776,0.1807,-0.33205,-0.031646,0.20454,0.74301,-0.85215,1.5025,18.828,-2.2387,2.6143,-0.25799,-1.3558,0.37051,-0.687,0.38774,-1.8351,-15.831,-1.4058,-2.4549,-0.064827,1.9874,1.0886,0.26976,-0.10058
2.1696,-0.95236,1.4869,0.80975,5.6856,-0.23704,-0.50203,0.23833,-0.73766,0.53047,5.7635,3.4643,0.72044,1.3637,-0.83201,-0.15973,-0.20233,-0.64904,2.2325,-3.8215,5.6018,-0.16056,0.55535,1.0311,0.22735,0.74138,-0.85219,-2.9646,1.4576,-2.7297,-1.2542,0.38321,-0.27503,0.39089,-0.6857,0.38999,4.2398,-22.32,2.5714,0.33236,-0.078972,-0.87747,1.0957,0.25244,-0.095307
1.2184,-1.5067,-0.63528,2.571,1.7275,-0.11023,-0.39447,0.18224,-0.82057,3.4114,7.1314,5.7385,0.31284,1.8242,-1.736,-0.10924,-0.20562,-0.66145,1.9406,-4.1115,5.6538,-0.04959,1.1237,1.8271,0.30431,0.73423,-0.83753,-10.707,15.055,-3.0201,0.90607,0.79278,-0.40488,0.41416,-0.70031,0.38342,-3.2251,-5.091,-1.3032,1.8011,-0.47509,-1.6535,1.0722,0.30771,-0.10351
11.163,0.83141,2.365,-0.65556,-2.7734,0.088336,-0.48264,0.20619,-0.75738,2.0562,11.636,7.7969,0.17892,0.95004,-1.3247,-0.060195,-0.20737,-0.66919,-0.096603,-11.694,9.8597,0.092218,1.116,1.3419,0.40819,0.71993,-0.801,-5.9422,-36.559,0.11785,-0.51769,-0.28445,1.9153,0.37346,-0.75978,0.32854,-36.719,-5.2617,2.5454,2.2902,-1.451,-3.5139,1.0115,0.41812,-0.1368
23.678,-4.0022,7.815,0.3794,-6.9713,-0.19454,-0.714,0.24116,-0.55877,-2.0438,10.493,9.9682,-0.68974,0.034573,-0.56923,-0.039636,-0.18391,-0.67882,-0.10336,-8.9497,9.3375,-0.71801,0.67394,0.30173,0.44981,0.71955,-0.77582,-22.923,-6.7088,-2.1014,4.3488,0.42899,-2.8377,0.42896,-0.68864,0.46172,-25.619,-2.8762,-2.3703,0.3495,-0.83773,-4.1478,0.93987,0.54052,-0.16644
24.305,-2.0306,-1.1799,1.4077,3.7232,0.062428,-0.73528,0.21257,-0.51665,3.1435,9.5664,6.5377,-0.18872,-0.52434,0.57141,-0.047053,-0.17509,-0.67836,1.2221,-7.2411,8.7485,-0.3543,-0.10987,-0.91417,0.45324,0.73804,-0.75714,-12.383,-1.2696,-8.7455,-1.5529,-1.7948,-2.6476,0.52506,-0.63102,0.45133,-23.352,1.5765,-5.5695,0.034335,-1.0177,-3.576,0.84788,0.65765,-0.19769
11.059,-1.1988,4.5444,1.3513,-0.52145,-0.29796,-0.70729,0.16738,-0.5628,-1.4005,9.859,6.3265,-0.002101,-0.94438,1.1893,-0.068741,-0.19441,-0.66976,-1.6694,-7.0913,10.394,0.25379,-1.2041,-1.6037,0.39265,0.75869,-0.76533,-16.336,-6.1983,-13.959,-0.25897,-0.32727,-3.76,0.62156,-0.54672,0.42732,-15.883,5.0118,-2.4983,-1.3989,0.0561,-2.7512,0.7652,0.73353,-0.21525
8.1196,-2.0266,4.4123,2.5069,0.24715,-0.20335,-0.69468,0.10982,-0.58301,1.4635,7.7305,6.2201,-0.50733,-1.2281,1.4518,-0.10617,-0.18962,-0.66635,1.4545,-5.8174,7.6539,-0.34811,-1.5142,-1.2012,0.30038,0.76942,-0.79804,-16.885,7.0397,-2.1376,0.2812,-1.3871,-4.3287,0.71635,-0.39205,0.43465,-8.6173,6.8273,-5.8966,-0.87465,0.59952,-0.98123,0.7167,0.76566,-0.23106
4.4788,1.2063,-0.17513,1.2172,0.34739,-0.13671,-0.71176,0.065395,-0.56252,3.7164,4.1417,5.3136,-0.46109,-1.2497,1.1675,-0.15645,-0.18047,-0.66101,1.912,-4.8704,6.4415,0.61402,-1.6121,-0.86975,0.19084,0.76554,-0.83747,-11.273,9.0459,0.50134,0.06987,-0.76366,-3.034,0.81721,-0.21799,0.42995,0.017128,11.707,7.6342,0.31926,-1.0977,0.37179,0.68772,0.77831,-0.25023
1.8701,1.3121,-2.8801,-1.013,3.1622,0.035625,-0.6674,0.062784,-0.60753,2.8111,3.2265,4.1082,-1.0785,-0.99158,0.57971,-0.19192,-0.16433,-0.65757,3.7103,-3.4021,3.3701,0.61926,-0.52854,-0.32278,0.14325,0.7405,-0.8745,-3.6714,16.767,-5.8817,1.5074,-0.60122,-1.5899,0.83253,-0.11502,0.41685,3.2217,-12.79,2.0794,0.58549,0.48539,1.6891,0.73758,0.73683,-0.28614
1.1954,-1.0222,0.5241,-1.6528,4.9311,0.72302,-0.53137,0.099622,-0.72285,3.8282,5.3014,4.6658,-0.54111,-0.43388,-1.2921,-0.21365,-0.14127,-0.65906,4.0949,-5.7195,2.9077,0.09138,1.2107,0.42195,0.16727,0.73206,-0.88054,2.7133,20.819,-3.8971,0.23024,-0.007526,1.2808,0.80324,-0.12162,0.39553,-0.98311,-7.3373,-2.7878,-1.0141,0.77482,-0.64065,0.76558,0.72283,-0.26251
1.3074,0.41329,-3.0095,3.7779,3.6947,0.010594,-0.39389,0.054264,-0.80374,3.4864,5.9527,5.335,-0.27747,0.1487,-2.7326,-0.21251,-0.12997,-0.6623,2.8786,-4.7545,4.2783,-0.38819,2.3336,0.90034,0.25017,0.73903,-0.84469,-3.1105,1.748,-0.55717,0.15904,0.23521,2.2302,0.8039,-0.20901,0.38259,-4.6855,4.4815,6.0337,-0.60145,-0.35706,-0.036486,0.7284,0.76992,-0.19461
6.3442,4.3205,38.215,-6.7953,-7.1197,-0.63133,-0.40322,0.1088,-0.78713,2.9613,8.6321,6.2334,-0.057817,0.87092,-2.3594,-0.18929,-0.1128,-0.67167,-0.93432,-10.345,12.205,-0.25976,2.2376,0.83053,0.35585,0.75423,-0.77436,-23.686,1.242,-10.318,-0.83247,1.2844,4.6906,0.78344,-0.34737,0.38105,-31.209,5.3561,4.9978,3.3848,0.26952,-2.3999,0.72857,0.7664,-0.14588
18.274,1.8406,9.9458,-1.3243,-8.2898,-0.73771,-0.64384,0.19249,-0.59591,0.16465,9.562,4.5632,1.6323,0.92942,-0.64128,-0.16025,-0.12406,-0.67607,-0.29927,-1.8852,10.312,-0.030267,0.90433,0.26295,0.41263,0.74389,-0.73685,-22.003,3.0583,-5.4248,0.11945,1.8442,3.2639,0.6982,-0.51834,0.42705,-7.3183,20.585,-11.44,-4.2006,-0.38371,2.0383,0.69839,0.81785,-0.1257
27.028,1.4005,-5.106,-0.86632,0.77688,0.026582,-0.74747,0.22545,-0.44748,0.17274,11.857,8.2213,0.26313,0.58528,0.8989,-0.14746,-0.14871,-0.67543,2.0994,-8.8053,11.759,0.64368,-0.58033,-0.33812,0.41842,0.74096,-0.73647,-26.026,-9.8797,-7.2171,-1.1365,1.5567,4.1098,0.545,-0.65513,0.43013,-25.352,-20.629,-5.8126,0.060036,-0.074752,3.865,0.82801,0.7327,-0.017445
14.616,-0.85578,4.2454,-0.14523,0.61674,-0.13857,-0.77397,0.19456,-0.45831,0.50762,11.09,8.8298,-0.38319,-0.18838,1.3767,-0.13359,-0.15941,-0.67151,-1.4413,-6.4438,10.173,-0.088542,-1.3623,-0.50734,0.37575,0.73093,-0.77255,-14.077,-8.6774,-5.4028,0.88542,1.2186,3.204,0.38199,-0.70812,0.44939,-12.917,-0.73109,-9.0225,2.0915,0.86777,3.9142,0.89812,0.65273,-0.075418
7.3704,-0.1865,3.3219,0.067591,0.47225,-0.23325,-0.76299,0.18131,-0.48785,2.2663,2.83,7.826,0.14472,-1.2212,1.8906,-0.15067,-0.16234,-0.66322,2.5679,-6.0958,5.6073,-0.044136,-1.4059,-0.83379,0.30557,0.7339,-0.80728,-9.1873,-7.7219,2.1445,-1.9022,-0.11958,0.25383,0.29724,-0.70591,0.46435,-17.389,-1.5236,1.4328,-0.25425,0.23291,3.898,0.98331,0.51484,-0.081483
5.4722,-0.793,1.319,-0.87085,0.34293,0.43694,-0.76728,0.19101,-0.48795,1.8774,7.0955,2.7398,-0.52361,-0.75361,1.5664,-0.18344,-0.16874,-0.65431,1.5707,-4.44,5.7443,0.58761,-1.0225,-0.58158,0.25076,0.72288,-0.84057,2.5554,-14.654,3.1308,-1.7035,-0.79203,-1.3524,0.32491,-0.71216,0.41033,-10.913,-9.593,4.0155,-1.0046,-0.11878,2.8367,1.0481,0.37685,-0.084773
0.72623,0.72703,-2.4897,-1.0304,2.2897,0.36391,-0.66646,0.22095,-0.57722,3.1435,3.8597,2.553,0.17801,0.059974,0.50482,-0.19917,-0.15515,-0.65155,3.4561,-4.3435,6.1673,-0.12216,-0.25478,0.10418,0.21213,0.72057,-0.8659,3.2694,10.084,-0.72316,1.4566,-0.40352,-1.2705,0.36971,-0.67555,0.3959,-3.7065,-15.188,-1.2414,-2.2859,0.00734,2.0425,1.1131,0.24343,-0.10419
2.6406,-0.12537,-0.64536,-0.000945,5.4308,0.45876,-0.56163,0.24698,-0.6862,3.4574,5.3098,2.4692,0.58315,1.3085,-0.79519,-0.18093,-0.15792,-0.65851,1.7981,-3.7136,6.1654,-0.33828,0.59067,0.90365,0.23532,0.72543,-0.85846,-3.2332,7.874,-7.5888,-2.0716,1.2081,-0.40061,0.39308,-0.67426,0.4009,5.2719,-23.108,2.258,-0.17854,0.002116,-0.57401,1.1207,0.21255,-0.099433
2.3678,-1.0572,-0.50428,1.129,4.1889,-0.14818,-0.48543,0.22256,-0.74665,4.4477,6.7692,6.3847,0.35248,1.8222,-1.4685,-0.14154,-0.1611,-0.66843,2.2908,-3.6176,5.4842,-0.1901,1.1096,1.7193,0.30651,0.72339,-0.8311,-7.6871,9.694,-7.6503,1.3469,1.0687,-0.24728,0.42111,-0.70779,0.37267,-1.7151,-6.9659,-1.2005,1.6705,-0.40019,-1.8469,1.0848,0.28408,-0.085453
10.198,-1.8058,8.0106,0.56067,-3.9632,-0.41915,-0.50321,0.21465,-0.73807,-1.1078,10.465,8.3724,0.45947,1.3009,-1.2796,-0.087635,-0.16607,-0.67519,0.64308,-11.086,9.8334,-0.035397,1.2611,1.413,0.40617,0.71749,-0.79377,-14.372,-28.403,3.751,-1.1642,-0.56464,1.5836,0.38748,-0.7547,0.33101,-36.482,-6.5174,2.4564,1.7109,-0.72154,-4.0205,1.0305,0.3956,-0.10251
21.353,-1.5401,6.2467,0.92856,-7.4354,-0.37351,-0.73774,0.22371,-0.53259,-0.61788,10.228,10.18,-0.48419,0.17115,-0.61621,-0.065224,-0.15062,-0.68303,-0.45226,-8.0959,8.1634,-0.91679,0.87246,0.11733,0.45103,0.72295,-0.75883,-15.077,-10.471,-2.4124,4.1825,0.43883,-2.3305,0.4308,-0.70685,0.42923,-24.701,-0.85168,-1.4977,-0.011096,-0.78674,-4.1145,0.95805,0.52216,-0.13186
23.76,-2.7408,-2.1884,0.49781,2.264,0.23696,-0.72686,0.22445,-0.50078,2.9205,9.025,6.7064,-0.3538,-0.49182,0.43946,-0.065346,-0.13569,-0.68744,0.51444,-6.8743,9.2374,-0.21884,0.009121,-1.0076,0.46316,0.74872,-0.72664,-18.336,0.24555,-5.4531,-0.89751,-2.3885,-2.6511,0.5388,-0.61876,0.45325,-24.034,1.1615,-5.6195,-0.70442,-0.92556,-3.8555,0.85045,0.68936,-0.164
12.184,-2.0228,6.4202,1.361,0.16209,-0.09825,-0.6985,0.19645,-0.5493,-1.5377,9.6006,6.1131,0.67724,-0.78745,1.044,-0.084185,-0.15833,-0.67928,-2.0767,-7.0633,10.781,-0.12219,-1.1697,-1.4222,0.40687,0.77329,-0.73147,-15.354,-4.3136,-11.78,-0.74362,-0.73976,-3.6371,0.64948,-0.53821,0.41217,-17.176,2.884,-3.2206,-1.0518,-0.16154,-2.9608,0.76212,0.7729,-0.1836
8.3026,-1.9772,2.7876,1.8714,0.043648,-0.2417,-0.75499,0.156,-0.50847,2.1006,7.2534,6.0906,-0.33491,-0.98027,1.4064,-0.12169,-0.1637,-0.67181,1.2986,-6.1869,8.3181,-0.12732,-1.7171,-1.1697,0.31799,0.78655,-0.75906,-18.199,4.9254,0.081573,0.40599,-1.1736,-4.4122,0.75501,-0.39241,0.42054,-9.3664,6.0868,-4.5965,-0.063815,0.57363,-1.1748,0.70219,0.80445,-0.2062
5.4246,0.2076,1.2878,1.3673,0.5945,-0.26146,-0.74654,0.095723,-0.52187,4.5061,5.3011,7.1609,-0.60688,-1.1231,0.97681,-0.15778,-0.15597,-0.66709,2.1323,-5.0594,5.6658,0.53253,-1.784,-0.87632,0.22856,0.77723,-0.8077,-11.221,8.8907,-0.000124,0.52456,-0.99327,-3.2289,0.81389,-0.24047,0.40074,-0.061353,14.24,-1.0407,-0.48379,-0.4807,0.25107,0.70006,0.79624,-0.22597
2.0776,1.0585,-2.8801,-0.60188,2.473,-0.15509,-0.71305,0.071886,-0.55901,2.5885,3.4922,4.3195,-0.59448,-0.87373,0.18777,-0.18781,-0.14275,-0.66381,2.391,-4.5918,4.2876,0.47135,-0.91004,-0.3048,0.17024,0.76248,-0.84081,-4.2113,14.943,-7.6762,1.9224,-0.76363,-1.715,0.82864,-0.12878,0.38695,2.1223,-7.9556,3.2541,-0.052909,0.23897,1.4885,0.7273,0.7661,-0.2736
1.0195,-0.46434,0.31003,-2.6631,4.4924,0.77732,-0.55666,0.12123,-0.70195,2.6025,4.7314,3.7541,-0.18797,-0.25835,-1.362,-0.20076,-0.13514,-0.66311,4.7544,-4.6089,4.4313,0.40631,0.53447,0.56603,0.16595,0.74274,-0.87428,2.6534,22.295,-7.1261,1.3521,0.29521,0.7608,0.81738,-0.076236,0.37912,-1.2583,-14.007,-4.8274,0.8489,2.0516,-0.65081,0.778,0.71696,-0.26319
0.77843,-0.41789,-1.5716,3.2132,3.9869,0.24476,-0.42852,0.13016,-0.78639,2.4374,3.5725,3.2788,0.17282,0.38761,-2.4261,-0.19737,-0.13077,-0.66649,3.2201,-5.3695,5.008,-0.077338,1.5089,1.1022,0.23004,0.73881,-0.86362,-3.4081,5.4938,1.9387,-1.4735,0.56845,2.0321,0.81887,-0.15746,0.38538,-2.9617,5.2514,5.7288,-0.63334,-0.65326,-0.47064,0.73447,0.75945,-0.21618
10.571,5.9429,-2.0081,-0.44374,-1.1155,-0.44209,-0.41619,0.088357,-0.78375,3.1899,12.112,7.0235,0.78352,1.0439,-2.0804,-0.18493,-0.12326,-0.67395,1.3968,-9.4533,8.4302,-0.41262,1.8965,1.0681,0.32313,0.74435,-0.81193,-21.059,-1.0875,-10.308,-1.3877,0.97563,4.5113,0.82142,-0.30038,0.37801,-36.98,-0.13735,2.8984,2.5915,1.3579,-1.2664,0.72313,0.77192,-0.15799
13.595,-1.8944,8.5431,-0.84211,-9.4093,-1.2445,-0.65634,0.19254,-0.58811,-0.34025,8.5976,4.9542,0.90612,1.0175,-0.44297,-0.14796,-0.14737,-0.67742,-1.2064,-4.5037,10.786,0.10603,0.87992,0.25019,0.37764,0.73878,-0.77994,-21.994,3.0108,-4.8168,0.96179,1.4126,3.073,0.73906,-0.4525,0.4108,-8.0347,21.435,-10.023,-3.896,0.009252,1.9998,0.69779,0.81185,-0.126
29.038,0.72093,-11.519,-0.54502,2.1575,0.18236,-0.77907,0.2136,-0.42084,-0.15965,12.177,9.1855,0.24719,0.20719,0.73697,-0.13161,-0.16819,-0.67459,2.9238,-7.0531,10.035,0.62445,-0.37938,-0.36732,0.37905,0.73193,-0.78193,-26.296,-7.5264,-8.8832,-0.76208,1.5793,4.3045,0.59098,-0.59254,0.4307,-25.779,-17.392,-3.809,-0.12193,-0.15203,3.8452,0.82247,0.73398,-0.020801
14.639,0.82351,1.0633,-0.14222,0.56981,0.037551,-0.73678,0.15893,-0.49402,0.003696,10.142,8.8564,-0.40726,-0.65932,1.4044,-0.1315,-0.17183,-0.67336,-0.74021,-8.9387,10.34,-0.4478,-1.0187,-0.73672,0.35114,0.74004,-0.79348,-14.201,-7.3839,-4.5739,0.91087,1.1553,3.1456,0.41857,-0.6918,0.46464,-14.431,-1.4728,-8.5197,1.71,0.46867,3.9927,0.90924,0.63532,-0.070668
6.2719,-0.33698,4.2601,-0.39667,0.1546,0.18876,-0.72267,0.15462,-0.52176,3.1452,4.6425,6.0365,0.22246,-1.1028,1.9194,-0.1548,-0.18006,-0.66144,2.692,-5.02,6.4217,0.44235,-1.3105,-0.95568,0.28282,0.73699,-0.82606,-9.0905,-8.033,1.299,-1.5611,0.23919,0.52008,0.32283,-0.69282,0.48444,-17.084,-2.4465,0.075916,-0.15548,0.37144,3.8615,0.99526,0.49541,-0.08377
5.9923,-0.92475,1.7324,-0.70714,0.38504,0.29661,-0.72376,0.19326,-0.53116,1.1285,7.2412,2.211,-0.12536,-0.81626,1.5422,-0.18871,-0.18264,-0.64673,1.71,-3.7018,6.5991,0.71185,-1.2254,-0.72219,0.20792,0.71047,-0.86996,1.124,-11.844,4.1343,-2.1677,-0.56332,-0.96454,0.31792,-0.67289,0.45885,-11.165,-11.717,3.0046,-1.0036,-0.24031,2.8903,1.0648,0.36218,-0.10593
1.5644,0.75545,-3.8783,-1.6978,2.2955,0.60922,-0.70416,0.21842,-0.55489,2.6994,4.7002,2.2285,0.077549,-0.017197,0.6582,-0.2051,-0.17737,-0.64579,3.2512,-4.1285,6.0089,0.26478,-0.55877,-0.032931,0.16973,0.69691,-0.89182,3.4969,6.9014,0.050142,0.80808,-0.53114,-0.94643,0.36046,-0.66869,0.42716,-3.375,-13.919,-1.5237,-1.7085,0.020701,2.069,1.099,0.2666,-0.11571
1.986,-0.029986,-0.95559,0.18462,5.9566,0.47948,-0.59012,0.25709,-0.66801,4.0606,4.918,3.7396,0.24017,0.98381,-0.56904,-0.19245,-0.17593,-0.65274,3.2994,-3.35,5.0768,0.10353,0.41285,1.0403,0.18432,0.68473,-0.90099,-0.55927,7.21,-5.8763,-1.0528,0.4874,-0.2354,0.37916,-0.66847,0.42855,4.7927,-23.49,3.2125,-0.1181,0.18445,-0.34839,1.1073,0.23242,-0.10575
0.56834,0.096282,-0.040397,1.0942,4.2996,0.095597,-0.42313,0.20415,-0.78537,4.4334,6.6721,6.4231,0.23824,1.3582,-1.3785,-0.16219,-0.17766,-0.66163,3.1648,-4.3884,5.061,-0.40404,1.3652,1.8735,0.27159,0.68141,-0.88315,-6.1811,8.5623,-8.204,0.72953,0.88721,-0.54891,0.43682,-0.70694,0.35813,-1.799,-5.004,1.7989,1.5588,-0.55133,-1.891,1.073,0.27657,-0.090421
9.9697,-2.2924,15.362,-0.6154,-3.8172,-0.29702,-0.43645,0.21342,-0.78008,-0.27677,11.332,7.441,0.28898,1.1293,-1.5688,-0.11745,-0.17737,-0.6699,2.4272,-8.7065,10.061,-0.31486,1.7694,1.2802,0.37601,0.68839,-0.83794,-22.279,-21.675,10.277,-1.6367,-0.50855,1.9283,0.3997,-0.73849,0.35425,-31.803,-6.708,-0.56523,1.1409,-1.3224,-3.9719,1.0194,0.38972,-0.11538
19.376,-1.0225,4.8921,0.9006,-6.8876,-0.80296,-0.63615,0.22873,-0.62044,-0.81115,9.6787,7.9453,-0.55373,0.31612,-0.6595,-0.089069,-0.16677,-0.67797,-1.2885,-6.6527,8.6048,-1.0296,1.0028,0.15357,0.4388,0.71284,-0.78546,-10.959,-15.968,-3.9968,4.521,0.40128,-1.9067,0.39404,-0.70537,0.43325,-24.371,-1.5898,-0.19429,0.29618,-0.88445,-3.9876,0.95789,0.5149,-0.15343
23.886,-1.4568,0.67092,0.90596,1.8853,0.42174,-0.69415,0.21876,-0.54702,1.9306,9.4253,6.6755,-0.73081,-0.24144,0.54248,-0.089058,-0.15716,-0.68086,0.8547,-8.179,10.035,-0.12138,-0.1961,-0.87544,0.44344,0.73992,-0.75269,-21.918,2.5989,-4.8899,-0.84972,-2.3579,-2.9211,0.51774,-0.61401,0.47013,-25.299,2.3661,-6.6312,-0.57129,-0.98816,-3.8937,0.85177,0.65128,-0.17982
12.276,-2.255,5.0093,1.437,0.24769,0.076518,-0.67077,0.19251,-0.58654,-0.95683,10.689,7.0742,0.22319,-0.68832,1.1944,-0.10234,-0.16617,-0.67496,-1.5426,-7.823,11.765,0.16445,-1.3887,-1.0019,0.3887,0.75119,-0.77434,-14.518,-4.6363,-12.724,-1.0752,-0.48354,-3.4731,0.62332,-0.54446,0.42088,-16.906,3.1518,-3.2676,-1.834,-0.36088,-3.0979,0.76024,0.74137,-0.17334
8.6979,-2.024,2.5739,2.1623,0.64085,0.002388,-0.76543,0.14957,-0.52473,3.872,5.3439,5.8644,-0.49241,-0.96157,1.4648,-0.13507,-0.17278,-0.66786,3.1267,-5.7998,6.7793,-0.31198,-1.7171,-0.94762,0.29618,0.76108,-0.81191,-17.11,4.1019,0.74957,0.64584,-1.2765,-4.3302,0.7336,-0.38507,0.45345,-9.3062,6.4989,-5.0575,-0.56303,0.29978,-1.1537,0.68667,0.7866,-0.17993
4.0383,0.63017,2.1455,1.6485,0.21492,-0.20481,-0.74689,0.088438,-0.54868,2.9784,4.8615,4.8752,-1.0179,-0.9242,1.2176,-0.16605,-0.16109,-0.66311,1.7578,-5.1973,5.1394,0.18757,-1.5242,-0.85774,0.21489,0.75943,-0.84557,-13.026,9.6575,-0.35233,0.54911,-1.3638,-3.1271,0.79647,-0.23406,0.43006,-0.68754,12.465,5.5924,0.90473,-0.59097,0.13883,0.66856,0.7862,-0.20062
2.1872,0.24513,-3.4814,-0.47657,2.6617,0.029355,-0.63805,0.063897,-0.64647,2.1953,4.2623,4.4837,-0.32262,-0.58923,0.22637,-0.18957,-0.15138,-0.66173,3.3815,-5.0887,3.7636,0.16146,-0.3904,-0.14576,0.16745,0.75682,-0.87172,-4.6533,16.888,-7.0869,1.9393,-0.5627,-1.7326,0.80891,-0.12992,0.40717,4.5439,-10.194,1.5111,0.87139,0.11216,1.6327,0.71168,0.73896,-0.24322
2.3058,-1.1561,0.28544,-1.1935,5.0809,0.89364,-0.51282,0.11964,-0.74659,3.5213,4.2917,4.385,-0.053386,0.048249,-1.2572,-0.19731,-0.14028,-0.66443,3.9657,-5.227,4.7137,-0.051805,1.0583,0.59809,0.19217,0.75561,-0.86879,3.9495,23.28,-6.4409,0.38119,0.12273,1.2238,0.80852,-0.11546,0.40294,-1.6985,-6.1151,-1.0187,-0.95107,0.23627,-0.65496,0.72125,0.72928,-0.22748
0.40271,0.31284,-2.0024,3.3008,4.0243,0.14255,-0.36494,0.073727,-0.83482,4.4239,5.4792,4.447,0.72511,0.66268,-2.6685,-0.18405,-0.14292,-0.66804,2.5072,-4.2358,4.4494,-0.5463,1.8526,1.2321,0.27096,0.76698,-0.83227,-3.5779,3.0615,0.5349,-0.73349,0.38016,2.2932,0.81063,-0.21741,0.38971,-5.0841,0.44365,3.4688,-0.8335,-0.003505,0.10243,0.69062,0.76971,-0.16674
6.0718,4.2953,24.604,-4.5706,-8.432,-0.67353,-0.46243,0.12299,-0.76055,0.95166,10.753,6.4182,0.82702,1.2621,-2.1307,-0.15079,-0.14791,-0.67478,-0.7355,-12.087,11.221,0.17969,1.6904,0.9102,0.37393,0.7687,-0.76858,-26.536,-0.022708,-11.882,-1.528,1.3625,5.0385,0.7778,-0.37964,0.38203,-28.974,13.382,1.0607,3.166,0.46923,-2.6536,0.68757,0.76266,-0.13752
20.863,3.1533,8.0939,-1.3329,-9.0839,-0.47327,-0.7223,0.15013,-0.53748,-0.25895,9.7377,5.3053,0.40311,1.1139,-0.52068,-0.10854,-0.1648,-0.67732,-1.4004,-5.7852,12.255,0.11345,0.5772,0.50549,0.41615,0.7484,-0.75182,-22.324,2.3277,-6.7809,-0.32151,1.8967,3.1334,0.67959,-0.53616,0.4013,-9.2179,16.469,-8.824,-4.923,-0.35584,2.2874,0.67466,0.80326,-0.10843
25.547,2.7414,-0.24416,0.27489,2.9029,-0.41861,-0.74243,0.15502,-0.49528,0.43099,11.985,8.6831,0.29391,0.39072,1.089,-0.083249,-0.17455,-0.67692,3.6198,-5.762,8.5024,0.61831,-0.71506,-0.47189,0.41539,0.7342,-0.77212,-25.431,-10.028,-8.7806,-0.67002,1.6295,3.9461,0.54201,-0.66924,0.39871,-22.509,-17.351,-7.1228,0.021169,-0.36575,3.5687,0.77447,0.74626,-0.017028
13.902,-0.78887,3.7629,-0.37513,0.93874,0.26639,-0.71753,0.13619,-0.54347,-1.6945,10.884,8.8788,-0.20577,-0.55602,1.7643,-0.086181,-0.18337,-0.67059,-1.8225,-8.3103,9.6182,-0.22345,-1.1516,-0.87032,0.36438,0.74137,-0.79697,-14.295,-9.2987,-4.0785,0.28473,1.4066,2.5416,0.38741,-0.71192,0.4263,-12.816,-2.5543,-9.0108,1.743,0.71548,4.0253,0.86508,0.65047,-0.078661
7.2643,1.3163,3.8083,-0.55846,0.79765,0.46406,-0.69945,0.13707,-0.57417,3.3341,4.728,6.8646,0.16828,-1.0554,2.1853,-0.11525,-0.18973,-0.66238,2.8335,-5.4492,7.0083,0.33093,-1.3634,-0.91795,0.28885,0.73556,-0.83573,-8.6206,-9.0688,1.9398,-2.4124,-0.19259,-0.23057,0.31367,-0.70975,0.42833,-16.57,-4.6876,1.5577,0.28548,0.49638,4.0302,0.95359,0.50802,-0.097949
4.2211,0.30418,-0.078497,-1.4098,-0.081885,0.19529,-0.73075,0.15249,-0.54116,0.90868,5.7555,2.592,-0.49717,-0.82537,1.6821,-0.14765,-0.19908,-0.64939,2.3261,-4.2781,5.4449,0.58535,-1.1492,-0.71939,0.20349,0.70991,-0.88845,1.0283,-7.465,11.405,-3.3748,-1.6249,-1.3017,0.30648,-0.70761,0.36379,-11.077,-9.6783,5.1406,-0.37664,-0.064403,2.841,1.0562,0.34228,-0.10742
1.556,0.1977,-1.4572,-1.1519,3.0286,0.84586,-0.69154,0.18929,-0.58398,4.0905,4.3843,2.3087,-0.28202,-0.058573,0.38565,-0.16739,-0.18891,-0.64975,4.1433,-3.8008,4.963,0.22864,-0.22111,-0.11058,0.17116,0.69714,-0.90827,2.3039,13.968,3.9499,0.66519,-0.1109,-0.61006,0.3449,-0.70334,0.32851,-1.965,-13.527,-0.25879,-2.8399,-0.13449,1.7201,1.0933,0.24991,-0.10822
2.2005,-1.3848,0.24585,0.45565,6.2139,-0.44415,-0.55549,0.20914,-0.71468,2.8895,4.4288,3.1424,0.51773,1.068,-0.78886,-0.15576,-0.18818,-0.6543,2.8946,-4.6253,5.2053,-0.44459,0.83596,0.86895,0.19889,0.70102,-0.8977,-0.71621,-2.6157,-2.1549,-0.47895,0.11199,0.14933,0.38155,-0.71368,0.30533,5.1235,-22.429,2.5785,-0.21738,-0.30851,-1.3864,1.0676,0.26287,-0.11309
-0.13942,-1.8512,-0.69258,0.13775,3.3491,-0.13435,-0.40401,0.20168,-0.81159,4.2964,5.9164,5.2912,0.4106,1.7266,-1.6938,-0.10924,-0.19081,-0.66133,1.4566,-3.4762,6.117,-0.28308,1.375,1.8732,0.28228,0.70754,-0.8697,-4.3098,3.4419,-5.0697,3.9429,1.5566,-0.33496,0.40965,-0.71465,0.32465,-3.3128,-5.099,1.0933,1.1867,-0.72456,-2.1674,1.0349,0.33956,-0.11975
11.628,-1.5935,15.096,0.63427,-4.0443,-0.58236,-0.43396,0.19379,-0.79895,-0.79207,12.703,8.6737,0.23653,1.2038,-1.7172,-0.05797,-0.18571,-0.66959,2.2047,-9.9789,10.701,-0.20053,1.5747,1.4175,0.3919,0.70303,-0.82852,-22.866,-21.654,12.006,-2.4123,0.11772,1.8542,0.37838,-0.74333,0.33761,-32.352,-6.5981,-3.51,1.517,-0.92903,-3.7502,0.97669,0.4485,-0.12991
17.571,-1.0395,5.3707,1.7409,-7.3778,-0.93939,-0.69317,0.19345,-0.59944,-0.70561,8.3089,8.9409,-0.69671,0.40567,-0.82071,-0.023574,-0.16351,-0.68141,0.095323,-6.6772,8.8707,-0.70122,0.77725,0.24572,0.44979,0.71581,-0.78874,-10.155,-12.307,-3.4294,3.8359,0.50233,-1.6794,0.37014,-0.71863,0.41729,-25.153,-2.7553,-1.2266,0.95514,-0.43633,-3.9442,0.89896,0.58899,-0.16206
26.276,-1.2939,-4.1295,0.87309,2.2433,0.14109,-0.75641,0.17988,-0.51444,2.0552,9.7172,7.4528,-0.469,-0.20155,0.50416,-0.024328,-0.15365,-0.68409,0.65764,-8.1578,9.6433,0.033404,-0.4922,-0.91477,0.44386,0.73787,-0.76926,-21.912,1.0936,-5.5406,-0.51899,-2.0362,-2.7055,0.48653,-0.63209,0.4658,-24.891,4.3045,-6.0887,-0.16209,-0.69214,-3.5945,0.79151,0.70186,-0.18543
13.681,-1.4656,4.8535,1.2759,-0.006153,0.15871,-0.78031,0.1643,-0.51098,-1.4003,11.246,7.3243,0.54431,-0.93349,1.1086,-0.041282,-0.16581,-0.67744,-1.532,-8.182,11.537,-0.017239,-1.5708,-1.1261,0.38644,0.74987,-0.78932,-14.877,-5.4947,-14.2,-0.93746,-0.30411,-3.3873,0.60312,-0.56633,0.42554,-15.404,4.2531,-1.9245,-1.3141,0.29214,-2.4334,0.69828,0.75985,-0.19722
7.3245,-0.91619,2.4812,2.1646,0.13698,-0.053002,-0.77125,0.11216,-0.52522,2.8947,5.4036,5.0956,-0.38112,-1.01,1.6155,-0.07569,-0.17653,-0.67099,2.9327,-5.753,5.6876,-0.31985,-1.7219,-1.0695,0.28833,0.75449,-0.83354,-15.967,5.0239,0.006561,0.96985,-1.4994,-4.3729,0.70575,-0.41513,0.44173,-9.2316,6.2364,-4.8627,-0.24866,0.59052,-0.5755,0.6566,0.77952,-0.21218
4.6145,0.30112,3.625,1.9237,-0.41781,-0.088508,-0.75766,0.042906,-0.54237,2.7504,5.5988,5.3097,-0.65951,-0.96799,1.5274,-0.11167,-0.17411,-0.66751,1.7341,-5.6197,5.1586,0.18358,-1.4089,-0.96884,0.2032,0.75564,-0.86121,-11.839,10.99,-0.48719,0.30889,-1.0966,-3.1117,0.7685,-0.26158,0.42629,-1.0942,10.467,6.9397,0.7287,-1.3903,0.87316,0.67125,0.75846,-0.23553
1.4629,0.99614,-4.5862,-1.07,2.979,0.30068,-0.64652,0.025597,-0.63677,2.5529,4.0202,4.4021,-0.33554,-0.54949,0.5157,-0.14141,-0.17699,-0.66405,4.1824,-4.4341,3.4123,-0.026593,-0.26728,-0.37771,0.13717,0.75502,-0.88812,-4.6168,15.663,-6.6044,0.69162,-0.55605,-1.9092,0.79422,-0.14962,0.38859,2.4013,-12.048,4.5999,0.072304,0.392,1.8583,0.72232,0.7159,-0.26586
2.0486,-1.1896,1.7829,-2.165,5.0297,1.1698,-0.52166,0.11788,-0.74505,2.775,4.3368,5.0805,0.16434,-0.018548,-0.94644,-0.15111,-0.16827,-0.66512,3.5977,-4.9087,4.2674,-0.04875,1.0449,0.45669,0.15858,0.76134,-0.87856,3.2303,19.575,-5.6257,0.087096,-0.12351,0.61091,0.79836,-0.12666,0.38103,-3.0535,-9.1501,-2.8277,-0.30993,1.6068,-0.73893,0.75501,0.69971,-0.23994
0.24986,-1.1234,-0.058202,3.4245,4.1879,0.63725,-0.45316,0.10304,-0.77474,4.4264,4.8171,4.0041,0.53478,0.48216,-2.323,-0.14023,-0.1584,-0.67,2.5126,-4.6026,4.5243,-0.36827,1.8885,1.1237,0.23546,0.77007,-0.84019,-2.5813,6.1908,-0.76895,-0.20875,0.34353,1.8488,0.80206,-0.18954,0.37841,-2.7229,5.1187,4.8958,-1.5036,-0.49751,-0.67108,0.72555,0.74136,-0.1989
8.9526,3.866,3.7929,-0.076048,-2.0492,-0.16209,-0.42575,0.051305,-0.78693,1.0437,10.397,7.1778,0.62769,0.871,-2.196,-0.1106,-0.15585,-0.67553,0.62616,-13.113,10.937,0.0739,1.8047,1.0219,0.33719,0.77094,-0.79144,-19.445,-1.172,-10.095,-1.8202,0.79014,3.8164,0.7974,-0.31491,0.36205,-33.863,-0.98045,4.8612,2.5802,0.61343,-1.6869,0.71157,0.76055,-0.13777
16.729,-3.8346,9.4869,-0.81833,-8.4582,-1.5118,-0.67138,0.13747,-0.60474,-0.079201,9.5751,4.8463,0.74587,0.90024,-0.45884,-0.082803,-0.17073,-0.67515,-0.9958,-5.8333,12.223,0.069298,0.57196,0.56913,0.38431,0.75327,-0.77174,-20.634,2.3747,-5.6591,0.14197,1.2966,2.8451,0.72117,-0.47779,0.36957,-10.497,22.627,-10.054,-4.109,-0.7284,2.2181,0.68665,0.80462,-0.10097
31.931,3.9669,-12.088,-0.45819,0.25673,-0.43004,-0.74132,0.13934,-0.47228,-0.04113,11.855,8.6504,0.23361,0.25838,0.71257,-0.064605,-0.192,-0.67428,3.5927,-5.6357,8.5829,0.57098,-0.61047,-0.35161,0.39546,0.74238,-0.78201,-26.851,-6.7294,-8.0924,-1.8713,1.3362,4.0894,0.58787,-0.6612,0.35908,-23.415,-18.145,-5.2278,-0.075818,-0.33007,3.7035,0.80011,0.74165,0.019243
11.981,1.7776,4.9587,-0.72627,0.29457,0.029692,-0.70471,0.12235,-0.54581,-0.19637,11.321,8.6349,-0.66502,-0.74106,1.305,-0.074823,-0.19271,-0.66992,-1.1283,-7.9975,9.2468,-0.18573,-1.0049,-0.72226,0.35194,0.7473,-0.80253,-15.065,-6.3855,-7.4209,0.66423,0.5523,3.5068,0.43072,-0.73425,0.363,-13.099,-2.0624,-8.2971,1.9962,0.59755,3.9516,0.89375,0.63848,-0.043867
