8.4953,-1.9483,-0.24088,-0.37909,0.36439,-0.25757,-0.50825,-0.35781,0.17055,7.9025,3.1857,2.3502,-0.21326,-0.40099,0.11866,-0.39852,-0.1565,0.39968,9.1187,-1.7562,1.6135,-0.11132,-0.10336,-0.26197,-0.49544,-0.33883,-0.10571,-9.2147,1.0298,2.1842,0.30685,-0.18578,0.21117,0.48017,0.24484,-0.26383,-8.4932,-3.3789,-1.674,0.08912,0.24553,0.30685,0.34865,-0.21548,0.38917
7.6722,-1.9032,1.2524,-0.59832,0.34401,-0.30429,-0.5056,-0.36714,0.15389,7.0832,2.9508,2.3198,-0.10849,-0.23756,0.049136,-0.39259,-0.15631,0.40318,7.802,-1.274,1.7367,-0.18948,-0.0216,-0.33022,-0.49094,-0.34512,-0.10531,-6.443,-1.8772,-0.9753,-0.33418,-0.16524,0.25797,0.47618,0.23887,-0.27002,-7.6681,-2.7185,-1.5313,-0.31327,0.15079,0.14129,0.34291,-0.21971,0.38894
7.8262,-1.2641,0.39995,-0.11468,0.27036,-0.39088,-0.50011,-0.37582,0.14484,6.8485,3.2919,1.987,-0.070822,-0.15931,-0.19796,-0.38549,-0.16022,0.40402,7.5636,-1.5889,2.0124,-0.44082,0.10101,-0.22261,-0.4839,-0.34623,-0.11112,-9.6994,1.384,-0.36915,-1.1081,-0.13627,0.11068,0.47867,0.24548,-0.25864,-7.0044,0.057133,-1.6022,-0.034625,0.26911,0.32098,0.33786,-0.22256,0.38973
8.3886,-1.9587,0.72788,-0.30321,0.29963,-0.3219,-0.49419,-0.38371,0.13398,8.2429,3.6547,2.1163,-0.1727,-0.19203,-0.25302,-0.37804,-0.16373,0.40436,8.6772,-1.7599,2.174,-0.36974,0.18933,-0.25915,-0.48085,-0.3469,-0.11988,-7.8122,1.0845,1.3194,0.42866,-0.35113,0.25132,0.4765,0.23563,-0.26302,-9.9279,-2.032,-0.45477,-0.076579,0.28506,0.45828,0.33069,-0.22543,0.39135
8.2684,-1.7755,1.4297,-0.05532,0.29042,-0.29234,-0.48885,-0.39146,0.12337,7.7558,3.3118,1.8566,-0.15302,-0.095898,-0.36307,-0.3716,-0.1708,0.40432,8.0168,-1.6641,2.045,-0.39929,0.27016,-0.29982,-0.47393,-0.3495,-0.12838,-7.8474,0.50708,-2.2963,-1.0195,-0.25176,0.19514,0.47113,0.23256,-0.26503,-8.0731,-3.4812,-0.73357,-0.48066,0.20643,0.3042,0.32279,-0.23486,0.38693
7.9707,-1.9931,0.87412,-0.053761,0.24573,-0.26394,-0.48312,-0.39789,0.11884,8.023,3.188,1.8893,-0.08398,-0.023048,-0.51705,-0.36534,-0.17651,0.40107,8.2219,-1.8788,2.0274,-0.44054,0.28748,-0.2468,-0.46615,-0.35058,-0.13937,-9.319,3.4646,0.91144,0.18022,-0.37033,0.20403,0.47071,0.23722,-0.26025,-8.3884,-3.6576,-1.1277,-0.34415,0.15907,0.14812,0.31829,-0.24524,0.37956
9.3882,-1.6267,0.87233,0.15696,0.24534,-0.20786,-0.4777,-0.40149,0.11596,8.6968,3.3325,1.5636,-0.054015,-0.016084,-0.55092,-0.35711,-0.18224,0.39894,8.8804,-2.0976,1.721,-0.29322,0.30663,-0.24907,-0.46021,-0.35032,-0.14999,-8.1367,0.95566,-0.45731,-0.7348,-0.50451,0.213,0.4633,0.23395,-0.26666,-10.425,-1.9344,-4.2197,0.23914,0.44164,0.23802,0.3103,-0.24734,0.37884
11.962,-0.95842,0.83651,0.10205,0.15221,-0.21091,-0.47093,-0.40537,0.11417,12.063,3.8965,1.1665,-0.084484,-0.071099,-0.37959,-0.34982,-0.1899,0.39782,11.67,-2.0843,1.4036,-0.16909,0.23362,-0.29333,-0.4543,-0.35278,-0.15619,-13.895,4.0359,-0.18626,-0.59596,-0.33248,0.79389,0.46308,0.23269,-0.26591,-13.725,-4.3546,-3.9981,0.71622,0.39225,-0.031429,0.30115,-0.24114,0.38497
12.118,0.2715,0.41307,-0.072222,-0.14754,-0.26454,-0.46595,-0.40907,0.11542,11.733,3.6844,0.91562,-0.000878,0.041539,-0.31575,-0.34566,-0.19301,0.39632,12.238,-2.1753,1.7659,-0.059453,0.16183,-0.24551,-0.44752,-0.3568,-0.16231,-16.13,2.4474,4.6313,-0.71274,-0.041323,1.0324,0.46952,0.22012,-0.26318,-8.9676,1.1149,-4.5901,-0.87761,0.26187,-0.70731,0.30053,-0.23531,0.38459
16.588,1.1594,-0.92715,-0.3134,-0.33445,-0.21259,-0.45838,-0.41547,0.11899,14.62,4.5698,0.23029,0.069807,-0.20854,-0.098317,-0.34129,-0.19539,0.39647,16.424,-2.1719,1.6386,0.49475,0.072155,0.21361,-0.44596,-0.35828,-0.16095,-21.014,5.0699,4.0053,-1.2454,-0.85656,1.5576,0.4764,0.20445,-0.257,-20.638,0.47812,-5.5284,2.2587,-0.12552,0.30069,0.2985,-0.23533,0.38491
13.343,-0.053466,1.4346,-0.29262,0.19515,-0.475,-0.44976,-0.42649,0.10761,12.845,4.3597,0.60965,0.092862,-0.077206,0.22731,-0.3386,-0.1926,0.3972,13.906,-0.32983,2.2724,0.95972,0.11396,0.69236,-0.44947,-0.3576,-0.15159,-13.065,-5.4738,1.1535,2.1561,-0.78377,2.05,0.47947,0.14637,-0.28208,-9.0406,-2.6137,4.5403,0.10729,-0.3924,0.10205,0.29357,-0.21041,0.40311
12.983,0.67846,0.63113,0.063989,0.13228,-0.48068,-0.43979,-0.43682,0.10754,11.909,4.352,0.23211,0.1353,-0.079474,0.19299,-0.33834,-0.18717,0.40298,12.179,1.6421,2.7351,1.0584,0.071855,1.116,-0.46223,-0.34628,-0.13792,-7.882,-4.2845,-2.2318,-0.4825,-0.021419,0.96701,0.48579,0.11593,-0.29211,-10.846,12.149,-15.631,-5.5241,1.1719,0.50256,0.28868,-0.25214,0.38107
10.979,-0.50147,1.5257,0.12463,0.1566,-0.20365,-0.43491,-0.44395,0.10169,10.513,4.0748,0.43854,0.29966,-0.023658,0.17565,-0.33577,-0.18299,0.40406,10.305,6.5914,4.3954,-0.55315,0.38671,0.077853,-0.46581,-0.34319,-0.13993,-8.2113,2.5932,0.40985,-0.86701,0.21313,0.3526,0.49023,0.11315,-0.28805,-10.403,1.3536,-2.5673,0.45625,0.59896,0.5369,0.27693,-0.26455,0.3817
8.2828,0.80619,0.34273,0.099485,-0.02527,-0.21048,-0.43098,-0.44838,0.10251,8.2951,3.931,0.65511,0.35675,-0.003714,0.10376,-0.33601,-0.17574,0.40812,7.5034,-0.80753,2.3646,-0.1876,0.22723,-0.27677,-0.46233,-0.34318,-0.15501,-6.9215,-1.6945,-0.44472,-0.98023,0.018652,-0.036208,0.487,0.12483,-0.28772,-9.1712,-6.5555,-0.10316,-0.53806,-0.099914,0.39518,0.26914,-0.26897,0.38512
6.9448,1.2265,-0.21663,-0.030376,-0.18612,-0.067846,-0.42711,-0.45233,0.10463,7.1856,3.8495,0.97111,0.26144,0.01865,0.05645,-0.33553,-0.17022,0.41098,6.7597,-1.4992,1.6809,0.30806,0.086031,-0.32003,-0.45726,-0.35036,-0.15815,-5.7534,-2.3343,-0.52558,-0.087206,0.25621,-0.27467,0.4853,0.13815,-0.28542,-6.9158,-0.12654,-2.5946,-0.15229,0.096742,0.3255,0.26358,-0.2789,0.38282
6.8734,0.69812,0.56257,-0.058717,-0.09031,0.10682,-0.42964,-0.4514,0.10828,6.6663,3.6956,0.73152,-0.01669,0.097008,-0.007649,-0.33558,-0.16799,0.41272,6.0673,-1.114,1.3996,0.59226,0.091633,-0.17324,-0.45184,-0.35835,-0.15678,-5.3887,-0.56445,-0.26514,-0.22644,0.70153,-0.48122,0.4901,0.16193,-0.26991,-7.4611,-4.1223,-1.905,-0.21572,-0.00676,0.17704,0.25635,-0.29261,0.37619
8.0747,0.73529,-0.03225,-0.001894,-0.16629,0.07357,-0.43111,-0.45043,0.10977,7.5079,3.319,0.40937,-0.010338,0.24061,-0.084211,-0.33831,-0.17019,0.40904,7.0855,-0.82489,1.1362,0.41496,0.074979,0.027326,-0.45153,-0.36286,-0.15304,-6.0502,1.1939,1.79,0.11286,0.68576,-0.35552,0.4951,0.17086,-0.255,-9.286,-2.3047,-2.3641,0.29105,-0.15274,0.10682,0.25838,-0.29234,0.37599
9.159,0.55893,1.1533,-0.01732,-0.071291,0.15994,-0.43077,-0.44767,0.10899,8.8836,3.5049,0.029877,0.18136,0.33777,-0.10814,-0.34171,-0.16992,0.40745,8.3282,-0.7651,0.87533,0.096006,0.037209,0.094366,-0.45196,-0.36316,-0.1466,-9.0394,1.6319,1.8045,1.0697,0.25827,-0.2506,0.49722,0.16045,-0.25577,-7.8049,1.5457,-3.2997,0.26053,-0.37683,-0.003973,0.261,-0.28662,0.37764
9.4579,0.46981,0.61051,0.45024,-0.11001,0.056778,-0.4309,-0.44486,0.1166,8.5521,3.487,-0.26625,0.29538,0.37562,-0.20676,-0.34701,-0.16814,0.40178,8.2556,-1.0902,0.95322,-0.013873,-0.11817,0.24048,-0.45531,-0.35998,-0.14637,-8.2492,1.7137,1.0549,0.54329,0.30246,-0.55402,0.49594,0.16017,-0.2588,-9.3909,-1.9129,-3.1864,-0.14039,-0.22201,-0.22722,0.26509,-0.28451,0.37235
9.859,0.42034,1.0682,0.14002,-0.084281,0.2004,-0.43224,-0.44122,0.1208,9.5259,3.6224,-0.21349,0.30323,0.31462,-0.13315,-0.35047,-0.16626,0.39697,9.2003,-1.0866,1.6422,0.15908,-0.37949,0.29692,-0.46049,-0.35371,-0.1406,-10.67,2.1897,1.4933,0.37627,0.10483,-0.75286,0.49165,0.16843,-0.25622,-9.1171,0.031922,-2.2504,-0.39434,-0.32069,-0.31066,0.27204,-0.28581,0.36875
8.9383,-0.37302,1.2798,0.70158,0.01716,0.32465,-0.43824,-0.43341,0.13023,7.7592,3.17,0.12351,0.31935,0.18233,-0.042762,-0.35339,-0.16179,0.39559,7.9569,-0.892,2.1774,0.3092,-0.52972,0.33176,-0.4697,-0.34685,-0.12812,-10.108,3.0715,0.93351,-0.011144,0.11909,-0.80384,0.48533,0.18969,-0.25275,-6.9616,0.53124,-4.8192,-0.037082,-0.46559,-0.20861,0.27964,-0.29008,0.3573
9.5254,0.85218,1.1729,0.23764,-0.054315,0.28612,-0.44198,-0.42466,0.14064,8.6833,3.2549,0.58151,0.39386,0.065474,0.13225,-0.35654,-0.15545,0.39517,9.2959,-0.62342,2.9117,0.3432,-0.52433,0.27215,-0.47638,-0.34267,-0.11245,-9.2532,4.3201,-1.001,0.17061,-0.091788,-0.46015,0.4793,0.20115,-0.25584,-9.8309,-5.0466,-3.5309,0.7225,0.09115,-0.15276,0.28346,-0.27439,0.36685
8.2387,-0.072085,1.5152,0.69274,0.025465,0.27531,-0.44702,-0.41495,0.14854,7.511,3.228,1.1476,0.43961,0.044317,0.39121,-0.35854,-0.14417,0.3955,8.5838,-0.38231,3.1265,0.35129,-0.40943,0.1309,-0.47847,-0.34031,-0.096995,-9.0955,0.94376,1.4888,0.50706,0.49416,-0.17513,0.48079,0.19843,-0.2564,-7.4145,1.0893,-1.457,-0.4394,-0.40211,-0.006172,0.28933,-0.27331,0.36472
7.3109,0.14703,0.4355,0.44402,-0.13487,0.25728,-0.45176,-0.40652,0.15737,6.4786,3.2302,1.2264,0.41549,0.033318,0.47298,-0.36226,-0.1306,0.39518,7.5973,-0.36217,2.8228,0.36451,-0.24474,0.21753,-0.4833,-0.33589,-0.086574,-7.4158,0.49213,3.5108,-0.2438,0.25749,-0.35689,0.48184,0.20527,-0.24737,-7.2934,-0.8567,-4.7464,1.2884,-0.37089,-0.03013,0.29603,-0.26939,0.35846
8.4125,0.50397,1.5799,-0.20332,-0.209,0.29976,-0.45358,-0.39927,0.16243,7.4042,3.657,1.6689,0.3525,-0.00811,0.66024,-0.36679,-0.11479,0.39184,8.5065,-0.45364,2.5545,0.42575,-0.1348,0.10062,-0.48643,-0.33293,-0.076769,-8.32,1.35,1.894,0.50588,0.35544,-0.47162,0.48293,0.21074,-0.2415,-9.9849,-2.5468,3.7552,-1.0515,-0.71164,-0.50373,0.30254,-0.26424,0.35703
8.1505,-0.003176,1.1271,0.28363,-0.059873,0.11732,-0.45501,-0.39152,0.1675,7.0323,3.6521,1.6885,0.28775,0.033105,0.72584,-0.37071,-0.095235,0.39115,7.9171,-0.28442,1.9608,0.16928,-0.042618,0.078296,-0.48992,-0.32939,-0.072085,-7.8293,1.237,0.70374,0.26359,0.23576,-0.44169,0.48964,0.21074,-0.23042,-6.6736,1.6142,-3.0563,0.16473,-0.58168,-0.039986,0.31405,-0.27009,0.34086
8.3602,0.13645,0.98042,0.25834,-0.11548,0.029078,-0.45805,-0.38536,0.17149,7.5972,3.9425,1.7832,0.29813,0.1065,0.61603,-0.3743,-0.078876,0.38658,7.9769,-0.9008,1.6547,-0.12535,-0.004253,0.17957,-0.494,-0.3231,-0.073956,-8.975,2.9822,0.048731,-0.40681,-0.042759,-0.47332,0.4901,0.21716,-0.22319,-7.1217,-5.3522,-5.2187,0.57706,-0.18396,-0.093968,0.31778,-0.25765,0.34306
12.206,-0.32625,-0.31365,-0.31205,-0.23195,0.31,-0.45803,-0.38069,0.17444,11.976,5.0685,1.4313,0.16324,0.072834,0.6561,-0.37801,-0.065366,0.38397,12.174,-1.4949,1.6259,0.018834,-0.035921,0.028006,-0.49464,-0.31927,-0.071864,-15.098,5.9785,0.31254,0.36943,0.038751,-0.063316,0.49148,0.22481,-0.21592,-13.176,-4.1991,-2.2183,0.048156,-0.30609,-0.74289,0.32931,-0.25415,0.33235
13.282,-2.1003,-1.503,0.17357,-0.19745,0.34059,-0.4626,-0.37072,0.17652,14.413,5.172,1.5196,0.31121,0.34175,0.44156,-0.38299,-0.052876,0.37659,14.193,-0.94028,0.82058,-0.15039,0.002312,-0.24084,-0.49408,-0.31879,-0.070609,-15.033,-2.5502,3.0086,1.7155,0.29088,0.59166,0.49975,0.20271,-0.23096,-16.769,-8.5511,-0.21447,-0.45994,-0.40959,-1.4198,0.34504,-0.23736,0.32896
15.189,-2.2325,-1.9071,0.54735,-0.50585,0.23224,-0.46458,-0.36102,0.18855,14.259,5.1865,1.5163,0.026039,0.21346,-0.12055,-0.38859,-0.047919,0.37046,14.597,-1.7723,0.62115,-0.15327,-0.07853,-0.089948,-0.49289,-0.32084,-0.074211,-17.725,-4.1436,-2.2346,0.038605,-0.32422,-0.012387,0.50035,0.19628,-0.23497,-16.751,-5.3762,-2.5582,-0.69782,-0.57072,-2.3846,0.37295,-0.21932,0.31108
14.058,-4.4812,-0.36391,-0.13177,-0.39827,0.56271,-0.46801,-0.35112,0.19768,13.933,4.3149,2.7908,-0.59226,0.038002,-0.42597,-0.39342,-0.059777,0.36634,14.928,-1.5065,0.41863,0.20172,-0.11279,-0.08419,-0.49239,-0.32061,-0.074193,-10.009,2.1203,-2.9863,-1.4623,0.08762,-0.028826,0.49928,0.20463,-0.22788,-15.694,0.63855,-4.6154,0.10141,-0.44174,-1.8212,0.39612,-0.18486,0.31067
12.507,-1.1307,0.2279,0.43845,0.15193,0.16348,-0.47321,-0.34314,0.20494,9.9796,1.8312,3.1586,-0.47597,-0.06266,-0.67212,-0.39253,-0.079999,0.36752,12.386,-1.1871,0.078753,0.060668,-0.070536,0.006906,-0.49285,-0.32292,-0.070927,-8.8633,-3.1278,-3.8127,-0.87679,0.62911,-0.34293,0.49581,0.21861,-0.2192,-8.7601,3.4464,-3.0567,-0.48178,-0.013338,-1.0395,0.40526,-0.16884,0.31731
9.4831,-0.9349,-0.077184,0.49733,0.32007,-0.050876,-0.47687,-0.33966,0.20685,7.9922,1.5758,2.8877,0.18261,0.1955,-0.51383,-0.39021,-0.093711,0.36789,9.6302,-1.1548,0.60848,-0.29776,-0.10842,0.16637,-0.49487,-0.31952,-0.071496,-9.3695,-3.0865,0.21273,0.28427,0.74396,-0.80155,0.49846,0.22801,-0.21288,-7.9528,0.27604,1.1458,0.29915,-0.099744,-0.34213,0.41538,-0.15592,0.3156
7.6913,-1.7349,-0.12625,-0.28653,0.26331,0.031114,-0.48048,-0.33937,0.2006,6.5297,2.5184,2.5185,0.15521,0.3631,-0.12427,-0.39518,-0.096717,0.36513,7.8276,-1.7344,1.2415,-0.21344,-0.18101,0.19224,-0.49836,-0.31694,-0.074227,-9.8033,3.1185,4.2029,-0.90825,0.54268,-0.72744,0.49956,0.24972,-0.19716,-6.2379,1.0507,-0.54098,0.41214,-0.03921,0.03163,0.41799,-0.15227,0.32227
8.0279,-1.7795,-0.76545,-0.11662,0.26429,0.13713,-0.4844,-0.33932,0.19488,7.0342,2.9412,2.3,-0.23517,0.16267,0.12255,-0.39923,-0.098399,0.36061,8.0761,-1.7844,1.3488,0.17418,-0.12361,0.040075,-0.50059,-0.31433,-0.071436,-9.4096,0.54009,0.74807,0.83663,0.052574,-0.47732,0.49688,0.25563,-0.19527,-6.8088,0.39868,-1.2843,-0.067436,0.17831,0.18468,0.41633,-0.1494,0.32652
8.733,-1.922,0.11911,-0.29704,0.30908,0.21615,-0.4892,-0.33907,0.18189,8.4686,3.0161,1.8329,-0.38151,0.041005,0.085117,-0.40219,-0.10473,0.35904,8.7481,-1.3771,1.127,0.226,0.03622,-0.18805,-0.50031,-0.31511,-0.070904,-9.7518,2.8361,0.018584,1.0033,-0.13041,-0.24254,0.49654,0.25277,-0.20491,-6.9748,-0.16723,-1.5575,-0.047853,0.23573,0.35696,0.40567,-0.15996,0.33379
8.5685,-2.0026,0.22176,-0.24723,0.1975,0.070762,-0.49177,-0.3388,0.17234,8.4581,2.7947,1.4917,-0.31821,0.11433,-0.21738,-0.40092,-0.11324,0.35506,9.0745,-1.2399,0.90468,-0.1818,0.16904,-0.19167,-0.49777,-0.32002,-0.074854,-9.3158,2.0476,-0.90975,-0.18279,-0.25206,0.14798,0.49168,0.24649,-0.21292,-7.1853,-0.79466,-1.264,-0.022384,0.10675,0.44118,0.40268,-0.16785,0.33359
8.9708,-2.1382,-0.014751,-0.19317,0.070506,-0.019794,-0.49493,-0.33955,0.1686,8.3011,2.8726,1.44,-0.2556,0.016364,-0.3945,-0.40354,-0.11974,0.35503,9.3337,-1.6413,0.6369,-0.43065,0.29302,-0.027387,-0.49609,-0.32181,-0.081168,-9.7969,-0.3078,-1.1269,-0.24699,-0.2113,0.15131,0.49018,0.24788,-0.21642,-8.4609,-2.0876,-1.4683,0.20788,0.3496,0.68798,0.40182,-0.17065,0.33374
9.5278,-2.1972,0.66038,-0.21794,0.16716,-0.069403,-0.49593,-0.34192,0.16418,8.4192,2.7389,1.5082,-0.31472,-0.16952,-0.3372,-0.40045,-0.13117,0.35592,9.8214,-1.7429,0.42359,-0.39939,0.28264,0.059311,-0.49544,-0.31892,-0.092999,-8.947,-2.275,0.34006,0.84547,0.020913,-0.10677,0.49238,0.24462,-0.22277,-9.869,-2.186,-1.343,0.082954,0.65696,0.91077,0.38838,-0.18035,0.34168
8.8072,-1.6878,0.67315,-0.10993,0.3265,-0.15572,-0.49307,-0.3447,0.15447,7.4183,2.202,1.7596,-0.21956,-0.24497,-0.22392,-0.39602,-0.14156,0.35584,8.8806,-1.5975,0.48503,-0.34222,0.18531,0.061574,-0.49594,-0.31625,-0.10315,-9.4181,0.95272,0.82966,-0.066368,-0.2187,0.059845,0.49048,0.23929,-0.22564,-9.341,-4.3843,-1.3699,-0.021884,0.67118,0.93087,0.3715,-0.19302,0.35136
8.6599,-1.4265,0.44996,-0.24223,0.28213,-0.18674,-0.49155,-0.35105,0.14861,7.3867,2.54,2.0476,-0.053103,-0.30402,-0.076173,-0.39146,-0.14682,0.35911,8.9584,-1.5252,0.5754,-0.292,0.12177,0.051813,-0.4953,-0.31093,-0.11529,-10.307,0.91325,0.45929,0.54188,-0.32196,0.21183,0.48769,0.23626,-0.22968,-8.8976,-4.1514,-0.19662,0.41098,0.3009,0.85297,0.35749,-0.20803,0.3558
8.8799,-2.0884,0.70093,-0.53577,0.27734,-0.16704,-0.49005,-0.35702,0.13732,8.0818,3.1679,2.5092,-0.12036,-0.39737,0.14107,-0.3852,-0.14692,0.36404,9.2792,-1.2069,0.84364,-0.31209,0.12037,-0.059378,-0.49407,-0.31029,-0.12058,-8.5148,-1.6789,-1.9623,0.11786,-0.13852,0.12854,0.48662,0.22173,-0.24199,-9.3965,-5.8755,-2.0395,0.13079,0.21486,0.49518,0.3466,-0.21225,0.36271
8.1965,-1.4177,1.0432,-0.38314,0.086109,-0.3156,-0.48855,-0.36075,0.12627,7.4017,2.9841,2.4385,-0.25359,-0.38681,0.13496,-0.38038,-0.14573,0.36835,8.202,-1.1289,1.0215,-0.48336,0.092756,-0.10232,-0.49337,-0.30978,-0.12391,-8.3186,2.4439,-1.5128,-1.6552,-0.049943,0.2243,0.48409,0.22579,-0.2335,-8.3158,-4.5511,-2.0177,-0.065768,0.091049,0.18768,0.34321,-0.21823,0.36092
8.4748,-1.357,0.12083,-0.51558,0.23618,-0.27449,-0.48218,-0.36842,0.1166,7.8635,3.3715,2.5258,-0.30034,-0.37317,0.057306,-0.37548,-0.14782,0.37146,8.7578,-1.3846,1.2055,-0.41315,0.11411,-0.13387,-0.49102,-0.3089,-0.13175,-9.8449,1.1091,0.6784,1.7066,-0.15015,0.37815,0.48344,0.21442,-0.24073,-8.1176,-2.453,-2.0983,0.50626,0.14334,0.14574,0.34243,-0.21509,0.36493
8.1924,-2.042,1.5762,-0.57921,0.19535,-0.29992,-0.4788,-0.37562,0.10422,8.0611,3.3021,2.3274,-0.37384,-0.29452,0.037009,-0.37124,-0.1509,0.37378,8.2649,-1.062,1.3978,-0.49707,0.095717,-0.26129,-0.48693,-0.3086,-0.13949,-7.1743,-1.4129,0.26971,-0.17908,-0.35166,0.1995,0.48089,0.20603,-0.24767,-8.6696,-1.6168,-1.2465,0.12201,0.28303,0.073679,0.33884,-0.21288,0.369
8.6762,-1.1156,0.45211,-0.27191,0.058631,-0.29889,-0.47269,-0.38236,0.096987,7.9147,3.2395,1.7528,-0.2985,-0.14769,-0.14694,-0.36763,-0.15393,0.37403,8.1387,-1.4696,1.5692,-0.50732,0.060625,-0.27911,-0.48209,-0.30947,-0.14716,-10.575,0.6429,0.30418,-0.33685,-0.19047,0.16586,0.48222,0.207,-0.24064,-7.928,-1.5983,-1.1219,-0.027262,0.14914,0.13794,0.33692,-0.21315,0.36907
8.9902,-2.0549,1.3584,-0.3514,0.19886,-0.19194,-0.46844,-0.38819,0.089032,8.6241,3.4572,1.8407,-0.22052,-0.19047,-0.19656,-0.36177,-0.15856,0.37303,8.9792,-1.4643,1.6748,-0.34928,0.037023,-0.45538,-0.47678,-0.31344,-0.15298,-7.7375,0.96596,1.0509,0.55204,-0.43855,0.1342,0.47914,0.19763,-0.2476,-9.718,-1.6425,-1.0402,0.21052,0.3024,0.46661,0.32956,-0.21704,0.37147
8.4177,-1.6733,1.5504,-0.10767,0.19571,-0.22993,-0.46404,-0.39147,0.083914,7.3768,3.0602,1.7487,-0.20274,-0.19863,-0.28417,-0.35723,-0.16451,0.37338,8.0095,-1.4351,1.6449,-0.46556,0.011943,-0.52296,-0.46986,-0.31724,-0.15637,-7.7931,0.66568,-4.3207,-1.6704,-0.17003,0.23442,0.47615,0.19612,-0.25281,-7.7107,-1.4944,-1.2374,0.12229,0.057519,0.54207,0.32421,-0.2218,0.37306
8.659,-1.4648,0.77044,-0.004954,0.25306,-0.23461,-0.45871,-0.3939,0.079342,7.4647,2.901,1.5881,-0.077945,-0.10824,-0.34341,-0.35269,-0.16654,0.37443,8.4659,-1.8306,1.5805,-0.52285,0.047034,-0.51226,-0.46275,-0.32155,-0.16097,-8.9293,2.6019,-0.42251,1.5987,-0.30729,0.17079,0.47627,0.19333,-0.25102,-8.2898,-1.9936,-2.9365,0.24931,0.16589,0.54636,0.31641,-0.22923,0.37231
11.373,-1.0432,1.0399,-0.21268,0.023812,-0.24911,-0.45334,-0.39859,0.075565,10.457,3.9001,1.4604,-0.045638,-0.1904,-0.12206,-0.34897,-0.16836,0.37696,10.82,-2.0171,1.5118,-0.52475,0.033834,-0.63441,-0.45376,-0.32845,-0.16764,-10.559,1.6328,-3.3272,-1.6991,0.12008,0.16442,0.47382,0.19194,-0.25265,-13.434,-2.6496,-0.69491,0.91356,0.12695,0.47267,0.30813,-0.22858,0.37703
11.897,-0.67457,0.39734,-0.28788,-0.19846,-0.28653,-0.44798,-0.40309,0.073986,13.083,4.1293,1.1082,0.032948,0.008989,-0.025131,-0.34608,-0.16832,0.3761,12.993,-1.8687,1.9431,-0.61072,-0.044467,-0.74974,-0.44121,-0.33702,-0.17532,-17.492,7.41,1.7781,0.57047,-0.005564,0.70892,0.47666,0.19542,-0.24036,-13.192,-1.1407,-1.0826,0.1417,-0.15176,-0.30714,0.30517,-0.22964,0.37849
13.548,1.0807,-1.0481,-0.11828,-0.35397,-0.30737,-0.44077,-0.40975,0.078187,12.789,4.375,0.46601,0.097393,-0.012271,-0.2321,-0.34508,-0.16761,0.37817,12.943,-2.8844,2.5076,-0.13505,-0.16755,-0.2806,-0.43486,-0.34284,-0.17768,-17.235,5.2723,11.23,-3.0646,-0.43019,0.77365,0.48397,0.18155,-0.23619,-12.009,1.3197,-5.6866,-1.6954,0.084502,-0.60022,0.30995,-0.23712,0.36854
14.211,0.25448,0.50297,-0.46738,-0.15443,-0.21556,-0.43437,-0.41352,0.076642,14.582,4.5784,0.46336,-0.056829,0.040225,-0.16175,-0.34472,-0.16949,0.37746,14.887,-1.5595,2.8074,1.0387,-0.16321,0.30874,-0.43227,-0.34596,-0.16804,-18.189,1.2912,3.016,0.91262,-0.87814,1.9653,0.48914,0.15781,-0.24947,-11.718,-3.596,-5.7696,1.191,-0.18821,0.004173,0.3136,-0.23277,0.36819
13.102,0.47067,0.5258,0.37671,0.1823,-0.24879,-0.42904,-0.41882,0.077138,11.959,3.8126,-0.015465,0.024823,0.057359,-0.14601,-0.34411,-0.17206,0.37882,12.326,-0.20604,2.6424,1.2746,-0.031054,0.86862,-0.44153,-0.34503,-0.14919,-9.6472,-6.5735,-1.7694,0.84739,-0.34599,1.4914,0.49012,0.1107,-0.27512,-9.669,3.9871,-6.9693,-1.7795,0.56055,0.42044,0.30565,-0.24563,0.36434
11.912,-0.064206,1.468,0.45489,0.28627,-0.2018,-0.42579,-0.4244,0.079629,10.277,3.4017,0.28094,0.25536,-0.007097,-0.15303,-0.343,-0.17387,0.38019,10.594,1.2326,2.6889,0.92329,0.13805,0.88234,-0.45354,-0.33833,-0.13572,-6.8692,-2.0805,-1.3284,-1.3772,0.17089,0.63355,0.49264,0.1003,-0.27599,-10.797,4.8234,-5.3878,-0.18765,0.78434,0.85448,0.28954,-0.27289,0.36049
9.1302,0.45795,0.56274,0.2688,-0.009844,-0.18923,-0.42238,-0.42776,0.083017,8.5503,3.3623,0.44026,0.34665,-0.062868,0.000338,-0.34179,-0.17131,0.38428,9.2669,2.0913,2.8054,0.45138,0.27339,0.27151,-0.46324,-0.33393,-0.13076,-7.2765,1.296,1.3002,-0.65655,0.43761,0.099805,0.49773,0.10242,-0.27475,-10.127,-5.3139,0.67573,0.15857,0.46949,0.71423,0.27531,-0.2778,0.37089
7.755,1.1434,0.45235,-0.12088,-0.018236,-0.12144,-0.41986,-0.43243,0.08405,7.1225,3.4261,0.81085,0.36695,-0.13612,0.16139,-0.34082,-0.16521,0.38906,7.5539,1.1522,1.9817,0.42954,0.23969,-0.27937,-0.45977,-0.33916,-0.13093,-6.5182,-1.6484,-0.31665,-1.0338,0.1003,-0.18388,0.49815,0.11584,-0.27274,-7.9476,0.63074,-2.0498,-0.003722,0.25672,0.57266,0.26365,-0.28756,0.37147
7.2609,0.68044,0.5351,-0.083567,-0.13736,-0.084462,-0.41842,-0.43445,0.084377,6.9292,3.803,1.0811,0.1648,-0.16651,0.30341,-0.33905,-0.1585,0.39477,7.1733,0.079091,1.8677,-0.046895,0.20298,-0.21837,-0.45281,-0.34482,-0.13717,-6.2445,-0.82552,0.39307,-0.35187,0.080721,-0.41496,0.49837,0.13604,-0.26288,-7.207,-4.45,-2.3214,-0.22023,0.088439,0.28067,0.25343,-0.29268,0.37385
7.7909,0.72183,0.23358,-0.17094,-0.1352,0.033094,-0.41656,-0.43611,0.085365,7.3594,3.603,0.81797,-0.035583,-0.017523,0.31834,-0.33975,-0.15373,0.39681,7.1677,-0.77982,1.6014,0.044255,0.27433,-0.092782,-0.45115,-0.34699,-0.14373,-5.792,-0.23897,0.41652,0.055433,0.24895,-0.4966,0.49745,0.14289,-0.26003,-8.4334,-3.5195,-1.9213,0.17844,-0.1249,0.10151,0.25308,-0.2961,0.37365
9.0721,0.82853,0.61692,-0.042586,-0.16982,0.026272,-0.41572,-0.43503,0.086554,8.8679,3.7109,0.5337,0.21312,0.15106,0.1823,-0.34332,-0.1499,0.39515,8.3229,-0.75082,1.1686,-0.01776,0.24247,-0.023694,-0.4509,-0.34937,-0.14886,-7.156,0.90843,0.86795,0.94254,0.49675,-0.49097,0.50009,0.14838,-0.25535,-9.1478,0.42045,-4.2007,0.44624,0.023766,0.12006,0.25213,-0.29173,0.38095
9.1873,0.29174,1.2707,0.17347,-0.054645,0.025186,-0.41775,-0.43403,0.087377,8.8215,4.0424,0.16802,0.31829,0.28056,0.03988,-0.34692,-0.14302,0.39356,8.5861,-0.79089,1.1146,-0.14349,0.12612,0.023687,-0.44639,-0.35065,-0.15306,-9.9287,0.071136,1.2332,1.1988,0.48192,-0.49817,0.49867,0.14298,-0.25617,-8.1468,-2.0852,-2.3906,-0.020602,-0.4112,-0.18774,0.25956,-0.28935,0.37756
8.6596,0.28341,0.67037,0.45059,-0.10946,-0.025385,-0.41802,-0.43311,0.095904,7.9409,3.8777,0.15215,0.18714,0.18394,-0.089552,-0.35359,-0.13837,0.39362,7.6902,-1.3016,1.3886,0.076462,-0.14753,0.19088,-0.44901,-0.34876,-0.15337,-8.0545,2.943,1.1852,1.0336,0.32357,-0.71937,0.49985,0.14017,-0.25433,-8.9239,-0.70524,-2.9676,0.35028,-0.41298,-0.17933,0.26942,-0.28645,0.37577
9.2559,0.42596,0.86975,0.18171,-0.093849,0.19131,-0.4179,-0.42918,0.10339,8.9056,3.5557,0.054542,0.17213,0.14402,-0.032612,-0.35439,-0.13842,0.39052,8.5007,-0.9323,1.6413,0.40515,-0.37095,0.18046,-0.45521,-0.34427,-0.1455,-9.1091,3.0904,0.79634,0.38342,0.07227,-0.72024,0.49949,0.14674,-0.25081,-9.5582,1.1231,-3.8249,-0.49199,-0.26952,-0.12093,0.27116,-0.2857,0.37875
8.7683,-0.031319,1.3703,0.49302,-0.074406,0.27004,-0.42295,-0.42384,0.11093,7.9538,3.265,0.51634,0.31255,0.13378,0.067353,-0.35711,-0.13228,0.38848,7.7567,-0.64289,2.0675,0.38018,-0.46299,0.13765,-0.46158,-0.34417,-0.13094,-10.024,3.5239,0.25241,0.15842,-0.12058,-0.56709,0.493,0.15876,-0.2519,-6.1313,-1.2858,-2.9967,0.66635,-0.63446,-0.16112,0.27899,-0.28406,0.37359
7.9818,0.26718,0.53087,0.40942,-0.14126,0.2847,-0.42897,-0.41583,0.1223,7.5491,3.1496,0.82192,0.38738,0.13918,0.1067,-0.36056,-0.12541,0.38715,7.6373,-0.72756,2.2236,0.25094,-0.42934,0.21348,-0.46487,-0.3407,-0.11954,-8.6573,3.2029,-0.58243,0.32932,-0.14421,-0.27621,0.48672,0.16751,-0.25879,-9.1506,-2.8089,-1.2668,-0.012863,-0.16024,-0.46145,0.29278,-0.27176,0.37456
9.6219,0.71859,1.046,0.099274,-0.11018,0.39925,-0.43483,-0.40598,0.12952,8.3223,3.5966,1.1106,0.36613,0.14523,0.27339,-0.36362,-0.11898,0.38355,8.9408,-0.98019,2.6536,0.29151,-0.35323,0.1416,-0.47192,-0.33982,-0.10367,-9.1194,2.1907,0.76711,0.28023,0.13864,-0.33083,0.48398,0.17348,-0.26172,-9.3998,1.2005,-2.6718,-0.7128,-0.25558,-0.094119,0.29719,-0.28153,0.36439
8.6634,-0.25201,1.204,0.43446,-0.019395,0.27061,-0.44083,-0.39823,0.13623,7.3742,3.5031,1.4056,0.33964,0.10715,0.39417,-0.36855,-0.10861,0.38386,8.6091,-0.57484,2.3188,0.19017,-0.20613,0.15764,-0.47606,-0.33733,-0.0944,-8.9845,2.324,1.2948,0.096334,0.17411,-0.21937,0.4829,0.17912,-0.25975,-6.907,-3.0171,-4.5232,1.1572,-0.4299,-0.079152,0.30511,-0.27588,0.36479
8.325,0.47837,0.74369,0.15455,-0.091938,0.20576,-0.44535,-0.39146,0.14158,7.3249,3.8225,1.5283,0.2521,0.067816,0.43207,-0.37379,-0.093088,0.38164,8.4975,-0.77345,2.2348,0.078493,-0.11087,0.32722,-0.47977,-0.33139,-0.090489,-7.8908,1.2229,0.28276,0.50986,0.26893,-0.23135,0.48796,0.17736,-0.25407,-9.9998,0.094044,-1.5571,-0.34345,-0.16754,-0.1122,0.3111,-0.27227,0.36478
8.7535,-0.016239,1.333,-0.032148,-0.084676,0.23289,-0.44977,-0.38499,0.14396,8.2158,4.1411,1.7976,0.12829,0.078109,0.5605,-0.37697,-0.082495,0.37898,8.6337,-0.57978,2.1675,0.053501,-0.11931,0.32723,-0.48528,-0.32278,-0.088778,-8.7021,1.0812,1.1218,-0.02635,0.19861,-0.44537,0.49172,0.17962,-0.24934,-6.7391,-1.008,-4.7539,-0.23688,-0.39097,0.10889,0.31538,-0.277,0.35912
9.192,-0.37447,1.1326,0.30009,0.058106,0.2218,-0.45471,-0.37876,0.14619,7.7853,3.9186,1.6943,0.17665,0.21861,0.47627,-0.38347,-0.070655,0.37638,8.3708,-0.62665,1.9786,-0.10975,-0.083452,0.28465,-0.49085,-0.31762,-0.085733,-9.9126,2.2574,0.21101,-0.73753,0.15862,-0.61489,0.49317,0.19489,-0.24069,-7.8912,-1.9998,-1.5048,-0.34984,-0.14305,-0.1554,0.3215,-0.28323,0.352
12.648,0.033313,-0.36018,-0.10491,0.012315,0.44973,-0.46008,-0.36952,0.14774,11.673,5.0315,1.5677,0.2106,0.16973,0.43565,-0.39058,-0.058894,0.37183,12.67,-1.3113,2.0703,-0.054336,-0.055838,0.065123,-0.49543,-0.31044,-0.085174,-13.748,4.4405,-0.12345,1.1381,-0.012383,-0.15654,0.49652,0.20572,-0.2365,-12.48,-4.1315,-3.0519,0.26475,-0.049175,-0.39112,0.3297,-0.2782,0.35089
13.442,-2.6513,-1.1026,-0.26125,0.13632,0.33037,-0.46836,-0.36096,0.14284,14.252,5.5265,1.8847,0.20177,0.32583,0.23078,-0.39768,-0.051184,0.36684,15.084,-0.65417,1.2007,-0.29845,0.093037,-0.25645,-0.49388,-0.31265,-0.086646,-15.206,-2.8168,5.4961,0.80535,0.032364,0.44614,0.50141,0.19006,-0.2469,-15.165,-6.3807,-3.4469,0.76887,-0.10958,-0.84733,0.3384,-0.2613,0.35699
13.633,-1.9987,-1.701,0.41337,-0.1723,0.19219,-0.47421,-0.35528,0.14763,13.085,5.386,1.9085,-0.34978,0.06371,-0.28469,-0.40238,-0.052992,0.36216,13.485,-1.5462,1.0284,-0.45897,0.11752,0.008722,-0.49379,-0.31279,-0.09574,-15.41,-4.4107,-2.6676,0.26,-0.32582,-0.13067,0.49796,0.18666,-0.2544,-16.922,-6.6548,0.3915,-1.2364,-1.2975,-2.1438,0.36614,-0.24901,0.34471
13.419,-4.0312,-0.47025,-0.000644,-0.17503,0.44058,-0.48016,-0.34638,0.15291,13.686,4.3201,2.714,-1.0988,-0.17782,-0.51725,-0.40157,-0.074817,0.36158,14.489,-1.6554,0.86948,0.012914,0.036953,0.060598,-0.49602,-0.31049,-0.10063,-11.309,2.4653,-2.4427,-0.78704,-0.23481,-0.13589,0.50004,0.19402,-0.25318,-16.85,-2.1937,-2.4483,-0.22471,-0.41255,-2.0954,0.39342,-0.21879,0.34003
11.776,-1.6041,-0.33267,0.1025,-0.26633,0.10451,-0.48189,-0.34154,0.15967,10.154,1.8041,2.7513,-0.97626,-0.025478,-0.75048,-0.39914,-0.1054,0.36112,11.843,-1.2088,0.31556,0.056045,0.10504,-0.037056,-0.4967,-0.3126,-0.10433,-9.0771,-2.6002,-4.6727,-0.90748,0.48404,-0.24681,0.49748,0.20275,-0.25382,-9.298,5.1825,-5.2435,-0.53735,0.001284,-1.1586,0.41133,-0.19896,0.33895
9.4058,-1.2916,0.38236,0.29923,0.40632,-0.009562,-0.48501,-0.34275,0.1593,7.8005,1.2772,2.4769,-0.20625,0.22404,-0.74442,-0.39996,-0.13502,0.35716,9.5081,-1.0177,0.47242,-0.25164,0.13012,0.082995,-0.49516,-0.31347,-0.11341,-9.6231,-5.2705,-1.3502,0.95854,0.87249,-0.84347,0.49958,0.21693,-0.2426,-6.4672,-1.0779,-2.1952,0.74291,-0.48727,-0.86928,0.42538,-0.17413,0.34226
7.782,-1.513,-0.26539,0.11341,0.31786,-0.044292,-0.48857,-0.34312,0.15542,6.7836,2.0746,2.0564,-0.021635,0.32227,-0.38626,-0.40186,-0.14786,0.35283,7.8787,-1.6076,0.92737,-0.19663,0.058941,0.10447,-0.49676,-0.31066,-0.12051,-9.3153,1.4532,4.8296,-1.7059,0.79161,-0.84521,0.4986,0.23826,-0.22583,-6.7325,0.52289,-0.4029,0.22493,-0.17568,-0.1703,0.4393,-0.15852,0.34215
8.379,-1.4869,-0.58142,-0.18757,0.17197,0.083647,-0.49038,-0.34011,0.15054,7.3974,2.5999,1.6884,-0.19263,0.2213,-0.059775,-0.40518,-0.153,0.34956,8.1345,-1.6577,1.0544,0.079719,0.006135,-0.052464,-0.49976,-0.30774,-0.12087,-9.4736,1.2607,0.49846,1.0069,0.089345,-0.50074,0.49681,0.2552,-0.21746,-6.8836,0.79926,-2.3466,0.52248,0.16845,0.031191,0.43689,-0.15329,0.35068
8.7917,-2.049,0.24598,-0.34382,0.1273,0.12746,-0.49485,-0.34096,0.14157,8.6689,2.7025,1.4974,-0.28001,0.052344,-0.028605,-0.40788,-0.15901,0.34557,8.7507,-1.4031,0.87102,0.097141,0.077349,-0.24993,-0.49681,-0.31257,-0.12145,-9.9337,1.683,-0.5239,1.423,-0.10989,-0.43234,0.49839,0.2453,-0.23182,-6.8837,0.31076,-1.4815,0.21034,0.40761,0.26152,0.43059,-0.15214,0.35801
8.8665,-2.0417,0.12725,-0.20595,0.095533,0.032945,-0.4964,-0.34032,0.13659,8.6445,2.543,1.4042,-0.30952,-0.002788,-0.17362,-0.40893,-0.16861,0.3434,9.2648,-1.3325,0.72357,-0.21229,0.13978,-0.2606,-0.49441,-0.31836,-0.12589,-9.8335,3.8364,-0.77928,-0.11603,-0.19921,0.040314,0.49421,0.23928,-0.24188,-6.9437,-0.25996,-0.52061,-0.052505,0.1581,0.33654,0.42842,-0.15462,0.36502
8.709,-2.1157,0.40901,-0.094469,0.064315,-0.036995,-0.49676,-0.34258,0.13219,7.8647,2.1941,1.3978,-0.17646,-0.052632,-0.27298,-0.4088,-0.17373,0.34018,8.9805,-1.7852,0.76381,-0.32054,0.14636,-0.11599,-0.49045,-0.32111,-0.13379,-9.3127,1.8765,0.41851,-0.72785,-0.21958,0.38302,0.4881,0.24213,-0.24673,-8.0245,-1.4939,-0.77372,0.1718,0.19959,0.51227,0.42298,-0.16294,0.36833
8.6423,-1.9528,0.5662,-0.004872,0.13556,-0.16759,-0.49801,-0.34532,0.12776,7.222,2.1737,1.6076,-0.06021,-0.17928,-0.16446,-0.4069,-0.18003,0.34359,9.0633,-1.7247,0.62711,-0.16938,0.14683,-0.006272,-0.48902,-0.32111,-0.14017,-8.6702,-1.4317,-0.40512,0.43882,-0.23123,0.25522,0.49355,0.24062,-0.2513,-8.5348,-2.0665,-0.79135,-0.15869,0.36263,0.69441,0.4165,-0.17342,0.37113
7.8979,-1.659,0.81607,-0.20129,0.11459,-0.22436,-0.4957,-0.34945,0.12735,6.9093,2.3422,1.8689,0.017691,-0.27126,0.053127,-0.40403,-0.18314,0.34647,8.2807,-1.4879,0.76026,-0.2075,0.12756,0.023472,-0.48775,-0.31933,-0.14462,-8.1451,-2.19,2.1417,-0.099828,-0.1067,0.072463,0.49843,0.23682,-0.25424,-7.7269,-2.0966,-1.8159,-0.39699,0.73662,0.80475,0.40326,-0.1897,0.37702
8.8709,-1.1671,-0.053498,-0.32802,0.13918,-0.19539,-0.49324,-0.35359,0.1223,7.356,2.8557,1.9371,0.080363,-0.3443,0.18575,-0.40211,-0.18042,0.34959,8.8946,-1.591,1.0207,-0.17962,0.082484,-0.029421,-0.48863,-0.31797,-0.14967,-10.705,-0.48949,0.078063,-0.018346,-0.55626,0.13673,0.49182,0.2311,-0.26137,-7.7891,-3.5834,-1.5969,-1.1103,0.26704,0.58277,0.39134,-0.21313,0.37502
9.5205,-1.9543,1.0278,-0.4723,0.30037,-0.17703,-0.492,-0.35831,0.11098,8.4647,3.4738,2.4036,-0.001214,-0.50872,0.34589,-0.39784,-0.17367,0.35912,9.6638,-1.1968,1.0353,-0.23026,0.12349,-0.17398,-0.48624,-0.3198,-0.15421,-9.2174,0.11356,-1.0779,0.71106,-0.447,0.21697,0.48939,0.2199,-0.27287,-9.8494,-3.1349,-3.2139,-0.99502,0.43822,0.66049,0.38062,-0.23905,0.36953
7.3006,-1.6267,1.3637,-0.27029,0.40204,-0.28409,-0.48953,-0.36675,0.098445,6.5161,2.9839,2.4987,-0.099391,-0.41505,0.18585,-0.39603,-0.16609,0.36571,7.0322,-1.1134,1.1993,-0.47113,0.1592,-0.091021,-0.48404,-0.32047,-0.16003,-6.2641,0.47362,-1.9041,-0.34567,-0.33437,0.34468,0.4825,0.20699,-0.28659,-8.0533,-4.6416,-1.9179,0.38577,0.000636,0.68781,0.37208,-0.25713,0.36908
7.7406,-0.86028,-0.42555,-0.29278,0.14154,-0.38425,-0.48407,-0.37373,0.09132,7.296,3.3665,2.5733,-0.12781,-0.34392,0.006148,-0.39005,-0.16592,0.37011,8.1778,-1.586,1.5525,-0.33323,0.19406,-0.033997,-0.48218,-0.31906,-0.16767,-10.217,3.3882,0.24868,-0.30903,-0.2109,0.32167,0.4816,0.2077,-0.28536,-7.6181,-3.9099,-2.4464,0.37427,0.10343,0.63765,0.36658,-0.26252,0.37016
7.7531,-2.0968,1.3193,-0.6505,0.28613,-0.23848,-0.48046,-0.37899,0.080746,7.5159,3.6036,2.6559,-0.12059,-0.2986,0.030411,-0.38901,-0.16706,0.37503,7.7993,-1.0303,1.4075,-0.36172,0.23488,-0.21152,-0.47865,-0.31911,-0.17667,-5.995,-1.2312,0.83359,0.96162,-0.53328,0.28757,0.47676,0.19666,-0.29697,-9.4069,-4.2371,-0.44597,0.9395,0.22168,0.60171,0.36037,-0.26013,0.38079
8.7204,-1.2272,0.46709,-0.089106,0.21608,-0.29752,-0.47558,-0.38326,0.075004,7.3618,3.7057,2.116,-0.26117,-0.14158,-0.13212,-0.38685,-0.16913,0.37696,7.7294,-1.5645,1.6284,-0.52607,0.16984,-0.2808,-0.47366,-0.32,-0.18384,-10.376,-0.55828,-6.5013,-3.5851,0.19428,0.13695,0.47403,0.2108,-0.28977,-7.7597,-3.8971,-1.6421,0.29211,0.094186,0.28782,0.35496,-0.25935,0.38803
7.5726,-2.098,1.9892,-0.14025,0.38869,-0.22179,-0.47389,-0.38814,0.065002,7.4991,3.2342,1.8571,-0.11648,-0.047778,-0.40585,-0.38573,-0.17651,0.37754,7.8728,-1.4733,1.805,-0.39678,0.10038,-0.40263,-0.46704,-0.32248,-0.19087,-9.8063,6.6715,4.439,2.5832,-0.26907,0.40705,0.47928,0.21266,-0.28142,-7.9933,-0.077863,-2.0689,0.32665,0.38665,0.33758,0.34944,-0.26033,0.39324
9.4712,-0.44468,-0.40227,0.041319,-0.01961,-0.36194,-0.46743,-0.39299,0.067092,8.5713,3.8534,1.1424,-0.12729,-0.054298,-0.49446,-0.38382,-0.18288,0.37878,8.8556,-1.8614,1.5651,-0.3333,0.1448,-0.44991,-0.46155,-0.32927,-0.19561,-7.8207,0.46916,3.0904,0.054264,-0.9763,0.63348,0.47394,0.18363,-0.30898,-11.694,-0.66585,-1.9837,0.16226,0.59307,0.37542,0.33627,-0.25968,0.40689
14.922,-0.21401,1.371,-0.73024,-0.13629,-0.16486,-0.4633,-0.39914,0.061853,14.133,4.7698,0.98633,-0.25243,-0.16151,-0.19682,-0.3802,-0.18977,0.38076,13.587,-1.7933,1.7138,-0.32749,0.011046,-0.55659,-0.45305,-0.33466,-0.19975,-16.589,4.2722,-2.0406,-1.5326,-0.33008,0.92106,0.47335,0.18479,-0.31332,-15.058,-2.3904,0.15068,-0.77617,-0.29617,-0.29772,0.33529,-0.26376,0.40859
14.561,0.9754,-0.86167,-0.068008,-0.12911,-0.3848,-0.45869,-0.40395,0.063225,15.28,4.716,0.062485,-0.043516,0.16438,-0.13795,-0.38345,-0.19431,0.37888,15.248,-1.7396,2.2735,-0.47195,-0.15318,-0.43122,-0.44459,-0.34197,-0.20209,-18.937,2.1639,5.0557,-1.0618,0.084476,0.98398,0.47958,0.17644,-0.31087,-13.213,-1.1313,-7.8362,-0.33178,-0.18764,-0.68077,0.34602,-0.25941,0.40131
15.504,1.3678,1.0053,-0.25895,-0.14905,-0.28445,-0.45124,-0.41036,0.061996,15.012,4.6831,-0.13369,0.20166,0.21584,-0.27847,-0.38513,-0.19601,0.37576,15.432,-1.6952,3.933,0.48769,-0.34029,0.29726,-0.44462,-0.34431,-0.19781,-16.491,1.6448,2.4049,0.57303,-0.89993,1.719,0.4811,0.16452,-0.31749,-13.295,2.9736,-6.8555,-0.10617,0.33146,-0.048453,0.34927,-0.26494,0.39907
13.753,-0.17515,1.4071,0.18954,0.12462,-0.19676,-0.44784,-0.41639,0.062425,13.385,4.6349,-0.1609,0.094681,0.051351,-0.26452,-0.38599,-0.19869,0.37602,13.435,0.42228,3.9001,1.2941,-0.29343,0.79427,-0.45571,-0.34333,-0.17557,-12.446,-4.9169,-0.72472,0.82825,-0.27248,1.2797,0.47906,0.12192,-0.33764,-11.047,2.672,-4.7645,0.10553,0.40065,0.70666,0.33897,-0.26536,0.40771
10.768,0.28018,0.95485,0.56889,0.09282,-0.16996,-0.44451,-0.41978,0.066847,10.1,3.5485,0.008376,0.10259,-0.065914,-0.23391,-0.38411,-0.20315,0.37684,10.608,3.4921,4.4688,0.60454,0.16547,0.43356,-0.46877,-0.34117,-0.16314,-6.6296,-0.62632,-0.99511,-0.70281,0.37085,0.97061,0.49055,0.1032,-0.33099,-9.64,2.3091,-5.3989,-0.43441,0.55249,0.71019,0.33194,-0.27673,0.40975
7.9812,0.31032,0.85933,0.10116,-0.1276,-0.084208,-0.44242,-0.42392,0.072003,7.104,3.0262,0.80405,0.26696,-0.27509,-0.18004,-0.38097,-0.20374,0.38071,7.4853,0.80604,3.0307,0.18779,0.38355,-0.12486,-0.46671,-0.34377,-0.16669,-6.4465,2.0238,0.19088,-1.1016,0.65265,0.31664,0.50061,0.11427,-0.3189,-9.0891,-1.3946,-2.1209,0.036874,0.56922,0.58246,0.31556,-0.28442,0.41641
7.8221,0.93705,0.026817,-0.083865,-0.21645,-0.106,-0.44103,-0.42479,0.076334,6.7322,3.4802,1.1635,0.027254,-0.41237,0.068408,-0.37404,-0.20619,0.38814,7.4165,-1.029,1.7464,0.0066,0.27772,-0.29591,-0.46276,-0.34744,-0.17234,-5.6359,-1.8402,-0.23871,-0.67125,0.37671,-0.15199,0.5058,0.11728,-0.31499,-9.3713,-0.6958,-0.79432,-0.19833,0.28951,0.53244,0.29513,-0.29445,0.42542
8.2674,0.84963,0.62633,-0.43712,-0.14631,-0.020988,-0.44005,-0.42758,0.072765,7.4378,3.2978,1.252,-0.15856,-0.26016,0.3545,-0.37251,-0.20302,0.39352,7.7527,-0.92834,1.5444,0.019983,0.34131,-0.29918,-0.45766,-0.3547,-0.17982,-6.1238,-1.1244,0.26079,-0.062868,0.39188,-0.42696,0.50994,0.13165,-0.30609,-8.1183,-3.3124,-1.7661,-0.17025,-0.023186,0.28017,0.28996,-0.30222,0.42348
7.9685,0.50506,0.33839,-0.070265,-0.17011,-0.05692,-0.43971,-0.42893,0.071751,7.8334,3.2336,0.99899,0.14269,0.067673,0.37961,-0.37482,-0.19949,0.39384,7.4854,-1.1278,1.182,-0.090713,0.29905,-0.075158,-0.45308,-0.35888,-0.1879,-6.1549,-0.70632,0.66478,-0.37289,0.48025,-0.56391,0.51219,0.14534,-0.29829,-8.1635,-3.394,-1.8567,0.11785,-0.27766,0.00825,0.29091,-0.30486,0.42203
9.5253,-0.31378,0.77992,0.54411,-0.51057,0.23935,-0.4363,-0.46684,0.12201,7.0297,5.0357,0.28636,0.30991,-0.0019418,0.1476,-0.3523,-0.15822,0.39158,7.9227,-1.6656,1.9784,-0.34124,-0.3659,0.12904,-0.46029,-0.31034,-0.052974,-13.743,1.3857,-1.1309,-0.2674,-0.3147,-0.066899,0.5179,0.20557,-0.21918,-7.1162,1.5469,0.67042,-0.343,-0.021608,-0.18496,0.40046,-0.18371,0.36367
8.8194,-2.0957,1.0472,-0.12652,-0.39439,0.56579,-0.43582,-0.45616,0.14128,8.468,5.5229,0.45056,0.18093,0.026722,0.30619,-0.3502,-0.16009,0.40585,7.9915,-1.8696,2.0853,-0.46022,-0.52004,0.2066,-0.46214,-0.32548,-0.067118,-15.214,1.0763,0.34982,0.84706,-0.23561,0.60425,0.49588,0.19709,-0.19916,-13.183,-1.9231,-2.0425,-0.24923,-0.097538,-0.16997,0.42813,-0.16888,0.37024
8.639,-2.2259,0.38844,0.44798,0.15891,0.17048,-0.4534,-0.42631,0.14039,8.4569,5.3871,0.80752,0.17034,0.099786,0.33211,-0.3627,-0.18086,0.39577,12.179,-2.0933,1.2014,-0.52308,-0.54438,0.12541,-0.4553,-0.31742,-0.082915,-15.425,0.51559,0.82728,-0.069771,0.47326,-0.019507,0.49313,0.21887,-0.23042,-16.767,0.038588,-2.3059,-0.33451,-0.027629,-0.12511,0.41013,-0.17041,0.36914
8.8783,-4.4737,-1.0467,0.50413,0.32473,-0.067608,-0.42989,-0.44759,0.16178,8.3,4.3187,1.0724,0.30906,0.085651,0.18529,-0.35822,-0.17956,0.37684,14.17,-2.076,1.0268,-0.53984,-0.38541,0.16108,-0.45699,-0.32635,-0.081522,-11.314,3.4605,0.46242,0.5459,0.88249,-0.0386,0.50865,0.21766,-0.21462,-16.76,0.54001,-1.9133,0.23065,0.18006,-0.16253,0.45321,-0.15693,0.39081
8.1897,-1.1441,0.49239,-0.28527,0.26954,0.0176,-0.47989,-0.44845,0.16569,8.4059,1.7866,0.82486,0.38672,0.3506,0.040197,-0.37346,-0.17422,0.39263,14.608,-2.1666,0.8653,-0.60252,-0.25631,0.34414,-0.44928,-0.31574,-0.07199,-9.0837,0.94694,-1.9685,0.11338,0.78221,-0.35756,0.48396,0.20217,-0.23367,-15.686,-5.0491,-4.1994,0.77218,0.25349,-0.46895,0.44667,-0.14217,0.38583
8.4586,-0.93323,0.5392,-0.11212,0.26652,0.12806,-0.46324,-0.45318,0.14573,7.4193,1.2874,0.52814,0.38243,0.20445,-0.081578,-0.3731,-0.16062,0.40552,14.943,-2.159,0.31874,-0.13418,-0.13119,0.33722,-0.44993,-0.31341,-0.059045,-9.6345,4.0289,-1.5257,-1.6377,0.094575,-0.78943,0.49704,0.20546,-0.23349,-8.7617,1.0843,-2.3927,-1.2413,0.096622,-0.091426,0.41434,-0.14602,0.37303
8.2092,-1.7373,1.4913,-0.29703,0.31425,0.2097,-0.48082,-0.4186,0.16201,7.3905,2.0713,0.16093,0.34334,0.039288,-0.023564,-0.37002,-0.16078,0.40629,12.388,-0.32873,0.46218,1.0284,-0.060688,0.27766,-0.46386,-0.33101,-0.071846,-9.3164,2.44,0.68488,1.7056,-0.11235,-0.74351,0.50801,0.19852,-0.25645,-7.9527,-0.86786,-2.967,-0.2219,0.35676,-0.069807,0.43833,-0.15915,0.37798
8.6711,-1.7794,0.57177,-0.24975,0.19274,0.079647,-0.47929,-0.42473,0.12689,8.0709,2.5939,0.14841,0.24041,-0.055517,0.074236,-0.37942,-0.15694,0.39031,9.6087,1.6302,0.89834,1.2614,0.0076748,0.066308,-0.47385,-0.33311,-0.10292,-9.4938,5.0548,0.26887,-0.19344,-0.19534,-0.47834,0.49771,0.23925,-0.23956,-6.2509,-2.5585,-3.8009,-0.53229,0.68147,-0.11677,0.43635,-0.16687,0.37529
8.9939,-1.9374,0.45275,-0.18145,0.074742,-0.013515,-0.45813,-0.43234,0.13775,7.4067,2.7046,0.065565,0.13137,0.19222,0.11059,-0.37215,-0.14718,0.38977,7.8238,6.6019,1.0625,0.92545,-0.048592,-0.25149,-0.4869,-0.34583,-0.10548,-9.9322,-5.4698,0.29477,-0.34182,-0.21815,-0.23902,0.50453,0.22561,-0.23456,-6.7914,1.6084,-3.0171,0.7381,0.66441,0.1042,0.39755,-0.19415,0.39607
8.3987,-2.0036,0.52624,-0.20645,0.16725,-0.071656,-0.49942,-0.40661,0.14413,7.8688,2.543,0.51209,0.1875,0.35887,0.27523,-0.3974,-0.12208,0.40823,8.0755,-0.81931,0.86882,0.45787,0.0089355,0.0094053,-0.48494,-0.35829,-0.10215,-9.8388,-4.2875,1.0533,0.54895,-0.23601,0.1425,0.50377,0.24516,-0.2553,-6.979,-5.3629,-1.2665,0.23514,0.3036,-0.1674,0.38368,-0.20326,0.36614
8.6546,-2.1392,0.23702,-0.097484,0.32,-0.15409,-0.47371,-0.39397,0.11173,8.044,2.1965,0.81587,0.20921,0.16492,0.41158,-0.38392,-0.12253,0.40563,8.7424,-1.4994,0.71886,0.42227,-0.087343,0.065854,-0.45913,-0.34401,-0.13069,-9.317,2.5834,-4.2992,-1.6726,-0.093667,0.14674,0.50961,0.24652,-0.25353,-7.1723,-4.2061,-2.6521,0.52488,0.2136,-0.38509,0.39659,-0.23825,0.37983
11.385,-2.2122,0.60947,-0.23232,0.27514,-0.18665,-0.47531,-0.41549,0.12866,7.904,2.1772,1.1087,0.19876,0.035522,0.43183,-0.37575,-0.089194,0.38697,9.0796,-1.1105,0.77647,-0.04857,-0.1314,-0.046305,-0.49853,-0.35889,-0.12258,-8.6741,-1.6899,-0.42017,1.583,-0.56487,-0.097101,0.50085,0.27034,-0.24877,-8.452,-8.5518,-4.5118,0.20839,0.10062,-0.85419,0.37606,-0.25066,0.37294
11.883,-1.6942,1.2799,-0.52653,0.27019,-0.16553,-0.488,-0.38556,0.12039,8.6146,2.3375,1.4205,-0.35752,0.11695,0.55896,-0.40938,-0.096778,0.40838,9.3284,-0.8293,0.6262,0.048792,-0.060327,0.10789,-0.49287,-0.3258,-0.1301,-8.1406,-2.3427,-3.3309,-1.7015,-0.44597,0.069998,0.48606,0.24781,-0.24146,-9.8631,-5.361,-1.5611,-0.060825,0.14365,-2.1503,0.38256,-0.26108,0.35871
13.544,-1.4308,0.68402,-0.38815,0.095957,-0.31282,-0.48803,-0.38498,0.096239,7.389,2.8701,1.5144,-1.1107,0.013601,0.47613,-0.38596,-0.06371,0.41659,9.8142,-0.77177,0.76233,-0.02391,-0.1171,0.10757,-0.49036,-0.34071,-0.14004,-10.702,-0.55575,1.7767,0.56018,-0.33126,0.19806,0.48419,0.2662,-0.23986,-9.335,0.62843,-4.7393,0.17346,0.28772,-2.0905,0.38313,-0.26605,0.36825
14.2,-2.0792,0.8812,-0.50869,0.23444,-0.26986,-0.47891,-0.35641,0.086051,7.4693,3.4836,1.7949,-0.96192,-0.17949,0.44857,-0.3943,-0.047278,0.41093,8.8914,-1.1002,1.024,-0.14668,-0.19513,-0.052575,-0.49318,-0.34742,-0.1541,-9.2035,1.1881,11.243,-3.08,-0.22722,0.11512,0.49823,0.25565,-0.24628,-8.9044,3.4409,-1.5232,-0.14914,0.13898,-1.1906,0.37769,-0.27136,0.3613
13.1,-1.4035,1.3681,-0.56521,0.20144,-0.29429,-0.50791,-0.362,0.098733,10.478,2.9893,1.6684,-0.21514,-0.24156,0.22072,-0.41079,-0.024033,0.41827,8.9542,-1.0926,1.0402,0.060845,-0.12671,-0.24308,-0.4979,-0.33889,-0.16067,-6.2643,1.622,3.0037,0.9092,-0.55029,0.22387,0.48158,0.24909,-0.23713,-9.3886,0.27111,-3.062,-0.40233,0.29927,-0.8752,0.36022,-0.24398,0.3417
11.904,-1.3598,0.523,-0.25055,0.066305,-0.30438,-0.49864,-0.33872,0.089981,13.097,3.3494,1.5712,-0.019797,-0.31777,-0.28839,-0.40269,-0.077975,0.3805,9.2739,-0.87756,1.2112,0.39918,0.048674,-0.28897,-0.49221,-0.36132,-0.16448,-10.202,1.7095,-1.7776,0.8521,0.18984,0.36793,0.46883,0.23471,-0.24874,-8.3028,1.0641,-3.4457,-1.1331,0.04388,-0.16934,0.35902,-0.25752,0.3639
9.138,-2.0279,1.0248,-0.35024,0.1983,-0.19264,-0.48425,-0.33411,0.07027,12.791,3.6153,1.8912,-0.18651,-0.39987,-0.50933,-0.3969,-0.08327,0.38555,8.1998,-0.61618,1.5635,0.40112,0.16185,-0.11426,-0.48915,-0.33292,-0.15777,-6.0104,2.1879,-1.3434,-1.3745,-0.26564,0.203,0.48185,0.23164,-0.25019,-8.1211,0.40456,0.41226,-0.98642,0.17408,0.03635,0.34424,-0.26455,0.36477
7.7425,-1.1169,1.217,-0.11147,0.19665,-0.22949,-0.50475,-0.34995,0.070502,14.591,3.7169,1.9141,-0.27241,-0.38391,-0.73268,-0.40781,-0.084436,0.41023,8.7562,-0.37029,1.4195,0.24059,0.30733,-0.019126,-0.496,-0.36518,-0.17322,-10.379,3.0551,1.3062,-0.65675,-0.98753,0.18027,0.49397,0.24267,-0.27953,-8.6686,-0.16358,-2.4636,0.38568,0.14769,0.26423,0.33663,-0.26004,0.34691
7.2411,-2.053,0.72239,0.015703,0.25511,-0.2233,-0.49819,-0.32965,0.075513,11.951,3.2291,2.7128,-0.29991,-0.37472,-0.75293,-0.40994,-0.091194,0.40464,8.2536,-0.38506,1.6169,0.27401,0.28107,0.023577,-0.48951,-0.33782,-0.16171,-9.787,4.3153,-0.31259,-1.0403,-0.33496,0.14603,0.49376,0.1966,-0.27126,-7.931,-0.8023,-5.2411,0.38217,-0.13095,0.33217,0.35233,-0.25775,0.33199
7.7829,-1.6785,1.3365,-0.19594,0.031736,-0.23652,-0.48709,-0.337,0.063231,10.272,3.8616,2.7512,-0.18706,-0.2882,-0.38081,-0.38962,-0.10428,0.40132,8.1257,-0.4599,1.8026,0.19071,0.17018,-0.03325,-0.50155,-0.35006,-0.15528,-7.8169,0.95446,0.39208,-0.3498,0.087415,0.23634,0.49303,0.21828,-0.26798,-9.7235,-2.0883,-2.1787,0.94915,0.095862,0.52114,0.34866,-0.26462,0.34827
9.0569,-1.4748,1.1354,-0.2664,-0.18011,-0.29038,-0.48277,-0.3377,0.060733,8.5455,4.7792,2.4695,-0.073219,-0.12322,-0.053579,-0.4101,-0.10561,0.39237,8.9647,-0.28506,1.5637,0.09281,0.13733,-0.16945,-0.48481,-0.32395,-0.14035,-16.576,0.50127,0.41136,0.06083,-0.89208,0.17334,0.50206,0.20432,-0.26963,-7.693,-2.1962,-0.42678,0.29525,-0.20521,0.69278,0.34846,-0.29435,0.34041
9.1824,-1.0433,-0.36307,-0.10862,-0.35351,-0.29111,-0.49179,-0.34702,0.056162,7.1115,4.7261,2.0381,0.01418,-0.19147,-0.026866,-0.40598,-0.11189,0.38822,8.0226,-0.90718,1.722,0.060671,0.10559,-0.11324,-0.48699,-0.3376,-0.14797,-18.957,1.3233,0.87246,0.95141,-0.28016,0.17103,0.48922,0.19051,-0.26682,-8.2947,-4.3877,-2.3419,0.32285,0.56293,0.80464,0.34658,-0.27069,0.35211
8.6737,-0.67953,-1.0945,-0.47745,-0.1554,-0.22794,-0.49229,-0.34598,0.064621,6.9239,4.6715,1.6918,0.087943,-0.19285,-0.15177,-0.38428,-0.13601,0.40287,8.4619,-1.4941,2.2791,-0.11807,0.080635,-0.024304,-0.49838,-0.33755,-0.13771,-16.481,1.2409,1.2374,1.1971,0.38748,0.71467,0.49435,0.19385,-0.26987,-13.452,-4.156,-1.4621,0.1623,0.78532,0.5849,0.30803,-0.30459,0.35364
9.2792,1.0944,-1.6958,0.37176,0.18638,-0.25262,-0.47471,-0.34159,0.055957,7.3799,4.6435,1.503,-0.014688,-0.11231,-0.29162,-0.41986,-0.12835,0.3743,10.831,-0.94717,3.9522,-0.031996,0.11747,-0.20536,-0.49555,-0.33089,-0.14703,-12.471,3.0081,1.2098,1.0333,0.64224,0.7651,0.4787,0.1928,-0.25348,-13.193,-5.8823,-0.50628,-0.75946,0.45936,0.66038,0.28358,-0.3081,0.39689
