8.8504,0.61274,3.7746,-0.62995,-0.24714,0.14611,-0.73604,0.12446,0.18282,1.5259,11.849,-2.4184,-2.1352,-1.1973,-1.1738,-0.4984,-0.53626,0.13375,3.4507,-2.8289,6.6164,-0.7685,-0.2947,-1.1048,-0.68382,0.30957,-0.32605,-7.7823,-0.59276,0.7431,-0.36904,-0.071561,0.15805,0.71381,0.040735,0.13253,-9.6716,0.982,-1.2388,-0.032494,-0.024871,0.19275,0.6377,-0.36315,0.026668
8.9278,1.2491,3.8017,-0.68196,-0.41931,0.24713,-0.73219,0.129,0.19339,1.4906,9.2432,-2.0053,-2.1376,-0.88235,-1.104,-0.47018,-0.56493,0.10411,3.2228,-3.6246,6.8272,-0.54048,-0.44277,-1.4538,-0.70244,0.28319,-0.31129,-8.7827,0.53025,0.24912,0.39366,0.047713,0.24565,0.7128,0.03841,0.13379,-9.7037,-0.3329,-1.1383,0.038094,-0.11621,0.35846,0.63514,-0.36928,0.022886
9.0897,0.7592,3.7177,-0.64764,-0.7941,0.2579,-0.72583,0.1314,0.21664,-0.11449,7.6899,-1.1304,-2.0457,-0.56774,-0.81278,-0.44476,-0.58808,0.068832,4.0546,-4.6554,7.8943,-0.74674,-0.52847,-1.6563,-0.7237,0.24816,-0.29206,-8.2478,1.0875,0.22174,0.63656,0.05416,0.18934,0.71286,0.034216,0.13354,-9.7013,1.5902,-2.1042,-0.10677,-0.093607,0.48007,0.6274,-0.38134,0.021285
8.2731,1.3296,3.4914,-0.85274,-0.86241,0.28885,-0.71676,0.13062,0.24346,-0.068917,7.0882,-0.53753,-2.2477,-0.78246,-0.31615,-0.43286,-0.60099,0.029803,4.8533,-5.6983,7.7388,-0.77444,-0.35581,-1.5711,-0.74145,0.21221,-0.27238,-7.503,2.311,-1.1451,1.3495,0.65834,-0.000361,0.70938,0.038085,0.14365,-9.4955,-1.5533,-0.62266,-0.1304,-0.15611,0.59012,0.61805,-0.39611,0.01337
8.388,1.3631,2.284,-0.98924,-0.69016,0.24957,-0.70579,0.12916,0.27114,0.32384,6.677,0.72903,-2.1701,-0.54146,-0.010458,-0.42808,-0.60232,-0.013035,4.721,-4.8803,6.95,-0.393,-0.21165,-1.263,-0.75995,0.17353,-0.25789,-7.9563,5.5414,0.67291,1.7683,0.75152,0.10344,0.70331,0.046876,0.1626,-9.4085,-3.9485,0.6647,0.063626,-0.41156,0.51293,0.60752,-0.4125,0.010708
8.1553,0.47991,1.3216,-1.1299,-0.62014,0.20885,-0.69712,0.12176,0.2927,0.39126,8.256,1.5434,-2.9893,-0.74476,0.27378,-0.43181,-0.59585,-0.062382,5.2124,-4.0264,6.0576,-0.46837,-0.118,-0.99237,-0.76704,0.14653,-0.25001,-17.524,14.012,6.8336,1.3242,0.8402,0.64199,0.69656,0.049277,0.18245,-8.2783,1.2836,-1.7673,0.60989,-0.30664,0.29446,0.6011,-0.4226,0.009374
9.1568,-1.3296,-0.17461,-1.5563,-1.0765,0.3397,-0.68425,0.11414,0.3213,2.7454,8.2814,0.28465,-2.5962,-0.65157,0.18516,-0.43788,-0.57786,-0.11245,6.2658,-4.2153,5.5683,-0.60083,-0.056291,-0.80134,-0.77019,0.13119,-0.24313,-9.2737,4.5606,-2.7736,-0.63458,0.47852,-0.1478,0.69556,0.04342,0.18619,-10.238,2.6667,-1.6099,0.15185,-0.48241,0.6091,0.5918,-0.43359,0.002838
9.0693,-0.18872,-1.8986,-1.5434,-0.56003,-0.16962,-0.67078,0.095383,0.35092,3.0176,8.4039,7.3727,-3.1081,-0.30623,-0.072619,-0.43806,-0.55994,-0.16772,9.4636,-4.5824,5.0071,-0.49319,0.035071,-0.91497,-0.77298,0.11382,-0.23905,-5.0305,-2.5059,-5.4567,1.2665,0.70723,0.14164,0.69051,0.053155,0.19999,-10.69,1.3234,-1.3896,0.42688,-0.24026,0.34258,0.58534,-0.44576,-0.001088
10.558,-0.60738,-2.0765,-1.8431,-0.71908,-0.38628,-0.66436,0.060736,0.36649,4.4427,7.7164,9.5848,-3.715,-0.12717,-0.59108,-0.42493,-0.53774,-0.23992,9.9437,-4.5041,4.705,-0.64709,0.14971,-1.0684,-0.77675,0.092162,-0.23963,-11.731,0.94543,-1.4086,0.38419,0.31851,0.3553,0.68758,0.053876,0.20896,-11.208,8.7982,0.056106,0.45685,-0.21518,0.027862,0.58426,-0.45057,0.012116
10.229,-1.6073,-3.3015,-1.224,-0.93853,-0.070893,-0.64426,0.029545,0.3962,15.404,4.0785,5.1837,-2.6591,1.3271,0.68525,-0.42579,-0.48964,-0.33133,9.9738,-3.4989,4.5999,-0.56514,-0.034813,-0.84605,-0.77949,0.072258,-0.2397,-10.49,-4.6923,-0.68732,0.67447,-0.19855,0.018773,0.68865,0.047344,0.19263,-9.0678,6.9927,0.83442,0.089008,-0.46298,0.5436,0.57505,-0.4591,0.007247
11.907,0.61403,-2.7223,-1.144,-0.64819,-0.29702,-0.63529,0.006896,0.41046,19.172,5.8237,-5.1614,1.8582,3.6179,0.22247,-0.39225,-0.48422,-0.37067,9.87,-2.7729,4.8326,-0.40471,-0.18598,-0.62535,-0.78483,0.05781,-0.2367,-8.964,1.7637,-4.3699,1.8485,0.24103,0.005367,0.68877,0.057279,0.19248,-11.032,1.9939,-0.42243,0.68303,-0.33199,0.8498,0.56181,-0.47486,0.003698
8.8119,-0.014664,-6.0323,-1.0573,-1.7583,-0.15674,-0.61119,-0.018237,0.4412,18.185,-2.3026,-9.0488,2.1502,2.784,0.61793,-0.36187,-0.50332,-0.37996,8.735,-2.7783,4.3217,-0.40172,-0.35124,-0.49528,-0.78948,0.044429,-0.22721,-8.7364,7.9917,-4.9873,1.0142,0.071311,0.023889,0.68566,0.069085,0.1979,-10.646,0.86881,-1.7486,1.6862,-0.37473,0.76911,0.5478,-0.49169,0.02
8.529,-3.0658,-5.6664,-0.44904,-1.2211,-0.28054,-0.58176,-0.035994,0.47567,4.3332,5.2646,-13.799,1.683,1.0564,0.051778,-0.30466,-0.57193,-0.32374,8.0224,-3.0936,3.4778,-0.45955,-0.572,-0.51721,-0.79249,0.036197,-0.21254,-8.1733,2.8533,-2.3295,0.25838,0.055959,-0.35399,0.68603,0.077405,0.1966,-8.7212,4.0345,0.39902,1.6092,-0.2604,0.4471,0.5366,-0.50246,0.047194
10.57,-3.4148,-5.8471,0.64895,-0.41346,-0.27139,-0.56542,-0.046787,0.49239,-10.434,1.8032,6.1034,0.90985,-3.2647,2.3446,-0.33825,-0.55266,-0.31206,6.1394,-3.5607,3.8828,-0.3279,-0.83846,-0.47933,-0.79725,0.024136,-0.19275,-9.2373,2.8492,-0.56531,0.024483,0.08151,-0.33077,0.6831,0.091564,0.19695,-8.4773,6.0022,1.3198,0.98715,-0.15008,0.13262,0.53348,-0.50463,0.070803
8.9249,-1.8347,-6.8341,0.32616,-0.15361,-0.26946,-0.55481,-0.037361,0.50371,7.2086,1.6352,11.693,2.4316,-5.5596,4.1538,-0.47567,-0.5075,-0.20384,4.8822,-4.1927,5.0385,-0.43535,-1.1158,-0.27909,-0.80095,0.016804,-0.16181,-9.3604,1.8685,-1.1069,-0.039187,0.18196,-0.31794,0.68076,0.098387,0.20255,-8.5088,5.2189,1.0632,-0.48377,-0.21711,-0.2947,0.53461,-0.50611,0.077047
9.947,0.86242,-5.3466,0.17464,0.024738,-0.27564,-0.55371,-0.040069,0.50443,17.677,13.836,11.176,2.1066,-5.838,3.8188,-0.57908,-0.44225,-0.017897,7.3643,-6.9041,5.754,0.41456,-1.1301,0.12943,-0.80253,0.015011,-0.12817,-9.8774,0.74905,-1.1086,-0.13788,0.19991,-0.34274,0.67576,0.10517,0.20672,-8.2122,4.1464,-0.23452,-1.0581,-0.25341,-0.51976,0.54341,-0.49853,0.054438
10.11,1.1829,-4.2989,0.24118,-0.002817,-0.45774,-0.55152,-0.044651,0.50323,14.721,17.099,-4.0291,2.5464,-5.2671,3.4043,-0.63671,-0.3534,0.11325,8.966,-5.7531,5.2595,1.4582,-0.61483,0.60387,-0.80305,0.020316,-0.10354,-9.5424,1.3825,-3.4208,-0.000992,0.27349,-0.22927,0.67386,0.11034,0.21222,-9.0247,2.8706,-1.7457,-0.78771,-0.16545,-0.44709,0.55547,-0.48738,0.028448
9.8186,-0.2543,-3.6838,0.60851,-0.038006,-0.41701,-0.54916,-0.044224,0.50556,13.903,3.0921,-2.6935,-2.2876,-2.1707,1.6348,-0.65043,-0.28972,0.18475,7.5735,-4.048,6.0008,1.1109,-0.054553,0.94352,-0.80002,0.038231,-0.097655,-9.0244,2.4036,-3.2164,-0.14539,0.22504,-0.23118,0.67186,0.11647,0.21914,-9.4224,2.4543,-1.7835,-0.345,-0.15626,-0.34661,0.56461,-0.47987,0.014004
10.023,-1.396,-3.8761,0.80354,-0.26304,-0.31001,-0.5469,-0.037627,0.51103,15.998,2.6591,3.4434,-1.6398,-1.4932,0.44561,-0.64138,-0.29264,0.20454,7.1712,-2.7845,6.5497,0.36802,0.39308,1.0098,-0.79731,0.064473,-0.10324,-9.492,3.5243,-2.6419,-0.41942,0.16144,-0.16607,0.66825,0.11857,0.22547,-9.4114,3.7413,-0.27081,-0.29326,-0.087863,-0.24864,0.57005,-0.47349,0.006564
10.098,-1.6886,-4.9592,0.79646,-0.025819,-0.24544,-0.54263,-0.032213,0.51711,13.709,1.8995,3.1658,2.2262,-0.83025,0.38388,-0.61339,-0.27837,0.26459,7.2898,-2.2288,6.4098,-0.91502,0.95003,0.80644,-0.79081,0.096348,-0.12301,-9.9095,1.5033,-0.38229,-0.48829,0.12654,-0.23897,0.66487,0.12047,0.23051,-8.3909,4.7744,-0.16861,-0.58115,0.003936,-0.29394,0.57515,-0.46694,-0.007201
10.332,-1.4877,-5.6574,1.1145,0.26727,-0.13409,-0.54498,-0.015827,0.51571,12.522,4.5733,0.7991,4.7497,-0.013948,0.37821,-0.61616,-0.22625,0.31302,8.6604,-2.5669,5.6542,-2.5552,1.4867,0.37504,-0.78436,0.11867,-0.149,-9.1951,1.5331,-1.4333,-0.33211,0.12594,-0.25227,0.66311,0.12436,0.23589,-9.0699,5.7298,0.95797,-0.84002,0.096864,-0.30959,0.58016,-0.45989,-0.018612
10.494,-0.35562,-5.6488,1.6019,0.43273,0.025511,-0.54691,0.011635,0.51492,11.354,6.7462,-2.2745,4.3014,0.42962,1.0663,-0.65177,-0.15485,0.32261,11.305,-3.4988,3.5786,-4.317,1.9028,0.11315,-0.7796,0.14172,-0.17858,-9.3615,2.9092,-2.4885,-0.26489,0.19989,-0.19151,0.66024,0.12679,0.24004,-9.5263,5.8503,1.3092,-1.2732,0.025823,-0.20387,0.58552,-0.4524,-0.034228
10.486,-1.6694,-4.971,2.2719,0.57878,0.02761,-0.55631,0.052719,0.50315,11.186,6.3058,-2.9239,2.9119,1.1366,1.3704,-0.67422,-0.075978,0.31545,14.255,-4.9705,4.8273,-4.9123,2.1796,0.4396,-0.76666,0.18262,-0.20201,-8.5116,4.0952,-3.7482,-0.55652,0.27369,-0.30292,0.65616,0.13009,0.24856,-9.8197,5.4131,0.66805,-1.5966,0.016429,-0.17225,0.58681,-0.4446,-0.062076
10.13,-2.3603,-3.7399,2.5505,0.63985,0.17274,-0.5701,0.10565,0.48373,11.466,5.9704,-4.2408,1.9429,1.6657,1.1651,-0.69812,-0.011135,0.27869,12.455,-9.0379,3.5751,-3.5144,2.5177,0.6839,-0.74216,0.23454,-0.22891,-8.9088,3.0648,-3.4099,-1.0635,0.20666,-0.45361,0.65078,0.13108,0.25807,-9.5881,5.3918,0.066817,-2.1633,0.046336,-0.22684,0.59189,-0.43359,-0.095386
10.014,-3.138,-3.5369,2.5582,0.72101,0.14592,-0.58751,0.1568,0.45544,10.371,6.0948,-3.8727,1.8949,1.9711,0.54628,-0.7036,0.045217,0.23899,9.4076,-6.7337,6.4641,-1.6916,2.3689,1.0241,-0.70841,0.28358,-0.26049,-9.4827,1.4198,-3.3296,-1.1798,0.15589,-0.65195,0.64703,0.13331,0.26765,-9.6424,4.4972,-0.37726,-2.5476,0.19918,-0.26643,0.59672,-0.41339,-0.13584
9.9841,-3.0126,-3.3424,2.7096,0.58573,0.15949,-0.60083,0.20619,0.42468,9.6696,4.8611,-4.3954,2.6047,1.9171,-0.46851,-0.72139,0.063664,0.17878,9.8624,-4.2372,2.467,-0.89294,1.6709,0.27689,-0.67423,0.31574,-0.28384,-8.9132,0.63863,-4.2927,-1.1497,0.24354,-0.65509,0.64262,0.13918,0.27575,-9.6517,3.1809,0.082192,-2.8733,0.12474,-0.29682,0.60237,-0.38821,-0.1786
9.5117,-2.384,-3.9983,2.918,0.26642,0.20669,-0.60408,0.25674,0.3947,7.7702,6.6539,-5.0963,3.5299,1.819,-1.622,-0.74778,0.043982,0.10699,5.53,-15.709,-5.0145,-3.414,1.6679,0.033378,-0.65666,0.33716,-0.29951,-9.2925,1.4873,-4.9464,-1.4124,0.1393,-0.64333,0.637,0.14228,0.28681,-8.8885,3.0451,-0.56266,-3.2688,0.33567,-0.28755,0.61013,-0.35652,-0.21668
8.3375,-1.7369,-4.1597,2.6504,0.41228,0.2749,-0.60759,0.30449,0.3597,5.1345,8.0586,-4.7367,3.2331,1.4351,-2.4515,-0.75389,-0.008885,0.055516,5.9849,-10.265,-3.8897,-0.33312,0.36126,0.85091,-0.64384,0.35664,-0.29516,-9.6424,0.88354,-2.567,-1.5045,0.019693,-1.1065,0.6317,0.14571,0.29904,-8.3672,1.4679,-0.93909,-3.4156,0.50992,-0.32328,0.61618,-0.313,-0.25253
9.1783,-1.7752,-3.6687,2.011,0.70085,0.17623,-0.61476,0.33983,0.3175,3.9369,10.603,-4.4311,2.08,0.85825,-2.9865,-0.74947,-0.08871,0.028086,5.6367,-10.993,-8.2242,-0.25355,-0.87816,1.403,-0.63223,0.38341,-0.28261,-8.825,-1.1534,-2.4883,-1.7205,-0.21453,-0.98332,0.62928,0.15248,0.30256,-8.578,0.33798,-0.10156,-3.1951,0.58113,-0.21194,0.62488,-0.26797,-0.27701
8.2536,-3.2073,-3.0434,2.2064,0.40415,0.082814,-0.61794,0.37111,0.2731,3.1476,8.6238,-4.2749,1.9655,0.52623,-3.6439,-0.72013,-0.19304,0.022737,6.5237,-8.2175,-8.3471,1.069,-2.7904,1.9522,-0.61789,0.40805,-0.24517,-9.4761,0.30097,-2.9832,-1.3745,-0.14764,-0.79194,0.62555,0.15809,0.30718,-8.4004,-0.71478,-0.48238,-2.7005,0.66881,-0.044383,0.63293,-0.22627,-0.29475
8.556,-1.8204,-2.2115,2.0037,0.41118,0.002371,-0.62302,0.39185,0.23241,3.0152,9.3102,-3.84,2.1128,0.092645,-4.389,-0.67759,-0.3074,0.036644,8.1044,-6.7041,-7.8849,1.5525,-3.8298,2.4282,-0.61421,0.4449,-0.19615,-10.248,0.70382,-3.2092,-1.4957,-0.37597,-0.79697,0.62453,0.16142,0.31025,-9.9026,-3.0449,-0.74562,-1.9219,0.99174,-0.017143,0.64145,-0.19829,-0.29223
9.13,-1.0305,-0.82936,1.7997,0.32847,-0.10137,-0.62875,0.40947,0.19938,1.8803,8.1859,-1.9713,1.8295,-0.32773,-4.7253,-0.62061,-0.41376,0.06043,10.727,-7.2194,-8.1345,1.4764,-4.7163,2.7131,-0.60308,0.49116,-0.14028,-9.6082,0.51914,-1.4705,-1.4753,-0.44479,-0.62095,0.62686,0.1634,0.30762,-11.249,-4.49,4.1581,-0.8649,0.81396,-0.23094,0.65454,-0.17754,-0.27721
9.4802,-2.4425,-0.38828,2.2333,0.14872,-0.052569,-0.63185,0.42146,0.16094,2.682,8.9686,-0.4416,0.39147,-0.6021,-4.2682,-0.53159,-0.51273,0.093783,11.473,-8.1398,-6.2491,2.1585,-5.3376,3.1401,-0.56135,0.54467,-0.076819,-10.021,2.422,-1.3909,-1.2576,-0.54766,-0.36182,0.63096,0.15909,0.30587,-10.523,1.2235,1.3321,-0.12368,0.30822,-0.11554,0.66154,-0.17118,-0.265
8.6334,-0.24275,-0.46992,2.1507,0.33565,0.019459,-0.63469,0.43345,0.12238,4.258,6.8037,-1.9533,-0.67405,-0.031426,-3.49,-0.44381,-0.5887,0.091226,11.376,-10.191,-6.122,2.5146,-5.6072,3.5036,-0.49719,0.60523,-0.034484,-8.8618,4.6926,-5.2714,-2.143,-0.44945,-0.24449,0.63813,0.14701,0.30285,-8.457,1.7614,-1.4553,-1.1538,0.46179,-0.1989,0.66606,-0.15826,-0.26037
8.804,-0.068808,0.1517,1.9669,0.50035,-0.045285,-0.63761,0.43758,0.072098,1.7423,5.4197,1.4804,0.7488,1.386,-2.3298,-0.35627,-0.64513,0.090223,12.835,-11.446,-8.6988,3.1321,-5.634,4.1741,-0.40415,0.66849,-0.026658,-8.64,8.0527,-5.1355,-3.5461,-0.34189,0.063032,0.64446,0.11224,0.30427,-10.05,-2.3242,0.55366,-1.269,0.53516,-0.50745,0.67479,-0.13781,-0.24547
8.2747,0.15557,0.67881,2.217,0.43594,-0.18148,-0.63973,0.43737,0.026903,-2.1,6.2093,0.76063,2.0944,1.51,-1.7184,-0.31627,-0.66261,0.1121,9.7834,-7.3962,1.5502,3.4256,-5.0869,4.6288,-0.30419,0.71756,-0.065582,-8.7182,1.2027,-2.6913,-4.6124,-0.69773,0.30538,0.65537,0.053742,0.30531,-9.4902,1.4185,-0.2784,-1.1613,0.57167,-0.44457,0.68217,-0.11185,-0.2373
8.7516,0.22527,0.81716,2.2948,0.40845,-0.19853,-0.64416,0.43676,-0.022215,2.3193,8.4267,23.387,3.8664,5.5872,-2.2529,-0.29862,-0.66961,0.078538,15.652,3.2504,14.978,2.8582,-3.0561,3.3144,-0.19834,0.73938,-0.14957,-8.0801,0.73729,-5.5815,-4.1124,0.085533,0.40063,0.66124,-0.004321,0.31014,-10.154,-0.93776,-0.59477,-1.4958,0.15658,-0.3593,0.6877,-0.085306,-0.23801
7.9667,-1.4094,1.8002,2.2464,0.3985,0.11965,-0.64488,0.42719,-0.066232,0.61673,19.113,-4.5487,-0.11094,4.0708,-1.841,-0.26896,-0.69208,0.028972,4.1367,-1.516,16.403,4.3597,-1.2086,4.0395,-0.090708,0.71878,-0.27092,-10.184,1.2009,-3.6436,-4.195,0.034818,0.40229,0.66254,-0.067686,0.30853,-9.6088,-2.3913,-0.066569,-1.2523,-0.006405,-0.38921,0.68831,-0.062326,-0.23999
10.371,-2.8642,3.2637,1.987,-0.55227,1.26,-0.63305,0.4403,-0.094313,-0.86926,14.29,-9.2745,-1.6384,2.2061,-1.2863,-0.23017,-0.70512,-0.035543,3.7041,-8.8302,15.687,1.5286,-0.54387,4.6294,0.026549,0.68393,-0.31931,-9.6019,-0.75514,-1.6191,-3.8038,0.48396,0.51543,0.65857,-0.12953,0.30224,-9.0266,0.92311,-0.21214,-1.7064,-0.10132,-0.73373,0.68813,-0.032552,-0.24449
10.754,3.1268,1.0601,2.1123,0.052727,0.56821,-0.62063,0.45064,-0.12381,-4.8594,16.358,-6.2375,-1.6009,1.3703,-2.5132,-0.16982,-0.71584,-0.090198,-0.77987,-0.59334,14.131,0.77202,0.79715,4.2449,0.1482,0.61692,-0.37505,-8.476,-1.8899,-1.7903,-3.2815,0.16489,0.39914,0.6549,-0.19493,0.28518,-9.8692,-1.4194,0.051175,-1.9659,-0.13421,-0.64058,0.68798,0.006467,-0.24679
7.9582,-0.038621,1.7196,2.0298,0.24964,0.41278,-0.61415,0.4465,-0.16375,-8.8793,16.643,-6.4115,-2.1621,0.31787,-3.0981,-0.078346,-0.72381,-0.15322,-1.6926,-5.1818,13.855,-0.094375,1.8761,3.9266,0.26674,0.55768,-0.35761,-9.653,1.2174,0.10334,-1.9165,0.36284,0.49756,0.64965,-0.23361,0.27618,-8.5223,-3.1947,1.7873,-2.0983,-0.46974,-0.69909,0.68329,0.044564,-0.25369
6.8937,-1.1875,2.1815,1.7313,0.58647,0.53027,-0.60043,0.44868,-0.20385,-11.035,16.332,-4.5794,-2.497,-0.93617,-3.5595,0.016022,-0.71944,-0.21746,-2.7671,-1.887,12.806,0.28004,3.5298,3.4359,0.38665,0.49462,-0.3077,-6.6532,1.9772,0.58292,-1.897,0.10628,0.74822,0.64263,-0.2714,0.26436,-8.6037,2.7426,0.1286,-2.6046,-0.72722,-0.93314,0.67545,0.093874,-0.26379
7.4925,1.1845,2.4402,1.5128,0.0983,0.6216,-0.58848,0.44586,-0.23764,-8.4996,21.779,-7.0416,-4.262,-1.8314,-4.3949,0.11615,-0.66748,-0.32742,-6.1759,-3.244,12.824,0.95766,5.0528,3.0757,0.48776,0.413,-0.22642,-8.133,-0.47578,1.1336,-1.5963,1.0009,0.75847,0.62951,-0.31042,0.25682,-8.7038,-3.2549,0.036034,-2.2603,-0.74942,-1.0333,0.66142,0.1491,-0.27104
12.952,-0.66237,3.2006,0.67032,0.12957,0.67373,-0.57566,0.45115,-0.25464,-2.31,19.131,-8.1821,-3.6132,-2.215,-5.081,0.21195,-0.57666,-0.43862,-10.372,-4.8883,7.8167,0.04139,5.8843,2.3783,0.55211,0.34392,-0.090779,-12.914,-8.851,1.5643,-0.98762,0.80111,-0.13386,0.61353,-0.32994,0.27381,-9.8327,0.087883,-3.8137,-1.1863,-0.72915,-0.96498,0.64491,0.1914,-0.28023
18.675,-4.074,9.451,0.14976,0.45335,0.60217,-0.55958,0.45974,-0.27247,3.6692,12.231,-14.106,-4.7681,-1.5838,-4.8494,0.28678,-0.43335,-0.55566,-16.142,-6.5294,0.179,-1.0846,5.2047,1.9403,0.5698,0.2733,0.081056,-20.476,-6.4558,-0.90852,-0.18036,1.3929,-0.98232,0.61177,-0.31876,0.28854,-18.523,-0.27327,-4.2753,-0.30307,0.38991,-0.24844,0.63647,0.21504,-0.27791
21.064,-6.1195,6.7478,0.62263,0.91058,-0.16427,-0.55104,0.45745,-0.29568,9.5972,-3.0474,-3.3455,-2.4256,-0.39959,-2.7878,0.31667,-0.31209,-0.61889,-20.334,-3.4556,-3.945,-0.16296,3.1698,1.7174,0.55931,0.21595,0.19373,-18.533,-7.288,-2.7217,0.60225,-0.14347,-1.1777,0.62171,-0.29109,0.30117,-16.041,2.0532,-6.4233,-0.11606,-0.15314,0.80086,0.63709,0.20936,-0.28475
12.451,-3.848,4.31,1.2145,0.24637,-1.2504,-0.55758,0.43647,-0.31536,3.0294,-10.795,11.416,-1.0674,0.29721,-1.0774,0.35882,-0.23445,-0.64305,-21.228,-1.2046,-5.5208,0.30531,2.0178,0.82352,0.53782,0.18596,0.2512,-15.045,-5.34,-7.9731,-0.19401,0.87005,-2.0354,0.63149,-0.25059,0.31441,-15.78,3.935,-2.3201,-0.16739,0.11536,1.5136,0.6488,0.18347,-0.27891
7.0267,-1.4699,2.1359,1.7314,0.92508,-2.7799,-0.5778,0.37284,-0.353,1.139,-5.0964,8.2403,-0.24963,-0.80747,0.39534,0.33601,-0.22933,-0.65324,-19.296,3.1429,-6.3201,1.6029,-1.015,-1.0623,0.521,0.20558,0.24967,-14.475,9.6719,7.5073,-0.15428,0.28305,-1.3669,0.64165,-0.2097,0.32728,-10.421,-0.20016,0.31406,0.25777,0.19541,1.4439,0.66272,0.14188,-0.2798
2.6787,2.914,-3.6278,0.10075,2.0811,-3.2965,-0.59963,0.27305,-0.39733,-2.5148,-0.34132,4.6942,-0.18355,-0.42811,0.92492,0.31252,-0.23159,-0.66526,1.2376,0.37927,9.3971,3.7051,-5.3386,-1.8222,0.55851,0.27664,0.1254,-7.5646,5.9383,3.0061,1.081,-0.94124,0.12882,0.65192,-0.188,0.31547,-5.5214,-7.1982,6.2421,1.1833,0.1457,0.98721,0.67099,0.10229,-0.27829
1.2413,-0.73925,1.4552,0.69905,1.013,-1.6751,-0.59211,0.20131,-0.44734,-1.1495,1.1112,3.12,0.35936,0.55611,0.99544,0.29466,-0.24836,-0.6468,13.248,-11.11,14.551,3.877,-5.8056,1.1679,0.61209,0.28863,-0.027809,1.3232,5.674,-4.3176,0.88825,-1.3134,0.31786,0.66634,-0.17732,0.29036,-1.4709,-5.947,1.899,0.013323,0.42722,0.37137,0.68054,0.064753,-0.26966
-3.8862,-1.6991,-0.15653,0.50606,-0.77744,-0.13796,-0.60254,0.15623,-0.4514,0.15771,4.1551,0.34253,1.1521,1.1799,0.67091,0.31148,-0.28808,-0.6227,32.407,-18.537,-18.918,12.117,-4.6869,3.5202,0.67621,0.17142,-0.24616,-1.3951,-1.6988,-1.3031,0.48617,-0.14797,0.27528,0.67121,-0.1791,0.28174,1.3495,2.356,-0.86965,-0.63268,0.50938,-0.10752,0.68706,0.067054,-0.25583
3.1644,-0.64148,-4.6618,-1.4592,0.42664,0.10093,-0.60477,0.17975,-0.43776,-1.9708,1.9326,-1.6733,0.16217,1.0452,0.52112,0.33625,-0.29969,-0.61792,4.3966,14.942,-1.5458,3.5238,2.0859,0.7053,0.69465,0.042169,-0.268,-0.93101,-0.70331,1.3985,-0.54623,-0.59962,-0.45648,0.67569,-0.18314,0.26921,-2.0554,4.1486,-0.54883,-1.5568,0.83836,-0.19926,0.68901,0.089466,-0.23408
5.1209,0.94039,-0.30981,-0.63435,0.52239,-0.36665,-0.59659,0.19127,-0.44242,-3.147,4.3728,1.5188,0.42484,0.41775,0.43403,0.35062,-0.31215,-0.60369,-1.3801,3.8752,-4.8976,-4.1802,2.3669,-1.1125,0.70683,0.080919,-0.20875,-7.503,3.6767,-1.3266,-1.7036,-0.072811,-0.10424,0.6814,-0.1857,0.25387,-10.599,-16.322,7.4689,-0.26899,0.22411,-0.15653,0.69207,0.1058,-0.21811
12.957,1.7622,11.93,-1.9367,-0.74113,0.36436,-0.58908,0.20752,-0.44211,-5.0951,3.3021,1.3902,0.55358,0.16735,0.77971,0.34673,-0.33567,-0.59179,-11.068,-1.195,-3.1153,-3.7768,2.0159,-1.0595,0.71168,0.1375,-0.12083,-17.799,-8.9433,1.0611,0.095835,0.913,-0.10641,0.66939,-0.19133,0.27934,-9.8553,-0.34771,-3.1131,1.1368,-0.38627,-0.83269,0.68476,0.11766,-0.22593
12.995,1.113,7.4498,-0.43498,-1.1894,-0.1335,-0.63022,0.23834,-0.37538,-6.2897,7.0877,7.0621,0.37259,-0.1621,1.1996,0.32944,-0.36903,-0.57043,-15.61,1.6314,-0.20919,-2.5124,0.73353,-0.18743,0.67007,0.11216,-0.068624,-25.694,28.672,5.003,0.55109,1.0708,0.82232,0.66481,-0.18895,0.28875,-15.96,5.8087,-5.9935,0.95986,0.5247,-0.60482,0.68337,0.13942,-0.2248
13.906,1.9149,5.1568,-0.30059,-1.0564,-0.000735,-0.64626,0.24655,-0.3414,-5.4028,4.8091,6.9793,1.2237,-0.13117,1.6203,0.30165,-0.40457,-0.56076,-8.8438,0.056271,0.64197,-2.9296,-1.1659,0.25507,0.66003,0.11173,-0.064511,-11.522,-12.669,-9.5074,0.20796,-1.3305,2.0983,0.66043,-0.23473,0.27174,-14.402,1.7216,0.78984,0.55914,-0.50555,0.052731,0.68585,0.13444,-0.21884
15.343,2.0232,8.5478,-0.15376,-0.8238,0.15382,-0.65236,0.24445,-0.3219,-1.1476,9.4468,4.4095,1.9112,0.19462,2.394,0.26893,-0.45471,-0.54263,-6.5475,0.86502,3.2957,-2.0654,-1.5877,-0.037352,0.66783,0.14853,-0.095822,-18.617,2.2913,2.0228,1.1841,0.33969,-0.76622,0.65056,-0.22893,0.29703,-12.58,8.5311,-0.77458,-0.47122,0.030042,0.37972,0.68669,0.11833,-0.2247
11.362,0.1691,5.9542,0.025457,-0.18887,0.20273,-0.65485,0.25102,-0.31384,-0.030723,10.22,1.4431,2.6666,0.86922,3.1509,0.21833,-0.52953,-0.48856,-7.1279,-0.047183,5.6962,-1.4351,-2.2703,-0.28738,0.65557,0.16088,-0.14642,-9.0734,3.1255,-0.12717,-0.58563,-0.43373,-0.57787,0.65917,-0.21007,0.28685,-11.515,-0.052223,0.05694,0.072448,-0.058711,0.46993,0.68935,0.11363,-0.2215
5.9056,-0.7456,4.8177,0.49242,0.12144,0.32087,-0.65326,0.25438,-0.31619,0.19653,14.249,3.5333,1.8353,1.1311,3.1776,0.16445,-0.59594,-0.42481,-6.2699,0.30031,4.5615,-0.85918,-2.2703,-0.85343,0.6377,0.1885,-0.20409,-7.4588,1.3479,-0.34789,-0.62898,0.48447,-0.56396,0.66512,-0.20545,0.28035,-8.0585,-1.7588,-1.458,-0.004212,0.22192,0.57721,0.69168,0.095133,-0.22174
6.0885,0.46278,2.3502,0.87131,-0.35611,0.37627,-0.65021,0.256,-0.32084,0.55699,10.683,-0.01401,1.221,1.0245,3.0686,0.096319,-0.64473,-0.37217,-4.124,-0.10415,3.4642,-1.1802,-2.8911,-1.6546,0.59744,0.21248,-0.27514,-9.3612,2.3009,-0.47717,-0.29462,0.28089,-0.35068,0.66113,-0.19344,0.2908,-8.066,-1.7586,-1.4955,0.078399,0.17512,0.46454,0.69624,0.07362,-0.21739
8.4886,-0.17786,3.998,1.1862,-0.55289,0.36326,-0.65431,0.2519,-0.31859,-0.26386,9.206,-3.7947,2.8901,2.1168,2.9562,0.040049,-0.67946,-0.31145,-2.3327,-1.0968,4.8704,-2.2728,-2.7045,-2.6628,0.53863,0.29137,-0.32962,-9.4811,2.8807,0.64517,-0.15841,0.15941,-0.27016,0.66055,-0.18649,0.29596,-9.8161,-1.0615,0.17256,0.256,0.32638,0.27234,0.69871,0.061694,-0.20723
9.0947,1.8115,3.6052,0.54371,-0.47357,0.31655,-0.65877,0.24881,-0.31054,0.96537,15.338,-3.0958,2.4472,2.3959,2.9091,-0.020039,-0.69895,-0.24735,-1.6017,-5.252,4.741,-4.0122,-2.8079,-4.0739,0.46171,0.42086,-0.34592,-8.641,1.6293,-0.61202,-0.013554,0.15361,-0.030528,0.66211,-0.18983,0.29266,-9.3742,-1.0785,0.16504,0.2248,0.17393,0.27843,0.70104,0.058032,-0.20314
9.4279,1.0259,3.0357,0.79962,-0.37307,0.33286,-0.66103,0.24884,-0.306,0.519,13.905,-4.3395,1.7364,2.6865,2.8948,-0.083608,-0.70843,-0.19852,-1.4893,-11.958,9.326,-4.0558,-2.9159,-4.6171,0.33477,0.55869,-0.31315,-10.618,-0.097927,-0.12468,0.080576,0.19831,-0.25372,0.65881,-0.1889,0.29953,-9.0674,-0.83801,-0.66579,-0.047525,0.085465,0.12278,0.70341,0.050602,-0.20083
10.161,-0.016545,2.9002,0.60885,-0.15143,0.31161,-0.66323,0.24693,-0.30514,-0.30518,15.246,-6.3845,2.173,3.1549,2.7266,-0.14643,-0.70682,-0.15294,-0.64434,-16.502,10.489,-1.0472,-1.9752,-4.1589,0.19647,0.6434,-0.28703,-9.3528,2.968,1.4129,-0.62192,-0.11122,-0.41233,0.66041,-0.18196,0.29751,-10.705,1.8191,-2.128,-0.87689,0.26182,0.10671,0.70441,0.053946,-0.19376
9.5254,1.0408,2.8127,0.72107,-0.32832,0.56785,-0.66324,0.25323,-0.30254,-1.8619,17.366,-6.2046,1.431,2.8283,2.2828,-0.19449,-0.70261,-0.1048,-2.2749,-10.845,11.004,-1.2457,-1.9351,-3.7668,0.041724,0.69171,-0.27845,-10.134,2.5117,-1.4232,-0.6254,0.18764,-0.057498,0.66155,-0.18454,0.29445,-9.3289,-1.9971,2.1803,-0.20351,0.061539,0.38913,0.70618,0.047243,-0.18516
8.5918,3.128,1.4167,0.10447,-0.054639,0.22283,-0.66196,0.25803,-0.3008,-7.0246,13.217,-6.3232,1.3721,2.5141,1.6684,-0.23563,-0.68914,-0.088672,-2.1808,-12.28,12.099,-2.0002,-1.3114,-3.5228,-0.081715,0.72063,-0.22833,-9.7848,-0.26335,4.3787,-0.14285,-0.37174,0.18188,0.6616,-0.19023,0.29342,-10.209,1.9931,-1.29,-0.74028,-0.403,0.18493,0.70428,0.042048,-0.19039
10.039,2.3276,2.3028,-0.040113,-0.12382,0.01881,-0.6612,0.26052,-0.29881,-9.7767,13.476,-4.6233,0.4633,1.0497,1.3369,-0.27679,-0.67352,-0.09428,-3.2677,-12.372,12.49,-1.6815,-1.0696,-2.7018,-0.16648,0.72483,-0.187,-10.45,0.15678,1.9041,0.49095,-0.15141,0.1508,0.66606,-0.19489,0.28375,-9.672,1.6981,-3.0895,-1.3609,-0.26064,0.16182,0.70297,0.048605,-0.19633
10.816,2.5303,1.937,-0.33814,0.095284,0.089574,-0.66201,0.26365,-0.29648,-6.1726,13.587,-4.7465,-0.83598,-0.76227,1.0078,-0.30861,-0.65891,-0.10296,-1.7214,-14.273,14.524,-0.34027,-0.60092,-1.6145,-0.23273,0.72099,-0.15523,-12.843,0.61231,1.893,1.1169,-0.24609,0.17153,0.66436,-0.18653,0.29224,-9.8425,-1.5573,-3.273,-0.84838,-0.11424,0.2124,0.70226,0.054494,-0.19962
9.4544,1.6795,2.5403,-0.46437,0.23361,0.12971,-0.65752,0.27202,-0.2961,-1.4273,15.242,-4.219,-1.8186,-1.9978,0.72937,-0.33884,-0.63933,-0.12434,-1.0622,-12.884,12.977,0.53892,0.47182,-0.72602,-0.2618,0.71221,-0.16956,-10.53,0.61094,0.82164,0.43396,-0.58782,0.33133,0.67038,-0.18548,0.28588,-9.4821,-1.0809,-3.288,-0.10218,0.017984,0.32523,0.70169,0.048487,-0.19953
7.372,2.4675,2.3133,-0.6665,0.15089,0.32112,-0.6559,0.28652,-0.29508,2.5152,11.846,-4.7303,-1.5937,-2.4586,0.11705,-0.35392,-0.62837,-0.13538,-11.804,-11.22,14.032,-1.0528,0.80335,0.13899,-0.27206,0.71054,-0.14223,-10.962,-1.9754,1.9637,-0.093969,-0.5614,0.34337,0.67397,-0.19309,0.27032,-9.2136,-2.401,-2.0918,0.82712,0.079058,0.47706,0.70365,0.035469,-0.20028
7.2478,2.3429,4.102,-1.1063,-0.3711,0.44231,-0.6519,0.30837,-0.28344,4.0397,12.988,-3.3574,-1.9687,-2.5334,-0.21948,-0.3689,-0.62091,-0.14031,-5.5302,-16.558,8.4747,-0.42252,1.4017,0.98134,-0.24806,0.71745,-0.12673,-9.3135,-4.6211,1.3469,0.48315,-0.54526,0.58291,0.67848,-0.2037,0.25611,-9.3462,1.5017,1.3826,1.7846,0.24458,0.38713,0.70716,0.010557,-0.19629
7.4006,0.96789,3.0796,-0.96354,-1.1426,0.49681,-0.65455,0.33191,-0.25037,4.9807,8.6091,-2.3389,-2.6952,-2.4258,-0.22666,-0.38554,-0.60746,-0.16803,-1.032,-16.2,4.6201,0.36462,1.2062,1.8629,-0.20158,0.73191,-0.1441,-7.9751,-3.2988,-1.5461,1.8108,-0.26246,0.65389,0.67833,-0.21033,0.25326,-9.9362,3.5352,-0.45952,0.19016,-0.33504,0.19016,0.7072,-0.007074,-0.19347
9.4505,0.93775,2.7966,-1.16,-0.75697,0.51057,-0.65763,0.35495,-0.21294,7.7758,5.4843,-1.9521,-1.5019,-1.4802,0.21855,-0.40168,-0.59285,-0.191,1.0603,-11.899,5.2053,0.77547,1.0554,2.3975,-0.1306,0.73943,-0.16364,-7.2905,0.62675,-3.4948,1.556,0.080674,0.44165,0.67124,-0.20751,0.26854,-9.4446,-2.0512,-1.4225,0.33669,-0.37777,-0.083655,0.70361,-0.008973,-0.20511
10.48,1.0339,2.611,-1.008,-0.6074,0.49746,-0.65592,0.38035,-0.17958,7.2172,3.5727,-2.1805,-0.56195,-0.093546,0.28896,-0.41338,-0.5794,-0.20806,0.74372,-5.3527,3.099,-2.0251,1.2028,2.2353,-0.055258,0.74748,-0.1458,-9.5552,5.1498,-0.43915,-0.52913,-0.094423,-0.18154,0.67001,-0.20761,0.27173,-9.4832,-1.6408,-3.3717,0.31544,-0.30919,-0.063271,0.7014,-0.008782,-0.21545
9.3128,0.094882,2.6707,-0.59071,-0.81823,0.52524,-0.65802,0.40087,-0.13853,6.4374,4.8511,-2.3082,-0.074188,0.58126,0.32681,-0.41173,-0.57676,-0.21983,2.039,-7.0365,-0.85662,-4.5436,1.0017,1.9205,0.029895,0.75852,-0.021048,-6.951,1.7811,0.56215,-0.41221,0.43474,-0.49799,0.66878,-0.21224,0.27351,-9.913,-0.70192,7.8e-05,0.36872,-0.17225,-0.032438,0.69832,-0.011354,-0.22391
7.4131,-2.0336,1.5383,0.4505,-0.76302,0.5024,-0.6542,0.41427,-0.12074,5.8261,6.2031,-3.1223,0.73194,0.89676,0.12984,-0.41129,-0.57391,-0.22551,4.089,-3.2254,1.6849,-4.1112,0.56986,2.5339,0.099858,0.74274,0.12464,-7.2726,-2.1526,1.2202,0.41178,0.38456,-0.41787,0.66642,-0.19259,0.29352,-10.165,-0.41652,2.036,-0.068559,-0.84022,0.077365,0.6929,-0.015198,-0.23927
6.6161,-3.159,-0.72051,0.6054,-1.0159,0.71414,-0.64923,0.42495,-0.11123,2.5876,7.2753,-3.1834,0.72729,0.85684,-0.0148,-0.41093,-0.5802,-0.22473,15.282,8.8831,-0.087007,-5.2522,1.6016,1.5605,0.14299,0.70342,0.26064,-12.737,16.523,-0.86057,0.74313,0.88055,0.58485,0.66587,-0.19107,0.29726,-9.8281,1.0924,-0.56139,-0.61706,-1.0425,-0.20689,0.68494,-0.011682,-0.26457
7.4911,-3.4405,-2.4838,0.41142,-1.1057,0.69054,-0.64085,0.44446,-0.08935,-0.91166,7.2045,-2.5029,1.5199,0.19125,-0.31535,-0.40296,-0.59208,-0.20508,12.365,5.0707,2.7759,-4.6483,2.005,-0.95631,0.12775,0.6233,0.42586,-11.736,0.8969,3.0403,-1.145,0.3482,0.79326,0.64989,-0.21888,0.31793,-9.6035,5.2055,-0.060939,-1.0074,-0.4181,-0.58191,0.67731,0.013191,-0.28526
13.725,-5.097,-0.86572,-0.33549,0.45576,-0.002364,-0.63621,0.45479,-0.086069,-0.16983,12.26,-5.1507,0.89781,-0.94212,-1.0802,-0.39108,-0.6145,-0.16487,27.28,3.9802,9.1475,2.1028,-0.11896,-4.0436,0.06327,0.60776,0.48062,-4.4711,-0.52749,-4.5773,-0.21864,0.63732,-0.36943,0.64334,-0.22533,0.32935,-9.9358,2.7742,1.406,-0.7274,-0.60007,-0.32848,0.67057,0.033576,-0.29807
9.0895,-5.8045,3.8541,0.27934,-0.50433,0.31699,-0.63464,0.45459,-0.08389,2.2255,13.88,-2.3074,0.30455,-0.63458,-1.9924,-0.34932,-0.64343,-0.13601,24.361,-35.918,-21.882,-4.0414,-1.6456,-4.6115,-0.10172,0.60451,0.48876,-12.666,2.7555,-1.1368,-0.68834,0.68646,0.21702,0.63388,-0.22669,0.34856,-11.077,3.0617,-2.3775,-0.50998,-0.65394,-0.13717,0.66016,0.047757,-0.32273
9.4887,-3.1321,-2.1085,-0.13987,0.52586,0.84715,-0.61843,0.47566,-0.091086,2.8702,7.3481,-2.2069,1.0025,-0.28269,-1.8352,-0.30126,-0.67313,-0.11462,2.9888,-20.638,-20.535,3.1537,-1.3115,-4.8695,-0.23567,0.6336,0.41052,-10.599,-4.18,-1.3503,-0.61816,0.27653,-0.26206,0.63275,-0.23657,0.34736,-8.595,-0.18055,-1.3284,-0.86202,-0.31874,0.14173,0.6529,0.055081,-0.33414
14.474,1.1026,-0.35721,-1.1398,0.31651,-0.23603,-0.61422,0.48385,-0.0886,3.0307,6.7677,-3.4843,1.8204,-0.3485,-0.3699,-0.26622,-0.69471,-0.075602,4.1159,-27.264,-17.381,6.6618,-4.311,-3.6479,-0.33182,0.68102,0.30613,-10.512,-0.8131,-1.1721,0.24748,0.32658,-0.12683,0.63037,-0.23297,0.35413,-9.5046,1.191,0.73669,-1.0672,0.11281,0.15455,0.65478,0.066283,-0.32982
12.486,-4.4165,-1.8405,-0.003894,-0.21282,-0.40411,-0.62113,0.47731,-0.079824,29.064,-21.519,-41.5,2.0867,1.3743,11.32,-0.38854,-0.65037,-0.025437,3.9095,-18.259,-2.6719,4.293,-6.2323,-1.1723,-0.32666,0.70935,0.21917,-10.25,-0.30106,-3.2231,0.4532,0.42473,-0.071426,0.62618,-0.22731,0.36772,-9.9063,-2.1426,1.8415,-0.24032,0.00563,0.63331,0.65651,0.063144,-0.32655
3.894,-3.9496,-1.3133,-0.006378,-0.021426,-0.84988,-0.63648,0.45594,-0.07127,-3.4044,17.493,-33.76,6.5756,-0.94675,3.4179,-0.38902,-0.64668,-0.038625,0.76929,-19.216,18.166,-0.94184,-1.9627,-1.261,-0.33354,0.69698,0.23912,-9.2447,1.6975,-3.1451,0.089489,0.30142,-0.22547,0.62318,-0.21924,0.37771,-11.805,0.25835,1.3527,1.3733,0.053222,0.71182,0.65797,0.034863,-0.32782
18.427,-15.193,-1.2762,0.96917,-0.23968,0.40105,-0.63551,0.45394,-0.097943,-3.3739,32.796,5.2436,-0.014165,1.6395,1.6983,-0.39045,-0.63236,-0.084279,-0.61443,-10.599,17.459,3.774,-1.7114,0.52582,-0.30197,0.71746,0.15809,-7.4365,6.5044,-4.9746,-0.49767,0.35581,-0.31607,0.62236,-0.21031,0.3809,-8.1492,-0.009707,2.6314,0.79119,-0.03803,0.35285,0.65781,0.001346,-0.32879
7.617,-1.2688,-1.1855,2.1091,-0.025212,0.48407,-0.63427,0.46352,-0.069121,2.155,12.285,-15.131,-0.89598,-0.10309,-1.8754,-0.38107,-0.63138,-0.098548,-7.4429,-17.143,9.754,1.6771,0.31574,2.5954,-0.24108,0.74205,0.096657,-8.5196,9.1661,-2.2533,-1.8904,0.055436,-0.38638,0.62251,-0.22226,0.37352,-7.0579,4.1829,0.60681,-0.46034,0.40517,0.000926,0.66056,-0.001519,-0.32602
10.056,-0.72346,2.0518,0.62265,0.8694,-0.0175,-0.62832,0.46085,-0.11147,-8.6062,16.784,0.98311,-0.24405,-0.032599,-3.4417,-0.31652,-0.66349,-0.12435,-4.8615,-17.618,12.139,2.1321,1.8061,4.5903,-0.16503,0.76077,0.053493,-7.4039,6.0405,-1.5973,-2.2169,0.24027,-0.16604,0.62155,-0.25,0.36313,-8.6008,-2.1643,4.1792,-0.79972,0.26431,0.17457,0.66438,0.001197,-0.31832
9.4042,-1.8661,-1.7428,1.0447,0.64812,-0.17222,-0.62454,0.4539,-0.14025,-3.6429,26.329,-6.6849,-1.4262,-1.0454,-4.6047,-0.20601,-0.70554,-0.13092,0.014147,-15.561,10.693,3.3131,3.2729,5.5942,-0.013583,0.75942,-0.026161,-6.0461,4.542,-2.4237,-2.6303,0.31947,0.11734,0.61765,-0.28379,0.34546,-12.58,-12.434,4.8612,-0.17941,-0.021822,-0.66601,0.66532,0.010712,-0.31636
6.8261,-1.2051,-0.69876,1.7004,0.26055,-0.23824,-0.62789,0.43695,-0.17427,-7.8804,26.778,-4.1913,-2.3285,-2.655,-5.7251,-0.05876,-0.72309,-0.18086,-0.27072,-16.151,8.8504,2.1483,3.792,6.3339,0.1676,0.70899,-0.078346,-9.7813,0.020088,6.5542,-2.0845,-0.043235,0.59185,0.61202,-0.32614,0.32227,-6.8378,2.1697,-0.75448,-2.0385,-1.0851,-1.3393,0.65397,0.055597,-0.33201
10.858,-4.7959,1.8673,0.73215,0.39341,0.11596,-0.62515,0.42383,-0.21045,-1.6683,30.775,-8.6742,-4.4571,-3.4213,-6.0329,0.117,-0.70796,-0.27066,-0.96674,-15.027,5.6666,2.6554,5.3957,6.3254,0.38417,0.60384,-0.072559,-7.6883,-6.6642,1.8845,-0.078151,0.43504,0.25219,0.605,-0.35978,0.30523,-6.5044,3.9954,0.077799,-1.6321,0.16958,-1.0933,0.64588,0.12401,-0.33313
14.545,-2.0146,4.7407,-1.2643,0.080799,1.0755,-0.61153,0.44401,-0.21179,5.2888,25.19,-15.826,-4.9797,-2.9373,-5.8328,0.23323,-0.59867,-0.42885,-4.0513,-15.318,6.1041,1.3068,5.4915,5.2872,0.51246,0.4776,0.004393,-17.386,-7.923,-2.2328,1.3267,0.34074,-0.066161,0.59647,-0.35548,0.32929,-16.219,0.51238,-1.3134,-0.43881,0.32011,-0.61682,0.64542,0.15913,-0.32236
20.893,-4.4581,6.5634,0.81056,0.75991,0.2124,-0.59954,0.45513,-0.21683,4.4669,16.711,-9.7603,-5.4223,-2.3776,-5.6424,0.29809,-0.44627,-0.55776,-7.3944,-13.113,1.9714,0.561,4.9233,4.1682,0.5578,0.36126,0.12397,-15.88,-5.3618,-7.1195,1.367,-0.56029,-0.86106,0.60967,-0.32809,0.33791,-19.836,5.9244,-1.8454,-0.020616,-0.60681,0.47179,0.64313,0.15548,-0.32552
18.008,-3.7851,5.203,1.4225,0.72167,-0.40161,-0.59747,0.43615,-0.25339,8.7416,3.3585,-3.0202,-5.8799,-2.0586,-4.1564,0.31088,-0.23046,-0.66935,-12.622,-10.144,-5.396,0.048065,3.785,3.2457,0.56158,0.26837,0.23453,-18.194,-7.1557,-10.773,0.80275,0.13083,-1.9262,0.62607,-0.27793,0.34935,-18.971,2.7495,-0.80851,0.13851,0.085254,0.73265,0.64471,0.13754,-0.33053
13.526,-1.7404,1.1539,2.0246,1.1188,-1.0989,-0.60368,0.39921,-0.30233,12.439,-3.6059,-2.259,-1.6496,0.39831,-2.7344,0.32754,-0.099078,-0.69473,-15.739,-6.9566,-8.3004,2.0529,2.7776,2.3375,0.54241,0.203,0.30573,-16.221,-1.9961,-5.2619,-0.033035,0.24004,-2.5419,0.64743,-0.21608,0.35281,-14.984,-0.227,-0.86869,0.1089,-0.36524,1.2445,0.64745,0.11101,-0.33745
4.4405,-1.7612,-1.3471,1.882,1.3983,-2.576,-0.60695,0.33087,-0.36151,11.744,-10.014,-0.58423,0.39537,0.6892,-0.99535,0.34583,-0.045092,-0.68907,-18.713,3.926,-10.889,2.5294,0.33342,0.31697,0.51858,0.20094,0.33401,-13.985,11.307,9.7661,-0.15206,-0.009213,-1.2185,0.65241,-0.14851,0.37916,-7.8985,-2.3413,2.592,0.92276,0.1458,1.0846,0.65828,0.05906,-0.33562
0.71882,2.094,-2.1112,0.96713,2.4529,-3.4558,-0.60604,0.22415,-0.42793,5.9366,-6.7616,1.6841,-0.44048,-0.63904,-0.028584,0.34096,-0.029971,-0.6909,2.5439,8.1981,4.4454,2.035,-4.9272,-1.603,0.54363,0.24354,0.24504,-5.1063,5.3875,-1.0703,0.53095,-0.47105,0.018724,0.66665,-0.14193,0.36185,-2.7708,-5.1424,4.2473,0.69013,0.61633,0.37065,0.66921,0.030774,-0.3245
1.3151,-1.6382,0.092178,0.029039,1.3204,-2.4344,-0.59604,0.14775,-0.48099,3.7938,-1.8523,-0.23608,-0.060894,-0.38869,1.3517,0.34048,-0.05088,-0.69401,29.889,-16.508,25.826,1.3225,-3.5545,1.5728,0.62071,0.27453,0.11978,0.20131,9.815,-2.0938,-0.09403,-0.89988,-0.26247,0.67627,-0.13733,0.33757,-0.22041,-1.1008,0.70808,0.87703,0.65851,-0.55799,0.67784,0.030491,-0.31107
0.47525,-0.42451,-1.637,-0.09958,-0.22395,-0.41983,-0.59789,0.11604,-0.48706,3.6145,-0.15032,5.136,1.1452,0.10552,1.7582,0.3371,-0.087575,-0.69172,34.301,10.195,-21.301,9.1384,-4.7815,0.89769,0.69656,0.21616,0.021911,-2.6663,-6.8873,2.6008,-0.29584,-0.25701,0.54806,0.67429,-0.15081,0.3379,-0.95647,2.0618,0.8984,-0.36081,0.60095,-0.61482,0.68531,0.040744,-0.29537
-1.861,-0.64724,-0.52227,-1.2436,0.50443,-0.13834,-0.59498,0.13028,-0.48665,-2.2477,-0.18006,0.50724,2.0449,0.91304,1.7211,0.34344,-0.15866,-0.67467,1.1226,-2.1294,6.3735,-2.1428,3.1302,1.7024,0.72075,0.14592,0.08324,0.60285,-6.1956,-0.11019,0.33108,-0.79346,-0.33901,0.68417,-0.14783,0.32274,-2.7068,-0.57213,0.24917,-1.6812,0.52341,-0.42398,0.68869,0.068961,-0.28014
1.6811,-0.99263,0.9496,-0.2253,0.25933,0.079741,-0.57841,0.15309,-0.48696,-3.6899,7.1877,2.9475,0.78997,0.67543,1.8875,0.32687,-0.22263,-0.6572,-4.1439,6.1645,-8.7148,-0.16795,1.9727,1.0104,0.72519,0.1223,0.12217,-3.7863,9.7264,4.5934,-1.3609,0.024648,-0.31038,0.6997,-0.14974,0.29354,-1.8027,-4.2215,4.4902,-1.4764,0.012816,-0.33855,0.69229,0.099617,-0.25968
10.387,1.9683,2.5343,-1.044,-0.40454,0.21932,-0.57746,0.16695,-0.48094,-5.1098,5.0034,4.4402,0.31356,0.52674,1.7772,0.32362,-0.25539,-0.64446,-10.666,5.6775,-6.0254,-1.2729,-1.5514,-0.49085,0.71588,0.11069,0.12576,-11.057,-9.0583,-13.523,1.9691,0.48171,1.6122,0.69804,-0.17129,0.29846,-8.6355,-0.4833,4.1383,-1.166,0.07597,-0.82077,0.68929,0.12827,-0.25767
12.876,1.6879,8.4225,-1.7807,-2.4228,0.092549,-0.61066,0.19616,-0.43876,-2.8226,4.6535,4.5547,1.5759,0.057581,1.9167,0.32779,-0.31064,-0.62191,-7.1856,-0.5918,0.11872,-0.62792,-2.3457,-0.58332,0.69325,0.11854,0.090342,-14.657,3.4979,-1.2151,1.1539,0.088792,1.0453,0.67598,-0.1731,0.334,-23.302,0.44317,2.3168,-0.67913,0.48661,-1.0641,0.68598,0.16669,-0.23836
17.628,2.3201,7.5152,-0.51834,-0.76105,0.14229,-0.63456,0.21875,-0.39063,-3.6482,8.6576,5.2435,1.0936,0.49579,2.3449,0.30326,-0.37008,-0.59892,-4.7348,1.3194,2.2667,0.13931,-2.9525,-0.54399,0.68886,0.13436,0.007114,-21.517,14.009,1.9368,1.0971,0.58721,1.0769,0.67084,-0.18664,0.33717,-19.03,2.458,1.4607,1.344,-0.035779,-0.45051,0.67879,0.17559,-0.25046
16.457,-2.7812,7.3762,-0.34855,-1.0264,0.20995,-0.64619,0.22651,-0.36573,-0.7448,8.7564,4.3043,2.0688,0.34778,3.5556,0.25983,-0.43984,-0.56843,-3.1362,1.5554,1.6243,-1.5817,-3.4963,-1.4342,0.67335,0.17455,-0.085848,-8.7897,-24.581,-20.648,2.3782,-0.90964,1.3589,0.67197,-0.2093,0.32297,-14.947,4.6705,6.3016,0.45386,-1.1368,-0.021576,0.66969,0.1727,-0.27634
15.019,-1.4414,6.7921,0.748,0.11438,0.11886,-0.6606,0.23054,-0.33853,4.0933,17.315,-0.38972,2.4273,0.89941,4.1435,0.17768,-0.52529,-0.51781,0.14755,-2.2389,1.5738,-2.8991,-5.2554,-1.9395,0.64295,0.25816,-0.23691,-14.457,9.9168,2.7358,-1.2701,0.28161,-1.3795,0.66377,-0.19387,0.34896,-13.276,4.019,0.23239,0.20773,-0.56531,0.2769,0.65925,0.16846,-0.29737
8.8853,-2.6437,4.828,1.6253,0.20392,0.19097,-0.65609,0.21354,-0.35358,4.9524,15.145,-1.274,2.0425,1.5022,4.484,0.099733,-0.58412,-0.46552,4.6175,-6.3893,5.4591,-1.3919,-6.4767,-2.994,0.54625,0.35562,-0.36694,-8.1086,-5.1586,-5.3055,-1.2038,-0.43039,-0.80047,0.68139,-0.19245,0.31842,-9.3674,3.1205,-0.12233,-0.57362,-0.1289,0.25197,0.65742,0.16562,-0.30303
6.4081,-0.89151,3.239,1.6353,0.16245,-0.029804,-0.64738,0.18454,-0.38466,6.484,15.793,-3.4001,4.5207,2.5736,3.7734,0.035792,-0.65999,-0.36826,8.2799,-6.6199,8.4133,-2.1467,-6.7541,-4.3246,0.38346,0.45185,-0.44443,-7.5956,1.2997,-1.506,-1.0462,0.23819,-1.172,0.68936,-0.16986,0.30755,-7.4039,2.7091,1.6876,-1.1063,-0.56249,0.47656,0.65486,0.16174,-0.31001
4.7399,-1.097,2.4045,1.8912,-0.59054,0.29459,-0.6507,0.15762,-0.38831,3.4745,17.226,-3.4897,2.4665,2.9247,3.4673,-0.027281,-0.69907,-0.27226,8.1157,-13.785,15.361,0.051873,-5.6248,-5.149,0.15917,0.54285,-0.4976,-9.5347,-1.0431,0.96347,-0.47875,0.08099,-1.0392,0.69266,-0.14996,0.3087,-6.8604,1.5388,0.27433,-1.9403,-0.42942,0.47747,0.65162,0.16901,-0.30972
7.7254,-0.1574,2.2542,1.5099,-0.64454,0.43324,-0.66152,0.1453,-0.3762,3.5793,13.566,-5.5227,3.4705,3.162,3.2445,-0.096547,-0.71281,-0.20107,11.8,-13.247,10.992,1.9349,-6.5001,-4.6158,-0.080557,0.5318,-0.55043,-9.0306,2.3655,0.53474,-0.30354,-0.19663,-0.8984,0.69721,-0.12607,0.30169,-6.1843,-2.4351,1.4852,-1.2326,-0.29611,0.48192,0.64974,0.17938,-0.30471
9.6953,-0.066004,1.3745,1.4948,-0.20745,0.44974,-0.66451,0.12976,-0.37092,1.834,19.34,-5.9736,3.0097,3.8342,2.7322,-0.15964,-0.7092,-0.1074,14.514,-10.344,16.978,3.5995,-5.4273,-3.4176,-0.33522,0.46514,-0.60494,-9.7214,1.7973,-2.3595,-0.13041,-0.43773,-0.73882,0.70492,-0.11065,0.28848,-7.7361,-2.7161,0.60663,0.83305,0.24076,0.56796,0.65367,0.171,-0.29575
11.133,-0.16721,1.5712,1.0847,0.17119,0.43584,-0.66277,0.11915,-0.37567,0.056354,17.268,-6.3949,1.5166,3.3748,2.4827,-0.21929,-0.69472,-0.077154,14.672,-3.8554,16.031,0.19033,-3.7667,-2.3302,-0.47862,0.38334,-0.58264,-9.8042,3.5798,-1.8529,-0.88002,-0.60559,-0.56847,0.7138,-0.099333,0.2687,-9.8397,-2.4104,1.4235,0.47313,1.165,0.40412,0.66477,0.14855,-0.27947
10.844,1.8498,1.6194,0.47806,0.21854,0.43941,-0.65823,0.11781,-0.38488,-1.2571,15.469,-6.8316,1.9322,3.1978,1.6402,-0.26525,-0.6866,-0.063246,10.765,-5.8354,18.104,-2.1305,-2.3902,-1.8562,-0.55886,0.34825,-0.50082,-10.167,1.8655,-1.1456,-0.80271,-0.65448,-0.027326,0.72065,-0.092655,0.2478,-17.329,-1.8061,0.96993,-1.2878,1.396,-0.70823,0.67476,0.1518,-0.25028
8.8994,2.9155,0.1942,0.40848,0.21902,0.22021,-0.65396,0.11877,-0.38895,-3.056,15.226,-5.1768,1.6936,2.6002,0.7513,-0.28741,-0.67814,-0.04163,6.2021,-7.2922,17.454,-2.1085,-0.76597,-1.032,-0.60625,0.35094,-0.43385,-10.261,1.5543,-0.34438,-1.1212,-0.84208,0.45399,0.72512,-0.11089,0.22307,-3.5489,-0.11972,-4.1115,-2.0932,0.24295,0.023187,0.67431,0.18783,-0.22111
10.195,3.1026,0.83189,-0.1394,0.017209,0.15301,-0.65427,0.11943,-0.38976,-5.5707,12.193,-3.2377,0.35451,1.2885,0.052075,-0.29111,-0.67627,-0.03596,1.4566,-6.5447,14.978,-1.2814,0.2853,-0.26974,-0.61811,0.36481,-0.40105,-11.924,0.35515,-2.1171,-0.52867,-0.56727,0.82186,0.72763,-0.14111,0.19281,-10.614,-2.5304,-1.6826,0.82023,0.54228,0.54413,0.68164,0.18199,-0.19934
11.625,3.3095,1.8139,-0.47968,0.042567,0.079675,-0.65072,0.13017,-0.39208,-5.3053,10.877,-3.8885,-0.31924,-0.17291,-0.22774,-0.28513,-0.67039,-0.052687,3.4298,-6.1456,11.85,-0.2169,0.53703,0.58227,-0.59146,0.40781,-0.38731,-13.106,2.025,0.9634,-0.53378,-0.34288,0.93161,0.72058,-0.18138,0.17592,-10.117,3.6286,-1.2766,0.72593,0.3683,0.38897,0.69201,0.17033,-0.18038
10.565,3.0799,2.0729,-0.47531,0.10915,-0.022847,-0.64937,0.13868,-0.3913,-3.5292,12.382,-4.2571,-0.87133,-1.1111,-0.53713,-0.27637,-0.67358,-0.059982,6.697,-5.3948,10.549,0.51958,1.0435,1.0815,-0.5603,0.42074,-0.41389,-11.181,-2.358,-0.013494,-1.2499,-0.30793,0.73667,0.71785,-0.21124,0.15491,-9.9519,4.9214,-3.7878,-0.088331,0.40704,0.32233,0.69586,0.15711,-0.16963
8.9587,2.5863,2.7588,-0.47972,0.28689,-0.05659,-0.64938,0.14391,-0.39133,-0.79447,13.953,-4.7434,-1.7136,-2.0556,-1.0396,-0.26138,-0.68421,-0.069754,8.7355,-3.041,9.7074,0.61562,1.4901,1.3925,-0.53052,0.41591,-0.45551,-8.9476,-1.6655,1.5161,-1.3662,-0.19613,0.71111,0.70991,-0.23474,0.14263,-10.269,1.9634,-1.2612,-0.608,0.75589,0.34433,0.69885,0.14183,-0.16399
8.1743,2.0159,2.4806,-0.435,0.2921,0.11753,-0.64448,0.15253,-0.39584,0.63157,11.787,-4.5672,-1.9955,-2.2301,-1.4553,-0.23411,-0.68954,-0.10116,7.8492,-0.52097,9.5719,0.32809,1.971,1.5662,-0.47122,0.43449,-0.4989,-8.2126,-4.4883,2.9369,-1.2507,-0.33036,0.79789,0.70338,-0.26282,0.11272,-10.822,1.8267,0.13346,-0.94897,0.38472,0.3511,0.70479,0.13766,-0.14111
8.3204,1.2599,2.3052,-0.39704,0.27849,0.12947,-0.64133,0.16391,-0.39831,1.6686,13.093,-5.0749,-2.0635,-2.1799,-1.6364,-0.20481,-0.69472,-0.13772,6.9671,0.27548,8.068,-0.45129,1.9519,1.6888,-0.40276,0.4622,-0.52624,-8.8131,-1.9845,0.79893,1.0563,-0.014456,0.73715,0.69477,-0.28431,0.10834,-9.5034,-1.4165,-1.2723,-1.1402,0.16014,0.19673,0.70611,0.13534,-0.12696
9.2508,1.6551,3.486,-0.16958,0.19639,0.1686,-0.63358,0.17221,-0.40627,3.7076,13.756,-5.7446,-2.7378,-1.977,-1.745,-0.16598,-0.69064,-0.20102,6.8815,-0.27008,6.668,-1.0464,1.7254,1.5587,-0.31379,0.51244,-0.53547,-9.1609,-0.2042,-0.23034,0.75549,0.16031,0.63985,0.68511,-0.30445,0.11899,-9.3443,0.32017,-2.5349,-0.65969,0.2527,0.076614,0.71005,0.14381,-0.10397
9.2446,2.1205,3.8396,0.022453,0.073911,0.21867,-0.6336,0.17572,-0.40894,4.8524,11.526,-4.9483,-2.6002,-1.4935,-1.9036,-0.13194,-0.67784,-0.26577,5.8593,-0.76709,6.4558,-1.2584,1.5407,1.2203,-0.25116,0.54937,-0.52434,-9.6785,0.83804,1.1236,-0.082822,0.13339,0.40077,0.67676,-0.31439,0.12539,-9.3877,0.91614,-2.0111,-0.31936,0.38781,0.22502,0.71319,0.14115,-0.093963
8.9288,1.5889,4.0203,0.052828,0.16682,0.21554,-0.62943,0.18309,-0.40963,4.3854,8.5853,-4.3838,-1.3,-0.83769,-1.8633,-0.096285,-0.67083,-0.30619,5.1153,-1.4812,6.0218,-1.0392,1.1985,0.84691,-0.21498,0.56964,-0.50498,-10.155,1.0792,2.1941,-0.86489,-0.022034,0.35828,0.67281,-0.32427,0.12211,-9.7312,1.5377,-1.9854,-0.56235,0.28916,0.349,0.71308,0.12886,-0.090453
8.613,1.0869,4.2235,0.13346,-0.090323,0.34166,-0.62654,0.18843,-0.40982,2.002,7.6961,-4.9225,-0.16761,-0.42447,-1.478,-0.057995,-0.67208,-0.32051,4.3753,-1.4516,5.2033,-0.44826,0.8282,0.35558,-0.18422,0.58584,-0.49426,-10.343,2.4981,1.6636,-0.83771,0.037887,0.37132,0.66701,-0.33846,0.1086,-10.221,-0.21737,-1.4456,-0.66698,0.083309,0.28758,0.71439,0.12242,-0.082666
8.8848,1.8552,4.2007,0.048805,-0.18308,0.32375,-0.62846,0.19549,-0.40597,0.12212,6.9068,-5.5695,-0.17609,-0.80239,-0.99575,-0.033821,-0.67403,-0.32276,2.9717,-1.0987,4.6821,-0.2453,0.26032,-0.34341,-0.17578,0.58998,-0.49033,-9.3813,1.2803,1.4667,-0.84877,0.16419,0.41779,0.66132,-0.35049,0.098736,-9.7407,0.5153,-2.2647,-0.52034,0.045632,0.2632,0.71657,0.11744,-0.077114
8.3206,2.3486,4.222,-0.20497,-0.000827,0.14657,-0.62869,0.20286,-0.40497,0.5169,8.0552,-3.9531,-0.15895,-1.8713,-0.52826,-0.031311,-0.67098,-0.3305,2.2677,-1.4846,5.1915,-0.28503,-0.58204,-1.1147,-0.19355,0.59774,-0.48086,-9.3196,0.71988,1.0259,-0.24493,0.28579,0.55443,0.65226,-0.36893,0.091071,-9.001,0.26338,-3.844,-0.066416,0.07636,0.3741,0.71902,0.11102,-0.069948
