13.64,1.5882,3.2165,0.42623,0.28064,0.19335,-0.67902,-0.41923,-0.013265,13.304,0.44747,1.9639,0.23728,0.89474,-1.5691,-0.66504,-0.14306,0.32377,14.175,-1.9799,2.4087,0.9357,-0.048985,0.73969,-0.5892,-0.2071,-0.399,-12.918,-0.25858,-2.1332,-1.539,0.45802,0.82444,0.63607,-0.18676,-0.35519,-12.217,-4.6271,-0.71702,0.29164,-0.13609,0.35982,0.55321,-0.14002,0.47944
11.669,1.1654,3.6241,0.30889,0.27262,0.093627,-0.68258,-0.41678,-0.012755,11.488,1.4871,2.096,0.26957,0.73025,-0.92574,-0.66661,-0.17756,0.29837,12.961,-1.8776,2.8922,0.23575,0.41316,0.81368,-0.59241,-0.19797,-0.40054,-11.713,0.89695,-1.1951,-1.461,0.52409,0.48808,0.63633,-0.19357,-0.35794,-10.014,1.0437,-2.0313,0.1386,0.18592,0.29779,0.54812,-0.13443,0.4884
10.364,0.82163,3.2762,0.13946,0.071021,0.11052,-0.68736,-0.41429,-0.012692,9.3224,1.0057,1.9347,-0.020458,0.31809,-0.34179,-0.67257,-0.19331,0.28614,10.635,-2.1757,2.3976,0.36907,0.28617,1.0266,-0.59578,-0.17774,-0.40778,-9.8413,0.53977,-0.062025,-1.0236,0.51366,0.14382,0.64027,-0.18432,-0.35576,-12.593,-0.10801,-2.4439,-0.24253,0.12089,0.70109,0.54155,-0.14684,0.49494
9.0437,0.565,3.4137,0.14639,0.18915,0.12266,-0.68806,-0.41183,-0.013268,9.6652,0.83151,1.8607,0.070795,0.054749,0.068678,-0.67303,-0.19598,0.28435,10.089,-1.7543,1.8784,0.59777,0.18873,0.9365,-0.597,-0.16225,-0.41203,-9.6989,2.3207,0.91403,-0.69171,0.36887,0.12383,0.64686,-0.17109,-0.35234,-9.178,-0.92639,-1.5146,-0.28754,-0.16131,0.76294,0.54009,-0.17393,0.48579
7.8678,0.5107,2.6734,0.27313,-0.036455,0.11088,-0.69079,-0.4067,-0.01208,8.3081,0.9153,1.6195,0.086973,-0.002543,0.22006,-0.6755,-0.19238,0.28479,8.5437,-0.98797,1.3478,0.51157,0.16851,0.75407,-0.60086,-0.15091,-0.41429,-8.0961,1.4345,1.0072,-0.76542,0.15243,-0.012036,0.64893,-0.16328,-0.35087,-8.4032,-3.2068,-1.8662,0.34539,0.076124,0.61076,0.53601,-0.18527,0.48778
8.3604,0.83878,3.0075,0.19129,-0.11135,0.080155,-0.69349,-0.40711,-0.00553,8.284,0.83026,1.6578,0.20369,-0.07245,0.32986,-0.67759,-0.18447,0.28829,7.9199,-0.93113,1.2053,0.23372,0.168,0.39325,-0.60126,-0.14175,-0.41707,-8.6074,1.669,0.021539,-0.71774,0.11827,0.010688,0.65096,-0.15251,-0.35611,-8.8806,-2.2499,-1.4908,0.24328,0.17443,0.69868,0.52722,-0.19148,0.49312
7.8621,0.88119,2.6608,0.1521,-0.038534,0.021356,-0.69451,-0.40391,0.000396,8.0405,1.576,1.8687,0.31755,-0.15932,0.52415,-0.67957,-0.16606,0.29576,7.8521,-1.4612,1.7611,0.13709,-0.047122,-0.047209,-0.60055,-0.14112,-0.41805,-8.3074,1.3261,-0.18959,0.042886,-0.14703,-0.15356,0.64899,-0.15239,-0.35872,-7.6265,-4.3298,-2.1474,0.2015,-0.001795,0.29733,0.52028,-0.20199,0.49846
8.1817,0.80377,2.8567,0.06644,-0.13457,0.025339,-0.69535,-0.40401,0.004488,7.9203,1.7116,1.9002,0.20388,-0.25092,0.74779,-0.68269,-0.14476,0.30181,7.8615,-1.2915,1.8806,0.3237,-0.22293,-0.25754,-0.60254,-0.14829,-0.41283,-7.8623,1.2515,-1.6433,0.4821,-0.10581,-0.45953,0.65069,-0.148,-0.3579,-8.0142,-3.2372,-2.2555,0.31796,0.22139,0.009227,0.51741,-0.19849,0.50215
8.1372,0.77497,2.7368,-0.027592,-0.11617,0.014177,-0.69621,-0.40289,0.005911,8.3149,1.8003,2.0877,0.1663,-0.33811,0.87132,-0.68341,-0.12407,0.31124,8.1874,-1.1579,2.2475,0.1813,-0.19294,-0.45096,-0.60306,-0.16,-0.40815,-7.8735,3.2398,-2.0057,0.57986,-0.26271,-0.65523,0.65047,-0.13576,-0.36223,-8.3062,-3.3863,-1.9173,0.24629,0.21302,-0.039352,0.51562,-0.1907,0.50899
7.9726,0.79739,3.0192,-0.12972,-0.079746,0.0002,-0.69756,-0.40318,0.007989,8.3622,1.8259,2.3141,0.1461,-0.38751,0.88191,-0.68219,-0.098461,0.32148,7.8563,-1.4263,2.5478,-0.16873,-0.198,-0.60605,-0.6035,-0.17183,-0.4046,-7.4285,7.411,-0.36608,-0.7114,-0.16766,-0.37138,0.65022,-0.12093,-0.36984,-8.5952,-2.1944,-0.63435,-0.043164,0.097981,-0.1786,0.51327,-0.18619,0.51293
8.031,0.58901,3.1451,-0.090651,-0.025749,0.035593,-0.69839,-0.40342,0.007427,8.5295,1.6384,2.4555,0.13084,-0.31805,0.83633,-0.68032,-0.072882,0.33153,7.8282,-2.0401,2.3967,-0.26413,-0.18379,-0.72984,-0.60085,-0.18416,-0.40162,-6.8159,3.9024,-1.6701,-0.68199,0.16112,-0.32577,0.65177,-0.10266,-0.37083,-8.398,-0.68621,-0.75393,-0.45129,-0.062699,-0.33439,0.51629,-0.18615,0.512
8.8649,0.43399,3.1877,0.026872,-0.005733,0.10688,-0.69946,-0.40276,0.007114,8.9448,1.8472,2.3837,0.24131,-0.16088,0.72076,-0.67928,-0.045702,0.34121,8.4481,-2.592,2.4059,-0.30489,-0.2718,-0.73348,-0.59975,-0.20199,-0.39481,-9.0415,1.2085,-1.4569,0.022525,0.2649,-0.71724,0.66007,-0.084814,-0.36267,-9.2027,-2.3008,-1.4366,-0.41928,-0.22881,-0.32612,0.52275,-0.18401,0.50577
8.7913,0.70096,3.2635,0.13598,0.10867,0.13938,-0.70258,-0.39827,0.008558,9.4568,1.9262,2.5646,0.49523,-0.017536,0.5657,-0.6799,-0.021949,0.34346,8.6875,-2.9549,2.3596,-0.14183,-0.40296,-0.75472,-0.59823,-0.2156,-0.38699,-8.2714,3.1098,0.041724,1.0745,-0.29993,-0.49831,0.66182,-0.0767,-0.36261,-9.0899,-2.01,-1.4488,-0.33986,-0.054725,-0.15155,0.52662,-0.18446,0.50231
8.8353,0.6993,3.5921,0.14318,0.13975,0.18305,-0.70525,-0.39568,0.008303,9.1134,2.3137,2.6566,0.52083,0.070728,0.36233,-0.67944,-0.003812,0.34315,8.5414,-2.8882,2.1631,-0.088042,-0.42501,-0.67878,-0.59844,-0.22939,-0.38124,-8.4015,4.5249,-1.4176,1.5448,-0.24935,-0.32916,0.65983,-0.083376,-0.36483,-9.389,-1.612,-1.6619,-0.2756,-0.25399,-0.008208,0.53104,-0.19185,0.49631
8.4625,0.87849,3.9933,0.10903,0.19459,0.17455,-0.70883,-0.38994,0.005995,8.9151,2.495,2.768,0.42181,0.14335,0.27105,-0.68058,0.011694,0.3393,9.0919,-2.9425,2.4267,-0.14562,-0.37292,-0.53552,-0.59947,-0.241,-0.37185,-8.7676,4.6425,-1.2076,0.70149,-0.21203,-0.3845,0.65779,-0.090363,-0.36528,-7.122,-2.899,-1.896,0.061711,0.000314,-0.049013,0.53592,-0.19241,0.49251
7.5043,0.52631,5.073,-0.030685,0.12419,0.12809,-0.71273,-0.38545,0.002752,7.9456,2.4448,2.6598,0.37725,0.19285,0.18792,-0.68351,0.022798,0.33504,8.5748,-2.5583,2.2557,-0.36064,-0.22918,-0.33333,-0.59919,-0.24581,-0.36621,-8.0921,3.1104,0.067827,0.22669,-0.26185,-0.30222,0.65838,-0.085186,-0.3688,-7.2121,-2.7624,-2.405,-0.010023,-0.023069,-0.48221,0.53733,-0.1844,0.49215
6.3877,-0.080514,3.4416,-0.022418,-0.088235,0.1206,-0.71539,-0.38414,0.00264,7.5383,2.5939,2.4535,0.06595,0.16004,0.2399,-0.68659,0.032626,0.33048,8.5478,-2.4587,2.2878,-0.50627,-0.16149,-0.20176,-0.60039,-0.2459,-0.36527,-8.4955,0.43809,0.43018,0.12558,-0.44459,-0.21931,0.65147,-0.090462,-0.3773,-8.637,-0.34175,-0.68982,-0.90845,-0.079204,-0.97547,0.54327,-0.17697,0.49029
7.4643,0.32828,2.7885,0.10066,-0.47268,0.11612,-0.71591,-0.38055,0.012972,7.7593,2.1677,2.3387,-0.13111,0.14987,0.25567,-0.68921,0.037909,0.32609,7.4929,-2.7286,2.7459,-0.098865,-0.27944,-0.26546,-0.60454,-0.24628,-0.36322,-8.7683,1.2909,0.6338,0.22858,-0.65252,-0.57351,0.64687,-0.081822,-0.38952,-8.7316,-1.5708,-3.6523,-0.75452,-0.23901,-0.45769,0.55398,-0.18007,0.47775
11.133,-0.18314,1.0448,0.017879,-0.41854,0.068615,-0.71792,-0.3788,0.025123,9.1745,1.732,2.168,-0.14068,0.11893,0.11349,-0.69027,0.042941,0.32179,8.5595,-2.2868,2.505,0.3962,-0.37843,-0.30007,-0.60411,-0.25306,-0.35452,-12.533,4.0056,-6.6832,-0.56814,-0.078162,-1.1834,0.6437,-0.056261,-0.39957,-7.3037,-7.5375,-3.7115,-0.56702,-0.18038,-0.41113,0.561,-0.18146,0.46956
13.483,-0.87935,1.8564,-0.035662,0.050938,-0.035368,-0.71809,-0.37948,0.031906,14.942,1.9743,2.5399,-0.14316,0.012317,-0.099424,-0.69194,0.039313,0.3215,14.443,-3.1368,2.3156,0.53307,-0.36659,-0.36013,-0.60855,-0.26714,-0.34086,-11.776,1.4753,-1.5121,-2.3389,1.2832,-0.86193,0.66427,0.007275,-0.37367,-12.634,-11.042,-2.6085,-0.19958,-0.24233,-1.346,0.57214,-0.16519,0.46296
11.413,-0.52909,1.7833,-0.27383,0.02135,-0.056739,-0.71609,-0.38162,0.024548,8.9458,0.47486,2.9094,-0.16029,0.07407,-0.74574,-0.69351,0.025917,0.31881,11.162,-1.072,0.32299,-0.01313,0.34908,0.20525,-0.6083,-0.27216,-0.34096,-14.624,7.4856,-5.3263,-0.9185,0.73207,-0.1851,0.67308,0.041928,-0.35303,-12.418,-2.9097,-2.4336,-1.1039,0.056144,-1.8316,0.5856,-0.137,0.45852
12.356,-1.2749,4.8668,-0.37838,-0.30796,-0.009643,-0.71443,-0.38289,0.033403,15.31,1.4332,3.101,-0.88323,-0.28004,-1.0952,-0.69363,-0.01042,0.3222,15.284,-1.0144,-0.060481,-0.23052,0.29957,0.53109,-0.60913,-0.26141,-0.34754,-6.7558,-0.71061,4.2619,-0.7747,0.43843,0.75025,0.68329,0.0338,-0.33652,-16.789,-0.79431,-3.4876,0.27024,0.143,-1.3142,0.59326,-0.10234,0.46223
11.928,0.5564,3.4803,-0.40367,-0.095296,-0.18666,-0.71271,-0.38585,0.028169,11.467,0.18745,4.0949,-1.2194,-0.17716,-0.96912,-0.69046,-0.05532,0.32256,12.696,-0.60787,-0.13612,-0.71541,0.65431,0.40339,-0.60719,-0.23984,-0.36866,-8.461,-5.8957,-5.368,0.51409,-0.048921,0.50546,0.69242,0.016823,-0.32382,-12.642,-3.2347,-1.0491,0.83894,0.47368,-1.1333,0.59049,-0.058468,0.47632
10.194,0.73589,2.8267,-0.16792,-0.23177,-0.17044,-0.70994,-0.3901,0.027641,8.7677,-0.28583,3.7748,-0.58424,-0.17178,-0.59607,-0.68706,-0.088353,0.32439,9.1907,-0.63295,1.8893,-0.47202,0.13976,0.046545,-0.60162,-0.22202,-0.38723,-11.642,0.75644,-3.3989,1.0764,-0.10129,-0.44804,0.69326,0.008383,-0.31922,-8.3553,-2.8504,0.81686,0.49294,0.01632,-0.75759,0.5922,-0.021602,0.48339
10.34,-0.18085,2.0684,-0.097756,-0.098642,-0.078863,-0.70859,-0.39359,0.027984,9.8764,0.082731,2.7578,-0.32716,0.031407,-0.11316,-0.68642,-0.10477,0.3237,9.1533,-1.5896,1.9885,0.26783,-0.6337,-0.4162,-0.60491,-0.22453,-0.38058,-10.812,0.10522,-1.0637,0.51761,-0.13794,-0.57721,0.69142,0.008748,-0.32524,-8.746,-3.6783,0.98728,1.1692,0.15222,-0.41805,0.59147,0.01068,0.48969
9.9263,-0.97853,2.3063,-0.085267,-0.050732,0.035802,-0.70794,-0.39359,0.027743,10.743,0.048402,3.3049,0.003431,0.073467,-0.015912,-0.68779,-0.10937,0.3215,10.369,-1.2446,1.2186,0.57256,-0.50892,-0.52913,-0.61135,-0.24401,-0.35926,-9.4203,2.4796,-0.9558,-0.68583,-0.005968,-0.73035,0.69139,0.032134,-0.32403,-8.91,-2.8762,0.37424,1.2686,0.081688,-0.16366,0.58755,0.043463,0.49282
8.6066,-1.2632,2.0407,-0.11164,-0.026601,0.11759,-0.71177,-0.39202,0.028116,8.8563,-0.09239,3.3874,-0.28423,0.029982,-0.12704,-0.68877,-0.11443,0.317,9.207,-0.93399,0.58434,0.11044,-0.17501,-0.29169,-0.6106,-0.26159,-0.34936,-9.544,1.7007,-1.2875,-0.3125,-0.11903,-0.64217,0.68598,0.057955,-0.33027,-8.0701,-2.0195,-0.1022,0.6398,-0.17886,0.10436,0.58497,0.062098,0.49062
8.3097,-1.0309,1.9803,0.094846,-0.079146,0.052407,-0.71275,-0.39026,0.029795,8.0084,-0.70747,2.743,-0.061037,0.098077,-0.1793,-0.68985,-0.1227,0.31441,9.0714,-1.5237,0.80524,-0.26592,0.14576,-0.14672,-0.60785,-0.26424,-0.35189,-9.0265,0.43595,-3.166,-0.21335,-0.053549,-0.73913,0.68564,0.078093,-0.33462,-7.5316,-1.8236,-1.3175,-0.37595,-0.51062,0.28436,0.59343,0.057425,0.48227
8.8611,-0.96918,2.1043,0.20006,-0.065798,0.018813,-0.71375,-0.3888,0.033471,8.3624,-0.063007,2.3349,0.26095,0.21211,-0.050496,-0.69127,-0.12561,0.31166,8.8385,-2.115,0.81933,-0.20575,0.10586,-0.19984,-0.60519,-0.26379,-0.35627,-8.7355,2.4862,-1.8872,0.092874,-0.18059,-0.48451,0.6841,0.096796,-0.33296,-8.0868,-2.5842,-0.92557,-1.045,-0.43709,0.44597,0.60583,0.041384,0.47309
8.7284,-0.55399,2.285,0.18411,-0.15322,0.040152,-0.71384,-0.38819,0.039318,8.7362,0.43065,2.5145,0.35843,0.097256,0.15986,-0.69471,-0.12025,0.30904,8.5854,-2.3276,0.91209,0.081073,-0.021297,-0.25374,-0.60129,-0.26879,-0.35842,-8.25,3.489,-2.7936,0.047149,0.062399,-0.075897,0.6826,0.10135,-0.33557,-8.0205,-3.1966,-1.0381,-0.92234,-0.40806,0.52907,0.61378,0.008816,0.46356
8.1428,-0.16929,1.731,0.062177,-0.13159,0.003341,-0.71505,-0.3872,0.046448,7.4462,0.64605,2.6242,0.18361,-0.094042,0.32459,-0.69795,-0.11152,0.31064,8.1947,-1.7181,0.66087,0.23532,-0.090183,-0.1619,-0.60091,-0.27615,-0.35582,-7.6631,2.7034,-2.631,0.22853,0.19593,0.35195,0.68441,0.09238,-0.3337,-7.3695,-3.5131,-1.0952,-0.44027,-0.47309,0.64475,0.62196,-0.018651,0.45075
8.2677,-0.47463,1.8866,-0.0179,-0.084458,-0.073568,-0.71463,-0.38947,0.049408,7.1319,0.73441,2.4136,0.11366,-0.20953,0.45077,-0.69783,-0.0985,0.31742,8.0822,-1.5039,0.65055,0.073927,0.024631,0.036851,-0.59954,-0.27592,-0.35838,-8.8958,1.7208,-1.8896,0.17922,0.20364,0.33247,0.686,0.077028,-0.33258,-6.684,-5.4874,-1.313,0.52716,-0.20917,0.58692,0.62965,-0.045621,0.43855
7.5157,-0.54108,1.4851,-0.095783,0.010551,-0.16355,-0.7114,-0.39362,0.050095,6.7949,0.69476,2.5961,0.20745,-0.23985,0.54759,-0.69625,-0.082595,0.32305,7.9746,-1.2263,0.52918,-0.063908,0.15519,0.13323,-0.59953,-0.27282,-0.36072,-5.8186,2.5263,0.25665,0.80864,0.006248,0.68425,0.68818,0.054694,-0.33294,-7.6361,-5.885,-1.6513,0.15031,-0.12718,0.44322,0.62873,-0.053845,0.43496
8.8037,-0.78874,1.5529,-0.13615,0.059815,-0.21295,-0.71223,-0.39917,0.046776,6.8567,1.2483,2.4627,0.24909,-0.29195,0.55223,-0.69524,-0.063554,0.33335,7.7701,-1.4248,0.75201,-0.16176,0.23615,0.19855,-0.60107,-0.26926,-0.36402,-9.5545,0.31119,-2.5163,0.76047,-0.20854,0.73876,0.68988,0.021611,-0.33594,-6.7296,-6.3715,-0.44232,0.56351,-0.063979,0.31924,0.62992,-0.048884,0.43452
8.8684,-0.70481,2.673,-0.15849,0.29008,-0.25768,-0.70502,-0.40497,0.039911,8.2879,1.6596,2.6045,0.21013,-0.34904,0.549,-0.69075,-0.046443,0.34275,8.8865,-1.717,0.79847,-0.2474,0.26113,0.15463,-0.59926,-0.26206,-0.37287,-7.9464,1.7819,-1.2705,0.42731,0.12006,0.18985,0.69203,0.004411,-0.33505,-7.9268,-5.9044,0.009245,0.019282,-0.077247,0.36805,0.63062,-0.051909,0.43294
9.1585,-0.77415,2.7569,-0.052921,0.4052,-0.24705,-0.70272,-0.41238,0.028078,9.1376,1.5938,2.6483,0.35512,-0.34275,0.35769,-0.68802,-0.028724,0.35308,8.7945,-2.1687,1.0641,-0.38828,0.29981,0.14918,-0.59732,-0.25175,-0.38405,-9.9496,1.4212,-2.968,-0.14784,-0.28413,0.14013,0.69129,-0.005978,-0.33733,-6.8778,-5.1818,-0.86733,-0.46609,0.03014,0.19759,0.63046,-0.063826,0.43225
8.2245,-0.71925,3.8767,0.02157,0.52853,-0.17091,-0.69973,-0.42147,0.01655,9.5623,1.7637,3.1037,0.4509,-0.25486,0.11028,-0.68354,-0.014511,0.36422,8.7995,-2.412,1.352,-0.29012,0.20209,0.068694,-0.59378,-0.24148,-0.39814,-7.8714,0.11922,-1.6272,-0.35984,-0.049838,0.095593,0.68664,-0.011524,-0.34939,-8.4676,-2.7371,0.59121,-0.38766,0.042785,0.30304,0.62744,-0.081873,0.4335
8.0853,-0.44961,3.4148,0.078421,0.36233,-0.088066,-0.69876,-0.42425,0.004632,8.5272,1.6887,3.097,0.36238,-0.1866,-0.1538,-0.68066,-0.010067,0.3726,8.0882,-2.5494,1.4267,-0.16088,0.15259,0.036732,-0.59188,-0.23635,-0.40518,-8.9661,0.4648,-2.8347,-0.27109,-0.18509,-0.020006,0.68545,-0.010419,-0.35222,-7.9937,-1.5673,0.76668,-0.61622,-0.084368,0.48882,0.62512,-0.099891,0.43196
8.0858,-0.6914,2.7418,0.090441,0.25152,-0.040192,-0.70021,-0.42636,-0.002727,8.4891,1.8926,3.5206,0.12816,-0.19754,-0.21859,-0.6763,-0.012143,0.37846,8.0935,-2.7558,1.4255,0.037252,0.086442,-0.087723,-0.59082,-0.23727,-0.40647,-9.348,4.5014,-3.8819,0.064514,0.024161,-0.057442,0.68581,-0.002107,-0.35033,-7.9933,-1.125,0.30482,-0.86704,-0.21296,0.86301,0.62594,-0.12595,0.4244
9.3859,-0.40947,1.8732,0.29606,0.27749,-0.007096,-0.69874,-0.42964,-0.005175,8.9199,2.0228,3.6505,-0.41215,-0.20974,-0.28953,-0.67227,-0.021806,0.38618,8.2766,-3.1361,1.7332,0.34286,0.019789,-0.19172,-0.5889,-0.24403,-0.40568,-7.9725,7.658,-2.5826,1.1799,0.07001,0.43688,0.68697,-0.018516,-0.35049,-10.613,-7.6754,-2.5653,-0.50965,-0.1706,0.58705,0.62512,-0.16162,0.41197
10.894,0.49474,2.4425,0.51675,0.31706,0.078969,-0.70043,-0.43048,-0.002041,11.199,0.80558,3.6103,-0.59068,0.060379,-0.50336,-0.67172,-0.041605,0.3906,10.238,-2.8098,1.1216,0.34046,0.016815,-0.033922,-0.588,-0.25437,-0.40272,-9.8313,7.9247,-1.7726,0.94158,-0.14612,1.9638,0.68404,-0.076988,-0.35226,-11.483,-0.51004,-0.021343,0.28483,0.80625,0.53026,0.61462,-0.17106,0.42153
10.942,1.4255,3.0159,0.77094,0.35439,0.17589,-0.70254,-0.43015,0.005858,13.245,0.045537,2.3241,-0.04108,0.54245,-0.85367,-0.67536,-0.070027,0.38301,11.529,-3.073,2.0503,0.45591,-0.10154,0.3699,-0.58919,-0.25408,-0.40154,-14.586,0.7477,-4.1031,-0.98563,0.44813,1.8852,0.67283,-0.1397,-0.35313,-7.8923,-1.8473,-2.5933,0.20496,0.7413,0.21366,0.6022,-0.18083,0.44025
13.933,2.0538,2.9084,0.75817,0.018454,0.19769,-0.70579,-0.42592,0.012088,13.71,0.70648,1.0298,0.40187,0.85422,-1.1596,-0.68289,-0.095177,0.36399,12.566,-2.9391,2.8949,0.93444,-0.41489,0.74368,-0.60135,-0.25065,-0.38953,-14.258,-3.3449,-4.077,-1.9722,0.54718,0.95141,0.67323,-0.15844,-0.34663,-19.966,-10.977,-2.8517,0.82693,0.40416,-0.51876,0.58893,-0.16921,0.46163
13.685,2.1991,4.1235,0.45394,0.33957,0.098356,-0.70788,-0.42213,0.020363,15.49,1.5417,1.7298,0.64274,0.73824,-0.88436,-0.69086,-0.11516,0.3499,16.307,-1.8501,2.5512,1.4053,-0.39291,0.82669,-0.61369,-0.25231,-0.36876,-14.472,-1.3327,-1.3532,-1.0199,0.31889,0.57102,0.67178,-0.16537,-0.34883,-12.291,3.8359,1.351,0.40305,0.7821,0.021692,0.58136,-0.16292,0.47561
10.796,1.244,4.2446,0.13482,0.25061,0.10255,-0.71094,-0.41941,0.015302,10.156,1.877,1.7205,0.57081,0.47558,-0.47346,-0.69767,-0.12708,0.33937,11.902,0.85715,2.6843,0.82013,-0.090437,1.0376,-0.62537,-0.24584,-0.35456,-10.668,-0.78785,1.078,-0.23193,0.27896,0.18441,0.67328,-0.17102,-0.3466,-12.393,4.5043,-5.9982,-0.22255,0.079833,0.74205,0.57201,-0.17461,0.48295
9.9302,0.57205,3.5772,-0.043285,0.12994,0.13552,-0.71314,-0.41659,0.011471,9.7409,1.8421,1.9268,0.072835,-0.054218,0.12796,-0.69892,-0.12911,0.33739,11.582,0.27717,2.1101,0.22066,0.22294,0.85726,-0.63404,-0.2275,-0.35777,-10.208,2.5658,0.98605,-0.63973,0.087252,-0.088066,0.67363,-0.16453,-0.34874,-10.215,-3.5013,-0.68018,-0.64005,-0.54316,0.89842,0.57234,-0.20017,0.47574
8.6258,0.42021,3.4096,0.004896,-0.019407,0.14702,-0.71985,-0.41508,0.010136,9.1017,1.5496,2.2545,-0.013391,-0.23299,0.51794,-0.70033,-0.12037,0.33935,9.4455,-0.046632,1.8682,0.11493,0.3008,0.45836,-0.63784,-0.21333,-0.36111,-8.7255,2.0151,1.414,-0.71,0.20109,-0.034475,0.67632,-0.14075,-0.34918,-8.3248,-1.131,-1.807,-0.19452,0.21019,0.51789,0.56585,-0.22489,0.46677
7.8695,0.74131,2.4287,-0.00859,-0.2153,0.13497,-0.72265,-0.41242,0.012403,8.1822,1.0558,2.1153,-0.001644,-0.23145,0.51851,-0.69971,-0.1058,0.34613,8.2988,-0.4458,1.6036,0.19309,0.15034,0.15397,-0.63699,-0.2065,-0.36675,-8.9523,1.997,0.13427,-0.49004,-0.10549,-0.10195,0.67746,-0.13099,-0.3537,-9.4948,-2.7129,-0.69576,0.24767,0.13072,0.61366,0.55842,-0.23705,0.47213
8.5122,1.254,2.6159,-0.012034,-0.19397,0.10031,-0.72357,-0.41024,0.017674,8.7695,1.1574,2.1389,-0.064871,-0.15593,0.43863,-0.69959,-0.094139,0.35513,8.6508,-0.87157,1.1445,0.22891,0.085915,-0.09423,-0.63256,-0.20725,-0.37312,-8.5333,1.8263,0.11287,-0.082913,-0.33509,-0.11858,0.67534,-0.13328,-0.36111,-9.0765,-3.1014,-1.2126,0.40601,-0.037498,0.5577,0.55067,-0.2449,0.47741
8.5567,1.1355,2.5185,-0.20703,-0.11989,0.04135,-0.7243,-0.41001,0.018975,8.9081,1.3711,2.0702,0.017357,-0.071299,0.41978,-0.70143,-0.082746,0.35923,8.7336,-0.80888,1.152,0.027639,0.14458,-0.11551,-0.6291,-0.21223,-0.37655,-8.1212,2.6335,-0.67484,0.1062,-0.33821,-0.14759,0.6715,-0.13203,-0.37037,-7.7599,-3.0567,-2.9528,0.31802,0.072183,0.25231,0.5464,-0.24726,0.48205
8.2124,0.63576,2.1993,-0.069016,-0.060071,0.043039,-0.72608,-0.409,0.020496,8.0435,1.6281,2.088,-0.053331,-0.051926,0.42302,-0.70111,-0.072984,0.36205,8.7509,-1.0082,1.2486,-0.35301,0.13069,-0.001175,-0.62663,-0.21021,-0.38222,-7.667,4.0326,-1.3273,0.36505,-0.30442,-0.11886,0.66665,-0.12972,-0.37792,-8.8218,-2.5616,-2.1404,0.082282,0.12764,0.19042,0.54264,-0.24632,0.48703
8.4614,0.1561,3.0933,-0.041973,-0.075386,0.030427,-0.72693,-0.40781,0.024446,8.2283,1.3566,1.5872,-0.022579,-0.035958,0.42106,-0.70279,-0.06108,0.36187,8.664,-1.6056,1.5266,-0.24981,0.053482,-0.06489,-0.62638,-0.20866,-0.38462,-7.9972,4.2125,-1.6342,0.96791,-0.2724,0.003209,0.66251,-0.13611,-0.38402,-8.7005,-1.9515,-1.6064,0.011924,0.088329,0.16855,0.539,-0.24614,0.4919
8.5048,0.050677,3.4362,-0.027669,-0.13961,-0.014859,-0.72604,-0.41017,0.026093,8.7028,1.4439,1.5735,0.17357,-0.050412,0.39989,-0.70359,-0.048964,0.36355,8.2277,-1.65,1.775,-0.12482,-0.12641,-0.31342,-0.62552,-0.21152,-0.38487,-8.0014,4.6211,-2.5348,1.0228,-0.21175,0.024854,0.65787,-0.15261,-0.38306,-8.0885,-3.4494,-1.2715,0.2779,0.009789,-0.030926,0.53853,-0.24491,0.49634
7.9555,0.52185,3.4201,-0.056446,-0.080016,0.012166,-0.72557,-0.41073,0.027579,8.3994,1.5719,1.6889,0.14347,-0.09179,0.42301,-0.70321,-0.036015,0.36813,7.9673,-1.882,1.8973,-0.11691,-0.28541,-0.59292,-0.6229,-0.21444,-0.38516,-7.1042,4.6004,-2.0967,0.41983,0.05443,0.014301,0.65715,-0.16799,-0.38028,-8.4454,-1.8491,-1.3554,0.17903,0.13707,-0.23596,0.53692,-0.2376,0.50038
7.9868,0.67846,3.0931,-0.08024,-0.10451,0.052358,-0.72559,-0.41008,0.027041,8.2436,1.7231,1.9973,0.16287,-0.056115,0.47284,-0.70255,-0.0212,0.37088,7.7482,-2.1121,2.1449,-0.21805,-0.35466,-0.74253,-0.62242,-0.23057,-0.37818,-8.0405,1.3751,-0.88938,0.11756,0.13697,-0.24249,0.66084,-0.16837,-0.37443,-8.6858,-2.2135,-1.4799,-0.28996,-0.058164,-0.23599,0.53622,-0.23395,0.50196
8.226,0.76602,2.9463,-0.097115,-0.024337,0.072073,-0.72742,-0.40956,0.027766,8.3233,2.0306,2.5751,0.18249,-0.002035,0.50327,-0.70142,-0.004229,0.37075,8.0823,-2.2301,2.0323,-0.36522,-0.30245,-0.74604,-0.61992,-0.24433,-0.37317,-7.7962,1.8256,-0.81745,0.085184,-0.11671,-0.41801,0.66285,-0.16124,-0.37461,-8.3843,-1.3201,-1.0467,-0.54251,-0.21808,-0.29178,0.54348,-0.23725,0.49508
8.7476,0.92348,3.2795,-0.10339,0.007406,0.08021,-0.72742,-0.40815,0.027755,8.6327,1.9641,2.7687,0.17615,0.036318,0.43777,-0.70238,0.010025,0.37005,8.5965,-2.4128,2.2877,-0.42473,-0.26123,-0.63638,-0.61905,-0.26087,-0.36592,-8.281,1.9712,-0.22727,-0.001565,-0.08214,-0.64712,0.6642,-0.14607,-0.37862,-9.2262,-2.229,-2.7363,-0.16301,-0.15149,-0.013289,0.54723,-0.23337,0.49078
8.358,0.45253,3.2735,-0.096094,0.18278,0.069379,-0.72967,-0.40755,0.025269,8.6191,2.35,2.6975,0.22209,0.048418,0.30768,-0.70277,0.022976,0.36979,9.1035,-2.471,2.1546,-0.4439,-0.19668,-0.4489,-0.618,-0.26657,-0.36496,-9.3125,2.2215,-0.098238,0.36174,-0.33583,-1.03,0.66681,-0.1255,-0.38234,-7.8597,-1.5647,-0.14224,-0.40542,-0.1314,-0.011359,0.55115,-0.23914,0.48704
9.222,0.66549,3.8634,-0.15389,0.2009,0.023746,-0.73026,-0.40655,0.016724,8.5471,2.2739,2.3905,0.20045,0.099446,0.17294,-0.70393,0.03147,0.36671,9.0571,-2.5271,2.3945,-0.4009,-0.12394,-0.25266,-0.6146,-0.26254,-0.36952,-8.5312,4.96,-1.5932,0.16352,-0.47326,-0.974,0.66583,-0.1039,-0.38912,-10.798,-1.0064,-4.2309,0.4177,-0.16105,0.30876,0.55314,-0.24264,0.48371
8.8951,1.1551,4.3415,-0.30929,0.34344,-0.13576,-0.73003,-0.40897,0.005972,9.2198,2.7937,2.6643,0.15054,0.067236,0.10402,-0.70563,0.035524,0.36486,9.912,-2.3858,2.449,-0.49298,0.04365,-0.13028,-0.61294,-0.25948,-0.37376,-9.6001,4.8389,-2.3422,0.47261,-0.1306,-0.71395,0.66498,-0.086575,-0.39399,-7.5115,-3.1979,-1.3358,0.50152,-0.092515,0.50031,0.54833,-0.2417,0.48661
7.8495,0.38758,3.8661,-0.51018,0.28963,-0.21438,-0.72635,-0.41501,-0.009942,8.8985,3.1233,2.7124,0.076963,0.012171,0.068757,-0.70585,0.040662,0.36163,8.7692,-2.346,2.4187,-0.7873,0.20576,0.025716,-0.61018,-0.24842,-0.38617,-9.4433,3.9944,-1.0404,0.83647,-0.15662,-0.69569,0.66591,-0.080016,-0.39498,-8.5534,-2.2725,-4.0097,0.75001,-0.15244,0.30614,0.54918,-0.235,0.49074
7.3939,0.32352,4.1308,-0.48036,0.12578,-0.18084,-0.72275,-0.42101,-0.027322,8.9392,2.7589,2.852,-0.37223,-0.037348,0.004576,-0.70643,0.035145,0.3643,8.4035,-2.0594,2.0953,-0.63871,0.28802,0.12578,-0.60754,-0.23326,-0.3982,-8.525,3.4055,0.81641,0.78002,-0.24316,-0.66018,0.66503,-0.073481,-0.39806,-7.1953,-6.7251,-1.2354,0.039827,0.053111,0.039324,0.549,-0.22366,0.49936
10.398,-0.53733,2.1784,-0.52301,-0.053174,-0.12159,-0.72019,-0.42432,-0.039174,9.4212,2.1843,2.3709,-0.75639,0.060641,-0.18041,-0.70628,0.021421,0.3649,8.711,-2.2378,1.8977,-0.6488,0.22523,0.061246,-0.60568,-0.21751,-0.41353,-13.816,2.8432,-2.4397,-0.76196,0.33589,-0.86283,0.66805,-0.059493,-0.3972,-7.6962,-6.9818,0.21936,-1.1372,-0.17257,-1.1032,0.55511,-0.22532,0.4928
12.465,-1.1206,3.1005,-0.34793,-0.047643,0.00015,-0.71618,-0.42712,-0.046317,13.725,2.0765,2.4988,-1.0404,0.027547,-0.47984,-0.70784,-0.000422,0.3634,13.238,-3.2458,1.5853,-0.19326,0.055851,-0.20146,-0.60135,-0.20912,-0.42191,-10.761,4.0771,-2.3496,-1.1057,0.54561,-0.25945,0.68066,-0.028366,-0.37928,-16.318,-6.2314,-2.0603,-0.7667,-0.43755,-2.3385,0.57679,-0.20041,0.48049
11.975,-1.0835,2.2017,-0.39625,-0.28831,0.036594,-0.71601,-0.42547,-0.05058,11.581,0.55995,3.288,-1.2478,0.17185,-1.1039,-0.70903,-0.044786,0.35741,12.518,-2.5803,0.81964,-0.16643,0.24467,0.040822,-0.59649,-0.20744,-0.4297,-8.442,3.4757,-5.1678,-0.82156,0.64842,0.67275,0.68772,-0.027368,-0.36849,-15.197,2.0462,-4.1252,-0.55096,0.49414,-2.0298,0.58952,-0.15998,0.48246
11.488,0.16301,2.6985,-0.18059,-0.35061,-0.0978,-0.71518,-0.42582,-0.047485,10.407,-0.69804,2.7623,-1.1055,0.054198,-1.3711,-0.70629,-0.10216,0.35006,11.874,-2.0875,1.2707,0.29277,0.03006,0.48235,-0.59789,-0.19808,-0.43528,-11.59,-2.7147,-1.6238,-0.49212,1.1656,0.96658,0.69852,-0.050518,-0.34599,-14.076,-1.047,-1.0525,0.66672,0.46253,-1.4924,0.58884,-0.11297,0.50308
12.65,0.020846,2.5721,0.091662,-0.29229,-0.17327,-0.71308,-0.43071,-0.037922,11.376,0.49223,2.2779,-0.7624,0.035261,-1.106,-0.70319,-0.15738,0.34009,12.116,-1.1314,0.88612,0.32864,-0.030788,0.68557,-0.60286,-0.19228,-0.43208,-16.002,-8.4976,1.9093,1.0104,0.004986,-0.2282,0.70947,-0.056159,-0.32011,-11.617,-0.54361,1.2161,1.5937,0.29031,-1.1008,0.59116,-0.049121,0.51454
10.792,-0.46874,2.7638,-0.015835,0.072554,0.013605,-0.71085,-0.43283,-0.035958,13.155,0.3981,2.6359,-0.8412,0.13716,-0.8209,-0.69809,-0.19773,0.33126,10.581,-1.1099,1.3368,0.26561,-0.10899,0.54535,-0.60696,-0.18108,-0.43148,-9.3479,-0.92989,-3.1709,0.84462,-0.64797,-0.61464,0.70549,-0.053807,-0.33254,-9.8717,-0.61104,1.0811,1.6469,0.13157,-0.78529,0.58725,0.012016,0.52458
9.3546,-0.1322,3.0012,0.16362,-0.19315,0.10242,-0.71295,-0.43276,-0.033113,10.361,-0.80661,2.1396,-0.63079,0.20679,-1.0451,-0.69289,-0.23415,0.31773,9.2506,-1.2393,1.4093,0.5174,-0.31873,0.21275,-0.6123,-0.17501,-0.42805,-10.912,1.8458,-1.4276,0.2127,-0.047854,-0.83216,0.70249,-0.051393,-0.34025,-9.4385,-1.5405,1.4444,0.84572,0.075058,-0.15161,0.58039,0.043967,0.53326
8.6224,-0.67362,2.7758,-0.090466,-0.13435,0.09625,-0.7152,-0.43056,-0.027894,9.4426,-0.57227,2.8228,-0.77174,0.067067,-1.0394,-0.68174,-0.27206,0.30607,9.6494,-0.43887,0.77801,0.32987,-0.19196,0.043422,-0.61783,-0.18067,-0.41869,-8.3271,2.0477,-0.63333,-0.63947,-0.21425,-0.67191,0.7009,-0.026322,-0.34417,-9.0276,-1.4632,0.13706,0.79611,-0.24692,0.065942,0.5823,0.063012,0.53273
7.9085,-0.84186,1.8144,-0.24635,-0.33213,0.14054,-0.71789,-0.42738,-0.025891,8.0589,-1.3063,2.7308,-0.87193,0.072237,-0.62277,-0.67281,-0.30915,0.29194,8.6926,-0.81242,0.58421,-0.086266,0.010626,0.013031,-0.61819,-0.1795,-0.41836,-9.0388,0.46087,-1.9586,-0.8416,0.053099,-0.47189,0.70195,-0.001019,-0.34859,-8.0961,0.61143,-0.59596,-0.62866,-0.71268,0.084814,0.59321,0.06219,0.52157
8.548,-1.4229,1.3231,0.11068,-0.29694,0.14363,-0.72204,-0.42252,-0.018902,7.619,-1.3843,2.825,-0.68563,0.037983,-0.050145,-0.67161,-0.32891,0.27706,8.3204,-1.2333,0.74235,-0.050071,-0.048198,-0.13204,-0.61707,-0.18237,-0.41848,-9.0472,1.7535,-2.7028,-0.17708,-0.091379,-0.71616,0.70011,0.039247,-0.35319,-8.0111,-2.3621,-0.46063,-1.0645,-0.44204,0.34103,0.60811,0.03267,0.50375
8.5203,-0.94865,1.3558,0.15591,-0.14884,0.11206,-0.72523,-0.41966,-0.01399,7.5389,-1.0945,2.5779,0.16025,-0.004696,0.24056,-0.67332,-0.32743,0.2746,8.0578,-1.4551,0.59066,0.11308,-0.1224,-0.24514,-0.61576,-0.18731,-0.41727,-7.3786,5.3742,-2.7482,0.045523,-0.032977,0.049095,0.69773,0.044251,-0.35773,-6.8935,-4.9758,-2.077,-0.73844,-0.46173,0.29264,0.61797,0.006357,0.49136
9.4054,-0.69373,2.528,0.27458,-0.16442,0.037663,-0.72386,-0.42047,-0.003154,8.3482,0.64731,2.3478,0.61663,-0.086818,0.37545,-0.67592,-0.31792,0.28103,9.418,-1.8019,0.60019,0.11685,-0.14602,-0.29429,-0.61591,-0.19374,-0.41535,-10.201,-0.2013,-2.4988,-0.11168,0.18321,-0.07927,0.69982,0.035255,-0.3518,-7.3735,-5.9482,-1.0197,0.096759,-0.2484,0.22716,0.62203,-0.006121,0.48659
8.6526,-0.66589,2.6344,0.048181,0.13177,-0.043331,-0.72467,-0.42116,-0.000918,8.0119,1.4653,2.6605,0.51512,-0.17387,0.52082,-0.67856,-0.29938,0.293,9.2084,-1.7472,0.5105,-0.069563,-0.033835,-0.26077,-0.61566,-0.20135,-0.413,-7.1145,4.1685,-1.0313,-0.14168,0.11868,0.19997,0.70192,0.035375,-0.34906,-7.7002,-3.9733,-1.4755,-0.10179,-0.02567,0.28166,0.62366,-0.012926,0.48305
8.4526,-0.36083,2.702,0.037066,0.034193,-0.1086,-0.72284,-0.42335,-0.001497,7.809,1.2307,2.5416,0.59017,-0.2619,0.57569,-0.68321,-0.27689,0.30686,8.7068,-2.1486,0.97683,-0.19087,-0.039141,-0.22048,-0.61336,-0.20348,-0.41444,-9.3363,0.27936,-1.8668,-0.38632,0.092036,0.59255,0.70174,0.02448,-0.34778,-7.9026,-3.9867,-1.6582,-0.22048,0.12278,0.28484,0.62321,-0.022323,0.4841
8.0132,-0.23912,2.7889,-0.1288,0.093806,-0.22767,-0.71968,-0.42945,-0.004658,7.4178,1.8343,3.0669,0.55804,-0.34246,0.67336,-0.68819,-0.24574,0.32573,8.5311,-2.0605,1.0827,-0.1885,-0.041642,-0.24967,-0.61281,-0.21083,-0.41346,-7.956,-0.6773,-1.283,0.35763,0.17217,0.40412,0.70476,0.005623,-0.34571,-7.6706,-5.0843,0.090469,-0.33808,-0.089565,0.36056,0.62249,-0.032579,0.48107
8.5788,-0.50958,2.5975,-0.18885,0.012324,-0.25928,-0.71523,-0.43735,-0.008554,7.9579,2.1033,3.069,0.42746,-0.42864,0.78793,-0.68985,-0.21956,0.34281,8.5069,-2.1624,1.0889,-0.32333,0.092879,-0.20982,-0.61104,-0.21213,-0.4182,-9.387,1.4633,-1.7491,0.66815,-0.074815,0.47347,0.70394,-0.017097,-0.34796,-7.4911,-5.2497,0.15281,-0.1825,-0.015722,0.35246,0.62311,-0.046628,0.47827
8.1467,-0.30005,2.9388,-0.33524,0.051379,-0.29889,-0.70837,-0.44534,-0.014618,8.1346,2.2549,3.2968,0.27291,-0.46445,0.81307,-0.68872,-0.19842,0.35545,8.5581,-2.2406,1.2133,-0.41565,0.20081,-0.15495,-0.60586,-0.20724,-0.42719,-7.6885,-0.20603,-0.76807,0.73886,-0.058044,0.58266,0.70311,-0.041759,-0.34769,-7.8944,-4.3803,-0.15041,0.26565,0.088008,0.34134,0.62122,-0.05719,0.48057
8.3257,-0.44837,2.6184,-0.30985,0.084886,-0.25431,-0.70375,-0.45312,-0.0229,8.0539,2.1438,3.2229,0.12765,-0.45335,0.64713,-0.68735,-0.17605,0.37043,8.0318,-2.165,1.1502,-0.52229,0.32206,-0.012768,-0.60144,-0.19907,-0.43868,-8.8202,2.2082,-3.6363,0.34583,-0.14343,0.42625,0.69882,-0.066247,-0.35098,-7.6082,-3.4178,-0.24755,0.33349,0.12718,0.40819,0.61693,-0.05942,0.48483
8.3984,-0.49604,3.2826,-0.34442,0.072795,-0.25244,-0.69793,-0.4608,-0.030869,9.2811,1.9467,3.3413,0.060605,-0.33649,0.42975,-0.68363,-0.16216,0.384,8.7049,-2.5326,1.1815,-0.3536,0.2803,-0.054015,-0.59579,-0.19185,-0.45071,-7.9167,4.3791,-1.9628,0.41231,-0.061004,0.59762,0.69633,-0.087052,-0.35446,-8.6859,-2.9425,-0.16737,0.31267,0.091852,0.59842,0.6134,-0.064935,0.4884
8.0865,-0.52115,2.7727,-0.26932,0.085272,-0.20047,-0.69241,-0.46973,-0.039772,8.3286,1.824,3.1575,0.046506,-0.18378,0.12639,-0.68247,-0.15024,0.39319,7.9757,-1.9893,0.87252,-0.36643,0.28639,-0.038268,-0.58837,-0.18547,-0.46237,-8.7977,-1.1151,-1.3744,0.77731,-0.24316,0.86268,0.69018,-0.12685,-0.35667,-8.0647,-3.4549,0.28986,0.19043,0.060664,0.68328,0.60752,-0.074648,0.49069
10.055,-0.82945,1.8158,-0.12543,0.12873,-0.10365,-0.68934,-0.47547,-0.047197,9.2489,1.7829,3.1216,-0.16453,-0.080272,-0.11926,-0.67778,-0.15396,0.3978,8.385,-2.1865,1.288,-0.47301,0.21287,-0.059649,-0.58341,-0.17927,-0.47328,-7.3447,4.7865,-5.6122,0.69063,-0.23814,0.091569,0.68328,-0.14794,-0.36425,-10.983,-5.3761,-1.7438,0.15404,0.25778,0.64083,0.60289,-0.089439,0.49529
12.668,0.77457,3.0099,0.16711,0.095033,0.003054,-0.68707,-0.4782,-0.046823,13.539,1.9054,3.2408,-0.098901,0.044125,-0.24642,-0.67539,-0.16396,0.39941,12.653,-3.2469,1.1658,-0.3064,-0.027156,-0.32556,-0.57978,-0.17524,-0.47832,-14.007,8.0604,-2.3367,0.014223,-0.16364,1.1961,0.6778,-0.17096,-0.36331,-11.352,-1.5014,-2.9197,1.3498,1.267,0.42212,0.58801,-0.09085,0.51148
11.363,0.43135,2.5352,0.43578,0.088607,0.1036,-0.68609,-0.4806,-0.043575,12.03,1.4852,2.4593,-0.21461,0.30437,-0.59298,-0.67547,-0.17835,0.39539,10.247,-2.8632,2.3401,0.14576,-0.20738,-0.19184,-0.5798,-0.18141,-0.47865,-11.981,2.8971,-2.8304,0.69544,0.52902,1.3975,0.66603,-0.21929,-0.36297,-9.9145,-2.4996,-1.3147,0.041157,0.86864,0.4438,0.56095,-0.085502,0.54022
14.821,2.1661,2.6771,0.40991,-0.66363,0.13822,-0.69036,-0.47966,-0.028845,14.875,0.94498,2.292,-0.27611,0.26942,-0.83322,-0.67315,-0.20601,0.38539,14.234,-3.2955,2.0805,0.5742,-0.49772,0.072335,-0.58668,-0.1892,-0.46879,-14.549,0.42426,-2.0167,-0.42235,-0.012404,1.2203,0.65692,-0.26107,-0.35344,-15.962,-11.405,3.1748,-0.39261,-0.64086,-0.22778,0.55676,-0.084451,0.5466
11.791,1.2423,2.6482,0.013139,0.2389,-0.0234,-0.69164,-0.47941,-0.023043,12.851,1.6073,2.251,-0.16644,0.50146,-0.71222,-0.6722,-0.2352,0.37391,12.627,-1.5259,2.661,0.73396,-0.25535,0.33061,-0.59673,-0.20157,-0.4521,-12.073,0.39394,-3.1821,-0.68387,0.51992,0.92205,0.64153,-0.27941,-0.36596,-8.2817,7.6889,-3.7243,0.84433,0.96458,-0.56179,0.54483,-0.064909,0.56289
10.723,0.71705,2.7709,-0.21773,-0.070901,0.036779,-0.6916,-0.4811,-0.027287,8.6039,0.28173,1.745,-0.20858,0.29969,-0.63652,-0.6724,-0.25867,0.36123,9.6282,-0.39389,2.6741,0.41353,-0.11579,0.78904,-0.60321,-0.19803,-0.44667,-10.006,1.9283,-0.57692,0.091979,0.27657,0.40547,0.64103,-0.29585,-0.35787,-13.712,-1.0821,-4.3326,8.1e-05,0.16415,0.95456,0.53012,-0.063285,0.58031
10.148,0.38181,2.5406,-0.3223,0.35691,0.016478,-0.69266,-0.48179,-0.034907,9.9848,1.1798,2.4939,-0.006107,0.038473,-0.18837,-0.67041,-0.27162,0.3573,11.286,-0.6239,1.7839,-0.046678,0.32988,0.67773,-0.60574,-0.18584,-0.44964,-9.8619,3.059,-0.087682,-0.26955,0.060358,0.22947,0.63704,-0.30261,-0.36056,-9.7926,-2.1322,0.25677,-0.021651,-0.39038,0.90402,0.53216,-0.084638,0.5727
9.4643,0.72126,2.3884,-0.32928,0.3733,-0.022882,-0.69212,-0.4816,-0.052184,9.091,1.3743,1.9061,-0.084152,0.021838,0.13215,-0.67182,-0.27421,0.35714,9.5591,-0.9189,1.9023,-0.23286,0.44058,0.49175,-0.59965,-0.16938,-0.4629,-8.8829,2.8089,-0.30028,-0.61218,0.24163,0.22797,0.63604,-0.30376,-0.3659,-8.2504,-1.8361,-1.0608,-0.083448,0.10439,0.41019,0.53034,-0.098359,0.57366
8.5396,0.5879,2.3955,-0.25772,0.16421,-0.054813,-0.69137,-0.4821,-0.063062,8.7256,1.1668,2.2018,-0.13886,-0.044944,0.18552,-0.67359,-0.27328,0.35585,9.1769,-1.3182,2.2432,-0.006104,0.1645,0.29081,-0.59657,-0.15732,-0.47382,-8.4124,1.4454,-0.11682,-0.75102,0.056697,0.19197,0.6349,-0.30015,-0.37328,-9.9293,-1.7334,-2.5378,0.10302,0.2322,0.55151,0.52485,-0.10783,0.57788
8.449,0.38086,2.4829,-0.13874,0.059517,-0.045092,-0.68972,-0.48444,-0.072162,8.8763,1.2237,1.9746,-0.074458,0.034372,0.16054,-0.67556,-0.27051,0.35816,9.0353,-0.88921,1.7251,0.16336,0.044651,0.13357,-0.59581,-0.14906,-0.48101,-8.2839,2.4963,-0.30291,-0.58266,-0.11265,0.069232,0.63319,-0.28932,-0.38222,-8.8373,-2.9654,-1.97,-0.27751,-0.13114,0.574,0.52053,-0.13271,0.57589
8.7783,0.71873,2.5473,-0.065812,-0.030715,-0.060973,-0.69003,-0.48698,-0.073088,8.8263,1.3869,1.8243,0.097807,0.071201,0.14954,-0.67776,-0.26737,0.35642,9.1111,-0.89405,1.5185,0.035491,0.1306,0.017041,-0.59449,-0.14882,-0.48469,-8.6108,2.1504,-0.36911,-0.32133,-0.2203,-0.056862,0.63015,-0.28432,-0.39335,-8.7451,-1.9226,-1.2934,0.089624,-0.07901,0.38615,0.52138,-0.14486,0.57293
8.9116,0.87813,3.176,-0.16642,-0.066264,-0.10833,-0.68606,-0.48996,-0.073312,8.9139,1.7114,1.9041,0.065757,-0.009979,0.15566,-0.68069,-0.26549,0.35779,9.3235,-1.2255,1.5935,-0.17242,0.16006,-0.10852,-0.59115,-0.15331,-0.48539,-8.851,1.9661,-1.3489,0.28883,-0.17525,-0.092759,0.62631,-0.28489,-0.39996,-8.7925,-2.7998,-2.4169,0.31982,0.15228,0.25602,0.51498,-0.14142,0.57932
8.6804,0.64431,2.8296,-0.30032,-0.073014,-0.13589,-0.68402,-0.4927,-0.077471,8.5508,1.756,1.7125,-0.14332,-0.13653,0.21178,-0.68154,-0.26205,0.35949,8.9583,-1.3742,1.6395,-0.25473,0.11587,-0.17771,-0.58774,-0.15159,-0.48976,-8.1169,2.9735,-1.2902,0.57972,-0.17431,-0.27873,0.62569,-0.28796,-0.3967,-9.0614,-2.4557,-2.1964,0.17663,0.18358,0.10021,0.5102,-0.1396,0.58477
8.4364,0.82584,2.3813,-0.12236,0.008981,-0.1324,-0.68172,-0.49678,-0.079215,8.6304,1.6287,1.9652,-0.15139,-0.1882,0.26848,-0.68246,-0.25877,0.36223,8.4758,-1.372,1.7397,-0.24468,0.094744,-0.23087,-0.58275,-0.15276,-0.49509,-7.5199,4.1485,-2.0221,0.50604,-0.38051,-0.30558,0.62341,-0.2884,-0.40071,-9.0151,-1.5891,-2.3128,0.28944,0.13004,0.22343,0.50468,-0.13704,0.59069
8.1212,0.6337,2.8999,-0.098748,0.069573,-0.081563,-0.67912,-0.49953,-0.082821,8.5132,1.6163,2.0106,-0.12637,-0.17399,0.28434,-0.68163,-0.2528,0.36658,7.7303,-1.4459,1.7419,-0.39628,0.058856,-0.31436,-0.57999,-0.14856,-0.50231,-7.6488,3.4622,-1.1838,0.18063,-0.23217,-0.37614,0.62443,-0.28328,-0.40308,-7.6552,-4.1088,-1.2211,0.57215,0.19714,0.011945,0.50308,-0.12467,0.59567
8.1646,0.3371,2.8834,0.025548,0.017217,0.028263,-0.67994,-0.49971,-0.085778,8.6507,1.5988,2.111,-0.046677,-0.10469,0.23517,-0.68311,-0.24899,0.36877,7.4728,-1.9205,1.7585,-0.40407,-0.057186,-0.44102,-0.57655,-0.14916,-0.50611,-6.6675,3.9196,-2.0422,-0.11519,-0.26583,-0.5052,0.62439,-0.27119,-0.40992,-8.8188,-1.3255,-1.054,0.085518,0.26395,-0.24106,0.49778,-0.11234,0.60283
7.9034,0.41951,3.1803,0.14656,0.021078,0.11413,-0.67974,-0.50051,-0.084567,8.3633,1.4787,2.393,0.034296,-0.031507,0.14146,-0.68237,-0.24645,0.37097,7.4296,-2.4673,2.1292,-0.24925,-0.2661,-0.61886,-0.57618,-0.15526,-0.50118,-6.1956,2.2268,-2.0009,0.60352,-0.096273,-0.57139,0.62832,-0.26583,-0.40938,-7.6514,-2.372,-0.24546,-0.33066,-0.048104,-0.24441,0.49589,-0.111,0.60722
8.135,0.30084,2.7486,0.33471,0.019647,0.18005,-0.6816,-0.49767,-0.079604,8.2626,1.4018,2.2438,0.21317,0.055714,0.035497,-0.68246,-0.24241,0.36985,7.71,-2.6974,2.3428,-0.026654,-0.39064,-0.71772,-0.57923,-0.16638,-0.49478,-8.6179,3.1732,-1.1205,0.42906,-0.26487,-0.8458,0.63493,-0.25323,-0.40557,-9.225,-1.7677,-2.2272,-0.069392,-0.062007,-0.38649,0.49685,-0.10744,0.60693
9.9348,0.51593,2.6104,-0.15819,-0.13981,-0.08402,-0.70842,-0.39342,0.018046,8.2381,0.48388,2.0738,-1.2539,0.050411,0.42931,-0.67493,0.028097,0.26807,8.8003,-2.4114,2.0482,-0.07114,-0.30831,-0.54193,-0.60004,-0.28265,-0.38464,-11.593,3.9902,-3.1583,-0.83937,-0.30783,-0.72579,0.66585,0.085975,-0.36126,-9.0257,2.0434,-0.096802,-1.1397,0.074029,0.60137,0.60651,0.00037638,0.46669
8.6278,1.4345,2.5238,-0.31334,-0.11556,-0.16603,-0.72153,-0.38661,0.037136,8.6868,0.40419,2.0849,-1.105,0.0029158,0.4755,-0.69553,0.042902,0.29757,8.0987,-2.5562,2.2792,-0.078135,-0.24831,-0.29146,-0.58305,-0.28878,-0.36318,-16.007,3.3915,-1.4349,-0.1735,-0.29388,-0.69839,0.68334,0.085796,-0.37498,-8.0878,-1.0414,-1.3126,-0.75799,-0.25425,0.44534,0.63846,0.041031,0.46305
7.8635,2.0615,2.1998,-0.50305,-0.085326,-0.22289,-0.73219,-0.40956,0.043173,8.4021,-0.83389,1.5692,-0.77535,-0.082876,0.51151,-0.68887,0.063065,0.30638,8.0895,-2.7574,2.1521,0.1181,-0.19348,-0.15068,-0.60636,-0.2553,-0.36494,-9.3496,2.8513,-0.64937,0.025274,-0.28444,-0.68512,0.67907,0.035527,-0.36396,-8.0248,-0.55838,-0.9211,-0.55911,-0.70356,0.32943,0.62054,0.059794,0.43911
8.5149,2.183,3.0933,-0.48261,-0.023236,-0.2466,-0.72224,-0.41316,0.033777,8.246,-0.56049,1.5757,-0.83286,-0.16019,0.44602,-0.6952,0.034569,0.32253,8.2696,-3.1309,2.4045,0.10562,-0.11234,-0.20204,-0.58192,-0.23536,-0.3703,-10.913,4.0769,-1.9512,-0.12383,-0.21955,-0.86282,0.68331,0.026928,-0.36973,-6.8955,-0.6235,-1.0277,0.64253,-0.44498,0.35938,0.62122,0.05369,0.43212
8.5629,1.2388,3.4224,-0.52625,0.073709,-0.25396,-0.7117,-0.41521,0.016777,8.3339,-1.3111,1.6862,-0.61856,-0.25032,0.29675,-0.68414,0.029122,0.34703,10.253,-2.8149,2.4478,-0.071338,0.031896,-0.26088,-0.58961,-0.24653,-0.37985,-8.321,3.4846,-2.6999,-0.15287,0.062981,-0.2609,0.6761,0.0093704,-0.36802,-7.3853,-1.5586,-1.0961,1.6053,-0.46371,0.19817,0.62439,0.014048,0.44443
8.2141,0.55958,3.4206,-0.36107,0.28196,-0.17776,-0.71735,-0.42335,0.018704,8.6302,-1.3719,1.9926,-0.77862,-0.33806,0.17028,-0.66167,0.006181,0.34686,11.538,-3.0652,2.4152,-0.19968,0.20845,-0.15451,-0.58794,-0.24221,-0.38067,-9.0191,-2.7093,-2.7441,-0.39204,0.14488,0.67332,0.67351,-0.019994,-0.38967,-7.7076,-1.461,-1.3084,1.6435,-0.22489,0.29013,0.62677,0.0054275,0.43244
8.457,0.41976,3.0883,-0.39546,0.40085,-0.097962,-0.73768,-0.41331,0.013146,8.6188,-1.1155,2.579,-0.85127,-0.44194,0.11317,-0.68702,-0.031692,0.37815,12.563,-2.943,2.0935,-0.18054,0.28955,0.033983,-0.593,-0.24268,-0.37805,-9.0483,-8.4877,-2.4807,0.35054,-0.12076,0.96023,0.67682,-0.019205,-0.38011,-7.9072,0.61513,-1.6372,0.86228,-0.033076,0.48796,0.62333,-0.025686,0.43329
8.5058,0.74685,2.9502,-0.1631,0.51934,-0.06194,-0.7158,-0.42473,-0.0046684,8.5632,0.64041,2.7621,-0.70391,-0.46907,0.08419,-0.67544,-0.10998,0.3865,16.314,-1.8562,1.8879,-0.30943,0.25325,0.1432,-0.57949,-0.23771,-0.39125,-7.3996,-0.92473,-1.0145,0.66792,-0.079491,-0.2418,0.67459,0.0056663,-0.38245,-7.671,-2.3706,-0.43761,0.79583,0.13109,0.85906,0.61706,0.0027473,0.43113
7.9516,1.2452,3.258,0.11106,0.39037,-0.011158,-0.72654,-0.42728,-0.035613,9.2373,1.4675,2.7105,0.18396,-0.45985,-0.003757,-0.68117,-0.15279,0.38586,11.902,0.85925,1.5716,-0.42828,0.057355,0.19153,-0.58939,-0.26449,-0.41934,-10.217,1.8342,-1.8779,0.74634,-0.34858,-0.59864,0.67549,-0.008118,-0.37381,-7.4924,-4.9719,0.016078,-0.63888,-0.091681,0.59006,0.60624,-0.030331,0.44025
8.007,1.1422,3.274,-0.0087657,0.25095,0.10309,-0.73515,-0.41995,-0.030641,8.9018,1.2246,2.4005,0.62557,-0.3335,-0.19329,-0.68879,-0.20782,0.40587,11.579,0.2736,0.80334,-0.5118,0.24245,0.15778,-0.60606,-0.25058,-0.40425,-7.1213,2.0473,-1.2748,0.35749,-0.46806,-0.82472,0.6943,-0.022753,-0.39752,-7.876,-5.9549,-0.85497,-1.0627,-0.016498,0.52625,0.59002,-0.029491,0.41602
8.2563,0.62859,3.8589,0.15675,0.27138,0.17916,-0.72403,-0.43269,-0.053602,8.9336,1.8218,2.6663,0.51745,-0.1821,-0.46643,-0.66421,-0.23378,0.40231,9.4603,-0.063325,1.2717,-0.37098,0.029015,0.1384,-0.61766,-0.25935,-0.443,-9.349,0.44954,-1.7481,0.41218,-0.12866,-0.67534,0.6743,-0.078547,-0.3848,-7.6224,-3.9736,0.58804,-0.7401,0.10428,0.21749,0.60644,-0.041295,0.39847
8.7561,0.15276,4.3357,-0.08387,0.31378,0.19365,-0.7228,-0.41567,-0.060248,9.4249,2.1135,2.7006,0.61514,-0.076598,-1.1264,-0.68798,-0.28613,0.38614,8.3126,-0.44557,0.87867,-0.38696,-0.041869,0.054975,-0.62571,-0.23123,-0.43933,-7.9523,1.7479,-0.76455,0.77248,-0.16878,-0.46187,0.6866,-0.16693,-0.38598,-8.6859,-3.9695,0.76135,0.088963,0.11797,-0.52724,0.59451,-0.052224,0.43335
8.3566,0.048153,3.8646,-0.25501,0.3524,0.1113,-0.74666,-0.39804,-0.044834,13.715,2.2557,2.8588,0.56089,0.050401,-1.3941,-0.6838,-0.29833,0.37873,8.663,-0.87129,1.3551,-0.46308,-0.11681,0.034705,-0.62967,-0.26035,-0.43217,-9.3875,5.3849,-3.6355,0.69091,-0.24723,-0.70938,0.65456,-0.17324,-0.39342,-8.0756,-5.1015,0.30997,-0.093287,0.077836,0.019392,0.57332,-0.071429,0.4479
9.2217,0.51967,4.1359,0.11982,0.011298,0.11403,-0.74121,-0.4102,-0.038617,11.583,2.1354,2.3619,0.41555,0.31215,-1.1038,-0.65977,-0.32768,0.38365,8.7286,-0.8212,1.4127,-0.29372,-0.32323,-0.0889,-0.6387,-0.25526,-0.43726,-7.6983,-0.21573,-1.9487,0.014482,0.32789,0.048326,0.67263,-0.15627,-0.39319,-10.985,-5.2508,-2.555,-0.21216,0.057217,0.73842,0.55315,-0.08039,0.45757
8.9057,0.66171,2.1774,0.1608,0.33881,0.13878,-0.7246,-0.41323,-0.026883,10.417,1.9618,2.4904,0.26955,0.26694,-0.80936,-0.67305,-0.32941,0.36059,8.7567,-1.006,0.80038,0.14361,-0.19606,-0.18808,-0.64132,-0.23278,-0.43726,-8.813,4.1607,-1.3763,0.68256,0.55516,-0.065089,0.66075,-0.16409,-0.41225,-11.345,-4.3855,-0.023897,-0.34929,0.25839,0.90944,0.54601,-0.077287,0.46278
7.842,0.77653,3.1005,0.25643,0.23433,0.15248,-0.71095,-0.40074,-0.037843,11.363,1.808,3.2896,0.13896,0.51111,-1.0437,-0.68869,-0.308,0.36445,8.6635,-1.6046,0.5848,0.58159,0.0055794,-0.029224,-0.63188,-0.21961,-0.42445,-7.9135,0.28241,-5.6091,-0.44122,0.64699,0.20241,0.65965,-0.17341,-0.39734,-9.9217,-3.4005,-2.5989,-0.17267,1.2657,0.52871,0.5627,-0.088952,0.50442
7.4076,0.92922,2.2019,0.047328,0.11938,0.14706,-0.70728,-0.43153,-0.033179,13.158,1.7741,2.7423,0.054946,0.30218,-1.0229,-0.6781,-0.30028,0.34405,8.2296,-1.6479,0.736,0.74206,-0.040539,0.37651,-0.6304,-0.19922,-0.4271,-8.7938,-0.6629,-2.3339,-0.68843,1.1559,0.58983,0.65374,-0.14496,-0.37614,-15.976,-2.9428,-2.8576,0.2728,0.87439,0.61121,0.53088,-0.087875,0.49099
10.392,0.44637,2.6903,0.032331,-0.026428,0.098638,-0.73,-0.42217,-0.023969,10.364,1.9098,2.2645,0.058447,0.010593,-0.61672,-0.6682,-0.27196,0.34998,7.9748,-1.8678,0.58805,0.40004,-0.12317,0.73491,-0.62271,-0.21605,-0.44168,-7.3465,1.468,-2.8275,0.1032,-0.0017901,0.39951,0.66218,-0.1161,-0.37677,-8.2942,-3.4568,1.3601,0.32817,-0.64875,0.56091,0.54167,-0.087022,0.46486
12.47,0.66692,2.5792,-0.12156,-0.23185,0.03125,-0.72607,-0.40611,-0.020091,9.4434,1.4991,2.6375,-0.15965,0.023388,-0.06107,-0.67253,-0.24283,0.36541,7.7464,-2.1258,0.59265,-0.05579,-0.13833,0.83183,-0.60898,-0.20815,-0.40597,-14.015,-0.22161,-2.0219,-0.26959,-0.65088,0.47861,0.66812,-0.13915,-0.33477,-13.721,-5.3661,-5.9934,0.32738,0.98329,0.25243,0.54377,-0.087166,0.47528
11.991,1.1727,2.7789,-0.20807,-0.18144,0.032648,-0.73201,-0.41196,-6.7323e-05,8.058,0.92794,2.1497,-0.090513,-0.030432,0.24513,-0.65257,-0.21494,0.35837,8.0946,-2.2308,0.5008,-0.24037,-0.045185,1.0583,-0.63019,-0.22043,-0.40939,-11.971,2.2128,-3.1602,-0.61712,-0.054728,0.57633,0.68035,-0.1383,-0.32992,-9.781,-1.502,-0.68361,0.18881,0.17445,0.20738,0.52762,-0.067557,0.48189
11.482,0.38662,2.9985,-0.35145,-0.11626,0.046931,-0.69939,-0.39716,0.0047066,7.6112,1.6065,2.8384,-0.2141,0.032661,0.36804,-0.70056,-0.20338,0.3714,8.5968,-2.4096,0.95543,-0.0072251,-0.038664,0.85523,-0.63144,-0.21813,-0.41728,-14.549,4.3922,-0.57486,-0.73766,-0.21946,0.42449,0.66713,-0.11656,-0.33727,-8.2489,-2.4995,-1.8102,0.17145,-0.4037,0.16345,0.51915,-0.066176,0.50919
12.668,0.31851,2.7704,-0.32782,-0.067223,-0.03225,-0.7022,-0.40083,0.014936,7.5276,0.27836,2.7335,-0.28495,0.075695,0.52249,-0.68017,-0.16815,0.35389,9.0998,-2.4677,1.0756,0.16877,-0.043785,0.45612,-0.62906,-0.20092,-0.42668,-12.072,-1.1168,-0.090619,-0.58454,0.049232,0.57978,0.65297,-0.14254,-0.32216,-9.9232,-11.398,-0.69375,1.3415,0.10443,-0.046933,0.54709,-0.077805,0.47627
10.784,-0.53503,1.8219,-0.35965,-0.056594,0.025546,-0.70239,-0.41857,0.0025966,8.3531,1.1848,2.8413,-0.1572,-0.0081798,0.58591,-0.66842,-0.17632,0.35909,9.0569,-2.5349,1.0807,0.034468,0.11412,0.14928,-0.62172,-0.21035,-0.40124,-9.9925,4.7903,-0.29482,-0.32185,-0.094091,0.85861,0.65672,-0.16227,-0.34033,-8.8453,7.7038,-1.2178,0.053926,0.23287,-0.25769,0.54236,-0.10235,0.50635
9.3678,-1.1358,1.3248,-0.25685,-0.12432,0.05059,-0.73311,-0.40163,-0.0085189,8.0023,1.3872,2.5828,-0.19288,-0.13564,0.67836,-0.67216,-0.17649,0.34652,9.9111,-2.3945,1.2111,-0.1812,0.19824,-0.089006,-0.62064,-0.22109,-0.41174,-9.8441,8.0556,-0.11513,0.27612,-0.050657,0.085043,0.65743,-0.16883,-0.32641,-8.7596,-1.0781,-2.9461,-0.38454,-0.12056,-0.24655,0.56149,-0.096671,0.50103
8.6316,-1.0893,1.3615,-0.1215,-0.097323,0.066319,-0.71568,-0.40192,0.010179,7.7933,1.1848,2.3354,-0.0050543,-0.18066,0.79059,-0.69491,-0.14604,0.36913,8.7778,-2.3453,1.1522,-0.25212,0.31572,-0.10703,-0.61846,-0.25248,-0.42847,-8.8734,2.9151,-0.30987,0.57046,0.1942,1.1713,0.67222,-0.17432,-0.35357,-8.7987,-2.1287,-2.1326,0.84008,-0.076716,-0.28075,0.54843,-0.12085,0.4861
