6.6204,-0.44475,3.0093,-0.1034,0.30123,-0.28191,-0.50701,-0.61629,0.1263,6.7597,4.0194,3.1256,0.96721,-0.20478,0.44647,-0.53586,-0.33592,0.55798,6.7727,-3.8499,1.5718,-0.26006,0.54102,0.15609,-0.55155,-0.34087,-0.46303,-7.751,0.62511,-0.8003,0.032609,0.072142,0.26429,0.50702,0.25371,-0.61767,-7.5216,-4.7366,-0.86909,-0.9995,0.27111,0.53773,0.53228,-0.15702,0.63236
6.8356,-0.53626,3.2341,-0.13037,-0.001262,-0.26785,-0.49985,-0.62311,0.12241,5.9752,4.4714,2.4546,0.18897,-0.21955,0.16194,-0.53939,-0.309,0.57359,6.437,-3.7592,0.75345,-0.022631,0.41986,0.16753,-0.5455,-0.33892,-0.47644,-9.3171,2.6328,-1.8392,-0.51451,0.065671,0.27168,0.51698,0.25357,-0.61058,-7.5919,-6.4689,-0.90482,-0.84529,0.16787,0.19124,0.52082,-0.20069,0.63022
8.2509,-0.56307,3.3938,0.04547,-0.12379,-0.25052,-0.49356,-0.62886,0.1269,7.1104,4.3919,2.3106,-0.27958,-0.31974,0.02318,-0.53499,-0.30989,0.57898,7.7788,-4.5422,0.37425,-0.07533,0.37165,0.097906,-0.54081,-0.3358,-0.48734,-7.9204,-0.99769,-0.20181,-0.32805,-0.18441,0.15894,0.52079,0.25655,-0.60824,-8.4573,-5.4108,0.96559,-0.47076,-0.018164,0.31065,0.51951,-0.22436,0.62572
7.7166,-0.11401,3.3107,0.099101,0.28283,-0.23674,-0.48997,-0.63437,0.1276,7.4195,3.4143,2.4392,-0.36121,-0.29889,-0.23042,-0.52557,-0.32519,0.57939,6.7317,-4.9255,0.42373,0.026004,0.35822,0.16302,-0.53794,-0.33112,-0.49466,-7.3146,-0.16634,-1.1958,-0.29656,-0.19974,0.14393,0.51589,0.26515,-0.61321,-7.8871,-4.9059,1.0737,-0.39992,0.02173,0.15309,0.51899,-0.23375,0.62048
6.9265,-0.056566,3.499,0.067437,0.45935,-0.24764,-0.48647,-0.64072,0.1216,7.5321,1.955,3.352,-0.26461,-0.19859,-0.34273,-0.51383,-0.33884,0.58192,6.4512,-3.6921,1.1436,0.34726,0.26268,0.2321,-0.53646,-0.33227,-0.50014,-8.5192,2.1268,-0.22474,0.21598,-0.21743,-0.003838,0.51414,0.26653,-0.61622,-8.2363,-3.6822,1.8852,-0.34263,0.058268,-0.089089,0.5184,-0.24369,0.61935
6.9261,-0.25582,3.3112,0.13888,0.29363,-0.19577,-0.48151,-0.64614,0.11827,7.8104,1.237,3.9264,0.13973,0.10286,-0.26268,-0.51297,-0.34678,0.58211,6.7373,-2.9361,1.1495,0.20842,0.25137,0.12521,-0.53584,-0.3347,-0.50253,-8.8205,4.2163,0.1195,0.65228,-0.075294,-0.17707,0.51103,0.25822,-0.62655,-7.0454,-2.1241,-0.99591,-0.19433,0.24571,-0.14492,0.51918,-0.25105,0.61643
9.0577,0.25722,4.114,0.22619,-0.083635,-0.12992,-0.48004,-0.65009,0.12362,8.5685,2.1788,3.1772,0.64577,0.23505,-0.2748,-0.5144,-0.34309,0.58723,7.5095,-3.9685,0.69267,-0.10391,0.28432,0.13918,-0.53321,-0.33396,-0.50974,-11.908,4.8492,0.041787,0.68703,-0.23918,0.044377,0.50994,0.23722,-0.63829,-10.941,-2.1313,-2.3016,-1.2754,-0.0424,0.58747,0.51854,-0.28333,0.6053
11.494,1.7633,4.1795,0.44042,-0.39655,-0.003959,-0.47685,-0.65237,0.14192,13.049,4.5829,0.28261,0.64257,0.12737,-0.053799,-0.518,-0.33019,0.59193,11.94,-4.399,0.81619,-0.50392,0.30509,-0.01989,-0.53145,-0.32781,-0.51951,-15.966,2.864,-2.4831,-0.66912,-1.0114,1.0815,0.49925,0.22672,-0.65432,-12.803,-5.0304,-1.6164,0.001424,-0.014339,0.1242,0.50988,-0.30125,0.60548
14.182,3.2072,4.4778,0.46715,-0.10645,0.20309,-0.47967,-0.64883,0.15837,14.148,4.4531,-1.4414,-0.4701,-0.089276,0.007691,-0.52227,-0.32772,0.5941,12.68,-5.5001,3.3402,-0.573,0.2537,0.15132,-0.52692,-0.31289,-0.53337,-14.402,-2.5847,-3.4059,-1.0759,-0.41932,1.1144,0.49329,0.22733,-0.66212,-12.226,-4.4865,-2.0159,-0.68671,0.69133,0.057055,0.49928,-0.31918,0.6038
15.047,3.8917,5.6973,0.37326,-0.064036,0.12999,-0.48491,-0.64537,0.17367,17.864,2.4767,1.0364,1.6969,0.098128,-0.10654,-0.51838,-0.31428,0.60433,18.003,-4.3352,7.251,0.14663,-0.33648,0.059732,-0.53268,-0.30848,-0.53155,-16.717,-2.9484,-1.0965,-1.4853,-0.013838,0.64962,0.49552,0.24864,-0.65556,-9.0802,6.9446,1.3842,-2.1852,-0.93242,-0.48921,0.5141,-0.31403,0.59903
13.57,3.1953,4.9953,0.47579,0.17551,-0.031612,-0.48835,-0.63988,0.1835,13.262,6.7291,3.1123,3.5386,0.72767,-0.2725,-0.52924,-0.2434,0.62852,13.45,-4.7834,4.7989,0.60658,-0.27725,0.11298,-0.54144,-0.31797,-0.52005,-11.596,-2.8197,1.6767,-1.8843,-0.098465,0.59605,0.50033,0.28206,-0.64036,-18.156,12.597,-7.2535,0.15919,1.0378,0.49698,0.48244,-0.31378,0.62541
11.012,2.5208,4.6806,0.43535,0.33009,-0.10467,-0.48884,-0.63914,0.19426,9.6105,7.6319,0.54735,0.94466,0.35848,0.017535,-0.54142,-0.19389,0.63516,10.747,-5.6823,2.1381,0.20791,-0.23918,0.35733,-0.55051,-0.31796,-0.51206,-9.9167,-3.6265,2.5515,-1.1684,-0.000219,-0.063419,0.49958,0.31868,-0.62517,-11.783,-3.5902,-2.5961,-0.41551,-0.4206,0.98757,0.47511,-0.34928,0.6104
9.0346,1.6359,3.9363,-0.014046,0.42135,0.11476,-0.49179,-0.63806,0.19296,8.3114,5.4129,-0.25078,-1.0973,-0.3624,0.59372,-0.54373,-0.19696,0.63458,8.0523,-5.734,2.0395,0.36025,-0.15504,0.49469,-0.56174,-0.31209,-0.50758,-9.8308,0.27001,3.2692,-0.44379,0.13962,-0.27863,0.49669,0.34289,-0.61465,-8.6184,-2.4093,-0.63487,0.74807,-0.076443,0.82728,0.47113,-0.3534,0.61177
7.082,0.97465,2.7833,0.11067,0.35384,0.15416,-0.49603,-0.63483,0.18738,7.5448,4.9245,0.49316,-1.6461,-0.72,0.48768,-0.53643,-0.21474,0.63594,7.8677,-3.5661,2.6053,1.2548,-0.1938,0.358,-0.57026,-0.32023,-0.49114,-8.2018,-0.03723,2.9721,-0.50148,-0.10358,0.52339,0.50068,0.34964,-0.60963,-8.7402,1.1709,-1.2099,0.22274,0.60146,0.5897,0.45259,-0.35977,0.62017
6.9163,0.62015,2.8543,-0.001466,-0.019024,0.097222,-0.5017,-0.63445,0.1844,6.6061,3.3581,1.5543,-1.2283,-0.63891,0.17843,-0.5216,-0.24613,0.6363,7.3971,-1.5227,1.7461,1.7322,-0.21431,0.13602,-0.57812,-0.34751,-0.46668,-7.9215,-0.13394,1.2525,-0.26322,0.014859,0.72266,0.50945,0.3442,-0.60718,-8.7382,-1.9203,-1.502,-0.3821,0.15042,0.64075,0.43712,-0.37739,0.62258
7.4253,1.3184,3.2059,0.1505,-0.43638,0.04642,-0.50156,-0.63287,0.19215,7.2105,2.7639,1.1082,-0.99747,-0.41969,-0.005466,-0.50972,-0.27314,0.63513,7.9101,-0.63567,1.2397,1.2797,-0.19361,-0.072649,-0.5836,-0.37539,-0.4417,-8.0273,0.090787,1.2051,-0.023209,-0.049779,0.5105,0.51774,0.33282,-0.60575,-8.9213,-4.0266,-1.2493,0.30277,0.080705,0.56641,0.42524,-0.38809,0.6242
8.7397,1.8492,3.0402,0.19402,-0.49688,-0.057999,-0.5002,-0.63152,0.20825,8.626,2.1446,0.30241,-0.60253,-0.23796,-0.034289,-0.49533,-0.31851,0.62737,8.9992,-0.57296,1.1231,0.34368,-0.13396,-0.36473,-0.58257,-0.39526,-0.42606,-8.3445,0.67518,1.0181,-0.11291,0.091281,0.43218,0.52424,0.32112,-0.60874,-9.5156,-1.389,-0.7369,0.46281,0.37275,0.39448,0.40654,-0.37251,0.64518
9.7242,2.2178,3.3634,0.17396,-0.21789,-0.14847,-0.49541,-0.63337,0.21924,9.6424,2.8158,0.34816,0.45589,-0.075564,-0.03654,-0.49257,-0.31897,0.63074,9.4293,-1.7129,1.9122,-0.63216,-0.021342,-0.46454,-0.57652,-0.40033,-0.42722,-9.299,0.81763,1.914,0.011363,0.096905,0.42704,0.53314,0.31003,-0.60525,-10.487,0.011217,-0.43583,-0.062292,0.092364,0.4395,0.39422,-0.37268,0.65136
9.5747,2.3433,3.7659,0.10433,-0.018505,-0.16127,-0.4876,-0.63715,0.22535,10.007,3.3683,1.3662,0.8491,-0.028588,0.044222,-0.49556,-0.29058,0.63994,9.2998,-3.4867,3.0168,-1.1401,0.063023,-0.40865,-0.56973,-0.39547,-0.44093,-9.9161,1.6853,1.8406,0.13988,0.000103,0.22186,0.53752,0.30707,-0.60428,-9.4254,-0.81154,-1.5255,-0.25991,0.12202,0.40264,0.39029,-0.3924,0.64349
8.6574,2.1361,3.7054,0.034899,0.063827,-0.11987,-0.48628,-0.63946,0.22555,9.2055,3.7391,1.9146,0.88401,0.020733,0.1615,-0.49718,-0.26503,0.65016,8.5025,-4.5924,3.1119,-0.65479,0.002593,-0.3114,-0.56384,-0.38687,-0.45503,-9.3062,2.3236,2.1972,0.33073,-0.038287,0.17761,0.54119,0.29369,-0.60803,-9.8748,-0.81702,-1.4958,-0.027149,0.022736,0.45136,0.38077,-0.40217,0.64209
8.3803,1.8936,3.7912,-0.040988,-0.042628,-0.070301,-0.48346,-0.64224,0.2241,8.372,4.9599,1.1594,0.2813,-0.07268,0.20154,-0.5,-0.24677,0.65584,8.0151,-4.3977,2.8567,-0.24497,-0.040201,-0.27934,-0.55965,-0.38621,-0.46092,-8.6386,2.6984,1.07,0.23834,-0.074671,0.10058,0.53867,0.28447,-0.61412,-9.2439,0.30822,-1.5941,0.04273,0.0115,0.42365,0.37336,-0.4071,0.644
8.0973,1.7785,3.4974,-0.068043,-0.010908,-0.045897,-0.48309,-0.64318,0.22109,7.9554,4.806,0.91309,-0.33003,-0.23492,0.16204,-0.49527,-0.24865,0.65998,7.53,-4.1838,2.7381,-0.15706,-0.039468,-0.21753,-0.55573,-0.38114,-0.47217,-8.2944,3.5957,0.17576,-0.005852,0.11365,-0.18124,0.53845,0.28259,-0.61375,-8.9668,-4.4977,-1.0198,0.13945,-0.2208,0.35681,0.37085,-0.41045,0.64617
8.0234,1.927,3.55,0.013268,-0.034551,-0.028357,-0.48314,-0.64429,0.22005,8.2182,4.1129,1.3298,-0.31812,-0.15604,0.093117,-0.49138,-0.25844,0.66036,7.3959,-4.1468,2.7745,0.065155,-0.07106,-0.17675,-0.55551,-0.38536,-0.47279,-8.0439,2.8838,0.31659,-0.23323,0.17017,-0.13777,0.54085,0.29008,-0.61123,-8.9004,-0.6215,-1.0381,0.15153,0.038654,-0.01613,0.371,-0.40854,0.64691
8.0075,1.9624,4.0052,-0.042205,-0.00975,0.049002,-0.48369,-0.64491,0.21964,8.1991,3.8925,1.2898,-0.21022,0.017839,-0.016251,-0.49061,-0.26384,0.65691,7.2296,-3.8109,2.7857,0.25762,-0.15341,-0.12019,-0.55556,-0.39491,-0.46146,-8.0532,1.9377,0.61749,0.041186,0.19534,-0.15628,0.54604,0.29437,-0.60424,-8.9337,-2.8335,-0.67121,0.063702,-0.19309,0.14907,0.37042,-0.40677,0.64802
7.5623,1.8734,3.0613,0.044185,0.065074,0.087919,-0.48579,-0.64407,0.22218,7.918,3.0966,1.4448,-0.13688,0.1744,-0.073083,-0.49377,-0.2707,0.65429,6.9077,-3.5662,2.6225,0.38134,-0.21504,-0.017785,-0.55836,-0.40256,-0.4527,-7.3664,1.9483,0.54126,0.53244,0.21282,-0.21968,0.54886,0.29039,-0.60232,-7.8002,-6.0676,-0.048326,0.083904,-0.42355,-0.06454,0.38122,-0.40549,0.64422
6.8077,1.538,3.2399,0.17139,0.19029,0.14767,-0.48927,-0.6409,0.22347,7.3398,3.1481,1.3248,-0.025692,0.33242,-0.16573,-0.50131,-0.27592,0.64692,6.2982,-3.3274,2.5382,0.53697,-0.28805,0.052751,-0.56431,-0.41089,-0.4396,-6.9992,2.711,-0.41239,0.97923,0.19971,-0.24082,0.5521,0.2752,-0.60749,-7.5211,-0.76799,0.56819,-0.15533,-0.25172,-0.6402,0.39822,-0.39906,0.64129
5.6814,1.413,3.417,0.27765,0.28863,0.20383,-0.50089,-0.63416,0.22245,6.4717,3.1794,0.9114,-0.060073,0.44313,-0.22904,-0.50953,-0.28534,0.63804,5.6837,-2.9819,2.5034,0.8088,-0.38075,0.028003,-0.57425,-0.42012,-0.42419,-6.811,3.8368,-0.46985,1.4636,0.35226,-0.11156,0.55929,0.24934,-0.61208,-7.1311,-0.35066,0.31449,-0.58028,-0.42765,-0.48405,0.41648,-0.39281,0.63069
5.5641,1.4464,2.6928,0.28307,0.1131,0.23555,-0.50742,-0.62582,0.22596,5.5424,2.5191,0.61352,-0.20033,0.39581,-0.18038,-0.51973,-0.2925,0.62619,5.3173,-2.2949,2.2243,1.1248,-0.42946,-0.066268,-0.58187,-0.43849,-0.39723,-6.4482,3.3029,0.22817,1.4371,0.44891,-0.1948,0.56983,0.21667,-0.61573,-8.6432,1.4275,-2.0889,-0.31428,-0.19367,-0.51241,0.43403,-0.39789,0.6172
7.5453,1.8701,3.9116,0.098201,-0.23361,0.22429,-0.51275,-0.62237,0.23205,6.9078,2.1489,0.93367,0.27717,0.34086,0.046783,-0.52881,-0.29366,0.61956,6.8189,-2.4957,1.7347,0.94548,-0.47202,-0.226,-0.58862,-0.45921,-0.3678,-7.0569,2.4843,-0.053229,1.0813,0.45121,-0.50027,0.57895,0.19405,-0.61437,-8.6217,-3.3213,-2.5644,0.53286,-0.41012,-0.25346,0.45139,-0.38993,0.61425
8.4197,2.0878,3.293,0.35581,0.1173,0.11467,-0.5172,-0.61708,0.24013,7.9447,3.6338,1.1388,1.1276,0.39237,0.16493,-0.53917,-0.27171,0.61949,8.4617,-2.7367,1.5046,0.3889,-0.42726,-0.18989,-0.59415,-0.47443,-0.34392,-9.4867,1.9017,0.69376,0.74725,0.33825,-0.76933,0.58687,0.1883,-0.61004,-7.45,-1.9938,-1.4132,-0.26615,-0.057399,-0.23704,0.46174,-0.38343,0.61035
7.6517,2.0272,3.3315,0.13926,0.62955,0.11483,-0.52427,-0.61189,0.23811,7.3526,5.406,1.1603,1.5176,0.49425,-0.05101,-0.55306,-0.23365,0.62343,7.9202,-2.7352,2.1834,-0.23442,-0.27413,0.16016,-0.6008,-0.47284,-0.33735,-8.7963,1.2224,0.63335,0.30879,-0.11133,-0.74972,0.58692,0.19588,-0.60929,-8.9818,-4.8359,-0.40854,-0.63584,-0.053976,-0.28414,0.46965,-0.38791,0.60656
9.0388,1.4762,4.9572,-0.12119,0.089932,0.19361,-0.5344,-0.60943,0.23034,7.8314,5.9023,1.2821,1.1806,0.50394,-0.21964,-0.56699,-0.20441,0.62265,9.1679,-3.097,2.6853,-0.21262,-0.28705,0.30796,-0.61461,-0.46302,-0.33472,-12.883,6.277,-1.6297,0.81625,0.27166,0.12143,0.58868,0.20803,-0.60439,-11.008,-7.2789,0.31996,-0.6509,-0.17781,-0.75514,0.48167,-0.3925,0.5898
12.466,1.279,4.7955,-0.04101,-0.43563,0.29297,-0.53839,-0.60253,0.23961,13.189,6.1434,0.92726,1.275,0.34746,-0.061138,-0.57905,-0.17857,0.62023,15.118,-3.112,2.4677,0.10775,0.019167,-0.10358,-0.62027,-0.4595,-0.33337,-16.865,3.4184,3.9871,-0.38741,0.49169,-0.14996,0.60257,0.22908,-0.58492,-16.354,-3.2275,-6.2425,1.4756,0.2634,-1.1777,0.50424,-0.35313,0.60213
14.532,-0.30646,4.4278,-0.66982,-0.066684,0.38915,-0.54602,-0.59915,0.23456,15.557,7.4723,4.2284,-0.051029,-0.066521,0.10209,-0.5835,-0.15761,0.62012,15.058,-2.8972,-1.7418,-0.39732,-0.084283,-0.13078,-0.62211,-0.45903,-0.33534,-14.563,-6.3294,-1.0271,1.1093,0.25584,-0.25087,0.61136,0.2256,-0.58145,-17.492,1.7974,-6.3378,1.2102,0.11131,-1.3514,0.52207,-0.29854,0.61583
16.207,-1.2452,6.1278,-0.9144,0.038299,0.48161,-0.55957,-0.5971,0.20902,15.285,5.179,5.6839,-2.4704,-1.0525,-0.16187,-0.56732,-0.20412,0.62134,16.291,-4.0334,0.037248,-1.1238,-0.064738,0.0806,-0.62546,-0.44599,-0.35004,-15.265,-0.22714,-3.1708,0.42445,-0.47539,-0.42868,0.60739,0.21772,-0.58965,-15.827,4.1653,-0.051765,1.2969,0.26513,-1.1641,0.52914,-0.24106,0.6384
12.581,0.46963,5.0596,-0.42551,0.33086,0.018289,-0.56666,-0.59658,0.19164,13.52,4.172,3.4475,-1.8076,-0.55098,-0.51639,-0.54354,-0.27001,0.61717,14.823,-5.3759,1.2998,-0.60841,0.29072,-0.14209,-0.62426,-0.43306,-0.37096,-10.924,-4.4797,-2.4038,0.59614,0.10643,-0.91532,0.59809,0.22082,-0.5994,-11.859,1.8745,2.5411,1.4591,0.18338,-0.78953,0.53591,-0.17538,0.65464
9.1381,1.5014,4.0108,-0.27891,0.1719,-0.33413,-0.56195,-0.60384,0.17608,8.0124,5.0622,0.06437,-0.98621,-0.076314,-0.82299,-0.53002,-0.32069,0.60651,10.61,-2.462,2.0067,-0.33728,0.18596,-0.15794,-0.61199,-0.43569,-0.38468,-12.416,1.5518,-0.90252,-0.026932,-0.69806,-0.71667,0.58306,0.23527,-0.60726,-9.0402,2.8136,3.6294,1.6218,-0.14694,-0.75906,0.54103,-0.095495,0.67739
7.5793,0.60728,2.8891,-0.32207,0.001011,-0.34646,-0.55505,-0.61484,0.16695,6.6744,3.4801,0.38428,-1.5426,-0.13516,-0.70623,-0.51839,-0.3684,0.58979,7.9068,-3.1078,1.554,0.070275,-0.23044,-0.15119,-0.61014,-0.43765,-0.38751,-8.0329,0.48699,-0.31071,0.50761,-0.03007,-0.62407,0.56825,0.24224,-0.61893,-7.8892,2.1711,2.1234,1.5977,0.018444,-0.36767,0.54674,-0.03443,0.67968
6.5281,0.056005,2.0719,-0.52098,0.11615,-0.24342,-0.54812,-0.62217,0.15358,6.1121,0.82893,1.1803,-1.9886,-0.28233,-0.16404,-0.50993,-0.41869,0.56383,6.2505,-3.0008,0.74476,0.73181,-0.46303,-0.10454,-0.61571,-0.44283,-0.37175,-7.1114,1.1226,-0.8255,0.36261,-0.28371,-0.39635,0.55647,0.2447,-0.62725,-7.412,1.305,1.3972,1.1511,-0.009615,0.099767,0.54654,-0.006631,0.67635
5.1968,-0.54416,2.9381,-0.62334,0.0341,-0.11746,-0.54593,-0.62996,0.13503,5.5513,0.019486,1.1392,-1.7586,-0.49528,0.1973,-0.5023,-0.46138,0.53576,5.3272,-1.1782,-0.21037,0.38585,-0.35964,0.045348,-0.62217,-0.45248,-0.35156,-5.2572,3.3369,-1.3908,-0.1431,-0.11315,-0.32424,0.54719,0.25184,-0.63509,-5.1819,1.4824,-1.0443,0.041715,-0.55519,0.37819,0.5564,0.001176,0.66778
5.1978,-1.0279,1.6519,-0.52643,-0.092818,-0.007428,-0.54489,-0.63358,0.1222,5.0778,0.66919,0.66297,-1.6573,-0.72072,0.30018,-0.49671,-0.49211,0.5148,4.2976,-0.64956,0.28066,-0.47332,0.048462,0.053781,-0.62657,-0.45042,-0.34985,-10.308,4.4501,0.16439,-0.71045,0.087329,-0.25182,0.55218,0.26688,-0.62546,-4.0915,-0.48061,-0.76233,-0.78138,0.023071,0.51211,0.56734,-0.023609,0.65751
6.6401,-1.1037,2.8932,-0.69975,-0.28607,0.013433,-0.54361,-0.6368,0.10885,6.1583,0.56425,0.28518,-1.2037,-0.93949,0.37547,-0.48673,-0.51901,0.49504,6.8226,-1.1847,0.46514,-1.8083,0.42701,-0.16888,-0.62285,-0.43887,-0.37023,-8.2634,5.0855,0.77488,-0.67885,0.017871,0.072505,0.55836,0.27861,-0.61423,-6.4916,-2.8767,-0.12219,-1.0784,0.62823,0.37154,0.5526,-0.05875,0.66887
7.6953,-0.37697,2.4211,-0.53447,0.00609,-0.1936,-0.53972,-0.64188,0.097718,6.9581,0.95546,1.0646,-0.65959,-0.92676,0.48864,-0.47923,-0.52765,0.49445,8.2805,-4.1966,-0.091095,-2.1922,0.73377,-0.18975,-0.61027,-0.40882,-0.42249,-4.7382,1.4618,-0.7782,-0.63628,0.091874,0.39593,0.56663,0.28939,-0.60495,-8.1218,-1.8494,0.8987,-1.2671,0.41759,0.16508,0.53748,-0.093599,0.67493
8.0112,-0.29845,4.3934,-0.37414,0.081798,-0.40151,-0.53571,-0.64879,0.08384,7.3398,1.4193,1.3801,-0.33878,-0.77002,0.46385,-0.47301,-0.52827,0.50007,8.5564,-4.2437,2.1581,-2.085,1.0255,0.098921,-0.5946,-0.36849,-0.48034,-12.236,2.4732,1.2905,-0.25743,0.14558,0.84426,0.5765,0.29757,-0.59354,-9.1428,-1.7225,-1.9713,-1.7028,0.067381,0.45005,0.5324,-0.14469,0.66876
8.1617,-0.35619,3.7078,-0.089905,0.14292,-0.50172,-0.52467,-0.66043,0.078687,9.6697,4.8559,2.523,-1.5033,-0.27593,0.34004,-0.47334,-0.53759,0.48995,8.6019,-4.7909,1.2907,-1.8601,1.0231,0.28109,-0.57874,-0.32133,-0.53179,-7.0547,-2.256,-3.3187,-0.52056,-0.025235,0.45961,0.5792,0.29236,-0.5952,-10.539,-3.8532,-1.672,-2.2138,-0.028561,0.6974,0.5299,-0.21719,0.64968
9.2759,-0.45903,4.9688,0.15989,0.084542,-0.3514,-0.51447,-0.66856,0.075055,10.031,3.5011,3.9042,-1.608,0.026329,-0.047037,-0.47489,-0.5687,0.45308,7.6838,-6.481,1.3233,-1.2849,0.66696,0.41308,-0.56717,-0.2772,-0.56921,-9.4499,-0.46683,-4.8991,0.12937,0.004419,-0.48481,0.58419,0.2956,-0.59,-9.8828,-6.6725,0.57213,-1.4278,-0.039521,0.73504,0.52546,-0.27923,0.62702
8.4494,-0.47353,4.6939,0.34747,0.30334,-0.080405,-0.50831,-0.67387,0.077171,9.9578,2.4608,4.4481,-0.62864,0.26978,-0.34027,-0.47807,-0.58394,0.42944,7.1531,-6.704,1.2849,-0.22418,0.26341,0.10771,-0.55851,-0.25317,-0.59019,-10.078,8.567,2.1074,0.54437,0.19587,-0.13622,0.5888,0.28713,-0.59207,-10.937,-5.6284,0.30319,-0.81757,-0.019194,0.46276,0.51942,-0.3212,0.61089
7.9879,0.63868,3.4817,0.36168,0.021308,0.12139,-0.51143,-0.67196,0.087828,9.7845,-0.23063,4.5514,-0.44959,0.54122,-0.26956,-0.47947,-0.59826,0.41037,6.2423,-6.3645,0.10642,0.71091,-0.26311,-0.10622,-0.56097,-0.26182,-0.58473,-11.797,4.0573,1.2451,0.089607,0.082253,0.51766,0.59751,0.27794,-0.58922,-13.383,-11.008,-2.419,0.56304,-0.31674,-0.00986,0.51912,-0.32222,0.61013
10.375,0.93213,3.1064,0.52478,-0.51365,0.32478,-0.52094,-0.66538,0.10703,10.467,1.7409,1.4688,-0.39329,0.35924,-0.050167,-0.48278,-0.61082,0.38718,10.139,-5.7234,1.1126,1.114,-0.41756,-0.025453,-0.5723,-0.28277,-0.56733,-15.038,0.50404,-0.27141,0.046713,-0.78388,0.96712,0.59657,0.26343,-0.60135,-11.987,-2.455,1.9671,1.3975,0.9328,0.152,0.51916,-0.32604,0.60994
11.811,1.0055,4.1024,0.58674,-0.18747,0.37291,-0.5288,-0.65398,0.13033,12.088,2.88,0.028373,-0.004648,0.16377,0.006452,-0.48657,-0.6138,0.37817,12.64,-5.0582,3.4077,1.5575,-0.057254,0.37748,-0.58212,-0.30779,-0.54452,-12.747,-1.4885,-2.1736,0.33256,-0.39132,0.66135,0.59177,0.23492,-0.61784,-8.3127,0.23421,1.2447,-0.34961,0.13624,-0.48485,0.51559,-0.30352,0.62548
12.479,2.3764,4.4894,0.61056,0.039572,0.10032,-0.53648,-0.64646,0.14683,10.629,1.8938,0.45475,0.69898,0.312,-0.064732,-0.48939,-0.6109,0.38362,11.226,-1.4711,2.7567,1.9941,0.040602,0.54505,-0.58964,-0.33699,-0.52072,-12.547,0.032059,0.19922,-0.26642,-0.2728,0.28313,0.59529,0.22206,-0.62198,-14.309,10.823,-7.2232,-0.80676,0.45594,0.40336,0.50232,-0.32809,0.62307
13.804,2.6425,5.6947,0.79794,0.10386,-0.078248,-0.53809,-0.64277,0.17135,14.18,3.5254,0.84362,1.7817,0.060841,0.37757,-0.49868,-0.57881,0.41487,17.123,-0.40187,3.1697,0.17522,-0.053082,0.13738,-0.60414,-0.36019,-0.49696,-16.364,-0.59157,-1.3321,-1.2475,-0.19029,0.71504,0.59071,0.22975,-0.62629,-7.4257,-8.0991,3.7019,-1.7916,-1.0694,0.26133,0.5149,-0.3152,0.61912
12.145,2.8216,4.9672,0.53141,0.36756,-0.094532,-0.53915,-0.63769,0.1814,14.095,5.2542,2.2725,2.9435,0.18875,0.64015,-0.51548,-0.52486,0.46791,13.38,-4.4341,2.6404,-0.42914,0.016672,-0.015613,-0.60321,-0.35377,-0.5033,-10.565,-2.3263,-0.59107,-0.21965,0.15843,0.49997,0.59728,0.22624,-0.62113,-12.989,10.357,-3.8411,0.5784,1.0521,0.23336,0.49442,-0.33672,0.62478
9.4101,2.0788,3.569,0.30258,0.23072,-0.041727,-0.53944,-0.63938,0.18338,10.292,5.264,2.344,2.932,0.17069,0.29181,-0.52536,-0.46371,0.51734,9.6418,-4.0008,3.0651,0.16614,-0.14121,0.27782,-0.60375,-0.3412,-0.50654,-9.5366,-0.002898,0.65732,-0.21177,-0.22011,1.1234,0.60155,0.21908,-0.62118,-10.796,-2.3945,-6.2659,-0.30646,-0.54152,0.84124,0.49172,-0.34983,0.62069
8.2674,1.3484,3.2572,-0.03832,0.1879,0.029886,-0.53987,-0.63955,0.1802,7.9468,5.1429,3.3546,1.5341,-0.19586,0.0938,-0.52769,-0.41427,0.55687,7.9509,-3.439,1.9394,0.48035,-0.11189,0.36263,-0.61234,-0.34069,-0.49904,-7.5624,-0.77251,0.082687,-0.16743,-0.13488,1.1538,0.60581,0.19519,-0.62412,-9.2461,-1.6678,-0.40446,-0.18525,-0.12377,1.2175,0.47476,-0.38116,0.61431
7.2016,1.0479,2.7548,-0.15242,-0.004314,0.038624,-0.54228,-0.63843,0.17681,6.5032,5.1706,2.2037,-0.43637,-0.40686,0.047278,-0.52209,-0.40504,0.56715,6.8092,-2.2615,1.1877,0.30199,0.059641,0.34845,-0.61845,-0.33923,-0.49417,-7.1306,-0.24841,0.68341,-0.39446,-0.2836,1.0187,0.60683,0.17493,-0.62964,-8.2568,-1.5848,0.18011,0.45659,0.090272,0.71405,0.46048,-0.38888,0.62248
6.7714,1.2016,2.2304,-0.074533,-0.085982,-0.048533,-0.5429,-0.64002,0.16996,6.022,3.8842,1.5437,-1.2787,-0.46793,-0.076208,-0.51409,-0.418,0.56539,6.3122,-2.2785,1.2221,0.2553,0.097199,0.19112,-0.62004,-0.33854,-0.49353,-6.4301,-0.16884,0.24731,-0.63966,0.099806,0.47605,0.6148,0.15584,-0.62885,-7.8863,-3.6386,-0.38681,0.53372,-0.11106,0.5858,0.44839,-0.38615,0.63259
7.0975,1.2255,3.0014,0.094448,-0.16256,-0.078909,-0.54284,-0.64081,0.17115,6.6428,2.8069,1.2218,-1.2769,-0.27882,-0.09127,-0.50599,-0.44984,0.54792,6.1745,-1.8029,1.7129,0.13364,0.009467,-0.13598,-0.61895,-0.34243,-0.49175,-5.5557,-1.2347,1.3463,-0.56308,0.060379,0.13675,0.62035,0.16594,-0.62071,-8.0212,-3.878,-0.090971,0.65548,-0.014372,0.20634,0.44536,-0.37592,0.64079
7.4585,1.5663,2.2529,0.23727,-0.001517,-0.017382,-0.54038,-0.64113,0.17783,7.8186,1.9084,1.5019,-0.89292,0.081527,-0.078198,-0.50143,-0.4837,0.52402,6.2341,-2.5612,1.969,-0.073465,-0.14468,-0.32824,-0.61889,-0.34717,-0.4905,-5.289,-0.73215,1.5611,-0.20771,0.12031,-0.26683,0.62012,0.18436,-0.61617,-8.7843,-3.0434,-0.63938,0.45497,0.01555,0.028244,0.44439,-0.36795,0.64666
7.2337,1.5807,2.8182,0.28411,0.26111,0.14024,-0.54609,-0.63757,0.17943,8.5314,1.4116,1.9366,-0.16666,0.50145,-0.061425,-0.50601,-0.49431,0.50856,6.0671,-3.2694,2.0106,-0.15612,-0.39799,-0.32102,-0.62072,-0.35329,-0.48483,-6.5276,0.96666,-0.62607,0.57661,0.31575,-0.90751,0.6215,0.19428,-0.61166,-7.6639,-4.9613,-0.49865,0.57326,-0.19403,0.11567,0.44808,-0.35585,0.6517
6.7602,1.2398,3.8269,0.32295,0.22394,0.32832,-0.555,-0.62843,0.18257,8.2098,1.962,1.4341,0.44771,0.81829,-0.12793,-0.52128,-0.4932,0.49718,5.9511,-4.0151,2.4863,0.24283,-0.54772,-0.19027,-0.62852,-0.35951,-0.47151,-9.5194,1.4388,-1.6019,1.0366,0.2251,-0.80207,0.62344,0.19691,-0.60916,-6.1512,-1.3279,0.78402,-0.08439,-0.11833,-0.24481,0.45433,-0.34802,0.65213
5.7904,1.2899,4.3421,0.43328,0.21437,0.34851,-0.56706,-0.61724,0.19085,6.7847,1.2963,0.77836,1.0539,1.0551,-0.21738,-0.5404,-0.4734,0.49372,6.3621,-3.7775,2.8722,0.61263,-0.4522,-0.055278,-0.63994,-0.37231,-0.45086,-8.9975,3.9887,0.58129,0.8429,0.021992,-0.64053,0.62544,0.18619,-0.61006,-6.999,-2.0999,0.55848,-0.76271,-0.35217,-0.5265,0.4708,-0.34752,0.64069
5.9221,1.8925,3.422,0.39674,0.28812,0.081825,-0.57604,-0.60933,0.19755,5.5726,-0.25202,0.15393,1.5886,0.9902,-0.050062,-0.56027,-0.44802,0.49667,7.0608,-3.3681,2.7363,1.0512,-0.2635,-0.13629,-0.64754,-0.38834,-0.42844,-7.6439,3.2033,-0.39587,0.94595,0.14347,-0.68493,0.62436,0.18276,-0.6115,-8.4674,-0.8587,-2.1369,-0.71412,-0.2923,-0.52835,0.48891,-0.35686,0.61983
6.6562,2.5474,3.0439,0.005359,0.37292,-0.23819,-0.5773,-0.60776,0.19618,5.7816,2.6986,0.58665,2.3028,0.64559,0.24144,-0.57881,-0.41171,0.51181,7.5611,-3.1738,1.4057,0.87066,-0.12269,-0.11924,-0.65127,-0.40487,-0.40829,-8.8956,2.6286,-0.43539,1.2171,0.31609,-0.95115,0.62506,0.17634,-0.60993,-7.9927,-3.7596,-1.9574,-0.74705,-0.47361,-0.26637,0.50468,-0.36856,0.6037
7.9951,2.8856,4.7123,-0.25608,0.37738,-0.37331,-0.5742,-0.616,0.17991,7.3748,5.6913,3.2758,2.8754,0.63701,0.34592,-0.59831,-0.34939,0.53515,7.8612,-2.0244,1.3707,0.76081,-0.084736,0.085805,-0.65674,-0.41927,-0.39077,-9.1516,9.5087,-5.264,0.32359,0.049697,-0.90425,0.62395,0.1754,-0.61113,-8.3181,-6.121,-1.1701,-1.0782,0.18103,-0.5377,0.51596,-0.38358,0.58376
10.796,2.4419,4.4547,-0.54775,-0.093013,-0.28298,-0.56831,-0.62561,0.16665,10.567,8.0156,3.306,3.152,0.86246,0.19277,-0.62111,-0.27342,0.5546,12.797,-1.1928,0.3798,0.047334,-0.061473,-0.015042,-0.66238,-0.42144,-0.38155,-13.555,14.045,-0.42139,-2.2591,0.92922,0.12658,0.62875,0.18668,-0.60098,-17.917,-4.2233,-1.3197,0.16106,-0.23416,-0.95443,0.53205,-0.37876,0.57326
14.654,0.75705,4.9728,-1.1626,-0.56526,-0.2641,-0.55823,-0.63931,0.15318,13.074,10.642,3.5326,2.3881,0.86119,-0.34967,-0.64855,-0.19759,0.56404,13.912,-2.4125,-2.0561,-0.58736,-0.028467,-0.00574,-0.66184,-0.42142,-0.38562,-15.282,-2.0374,4.7825,-1.0669,1.3133,0.40168,0.66633,0.21073,-0.55224,-16.932,-1.0995,-3.132,1.1767,-0.51317,-1.4098,0.56347,-0.32982,0.57759
18.197,-1.2016,6.0462,-1.1636,-0.35123,-0.011154,-0.55464,-0.65045,0.13103,14.349,11.185,5.1127,-0.49026,0.11766,-0.9129,-0.65543,-0.19854,0.55534,16.649,-2.8105,0.72058,-1.6966,0.24038,0.25564,-0.66696,-0.39715,-0.40582,-19.306,-5.6933,0.1597,0.41296,0.064011,0.29164,0.68597,0.21919,-0.52802,-16.927,1.6632,-2.8854,1.6953,-0.028165,-1.142,0.58828,-0.2652,0.58966
15.326,-0.15583,5.9268,-0.83068,0.36315,-0.12803,-0.55399,-0.65552,0.10569,15.966,7.6294,6.2801,-1.2552,-0.5145,-1.5548,-0.6336,-0.25183,0.54826,16.783,-6.4668,2.8544,-3.0981,0.75136,0.22735,-0.66467,-0.34541,-0.45474,-10.636,-5.2299,-2.0371,1.3865,0.049315,-0.30519,0.68269,0.19455,-0.54202,-13.387,3.5521,-0.98317,2.3347,0.022573,-0.91248,0.60089,-0.18943,0.61002
10.788,1.2164,5.3045,-0.981,0.35149,-0.32834,-0.54928,-0.66207,0.07249,9.6667,7.848,6.3469,-0.10301,0.16865,-1.7227,-0.61106,-0.30354,0.54492,11.677,-6.9481,2.7023,-1.7303,0.87735,0.18089,-0.6491,-0.28939,-0.50943,-14.438,-1.5633,-3.8428,-0.18465,-0.31851,-0.62827,0.67942,0.20189,-0.54384,-10.932,1.6225,0.73361,1.4166,0.064742,-0.57176,0.60353,-0.12799,0.62544
7.7026,0.63757,4.3374,-0.95144,0.13065,-0.46817,-0.53843,-0.67228,0.041133,7.6269,10.665,4.8844,-1.9477,0.87431,-1.6344,-0.60149,-0.36133,0.52172,8.7654,-6.163,1.0164,0.068603,0.21193,0.014838,-0.63929,-0.27512,-0.52996,-9.0386,0.96744,-1.4042,-0.22123,-0.50233,-0.74381,0.65852,0.22622,-0.56042,-7.6293,2.0961,-0.25497,1.7814,-0.22611,-0.88365,0.61334,-0.068549,0.62879
6.632,0.6206,3.3147,-1.0842,-0.038925,-0.51156,-0.52592,-0.68407,0.006429,6.7352,7.5497,4.9765,-3.2728,1.7422,-1.8666,-0.58973,-0.49208,0.43515,6.9948,-3.5284,0.46208,1.0879,-0.26346,-0.16008,-0.63537,-0.28137,-0.53368,-7.8672,0.36628,0.022816,0.33493,-0.006047,-0.45098,0.64277,0.22091,-0.58013,-7.8612,1.7123,0.86789,1.6804,-0.0442,-0.73371,0.61276,0.007591,0.63433
5.6392,0.17,3.1401,-1.061,-0.11073,-0.48216,-0.51127,-0.69475,-0.022674,5.2918,4.6946,4.3763,-0.44992,2.198,-2.2455,-0.57675,-0.57005,0.35205,6.3873,-3.615,1.6254,1.6035,-0.20041,0.20784,-0.64187,-0.31049,-0.50947,-7.7571,2.1515,-0.006919,0.58527,-0.42614,-0.24705,0.63519,0.21687,-0.58991,-7.6514,1.0946,2.0872,1.5388,0.25762,-0.2267,0.60844,0.059127,0.63713
5.0427,-0.13461,2.7084,-0.9811,-0.38131,-0.40802,-0.50086,-0.70088,-0.044602,4.8267,8.1466,0.50118,-0.98917,1.6385,-2.7346,-0.55423,-0.61915,0.29153,5.4397,-0.46669,0.65905,1.3769,0.060083,0.13309,-0.64693,-0.34624,-0.47866,-5.6982,5.1544,-0.70398,0.6263,-0.45159,0.12742,0.63127,0.2194,-0.5929,-4.4603,2.0551,0.82917,1.2611,0.081552,0.1512,0.61455,0.093901,0.6295
5.204,0.15855,1.3091,-1.066,-0.45139,-0.51275,-0.4896,-0.70825,-0.063199,4.8274,4.5589,1.9234,-1.523,1.1683,-3.1636,-0.48953,-0.69505,0.22482,5.3335,-0.14228,-1.0864,0.3211,0.17376,-0.13369,-0.64393,-0.36341,-0.47094,-6.0362,1.157,-0.84145,0.43586,0.15449,0.36377,0.63352,0.2001,-0.59773,-4.2209,1.0478,2.3318,0.77334,0.13554,0.30285,0.61481,0.11088,0.62535
7.3145,-0.16917,3.0909,-1.5905,-0.62179,-0.53069,-0.47745,-0.71308,-0.092044,3.0929,4.2544,1.265,0.056262,0.79062,-3.4484,-0.39766,-0.75967,0.18762,6.6289,-1.1494,-0.96123,-0.65707,0.35063,-0.37617,-0.6366,-0.36525,-0.4812,-9.3202,9.3256,-1.0588,-0.38338,-0.22307,0.25608,0.63357,0.19439,-0.59861,-5.5307,-2.4838,1.598,0.64006,0.39105,0.61856,0.6095,0.1141,0.63103
8.7296,-0.32877,3.1155,-1.0569,-0.68785,-0.45567,-0.46907,-0.71568,-0.11263,3.5399,5.4606,0.009598,1.325,0.13699,-3.0717,-0.28552,-0.79734,0.21701,8.8188,-2.7159,-0.1087,-1.9574,0.69318,-0.42066,-0.62061,-0.34343,-0.51516,-7.6549,2.8693,0.57947,0.15614,0.16997,0.63787,0.63141,0.16097,-0.61139,-9.5588,-0.63593,-0.3024,-0.027214,0.60708,0.76989,0.5967,0.096447,0.6402
7.9237,-0.50064,3.2575,-1.4225,-0.22849,-0.39803,-0.46115,-0.7152,-0.14443,2.827,5.9914,-0.43461,1.3633,-0.64612,-2.7722,-0.18965,-0.81204,0.26344,7.3599,-5.0758,1.2157,-2.6444,1.1258,-0.013193,-0.59637,-0.294,-0.56836,-9.0385,-5.0737,-2.0202,0.16089,0.37119,0.81581,0.6505,0.1366,-0.59974,-9.1422,-2.8825,0.80399,-0.59413,0.10994,0.71723,0.58883,0.064973,0.64721
9.1512,-0.51367,4.0574,-1.4267,-0.22285,-0.27934,-0.45421,-0.71157,-0.17972,1.5849,6.4106,0.13803,0.67743,-1.4539,-2.2259,-0.10691,-0.81591,0.29434,7.1799,-5.2935,1.229,-2.9639,1.1256,0.079986,-0.57347,-0.23102,-0.61816,-11.173,6.3733,-1.5204,0.67843,-0.62157,0.082509,0.64964,0.13396,-0.59876,-10.42,-5.7742,0.71485,-0.57091,0.20347,0.62261,0.58625,0.038032,0.65147
9.2921,-1.1925,3.1142,-1.06,0.014583,-0.13765,-0.44961,-0.70698,-0.21208,1.9593,6.3941,1.987,0.43132,-2.1771,-1.759,-0.019617,-0.81549,0.31025,7.063,-8.2897,1.6436,-2.5746,0.91426,0.013438,-0.54914,-0.15638,-0.66175,-8.9507,2.0553,0.32928,0.11622,-0.11124,0.33576,0.64665,0.11877,-0.60524,-10.553,-4.7304,1.4399,0.027823,0.28402,0.46523,0.58204,0.015933,0.65366
9.2396,-1.2809,3.0834,-0.73942,0.077887,-0.057235,-0.4497,-0.69843,-0.23859,1.8641,7.5601,3.4838,1.2471,-2.6944,-1.5513,0.064826,-0.80254,0.33515,6.7075,-8.7261,2.2521,-1.6126,0.63327,0.018228,-0.52945,-0.10067,-0.68592,-10.199,3.262,-0.73232,0.33457,-0.2994,0.17058,0.64224,0.11032,-0.61129,-10.901,-3.392,3.6261,-0.21816,0.35447,0.40764,0.57344,0.001143,0.6606
11.328,-0.36765,3.9257,-0.39366,-0.24316,-0.011328,-0.45038,-0.69213,-0.25643,3.2113,11.146,3.783,1.1441,-2.9605,-1.3342,0.15417,-0.77294,0.36579,8.6571,-9.0762,2.4442,-0.39751,0.2754,0.16601,-0.51833,-0.055156,-0.70502,-13.941,3.6267,-0.02772,0.66443,-0.5884,0.25176,0.62675,0.083115,-0.63247,-12.388,0.43827,-0.40705,-1.8883,-0.16,0.58786,0.56426,-0.033112,0.66324
13.324,0.70021,3.3212,0.14207,-0.14604,0.20533,-0.4594,-0.68902,-0.25561,5.832,14.124,5.1468,0.51787,-2.6676,-0.93889,0.22663,-0.75461,0.36452,13.068,-7.2366,3.8652,0.64181,-0.056883,0.067225,-0.51826,-0.060283,-0.70363,-16.036,0.1693,-0.066054,0.13645,-0.74656,0.93295,0.61263,0.056491,-0.64964,-12.619,-9.4608,2.7591,0.067872,0.54063,0.40377,0.55109,-0.069993,0.67095
12.999,1.7521,3.9671,0.043612,0.32397,0.025372,-0.46103,-0.68809,-0.2516,5.3872,13.348,6.025,0.4223,-1.9774,-1.0217,0.29052,-0.74386,0.35317,12.116,-4.0797,4.7371,1.093,-0.11263,0.21513,-0.52118,-0.090946,-0.69248,-10.226,-2.8066,-0.17115,0.11838,-0.55954,0.50902,0.605,0.041068,-0.65824,-11.859,4.3402,-1.9859,-0.68868,0.792,-0.052229,0.53464,-0.081837,0.68247
13.116,1.7622,4.908,-0.42268,-0.044457,-0.042932,-0.45914,-0.68661,-0.26049,4.1244,12.73,5.5965,0.73456,-1.409,-1.1238,0.34589,-0.7215,0.35013,12.506,-3.1484,3.0057,0.57282,0.018991,0.26361,-0.52492,-0.10874,-0.6877,-11.414,-1.2368,-0.1217,-0.46382,-0.62178,0.15154,0.5881,0.038184,-0.67228,-19.769,-5.8533,-0.48893,1.3379,-0.10619,0.60015,0.52612,-0.077522,0.69035
11.7,0.86031,3.5934,-0.24589,0.38878,0.064648,-0.45885,-0.68359,-0.26984,3.3783,12.331,6.0081,0.55351,-0.87662,-0.97564,0.39149,-0.6959,0.35214,11.28,-4.0588,2.3844,-0.42122,0.1909,0.10785,-0.5219,-0.10485,-0.692,-10.946,-1.2581,1.8231,-0.06411,-0.2705,-0.11592,0.57658,0.045307,-0.68226,-7.5882,4.4798,-0.63624,0.045092,0.5031,0.21166,0.52579,-0.075623,0.69146
8.8652,0.3564,3.7775,-0.17492,0.71984,-0.030902,-0.45482,-0.67986,-0.28813,0.56195,11.003,5.8414,0.50166,-0.54161,-1.1955,0.42268,-0.66796,0.34948,8.5028,-3.5907,3.6079,-0.47238,0.22883,0.14861,-0.51899,-0.09225,-0.69842,-9.3837,0.050722,2.3332,0.32845,-0.16797,-0.31788,0.56465,0.04174,-0.693,-11.218,3.0411,-2.9944,0.15299,0.22059,0.60643,0.50929,-0.078937,0.70373
7.1229,0.39461,3.2722,-0.035608,0.26955,-0.077308,-0.44571,-0.67863,-0.29977,-0.52291,11.036,5.0597,-0.12379,-0.50374,-1.4927,0.46677,-0.63957,0.34327,7.5214,-3.6479,3.1002,-0.058171,0.21665,0.01808,-0.51025,-0.082823,-0.70296,-8.763,1.1198,1.8794,0.15078,-0.33171,-0.2218,0.55846,0.042572,-0.69992,-8.4814,-0.81708,-1.2034,-0.14275,0.28321,0.78561,0.50125,-0.095861,0.70738
7.5388,0.34498,3.7375,-0.11611,-0.17868,-0.002469,-0.44425,-0.67529,-0.30684,-0.55187,9.219,3.8994,-0.91742,-0.24263,-1.6718,0.51715,-0.61565,0.32889,6.9705,-3.0559,2.2357,0.18432,0.15396,-0.17615,-0.50291,-0.080494,-0.708,-8.427,0.88363,1.3013,0.099361,-0.34416,-0.21845,0.55114,0.045678,-0.70384,-9.2273,0.24934,0.27323,-0.12589,0.29166,0.5761,0.48889,-0.1136,0.71182
8.8153,0.7354,3.5707,0.010746,-0.1596,-0.005895,-0.44719,-0.6755,-0.30274,-1.0271,7.7555,2.772,-0.78024,0.077939,-1.6768,0.55832,-0.5881,0.30624,7.741,-3.273,2.0116,-0.009709,0.053678,-0.35743,-0.49959,-0.08981,-0.70893,-9.0197,1.0644,0.54652,0.076126,-0.2383,-0.31829,0.5418,0.048316,-0.71128,-9.5776,-2.6058,-0.83085,0.42088,-0.025485,0.47159,0.48467,-0.11773,0.71343
9.7627,0.96479,3.5794,0.22351,-0.025301,-0.060799,-0.44865,-0.67808,-0.29567,-1.4374,8.053,1.9398,-0.59158,0.33362,-1.5241,0.59235,-0.55709,0.29481,9.2277,-3.9278,2.7887,-0.38349,0.047282,-0.49089,-0.49544,-0.090972,-0.71055,-9.9471,1.2712,0.40764,0.026693,-0.14447,-0.2858,0.53485,0.053786,-0.71519,-10.176,-1.8554,-1.0481,0.53697,0.085809,0.18647,0.48001,-0.10724,0.71862
9.5462,0.98064,3.7568,0.25722,0.15665,-0.11262,-0.44747,-0.68379,-0.28585,-2.2995,7.1781,2.4019,-0.32452,0.646,-1.2955,0.61809,-0.5294,0.28621,9.2143,-4.8001,3.1997,-0.35383,-0.009745,-0.45221,-0.49573,-0.098877,-0.71134,-10.082,1.6067,0.75713,0.034284,-0.064307,-0.30986,0.5279,0.056181,-0.72023,-9.6638,-0.34952,-0.90092,0.16249,0.097132,0.11482,0.47563,-0.1045,0.72101
8.8894,0.83708,3.93,0.21722,0.14093,-0.092603,-0.44243,-0.68748,-0.28247,-3.0144,7.379,2.4835,-0.048926,0.87876,-1.0957,0.63133,-0.50124,0.30336,8.5551,-5.3817,3.058,0.063986,-0.13394,-0.1961,-0.49647,-0.10077,-0.71132,-10.046,1.9125,1.1851,-0.025154,-0.052766,-0.28323,0.52588,0.064206,-0.72072,-10.089,0.80382,-1.2187,-0.097739,0.16968,0.022014,0.4729,-0.1071,0.72392
8.896,0.58559,3.8239,0.14748,-0.014076,-0.052829,-0.43817,-0.69123,-0.2815,-3.9242,7.6296,2.812,0.20568,1.0237,-1.0331,0.64213,-0.47083,0.33535,8.3883,-4.5059,2.6247,0.41403,-0.11896,-0.087876,-0.49755,-0.10382,-0.70794,-9.7241,1.9574,1.4991,0.06033,-0.068844,-0.25509,0.52526,0.070686,-0.72039,-9.7505,1.503,-0.83764,-0.23146,0.10977,0.14659,0.46763,-0.10856,0.72571
9.0886,0.28805,3.7489,0.19495,0.075502,-0.032169,-0.43752,-0.69465,-0.27671,-4.8665,7.3949,3.2328,0.26962,1.0273,-0.98045,0.64532,-0.44223,0.36633,8.1094,-3.6199,2.1845,0.24225,-0.062643,-0.11267,-0.49866,-0.11595,-0.70529,-9.4842,1.8378,1.6466,0.088414,-0.077761,-0.1987,0.52222,0.072772,-0.7218,-9.5586,-0.18594,-0.83148,-0.052118,0.09058,0.09806,0.46615,-0.11521,0.72733
8.9692,0.29618,3.8077,0.21762,0.10986,0.004185,-0.43556,-0.69606,-0.27189,-5.2106,7.7084,3.0815,0.31974,1.0325,-0.9773,0.64554,-0.41059,0.39759,8.3649,-3.5731,2.3929,-0.027031,-0.053678,-0.16588,-0.49963,-0.12039,-0.70485,-9.6799,1.8844,1.0725,-0.11143,-0.095896,-0.16003,0.51965,0.076511,-0.72423,-9.7378,0.075885,-0.70683,0.045523,0.06365,0.076005,0.46211,-0.1168,0.73006
8.8801,0.34881,3.7924,0.31075,0.10423,0.03716,-0.43843,-0.69839,-0.26409,-5.2681,7.6399,2.7211,0.25517,1.015,-0.968,0.63842,-0.38033,0.43067,8.4635,-4.2244,2.4595,-0.18638,-0.069909,-0.17673,-0.50371,-0.12678,-0.70177,-9.6871,1.7354,0.83994,-0.20839,-0.082573,-0.15116,0.51301,0.084151,-0.72621,-9.5613,-1.6563,-1.1417,0.15017,0.048982,-0.046472,0.45871,-0.11823,0.72921
8.8209,0.43823,3.7777,0.2981,0.12973,0.062565,-0.43921,-0.70245,-0.25909,-5.2105,6.8627,2.5211,0.23659,1.0844,-0.91422,0.63254,-0.35163,0.46025,8.3765,-4.6513,2.4754,0.079463,-0.11093,-0.12712,-0.50567,-0.13016,-0.70115,-9.5283,1.3164,0.76107,-0.18647,-0.03338,-0.1262,0.51323,0.09329,-0.72724,-9.7326,-0.99018,-1.2922,0.024043,0.078376,-0.1228,0.45766,-0.11405,0.73141
8.7098,0.41086,3.4335,0.34882,0.11024,0.048097,-0.43809,-0.70325,-0.25272,-5.241,6.4534,1.9529,0.34369,1.0947,-0.74084,0.6273,-0.32527,0.4917,8.2834,-4.3351,2.4392,0.27913,-0.1016,-0.079173,-0.50547,-0.13134,-0.69962,-9.4847,1.6604,1.0166,-0.024953,0.005095,-0.19996,0.51145,0.099255,-0.72606,-9.8864,0.90638,-0.91623,-0.22672,0.17876,-0.12061,0.45683,-0.10987,0.73324
8.6782,0.42285,4.2091,0.35394,0.055548,0.033784,-0.43912,-0.70389,-0.24736,-5.2251,5.483,1.5816,0.37409,1.1235,-0.47788,0.61147,-0.30363,0.52382,8.132,-4.0425,2.1922,0.24707,-0.030627,-0.001354,-0.50869,-0.13955,-0.69682,-9.7324,3.2797,0.86736,0.019604,0.08356,-0.13378,0.5131,0.10141,-0.7242,-9.7085,-0.27493,-0.81184,-0.20157,0.044895,-0.007631,0.45437,-0.1164,0.73379
0,0,0,0,0,0,0,0,0,0,0,0,0,0,0,0,0,0,0,0,0,0,0,0,0,0,0,0,0,0,0,0,0,0,0,0,0,0,0,0,0,0,0,0,0
0,0,0,0,0,0,0,0,0,0,0,0,0,0,0,0,0,0,0,0,0,0,0,0,0,0,0,0,0,0,0,0,0,0,0,0,0,0,0,0,0,0,0,0,0
0,0,0,0,0,0,0,0,0,0,0,0,0,0,0,0,0,0,0,0,0,0,0,0,0,0,0,0,0,0,0,0,0,0,0,0,0,0,0,0,0,0,0,0,0
0,0,0,0,0,0,0,0,0,0,0,0,0,0,0,0,0,0,0,0,0,0,0,0,0,0,0,0,0,0,0,0,0,0,0,0,0,0,0,0,0,0,0,0,0
0,0,0,0,0,0,0,0,0,0,0,0,0,0,0,0,0,0,0,0,0,0,0,0,0,0,0,0,0,0,0,0,0,0,0,0,0,0,0,0,0,0,0,0,0
0,0,0,0,0,0,0,0,0,0,0,0,0,0,0,0,0,0,0,0,0,0,0,0,0,0,0,0,0,0,0,0,0,0,0,0,0,0,0,0,0,0,0,0,0
0,0,0,0,0,0,0,0,0,0,0,0,0,0,0,0,0,0,0,0,0,0,0,0,0,0,0,0,0,0,0,0,0,0,0,0,0,0,0,0,0,0,0,0,0
0,0,0,0,0,0,0,0,0,0,0,0,0,0,0,0,0,0,0,0,0,0,0,0,0,0,0,0,0,0,0,0,0,0,0,0,0,0,0,0,0,0,0,0,0
0,0,0,0,0,0,0,0,0,0,0,0,0,0,0,0,0,0,0,0,0,0,0,0,0,0,0,0,0,0,0,0,0,0,0,0,0,0,0,0,0,0,0,0,0
0,0,0,0,0,0,0,0,0,0,0,0,0,0,0,0,0,0,0,0,0,0,0,0,0,0,0,0,0,0,0,0,0,0,0,0,0,0,0,0,0,0,0,0,0
0,0,0,0,0,0,0,0,0,0,0,0,0,0,0,0,0,0,0,0,0,0,0,0,0,0,0,0,0,0,0,0,0,0,0,0,0,0,0,0,0,0,0,0,0
0,0,0,0,0,0,0,0,0,0,0,0,0,0,0,0,0,0,0,0,0,0,0,0,0,0,0,0,0,0,0,0,0,0,0,0,0,0,0,0,0,0,0,0,0
0,0,0,0,0,0,0,0,0,0,0,0,0,0,0,0,0,0,0,0,0,0,0,0,0,0,0,0,0,0,0,0,0,0,0,0,0,0,0,0,0,0,0,0,0
0,0,0,0,0,0,0,0,0,0,0,0,0,0,0,0,0,0,0,0,0,0,0,0,0,0,0,0,0,0,0,0,0,0,0,0,0,0,0,0,0,0,0,0,0
0,0,0,0,0,0,0,0,0,0,0,0,0,0,0,0,0,0,0,0,0,0,0,0,0,0,0,0,0,0,0,0,0,0,0,0,0,0,0,0,0,0,0,0,0
0,0,0,0,0,0,0,0,0,0,0,0,0,0,0,0,0,0,0,0,0,0,0,0,0,0,0,0,0,0,0,0,0,0,0,0,0,0,0,0,0,0,0,0,0
0,0,0,0,0,0,0,0,0,0,0,0,0,0,0,0,0,0,0,0,0,0,0,0,0,0,0,0,0,0,0,0,0,0,0,0,0,0,0,0,0,0,0,0,0
0,0,0,0,0,0,0,0,0,0,0,0,0,0,0,0,0,0,0,0,0,0,0,0,0,0,0,0,0,0,0,0,0,0,0,0,0,0,0,0,0,0,0,0,0
0,0,0,0,0,0,0,0,0,0,0,0,0,0,0,0,0,0,0,0,0,0,0,0,0,0,0,0,0,0,0,0,0,0,0,0,0,0,0,0,0,0,0,0,0
0,0,0,0,0,0,0,0,0,0,0,0,0,0,0,0,0,0,0,0,0,0,0,0,0,0,0,0,0,0,0,0,0,0,0,0,0,0,0,0,0,0,0,0,0
0,0,0,0,0,0,0,0,0,0,0,0,0,0,0,0,0,0,0,0,0,0,0,0,0,0,0,0,0,0,0,0,0,0,0,0,0,0,0,0,0,0,0,0,0
0,0,0,0,0,0,0,0,0,0,0,0,0,0,0,0,0,0,0,0,0,0,0,0,0,0,0,0,0,0,0,0,0,0,0,0,0,0,0,0,0,0,0,0,0
0,0,0,0,0,0,0,0,0,0,0,0,0,0,0,0,0,0,0,0,0,0,0,0,0,0,0,0,0,0,0,0,0,0,0,0,0,0,0,0,0,0,0,0,0
0,0,0,0,0,0,0,0,0,0,0,0,0,0,0,0,0,0,0,0,0,0,0,0,0,0,0,0,0,0,0,0,0,0,0,0,0,0,0,0,0,0,0,0,0
0,0,0,0,0,0,0,0,0,0,0,0,0,0,0,0,0,0,0,0,0,0,0,0,0,0,0,0,0,0,0,0,0,0,0,0,0,0,0,0,0,0,0,0,0
