9.0016,-0.19716,2.5557,-0.23489,0.059888,0.21871,-0.59301,-0.19434,0.13939,2.9104,0.51469,9.3267,-0.026552,-0.081417,0.038176,-0.28204,-0.15362,-0.23792,1.5945,-0.81428,9.4234,0.04452,0.091612,0.014845,-0.63963,-0.13702,-0.50996,4.9431,5.6049,0.52061,0.27915,0.085614,-0.11658,0.14558,-0.62463,-0.27838,-2.1857,-11.931,-3.4453,0.38724,0.14655,-0.25529,0.42397,0.29353,0.27929
9.0818,-0.40664,2.9057,-0.12944,0.10521,0.1676,-0.59525,-0.1899,0.13561,2.8459,0.59795,9.1614,-0.075186,-0.02584,0.017528,-0.28485,-0.15238,-0.23679,1.6897,-0.91675,9.4242,-0.07288,0.12213,0.038636,-0.63774,-0.13433,-0.51259,4.5884,4.9725,0.75428,0.30531,0.18054,-0.57222,0.15663,-0.62445,-0.26991,-2.4083,-10.705,-3.3785,0.43214,0.13705,-0.51229,0.4164,0.3059,0.28042
9.2913,-0.33336,2.6839,-0.12365,0.14774,0.13278,-0.59728,-0.18838,0.13308,2.9123,0.47436,9.1467,-0.006742,0.028003,0.019023,-0.28523,-0.152,-0.23656,1.6532,-1.014,9.5769,-0.033527,0.10596,0.03421,-0.63445,-0.13118,-0.51516,3.5347,5.0657,0.77802,0.44038,0.22463,-1.0183,0.17786,-0.62201,-0.25991,-2.6795,-11.412,-3.7287,0.65174,0.081328,-0.74099,0.40753,0.32543,0.27964
9.8264,-0.33269,3.2998,-0.033352,0.007631,-0.003203,-0.59855,-0.18553,0.12962,2.8064,0.54704,9.6519,-0.000919,0.01216,0.040237,-0.28466,-0.15156,-0.23797,1.4849,-0.99396,9.7085,-0.103,0.083457,0.028737,-0.63276,-0.12863,-0.51679,1.9388,5.9447,0.72249,0.54422,0.1529,-1.3548,0.2073,-0.61404,-0.24449,-2.4392,-11.182,-3.4849,0.80338,0.0758,-0.94773,0.3937,0.35076,0.27618
9.6929,-0.41154,2.9028,-0.060995,0.10485,0.025489,-0.5993,-0.18418,0.12823,2.7123,0.52904,9.3718,0.028566,-0.015309,0.032708,-0.28501,-0.15185,-0.2372,1.4752,-1.1035,9.8887,-0.081047,0.028447,0.00567,-0.63183,-0.1254,-0.51835,0.25746,7.2528,0.19956,0.58666,0.070767,-1.6065,0.24119,-0.60396,-0.22477,-2.1843,-11.154,-3.2714,0.81154,0.17912,-1.0639,0.37563,0.38162,0.27248
9.6466,-0.67856,3.0723,-0.026347,-0.069064,-0.029352,-0.59927,-0.18498,0.12877,2.7906,0.54351,9.3844,0.005107,-0.031107,0.039946,-0.28683,-0.15121,-0.23719,1.4264,-1.0862,9.829,-0.070275,-0.009637,0.005593,-0.63153,-0.1249,-0.51734,-0.61167,7.4026,-0.58341,0.64209,-0.010906,-1.8241,0.27423,-0.59155,-0.20801,-1.7947,-10.991,-3.5034,0.72282,0.18729,-1.1696,0.35255,0.4148,0.27018
9.3336,-0.57303,3.2497,-0.002474,0.007084,-0.01781,-0.59891,-0.18601,0.12798,2.8007,0.46591,9.389,0.021283,-0.050761,0.018359,-0.28656,-0.15186,-0.23703,1.356,-1.2096,9.7787,-0.011014,-0.042218,-0.008567,-0.63149,-0.12296,-0.51651,-1.9031,8.3901,-1.1807,0.78224,-0.007944,-2.018,0.30788,-0.57704,-0.18552,-1.6309,-11.619,-3.4799,0.68305,0.36898,-1.3908,0.3211,0.44844,0.26693
9.185,-0.71087,2.8149,0.013726,-0.008146,0.004124,-0.59761,-0.18567,0.12952,2.8097,0.53204,9.2533,-0.001575,-0.033295,-0.012475,-0.28547,-0.15266,-0.2363,1.434,-1.115,9.6242,0.038773,-0.039946,-0.042032,-0.6315,-0.12532,-0.51417,-3.225,9.698,-1.3287,0.52412,-0.072979,-2.0235,0.34365,-0.56002,-0.1648,-1.4052,-11.662,-2.2734,0.47451,0.53193,-1.705,0.28081,0.48275,0.26726
9.23,-0.68868,2.7334,0.049005,-0.051087,-0.039417,-0.59771,-0.18608,0.1302,2.8554,0.38742,9.5688,-0.010215,-0.001665,-0.028244,-0.28533,-0.15124,-0.23593,1.566,-1.2707,9.4725,0.005906,-0.019472,-0.047302,-0.63157,-0.12728,-0.5131,-3.7108,11.501,-0.63513,0.24228,-0.048451,-1.8464,0.37591,-0.54152,-0.15127,-0.66701,-9.6435,-1.5532,0.55399,0.55049,-1.8511,0.22948,0.5134,0.2641
9.2008,-0.46669,2.8614,0.057602,0.014775,-0.074333,-0.59719,-0.18835,0.13213,2.8518,0.33089,9.2332,0.008344,0.022733,-0.071855,-0.28551,-0.15471,-0.23731,1.6142,-1.116,9.7052,0.077253,-0.009916,-0.050709,-0.63217,-0.12973,-0.51256,-4.7546,12.443,-0.83721,0.39046,0.080545,-1.585,0.40257,-0.52853,-0.14063,0.47,-6.6867,-0.53982,0.32423,0.44077,-1.7207,0.17966,0.53225,0.26294
9.4761,-0.46227,3.0575,0.075594,-0.030512,-0.11056,-0.59622,-0.1889,0.13258,2.9076,0.32187,9.0949,0.029989,0.060007,-0.054936,-0.28428,-0.15447,-0.2362,1.4976,-1.2561,9.6179,0.032723,-0.028428,-0.050843,-0.633,-0.13153,-0.51141,-5.4855,13.655,-0.83071,0.92064,0.22662,-1.1522,0.42709,-0.5225,-0.11353,1.6117,-5.373,0.40943,0.40851,0.30991,-1.4546,0.14053,0.54407,0.26052
9.6778,-0.32343,3.1346,0.15673,-0.16474,-0.19465,-0.59243,-0.19195,0.13777,2.7521,0.54275,9.5397,0.11222,0.04732,-0.067225,-0.28094,-0.1563,-0.23494,1.4044,-1.0278,9.813,0.014765,-0.072112,-0.046546,-0.63305,-0.13233,-0.50987,-5.0576,14.632,-0.98074,0.82374,0.20745,-0.71273,0.44202,-0.52056,-0.084625,3.2683,-4.9341,0.85698,0.42314,0.095904,-1.1168,0.11382,0.55219,0.25524
9.4567,0.10147,2.9268,0.22588,-0.17179,-0.28119,-0.58909,-0.19687,0.14444,2.6631,0.74683,9.4575,0.08702,0.047471,-0.054557,-0.27975,-0.15778,-0.23732,1.3991,-0.90209,10.136,0.11511,-0.14278,-0.066885,-0.63383,-0.13505,-0.50782,-4.1729,13.753,-1.5473,0.29874,0.16034,-0.34714,0.44795,-0.52225,-0.0662,4.3313,-5.0944,0.39636,0.26955,0.022791,-0.70581,0.095351,0.55921,0.24917
9.1297,0.26007,2.8283,0.31228,-0.15361,-0.34684,-0.58482,-0.20231,0.15088,2.6747,0.57853,9.17,0.086875,0.072687,-0.005545,-0.27724,-0.15972,-0.23702,1.5943,-0.80005,9.5967,0.17824,-0.19342,-0.005901,-0.63903,-0.13983,-0.50314,-3.5872,12.777,-2.4724,-0.12131,0.15024,0.10781,0.44989,-0.52176,-0.059488,4.8476,-5.1322,-0.17029,0.20117,0.039616,-0.30236,0.08532,0.56232,0.24611
8.8618,0.23343,2.6172,0.25555,-0.041286,-0.27631,-0.58088,-0.20883,0.15366,2.6135,0.8757,9.3849,0.08497,0.089572,0.008824,-0.27517,-0.161,-0.2374,1.7408,-0.84405,9.3699,0.20221,-0.16398,0.00041,-0.64382,-0.1449,-0.49781,-3.6557,11.621,-2.3899,-0.47363,0.078643,0.29147,0.44644,-0.51791,-0.070784,5.0648,-5.2682,0.004849,0.070662,0.063803,0.076102,0.083185,0.56337,0.24456
9.161,0.43137,2.5387,0.12123,-0.004714,-0.15806,-0.5796,-0.21227,0.15482,2.6641,0.44594,9.5072,0.043999,0.086749,-0.012241,-0.27208,-0.16315,-0.23836,2.0794,-0.85072,9.4216,0.1674,-0.062721,-0.006394,-0.64629,-0.14809,-0.49431,-4.0314,10.986,-1.5264,-0.7986,-0.001536,0.58994,0.43825,-0.51526,-0.089716,4.572,-4.791,0.92422,-0.11484,0.003317,0.47977,0.088357,0.56076,0.24531
9.3839,0.3402,2.6591,0.032716,0.10088,-0.086558,-0.57846,-0.21414,0.15596,2.6686,0.48029,9.4247,0.036698,0.046876,-0.027506,-0.26954,-0.16271,-0.23953,1.9729,-1.0876,9.1234,0.02127,0.02231,-0.015265,-0.64672,-0.15017,-0.49276,-3.9607,10.601,-0.87928,-1.0112,-0.17193,0.78193,0.42868,-0.51414,-0.11242,3.6877,-5.0711,1.0131,-0.34241,-0.094305,0.86359,0.10228,0.55756,0.24849
9.4731,0.39804,2.8393,-0.076288,0.13281,0.032646,-0.57806,-0.21263,0.15326,2.5656,0.70772,9.5248,-0.027698,0.028997,-0.057288,-0.26991,-0.16183,-0.23892,1.7672,-0.84979,9.7518,0.000329,0.033127,-0.047109,-0.64474,-0.15245,-0.4936,-3.5379,9.9703,-0.35987,-1.1477,-0.32151,0.91224,0.41141,-0.5162,-0.14064,2.5249,-5.9238,0.73716,-0.54725,-0.22835,1.1659,0.12453,0.54886,0.25484
9.5774,0.44864,2.9448,-0.096578,0.087695,0.063837,-0.57819,-0.21257,0.15095,2.597,0.77101,9.4718,0.007852,0.006986,-0.045237,-0.26989,-0.16371,-0.24123,1.7011,-0.59193,9.6828,0.012865,0.033182,-0.050621,-0.64392,-0.15155,-0.49497,-3.7344,10.553,-0.049311,-0.86465,-0.33401,1.0085,0.39646,-0.51721,-0.16995,1.3916,-6.767,-0.16585,-0.76153,-0.34987,1.3796,0.15609,0.53689,0.26704
9.6216,0.43264,3.154,-0.10207,0.086077,0.069323,-0.58238,-0.21024,0.14832,2.5451,0.76195,9.3451,-0.011094,-0.008824,-0.038065,-0.26809,-0.16498,-0.24188,1.7623,-0.67692,9.5238,0.002172,0.007712,-0.04714,-0.64357,-0.15299,-0.49555,-3.2733,11.198,0.52201,-0.71949,-0.35098,1.2256,0.37701,-0.5198,-0.19735,0.17622,-7.1827,-1.4202,-0.94605,-0.50038,1.5261,0.19707,0.51518,0.28199
9.243,0.59993,2.8388,-0.071449,0.03356,0.057687,-0.58118,-0.21129,0.14797,2.5114,0.80723,9.5055,-0.015089,-0.042312,-0.023978,-0.26753,-0.16551,-0.24132,1.7496,-0.5341,9.7827,0.001759,0.015345,-0.032106,-0.64343,-0.15415,-0.49778,-3.0896,11.828,0.65257,-0.57657,-0.30974,1.4343,0.35308,-0.52459,-0.21979,-0.83026,-8.2577,-2.4188,-1.0256,-0.6511,1.647,0.24182,0.48557,0.29574
9.2508,0.60046,2.6897,-0.093313,0.034164,0.095951,-0.58264,-0.20887,0.14614,2.6386,0.70814,9.4377,-0.012653,-0.041101,0.009804,-0.26787,-0.1658,-0.24042,1.8281,-0.74792,9.6532,-0.040946,0.01782,0.007598,-0.6424,-0.15549,-0.49731,-2.6644,11.92,0.56347,-0.5248,-0.17607,1.6823,0.32775,-0.53511,-0.24109,-1.2216,-8.948,-3.1894,-0.92604,-0.74336,1.7548,0.2904,0.44639,0.30178
8.8611,0.33525,3.0954,0.013424,0.017346,0.1007,-0.58294,-0.20637,0.14556,2.6108,0.82281,9.2923,-0.012451,0.002355,0.024268,-0.26987,-0.1632,-0.24071,1.7012,-0.53794,9.3884,-0.012471,0.062956,0.051871,-0.64144,-0.15305,-0.49834,-2.0133,10.02,0.045879,-0.42238,0.001333,1.8428,0.29807,-0.54848,-0.25769,-2.1853,-11.27,-4.2579,-0.60919,-0.6997,1.7114,0.33409,0.40432,0.29729
9.8466,0.5803,2.8284,-0.036891,0.1204,0.12764,-0.58547,-0.20381,0.14382,2.7274,0.48025,9.4324,-0.019259,0.030498,0.010224,-0.27021,-0.16251,-0.24218,1.8865,-0.68982,9.5919,-0.10311,0.10376,0.11547,-0.63891,-0.14961,-0.50084,-0.87978,7.95,1.0088,-0.16035,0.051501,1.8286,0.26848,-0.56524,-0.26674,-2.7736,-12.606,-6.1242,-0.79076,-0.46653,1.4749,0.36923,0.36457,0.29142
9.412,0.30047,3.2784,0.043597,0.020772,0.020536,-0.58611,-0.2018,0.14202,2.6424,1.0914,9.4055,0.007168,0.013017,0.033101,-0.26977,-0.16273,-0.24371,1.6989,-0.82049,9.8505,-0.092492,0.041304,0.12235,-0.6376,-0.14507,-0.50494,1.1656,5.4521,1.2102,-0.27628,-0.093864,1.6144,0.23386,-0.58295,-0.27654,-2.8645,-13.549,-5.5605,-0.81917,-0.32993,1.06,0.39443,0.32868,0.28757
9.5759,0.1887,3.1073,0.026282,-0.030652,-0.013918,-0.58726,-0.20228,0.14563,2.3605,0.63946,9.6058,-0.027528,-0.005956,0.097203,-0.27018,-0.16156,-0.24376,1.4341,-1.2219,9.675,-0.10555,-0.007434,0.031162,-0.63726,-0.14195,-0.50577,2.6079,4.3287,2.1858,-0.090768,-0.10555,1.2576,0.20253,-0.59669,-0.28276,-2.4891,-13.359,-4.8962,-0.40279,-0.10469,0.74279,0.41208,0.30502,0.28511
9.419,0.071696,3.0382,-0.068016,-0.013202,0.042398,-0.58724,-0.20281,0.14605,2.5859,0.38543,9.4894,-0.054472,-0.076906,0.057923,-0.27154,-0.15843,-0.24441,1.5307,-0.69779,9.6184,-0.03839,0.004692,0.056953,-0.63778,-0.13855,-0.50602,3.8394,4.5808,2.2403,0.004008,-0.23148,0.88967,0.17693,-0.60861,-0.28421,-2.2708,-13.183,-4.0702,-0.017824,0.11566,0.54152,0.42137,0.29057,0.28153
9.1285,-0.094909,2.6693,-0.15011,-0.047995,0.16459,-0.58842,-0.19877,0.14191,2.654,0.6976,9.6079,-0.066891,-0.10556,0.011692,-0.27534,-0.15722,-0.2423,1.7263,-0.99971,9.5386,-0.029614,0.049259,0.021756,-0.63846,-0.13642,-0.50941,4.7869,4.4603,1.4641,0.043787,-0.15306,0.46834,0.15781,-0.61405,-0.28802,-2.3974,-12.87,-3.8698,-0.047433,0.1808,0.13687,0.42493,0.28463,0.28336
9.0391,-0.005761,2.7886,-0.25936,-0.27109,0.25113,-0.58978,-0.19685,0.14414,2.7021,0.64797,9.3455,-0.12243,-0.12312,0.009383,-0.2779,-0.15597,-0.24129,1.7164,-0.82196,9.3105,-0.079999,0.10281,-0.002903,-0.63785,-0.13552,-0.50991,4.8419,5.1675,0.99927,0.37069,-0.035845,-0.00454,0.15074,-0.62012,-0.28291,-2.186,-11.704,-4.2142,0.1974,0.14892,-0.15081,0.42178,0.28723,0.28468
9.2632,0.1623,2.9257,-0.24745,0.074136,0.19041,-0.59208,-0.1935,0.14172,2.8043,0.57618,9.1514,-0.04695,-0.077091,0.023236,-0.2809,-0.1525,-0.24074,1.6727,-0.9896,9.4765,-0.10557,0.124,-0.018817,-0.63707,-0.13291,-0.51449,4.3973,5.7969,0.74204,0.45161,0.009816,-0.37469,0.15583,-0.6223,-0.27498,-2.3501,-11.15,-4.4247,0.40065,0.22956,-0.41122,0.4155,0.29842,0.28681
9.2031,-0.007022,2.7749,-0.16753,0.10201,0.17579,-0.59404,-0.1907,0.14054,2.7711,0.4516,9.3402,-0.025452,-0.022913,0.063344,-0.283,-0.1549,-0.23912,1.4825,-1.0231,9.7383,-0.14692,0.12219,-0.006566,-0.63378,-0.1321,-0.51687,3.7622,5.7202,0.52677,0.52673,0.078423,-0.79511,0.17049,-0.62216,-0.26343,-2.432,-10.896,-4.3133,0.63749,0.28242,-0.63121,0.40513,0.31577,0.29069
9.4846,-0.27683,2.9842,-0.05182,0.021707,0.11887,-0.59512,-0.1867,0.13817,2.851,0.58801,9.21,-0.032344,0.008041,0.059148,-0.28299,-0.15218,-0.23852,1.3749,-0.83071,9.7015,-0.078057,0.067387,0.030483,-0.63133,-0.12815,-0.51837,2.9117,5.3361,0.10491,0.58572,0.04682,-1.1713,0.19286,-0.61579,-0.25126,-2.4094,-11.046,-3.9323,0.901,0.25036,-0.84372,0.39049,0.3432,0.2893
9.9305,-0.45891,3.158,-0.042467,0.036184,0.053204,-0.59696,-0.18495,0.13659,2.7081,0.47979,9.5246,0.032323,0.025391,0.042672,-0.28391,-0.1507,-0.24068,1.4435,-1.1837,10.002,-0.02542,0.034145,0.032222,-0.63082,-0.12607,-0.52094,1.4344,6.1355,-0.54842,0.68671,0.085913,-1.5211,0.22165,-0.61054,-0.23243,-2.4088,-10.688,-3.9612,1.0159,0.14994,-0.95503,0.37307,0.37274,0.28512
9.5949,-0.56701,3.0727,-0.005876,0.038319,-0.031611,-0.59606,-0.18558,0.13568,2.723,0.46985,9.5733,0.002434,-0.008957,0.052518,-0.28337,-0.15109,-0.24051,1.4921,-0.91134,9.6534,-0.056092,-0.019192,0.05332,-0.62934,-0.12393,-0.51915,-0.19249,7.1278,-0.83731,0.75365,0.10756,-1.8269,0.25581,-0.60007,-0.20939,-1.8844,-10.878,-3.5345,1.2315,0.035425,-1.1085,0.35474,0.4095,0.27355
9.7082,-0.51396,2.5441,0.049928,-0.058375,-0.053932,-0.59644,-0.18716,0.13608,2.7733,0.55341,9.3455,0.012295,-0.041811,0.029157,-0.28423,-0.15203,-0.23963,1.3808,-1.4403,9.7513,-0.02564,-0.049124,0.010818,-0.6293,-0.12303,-0.51829,-2.0048,8.0279,-0.77716,0.67959,0.060015,-2.0353,0.29385,-0.58594,-0.18524,-1.9599,-11.38,-3.2532,1.023,0.24236,-1.3381,0.32724,0.44882,0.25965
9.3346,-0.64498,2.712,0.047927,-0.097886,-0.056534,-0.59508,-0.18725,0.13885,2.8104,0.37903,9.306,0.026731,-0.045454,0.01833,-0.28602,-0.14947,-0.23874,1.4533,-1.0471,9.6625,0.009209,-0.072769,-0.035057,-0.63032,-0.12301,-0.51594,-3.0915,8.6318,-0.93471,0.54097,-0.08986,-2.1385,0.33133,-0.56988,-0.16377,-1.2314,-10.984,-1.8801,0.78611,0.44301,-1.5482,0.28914,0.48427,0.25361
9.1416,-0.52448,2.6069,0.051718,-0.07115,-0.061224,-0.59157,-0.18918,0.1413,2.7984,0.55991,9.5012,0.03625,-0.03012,-0.042994,-0.28575,-0.15168,-0.23881,1.4975,-1.1394,9.5474,-0.04525,-0.06787,-0.073963,-0.63084,-0.12301,-0.51369,-3.7061,10.541,-0.76155,0.30664,-0.096217,-2.0587,0.36597,-0.55104,-0.14973,-0.92264,-10.496,-1.0069,0.58082,0.55894,-1.7071,0.24514,0.51608,0.24666
9.0297,-0.612,2.4861,0.066679,0.007381,-0.075241,-0.59086,-0.19103,0.14189,2.7855,0.3867,9.2257,0.010708,0.00523,-0.050631,-0.28567,-0.15313,-0.23774,1.4878,-1.2512,9.647,0.004459,-0.050817,-0.063289,-0.63302,-0.12737,-0.51191,-4.4333,12.265,-1.2207,0.41479,0.020327,-1.844,0.39725,-0.53392,-0.13677,0.19123,-7.8897,-0.069623,0.44055,0.49659,-1.7756,0.19662,0.53856,0.24213
9.2311,-0.39261,2.8024,0.04307,-0.030549,-0.12158,-0.58988,-0.19119,0.14261,2.8101,0.34794,9.2184,0.020804,0.040587,-0.048749,-0.28375,-0.15375,-0.2384,1.4682,-1.1027,9.473,0.003498,-0.017999,-0.061444,-0.63214,-0.12766,-0.51186,-5.5198,14.279,-1.3498,1.0326,0.26328,-1.436,0.42469,-0.52461,-0.11179,1.6051,-5.2339,1.2091,0.23122,0.46341,-1.5391,0.15396,0.55205,0.24104
9.4707,-0.11331,2.8807,0.10632,-0.085186,-0.16135,-0.5872,-0.19552,0.14708,2.8026,0.43266,9.2479,0.056896,0.065159,-0.063131,-0.28045,-0.15815,-0.23827,1.5559,-1.0642,9.4149,-0.025084,-0.018218,-0.059681,-0.63447,-0.12928,-0.51041,-5.3761,16.778,-1.4097,1.1529,0.24499,-0.82143,0.44296,-0.5222,-0.072527,2.7604,-4.6066,1.8803,0.36134,0.072976,-1.1789,0.12219,0.55994,0.24147
9.7999,0.033274,2.6155,0.15576,-0.01253,-0.2017,-0.58609,-0.19913,0.14999,2.6114,0.8777,9.4699,0.10792,0.072029,-0.072373,-0.27776,-0.15876,-0.23915,1.5648,-0.80786,9.9436,0.01679,-0.073281,-0.019104,-0.63548,-0.13095,-0.50789,-4.6597,15.312,-1.8139,0.10151,0.032356,-0.29743,0.45304,-0.52099,-0.056957,3.5751,-5.2427,1.1004,0.25235,-0.038149,-0.79898,0.10231,0.5643,0.23567
9.2797,0.24568,2.419,0.18531,0.038149,-0.27489,-0.58224,-0.20528,0.15358,2.6334,0.78589,9.404,0.06709,0.070885,-0.008031,-0.27602,-0.16097,-0.23862,1.5749,-1.0751,9.9875,0.075562,-0.1271,-0.008572,-0.63657,-0.1317,-0.50704,-3.7632,12.079,-2.5877,-0.17974,0.0985,0.18407,0.45202,-0.52093,-0.058065,3.9771,-6.2197,0.0885,0.01617,-0.069114,-0.47043,0.089204,0.56656,0.23427
9.1607,0.32066,2.4335,0.25055,0.072177,-0.2403,-0.58176,-0.20761,0.1524,2.7011,0.83288,9.2151,0.070815,0.093974,-0.000812,-0.27439,-0.16118,-0.23983,1.6631,-1.0064,9.3838,0.16029,-0.12251,-0.001357,-0.63982,-0.13397,-0.50133,-3.403,10.191,-2.9011,-0.42214,0.11887,0.24113,0.44791,-0.51991,-0.062897,4.8845,-5.4609,-0.19297,-0.074182,-0.10212,-0.12717,0.08217,0.56698,0.23871
9.0998,0.12782,2.6108,0.21821,-0.009289,-0.18163,-0.57946,-0.21175,0.15496,2.6239,0.62604,9.3692,0.067349,0.11071,-0.000732,-0.27239,-0.16087,-0.24129,1.9678,-1.0538,9.2792,0.14265,-0.067601,-0.013545,-0.64162,-0.13639,-0.49933,-3.7401,10.712,-2.1656,-0.73379,0.054432,0.40582,0.44217,-0.51917,-0.073631,5.0214,-4.5223,0.36474,-0.2164,-0.096632,0.30366,0.086332,0.56316,0.24186
9.3322,0.37816,2.5321,0.055299,0.050783,-0.13283,-0.5768,-0.21313,0.1567,2.5367,0.47031,9.4846,0.061784,0.0797,-0.004441,-0.26973,-0.16288,-0.24293,1.668,-1.1525,9.5991,0.016992,-0.012327,0.016352,-0.6437,-0.1384,-0.49799,-4.3316,11.485,-1.0078,-1.1102,-0.090672,0.71209,0.43173,-0.51659,-0.096643,4.2869,-4.6753,0.24732,-0.33344,-0.13993,0.73996,0.099576,0.55861,0.24651
9.4583,0.37629,2.7495,0.016214,0.11807,-0.016419,-0.57751,-0.21376,0.156,2.4876,0.70732,9.6069,0.024426,0.052709,-0.062937,-0.26809,-0.16388,-0.24399,1.741,-1.0337,9.5077,0.043519,0.022297,-0.059467,-0.64217,-0.13872,-0.49765,-4.083,11.289,-0.53733,-1.2727,-0.24712,0.93244,0.41892,-0.51425,-0.12983,3.162,-5.4543,0.21874,-0.56782,-0.21919,1.0987,0.11829,0.55078,0.25581
9.4509,0.46463,2.9067,-0.096318,0.15426,0.085425,-0.57779,-0.21264,0.15327,2.4476,0.74704,9.4197,0.00783,0.019455,-0.030973,-0.26494,-0.16451,-0.24367,1.726,-0.83461,9.5456,0.036349,0.053098,-0.062047,-0.64177,-0.14251,-0.49727,-3.6135,10.165,-0.29407,-1.0962,-0.31263,1.0791,0.40447,-0.50947,-0.16495,1.8866,-6.4334,-0.074406,-0.71785,-0.31438,1.3614,0.14662,0.53864,0.26777
9.481,0.77374,3.3641,-0.068326,-0.045955,0.06356,-0.5784,-0.21181,0.15202,2.5628,0.80239,9.5009,-0.003006,-0.017834,-0.054172,-0.26497,-0.1645,-0.24419,1.7844,-0.77652,9.4916,-0.048068,0.065772,-0.036483,-0.64009,-0.1436,-0.49905,-3.5564,10.943,0.28399,-0.80541,-0.28119,1.2648,0.38516,-0.51321,-0.19287,0.4988,-7.141,-0.97388,-0.85265,-0.48968,1.5565,0.18524,0.5213,0.28042
9.4436,0.50911,2.9144,-0.13521,0.00427,0.11064,-0.58114,-0.20902,0.15135,2.4772,0.79497,9.5344,-0.02288,-0.039028,-0.052358,-0.26554,-0.16448,-0.24514,1.6866,-0.67932,9.7085,-0.029048,0.080226,-0.011725,-0.63796,-0.14391,-0.50209,-3.7989,11.728,0.56339,-0.78609,-0.2686,1.5095,0.3623,-0.52015,-0.21698,-0.42586,-8.1916,-2.6584,-0.94249,-0.63281,1.6548,0.23302,0.4928,0.29198
9.4071,0.68715,2.9302,-0.10416,0.039631,0.088647,-0.58183,-0.20797,0.15118,2.5401,0.91198,9.404,-0.014167,-0.029838,-0.0159,-0.26675,-0.16472,-0.24598,1.6186,-0.80999,9.6511,-0.020585,0.050977,0.013807,-0.63561,-0.1415,-0.50558,-2.5678,10.86,1.2044,-0.75219,-0.29554,1.6671,0.33452,-0.52966,-0.24343,-1.7026,-10.007,-2.9613,-0.99571,-0.67987,1.7105,0.28089,0.45492,0.29957
9.2798,0.45922,2.7487,-0.077174,-0.009154,0.080656,-0.58201,-0.20467,0.15033,2.4329,0.95963,9.5761,-0.036028,-0.049126,0.004621,-0.2667,-0.1663,-0.2453,1.5359,-0.78981,9.4783,-0.03297,0.058115,0.010256,-0.634,-0.1409,-0.50627,-1.6038,9.4827,1.4803,-0.33439,-0.24632,1.7678,0.30583,-0.54165,-0.2625,-2.0344,-10.975,-3.5224,-0.63872,-0.73794,1.6035,0.32476,0.41736,0.29648
9.2053,0.46711,2.778,-0.083341,0.028582,0.08504,-0.58318,-0.20344,0.14879,2.565,0.6891,9.3667,-0.035747,-0.013648,0.01368,-0.26809,-0.16355,-0.24634,1.5528,-0.84378,9.7191,-0.004535,0.038416,0.014659,-0.63375,-0.13985,-0.50881,-1.33,8.6205,1.6669,-0.046104,-0.1227,1.7747,0.27572,-0.55781,-0.27369,-2.1712,-11.553,-4.6095,-0.72855,-0.60205,1.4229,0.36037,0.37945,0.29193
9.459,0.65686,2.9901,-0.090678,-0.001143,0.059664,-0.58372,-0.20213,0.14876,2.672,0.60777,9.141,-0.039332,0.001627,0.035133,-0.269,-0.16317,-0.2464,1.6874,-1.0578,9.5488,-0.017908,0.057608,0.058864,-0.6343,-0.13969,-0.50973,0.069708,6.7798,1.9446,0.046209,-0.18432,1.6715,0.24232,-0.57716,-0.27827,-2.8308,-11.293,-5.5987,-0.74703,-0.33409,1.1953,0.38694,0.34317,0.28839
9.5981,0.18837,3.1448,-0.037324,-0.018552,0.055258,-0.58618,-0.20236,0.14825,2.5601,0.9235,9.5257,0.030135,0.013243,0.068447,-0.26893,-0.16145,-0.24721,1.6724,-0.72699,9.2837,-0.099715,0.080253,0.044717,-0.63152,-0.13665,-0.5122,2.173,4.4637,1.7568,0.035753,-0.23395,1.4014,0.20482,-0.59422,-0.28372,-3.1936,-13.309,-5.3712,-0.71026,-0.09734,0.92842,0.40451,0.31354,0.28737
9.5752,0.12879,3.2711,-0.13166,-0.033806,0.070701,-0.58593,-0.20144,0.14799,2.4104,0.63342,9.8443,-0.033241,-0.071566,0.075574,-0.27042,-0.15963,-0.24784,1.5433,-0.98956,9.79,-0.14834,0.085731,0.062265,-0.62895,-0.13281,-0.51635,4.0874,3.888,1.3307,0.07113,-0.31001,1.0063,0.17215,-0.608,-0.28855,-2.669,-13.628,-4.5638,-0.073387,0.005832,0.69578,0.41709,0.29474,0.28412
9.6364,0.32951,2.9744,-0.12465,-0.20682,0.14715,-0.58699,-0.19895,0.14833,2.395,0.48212,9.5519,-0.051951,-0.12312,0.034519,-0.27446,-0.15939,-0.24794,1.565,-1.0244,10.153,-0.16863,-0.000951,0.095621,-0.62929,-0.12771,-0.51803,4.9423,4.5527,1.032,0.25297,-0.17802,0.54053,0.15027,-0.6184,-0.28704,-1.8144,-13.364,-4.332,0.018555,0.12613,0.26272,0.42301,0.28449,0.2809
9.1209,-0.13183,2.6541,-0.16833,-0.081225,0.15011,-0.58807,-0.19574,0.15098,2.6438,0.78507,9.5694,-0.1132,-0.15291,0.04562,-0.27715,-0.15556,-0.24647,1.2105,-1.7362,10.033,0.20978,-0.023744,0.14089,-0.63076,-0.12322,-0.51962,4.9864,5.6376,-0.078831,0.3863,-0.038548,0.1049,0.14026,-0.62555,-0.27956,-2.0976,-12.646,-4.036,0.11273,0.20908,-0.084176,0.42598,0.28477,0.28313
8.9196,-0.32159,2.3379,-0.13384,-0.062553,0.16828,-0.5897,-0.19323,0.15076,2.7259,0.66091,9.1804,-0.12819,-0.11019,0.069077,-0.28345,-0.15215,-0.24453,1.7899,-1.0628,9.3745,-0.024779,0.10773,-0.039926,-0.62909,-0.1255,-0.51909,4.7598,6.1613,0.021093,0.46378,0.090646,-0.26733,0.14056,-0.6303,-0.27066,-2.2904,-11.299,-4.454,0.32277,0.23237,-0.39022,0.41955,0.29331,0.2845
9.0835,-0.25682,2.4888,-0.08464,-0.017428,0.14264,-0.59119,-0.18891,0.15094,2.9805,0.20413,8.8786,-0.052298,-0.033288,0.072391,-0.28618,-0.14984,-0.24408,1.7387,-1.0869,9.3888,-0.12274,0.11689,-0.006476,-0.628,-0.12083,-0.52258,4.2881,4.9888,0.14795,0.48849,0.097587,-0.73781,0.15397,-0.63079,-0.25916,-2.3041,-10.846,-3.8553,0.68391,0.21833,-0.61552,0.41027,0.31056,0.28695
9.5158,-0.28958,2.4024,-0.080579,0.034003,0.095039,-0.593,-0.18736,0.15235,2.8051,0.59942,9.3556,0.002949,0.028904,0.028734,-0.2856,-0.14909,-0.24289,1.4827,-1.1421,9.7428,-0.084529,0.10102,-0.00125,-0.62524,-0.12039,-0.52548,3.2782,5.2178,0.029866,0.58913,0.14523,-1.153,0.17898,-0.62841,-0.24196,-2.5281,-10.705,-3.2759,0.84983,0.19052,-0.82405,0.39746,0.33681,0.28484
9.6329,-0.51468,2.8793,-0.1184,0.087303,0.095698,-0.594,-0.18465,0.1489,2.576,0.46042,9.5237,-0.010824,0.015796,0.05451,-0.28592,-0.14854,-0.24396,1.2584,-0.99746,9.5951,-0.15975,0.077259,0.014466,-0.62312,-0.11693,-0.52851,1.5151,6.5694,-0.20212,0.6254,0.10005,-1.5315,0.21112,-0.61926,-0.22801,-2.2056,-10.407,-3.4639,0.85352,0.18679,-0.95991,0.37886,0.36726,0.28287
9.9464,-0.53102,2.6279,0.046933,-0.017298,0.066296,-0.59397,-0.18434,0.147,2.6877,0.61134,9.3987,0.006875,-0.018665,0.05066,-0.2862,-0.14751,-0.24399,1.1562,-1.3549,10.108,0.004398,0.041307,0.014508,-0.62082,-0.11379,-0.52557,0.009289,7.2399,-0.54825,0.59059,0.039057,-1.7797,0.24596,-0.60495,-0.21064,-2.1699,-11.423,-3.481,0.86867,0.17046,-1.1482,0.35842,0.39915,0.27988
9.6626,-0.6916,2.5948,0.06937,-0.082424,0.039212,-0.59525,-0.1824,0.14843,2.787,0.27617,9.5144,0.006294,-0.025198,0.013258,-0.28512,-0.14777,-0.24341,1.1512,-1.2063,9.9003,-0.076608,-0.015107,-0.031609,-0.62094,-0.11416,-0.52797,-1.4843,8.2423,-1.3222,0.78543,0.045549,-1.993,0.28307,-0.5911,-0.18905,-1.8696,-11.096,-3.3406,0.70292,0.26012,-1.2866,0.33189,0.43442,0.27649
9.3638,-0.85201,2.5468,0.11504,-0.038511,0.000745,-0.59361,-0.1821,0.1512,2.7224,0.50929,9.4422,-0.003514,-0.042148,-0.008073,-0.28635,-0.1473,-0.24205,1.259,-1.3933,9.6313,-0.018488,-0.041911,-0.03158,-0.6204,-0.11405,-0.52719,-2.6073,8.7401,-1.2628,0.58511,-0.10072,-2.1218,0.32142,-0.57355,-0.16609,-1.691,-11.859,-3.1902,0.85818,0.29787,-1.4821,0.29834,0.46807,0.26837
9.3561,-0.77893,2.8158,0.067892,-0.048038,-0.004735,-0.59214,-0.18269,0.15343,2.7807,0.43493,9.2794,0.022063,-0.019453,-0.041068,-0.28654,-0.1498,-0.2411,1.4292,-1.1197,9.5851,0.073751,-0.031687,-0.050808,-0.61901,-0.11582,-0.52479,-3.6276,9.5688,-1.2917,0.30594,-0.054058,-2.0852,0.35773,-0.55832,-0.14984,-0.65399,-10.478,-2.1678,0.82152,0.4315,-1.7603,0.25299,0.50348,0.25823
9.4485,-0.43653,2.2293,0.050138,0.001079,-0.019571,-0.59224,-0.18179,0.1541,2.7663,0.47563,9.384,0.029308,0.004434,-0.03477,-0.28579,-0.14913,-0.24159,1.3173,-1.2989,9.6257,0.005602,-0.004527,-0.034983,-0.62114,-0.11678,-0.52449,-4.4428,11.438,-0.73231,0.15674,-0.03219,-1.916,0.39011,-0.54031,-0.13696,-0.19315,-8.5104,-1.5197,0.46451,0.57721,-1.8356,0.20313,0.52966,0.25253
9.4181,-0.371,2.5802,0.068228,-0.006314,-0.03409,-0.59419,-0.18155,0.15551,2.7423,0.34457,9.4124,0.024319,0.006723,-0.074752,-0.28415,-0.15136,-0.24055,1.4245,-1.2801,9.6759,-0.014235,-0.000155,-0.068526,-0.61888,-0.11738,-0.52474,-5.3304,12.382,-1.2614,0.93983,0.25526,-1.6032,0.4185,-0.52906,-0.11538,1.0476,-6.4445,-0.066198,0.39622,0.57969,-1.6795,0.15835,0.54592,0.25038
9.6412,-0.42508,2.686,0.12973,-0.068427,-0.097552,-0.59061,-0.18162,0.15687,2.8099,0.48837,9.2579,0.062569,0.007881,-0.043912,-0.28376,-0.15116,-0.24288,1.3101,-1.3378,9.6849,0.006047,-0.03414,-0.05448,-0.62025,-0.11851,-0.52427,-6.0986,16.623,-0.84625,1.2755,0.26887,-0.98536,0.44164,-0.52814,-0.072973,2.7462,-3.8275,1.2546,0.48814,0.39843,-1.3282,0.12108,0.55686,0.2439
9.665,-0.20968,2.501,0.13026,0.010015,-0.1289,-0.58864,-0.18521,0.1582,2.6873,0.76164,9.4043,0.10308,0.033295,-0.058317,-0.28141,-0.15406,-0.24087,1.302,-0.92029,9.7558,0.052299,-0.080001,-0.049186,-0.62167,-0.12081,-0.52251,-4.4077,15.755,-1.6967,0.1753,0.15182,-0.37592,0.45098,-0.52469,-0.050955,4.1395,-3.917,1.4871,0.34895,0.075289,-0.78158,0.099267,0.56398,0.23785
9.2346,0.23075,2.5379,0.1942,0.062321,-0.20384,-0.58604,-0.18688,0.16129,2.6242,0.53865,9.3907,0.11837,0.046565,-0.051301,-0.28006,-0.15718,-0.24048,1.1363,-1.0923,9.991,0.10372,-0.15271,-0.029914,-0.62416,-0.12309,-0.51916,-3.3791,13.024,-2.3484,-0.053656,0.16852,0.059459,0.45268,-0.52218,-0.049292,4.856,-5.0155,0.64451,0.23192,0.026665,-0.32514,0.089445,0.56734,0.23587
8.9655,0.11388,2.662,0.24343,0.051741,-0.30043,-0.58473,-0.1925,0.16044,2.5692,0.83979,9.2921,0.086728,0.079845,0.007853,-0.27827,-0.15857,-0.24139,1.2655,-0.9491,9.6848,0.19687,-0.17557,0.040857,-0.62772,-0.12637,-0.51445,-3.4754,11.226,-2.8286,-0.36633,0.068649,0.19071,0.45009,-0.52028,-0.057364,4.449,-6.2671,0.19347,0.074631,0.053859,-0.024956,0.083251,0.56718,0.23166
9.0702,0.069617,2.4013,0.19966,0.049463,-0.2184,-0.58369,-0.1966,0.162,2.736,0.71854,9.2926,0.065504,0.12417,0.017169,-0.27383,-0.15822,-0.24337,1.785,-1.0093,9.305,0.23654,-0.10678,0.020878,-0.63101,-0.13072,-0.50956,-3.9661,11.071,-2.1705,-0.73658,0.007042,0.4444,0.44504,-0.51532,-0.073505,4.2784,-5.6338,0.90205,-0.056448,0.00083,0.29888,0.085382,0.56813,0.23172
9.5477,0.15488,2.3533,0.065505,0.10008,-0.12664,-0.58187,-0.19835,0.1633,2.6393,0.49706,9.4659,0.086967,0.097387,-0.002755,-0.27198,-0.1599,-0.24324,1.856,-1.1306,9.0881,0.10166,-0.009565,0.025352,-0.6319,-0.13382,-0.50724,-4.146,11.532,-1.3642,-0.99587,-0.05922,0.73613,0.43549,-0.51754,-0.090239,4.0785,-4.5815,1.4842,-0.20636,-0.10145,0.67127,0.096004,0.56678,0.23222
9.5914,0.049831,2.5991,-0.043584,0.091287,-0.038278,-0.5818,-0.19832,0.16209,2.4883,0.63636,9.7378,0.063608,0.04748,-0.04551,-0.27105,-0.15842,-0.2449,1.5704,-1.0767,9.567,-0.026132,0.041104,-0.015402,-0.63171,-0.13421,-0.50849,-3.9766,10.796,-0.87231,-1.2338,-0.24019,0.95178,0.42076,-0.51839,-0.12046,3.2679,-5.3688,1.2667,-0.45179,-0.19749,1.0479,0.11538,0.55952,0.23605
9.532,0.21247,2.8087,-0.11548,0.061947,0.00736,-0.58208,-0.19903,0.15937,2.4313,0.69761,9.6114,-0.010216,-0.005386,-0.039853,-0.26901,-0.16071,-0.24605,1.4631,-1.13,9.8059,-0.024258,0.027155,-0.06316,-0.62918,-0.13418,-0.50836,-3.479,10.046,-0.56136,-1.0878,-0.24937,1.0283,0.4015,-0.51808,-0.1558,1.7596,-6.5994,0.55804,-0.68717,-0.34739,1.2752,0.14332,0.54832,0.24651
9.4569,0.16806,2.9496,-0.14013,0.046352,0.034751,-0.58204,-0.19989,0.15748,2.5381,0.69874,9.3787,-0.022032,-0.021086,-0.0256,-0.26954,-0.16135,-0.24633,1.5309,-0.77549,9.6198,-0.017834,0.015353,-0.02956,-0.6296,-0.13584,-0.50934,-3.4194,10.352,0.062286,-0.89527,-0.26274,1.1572,0.38666,-0.51741,-0.18167,0.65563,-7.5609,-0.71834,-0.95554,-0.45692,1.4267,0.17914,0.532,0.26133
9.3383,0.081742,2.5377,-0.035994,-0.001706,-0.010535,-0.58075,-0.19962,0.15644,2.4915,0.90188,9.4863,-0.015704,-0.017676,-0.037171,-0.26896,-0.16099,-0.24526,1.4528,-0.79963,9.7511,0.042759,0.023196,-0.027735,-0.62924,-0.13624,-0.50969,-3.1495,10.47,0.72788,-0.68353,-0.22077,1.3067,0.36746,-0.52215,-0.20719,-0.30467,-7.9417,-1.6396,-1.1519,-0.60614,1.5117,0.22053,0.50509,0.28093
9.279,0.25931,2.7175,-0.11154,-0.047325,0.022398,-0.5823,-0.20042,0.15761,2.5653,0.57275,9.3613,-0.024531,-0.01412,-0.038004,-0.2698,-0.16083,-0.24635,1.4777,-1.0473,9.7093,0.032113,-0.006873,-0.026058,-0.62955,-0.13687,-0.51083,-2.8479,11.438,0.92047,-0.66297,-0.28509,1.4449,0.345,-0.52665,-0.23102,-1.0261,-8.7263,-2.7521,-1.0858,-0.77835,1.6102,0.26913,0.47062,0.29342
9.5177,0.15477,2.4426,-0.065547,-0.07885,0.037195,-0.58063,-0.19942,0.15862,2.5691,0.87131,9.2922,-0.004029,0.005524,-0.015799,-0.2681,-0.16173,-0.24624,1.5117,-0.84053,9.403,0.046419,0.019615,-0.027719,-0.62766,-0.13772,-0.51096,-2.3684,11.244,1.0879,-0.46443,-0.18332,1.6865,0.31831,-0.53782,-0.25173,-1.6874,-9.5422,-3.5425,-0.86173,-0.84541,1.6529,0.31321,0.42877,0.29603
9.5629,0.25815,2.4361,-0.036239,-0.048252,-0.008488,-0.58205,-0.19891,0.15991,2.4991,0.62609,9.3636,0.036184,-0.003376,-0.011775,-0.26797,-0.16167,-0.24858,1.5358,-0.80698,9.5691,0.062539,0.022499,0.009406,-0.62843,-0.13844,-0.51376,-1.3776,8.8631,1.0053,-0.33512,-0.13116,1.7437,0.28737,-0.55346,-0.26613,-2.1405,-10.864,-5.1376,-0.85001,-0.64336,1.5278,0.3526,0.38627,0.29115
9.585,0.39726,2.8103,-0.082126,0.022115,-0.007004,-0.58173,-0.20103,0.16075,2.5017,0.76602,9.5028,-0.019353,0.003769,-0.009478,-0.26796,-0.16167,-0.24845,1.4868,-0.79031,9.8639,-0.009525,0.015372,0.039319,-0.62719,-0.13862,-0.51419,-0.36658,7.0658,1.2827,-0.13807,-0.063287,1.6997,0.25546,-0.57087,-0.27436,-2.7428,-12.09,-6.2269,-1.0259,-0.38438,1.3277,0.3818,0.34551,0.28805
9.7643,0.43339,2.6776,-0.043379,-0.002996,0.012321,-0.58092,-0.1996,0.16077,2.4919,0.7854,9.5077,0.025102,-0.012007,0.012303,-0.26797,-0.16153,-0.24871,1.5116,-0.97717,9.7453,-0.026085,-0.006961,0.025115,-0.62846,-0.13688,-0.51418,1.8995,5.0578,1.1203,-0.18134,-0.23,1.4527,0.22265,-0.5895,-0.28116,-2.7,-13.3,-6.3191,-0.87154,-0.13267,0.98714,0.40242,0.31153,0.28774
9.6152,0.41977,2.6763,-0.082194,0.036942,0.033057,-0.582,-0.20024,0.16073,2.3702,0.77478,9.6964,-0.002385,-0.04795,0.048778,-0.26967,-0.1618,-0.2488,1.4383,-0.79932,9.6286,-0.059655,-0.018499,0.010037,-0.62787,-0.13715,-0.51503,3.5826,4.7036,1.3346,-0.13558,-0.1457,1.1144,0.1924,-0.59862,-0.28973,-2.1907,-13.949,-5.2065,-0.030648,0.02509,0.75801,0.41785,0.2893,0.28612
9.4273,0.09513,2.7176,-0.053995,-0.078229,0.088282,-0.58209,-0.19935,0.16154,2.4122,0.57867,9.6399,-0.040398,-0.10351,0.055887,-0.27269,-0.16,-0.249,1.5361,-1.0282,9.6927,-0.054544,-0.002747,0.021561,-0.62917,-0.13567,-0.51577,4.3512,4.9831,1.5899,-0.015233,-0.10419,0.72646,0.17032,-0.60705,-0.29221,-1.8291,-13.056,-4.6377,0.1337,0.17185,0.37308,0.42442,0.28198,0.28153
9.173,-0.24267,2.4747,-0.044819,-0.052247,0.10364,-0.58398,-0.19724,0.16172,2.6575,0.80089,9.3119,-0.09031,-0.089244,0.047546,-0.27562,-0.15772,-0.24751,1.5165,-0.80409,9.3805,-0.033371,0.031418,0.032276,-0.63165,-0.13335,-0.51736,4.6943,4.9706,1.3192,0.20787,-0.025697,0.28757,0.15658,-0.6147,-0.29099,-2.3366,-12.347,-3.8375,0.19103,0.20563,-0.006507,0.42568,0.28189,0.27863
9.2039,-0.035239,2.4166,-0.022986,-0.005333,0.13904,-0.58438,-0.19384,0.16181,2.7607,0.55869,9.258,-0.08643,-0.068999,0.036935,-0.27858,-0.15492,-0.24643,1.6412,-1.0889,9.4191,-0.0184,0.064459,0.0412,-0.62955,-0.13108,-0.51833,4.4079,5.4867,1.3954,0.35365,0.022433,-0.12492,0.15557,-0.61823,-0.28308,-2.2371,-11.303,-3.437,0.37703,0.14107,-0.30324,0.42246,0.28965,0.28172
9.3532,-0.021328,2.3432,0.014197,-0.009393,0.12088,-0.58524,-0.18996,0.16351,2.6454,0.75475,9.3262,-0.010938,-0.01962,0.038363,-0.28043,-0.15375,-0.24681,1.5215,-0.96961,9.5741,-0.086974,0.099107,0.030569,-0.62884,-0.12756,-0.5218,4.304,5.2546,1.1835,0.46766,0.059047,-0.5359,0.16192,-0.62057,-0.27496,-2.7003,-10.554,-3.4578,0.47924,0.14426,-0.52309,0.41554,0.30375,0.28284
9.5303,-0.23159,2.6938,0.064286,0.014827,0.069802,-0.58605,-0.18773,0.1636,2.6419,0.37853,9.4119,-0.011563,0.009486,0.036696,-0.28092,-0.15171,-0.2457,1.3022,-1.0806,9.7977,-0.10836,0.066232,0.0304,-0.62657,-0.12453,-0.5219,3.2542,5.7035,0.45655,0.55783,0.050384,-0.91882,0.18135,-0.61848,-0.2616,-2.364,-10.988,-3.5055,0.67972,0.12628,-0.73367,0.40479,0.32431,0.28397
9.5155,-0.18705,2.7015,0.073491,0.030664,0.051507,-0.58669,-0.18682,0.16425,2.6341,0.59894,9.4566,0.012771,0.012808,0.015202,-0.28089,-0.15237,-0.2453,1.2092,-0.93962,9.9503,-0.029957,0.03155,0.034819,-0.62611,-0.1235,-0.52266,2.1516,6.361,0.013491,0.67701,0.061122,-1.2504,0.20348,-0.61355,-0.24573,-2.1695,-11.093,-3.6744,0.81045,0.14271,-0.91668,0.3904,0.35108,0.28234
9.4388,-0.52835,2.9822,0.084328,-0.034956,-0.03028,-0.58898,-0.18661,0.16199,2.5563,0.55728,9.5483,-0.012501,0.002307,0.027786,-0.28139,-0.15206,-0.24729,1.3756,-1.1972,9.6346,0.011237,0.002766,0.034836,-0.62618,-0.1227,-0.5242,0.80802,7.4224,-0.38983,0.70039,0.056302,-1.5166,0.23433,-0.6069,-0.22681,-2.2741,-10.921,-3.6906,0.73779,0.23807,-1.0623,0.36979,0.38244,0.27869
9.8371,-0.20262,2.2412,0.12223,-0.062006,-0.015507,-0.58742,-0.18522,0.16827,2.6294,0.59145,9.5003,0.001962,-0.020956,-0.00623,-0.28074,-0.15328,-0.24514,1.3945,-0.85268,9.7095,0.029491,-0.016576,0.055167,-0.62556,-0.12259,-0.52443,-0.28665,7.9455,-0.95264,0.66728,0.010089,-1.7145,0.26638,-0.59715,-0.2081,-1.7641,-10.648,-3.502,0.70355,0.23674,-1.2018,0.34754,0.41245,0.27621
9.8753,-0.11313,2.0182,0.08262,0.00313,0.013338,-0.58597,-0.18353,0.16778,2.8,0.52468,9.2702,0.007395,-0.026211,-0.008957,-0.2815,-0.15239,-0.24468,1.4149,-1.387,9.7509,-0.038568,-0.009674,0.028562,-0.62371,-0.12216,-0.5227,-1.6794,8.5328,-1.0338,0.70304,0.024701,-1.8925,0.29826,-0.58379,-0.1853,-1.7501,-11.351,-3.2347,0.67887,0.31212,-1.3667,0.31954,0.44598,0.27441
9.7084,-0.49899,2.5069,0.11135,-0.047345,0.001734,-0.58685,-0.18499,0.16897,2.6679,0.80979,9.4724,0.012645,-0.040492,-0.018835,-0.28002,-0.15318,-0.2438,1.5999,-1.1103,9.3186,-0.047466,-0.020093,-0.054402,-0.62553,-0.1212,-0.52118,-2.6583,9.769,-1.6326,0.50628,-0.031817,-1.9315,0.33255,-0.56821,-0.16398,-1.4358,-11.712,-2.8867,0.70552,0.51109,-1.6288,0.27817,0.47978,0.27084
9.4777,-0.526,2.311,0.015243,-0.03717,0.052596,-0.58488,-0.18426,0.17053,2.5669,0.32671,9.596,0.017665,-0.057976,0.012961,-0.28006,-0.15407,-0.2447,1.4077,-1.394,9.5896,-0.060616,-0.004122,-0.066835,-0.62487,-0.12148,-0.52076,-3.9481,10.984,-1.0295,0.18067,-0.018363,-1.8605,0.36615,-0.54904,-0.15131,-0.11263,-9.5261,-1.7079,0.62183,0.53473,-1.7937,0.22891,0.51126,0.26506
9.098,-0.25753,2.6382,0.035716,0.033667,-0.005148,-0.58589,-0.18298,0.17184,2.6093,0.3698,9.2173,0.0006,-0.044381,-0.061516,-0.28164,-0.1551,-0.24529,1.1703,-0.96855,9.9453,-0.071424,-0.012586,-0.11106,-0.62443,-0.12346,-0.51954,-3.943,11.783,-0.23492,0.32836,0.081978,-1.6319,0.39576,-0.53177,-0.13843,0.43899,-7.0509,-1.0195,0.35149,0.53985,-1.7029,0.18122,0.53292,0.26432
9.3593,-0.30302,2.3712,0.088069,0.020268,0.027824,-0.58454,-0.18155,0.17175,2.6441,0.44649,9.3977,-0.018613,0.012047,-0.077041,-0.28143,-0.15708,-0.24407,1.2833,-1.245,9.4775,-0.005494,-0.024426,-0.098627,-0.6244,-0.12373,-0.5189,-4.9064,13.1,-0.42829,0.90623,0.18581,-1.2691,0.41927,-0.52543,-0.11549,1.8504,-5.7164,0.016569,0.36568,0.42437,-1.4566,0.14205,0.54342,0.26112
9.2747,-0.53462,3.0257,0.091073,7.3e-05,-0.088803,-0.58343,-0.18106,0.17233,2.7269,0.60642,9.4135,0.022446,0.013895,-0.064884,-0.27966,-0.15698,-0.24267,1.378,-1.0269,9.4312,0.001467,-0.027848,-0.091512,-0.62456,-0.12684,-0.51958,-5.1818,15.636,-0.72921,0.98834,0.19589,-0.69493,0.43402,-0.52639,-0.081945,3.4937,-4.6071,1.026,0.55142,0.23833,-1.0954,0.11157,0.55324,0.25394
9.6821,0.24241,2.4295,0.12644,-0.044007,-0.15054,-0.58015,-0.18483,0.17547,2.5938,0.80575,9.3115,0.086271,0.049146,-0.066999,-0.2781,-0.15826,-0.24295,1.3354,-0.74398,10.154,0.092362,-0.084325,-0.050897,-0.62632,-0.12953,-0.51681,-3.9936,13.932,-1.1462,0.24525,0.10405,-0.27072,0.43862,-0.52595,-0.064515,4.0923,-4.9757,0.96044,0.29808,0.070051,-0.68013,0.092823,0.56067,0.24599
9.4592,0.4512,2.541,0.11111,0.054886,-0.27503,-0.57969,-0.18761,0.17646,2.6408,0.66507,9.3209,0.066765,0.098848,-0.045244,-0.27509,-0.15941,-0.24277,1.3829,-1.2022,9.6934,0.074756,-0.13061,-0.007757,-0.62874,-0.13127,-0.51474,-3.3302,12.274,-2.2791,0.057752,0.097041,0.048228,0.44098,-0.52687,-0.061753,4.6003,-5.4914,0.35501,0.24516,0.034551,-0.29695,0.083622,0.56338,0.24323
9.3326,0.46709,2.5253,0.10927,0.030361,-0.29865,-0.57697,-0.19418,0.17661,2.6283,0.74264,9.326,0.10855,0.11154,-0.00283,-0.2725,-0.16146,-0.24337,1.6534,-1.0428,9.3965,0.19892,-0.1532,0.030413,-0.63173,-0.13667,-0.50892,-3.594,11.224,-2.4483,-0.31376,0.063393,0.2207,0.43534,-0.52302,-0.068782,4.8395,-5.5757,0.45,0.074898,0.041523,0.07699,0.080853,0.56512,0.23849
9.3692,0.27459,2.4198,0.044821,0.062339,-0.21407,-0.57619,-0.19992,0.176,2.5698,0.74718,9.3889,0.05795,0.081758,0.023207,-0.26947,-0.16178,-0.24515,1.7554,-0.98294,9.5779,0.10504,-0.078511,0.032256,-0.63489,-0.13827,-0.50626,-3.6975,11.103,-2.2402,-0.5853,0.054247,0.44209,0.43328,-0.52008,-0.080539,4.331,-5.3736,1.0247,-0.10847,-0.008058,0.39843,0.083586,0.56393,0.24087
9.4072,0.34896,2.2714,-0.031693,0.045236,-0.11926,-0.57364,-0.2032,0.17559,2.4829,0.67556,9.6554,0.054092,0.054316,0.025743,-0.26763,-0.16294,-0.24502,1.6486,-1.0327,9.2349,0.008263,0.002032,0.009319,-0.63534,-0.13943,-0.50524,-3.5834,11.047,-1.4499,-0.81502,0.013297,0.69064,0.42499,-0.52156,-0.096685,3.7922,-5.1025,1.1209,-0.29079,-0.13459,0.7673,0.097819,0.55969,0.24261
9.3245,0.24555,2.3596,-0.067377,0.053074,-0.01629,-0.57349,-0.20412,0.17574,2.4386,0.60584,9.5381,0.005787,0.019672,-0.002519,-0.26599,-0.16147,-0.24574,1.6435,-1.0869,9.622,0.003563,0.035539,-0.027725,-0.63367,-0.13885,-0.50467,-3.7552,11.158,-1.2284,-1.0045,-0.17902,0.87815,0.41051,-0.52468,-0.11868,3.072,-5.546,0.71906,-0.51196,-0.2299,1.0886,0.11879,0.55202,0.24984
9.5934,0.42819,2.4673,-0.091208,0.046,0.040289,-0.57414,-0.2025,0.1738,2.5252,0.84448,9.3259,-0.006598,0.001827,-0.032703,-0.26548,-0.16302,-0.2462,1.5748,-0.80969,9.6113,-0.041011,0.045998,-0.032164,-0.63338,-0.13898,-0.50642,-3.7232,10.961,-0.72483,-1.0032,-0.24229,1.0551,0.39584,-0.52494,-0.14732,1.6457,-6.926,-0.085758,-0.79103,-0.34292,1.2873,0.14805,0.54136,0.26007
9.5778,0.31689,2.5411,-0.10953,0.019482,0.058616,-0.57643,-0.20371,0.17128,2.4722,0.84833,9.5297,-0.00856,-0.007004,-0.026512,-0.26675,-0.16336,-0.24809,1.5993,-0.82912,9.5509,-0.04822,0.043322,-0.027756,-0.6322,-0.13848,-0.50814,-2.9107,10.226,0.072643,-0.96441,-0.26021,1.2313,0.37545,-0.52486,-0.1798,0.55811,-7.3666,-0.8076,-0.9142,-0.51232,1.4227,0.18477,0.52383,0.27761
9.6077,0.39767,2.6612,-0.11892,-0.034024,0.071613,-0.57619,-0.20266,0.17088,2.4504,0.82865,9.5878,-0.008924,-0.033371,-0.007981,-0.26538,-0.16507,-0.24707,1.5408,-1.0676,9.9893,0.007364,0.020639,-0.041917,-0.6295,-0.13935,-0.50987,-2.7896,10.164,0.65291,-0.7762,-0.2622,1.3178,0.35539,-0.52776,-0.20537,-0.24522,-7.6716,-2.2415,-0.90727,-0.67399,1.5639,0.22733,0.49697,0.29124
9.4736,0.39146,2.6303,-0.12053,0.003568,0.06961,-0.57659,-0.20187,0.17085,2.3996,0.51868,9.5132,-0.012529,-0.044859,-0.006288,-0.26559,-0.16503,-0.24852,1.4726,-0.9355,9.6413,-0.031267,0.017166,-0.026071,-0.62858,-0.14069,-0.50915,-2.267,10.509,1.2708,-0.56362,-0.2503,1.4238,0.33274,-0.53567,-0.22814,-1.1016,-8.7989,-3.2616,-0.90886,-0.742,1.6878,0.27483,0.46217,0.29671
9.3245,0.37784,2.6291,-0.11142,0.010591,0.065929,-0.57669,-0.20052,0.16921,2.5114,0.86282,9.5397,-0.057368,-0.036738,0.001306,-0.26751,-0.1626,-0.24749,1.4799,-0.89182,9.6406,0.032899,0.006162,0.019912,-0.62907,-0.13831,-0.51127,-2.1949,11.048,1.3617,-0.36366,-0.1994,1.6281,0.30651,-0.54765,-0.24485,-1.8685,-10.123,-3.8833,-0.81157,-0.7175,1.7162,0.32051,0.42007,0.2991
9.392,0.36331,2.4206,-0.12313,0.010492,0.054965,-0.57743,-0.20094,0.17041,2.521,0.70839,9.3908,-0.035791,-0.03143,0.002911,-0.26933,-0.16301,-0.24759,1.555,-0.74201,9.8201,0.041369,0.011187,0.037627,-0.62915,-0.14001,-0.51034,-1.3243,10.004,0.76506,-0.27762,-0.17353,1.7013,0.27514,-0.56429,-0.25993,-2.4343,-11.864,-5.1527,-0.81634,-0.58277,1.588,0.35931,0.3785,0.29365
9.5194,0.47371,2.3476,-0.087826,0.01215,0.062315,-0.57932,-0.20013,0.17033,2.5933,0.97796,9.2977,-0.029577,-0.022454,0.013625,-0.2695,-0.16066,-0.2479,1.5894,-0.70263,9.4581,0.030713,0.017527,0.038531,-0.62991,-0.13996,-0.51291,-0.22267,7.8119,0.57948,-0.23239,-0.079097,1.7032,0.24074,-0.58144,-0.27106,-2.7288,-12.816,-5.9671,-0.79477,-0.42198,1.2446,0.38698,0.34067,0.2867
9.6684,0.49456,2.3937,-0.080208,0.088331,0.062015,-0.58005,-0.19977,0.16691,2.5748,0.67941,9.3643,-0.00028,-0.027586,0.041768,-0.26934,-0.1586,-0.24702,1.6141,-0.84337,9.3484,-0.065533,0.018471,0.035769,-0.62872,-0.13778,-0.51443,2.677,4.8443,0.9111,-0.1753,-0.15648,1.432,0.20623,-0.5972,-0.28086,-2.7744,-13.249,-5.8869,-0.76201,-0.082078,0.89951,0.40719,0.31067,0.28511
9.4578,0.19884,2.6588,-0.085882,0.029894,0.044914,-0.58014,-0.19986,0.16528,2.5676,0.71305,9.4276,-0.045466,-0.050282,0.068701,-0.27029,-0.15665,-0.24737,1.5603,-0.95069,9.7358,-0.05529,0.033531,0.053443,-0.62921,-0.13423,-0.51657,3.9233,3.8573,1.3574,-0.14271,-0.14151,1.0436,0.17818,-0.60659,-0.28681,-2.4897,-13.867,-4.6436,-0.060113,0.088652,0.67,0.41834,0.29212,0.28248
9.5904,-0.11357,2.7025,-0.035969,-0.078946,0.11021,-0.58249,-0.19667,0.16421,2.5371,0.47461,9.5964,0.008227,-0.062844,0.061045,-0.27335,-0.15625,-0.24846,1.4144,-0.94682,9.3716,-0.086934,0.051971,0.033981,-0.62903,-0.13136,-0.51804,4.6516,4.5654,1.3187,0.052336,-0.071964,0.57393,0.15717,-0.61371,-0.2899,-2.0461,-13.021,-4.0196,0.089428,0.2052,0.29937,0.42411,0.28509,0.28205
9.3821,-0.12599,2.5218,-0.059739,-0.079857,0.17399,-0.58237,-0.19529,0.16651,2.4685,0.66802,9.7111,-0.091547,-0.11581,0.055378,-0.27636,-0.15407,-0.2484,1.3999,-1.0611,9.5152,-0.10512,0.10215,0.04641,-0.62727,-0.12776,-0.5207,4.9087,5.2875,1.0755,0.19813,0.030445,0.12653,0.1486,-0.61825,-0.28699,-2.359,-12.124,-3.7536,0.15532,0.19309,-0.046275,0.42398,0.28574,0.28404
9.2185,-0.10933,2.3863,-0.048616,-0.031574,0.17651,-0.5842,-0.19269,0.16778,2.6387,0.38915,9.2248,-0.08386,-0.094697,0.033175,-0.28174,-0.1526,-0.24664,1.4387,-1.1202,9.7956,-0.10853,0.10543,0.035814,-0.62463,-0.12524,-0.52342,4.4814,5.5412,0.97661,0.28748,0.10689,-0.25847,0.15081,-0.61979,-0.28119,-2.3653,-11.421,-3.7817,0.35656,0.19331,-0.37964,0.41647,0.29506,0.28549
9.2922,-0.332,2.3407,0.021053,-0.048233,0.17394,-0.58554,-0.18916,0.16797,2.7237,0.75728,9.3048,-0.050411,-0.048833,0.024319,-0.28201,-0.15169,-0.24668,1.2925,-1.0365,9.6183,-0.1046,0.082438,0.021611,-0.62345,-0.12215,-0.52509,4.1342,4.8417,1.1055,0.4075,0.08198,-0.70525,0.16635,-0.6192,-0.27171,-2.4773,-11.017,-4.0514,0.6166,0.26077,-0.63668,0.4094,0.31127,0.28857
9.4566,-0.34725,2.118,0.053214,-0.008041,0.1118,-0.58681,-0.18501,0.16965,2.7803,0.55869,9.2581,-0.02165,-0.024002,0.037534,-0.28378,-0.15004,-0.2455,1.2704,-0.96861,9.7121,-0.015548,0.069723,0.028751,-0.62268,-0.11994,-0.52739,3.2111,5.4179,0.56104,0.56232,0.076684,-1.1216,0.18701,-0.61762,-0.25908,-2.4247,-11.078,-3.7518,0.78265,0.25716,-0.84244,0.39558,0.33472,0.28862
9.575,-0.24656,2.6418,0.051569,0.004121,0.067096,-0.58732,-0.18097,0.17042,2.6775,0.50313,9.2183,0.019231,0.028755,0.015222,-0.28429,-0.14928,-0.24515,1.3803,-1.1245,9.7018,-0.056498,0.026584,0.028632,-0.6212,-0.11895,-0.5281,1.6371,6.2088,0.048337,0.67113,0.070048,-1.4692,0.21573,-0.60937,-0.24066,-2.0336,-10.288,-3.5489,0.88126,0.21103,-1.0069,0.37687,0.36783,0.28579
9.8355,-0.38169,2.5609,0.066242,0.005274,0.022441,-0.58804,-0.17898,0.16956,2.6301,0.5278,9.624,0.014649,0.021552,0.009003,-0.28335,-0.14929,-0.24458,1.2588,-1.2501,9.6484,-0.057911,0.016229,0.01355,-0.6208,-0.11689,-0.52763,0.19598,7.2705,-0.50701,0.73311,0.069638,-1.7089,0.24806,-0.59925,-0.22154,-1.817,-10.738,-3.3372,0.79833,0.17889,-1.158,0.35565,0.39839,0.28293
9.6182,-0.55831,2.6998,0.039324,0.035584,-0.003282,-0.58809,-0.18143,0.16849,2.6832,0.50935,9.4322,0.007237,-0.006571,0.020475,-0.28376,-0.15109,-0.24522,1.2145,-1.1361,9.8438,-0.007724,-0.020038,0.002046,-0.62015,-0.11627,-0.52736,-1.3334,8.1957,-0.80137,0.75344,0.071112,-1.916,0.28449,-0.58527,-0.19615,-1.7273,-10.933,-3.2316,0.75493,0.22106,-1.278,0.32617,0.43207,0.27748
9.9166,-0.67788,2.3581,0.0247,-0.023939,-0.037693,-0.58712,-0.18093,0.16907,2.7176,0.38842,9.3711,0.034235,-0.001356,0.013155,-0.28355,-0.151,-0.24378,1.1955,-1.3666,9.7717,-0.005801,-0.049161,0.000196,-0.62023,-0.11708,-0.52393,-2.5958,9.6306,-0.74575,0.65289,-0.032027,-1.98,0.32102,-0.56947,-0.17446,-1.4283,-11.338,-3.1679,0.77819,0.32891,-1.4384,0.29489,0.46586,0.2729
9.4393,-0.73337,2.369,0.090936,-0.026704,-0.068647,-0.58484,-0.18127,0.17119,2.7545,0.31568,9.371,0.016626,-0.014073,-0.029453,-0.28207,-0.15063,-0.24279,1.2319,-1.2184,9.6719,0.053905,-0.05785,-0.038587,-0.62197,-0.11923,-0.52333,-2.7744,10.831,-0.99076,0.44072,-0.10731,-1.8885,0.35147,-0.55146,-0.15743,-0.67117,-10.878,-3.4228,0.8329,0.59422,-1.6117,0.25339,0.49996,0.26598
9.1583,-0.38924,2.1005,0.11591,0.058858,-0.083603,-0.58461,-0.18302,0.17298,2.7215,0.54422,9.2431,0.078945,0.019148,-0.065336,-0.2802,-0.15413,-0.24263,1.2634,-1.275,9.9374,0.12355,-0.067435,-0.042944,-0.62274,-0.12247,-0.521,-4.0753,12.208,-1.5887,0.23929,0.013455,-1.6165,0.38083,-0.53498,-0.14747,0.39702,-8.9753,-1.9951,0.6264,0.65213,-1.7027,0.20432,0.52763,0.25867
9.3384,-0.15347,2.0661,0.13008,-0.003072,-0.086029,-0.58236,-0.18374,0.1747,2.6283,0.63152,9.2429,0.065943,0.059648,-0.082801,-0.27872,-0.15627,-0.24446,1.5216,-0.9548,9.4541,0.13307,-0.051716,-0.070167,-0.6258,-0.12666,-0.51914,-4.4292,13.059,-0.88387,0.33515,0.15639,-1.2076,0.40492,-0.52497,-0.13285,1.3168,-6.1904,-0.65713,0.50991,0.66406,-1.5184,0.1601,0.54447,0.25172
9.666,0.019951,2.51,0.010814,0.04697,-0.10915,-0.58254,-0.18555,0.17375,2.5559,0.61092,9.4878,0.096274,0.056923,-0.079517,-0.2761,-0.15717,-0.2443,1.6535,-1.0474,9.2792,0.038732,-0.020068,-0.080777,-0.62649,-0.12925,-0.51771,-4.3312,13.088,-0.43923,0.60295,0.2337,-0.84788,0.42088,-0.5231,-0.11277,2.1438,-5.4391,1.3163,0.5756,0.43995,-1.2527,0.1249,0.55517,0.24437
