9.7552,-0.50475,3.4105,0.75458,0.092027,-0.071513,-1.0067,0.48523,0.13986,0.80004,9.76,3.6819,-0.1802,0.2863,-0.89676,-0.66695,-0.59086,-0.61658,2.0871,-1.564,9.5063,-0.11578,0.076016,0.055152,-0.59898,0.5391,-0.65048,-10.381,8.1971,-0.78372,-0.49585,0.26516,1.6483,0.6059,-0.29321,0.28871,-6.1222,-5.4855,-0.019525,-0.93287,-0.99235,2.1521,0.49138,0.57653,-0.34467
9.4948,0.89241,2.7984,-0.14022,-0.068639,0.2061,-1.0067,0.48891,0.1356,-1.7287,11.343,5.2117,-1.4003,0.077908,-0.35981,-0.65277,-0.56162,-0.63335,2.014,-1.5952,9.5131,-0.039304,0.095153,0.065853,-0.59305,0.54094,-0.6516,-9.625,8.0938,-0.46834,-0.3482,0.20666,1.8826,0.59111,-0.34065,0.29511,-8.0643,-6.6261,-0.22722,-0.13238,-1.0158,2.2802,0.51095,0.54463,-0.35551
9.6734,0.2435,1.6915,-1.3328,0.066444,0.60876,-0.99875,0.50083,0.15066,0.15528,10.162,6.79,-0.46779,0.34675,-0.006615,-0.64294,-0.54001,-0.65635,1.4867,-1.139,9.7588,-0.21888,0.12304,0.07001,-0.58697,0.54341,-0.65223,-9.0253,7.6168,-0.60582,-0.43236,0.046425,2.1496,0.57188,-0.39008,0.2986,-9.5934,-6.7876,-1.1125,0.26042,-0.83609,2.3825,0.52999,0.49674,-0.38006
9.6831,-1.1034,1.3396,-1.5346,0.45299,0.87944,-0.98925,0.51561,0.16337,0.7187,9.5994,5.2941,-0.030094,-0.099622,0.40975,-0.64776,-0.53233,-0.65892,1.0598,-1.9198,9.1254,-0.21426,0.08321,0.20665,-0.57725,0.55671,-0.64725,-8.739,8.5779,-0.60861,-0.57049,-0.002691,2.3541,0.54603,-0.45005,0.29587,-9.4528,-6.5937,-3.3506,-0.39016,-0.61499,2.3963,0.55348,0.44962,-0.39742
9.4493,-2.6917,2.5808,-0.63998,0.48518,0.9252,-0.98022,0.53801,0.1625,0.11478,8.2452,5.1141,-0.19863,-0.26465,0.53534,-0.66553,-0.51996,-0.65883,1.1452,-1.1504,10.262,0.39139,0.009692,0.40951,-0.5715,0.5619,-0.6496,-8.0618,7.68,-0.44399,-1.1216,-0.2998,2.4171,0.52173,-0.5045,0.27975,-10.707,-10.063,-0.60234,0.12741,-0.70009,2.2939,0.56997,0.4062,-0.41652
7.9451,-2.3322,2.7806,-1.2627,0.32463,1.0909,-0.96365,0.56359,0.17448,0.63229,7.8022,4.4738,-0.41985,-0.16326,0.35098,-0.67978,-0.5048,-0.66653,2.6518,-1.2926,9.5591,0.7264,0.16546,0.46981,-0.56279,0.55339,-0.66523,-6.0848,4.1672,0.40228,-1.0807,-0.38371,2.1934,0.50026,-0.54985,0.25277,-10.595,-9.131,-2.5102,0.12752,0.097623,2.0332,0.58772,0.36268,-0.43648
7.8113,-3.2203,0.9834,-1.2168,-0.10331,0.91939,-0.9414,0.5856,0.19875,1.0297,7.8155,4.7193,-0.32586,-0.015641,0.16079,-0.6869,-0.49211,-0.67559,2.5465,-1.5804,8.0027,0.24608,0.26198,0.58425,-0.54447,0.54977,-0.68076,-3.7253,1.3351,0.2277,-0.75754,-0.003647,1.628,0.47971,-0.58684,0.22826,-10.684,-12.564,-3.4174,0.59324,0.36384,1.2435,0.60686,0.32017,-0.45145
8.999,-4.0463,1.375,-0.40519,-0.20499,0.25347,-0.92873,0.59746,0.21902,1.0077,8.3687,5.1153,0.047807,0.067868,0.16891,-0.68832,-0.48355,-0.68132,1.3924,-2.8034,9.4196,0.19124,0.27485,0.38768,-0.52389,0.55471,-0.68844,-2.412,0.18488,0.37537,-0.31352,0.40585,1.0421,0.45794,-0.61509,0.22047,-9.6565,-12.528,-2.2197,0.043123,0.47218,0.21488,0.61748,0.30092,-0.44959
10.278,-4.1052,2.4362,-0.64674,-0.41979,0.10103,-0.92571,0.59635,0.2361,0.69291,8.1115,5.1705,0.1337,0.052611,0.26762,-0.69197,-0.47828,-0.67931,1.1963,-2.4176,10.065,0.017702,0.1939,0.02341,-0.51175,0.54717,-0.6977,-0.21148,1.0083,1.0339,0.020737,0.52801,0.21366,0.44037,-0.6334,0.21944,-9.0691,-11.505,-0.67566,0.22314,0.36722,-0.46943,0.6181,0.3054,-0.44023
10.059,-3.8462,1.0859,-0.075731,-0.22535,-0.19277,-0.92278,0.59196,0.25664,0.69785,8.0075,5.1093,0.19914,0.081848,0.18363,-0.69325,-0.47499,-0.6788,1.1537,-1.7376,10.075,-0.28454,0.052758,-0.23683,-0.50916,0.55218,-0.69571,0.53171,1.9613,1.5879,0.4067,0.67008,-0.78399,0.43782,-0.62703,0.23597,-8.4385,-10.115,-1.6324,0.045559,0.60941,-0.94711,0.61615,0.32235,-0.42072
8.8112,-2.8879,1.0528,0.27862,0.34897,-0.20762,-0.92613,0.58188,0.2579,0.88123,7.6326,5.4319,0.074552,0.076747,-0.009222,-0.68981,-0.47774,-0.67958,1.457,-1.1741,10.395,-0.41463,-0.090568,-0.24421,-0.51175,0.56114,-0.68501,-0.72884,3.4972,2.5362,0.91352,0.6203,-1.6451,0.44631,-0.60139,0.26745,-9.2879,-8.0837,-0.43857,0.03025,0.688,-1.2284,0.61543,0.34758,-0.39543
8.0842,-3.4844,1.6402,0.23063,0.60773,-0.11219,-0.93504,0.58271,0.23411,0.98263,8.161,5.4471,0.071815,0.049165,-0.13908,-0.68676,-0.48,-0.6804,1.3736,-0.71415,10.077,-0.19449,-0.14825,-0.017952,-0.51902,0.56673,-0.67819,-4.1248,4.184,1.8521,0.91844,0.076794,-2.0828,0.46831,-0.55777,0.29343,-9.3149,-6.9373,0.72191,0.10336,0.57112,-1.3452,0.61268,0.37457,-0.36697
8.28,-4.4139,2.143,0.29285,0.31591,-0.19839,-0.94245,0.57858,0.21373,0.70769,8.2104,5.2634,0.24917,0.054188,-0.24371,-0.68174,-0.48588,-0.67836,1.452,-0.91341,9.9597,0.4472,-0.28654,0.19447,-0.52104,0.56476,-0.67861,-7.5379,4.8525,0.13228,0.64882,-0.22512,-2.3689,0.49479,-0.50673,0.30849,-9.3452,-6.9056,0.25088,-0.14472,0.49683,-1.4292,0.60674,0.40597,-0.34196
9.486,-4.352,2.7643,0.41698,-0.00564,-0.42833,-0.95348,0.57228,0.19481,0.26706,8.3024,5.2951,0.19443,0.080951,-0.31253,-0.67433,-0.49452,-0.67307,1.0059,-1.6764,8.959,0.3715,-0.26386,0.20485,-0.52881,0.55716,-0.6844,-9.7945,4.853,-0.33318,0.26172,-0.26677,-2.5121,0.53158,-0.44908,0.30877,-9.3185,-8.2614,-0.84294,0.022161,0.28245,-1.5169,0.6015,0.43945,-0.31605
10.041,-3.4174,3.1923,1.0975,0.020956,-0.52408,-0.96445,0.56226,0.18174,0.33032,8.4527,5.3059,0.030845,0.055976,-0.36553,-0.66656,-0.5046,-0.67068,1.2268,-2.5904,8.9195,0.42108,-0.26615,0.1042,-0.53399,0.54971,-0.68832,-11.456,5.5515,-0.38233,0.044821,-0.18653,-2.6367,0.56064,-0.39508,0.3012,-9.4399,-9.0365,-1.1758,0.20484,0.18004,-1.8291,0.58841,0.47064,-0.30461
8.9675,-1.9042,2.9777,1.241,0.17853,-0.6523,-0.97551,0.55361,0.16469,0.36857,8.4297,5.0582,0.014429,0.045733,-0.43392,-0.65791,-0.51422,-0.67092,1.6108,-1.8536,8.5801,0.14837,-0.14767,-0.005203,-0.53847,0.54195,-0.69057,-12.4,6.1014,-0.079284,0.02553,-0.34082,-2.4276,0.5835,-0.3468,0.28625,-8.7648,-8.3747,-1.2373,0.64878,0.1303,-2.2307,0.56864,0.50177,-0.31117
8.4004,-0.69758,2.4739,0.85321,0.14263,-0.64086,-0.98992,0.53751,0.1363,0.26526,8.4255,4.9215,-0.058535,-0.000868,-0.41758,-0.6519,-0.52185,-0.66995,2.4137,-1.4459,9.1376,0.094554,0.050755,-0.14238,-0.54502,0.53824,-0.69179,-12.457,8.5289,0.25482,0.15173,-0.05919,-2.192,0.60046,-0.29546,0.27119,-7.3237,-6.7461,-1.0591,0.69795,-0.028607,-2.3646,0.54115,0.53532,-0.32246
8.3277,-0.46608,2.1541,0.005053,-0.15717,-0.42825,-0.99703,0.52519,0.13148,0.20982,8.4758,4.5472,0.028778,0.080582,-0.39476,-0.64398,-0.52997,-0.66924,2.2713,-0.97958,9.4012,-0.25111,0.18732,-0.096573,-0.54368,0.53868,-0.68999,-12.487,12.923,0.26443,-0.058798,-0.10506,-1.4785,0.60953,-0.24979,0.25703,-5.9569,-4.4435,-1.3137,0.66752,-0.10353,-2.1912,0.5068,0.56341,-0.34068
9.0636,-1.0705,1.7678,-0.075059,-0.59559,-0.41368,-1.0019,0.51124,0.13947,0.020654,8.2055,4.7975,0.068821,0.17588,-0.39287,-0.63417,-0.53749,-0.67139,1.5879,-0.62527,10.011,-0.24177,0.21064,-0.084322,-0.54061,0.54455,-0.68602,-10.436,13.59,0.575,-0.047476,-0.039502,-0.61322,0.61719,-0.2265,0.23988,-4.2892,-2.177,-0.18133,0.4852,0.037826,-1.571,0.47929,0.59,-0.35707
9.9534,-0.86697,0.95526,0.29743,-0.33769,-0.37045,-1.0055,0.49834,0.15584,-0.008297,8.2944,4.9654,0.039546,0.19959,-0.3089,-0.62257,-0.54532,-0.67125,1.2535,-1.8162,10.276,-0.081646,0.14964,0.033872,-0.53434,0.54954,-0.68285,-8.9366,12.166,-0.083531,0.42564,-0.057936,0.30576,0.62145,-0.21824,0.24071,-1.7993,-0.72709,0.54441,0.6131,0.23436,-0.84039,0.46461,0.60139,-0.37109
10.481,-0.87406,1.6754,0.25415,-0.042725,-0.063435,-1.0069,0.49363,0.16575,-0.067594,8.5899,5.0271,0.05478,0.10515,-0.089869,-0.6143,-0.54885,-0.67036,1.5404,-0.93183,9.2181,0.05364,0.035095,0.060472,-0.52982,0.54826,-0.68732,-9.5312,8.5587,-0.49667,0.53992,-0.17733,0.73215,0.62187,-0.22811,0.24424,-0.98177,-0.37432,1.1045,0.32767,0.14437,-0.046522,0.46138,0.60026,-0.37954
10.194,-1.2296,2.2528,0.19233,0.080581,0.14752,-1.0028,0.49866,0.16204,-0.34859,8.4637,5.0491,0.10102,0.026133,0.086214,-0.61154,-0.55065,-0.66941,1.8847,-1.5803,9.6845,0.07551,-0.002731,0.041017,-0.52911,0.54542,-0.68795,-9.2111,6.795,-1.6587,0.72161,0.031826,0.93703,0.62068,-0.24071,0.25714,-0.57303,-2.3185,1.1584,-0.49686,-0.10524,0.87631,0.46255,0.59869,-0.37647
9.816,-0.45188,3.0308,0.19853,-0.14038,0.10291,-1.0009,0.50539,0.15782,-0.52737,8.3963,4.9699,0.09523,0.015875,0.12885,-0.61191,-0.55142,-0.66916,1.7942,-1.1907,9.3585,-0.028524,-0.00321,-0.017376,-0.52992,0.54405,-0.68919,-9.6048,7.9026,-1.4952,0.42595,0.37231,1.139,0.61275,-0.26076,0.27543,-3.1067,-3.472,1.1798,-1.1045,-0.52368,1.6577,0.47373,0.59167,-0.36107
9.7881,-0.058852,2.981,-0.000928,-0.16741,0.12282,-0.99916,0.51073,0.15309,-0.32626,8.3764,5.0683,0.015031,0.032523,0.097619,-0.61245,-0.54887,-0.66923,1.7749,-1.3216,9.2969,-0.084167,0.049078,-0.088004,-0.53252,0.54376,-0.68882,-10.113,8.2124,-0.74804,-0.33217,0.25581,1.4754,0.60157,-0.29624,0.29516,-5.8676,-5.5616,0.021921,-1.0381,-0.76295,2.1746,0.49284,0.57203,-0.34886
9.6136,0.65542,2.5441,-0.37652,0.19416,0.30496,-0.9969,0.516,0.15605,-0.50198,8.6222,5.3599,-0.066418,-0.06728,0.10133,-0.61429,-0.54582,-0.66965,1.4534,-1.2711,9.1347,-0.14566,0.16673,-0.096747,-0.529,0.54427,-0.68841,-9.9349,8.5875,-0.59484,-0.39843,0.18035,1.8526,0.58594,-0.34167,0.30178,-8.0416,-6.6499,0.13913,-0.46983,-0.74587,2.395,0.51478,0.54083,-0.34681
9.6417,0.078894,2.1676,-0.70602,0.33585,0.70058,-0.98716,0.52714,0.16575,-0.1306,8.5722,5.1724,-0.085469,-0.14247,0.17761,-0.61845,-0.54251,-0.67031,1.4583,-1.3392,9.1604,-0.13118,0.2594,-0.070051,-0.52323,0.54802,-0.68772,-9.8138,8.5999,0.1428,-0.54148,0.059218,2.1562,0.56901,-0.38477,0.30407,-8.9393,-5.6949,-0.45612,0.026714,-0.86132,2.4296,0.53473,0.50506,-0.36031
9.708,-1.7292,2.1787,-0.91409,0.26223,0.79449,-0.97703,0.54632,0.17064,-0.21905,8.6282,5.1235,-0.045808,-0.18551,0.31576,-0.63001,-0.53623,-0.67003,1.307,-1.4169,9.58,-0.12244,0.30264,0.016542,-0.51397,0.55051,-0.68956,-9.1363,7.6421,0.27748,-0.61327,-0.16362,2.3415,0.54756,-0.43838,0.29842,-10.096,-6.5108,-2.7039,0.17552,-0.56268,2.6099,0.55359,0.45301,-0.38257
9.1942,-3.1116,2.5165,-0.74986,0.11265,0.76063,-0.96643,0.56444,0.18191,0.066549,8.7305,5.0091,-0.033541,-0.12284,0.39964,-0.64152,-0.52787,-0.67081,1.1703,-1.3633,9.8239,-0.022328,0.27905,0.090757,-0.50347,0.55423,-0.69162,-7.8332,6.8906,0.10942,-0.84995,-0.38923,2.4659,0.52405,-0.4922,0.28182,-12.11,-10.994,-1.8237,0.05608,-0.24306,2.2833,0.57494,0.40365,-0.39917
8.0772,-3.3293,1.7606,-1.1889,0.080639,0.92964,-0.94825,0.58661,0.19173,0.27108,8.318,5.0814,-0.02573,-0.06469,0.3803,-0.65207,-0.51758,-0.67246,1.236,-1.4003,9.9649,0.015754,0.32287,0.22691,-0.49172,0.55537,-0.69628,-6.9862,4.8988,0.20363,-0.93986,-0.37822,2.2908,0.49686,-0.54908,0.25381,-11.11,-13.498,-0.57358,0.66329,-0.059969,1.5881,0.5938,0.35135,-0.42339
7.6231,-3.9279,0.45516,-0.76293,-0.022577,0.76911,-0.92837,0.60411,0.21846,0.48274,7.9203,5.1125,-0.079172,0.005494,0.21037,-0.65755,-0.5116,-0.67326,1.1271,-1.5906,9.4678,-0.087497,0.39594,0.30286,-0.47606,0.55969,-0.70009,-4.9785,2.349,0.32176,-0.58576,-0.11063,1.798,0.47294,-0.5918,0.23135,-8.7414,-11.845,-2.1202,0.4249,0.15441,0.74684,0.60509,0.31878,-0.4418
9.2062,-4.212,1.6589,-0.13453,0.007406,0.31861,-0.91743,0.61415,0.231,0.52744,7.8808,5.2486,-0.076207,-0.00552,0.064464,-0.65848,-0.50784,-0.67568,0.99656,-2.6017,10.354,-0.064713,0.28064,0.20182,-0.45991,0.56578,-0.7038,-1.5079,0.28963,1.1439,-0.2589,0.18702,1.1131,0.45733,-0.61644,0.22267,-8.5862,-9.1827,-1.1094,-0.56044,0.090219,0.15804,0.6127,0.31194,-0.43751
10.573,-3.4834,1.9575,0.14857,-0.33538,-0.29312,-0.91669,0.61021,0.23979,0.46728,8.2619,5.1504,-0.10791,-0.036284,-0.026098,-0.65977,-0.50747,-0.67575,1.1617,-2.4479,10.72,-0.23165,0.014276,-0.12034,-0.45388,0.56786,-0.70305,1.08,-0.070934,1.954,0.069097,0.30022,0.33902,0.44337,-0.63275,0.22439,-10.357,-11.095,-0.86812,-0.36808,0.05261,-0.33927,0.6116,0.32522,-0.42863
10.759,-3.5289,1.8393,0.22586,0.034949,-0.59099,-0.92434,0.59937,0.24222,-0.036758,8.646,5.4406,-0.071216,-0.15855,-0.040417,-0.66226,-0.50638,-0.67437,0.071877,-1.9661,10.512,-0.38499,-0.28998,-0.31747,-0.4634,0.57325,-0.6936,1.0564,2.0025,2.8591,0.89595,0.23887,-0.52915,0.44018,-0.62267,0.24335,-8.6456,-9.132,-0.565,0.080042,0.11687,-0.76047,0.6096,0.34045,-0.42086
8.7904,-3.7798,1.8232,-0.11188,0.70688,-0.41491,-0.94102,0.58467,0.21946,0.25994,8.6338,4.9564,-0.19075,-0.20482,0.09107,-0.67029,-0.50347,-0.67563,-0.73522,-1.1347,9.5539,-0.088144,-0.52848,-0.15878,-0.47819,0.57744,-0.68488,-1.5866,4.2014,1.7308,0.87638,0.072462,-1.2922,0.44795,-0.59585,0.27078,-8.0439,-7.8436,-0.26751,-0.034145,0.13479,-0.99375,0.6055,0.3624,-0.41197
6.9965,-4.8993,1.9366,-0.030055,0.74001,-0.19719,-0.95111,0.57453,0.19557,0.99437,7.5655,4.2805,-0.25053,-0.083295,0.10907,-0.67838,-0.49634,-0.67722,0.18583,-0.93449,9.1072,0.46354,-0.51684,0.12302,-0.49735,0.57144,-0.67897,-4.1841,4.7812,0.50012,0.70328,-0.021542,-1.9175,0.46952,-0.55744,0.29082,-8.4011,-5.9489,-1.1798,-0.60304,0.20015,-0.9439,0.60107,0.38895,-0.39429
7.2168,-5.3107,2.4951,0.63763,-0.13571,-0.47702,-0.96101,0.56442,0.18042,0.91174,7.2942,4.2399,0.084998,0.24403,-0.10275,-0.67839,-0.49272,-0.6792,2.0038,-1.1964,9.2078,0.65077,-0.34898,0.28569,-0.51208,0.56063,-0.68414,-6.6117,4.2817,-0.73345,0.82676,-0.073606,-2.2638,0.49579,-0.5118,0.30537,-8.9666,-8.1424,-1.1803,-0.71928,0.22207,-1.0869,0.59716,0.41548,-0.37462
7.6275,-4.0286,1.5143,1.4442,-0.2844,-0.79261,-0.97195,0.55291,0.17054,0.61023,7.5117,4.8878,0.25505,0.47309,-0.34124,-0.66036,-0.49962,-0.68309,2.1198,-1.9981,9.1966,0.32547,-0.17566,0.30771,-0.51475,0.55693,-0.68779,-8.9262,5.0722,-1.8611,0.7467,-0.2204,-2.4323,0.52729,-0.4583,0.31756,-8.9046,-10.919,-1.9935,0.013047,0.3767,-1.4621,0.58817,0.44652,-0.35559
9.5739,-1.6398,2.3056,2.263,-0.38626,-1.0151,-0.99049,0.5378,0.14914,0.18284,7.3844,5.6452,0.27226,0.31313,-0.41344,-0.64027,-0.51115,-0.68511,1.7371,-2.2036,9.7126,0.15815,-0.21354,0.16069,-0.51635,0.55316,-0.68988,-10.458,5.209,-1.9671,0.22874,-0.3987,-2.6682,0.55731,-0.40081,0.31468,-8.7217,-8.9466,-2.2166,0.29776,0.58276,-1.7782,0.57602,0.47693,-0.3441
10.875,0.033267,3.6691,1.8197,-0.17523,-0.9361,-1.0073,0.52002,0.11722,0.098227,7.995,5.7106,0.16115,0.046236,-0.43166,-0.62602,-0.52529,-0.68203,1.834,-1.4815,8.9437,-0.005113,-0.12836,-0.012314,-0.52014,0.54821,-0.6933,-12.3,6.0787,-1.87,-0.20168,-0.33832,-2.7496,0.59344,-0.3363,0.29759,-8.8713,-8.9768,-1.913,0.69689,0.56478,-2.2061,0.55852,0.51313,-0.33289
9.9058,2.3369,1.946,-0.63564,-0.37235,-0.40246,-1.0113,0.49918,0.1196,-0.47103,8.7852,5.2539,0.028016,-0.14525,-0.31777,-0.62366,-0.53469,-0.6779,1.6825,-1.5256,9.5289,-0.068397,0.0074,-0.15701,-0.52369,0.54782,-0.69197,-13.712,10.445,-1.8581,-0.44521,0.098653,-2.4395,0.6087,-0.2838,0.28111,-7.6251,-7.4597,-1.6787,0.79093,0.45095,-2.5134,0.53138,0.54518,-0.3342
8.9942,0.86224,0.18382,-1.4088,0.12298,0.25988,-1.0067,0.49088,0.14275,-0.12819,8.4007,5.0453,0.01767,-0.13917,-0.24118,-0.62331,-0.54058,-0.6724,2.0092,-1.5318,9.3677,-0.19141,0.089334,-0.2505,-0.52755,0.55022,-0.68676,-11.403,12.538,0.22663,-1.8533,0.052279,-1.8447,0.61457,-0.25622,0.25482,-6.18,-3.6442,-1.0314,0.81873,0.38995,-2.3229,0.50166,0.57209,-0.34479
8.8243,-1.8569,0.64977,-0.10683,0.32352,-0.094965,-1.0077,0.49341,0.14402,-0.28713,8.3305,5.0294,0.12621,-0.086145,-0.22048,-0.62454,-0.54671,-0.66763,1.6729,-1.5105,9.2962,-0.21426,0.17495,-0.31404,-0.52653,0.54761,-0.68626,-10.025,13.363,3.2993,-1.3961,0.314,-0.98668,0.61763,-0.24511,0.22702,-4.1969,-1.0664,0.39094,0.83721,0.60103,-1.523,0.48279,0.59014,-0.35396
9.2598,-1.7863,2.5111,0.69913,-0.081132,-0.43489,-1.0191,0.48311,0.13173,-0.34646,8.7057,5.1377,0.063142,-0.034143,-0.14317,-0.62117,-0.5528,-0.66312,1.1754,-1.3068,9.4489,-0.10044,0.27163,-0.34739,-0.52482,0.545,-0.68709,-9.8433,11.971,4.6699,0.15415,-0.20841,0.20344,0.61919,-0.24133,0.21985,-2.3591,-0.14566,1.6421,1.0197,0.59049,-0.81344,0.4752,0.59313,-0.36393
10.067,-1.1127,2.8797,-0.071682,-0.25756,0.041902,-1.015,0.48524,0.14657,-0.42192,8.7052,5.2393,0.11183,-0.084441,-0.022032,-0.62168,-0.55439,-0.66107,0.74653,-1.351,9.585,0.059057,0.24319,-0.37919,-0.52237,0.53715,-0.6931,-8.7606,7.959,1.9727,1.055,-0.29798,0.72073,0.61621,-0.25214,0.22284,-0.56903,-0.66499,2.5076,0.4185,0.33317,0.064708,0.47041,0.5902,-0.37633
9.7418,-0.95832,1.9681,-0.16939,-0.23953,0.30154,-1.0065,0.49406,0.1626,-0.46337,8.6381,4.6069,0.12441,-0.07889,-0.003466,-0.62258,-0.55656,-0.6566,1.1782,-0.51916,10.193,0.04937,0.13122,-0.26531,-0.52389,0.53159,-0.69601,-9.8187,6.8731,0.60971,1.0709,-0.033432,0.82203,0.6191,-0.25795,0.2385,-0.31026,-3.45,3.9461,-0.67762,-0.28812,1.0057,0.4728,0.58501,-0.37315
9.7824,0.032173,2.4225,0.35662,0.20988,-0.029759,-1.0064,0.49663,0.15226,-0.39621,8.5811,4.8452,0.080505,0.027033,-0.020314,-0.62046,-0.55671,-0.65533,1.7785,-0.98339,10.142,-0.035206,0.006318,-0.13483,-0.52556,0.52872,-0.69713,-9.8521,7.1766,-0.26155,0.51979,0.024697,1.2001,0.61749,-0.27004,0.25473,-3.7816,-3.4133,0.22729,-1.0376,-0.53483,1.6577,0.48678,0.57581,-0.35763
10.674,1.4292,3.2515,0.67567,0.20666,-0.14769,-1.0083,0.4956,0.13338,-0.48363,8.8122,5.1786,0.1683,0.13526,0.047144,-0.61637,-0.55718,-0.65549,0.97035,-1.3432,9.9648,-0.012347,-0.12023,-0.019622,-0.52868,0.52843,-0.69454,-9.8203,6.6978,-0.50045,0.26192,-0.041753,1.4527,0.61398,-0.29644,0.26575,-6.6342,-6.4201,-1.2259,-0.49304,-0.62777,1.9656,0.50164,0.55464,-0.35363
10.408,1.6567,2.4676,-0.33485,0.19207,0.28322,-1.008,0.50114,0.12633,-0.66476,9.165,5.4148,0.13528,-0.01362,0.20492,-0.61607,-0.55695,-0.65471,1.287,-1.3059,9.9445,0.071621,-0.12705,-0.024746,-0.53113,0.52749,-0.69365,-9.3898,7.1574,-0.61234,0.648,0.060655,1.6503,0.60476,-0.32876,0.2778,-7.763,-5.1755,-1.0324,-0.18592,-0.53235,2.0916,0.52022,0.5227,-0.36004
9.4447,-0.57193,2.2668,-1.5389,0.38944,0.93353,-0.99819,0.51863,0.13785,-0.23803,8.6589,5.2961,-0.041101,-0.17693,0.29087,-0.62674,-0.54958,-0.65657,1.5343,-1.6214,9.2692,-0.10001,-0.001613,-0.006968,-0.53632,0.52844,-0.69269,-9.6862,9.3779,-1.0858,0.30601,0.11596,1.8682,0.58674,-0.36385,0.29308,-8.0701,-5.3694,-0.72442,0.083357,-0.61645,2.3095,0.53907,0.48272,-0.36774
8.4842,-3.4843,2.6285,-1.0688,0.25096,0.75766,-0.98659,0.53939,0.15047,-0.14963,8.2357,5.0784,-0.076016,-0.21589,0.27401,-0.6376,-0.54256,-0.65512,1.2879,-1.5233,9.3688,-0.064835,0.12466,0.0074,-0.53331,0.52871,-0.6923,-9.8345,9.2491,-0.90863,-0.41351,0.065296,2.3293,0.56667,-0.41264,0.2964,-9.6319,-7.3322,-1.279,0.010465,-0.27022,2.5786,0.55997,0.43424,-0.38124
8.0924,-2.9466,2.3306,-0.15063,0.17338,0.46008,-0.9819,0.55182,0.15215,0.083398,8.4265,4.726,-0.19022,-0.18568,0.15868,-0.6484,-0.5369,-0.65504,1.5265,-1.4665,9.5475,-0.072738,0.26699,0.031597,-0.52813,0.53301,-0.69352,-8.5464,7.3772,-0.37807,-0.88532,-0.14324,2.5206,0.54482,-0.46451,0.28814,-11.066,-9.6877,-0.75679,0.285,-0.16859,2.3081,0.57754,0.38241,-0.40145
8.2592,-2.2668,2.4333,-0.44155,0.032396,0.55336,-0.97436,0.56584,0.15526,0.31874,8.2423,4.7023,-0.14517,-0.081802,0.11442,-0.65656,-0.53062,-0.65815,1.2581,-1.4074,9.7893,-0.089903,0.33721,0.076689,-0.51656,0.53466,-0.69659,-6.6173,5.6141,-0.14984,-0.85475,-0.24644,2.3501,0.51854,-0.52136,0.26573,-10.942,-12.037,0.24742,0.1896,-0.20819,1.6623,0.59052,0.34013,-0.42002
8.826,-2.2559,2.266,-0.44221,0.032597,0.49139,-0.96625,0.58073,0.16421,0.29357,8.5138,4.7131,-0.13002,0.005433,0.086338,-0.66144,-0.52519,-0.66235,1.0974,-1.2749,9.4717,-0.12166,0.40787,0.14213,-0.50304,0.53983,-0.70078,-4.9858,3.6846,0.15511,-0.37561,-0.16361,1.9267,0.49475,-0.5642,0.24974,-9.0973,-10.805,-0.016897,-0.31505,0.31046,1.0655,0.60335,0.31604,-0.42637
9.3913,-2.4313,2.3736,-0.78084,-0.12896,0.48803,-0.95255,0.59337,0.17896,0.39804,8.1783,4.909,-0.039499,0.082628,0.037964,-0.66198,-0.51972,-0.66657,0.58111,-1.5397,9.6591,-0.045236,0.40182,0.15793,-0.48409,0.54621,-0.70597,-2.5336,1.7448,0.09395,-0.3786,-0.017294,1.3643,0.47043,-0.60555,0.23139,-9.2774,-10.246,-1.4452,0.007256,0.24347,0.26384,0.61508,0.29813,-0.42711
9.7474,-3.3707,1.3109,-0.78969,-0.44597,0.52581,-0.9402,0.60233,0.20798,0.32176,8.6427,5.1269,-0.013279,0.036783,0.057122,-0.6618,-0.51942,-0.6681,0.98504,-1.4844,10.156,0.05097,0.30034,0.080216,-0.47147,0.5477,-0.7106,-0.032817,0.59185,0.20546,-0.38057,0.27061,0.59123,0.45653,-0.62579,0.22304,-8.8341,-9.4745,-0.83651,-0.80129,0.11816,-0.19107,0.61897,0.30751,-0.41876
9.221,-4.4183,1.3075,-0.35567,-0.19457,0.10937,-0.93242,0.60621,0.22786,0.15782,8.633,5.1259,0.027521,-0.003871,0.06721,-0.66116,-0.51853,-0.66783,0.72207,-1.6484,10.289,-0.080179,0.10173,-0.033481,-0.4636,0.5524,-0.71046,0.74209,0.87308,0.040671,-0.064403,0.51132,-0.35825,0.45363,-0.62683,0.22821,-8.5277,-9.4055,-1.735,-0.26507,0.13189,-0.58047,0.61896,0.32315,-0.41067
9.1936,-3.87,1.3184,0.28277,0.07623,-0.23746,-0.93327,0.60236,0.22904,0.53463,8.29,4.8715,0.021959,-0.031909,0.081345,-0.66214,-0.51881,-0.66711,0.75679,-1.8325,9.9529,-0.16202,-0.039296,-0.11512,-0.46374,0.55469,-0.70816,-0.6751,3.4912,0.27943,0.63122,0.67707,-1.1374,0.45535,-0.6081,0.24738,-8.2471,-7.7587,-0.97137,-0.43918,0.25621,-0.77386,0.61844,0.34403,-0.39249
9.232,-3.1625,2.1588,0.65598,0.04762,-0.32978,-0.94147,0.5974,0.21631,0.47136,7.9779,4.7457,0.070192,0.027845,0.050976,-0.66359,-0.51652,-0.66748,0.55471,-1.7897,9.7071,-0.13367,-0.13488,-0.096782,-0.46796,0.55646,-0.7027,-2.7225,4.0643,1.1604,0.66995,0.3705,-1.7402,0.46874,-0.57779,0.27403,-8.7193,-7.8452,-1.2261,-0.27097,0.31681,-0.91656,0.61421,0.36745,-0.37238
9.4623,-3.0772,2.6087,0.45563,-0.067554,-0.20731,-0.94444,0.59453,0.20986,0.24084,8.0679,4.6864,0.13316,0.14936,0.013729,-0.66093,-0.5156,-0.66787,0.42494,-1.4151,9.6839,-0.016533,-0.20395,-0.064996,-0.47552,0.55761,-0.69913,-5.2938,4.4145,1.0484,0.76071,0.22344,-2.2519,0.49143,-0.52994,0.29487,-9.1392,-8.1725,-1.0697,-0.44941,0.45707,-1.0425,0.60906,0.40015,-0.3454
9.3105,-3.6983,2.611,0.19614,0.21422,-0.1779,-0.95042,0.5911,0.2017,0.055224,8.338,4.9684,0.17671,0.20549,-0.020107,-0.65342,-0.51768,-0.66896,0.51272,-1.5129,9.7945,0.1743,-0.31089,0.030401,-0.48459,0.55818,-0.69588,-7.9117,4.9015,0.47012,0.42372,0.034816,-2.5505,0.51649,-0.47805,0.30857,-9.2676,-9.0624,-0.59622,-0.15444,0.37311,-1.259,0.60483,0.42926,-0.32251
8.9899,-3.6518,2.7506,0.36782,0.34853,-0.37252,-0.95907,0.58401,0.18778,0.13546,8.007,5.2298,0.13713,0.18163,-0.12041,-0.64462,-0.5204,-0.66996,0.93653,-1.3667,9.6737,0.28971,-0.37911,0.10383,-0.49141,0.55484,-0.69513,-9.916,5.5001,0.66927,-0.1231,-0.10442,-2.6916,0.54388,-0.42847,0.30843,-9.6662,-9.8363,-0.9113,0.33408,0.21127,-1.6445,0.59678,0.45286,-0.31352
8.5506,-3.2358,3.3468,0.56825,0.13485,-0.50721,-0.96933,0.57261,0.16825,0.16819,7.6673,5.2724,0.039958,0.054964,-0.27045,-0.63835,-0.52518,-0.67125,1.3758,-1.6208,9.3548,0.19235,-0.35436,0.11271,-0.50328,0.55027,-0.69299,-11.652,6.1015,0.46868,-0.31478,-0.22477,-2.6402,0.56996,-0.37618,0.29375,-9.0214,-9.2176,-1.4216,0.56966,0.11436,-2.1255,0.57656,0.48473,-0.31513
8.6798,-2.8358,3.0743,0.72029,-0.25262,-0.51262,-0.97848,0.56002,0.15964,0.099327,8.2434,4.9636,-0.02835,-0.049658,-0.32907,-0.6352,-0.53237,-0.66865,1.6148,-1.5362,8.9364,0.095288,-0.24566,0.058148,-0.51084,0.54926,-0.69198,-12.209,6.8801,0.26909,-0.063131,-0.014313,-2.4268,0.592,-0.32288,0.28056,-8.1053,-7.9076,-1.313,0.47998,0.081347,-2.3086,0.5502,0.52309,-0.32439
8.9092,-2.2104,1.8343,0.53516,-0.28725,-0.42884,-0.98617,0.54716,0.16116,-0.12036,7.7257,4.7461,0.016216,0.01733,-0.3372,-0.63002,-0.53826,-0.66621,1.142,-1.6145,9.2093,-0.049768,-0.078148,0.070543,-0.51336,0.5501,-0.68989,-13.273,10.192,0.011555,0.13917,0.18783,-1.9773,0.60416,-0.2701,0.26794,-6.5728,-5.5264,-0.74284,0.39154,-0.10502,-2.2236,0.51731,0.56151,-0.3332
8.9952,-1.6826,1.1968,0.33657,-0.2123,-0.48416,-0.99065,0.53373,0.16347,-0.22243,7.848,5.0133,-0.000155,0.066398,-0.38037,-0.62325,-0.5469,-0.66569,1.3671,-2.3205,9.6162,-0.1048,0.028246,0.09365,-0.51509,0.54978,-0.68947,-12.379,13.516,0.18345,0.10714,-0.029382,-1.0949,0.60913,-0.23171,0.26059,-5.3627,-2.9167,-1.0142,0.34454,0.155,-1.8841,0.48844,0.58934,-0.34273
9.3877,-0.39072,1.5215,0.30617,-0.069454,-0.42453,-0.99343,0.52177,0.16305,-0.085302,8.563,5.5326,0.012303,0.023475,-0.23207,-0.61705,-0.55139,-0.66297,1.4597,-2.3989,9.7558,-0.076983,0.057255,0.08316,-0.51242,0.55134,-0.68863,-9.8162,12.16,0.66403,-0.48912,-0.27671,-0.25697,0.61378,-0.21871,0.24927,-4.2154,-2.4458,-0.48556,0.59825,0.23474,-1.3421,0.47128,0.60921,-0.34953
10.031,0.11509,1.5595,-0.43337,-0.36799,-0.21624,-0.99265,0.51219,0.17255,-0.40251,8.7389,5.269,0.095933,-0.08823,-0.056438,-0.61533,-0.55706,-0.66047,1.4145,-1.49,9.4264,-0.06025,0.085411,0.002946,-0.51175,0.54966,-0.69017,-9.4844,9.9653,0.32048,0.26133,-0.19653,0.34849,0.61691,-0.22137,0.24503,-1.949,-0.74423,1.1858,0.45434,0.26355,-0.65699,0.46208,0.61971,-0.35878
9.6702,0.44144,0.3205,-0.47231,-0.25067,0.20628,-0.98709,0.50976,0.19516,-0.28286,8.6208,5.1185,0.072807,-0.14698,0.089268,-0.61919,-0.55797,-0.65631,1.1078,-1.8705,9.8831,-0.049332,0.12683,-0.053611,-0.50953,0.55009,-0.69057,-9.4717,7.2681,-0.2615,0.80336,-0.065052,0.70005,0.61615,-0.22864,0.25044,-0.76563,-1.1252,1.7426,-0.10515,-0.025579,0.13789,0.45613,0.62214,-0.36254
9.7601,-0.77642,0.89515,-0.11839,0.14514,0.2917,-0.98119,0.51355,0.19947,-0.32155,8.2071,4.9487,0.13245,-0.1466,0.14206,-0.62284,-0.55835,-0.6528,1.1128,-1.8874,9.7955,-0.052588,0.13335,-0.15252,-0.50714,0.54721,-0.69286,-9.2281,7.4821,-1.0146,0.88837,0.25351,0.997,0.61303,-0.24955,0.26301,-0.96411,-2.9443,1.0023,-0.56478,-0.45746,1.01,0.45956,0.61891,-0.35924
9.9261,-2.3501,3.2436,1.0507,0.12646,-0.016622,-0.98399,0.52208,0.18182,-0.48982,8.7023,4.8212,0.069193,-0.087235,0.14827,-0.62565,-0.5585,-0.64796,1.1369,-1.8538,9.9273,-0.13122,0.13239,-0.23297,-0.50794,0.5452,-0.69396,-9.7988,8.1689,-0.80171,-0.05141,0.24286,1.2776,0.60355,-0.27389,0.28175,-3.1921,-4.432,0.064216,-0.97722,-0.73838,1.6895,0.4675,0.61009,-0.35084
10.018,-0.36463,3.0036,0.30605,0.28812,0.017298,-0.98776,0.52803,0.1656,-0.59869,8.4423,4.9603,-0.019158,0.044261,0.12297,-0.62946,-0.55524,-0.64682,0.99512,-1.6641,10.137,-0.12396,0.063214,-0.23843,-0.50745,0.54554,-0.69158,-10.17,8.0301,-0.23885,-0.45832,0.072967,1.5323,0.5938,-0.30272,0.29546,-6.2135,-5.7828,-0.52084,-0.84029,-0.77161,2.1001,0.48291,0.59305,-0.34232
10.166,-0.63943,2.8835,-1.0821,0.32161,0.47855,-0.9837,0.53566,0.16518,-0.080782,8.999,5.1166,-0.06288,0.043289,0.19286,-0.63101,-0.55055,-0.65108,1.1606,-1.468,9.9991,-0.093497,0.020058,-0.15716,-0.51095,0.54516,-0.69175,-9.2303,8.1176,-0.55016,-0.30938,0.13062,1.8874,0.5805,-0.34521,0.30037,-7.9984,-6.8332,-1.0991,-0.13447,-0.68645,2.2535,0.50599,0.56058,-0.34466
9.9526,-1.6671,2.8155,-0.84948,0.29137,0.49353,-0.97762,0.54428,0.17542,0.035234,8.6571,5.1328,0.017279,-0.054235,0.37127,-0.63648,-0.54337,-0.65381,0.93629,-1.3721,9.9598,-0.06964,-0.028737,-0.01598,-0.51255,0.54622,-0.68874,-9.575,8.4378,-0.31737,-0.45033,0.006139,2.1381,0.56239,-0.39245,0.30559,-8.3673,-7.6211,-1.72,0.51585,-0.52955,2.2631,0.52737,0.5132,-0.36589
8.7834,-1.7962,2.2538,-0.45178,0.2692,0.69283,-0.97219,0.55571,0.17104,-0.34568,8.4435,5.2024,-0.035261,-0.15869,0.35682,-0.64501,-0.53628,-0.65414,0.7996,-1.194,9.8813,0.088527,-0.088659,0.1448,-0.51305,0.54675,-0.68866,-9.2305,8.2442,-0.32524,-0.68636,-0.14505,2.2711,0.53794,-0.45313,0.29374,-8.9738,-7.544,-1.5807,0.34235,-0.27593,2.3315,0.55491,0.45443,-0.38383
7.9732,-2.7545,2.689,-0.59962,0.51396,0.8374,-0.96283,0.57904,0.16886,0.15848,8.0762,4.9535,-0.26438,-0.16443,0.15597,-0.65607,-0.52992,-0.6564,1.156,-1.3017,9.3752,0.095362,-0.024925,0.28811,-0.51039,0.5482,-0.69043,-8.0128,6.8979,-0.029234,-1.0024,-0.42161,2.3227,0.51504,-0.50565,0.276,-9.7249,-8.8406,-1.4773,0.37577,-0.033574,2.2466,0.57748,0.40232,-0.39682
8.061,-3.096,2.7173,-0.56496,0.31607,0.52093,-0.95093,0.59659,0.17211,0.67478,7.8442,4.7758,-0.23118,-0.12427,-0.012982,-0.66455,-0.52196,-0.66045,1.3685,-1.6183,9.3448,0.12742,0.13377,0.36799,-0.50064,0.55132,-0.69251,-6.4609,4.3689,0.094723,-0.92604,-0.42351,2.1086,0.49539,-0.54398,0.25644,-10.689,-11.628,-1.9792,0.34336,0.16589,1.6914,0.59256,0.35974,-0.40995
8.273,-2.7541,1.9826,-0.43115,-0.079328,0.31488,-0.94354,0.60245,0.17977,0.67289,8.0834,4.461,-0.005841,0.006654,-0.17595,-0.6657,-0.52102,-0.66258,1.1743,-2.0808,9.3159,0.006433,0.30708,0.34868,-0.48562,0.55629,-0.69756,-5.2401,2.4673,0.49643,-0.60465,-0.030383,1.7703,0.47321,-0.58171,0.23509,-10.447,-10.963,-0.32246,0.40817,0.27609,0.8959,0.60579,0.32684,-0.41796
9.5672,-3.3419,1.8916,-0.77641,-0.42812,0.37802,-0.93389,0.60733,0.20501,0.69442,8.2459,4.4473,0.17219,0.040373,-0.13631,-0.66372,-0.5263,-0.66007,0.73356,-2.6994,10.229,0.023912,0.32046,0.19132,-0.46893,0.56133,-0.70058,-2.5086,0.21863,1.0339,-0.28333,0.22361,1.0975,0.45488,-0.60917,0.22875,-9.4544,-8.5744,-1.0537,0.20912,0.18278,0.32358,0.61375,0.30942,-0.41988
10.034,-3.8938,1.899,-0.74738,-0.53959,0.22171,-0.92336,0.60819,0.2368,0.090862,8.8784,4.4951,0.049352,0.14016,-0.049419,-0.65725,-0.52985,-0.65928,0.81083,-2.2066,10.044,-0.14913,0.17614,-0.057273,-0.45752,0.56312,-0.70454,-0.29006,0.38279,1.5434,-0.08393,0.37145,0.26904,0.44087,-0.63017,0.22052,-9.3803,-9.1731,-0.82999,-0.49902,0.2145,-0.099579,0.61997,0.30758,-0.41036
9.1964,-3.7478,0.39411,-0.018709,0.024686,-0.068064,-0.91842,0.60466,0.25278,0.17093,8.6588,4.791,0.042179,0.14188,0.15338,-0.65356,-0.53,-0.66214,0.63728,-1.9096,10.087,-0.23642,0.024648,-0.22639,-0.45871,0.56607,-0.70082,0.32299,1.5787,1.2693,0.36882,0.44132,-0.64968,0.43876,-0.62597,0.23049,-9.2595,-8.7715,-0.49818,-0.5505,0.23205,-0.50099,0.62203,0.32514,-0.39517
8.8223,-3.8061,0.89819,0.10204,0.087157,-0.30712,-0.92048,0.59962,0.25618,0.39823,8.2695,5.0676,-0.004694,0.081716,0.14099,-0.65179,-0.52705,-0.6621,0.68335,-1.5398,9.6071,-0.28084,-0.075722,-0.22659,-0.46435,0.56919,-0.69634,-1.4716,3.4833,1.4038,1.0222,0.55271,-1.4443,0.44613,-0.60277,0.26025,-8.4506,-8.8654,-0.36525,-0.41876,0.21112,-0.83648,0.61755,0.3477,-0.38238
8.3557,-4.2068,2.026,0.11961,-0.009762,-0.31945,-0.92747,0.59107,0.24855,0.37299,7.6296,5.0524,0.058926,0.077195,0.042536,-0.65036,-0.52775,-0.66405,0.54741,-1.7525,9.4523,-0.060368,-0.17951,-0.094131,-0.47008,0.57102,-0.69095,-3.9192,4.3896,1.1436,0.92824,0.21131,-1.9441,0.46401,-0.56328,0.2867,-8.8848,-8.5935,-0.62583,-0.17941,0.25458,-1.1731,0.61462,0.37479,-0.36544
8.6767,-4.4438,1.3704,0.50923,0.026122,-0.30632,-0.93397,0.58534,0.2453,0.23524,8.1481,4.6093,0.002984,0.073341,-0.11349,-0.64501,-0.52897,-0.66477,0.40997,-1.2008,9.4944,0.1333,-0.25284,0.029598,-0.47792,0.57026,-0.68822,-6.1935,4.7738,0.35473,0.71749,-0.068323,-2.2469,0.48775,-0.51816,0.30243,-9.1549,-8.6058,-1.0338,-0.24579,0.28313,-1.3915,0.60741,0.40522,-0.34908
9.13,-4.2436,2.2554,0.96002,0.29913,-0.39798,-0.94806,0.58094,0.20849,0.088134,8.2548,4.6137,0.012628,0.10552,-0.16854,-0.64055,-0.52714,-0.6698,0.9004,-1.7014,9.7012,0.27083,-0.28801,0.11102,-0.48659,0.56827,-0.68686,-8.4666,5.1558,0.098586,0.42883,-0.12247,-2.5109,0.52071,-0.46091,0.30834,-9.3215,-9.6202,-1.241,-0.095255,0.22373,-1.6544,0.59591,0.44546,-0.33042
9.1762,-3.5209,2.9767,0.83981,0.039606,-0.5903,-0.96172,0.57408,0.18735,-0.0501,8.3596,5.007,0.033124,0.16767,-0.22261,-0.63311,-0.53218,-0.6702,0.98559,-1.6435,9.6868,0.29857,-0.32969,0.10923,-0.49459,0.56165,-0.6872,-11.118,6.6892,0.31373,0.07052,-0.19206,-2.6187,0.55112,-0.40766,0.30381,-9.4562,-9.5299,-1.2356,0.34336,0.15236,-2.072,0.57737,0.4834,-0.32594
8.9337,-2.9399,2.6653,0.87268,0.071276,-0.61048,-0.97122,0.56664,0.17736,-0.25967,8.6031,4.7784,0.13188,0.095194,-0.31185,-0.62444,-0.53686,-0.66939,1.3552,-1.2351,9.6975,0.42801,-0.33839,0.017656,-0.5016,0.5563,-0.69002,-11.984,6.655,0.50644,-0.036776,-0.27412,-2.4357,0.57318,-0.35998,0.29218,-8.7354,-8.5249,-1.2207,0.69165,0.004979,-2.3654,0.55422,0.51462,-0.33196
8.664,-1.8985,2.1329,0.8347,0.022999,-0.67965,-0.983,0.55063,0.15887,-0.1716,8.3881,4.6224,0.13437,0.013609,-0.3479,-0.61862,-0.54142,-0.66912,1.5939,-1.0391,9.4508,0.24884,-0.22427,-0.081141,-0.51165,0.55154,-0.68891,-12.024,8.0683,-0.51591,0.23409,0.12168,-2.189,0.59082,-0.3074,0.28103,-6.9037,-6.1359,-1.1535,0.79832,-0.062374,-2.3219,0.52234,0.54831,-0.34758
8.9045,-1.3383,2.3323,0.76388,0.015894,-0.65413,-0.99431,0.53529,0.14424,-0.18086,8.1918,4.6215,0.10124,0.018119,-0.44188,-0.61345,-0.54985,-0.66728,1.6724,-1.3283,9.3837,0.15328,-0.1341,-0.079304,-0.51604,0.54915,-0.68931,-12.49,11.62,-0.15402,0.21069,-0.19273,-1.5552,0.60333,-0.26241,0.27078,-5.1929,-4.3513,-1.1347,0.48913,0.077857,-2.0442,0.49007,0.5746,-0.3644
9.3094,-0.74921,2.4138,0.44523,-0.27791,-0.61402,-1.0069,0.51578,0.13276,-0.64577,8.5227,4.868,0.06847,0.051367,-0.46992,-0.6023,-0.55797,-0.66588,1.4388,-1.4752,9.3681,0.02739,-0.036116,-0.12172,-0.52225,0.54605,-0.68892,-10.478,12.646,0.24539,-0.13851,-0.17162,-0.75896,0.61394,-0.23139,0.25555,-4.2306,-2.4299,-0.74722,0.24869,0.37794,-1.5519,0.46707,0.59833,-0.37341
10.014,-0.2339,1.8033,-0.045522,-0.41531,-0.3441,-1.0122,0.50108,0.14511,-0.56883,9.0656,4.8952,0.080628,0.055246,-0.2316,-0.59394,-0.56561,-0.66414,1.59,-1.5974,9.3823,-0.03625,0.078796,-0.15685,-0.52508,0.5441,-0.68814,-9.8081,11.57,-0.040073,0.14762,-0.1244,-0.075902,0.62022,-0.22089,0.24651,-2.9922,-1.7461,0.70978,0.19928,0.49511,-0.96094,0.45544,0.61455,-0.37159
9.9325,-0.39381,1.1974,-0.31043,-0.22404,0.044095,-1.0089,0.49673,0.16434,-0.6188,8.9213,5.1567,0.19868,0.013294,0.049944,-0.5899,-0.56936,-0.66117,1.3218,-1.6112,9.6767,-0.14201,0.17164,-0.22752,-0.52341,0.54479,-0.68707,-9.4901,9.3359,0.028763,0.32558,-0.2019,0.55137,0.61917,-0.22527,0.24583,-1.0356,-1.2431,1.6406,0.089107,0.271,-0.21143,0.45385,0.62216,-0.3668
9.7729,-0.79472,1.7456,-0.14859,0.055149,0.22916,-1.0048,0.50106,0.16818,-0.81998,9.0065,5.0878,0.30863,-0.080157,0.19612,-0.59185,-0.57083,-0.65472,1.2798,-1.2906,9.7194,-0.082717,0.20335,-0.2521,-0.52225,0.54195,-0.68893,-8.6564,6.5091,-1.0617,0.70915,0.13526,0.77545,0.61693,-0.2389,0.25261,-0.57119,-1.2302,1.6036,-0.19892,-0.13348,0.5787,0.45461,0.62034,-0.3657
9.6364,-0.9592,2.4,0.075975,0.088223,0.26399,-0.99968,0.50985,0.16699,-0.61915,8.5859,4.8344,0.15439,-0.11955,0.20871,-0.59722,-0.57189,-0.65001,1.3698,-1.1866,9.6896,-0.10453,0.17638,-0.23183,-0.52065,0.54035,-0.68942,-9.397,8.1414,-1.1684,0.68815,0.3541,1.0067,0.61019,-0.25084,0.27326,-2.4636,-3.7435,0.85525,-0.65827,-0.4822,1.3744,0.46177,0.6131,-0.36063
9.5464,-0.90049,2.7205,0.1523,0.074941,0.17296,-0.99742,0.51895,0.1649,-0.54732,8.3771,4.9092,0.038474,-0.12877,0.15003,-0.60482,-0.5697,-0.64816,1.0776,-1.4503,9.9611,-0.10847,0.15363,-0.12866,-0.51919,0.54133,-0.69,-10.46,8.7213,-0.96534,-0.13871,0.29427,1.3241,0.59891,-0.28262,0.29531,-4.9902,-4.8051,0.21958,-0.97652,-0.77235,2.0202,0.47798,0.59578,-0.35012
9.6087,-0.27903,2.7921,-0.032177,0.22023,0.28338,-0.99519,0.52761,0.15989,-0.56355,8.565,4.6451,-0.052025,-0.063516,0.11379,-0.60865,-0.56694,-0.64752,1.0629,-1.2165,9.6463,-0.092626,0.14542,-0.031487,-0.51568,0.54273,-0.68986,-10.068,8.047,-0.74667,-0.59886,0.1523,1.7112,0.5859,-0.32526,0.30062,-7.187,-5.794,-0.29828,-0.77132,-0.8726,2.3077,0.49882,0.5705,-0.34402
9.7569,-0.5169,2.7022,-0.77808,0.25482,0.4792,-0.99041,0.53648,0.15564,-0.37826,8.9307,4.7208,-0.12792,-0.036055,0.20535,-0.61211,-0.56232,-0.6492,0.98505,-1.3717,9.7652,-0.005916,0.14197,0.087796,-0.50958,0.54445,-0.69246,-9.6633,8.1802,0.071555,-0.43225,0.036741,1.9169,0.57119,-0.3657,0.30521,-8.6717,-6.3069,-1.1539,-0.021398,-0.82442,2.4009,0.51914,0.53728,-0.35206
9.3438,-1.4453,2.2752,-1.0427,0.19464,0.69606,-0.98379,0.55019,0.1664,-0.20545,8.6026,4.8759,-0.079881,0.010491,0.28166,-0.61679,-0.55584,-0.65418,0.95605,-1.488,9.7277,0.015266,0.12834,0.18581,-0.50195,0.54711,-0.69215,-8.989,7.8077,0.13802,-0.48355,-0.05488,2.2285,0.55131,-0.4168,0.30221,-9.8566,-6.7168,-1.9818,0.23559,-0.54838,2.4244,0.54281,0.48784,-0.37292
8.5408,-2.7276,2.231,-0.7694,0.20988,0.79656,-0.97142,0.56662,0.17841,-0.23899,8.406,4.9234,-0.088836,-0.003745,0.27273,-0.62201,-0.5479,-0.65691,0.86843,-1.4874,9.6188,0.074775,0.15032,0.24066,-0.49192,0.54985,-0.6962,-8.6449,7.8527,0.45248,-0.70321,-0.3002,2.4518,0.52982,-0.46801,0.29293,-10.561,-7.4941,-0.90517,0.18025,-0.32837,2.4064,0.56447,0.44093,-0.38838
8.3128,-3.5271,2.5523,-0.58034,0.1354,0.75425,-0.95826,0.58833,0.18818,0.054704,8.4615,4.9692,-0.15056,-0.017025,0.1523,-0.62954,-0.53907,-0.66451,0.98565,-1.4971,9.3249,0.087311,0.26867,0.27628,-0.47979,0.5511,-0.70085,-7.2317,6.0291,0.3103,-0.8122,-0.41348,2.4091,0.50205,-0.52899,0.26943,-10.504,-8.7454,-2.0281,-0.01972,-0.10779,2.1823,0.58527,0.3855,-0.41
8.5585,-3.6176,2.479,-0.72526,-0.13478,0.64214,-0.94379,0.6027,0.20493,-0.010581,8.289,5.0506,-0.12356,-0.066183,0.097541,-0.63536,-0.53368,-0.6671,0.5958,-1.6463,9.637,0.072667,0.32336,0.24621,-0.46536,0.55382,-0.70667,-5.7853,3.7095,0.45441,-0.75282,-0.34231,2.0809,0.47934,-0.57409,0.24573,-11.512,-11.943,-0.45515,0.12193,-0.021761,1.7074,0.60013,0.34866,-0.42691
9.4596,-4.1185,1.8037,-0.56351,-0.2697,0.34294,-0.93169,0.61268,0.2244,0.25016,8.532,4.9367,-0.091541,-0.11488,0.080198,-0.63919,-0.53124,-0.66888,0.64457,-1.9316,10.151,0.13298,0.28632,0.1349,-0.45056,0.55535,-0.71032,-3.8028,1.6773,0.51896,-0.38551,-0.089731,1.5051,0.46081,-0.60538,0.22982,-9.5568,-10.908,-2.2569,0.43183,0.29097,0.92446,0.61457,0.31553,-0.43645
9.6857,-3.6823,1.5546,-0.13858,-0.33198,-0.020986,-0.92581,0.61265,0.24303,0.34171,8.1007,4.8916,-0.019837,-0.13455,0.065231,-0.64619,-0.52928,-0.66789,0.50791,-1.868,10.275,-0.014204,0.14628,-0.028093,-0.44232,0.55381,-0.71521,-1.0328,0.62144,1.0034,-0.13809,0.20306,0.78597,0.44441,-0.62692,0.22317,-9.0428,-13.117,-1.2234,-0.12375,0.0787,0.030647,0.62023,0.3051,-0.43987
9.3486,-2.8983,0.68428,0.11746,-0.26485,-0.077519,-0.92044,0.60955,0.25214,0.24542,7.9423,4.5646,0.00111,-0.07338,-0.014691,-0.65049,-0.53042,-0.66465,0.62931,-1.3602,9.7498,-0.12399,-0.03395,-0.13978,-0.44448,0.55438,-0.71334,0.98406,0.64368,1.1864,0.16158,0.36839,-0.14912,0.43786,-0.63367,0.23012,-9.0424,-12.653,-1.6852,-0.29655,0.16008,-0.78245,0.61655,0.319,-0.43017
8.7814,-3.2775,0.31196,-0.24083,-0.00761,-0.043634,-0.91716,0.60628,0.26408,0.35194,8.1322,4.4034,0.013904,0.051917,-0.042543,-0.65078,-0.53116,-0.66542,0.44381,-1.0187,9.4379,-0.076548,-0.13056,-0.097542,-0.44799,0.55449,-0.71128,0.41405,2.6799,1.5028,0.59039,0.28135,-1.0616,0.44175,-0.61995,0.2441,-8.7619,-11.547,0.040578,0.025154,0.31271,-1.345,0.61352,0.34322,-0.41161
8.6412,-4.2789,0.9385,0.036254,0.25241,-0.17298,-0.92268,0.60013,0.26192,0.19653,8.2732,4.8088,0.044356,0.11838,-0.10646,-0.64648,-0.5311,-0.66647,0.52689,-1.2575,9.6438,0.089363,-0.14518,-0.010833,-0.45309,0.55545,-0.71082,-1.7115,3.6898,1.8717,1.1162,0.20298,-1.7625,0.45768,-0.58612,0.27074,-9.7802,-6.6778,-0.4117,-0.05231,0.29251,-1.6323,0.60832,0.37284,-0.38928
8.7778,-4.8176,2.0103,0.31859,0.37382,-0.22049,-0.93173,0.59834,0.24556,0.30534,8.0036,4.9103,0.047402,0.093109,-0.16532,-0.64109,-0.53424,-0.66676,0.6054,-1.4517,9.4088,0.044624,-0.1471,-0.000281,-0.45711,0.55405,-0.70887,-5.2417,5.4663,0.48593,1.1616,-0.000724,-2.1535,0.48197,-0.54112,0.29645,-9.1697,-4.2896,-0.62651,-0.6801,0.35438,-1.5077,0.60391,0.40971,-0.36223
9.8859,-4.8742,2.8315,0.66949,0.24538,-0.29774,-0.94016,0.59548,0.22604,-0.11122,8.3643,5.0261,0.069555,0.06552,-0.17367,-0.63431,-0.53934,-0.66527,0.53201,-1.4568,9.7598,0.034415,-0.18605,-0.02513,-0.46206,0.55127,-0.70805,-8.1124,5.5937,-0.41963,0.39291,-0.24499,-2.3828,0.50925,-0.49178,0.30677,-9.4186,-5.1237,-1.0139,-0.62727,0.41358,-1.2558,0.59632,0.44757,-0.33516
9.471,-4.1537,3.1837,0.92851,0.13034,-0.46287,-0.94983,0.59087,0.20544,-0.24806,8.3665,5.0787,0.076685,0.075275,-0.16392,-0.62886,-0.54289,-0.66453,0.4638,-1.4808,9.7934,0.062599,-0.26998,-0.044722,-0.47025,0.55155,-0.70461,-9.6481,4.7877,-1.0123,-0.039253,-0.42868,-2.5396,0.54016,-0.4411,0.29994,-9.1321,-7.8704,-2.0324,0.21239,0.37624,-1.2627,0.58836,0.47384,-0.31901
8.4945,-2.862,2.6028,0.87309,0.1537,-0.60449,-0.96342,0.58251,0.17795,-0.35499,8.1385,5.111,0.042877,-0.001459,-0.24768,-0.62418,-0.54924,-0.66429,1.1307,-0.90573,9.4757,0.06378,-0.3029,0.026115,-0.47967,0.54843,-0.70338,-10.773,5.4595,-1.3432,-0.11497,-0.24858,-2.7252,0.57962,-0.37666,0.28753,-8.4198,-7.3652,-2.1983,0.41066,0.29262,-1.5228,0.575,0.50044,-0.31756
8.3452,-1.4668,2.2601,0.55758,0.087801,-0.59824,-0.97622,0.56675,0.16021,-0.23591,8.2434,4.9713,-0.001445,-0.064069,-0.34721,-0.62182,-0.55477,-0.66189,1.1216,-1.226,9.3638,0.086094,-0.25067,0.06861,-0.48753,0.5487,-0.7008,-11.983,6.9625,-1.4442,0.13456,0.11274,-2.4929,0.6009,-0.32226,0.27934,-7.928,-8.9814,-2.0748,0.48587,0.27744,-1.7466,0.5561,0.52545,-0.32045
8.3689,-1.1707,2.2547,0.13797,-0.16039,-0.6105,-0.98221,0.55184,0.15625,-0.40356,7.9713,5.0905,0.047604,-0.057781,-0.42056,-0.61629,-0.56211,-0.65787,1.2632,-1.5819,9.7584,0.084184,-0.18603,0.11113,-0.49337,0.54943,-0.70037,-13.201,10.61,0.17789,-0.47478,0.13473,-2.0896,0.60759,-0.2796,0.26895,-6.9615,-8.7313,-2.252,0.37195,0.31443,-2.1843,0.53221,0.5529,-0.32472
8.9226,-1.2304,1.2439,-0.073713,-0.54445,-0.67845,-0.9881,0.53094,0.1718,-0.65818,8.5664,4.8535,0.010399,-0.017214,-0.43868,-0.61077,-0.56849,-0.65618,1.1512,-1.4008,9.2988,-0.029494,-0.086809,0.041428,-0.49505,0.5505,-0.69899,-10.606,11.61,0.39398,-0.76181,0.21085,-1.406,0.61351,-0.2492,0.25183,-6.0267,-5.436,-1.6895,0.38318,0.40336,-2.2042,0.50014,0.59049,-0.3259
9.8472,-1.5163,0.48816,0.34587,-0.17474,-0.4879,-0.99695,0.51233,0.18377,-0.59004,8.7409,4.8766,0.052901,0.06864,-0.31849,-0.6026,-0.57668,-0.65328,1.2735,-1.5052,8.9774,-0.055768,0.063921,-0.0298,-0.49503,0.55075,-0.6985,-10.389,13.383,1.5818,-0.78393,0.29229,-0.66291,0.61404,-0.23547,0.23954,-4.4238,-1.8637,-0.069188,0.84785,0.45842,-1.5383,0.47854,0.60903,-0.33451
10.022,-1.6271,1.9211,0.77147,-3.3e-05,-0.29465,-1.0028,0.50104,0.17806,-0.80257,8.9192,5.0973,0.19121,0.13729,-0.11832,-0.59194,-0.58176,-0.6512,0.95619,-1.6388,9.8623,-0.033574,0.20295,-0.041974,-0.48884,0.55028,-0.69967,-9.7313,10.505,1.7106,-0.13339,0.11913,0.26624,0.61,-0.23471,0.24426,-1.8533,-1.3243,0.31931,1.2646,0.24201,-0.89614,0.46166,0.61618,-0.35611
10.142,-1.1709,2.4253,0.39603,-0.24212,-0.032358,-1.0053,0.50262,0.17108,-1.0223,8.8172,5.1465,0.23457,0.072715,0.090784,-0.58588,-0.58676,-0.64887,0.75596,-1.3512,9.7907,-0.07522,0.14181,-0.17995,-0.48673,0.54843,-0.70225,-9.2947,6.5738,0.81592,0.5647,-0.040324,0.58904,0.60877,-0.24329,0.25095,0.14847,-0.21332,0.35612,1.0931,0.30881,-0.065897,0.45452,0.6054,-0.38048
9.7873,-0.51628,2.4492,-0.091527,-0.15015,0.16812,-1.0012,0.50824,0.17452,-0.82608,8.459,5.0221,0.2039,-0.05592,0.22727,-0.58763,-0.58686,-0.64563,0.98017,-1.4692,9.9624,-0.040949,0.097914,-0.19585,-0.48766,0.5473,-0.70102,-9.6879,6.8335,-0.7002,0.78737,0.11455,0.76484,0.60789,-0.25357,0.25907,-0.70643,-2.1001,2.7569,-0.1578,0.29907,0.95425,0.46335,0.59255,-0.38585
9.6717,0.32153,2.4986,-0.13804,-0.059756,0.12938,-0.99432,0.51277,0.17952,-0.94005,8.4172,4.6373,0.063828,-0.10949,0.13918,-0.59384,-0.58472,-0.64166,1.1159,-1.0279,9.9055,-0.027519,0.039013,-0.15525,-0.48835,0.54503,-0.70224,-9.9794,6.9218,-0.57862,0.55834,0.22785,1.0851,0.59993,-0.26985,0.27801,-3.5548,-3.154,2.4818,-1.0187,-0.11029,1.6505,0.48227,0.57774,-0.36103
10.004,1.106,2.0213,-0.28405,0.15317,0.22862,-0.98996,0.51866,0.1823,-0.89447,8.3453,4.9774,-0.11908,-0.11535,0.055302,-0.59784,-0.58168,-0.64168,0.93666,-1.6193,9.8641,-0.050036,0.040399,-0.097087,-0.48871,0.54402,-0.70198,-10.396,8.4159,0.40169,0.10552,-0.017568,1.4155,0.59175,-0.29553,0.29152,-6.2278,-5.4317,-0.51266,-0.82416,-0.27715,2.087,0.50212,0.55911,-0.34397
9.9867,0.4032,1.8151,-0.65007,0.32586,0.50368,-0.98313,0.52774,0.18912,-0.6063,8.8267,5.1588,-0.13713,-0.10367,0.16856,-0.60641,-0.57711,-0.64325,0.50064,-1.5803,9.6539,-0.065783,0.045073,-0.024789,-0.48931,0.54595,-0.70144,-10.05,8.0131,0.214,-0.39864,-0.17445,1.7831,0.58103,-0.33632,0.29706,-8.2668,-6.8294,0.31564,-0.30783,-0.57593,2.2566,0.52879,0.52441,-0.33713
9.7445,-1.819,2.2688,-0.84587,0.38167,0.62986,-0.97907,0.54099,0.18892,-0.65169,9.0869,4.9969,-0.060314,-0.17475,0.33385,-0.61623,-0.57256,-0.64412,0.99436,-0.91939,9.3614,-0.0051,0.20462,0.045586,-0.48412,0.54411,-0.70262,-10.421,7.7844,0.76196,-0.37066,-0.2032,2.0026,0.56765,-0.37825,0.2937,-8.5809,-6.1906,-0.36024,0.43794,-0.78973,2.2643,0.54747,0.48075,-0.35694
9.3498,-3.357,2.3752,-0.42931,0.35971,0.62314,-0.97581,0.55343,0.18591,-0.23802,8.5594,5.2789,-0.041435,-0.18371,0.42347,-0.62493,-0.56368,-0.64488,0.67399,-1.9582,9.9981,0.005188,0.28466,0.14713,-0.47486,0.54685,-0.70446,-9.1979,7.8808,0.38132,-0.26196,-0.30501,2.2736,0.55564,-0.42669,0.28796,-10.504,-8.5524,-1.6765,0.86538,-0.50164,2.3077,0.56073,0.42933,-0.38593
7.9421,-3.1681,2.4255,-0.63735,0.16813,0.55333,-0.96977,0.56756,0.18565,-0.036922,8.1458,5.0984,-0.044468,-0.18675,0.37277,-0.6404,-0.55421,-0.64538,0.7732,-1.5556,9.9852,0.004882,0.29127,0.1578,-0.46347,0.5498,-0.70895,-8.4021,7.1856,0.60812,-0.39269,-0.52955,2.5075,0.53449,-0.47798,0.27702,-10.405,-7.9498,-1.1129,0.35474,-0.030649,2.1221,0.57696,0.37566,-0.40681
7.7198,-3.3629,1.5497,-0.58743,-0.17098,0.58123,-0.95463,0.57968,0.20006,-0.10135,8.0308,4.8156,-0.077081,-0.15061,0.25226,-0.65017,-0.54804,-0.645,0.46362,-1.3642,9.767,0.01452,0.31556,0.20814,-0.44921,0.55251,-0.71328,-6.1774,5.734,0.15925,-0.40978,-0.45065,2.3426,0.51242,-0.52716,0.25749,-10.106,-8.4829,-0.72086,-0.2824,0.06516,1.8004,0.5926,0.33826,-0.41689
8.6999,-3.7515,2.2857,0.070325,-0.23484,0.40012,-0.94116,0.59544,0.21292,0.054378,8.3073,4.779,-0.11269,-0.026137,0.12346,-0.65945,-0.54274,-0.64535,0.30822,-1.8936,10.211,0.054347,0.23799,0.18585,-0.43479,0.55482,-0.71685,-4.7756,4.601,-0.17146,-0.20681,-0.22561,1.9989,0.48533,-0.57081,0.2438,-10.132,-11.03,-0.59372,-0.55549,0.21294,1.406,0.60502,0.30821,-0.42641
9.8774,-3.4226,2.8861,-0.072917,-0.39185,0.20377,-0.93427,0.60423,0.22611,0.29981,8.333,4.9774,-0.095272,0.025027,0.11297,-0.66221,-0.53911,-0.64838,0.27889,-1.9473,10.42,0.034925,0.093666,0.098959,-0.42574,0.55452,-0.72049,-3.359,2.3109,0.06955,-0.19409,0.12893,1.4273,0.46353,-0.60142,0.23808,-9.2175,-11.001,0.43773,-0.013104,0.15561,0.57721,0.61651,0.29135,-0.43019
