10.546,-3.0069,1.3347,-0.15292,-0.16822,0.14251,-0.92803,0.60798,0.23679,0.25395,8.3032,5.1204,-0.007312,0.044204,0.099889,-0.66155,-0.53556,-0.65224,0.36166,-1.6797,9.964,-0.034589,-0.021685,0.02098,-0.4251,0.55551,-0.72023,-1.0081,1.3886,0.47789,-0.12965,0.22587,0.7245,0.44941,-0.62209,0.23438,-8.9924,-10.432,-0.22923,-0.06388,0.11211,-0.13944,0.62196,0.28995,-0.42593
8.9896,-3.052,0.91973,-0.16744,0.11747,0.083634,-0.92442,0.6094,0.2401,0.074847,8.4922,5.1347,0.010107,0.038359,0.04369,-0.66108,-0.53401,-0.65263,0.14171,-1.2292,9.8282,-0.067795,-0.069065,-0.010967,-0.4274,0.55648,-0.71876,0.33322,1.9343,0.39171,0.082569,0.18043,-0.13431,0.44346,-0.62852,0.23605,-8.646,-8.952,-0.96639,-0.69312,0.12228,-0.44557,0.62323,0.30261,-0.41696
8.2275,-3.4168,1.0459,-0.29014,0.1176,-0.029702,-0.92393,0.60749,0.23934,0.16831,8.3757,5.1736,-0.027074,0.009522,-0.026403,-0.66195,-0.53346,-0.65448,0.33214,-1.4901,9.909,-0.061181,-0.078418,0.015545,-0.42882,0.55768,-0.71725,0.060495,2.7573,0.58039,0.61721,0.28329,-0.93369,0.44977,-0.61406,0.24963,-8.629,-7.8174,-0.76882,-0.86715,0.1378,-0.79422,0.62115,0.32812,-0.39591
8.5397,-3.8471,0.5829,-0.009287,-0.011329,-0.21026,-0.92602,0.59971,0.24461,0.40791,8.4726,5.1828,-0.036117,-0.020592,-0.04244,-0.66164,-0.53221,-0.6532,0.31343,-1.6662,9.369,-0.064084,-0.029043,-0.011747,-0.4312,0.55915,-0.71492,-2.4387,3.8999,1.1516,1.007,0.25727,-1.5503,0.46293,-0.57878,0.28221,-8.5837,-7.2549,-1.4687,-0.56892,0.27537,-1.0473,0.61509,0.3588,-0.37808
9.1481,-4.1211,1.1826,0.75794,0.10729,-0.35191,-0.93409,0.59527,0.23664,0.40232,8.7489,5.1962,0.054084,-0.090832,0.021392,-0.66112,-0.5312,-0.65294,0.42526,-1.8452,10.014,-0.047229,0.017953,-0.058438,-0.43313,0.56088,-0.71357,-5.3884,5.1787,0.99345,0.8021,-0.038804,-1.9809,0.48439,-0.53712,0.30379,-8.5546,-7.7705,-1.4547,-0.70032,0.39899,-1.1131,0.61054,0.39074,-0.35199
9.9484,-4.2671,2.7543,0.69784,0.12696,-0.29538,-0.94417,0.59412,0.21586,0.31001,8.4388,5.1553,0.12359,-0.13685,0.028517,-0.66203,-0.53488,-0.64908,0.31313,-1.9325,10.239,-0.091259,-0.069795,-0.16646,-0.43469,0.56144,-0.71217,-7.3452,4.8813,0.30927,0.47314,-0.34131,-2.2389,0.51003,-0.494,0.31173,-8.764,-8.0263,-0.64468,-0.62587,0.39872,-1.2281,0.60789,0.42279,-0.32125
9.7596,-3.5076,2.1461,0.53033,0.082469,-0.34833,-0.9494,0.59013,0.20429,-0.14078,8.6279,5.1607,0.15754,-0.14497,0.024585,-0.66328,-0.53656,-0.64401,0.36149,-1.7581,10.32,-0.071756,-0.25427,-0.23568,-0.44438,0.56036,-0.7089,-8.8967,5.7246,-0.18045,0.14441,-0.45737,-2.5078,0.54377,-0.44582,0.30658,-9.3949,-9.0394,-0.61324,0.055393,0.22104,-1.4612,0.60079,0.45528,-0.30297
9.1521,-2.6292,2.2964,1.0145,0.23811,-0.52529,-0.95849,0.58351,0.18213,-0.21311,8.0467,5.0337,0.018796,-0.077079,-0.009573,-0.66471,-0.5372,-0.63972,0.4684,-1.3279,9.8006,-0.032114,-0.39559,-0.15812,-0.45993,0.55948,-0.70281,-9.9367,5.9615,-0.42667,-0.20996,-0.46262,-2.5643,0.5755,-0.39216,0.29086,-9.7882,-10.271,-2.5654,0.93456,0.047641,-1.875,0.58305,0.48032,-0.30791
8.6332,-1.694,2.8953,0.72941,0.4413,-0.56941,-0.97767,0.57166,0.14371,0.099704,8.1922,5.0241,-0.045964,-0.035696,-0.14746,-0.66502,-0.54016,-0.63892,0.71178,-1.1323,9.7251,0.10738,-0.4314,-0.002505,-0.47611,0.55787,-0.69948,-10.418,5.9803,-1.8168,-0.054924,-0.10789,-2.53,0.60318,-0.33236,0.2646,-9.1725,-9.2418,-2.8436,0.80288,0.33313,-2.3452,0.55763,0.51104,-0.31818
8.3952,-1.7795,2.5274,-0.16685,0.071107,-0.41496,-0.98711,0.55888,0.13231,0.29934,8.0823,4.6822,-0.005709,0.059722,-0.3589,-0.66177,-0.54409,-0.63867,0.89753,-1.2417,9.28,0.13186,-0.36651,0.10722,-0.48921,0.5518,-0.69699,-13.172,10.464,-0.52657,0.023978,0.28798,-2.2712,0.61635,-0.27702,0.2612,-7.4588,-6.3485,-1.5817,0.60013,0.09735,-2.2404,0.53099,0.54485,-0.3267
8.3774,-2.5342,2.3434,-0.10322,-0.10479,-0.45975,-0.99152,0.54351,0.14086,0.31582,7.6838,4.8652,0.016445,0.19428,-0.52558,-0.65169,-0.55314,-0.64077,1.0743,-2.0708,9.4365,0.1251,-0.26803,0.087955,-0.49597,0.55229,-0.69486,-11.022,12.181,-0.3277,-0.35094,-0.069372,-1.3531,0.62065,-0.24287,0.25253,-6.0687,-3.8758,-1.3574,0.33047,0.065563,-1.9278,0.50517,0.57648,-0.33687
8.8873,-1.9595,2.0898,0.64408,-0.31836,-0.77878,-1.0028,0.52499,0.14479,-0.27519,8.5069,5.1229,0.024154,0.2174,-0.59487,-0.63503,-0.5649,-0.64017,1.1423,-1.9521,9.433,0.1001,-0.11429,-0.007112,-0.5009,0.54875,-0.69364,-10.15,13.027,0.92677,-0.83802,0.18396,-0.62408,0.62218,-0.22982,0.24132,-4.2144,-1.8258,-0.49134,0.39197,0.32424,-1.4857,0.4841,0.59814,-0.34486
9.7134,-0.67639,1.8806,0.75722,-0.20407,-0.62761,-1.0123,0.50691,0.14111,-0.42458,9.4354,5.1165,0.05944,0.14387,-0.41049,-0.61998,-0.57435,-0.64033,1.1855,-1.5614,9.3804,-0.040405,0.05241,-0.12699,-0.50484,0.54468,-0.69509,-9.5575,10.049,1.5871,-0.53019,0.073629,0.038136,0.62129,-0.22949,0.23611,-3.2694,-1.7897,0.72739,0.67699,0.42133,-1.0665,0.47021,0.60869,-0.34995
9.8507,-0.025341,1.8113,0.22976,-0.17415,-0.26181,-1.0152,0.49324,0.14719,-0.41339,9.064,5.2169,0.20969,0.12783,-0.095308,-0.60783,-0.5827,-0.63965,1.2193,-1.4769,9.5506,-0.045697,0.12664,-0.13743,-0.50494,0.54189,-0.69714,-9.4744,6.7002,0.8872,0.36175,-0.068235,0.4318,0.61955,-0.23847,0.24019,-1.5319,-2.2932,1.4127,0.53138,0.25478,-0.34803,0.46013,0.61426,-0.36136
10.223,-0.057735,1.7543,-0.077496,-0.12064,0.1042,-1.0118,0.49382,0.15327,-0.75963,9.3337,5.1018,0.35835,0.051003,0.14045,-0.60311,-0.58793,-0.6338,1.2406,-1.315,9.9246,-0.047422,0.15904,-0.14795,-0.50537,0.54089,-0.69825,-9.4319,6.4519,-0.67214,0.87438,0.10717,0.60941,0.61795,-0.24347,0.25266,-0.84345,-2.2585,1.0525,-0.23686,-0.040622,0.47286,0.46125,0.61143,-0.36215
9.6125,0.2271,2.1469,0.053626,-0.13017,0.13357,-1.0084,0.49804,0.15205,-0.86565,8.7881,5.1449,0.31562,-0.06487,0.23168,-0.60553,-0.58669,-0.62845,1.1022,-1.5742,9.9759,-0.083366,0.13372,-0.13221,-0.50386,0.5407,-0.69792,-9.4398,7.7513,-1.1689,0.5257,0.20812,0.86446,0.6151,-0.25241,0.26626,-2.0076,-3.7597,0.41624,-0.83377,-0.32201,1.1785,0.46775,0.60843,-0.35273
9.7903,0.003381,2.1617,-0.077156,0.10842,0.072183,-1.0066,0.50172,0.15223,-0.66223,8.4398,4.9793,0.10436,-0.14102,0.17787,-0.61032,-0.58842,-0.62254,1.1798,-1.3291,9.831,-0.19945,0.098357,-0.12531,-0.50177,0.54061,-0.69607,-9.4182,8.0054,-0.94363,-0.034389,0.26801,1.1931,0.60686,-0.2768,0.28222,-4.4072,-5.151,-0.091193,-0.86633,-0.52463,1.6722,0.48087,0.59716,-0.33849
9.7604,-0.011223,2.1688,-0.37721,0.38556,0.27304,-1.0061,0.5057,0.14626,-0.49528,8.7272,4.6949,-0.12342,-0.26304,0.12402,-0.62023,-0.58599,-0.62082,1.0096,-1.4251,9.7029,-0.27354,0.15986,-0.082925,-0.49855,0.54775,-0.69162,-10.025,8.3338,-1.1512,-0.34408,0.29614,1.4555,0.5934,-0.31091,0.29305,-6.3345,-6.4715,-0.14225,-0.46292,-0.63106,1.9772,0.49975,0.57575,-0.33358
9.6215,-0.94443,2.4079,-0.56054,0.31742,0.52293,-0.99716,0.52254,0.14847,-0.35357,8.8096,4.6937,-0.11656,-0.24225,0.17391,-0.63189,-0.58207,-0.61782,0.77603,-1.5937,9.6143,-0.23796,0.18607,-0.034336,-0.49302,0.55509,-0.6908,-10.22,8.3483,-1.2002,-0.62379,0.25098,1.7243,0.57604,-0.354,0.30166,-7.3154,-6.0547,-0.5312,-0.033242,-0.76195,2.1448,0.52177,0.53861,-0.33691
9.5865,-1.7834,2.9542,-0.18327,0.19293,0.4492,-0.99396,0.53813,0.14716,-0.23057,8.6445,4.7399,-0.11612,-0.18213,0.27737,-0.64344,-0.57757,-0.61763,0.66406,-1.7977,9.8924,-0.12619,0.13583,-0.044082,-0.48789,0.55849,-0.69038,-10.066,7.7609,-0.45372,-0.61781,0.1173,2.0074,0.55712,-0.40425,0.30271,-8.4023,-6.0992,-1.2967,-0.06417,-0.67602,2.3919,0.54202,0.49352,-0.35534
9.7595,-1.3189,3.16,-0.068748,0.1208,0.46977,-0.99135,0.54936,0.14175,-0.071717,8.7317,4.7461,-0.12008,-0.11675,0.27068,-0.65156,-0.57055,-0.61986,0.72252,-1.7687,9.8562,-0.14085,0.064425,-0.021262,-0.48451,0.56064,-0.68778,-8.7323,7.358,0.31622,-0.65542,-0.09967,2.2414,0.53878,-0.45204,0.29538,-10.814,-6.3723,-1.1439,-0.57123,-0.50848,2.5374,0.56309,0.45319,-0.36702
8.994,-1.1036,2.7229,-0.85594,0.26191,0.72335,-0.98248,0.56381,0.14252,0.21431,8.7297,4.6677,-0.097935,-0.017635,0.27996,-0.65978,-0.56133,-0.62354,0.72223,-1.4964,9.6436,-0.054237,0.039146,0.061834,-0.48277,0.56314,-0.68776,-6.9662,6.6307,0.17244,-0.83061,-0.43472,2.3897,0.51457,-0.50547,0.27848,-10.986,-10.404,-1.576,-0.30096,-0.15812,2.1305,0.58348,0.41334,-0.37533
7.9192,-1.8772,1.9637,-1.3228,0.1232,0.94658,-0.96364,0.58286,0.15954,-0.035557,8.4667,4.4219,0.021696,0.066285,0.29712,-0.66504,-0.55253,-0.62936,0.54826,-0.89812,9.5694,0.21687,0.077516,0.18764,-0.47704,0.56423,-0.69049,-5.6295,5.4788,0.7257,-1.0027,-0.31375,2.265,0.48871,-0.55675,0.25207,-10.239,-11.71,-0.71535,0.68029,-0.27116,1.3429,0.59739,0.3734,-0.39693
8.0022,-3.5502,1.5133,-1.0721,-0.18573,0.84148,-0.94243,0.60227,0.19149,0.30874,8.1674,4.6438,0.013406,0.12529,0.1686,-0.6657,-0.54535,-0.63567,0.80445,-1.1375,9.6386,0.25471,0.18881,0.33281,-0.46666,0.5644,-0.6952,-3.9121,2.8073,1.0032,-0.71898,0.065829,1.7076,0.46016,-0.60103,0.22888,-9.3977,-9.7975,-1.8912,0.44677,-0.10437,0.78421,0.60843,0.33836,-0.41741
9.5118,-5.2192,2.7597,-0.49705,-0.41328,0.27614,-0.93092,0.61216,0.21969,0.40131,7.9691,5.0225,-0.062105,0.13535,0.001212,-0.66355,-0.54043,-0.64254,0.40608,-1.9395,9.8421,0.13133,0.19705,0.26537,-0.45219,0.56621,-0.70024,-2.1688,0.98974,1.5203,-0.32949,0.403,1.091,0.4397,-0.62615,0.22463,-8.1848,-9.8464,-2.3489,-0.39231,0.13408,0.29709,0.61526,0.32589,-0.42325
9.132,-4.0198,1.8396,0.14611,-0.43176,-0.23548,-0.92566,0.60975,0.2366,0.055267,8.1975,4.9291,-0.015925,0.16406,-0.13954,-0.65941,-0.53737,-0.64595,0.11382,-2.3497,10.52,0.146,0.040777,0.12627,-0.44417,0.56785,-0.702,-0.99151,1.8166,2.1733,-0.043136,0.29865,0.32016,0.42886,-0.63864,0.22752,-9.0689,-10.187,-1.9464,-0.47938,0.13057,-0.35354,0.61572,0.33236,-0.42113
9.1616,-3.3025,0.21815,0.33922,-0.11255,-0.30139,-0.92593,0.6037,0.23876,0.19055,8.6442,4.7911,-0.065356,0.18839,-0.20472,-0.65119,-0.53923,-0.65059,0.92235,-1.8769,10.022,0.036882,-0.065018,0.019345,-0.4447,0.56762,-0.70276,-0.007723,1.9876,1.6527,0.40521,0.24339,-0.51319,0.42888,-0.63591,0.23578,-8.5423,-8.6798,-2.2547,-0.28718,0.20461,-0.66224,0.61023,0.35273,-0.41002
9.361,-3.0569,1.4,0.74124,0.41889,-0.32949,-0.93474,0.59923,0.21698,0.18614,8.5953,4.8807,0.022934,0.23309,-0.13053,-0.64381,-0.53921,-0.65377,0.76157,-1.7737,9.7835,-0.035573,-0.1081,-0.009119,-0.44877,0.56827,-0.70162,-1.434,3.4511,1.8175,0.96094,0.29402,-1.2316,0.43875,-0.61353,0.25959,-8.5553,-7.9956,-1.3641,-0.19981,0.49149,-0.80165,0.6087,0.37201,-0.38778
9.3152,-2.779,2.3787,0.17097,-0.17759,-0.27293,-0.94517,0.58951,0.20685,-0.008757,8.5821,5.0957,0.15562,0.24951,-0.04264,-0.63323,-0.544,-0.65784,0.44025,-1.9591,9.8161,-0.049466,-0.087642,-0.026865,-0.45108,0.57012,-0.69793,-3.6665,4.361,0.90139,1.004,-0.025702,-1.7674,0.45723,-0.57148,0.28865,-9.2293,-7.9781,-1.1962,0.097119,0.54706,-0.99617,0.60534,0.40133,-0.35649
9.6093,-3.7509,2.1807,-0.12047,-0.061126,-0.15346,-0.94728,0.58193,0.21424,-0.24574,8.6272,5.277,0.17688,0.20505,-0.06427,-0.62394,-0.54607,-0.65965,0.4645,-1.9082,9.8449,0.015978,-0.11404,-0.083357,-0.45588,0.56888,-0.69664,-5.8643,4.9947,1.4942,0.82024,-0.39427,-2.1157,0.48476,-0.52712,0.30327,-9.5366,-8.0131,-1.4405,0.302,0.59158,-1.1844,0.60118,0.42141,-0.33971
9.4718,-4.6303,1.9277,0.4522,0.2823,-0.23994,-0.94904,0.58037,0.21087,-0.17897,8.4959,5.3618,0.20928,0.084678,-0.07941,-0.61801,-0.54821,-0.65942,0.61559,-1.8748,9.7439,-0.021666,-0.13906,-0.15759,-0.46159,0.56742,-0.69602,-7.6054,4.6702,0.33428,0.89196,-0.59269,-2.4277,0.51664,-0.4802,0.30554,-9.5,-8.5891,-1.2622,0.12654,0.58052,-1.43,0.5965,0.43971,-0.32855
9.2487,-4.1499,2.6453,0.64522,0.12818,-0.49434,-0.95848,0.57252,0.19201,-0.12536,8.4599,5.2794,0.19547,-0.015454,-0.1154,-0.61485,-0.55534,-0.65413,0.51825,-1.9764,9.8127,-0.067973,-0.14062,-0.20361,-0.4702,0.56567,-0.69355,-10.01,5.4369,-0.74237,0.4915,-0.58422,-2.6101,0.55315,-0.42236,0.30249,-8.8105,-8.6542,-0.66804,0.1387,0.48178,-1.6924,0.58622,0.4726,-0.31429
8.8982,-2.8486,2.114,0.57378,-0.1464,-0.4039,-0.96439,0.56178,0.18484,-0.48411,8.643,5.035,0.085414,-0.09994,-0.18968,-0.61291,-0.55966,-0.64972,1.1001,-1.8853,10.135,-0.00311,-0.16524,-0.32177,-0.48233,0.56226,-0.69158,-11.424,6.147,-3.3223,0.13076,-0.3966,-2.6572,0.5859,-0.36152,0.28757,-7.9196,-8.8369,-0.86265,0.58371,0.2901,-1.9331,0.56797,0.50638,-0.30842
8.7402,-1.6464,1.8819,1.1896,0.092769,-0.56823,-0.9735,0.55274,0.17222,-0.43921,8.7199,4.6809,0.022703,-0.089874,-0.27001,-0.61287,-0.56762,-0.64331,0.47647,-2.927,9.3298,-0.45091,-0.04751,-0.52543,-0.496,0.55759,-0.68542,-11.013,7.8118,-2.9257,0.14472,-0.057722,-2.3951,0.61504,-0.29632,0.27222,-7.1178,-8.4963,-1.0872,0.99193,0.1952,-2.1684,0.54094,0.539,-0.31328
8.8031,-0.64154,2.4036,1.302,0.11603,-0.80705,-0.98704,0.53849,0.14557,-0.22047,8.0615,4.463,0.027859,0.000447,-0.355,-0.6079,-0.57309,-0.6423,0.7276,-1.8707,9.8164,-0.17954,-0.069041,-0.63098,-0.5121,0.55456,-0.68042,-11.731,10.934,-2.3884,-0.20207,0.25682,-1.8761,0.62087,-0.24761,0.26643,-6.2899,-6.2147,-1.0148,0.82105,-0.01678,-2.0614,0.51411,0.56238,-0.33157
9.0303,0.17878,2.4331,0.85252,0.30299,-0.73911,-0.99811,0.52079,0.11797,-0.48334,8.2924,4.3628,0.019564,0.1377,-0.52405,-0.59829,-0.58084,-0.641,1.1139,-1.1537,9.6656,-0.16899,-0.048273,-0.4603,-0.5244,0.55101,-0.67684,-11.449,12.24,-0.60613,-0.97301,0.15872,-1.1785,0.62116,-0.22269,0.25604,-5.1552,-3.8885,-1.2657,0.58707,0.1006,-1.6084,0.49219,0.57917,-0.34854
9.2546,0.20026,2.1664,-0.08104,0.026623,-0.42911,-1.0069,0.50528,0.10834,-0.87804,8.9214,4.6232,-0.055148,0.20644,-0.54527,-0.5824,-0.58715,-0.64424,0.91629,-1.0801,9.7933,-0.019007,-0.087386,-0.12553,-0.53314,0.5485,-0.67435,-10.049,10.776,1.0441,-0.91051,0.29929,-0.44538,0.61767,-0.21695,0.24565,-4.0199,-1.7002,-0.56836,0.39206,0.36193,-1.2196,0.47815,0.59246,-0.35511
9.4486,-0.25695,1.2547,-0.45645,-0.28553,-0.214,-1.0095,0.49198,0.12476,-0.63086,9.3369,4.9158,-0.002293,0.20536,-0.26017,-0.56908,-0.59194,-0.6474,1.1407,-1.2829,9.8638,0.21393,-0.15929,0.25705,-0.53605,0.54759,-0.67522,-10.532,9.1441,1.7339,0.12856,0.19651,0.2596,0.61364,-0.22418,0.25104,-3.1118,-1.6962,1.3593,0.41849,0.46752,-0.64229,0.47101,0.60057,-0.35614
9.7582,-0.82372,1.5816,-0.24651,-0.18071,-0.043599,-1.0116,0.48053,0.13377,-0.9849,9.0654,4.9318,0.1443,0.034461,0.038159,-0.56298,-0.59479,-0.6488,1.4244,-1.8474,9.7753,0.25302,-0.17269,0.39841,-0.5348,0.54629,-0.67773,-9.8628,6.689,1.2623,0.74586,0.002819,0.67335,0.60446,-0.2341,0.25917,-1.4115,-1.9672,1.8206,0.043135,0.11909,0.07462,0.46997,0.60356,-0.35728
10.043,-0.52915,1.444,-0.23327,-0.22036,0.22383,-1.0091,0.48337,0.1463,-0.97974,8.9491,4.9192,0.10784,-0.10544,0.20487,-0.56536,-0.59414,-0.64536,1.2991,-2.4945,9.5157,0.14008,-0.077007,0.29858,-0.52981,0.54815,-0.67778,-9.7034,7.2185,0.32717,0.79658,0.24485,0.90364,0.6001,-0.24501,0.27839,-1.5483,-2.944,1.5019,-0.48265,-0.20396,0.849,0.47211,0.60042,-0.35192
9.9069,-0.54607,2.2485,-0.014655,0.076361,0.26119,-1.0033,0.4936,0.1536,-0.88186,8.5577,4.6434,0.062708,-0.16179,0.21646,-0.57156,-0.59276,-0.64125,1.4258,-2.4801,9.3782,0.057587,0.058102,0.060349,-0.52521,0.5504,-0.67891,-10.29,7.7874,0.014686,0.26016,0.12188,1.194,0.59616,-0.25818,0.29388,-3.034,-4.1148,0.80132,-0.94323,-0.60236,1.456,0.48062,0.59331,-0.34445
9.8941,0.22231,2.7831,0.31011,0.30605,0.16129,-1.0012,0.50167,0.14197,-0.97491,8.5481,4.6234,0.0059,-0.16756,0.15641,-0.57872,-0.59117,-0.64077,1.2599,-2.4454,9.4656,-0.10813,0.23512,-0.21684,-0.52107,0.54962,-0.68092,-10.974,7.3632,0.37651,-0.070346,0.025168,1.5868,0.5894,-0.29106,0.30283,-5.3743,-5.6995,-0.019371,-0.96123,-0.83784,1.8734,0.493,0.58065,-0.33702
9.931,0.4715,3.3818,0.051082,0.30362,0.37621,-0.99867,0.51551,0.12475,-0.78482,8.5902,4.4498,-0.12255,-0.11612,0.14977,-0.58639,-0.58704,-0.63985,1.1036,-2.3479,9.6742,-0.29844,0.31187,-0.42361,-0.51874,0.54903,-0.68178,-9.4805,7.5039,0.43637,-0.42579,-0.18265,1.8871,0.58109,-0.33396,0.30319,-7.2493,-6.4408,-1.2781,-0.43259,-0.83904,2.0394,0.50948,0.55588,-0.33683
9.3695,-0.23418,3.1417,-0.833,0.22788,0.57861,-0.99365,0.53007,0.12272,-0.76272,8.7713,4.5965,-0.15072,-0.047225,0.14329,-0.59294,-0.58143,-0.64159,0.67831,-1.6225,9.7994,-0.4178,0.30336,-0.43883,-0.51845,0.54824,-0.681,-8.53,8.3198,-0.10059,-0.29718,-0.20604,2.1015,0.56595,-0.38662,0.29951,-8.5083,-6.6504,-1.6137,-0.021281,-0.77861,2.2727,0.53283,0.51466,-0.34803
8.8412,-2.1085,2.3795,-1.6144,0.12421,0.91163,-0.98194,0.54644,0.14717,-0.62228,8.6638,4.7621,-0.12474,0.011451,0.18786,-0.59936,-0.57625,-0.64587,0.41918,-1.1356,9.8163,-0.48778,0.26951,-0.25266,-0.51645,0.55429,-0.67833,-9.247,8.5622,0.43991,-0.17867,-0.32015,2.2729,0.55071,-0.43544,0.29452,-8.8537,-6.9163,-2.0012,0.17285,-0.56032,2.3887,0.55311,0.468,-0.36447
8.5062,-3.8086,2.1495,-1.3369,0.34824,0.65559,-0.97093,0.55939,0.17108,-0.2834,8.6212,5.0289,-0.12989,-0.052875,0.20541,-0.60431,-0.57052,-0.65123,0.74666,-1.5324,9.481,-0.27907,0.2208,0.014266,-0.50983,0.56195,-0.67322,-8.1071,7.3622,-0.2561,-0.26899,-0.50717,2.3877,0.53341,-0.47798,0.28128,-10.175,-8.163,-2.5871,0.20444,-0.26891,2.327,0.57194,0.42044,-0.38473
8.8502,-3.427,2.3635,-0.545,-0.000652,0.56794,-0.96116,0.57123,0.1837,-0.29357,8.6313,4.939,-0.055748,-0.15957,0.24157,-0.61383,-0.56403,-0.6534,0.25984,-1.8579,9.5722,-0.021014,0.20971,0.30317,-0.49991,0.56863,-0.6744,-6.6748,6.1391,-0.49607,-0.33361,-0.41896,2.3192,0.51041,-0.52507,0.26675,-11.136,-10.36,-0.9659,0.18156,5e-05,1.8446,0.59058,0.37709,-0.39604
8.994,-3.1305,2.0234,-0.54413,-0.030259,0.77965,-0.94733,0.59083,0.19602,-0.20166,8.379,4.4864,-0.040875,-0.13852,0.21485,-0.62481,-0.5593,-0.65204,0.50394,-2.0823,9.5065,0.23921,0.18898,0.40504,-0.48403,0.57077,-0.67888,-4.9692,4.1662,-0.53469,-0.37071,-0.21314,1.9408,0.48865,-0.56583,0.25148,-10.462,-10.814,-0.32826,0.1269,0.10265,1.2283,0.60189,0.34407,-0.40882
8.8067,-3.5718,1.6013,-0.43393,-0.000544,0.44401,-0.93185,0.60503,0.21427,-0.31783,7.9763,4.5373,-0.087463,-0.03342,0.10724,-0.6331,-0.55486,-0.65308,0.61242,-3.0014,9.881,0.19307,0.19442,0.35371,-0.46921,0.57373,-0.68469,-3.285,2.1023,-0.33356,-0.4503,0.18889,1.3236,0.46751,-0.6013,0.23999,-9.9576,-9.7722,0.17608,0.16847,0.11567,0.54967,0.61072,0.32033,-0.41622
8.3765,-3.0063,1.833,-0.016595,0.056169,-0.14938,-0.93028,0.60693,0.21406,0.21415,8.2264,4.9499,-0.076005,-0.043122,0.002308,-0.63777,-0.55347,-0.65387,0.49509,-2.7189,9.7472,0.11214,0.11536,0.13442,-0.45926,0.57354,-0.69041,-1.0223,0.92445,0.13331,-0.17815,0.30149,0.68001,0.44995,-0.62164,0.23534,-8.6688,-9.1185,-0.50256,-0.32467,-0.063175,-0.11663,0.61393,0.31872,-0.42106
9.2611,-2.2106,1.1361,-0.47006,-0.27799,-0.17766,-0.93156,0.59977,0.21975,0.1569,8.5247,4.9121,-0.014973,-0.092339,-0.060671,-0.64048,-0.55405,-0.65196,0.49511,-2.6604,9.6142,0.033545,0.086858,-0.028222,-0.45549,0.57214,-0.69242,-0.14344,1.549,0.47288,0.22685,0.28071,-0.13708,0.44267,-0.62722,0.24161,-8.4678,-9.34,-1.5157,-0.88961,0.027625,-0.61491,0.61128,0.33722,-0.41638
9.5966,-2.7279,0.15058,-0.38549,-0.41933,0.046462,-0.9263,0.59692,0.24409,-0.093943,8.6809,4.7071,0.008492,-0.1148,-0.098358,-0.643,-0.55492,-0.64901,0.44552,-2.2233,9.7207,-0.069183,0.070231,-0.11049,-0.45494,0.572,-0.69388,-0.41881,2.7853,0.44349,0.52202,0.21482,-1.0196,0.44954,-0.6134,0.25534,-8.2583,-9.4604,-1.5423,-0.62069,0.28337,-0.82018,0.6081,0.36533,-0.39723
9.9981,-4.0241,1.1598,-0.049888,0.035343,0.014004,-0.92611,0.59478,0.25259,0.003284,8.5851,4.4716,0.049524,-0.006867,-0.085675,-0.64286,-0.55626,-0.64668,0.5207,-2.1708,10.017,-0.10964,-0.019074,-0.13631,-0.45725,0.57259,-0.69264,-2.0529,3.9634,0.52192,0.76446,0.067923,-1.6927,0.46652,-0.58216,0.27649,-8.1528,-8.7569,-2.0765,0.00223,0.50522,-1.041,0.6064,0.38878,-0.37678
9.7343,-4.3283,1.8198,0.088664,0.1771,-0.047523,-0.93107,0.5888,0.24873,-0.064697,8.6835,4.6782,0.074904,0.11639,-0.028312,-0.63864,-0.55902,-0.64716,0.69341,-2.0017,10.007,-0.092445,-0.16026,-0.18244,-0.46276,0.57173,-0.68792,-4.585,5.3638,0.387,0.70205,-0.092094,-2.1241,0.49129,-0.53522,0.29795,-8.976,-7.6731,-3.2976,0.26958,0.68028,-1.1333,0.60337,0.41531,-0.35406
9.3755,-4.0846,2.7213,0.54986,0.27923,-0.23427,-0.94016,0.58933,0.23168,-0.25872,8.4421,4.9577,0.12765,0.16253,0.014122,-0.63143,-0.56152,-0.64699,0.42308,-1.8538,9.5697,-0.088327,-0.35637,-0.10693,-0.46927,0.57423,-0.68321,-6.8708,5.2069,-0.13889,0.23769,-0.19095,-2.4372,0.51882,-0.48635,0.30066,-8.6304,-7.5736,-2.3204,-0.11835,0.67179,-1.1633,0.60132,0.43924,-0.32917
9.0723,-3.2989,3.2165,0.71328,0.13985,-0.53803,-0.94708,0.58866,0.21565,-0.28808,8.3431,4.8891,0.1748,0.16191,-0.050312,-0.6246,-0.56252,-0.64621,0.001548,-1.9102,9.7012,-0.000662,-0.44697,-0.19723,-0.4791,0.57481,-0.67762,-9.3644,5.0766,-0.038802,-0.14164,-0.17186,-2.7758,0.55011,-0.4395,0.29502,-8.2869,-8.3229,-2.1224,-0.068563,0.65041,-1.3808,0.59728,0.46305,-0.30827
8.5541,-2.7009,2.9106,0.67215,0.16384,-0.63309,-0.96069,0.5752,0.19787,-0.39583,8.2538,4.8102,0.09099,0.14566,-0.20091,-0.61534,-0.56761,-0.64869,0.080152,-2.1822,9.5164,0.040374,-0.48791,-0.10542,-0.49564,0.57304,-0.66895,-11.445,6.1612,0.45087,-0.33774,-0.10101,-2.7653,0.57749,-0.38451,0.28284,-8.6486,-9.636,-2.0873,0.36776,0.67708,-1.7397,0.58733,0.49187,-0.28831
8.3227,-2.7291,3.0205,1.0053,0.18622,-0.80237,-0.97681,0.55922,0.17483,-0.46456,8.2661,4.7661,-0.011551,0.10799,-0.27852,-0.60605,-0.57203,-0.6481,0.32928,-2.2552,8.969,0.022347,-0.39651,-0.011559,-0.51123,0.57139,-0.66359,-11.674,7.2691,0.70764,-0.41936,0.069307,-2.4471,0.59614,-0.33213,0.2691,-8.6477,-9.4288,-1.519,1.0238,0.4898,-2.1206,0.56688,0.52072,-0.28464
8.7513,-1.8291,3.1043,1.1728,0.11204,-0.91757,-0.99833,0.53256,0.14173,-0.45083,8.3519,4.5819,-0.036524,0.014548,-0.36239,-0.59893,-0.58033,-0.64577,1.1323,-1.6621,9.0197,0.32901,-0.28662,0.070552,-0.52779,0.56839,-0.66024,-12.492,9.3946,0.94399,-0.15233,0.26063,-2.1065,0.60926,-0.27835,0.25368,-7.5491,-6.8522,-0.73152,1.5429,0.16988,-2.2847,0.53505,0.55144,-0.30178
9.1123,-1.334,2.6626,0.90093,-0.23372,-0.83708,-1.0129,0.51019,0.12808,-0.45112,8.2121,4.4112,-0.01468,0.004463,-0.40355,-0.59249,-0.58386,-0.64574,1.6197,-1.8105,9.1568,0.21627,-0.20186,0.12194,-0.53566,0.56228,-0.66047,-11.983,12.349,1.4161,-0.041569,0.055705,-1.2893,0.61423,-0.24032,0.24619,-5.7615,-3.9173,-0.77558,1.1058,0.13326,-1.866,0.50762,0.56825,-0.32769
9.2797,-0.85181,2.1597,0.66068,-0.38209,-0.72003,-1.0208,0.4906,0.12804,-0.79849,8.1999,4.4382,-0.013454,0.10995,-0.45819,-0.58234,-0.5899,-0.64598,1.9191,-1.7834,9.4445,0.25339,-0.17069,0.090335,-0.53939,0.55783,-0.66278,-9.6492,11.371,0.77387,0.005962,-0.014653,-0.59654,0.61924,-0.22116,0.23927,-4.4824,-1.1039,0.42641,0.48305,0.32656,-1.304,0.49302,0.57719,-0.34285
9.9549,-0.23229,1.4825,0.52047,-0.41495,-0.56317,-1.0259,0.47284,0.13512,-0.83875,8.8705,4.6232,-0.055266,0.1523,-0.26902,-0.57101,-0.59347,-0.64786,1.8587,-2.128,9.4936,0.19065,-0.19402,0.19261,-0.54299,0.55668,-0.6623,-10.03,11.079,0.34643,0.54375,-0.045536,0.1506,0.6217,-0.21097,0.24,-3.1047,-1.9803,1.4184,0.45057,0.24852,-0.79668,0.48301,0.58713,-0.34884
9.8994,0.39264,0.91918,0.048545,-0.22715,-0.28374,-1.0273,0.45921,0.14391,-0.96935,8.7357,4.9231,0.095195,0.15459,0.026712,-0.56292,-0.59584,-0.64776,1.5353,-2.3054,9.1446,0.037714,-0.12206,0.16952,-0.54534,0.55638,-0.66179,-10.09,8.0886,-0.10166,0.49086,-0.31454,0.68193,0.62367,-0.21667,0.24631,-1.531,-2.0658,2.4159,0.23679,0.092641,-0.11501,0.4783,0.59013,-0.35533
9.4831,0.77988,1.2468,-0.22738,-0.022719,0.13086,-1.0249,0.45252,0.15491,-1.1607,8.717,4.7931,0.14521,0.099484,0.20292,-0.55854,-0.59696,-0.6475,1.6712,-1.9026,8.9147,0.020307,0.078607,0.092275,-0.54365,0.55671,-0.66309,-9.2226,6.0491,-1.1323,0.52923,-0.094924,0.8568,0.62597,-0.23403,0.24969,-0.69259,-2.4287,2.5411,-0.69843,-0.33857,0.67457,0.47876,0.59332,-0.3483
9.3923,0.79309,1.8355,-0.28361,0.080264,0.50245,-1.0204,0.46378,0.15753,-1.2825,8.5134,4.7963,-0.039672,-0.010208,0.16824,-0.55982,-0.59583,-0.64733,1.625,-1.9997,9.0233,-0.033172,0.25004,-0.048768,-0.53902,0.5572,-0.66523,-9.7129,6.8136,-1.4881,0.61579,0.19402,1.0266,0.62353,-0.25146,0.26359,-2.6755,-4.9242,1.0891,-1.2086,-0.72415,1.2947,0.48142,0.59105,-0.33745
9.8459,0.6409,1.935,-0.20868,0.34885,0.43852,-1.014,0.47809,0.15012,-0.88429,8.255,5.0624,-0.13267,-0.10453,0.076957,-0.5643,-0.59097,-0.64882,1.5278,-2.3155,9.4038,-0.1351,0.36324,-0.17413,-0.53031,0.55639,-0.66838,-10.072,8.4386,-1.287,0.013797,0.17494,1.3374,0.61478,-0.27263,0.27797,-5.4212,-6.5789,-0.54543,-0.83186,-0.93711,1.6373,0.49002,0.58266,-0.33257
10.284,0.49579,2.1462,-0.17661,0.29695,0.73067,-1.0099,0.49818,0.14205,-0.95544,8.9445,4.8707,-0.14307,-0.24283,0.11906,-0.57179,-0.58871,-0.64965,1.3953,-1.7758,9.3924,-0.25604,0.3802,-0.32524,-0.52244,0.55624,-0.67071,-9.4264,7.9972,-0.91348,-0.40621,0.074147,1.6754,0.60459,-0.3113,0.28069,-6.9269,-5.9999,-1.7794,-0.48178,-0.89387,1.736,0.50389,0.56206,-0.33686
9.7425,-0.74395,2.0446,-1.1164,0.43418,0.8737,-0.99916,0.52391,0.14083,-0.66055,8.83,4.4808,-0.09502,-0.25211,0.36406,-0.58715,-0.58272,-0.64854,0.71163,-1.1516,9.7721,-0.41352,0.37401,-0.31145,-0.51399,0.55811,-0.67158,-9.1817,8.4246,-0.68396,-0.38848,0.16215,1.8411,0.59056,-0.35787,0.283,-7.6827,-5.2776,-2.2459,-0.44658,-0.74344,1.9751,0.52113,0.53476,-0.34288
8.9541,-3.2228,2.9401,-1.0242,0.19018,1.0553,-0.98592,0.55465,0.15226,-0.51151,8.608,4.2644,-0.017634,-0.16254,0.50616,-0.60207,-0.57391,-0.64824,0.73726,-1.8606,9.7408,-0.37664,0.23754,-0.18368,-0.50579,0.56522,-0.66974,-8.9733,7.507,0.17648,-0.55945,-0.05846,2.1624,0.5674,-0.41292,0.28503,-8.9268,-5.7803,-2.089,-0.087363,-0.655,2.187,0.54644,0.49508,-0.35025
8.4725,-3.8882,3.596,-1.2641,-0.10813,0.86656,-0.96916,0.5746,0.17502,-0.39748,8.3549,4.4608,-0.059759,-0.043204,0.50714,-0.61607,-0.56503,-0.64992,0.48377,-1.6158,9.3587,-0.27147,0.088095,0.045718,-0.50058,0.57319,-0.66534,-8.4045,7.2917,0.18063,-0.66853,-0.076088,2.3563,0.54503,-0.46646,0.27701,-10.561,-6.9244,-1.679,-0.23053,-0.69456,2.2729,0.56451,0.45631,-0.36677
8.692,-3.7522,2.487,-0.69273,-0.038136,0.78219,-0.95164,0.59187,0.19691,-0.042661,7.9315,4.7818,-0.12444,-0.013541,0.45449,-0.62407,-0.55585,-0.65193,0.61113,-1.8246,9.0195,-0.064461,0.060904,0.26319,-0.49485,0.57859,-0.66296,-6.4811,6.527,0.16759,-0.70656,-0.032092,2.3608,0.51942,-0.51374,0.26507,-10.865,-9.8074,-1.3558,0.1173,-0.43188,2.0353,0.57652,0.41909,-0.38875
8.8358,-3.3085,2.394,0.00079,0.017151,0.43455,-0.94071,0.60774,0.20172,-0.095468,7.8529,4.9901,-0.084546,0.036538,0.23033,-0.62928,-0.5481,-0.65696,0.64543,-2.0534,9.249,0.15997,0.061042,0.40827,-0.48553,0.58289,-0.66634,-5.2862,5.1366,0.24563,-0.68367,0.097379,2.0702,0.48967,-0.55892,0.25242,-10.224,-11.618,-1.4619,0.2566,-0.13315,1.4181,0.58809,0.38551,-0.41263
8.9146,-2.5228,2.1013,-0.38202,-0.25783,0.2428,-0.93116,0.61623,0.21025,0.1256,8.1255,4.7643,-0.052402,0.078532,0.072085,-0.63111,-0.54536,-0.65967,0.52915,-2.4243,9.2268,0.19137,0.11789,0.48431,-0.47181,0.58652,-0.67148,-3.8692,2.7715,0.47922,-0.38703,0.30016,1.5117,0.46442,-0.59406,0.24694,-8.9653,-11.252,-0.98989,-0.000205,0.046436,0.8839,0.60015,0.36079,-0.42984
9.0324,-3.4085,1.052,-0.46003,-0.32137,0.23104,-0.92021,0.61906,0.23503,-0.064412,8.5575,4.663,0.003705,0.062679,-0.01558,-0.62889,-0.54383,-0.66341,0.38497,-2.4635,9.79,0.3146,0.082821,0.3907,-0.45932,0.58484,-0.67889,-2.1752,1.6677,0.64199,-0.13285,0.43333,0.92293,0.44064,-0.62234,0.2437,-8.3508,-10.986,-1.1132,-0.64371,-0.10258,0.1181,0.60425,0.35569,-0.43564
9.2313,-3.9432,1.0053,-0.18669,-0.20482,-0.039038,-0.91727,0.61615,0.24801,0.14169,8.5085,4.7661,-0.010892,0.084345,0.031815,-0.62696,-0.54249,-0.66538,0.80141,-2.4636,10.021,0.13378,-0.000164,0.16788,-0.45287,0.58502,-0.68218,-0.83107,1.8815,1.0064,0.000843,0.4382,0.1209,0.42832,-0.63158,0.24846,-8.4408,-10.865,-1.4581,-0.74816,-0.030471,-0.54774,0.60152,0.37197,-0.42882
9.1981,-3.1128,0.87616,0.18424,-0.097443,-0.27153,-0.91856,0.61244,0.25355,-0.13138,8.169,4.7896,0.020614,0.07697,0.011861,-0.6237,-0.54154,-0.6665,0.92305,-2.3915,10.09,-0.045901,-0.10851,-0.021512,-0.45296,0.58476,-0.68143,-0.47498,2.4741,1.298,0.34011,0.44417,-0.69512,0.42853,-0.62592,0.26255,-8.1224,-8.6782,-1.3123,-0.6326,0.03266,-0.80742,0.5981,0.39741,-0.41526
9.345,-3.463,1.0988,0.21709,0.11177,-0.30156,-0.92633,0.60593,0.24641,0.029712,8.4933,4.9063,0.021549,0.091124,0.009336,-0.6218,-0.54146,-0.66921,1.153,-2.6587,9.5557,-0.1359,-0.17061,-0.1418,-0.4575,0.5872,-0.67749,-1.892,3.7264,1.7633,0.70352,0.25386,-1.4223,0.44071,-0.60306,0.28297,-8.1805,-7.5345,-1.4746,-0.17213,0.26232,-0.96803,0.59335,0.42112,-0.39869
8.9305,-3.9746,2.0472,0.19626,0.15004,-0.27349,-0.935,0.5991,0.23711,0.083412,8.334,4.7601,0.13999,0.090808,-0.012998,-0.6167,-0.54173,-0.66727,0.50208,-2.2102,9.1077,-0.13071,-0.12458,-0.13477,-0.46304,0.58942,-0.67335,-3.728,4.6292,1.1102,0.87296,-0.015078,-1.8413,0.45938,-0.56453,0.30158,-8.4959,-7.4998,-2.436,0.21344,0.40526,-1.0674,0.58814,0.43912,-0.3823
8.7412,-4.4486,2.4008,0.04167,0.10401,-0.17411,-0.94303,0.59093,0.22997,-0.09074,8.564,4.8184,0.17554,0.051762,-0.022389,-0.61149,-0.54517,-0.66615,-0.2219,-2.0123,9.0933,-0.006343,-0.059049,-0.11437,-0.46798,0.58931,-0.66987,-6.0765,4.8561,0.21505,0.7089,-0.24103,-2.1164,0.48819,-0.51649,0.31238,-8.7671,-8.2897,-2.6219,0.19576,0.61452,-1.178,0.58182,0.46408,-0.36188
8.8428,-4.8949,2.6672,0.51869,0.14398,-0.29857,-0.94959,0.58613,0.22074,-0.35145,8.048,4.7513,0.22095,0.004792,-0.12272,-0.60595,-0.55277,-0.66201,-0.056374,-2.0598,9.3656,0.094481,-0.046405,-0.076211,-0.47387,0.58518,-0.6703,-8.3044,5.2154,0.057366,0.27765,-0.35579,-2.4524,0.5187,-0.46865,0.31109,-8.3088,-7.9661,-1.7618,-0.12534,0.64581,-1.3336,0.57522,0.48749,-0.34183
9.5177,-3.8936,2.8355,0.90038,-0.10136,-0.5112,-0.95826,0.58038,0.20892,-0.44126,8.4609,4.6019,0.12168,-0.003209,-0.24818,-0.60291,-0.55864,-0.65649,1.7444,-2.3855,9.8484,0.20021,-0.084222,-0.10043,-0.47736,0.58046,-0.67271,-10.063,5.8541,-0.1137,-0.2219,-0.31041,-2.6619,0.5495,-0.42246,0.29961,-8.1136,-8.0443,-1.0266,0.057129,0.60628,-1.367,0.56806,0.50869,-0.32281
9.7037,-2.354,2.7355,1.0694,-0.064305,-0.61689,-0.96857,0.57152,0.19456,-0.49504,8.5357,4.67,0.003993,-0.02318,-0.32378,-0.5989,-0.56491,-0.6545,1.186,-2.2276,10.023,0.054732,-0.18168,-0.13627,-0.48665,0.57698,-0.67383,-11.385,5.6694,-0.26008,-0.31704,-0.39057,-2.5407,0.57888,-0.37109,0.27525,-8.6112,-9.623,-1.7639,0.72261,0.54703,-1.5912,0.55877,0.53061,-0.31487
9.456,-1.1809,2.5622,0.65583,-0.037052,-0.67046,-0.9773,0.55694,0.17896,-0.34793,8.4097,4.6509,-0.019532,-0.029074,-0.29693,-0.59469,-0.56863,-0.65292,0.92999,-1.9878,9.7117,0.035436,-0.28284,-0.14361,-0.49643,0.57269,-0.66973,-11.765,6.9586,-0.46419,0.068053,-0.00793,-2.4866,0.59934,-0.31441,0.2608,-7.5614,-8.7002,-2.1844,0.9539,0.53655,-2.0021,0.53808,0.55382,-0.31909
8.9849,-0.38832,1.6611,-0.11466,0.13183,-0.47713,-0.99003,0.538,0.17012,-0.47677,8.5543,4.3494,-0.009578,-0.040679,-0.31309,-0.591,-0.57487,-0.65209,0.90731,-1.3654,9.329,-0.019602,-0.23055,-0.076382,-0.50856,0.56902,-0.66762,-12.198,9.4565,-1.0383,0.35396,0.11805,-2.0722,0.61373,-0.25395,0.24892,-6.3662,-6.3915,-1.8143,0.80015,0.50131,-2.0578,0.50946,0.58033,-0.32519
8.5728,-1.0945,1.258,-0.15417,0.34611,-0.26479,-0.99533,0.52657,0.16443,-0.62059,8.4593,4.4283,0.004605,-0.017481,-0.3807,-0.58615,-0.58245,-0.64888,1.0573,-2.0797,9.2214,0.005176,-0.14151,0.01919,-0.51363,0.56969,-0.66429,-12.28,13.991,-0.57221,0.43124,0.30691,-1.3358,0.61642,-0.2088,0.24467,-5.1772,-3.464,-1.0692,0.56165,0.50254,-1.583,0.48753,0.59886,-0.33094
8.9042,-1.6478,1.8687,0.40605,-0.005446,-0.41112,-1.0006,0.51729,0.15952,-0.64211,8.6158,4.6646,-0.050516,0.045271,-0.38345,-0.57986,-0.58736,-0.64947,1.3301,-2.1008,9.3775,0.010145,-0.1103,0.033462,-0.5157,0.57245,-0.6631,-10.667,14.727,0.8548,-0.34906,0.073756,-0.1655,0.61502,-0.19341,0.24612,-3.9594,-1.4641,0.01747,0.56712,0.52259,-1.0634,0.47653,0.60853,-0.33618
9.5843,-1.1499,1.9666,0.4467,-0.53584,-0.38681,-1.0074,0.50602,0.16331,-0.49578,8.829,4.6859,0.008515,0.007887,-0.20802,-0.57335,-0.59017,-0.64792,1.3203,-2.1495,9.4784,-0.079229,-0.060039,0.036986,-0.51864,0.5746,-0.66194,-9.063,9.3033,0.92294,0.1104,-0.083848,0.7129,0.61565,-0.20447,0.24747,-2.9483,-2.1077,1.1384,1.0871,0.52476,-0.55133,0.47243,0.60934,-0.34548
9.7865,-1.2087,1.4455,0.000888,-0.31666,-0.025397,-1.0059,0.50236,0.17558,-0.87416,9.0049,4.4219,0.093948,-0.059344,0.002503,-0.57243,-0.59176,-0.64541,1.1381,-2.2499,9.1352,-0.081727,0.046014,-0.015844,-0.51769,0.57966,-0.65792,-9.651,6.966,-0.22667,0.68756,-0.043751,0.95624,0.61259,-0.22108,0.25977,-1.7132,-3.0801,2.0231,0.53555,0.34874,0.077864,0.47054,0.60086,-0.35848
9.6619,-0.91037,1.1779,-0.1021,-0.12356,0.16605,-0.9999,0.50737,0.18241,-0.7612,8.7579,4.3486,0.12323,-0.058136,0.14275,-0.57396,-0.59412,-0.6434,1.0938,-2.002,9.0935,-0.044654,0.19662,-0.008416,-0.51422,0.57927,-0.65848,-9.4121,5.1262,-1.1877,0.63357,0.15687,1.0402,0.60697,-0.24292,0.27767,-1.068,-2.8917,2.804,-0.38204,-0.12616,0.87442,0.47741,0.59308,-0.3521
9.8773,-0.44247,2.3016,0.51714,0.18557,0.11458,-0.99724,0.51327,0.17531,-0.94615,8.5247,4.4533,0.13944,-0.013809,0.17035,-0.57435,-0.59292,-0.64088,1.1816,-2.3239,9.6041,0.022458,0.21834,-0.064834,-0.50816,0.57806,-0.66213,-9.4453,5.7189,-1.279,0.31142,0.24355,1.0161,0.60019,-0.26205,0.29447,-2.7947,-4.2068,0.9635,-0.9844,-0.57706,1.5629,0.48559,0.58503,-0.34214
10.338,-0.16828,3.2096,0.54352,-0.038081,-0.005613,-0.99635,0.51967,0.16483,-1.0142,8.6111,4.638,0.029545,0.074105,0.10682,-0.57662,-0.59194,-0.64,1.0645,-2.348,9.8276,-0.003199,0.1677,-0.11623,-0.50474,0.57756,-0.66356,-10.218,7.8819,-1.0043,-0.29604,0.17444,1.1979,0.5944,-0.28173,0.30873,-6.0637,-5.7576,0.23179,-1.0661,-0.72414,1.9634,0.4992,0.57068,-0.33267
10.059,0.36988,2.5619,-0.44368,-0.059728,0.23294,-0.99493,0.5235,0.16937,-0.82304,8.6011,4.6974,-0.072973,0.030211,0.12169,-0.57723,-0.58897,-0.64137,0.95202,-2.0754,9.7723,-0.059716,0.077541,-0.13945,-0.50329,0.57649,-0.66458,-10.49,8.7034,-0.43296,-0.63915,0.00104,1.6548,0.58417,-0.32174,0.31003,-8.3722,-6.4704,-0.055637,-0.25752,-0.84098,2.0739,0.51765,0.54309,-0.33472
9.5658,-0.42295,1.7473,-1.2888,0.16672,0.61738,-0.98624,0.53192,0.18647,-0.74504,8.872,4.8061,-0.13247,-0.058362,0.18934,-0.58227,-0.58352,-0.64609,0.99091,-2.0002,9.7251,-0.10444,0.063144,-0.048543,-0.50025,0.57778,-0.66371,-8.8581,8.2283,-0.062066,-0.56952,-0.077082,2.0044,0.56921,-0.37168,0.3048,-8.6968,-7.3236,-1.2885,0.2524,-0.77678,2.0443,0.53491,0.50293,-0.35727
8.8296,-2.0003,1.2391,-1.0374,0.23896,0.82702,-0.97662,0.54568,0.19404,-0.61275,8.9202,4.8751,-0.10548,-0.21606,0.34837,-0.59278,-0.57743,-0.64754,0.8495,-1.7901,9.4186,-0.088513,0.10574,0.041633,-0.4964,0.57843,-0.66665,-8.3672,7.3662,0.33885,-0.29463,-0.19289,2.1544,0.55044,-0.42708,0.29772,-8.4944,-7.0997,-1.4936,-0.10188,-0.55043,2.137,0.55593,0.45949,-0.37204
8.4485,-3.5404,1.838,-0.77786,0.05183,0.91567,-0.96316,0.56611,0.20422,-0.36273,8.5717,4.7341,-0.064847,-0.28393,0.36723,-0.60739,-0.57106,-0.64666,0.32594,-1.9647,9.421,0.00104,0.16157,0.19359,-0.48791,0.58106,-0.66654,-7.8086,7.4678,-0.10017,-0.1836,-0.24698,2.1999,0.52975,-0.4702,0.29467,-8.8847,-7.6209,-1.4568,-0.63312,-0.35078,2.0874,0.57209,0.42258,-0.38028
8.9616,-3.7227,1.9451,-0.84383,-0.056274,0.96625,-0.94489,0.5857,0.2305,-0.14837,8.6454,4.5317,-0.096846,-0.27242,0.35514,-0.62152,-0.56358,-0.64398,0.6457,-2.3892,9.6191,0.096342,0.19258,0.24239,-0.47716,0.58375,-0.66868,-6.7605,6.9846,-0.13861,-0.48165,-0.27702,2.256,0.51083,-0.50986,0.28613,-11.03,-10.169,-0.58859,-0.06743,-0.37536,1.8056,0.58674,0.39193,-0.39379
9.1431,-3.4553,1.3887,-0.48835,0.23259,0.76577,-0.92688,0.60593,0.24179,-0.020289,8.369,4.5506,-0.084971,-0.17026,0.31556,-0.6339,-0.55626,-0.64427,0.96735,-2.4931,9.7896,0.09562,0.15475,0.19293,-0.46719,0.58548,-0.67408,-5.832,5.0389,-0.22287,-0.89202,-0.16978,1.9465,0.48751,-0.55267,0.26524,-10.645,-12.184,-1.469,0.23813,-0.28972,1.2057,0.59492,0.35675,-0.41749
8.8216,-3.4986,1.7441,-0.20181,0.15334,0.33056,-0.91924,0.61991,0.24172,0.21829,8.1741,4.7213,-0.11877,-0.12059,0.22898,-0.64274,-0.55016,-0.64563,-0.070696,-2.393,9.689,-0.14483,0.14723,0.17469,-0.45754,0.58846,-0.67566,-4.5252,2.3803,0.14388,-0.62243,0.11764,1.4556,0.46786,-0.58691,0.24747,-9.1927,-11.602,-3.2431,0.96164,0.065699,0.41233,0.60334,0.33062,-0.43639
9.1441,-3.3066,1.2479,-0.30413,-0.075619,0.037758,-0.91532,0.62283,0.24596,0.35398,7.7331,4.6934,-0.056568,-0.12635,0.08346,-0.64943,-0.54683,-0.64324,0.36576,-2.4701,9.4818,-0.031058,0.098836,0.030885,-0.4494,0.58933,-0.67764,-2.2113,1.4573,0.70902,-0.20072,0.28465,0.88478,0.44876,-0.61343,0.2394,-7.6808,-8.2202,-2.5735,0.031638,0.161,-0.082124,0.60849,0.31628,-0.43858
8.9597,-3.1549,0.74024,-0.24593,-0.1415,-0.092332,-0.91432,0.62004,0.25476,0.10456,8.3689,4.5611,-0.046114,0.02337,-0.076733,-0.64975,-0.5475,-0.64222,0.46548,-2.5538,9.8515,-0.1059,-0.005983,-0.055071,-0.4489,0.58893,-0.6776,-0.32045,1.4922,1.3171,0.17863,0.30921,0.11022,0.43829,-0.62514,0.24502,-8.3459,-7.8396,-1.5753,-0.59422,0.33755,-0.36854,0.60947,0.3311,-0.42416
9.0534,-3.9036,0.67641,-0.044555,0.14255,-0.26749,-0.91643,0.61067,0.26217,0.038369,8.5382,4.649,0.018096,0.17477,-0.13424,-0.64406,-0.54958,-0.64392,0.87885,-2.1483,9.9998,-0.062385,-0.13755,-0.085167,-0.45218,0.59019,-0.67581,-0.17436,2.2936,1.7018,0.56848,0.26062,-0.75112,0.43761,-0.61614,0.26191,-8.9985,-8.5323,-1.2819,-0.058768,0.50253,-0.55837,0.60737,0.34306,-0.41122
9.1026,-4.019,1.6533,0.21119,0.13577,-0.39838,-0.92539,0.60104,0.25235,0.004776,8.6992,4.9314,0.070081,0.23146,-0.10589,-0.63521,-0.552,-0.64647,0.53304,-2.19,9.8804,-0.060015,-0.22793,-0.10488,-0.45867,0.59015,-0.6734,-1.8723,4.1771,1.5981,0.85311,0.059945,-1.5356,0.45271,-0.58777,0.28271,-8.8541,-7.7215,-0.50041,0.32734,0.53712,-0.68581,0.60856,0.35409,-0.39293
9.0711,-4.2127,1.995,-0.024986,0.14984,-0.20359,-0.93324,0.59381,0.24852,0.046552,8.5758,4.8898,0.11012,0.21746,-0.084962,-0.62608,-0.55443,-0.64861,0.17996,-2.0074,9.2704,-0.002036,-0.23958,-0.055449,-0.46544,0.59126,-0.66879,-4.2086,4.6914,0.12521,0.73184,-0.21898,-1.939,0.47857,-0.54921,0.29765,-9.5884,-7.9876,-0.31931,0.35412,0.56915,-0.93133,0.60635,0.3668,-0.37765
8.8161,-4.7868,1.579,0.043548,0.073824,-0.20689,-0.93984,0.58914,0.24366,0.066771,8.7441,5.1701,0.19743,0.083238,-0.056129,-0.61609,-0.55918,-0.64939,0.05603,-2.1767,9.2275,0.10859,-0.20585,-0.055302,-0.47292,0.58895,-0.66624,-6.3909,4.522,-0.87873,0.54656,-0.30065,-2.2413,0.51053,-0.49847,0.30651,-9.4984,-8.109,0.08526,-0.20731,0.53174,-1.2106,0.60342,0.39784,-0.34912
8.9496,-4.6125,2.1929,0.51743,-0.1519,-0.58278,-0.94947,0.57602,0.23596,-0.17566,8.5945,5.027,0.26686,-9.3e-05,-0.071439,-0.61037,-0.56592,-0.6441,0.17068,-2.3451,9.4082,0.1322,-0.17175,-0.078155,-0.48228,0.58379,-0.6662,-8.4699,4.9643,-1.0335,0.19267,-0.18938,-2.6004,0.54057,-0.44808,0.30468,-9.26,-8.8341,-0.062068,-0.37831,0.48352,-1.5199,0.59799,0.43292,-0.32545
9.2068,-3.6523,2.3801,0.96889,-0.31951,-0.69994,-0.95682,0.56413,0.23403,-0.81664,9.5106,5.0904,-0.023289,-0.12455,-0.085701,-0.60755,-0.56971,-0.63991,1.0205,-2.4407,10.176,0.30317,-0.2409,-0.15207,-0.49329,0.57665,-0.66681,-10.302,6.8991,-0.9899,-0.26141,-0.081434,-2.706,0.56683,-0.40166,0.29545,-8.9916,-9.3646,-0.38764,-0.026099,0.34449,-1.8954,0.58934,0.46404,-0.31438
9.6768,-2.0843,2.0209,1.2538,-0.28237,-0.80177,-0.96634,0.55274,0.22367,-0.73516,8.0064,4.8508,-0.24211,-0.18058,-0.15375,-0.60935,-0.56895,-0.64475,0.87394,-2.1947,10.128,0.020425,-0.35356,-0.2339,-0.51018,0.57047,-0.66501,-10.614,7.1389,0.56405,-0.44295,0.063524,-2.4631,0.58715,-0.35121,0.27856,-8.4824,-9.1482,-1.0059,0.34844,0.1884,-2.3182,0.56661,0.50532,-0.30905
9.6596,-1.0022,1.9159,1.2619,0.28018,-0.75764,-0.98091,0.54103,0.19775,-0.089142,8.2583,4.3893,-0.17577,-0.20623,-0.27701,-0.61027,-0.57187,-0.64565,2.1157,-1.596,9.938,0.28771,-0.49707,-0.085101,-0.53072,0.56454,-0.66153,-10.77,8.1077,-0.070043,-0.21994,0.19184,-2.2466,0.60194,-0.30367,0.26534,-6.4857,-6.9789,-0.27912,0.72282,-0.02721,-2.2944,0.5385,0.54303,-0.31705
9.3833,-0.69207,2.729,0.48341,0.45386,-0.6509,-0.99734,0.52181,0.16624,-0.28734,8.0722,4.2658,-0.000325,-0.16813,-0.337,-0.61085,-0.57514,-0.64268,1.7943,-1.5402,9.5337,0.24959,-0.46686,0.033186,-0.54856,0.55572,-0.66131,-12.633,10.846,1.48,-0.29135,0.15811,-1.6356,0.60954,-0.25436,0.25652,-4.9701,-5.2518,-0.62235,0.64843,-0.2021,-1.9597,0.50547,0.5753,-0.334
8.8975,-0.94786,2.8355,-0.14665,0.18458,-0.59502,-1.01,0.50252,0.15634,-0.46515,7.977,4.4149,0.14268,-0.029329,-0.40239,-0.6079,-0.58332,-0.63687,1.6744,-2.3446,9.0056,0.15684,-0.3383,0.035894,-0.5602,0.55048,-0.65703,-11.474,12.05,1.487,-0.20198,0.040018,-0.78025,0.61403,-0.22884,0.24581,-4.4431,-3.4149,-1.1314,0.29748,-0.027845,-1.5184,0.4819,0.59439,-0.34792
8.8333,-0.61178,2.2777,-0.21692,-0.068935,-0.54024,-1.0174,0.48378,0.15725,-0.68122,8.4366,4.6006,0.092241,0.10256,-0.48379,-0.60013,-0.59209,-0.63249,1.6404,-2.3319,8.7702,0.03425,-0.13102,-3.6e-05,-0.56612,0.54964,-0.65319,-10.212,10.452,1.139,0.52626,-0.027986,0.009562,0.61685,-0.21949,0.24501,-3.7818,-2.6747,-0.072432,0.28709,0.2015,-0.97987,0.46751,0.60499,-0.3597
8.8004,-0.23675,1.1758,0.11829,-0.30161,-0.3765,-1.0203,0.4677,0.16759,-0.79563,9.2748,4.7155,0.032859,0.16862,-0.41705,-0.58789,-0.59998,-0.63015,1.7613,-1.9179,9.0777,-0.043744,0.055191,-0.086228,-0.56744,0.54855,-0.65447,-9.8984,8.761,0.56195,0.73793,-0.19716,0.51097,0.61725,-0.21898,0.25162,-1.8914,-1.5067,0.88893,0.27665,0.10393,-0.37176,0.46,0.61262,-0.36413
10.136,-0.23074,0.69357,0.095702,-0.13798,0.05516,-1.0213,0.46322,0.17328,-0.66074,9.5209,4.9605,0.043887,0.11484,-0.09725,-0.57772,-0.60393,-0.63221,1.9802,-1.7979,9.2305,-0.082779,0.16953,-0.14956,-0.56828,0.54732,-0.65648,-9.1406,7.5245,-0.74188,0.86452,-0.13162,0.73875,0.61935,-0.22331,0.25833,-0.97806,-1.6895,0.66483,-0.20857,-0.026042,0.38612,0.45856,0.61391,-0.36564
9.8268,-0.46879,1.57,0.094189,-0.18681,0.35998,-1.0127,0.47048,0.18588,-0.94186,9.262,4.8604,0.16579,0.023773,0.22751,-0.57399,-0.60703,-0.63003,1.4633,-1.5573,9.2087,-0.15289,0.28944,-0.17601,-0.56471,0.54681,-0.6574,-9.2694,7.5718,-1.4047,0.58328,0.086394,1.0685,0.6185,-0.24434,0.27308,-2.0457,-3.9697,0.52113,-0.82871,-0.28962,1.1372,0.46665,0.61022,-0.34896
10.251,-0.27451,2.1564,0.34863,-0.051169,0.29051,-1.0064,0.48408,0.18603,-1.1958,8.8095,4.7012,0.0231,-0.072668,0.30186,-0.57876,-0.60457,-0.62778,1.5753,-1.8701,9.9371,-0.14055,0.26019,-0.21493,-0.55923,0.54688,-0.66024,-9.7707,7.4823,-1.9999,-0.12709,0.14046,1.2911,0.61186,-0.27011,0.28447,-3.9503,-5.0203,0.15744,-1.1678,-0.72497,1.751,0.47982,0.6027,-0.33348
10.356,-0.060986,2.2704,-0.18736,0.11619,0.46327,-1.0011,0.50143,0.18029,-0.78865,8.4677,4.6851,-0.23418,-0.12794,0.20057,-0.58679,-0.59817,-0.63076,1.8923,-2.0807,10.075,-0.14216,0.085096,-0.29647,-0.55725,0.5431,-0.66053,-9.9353,7.7868,-1.4408,-0.40618,0.30835,1.5792,0.59998,-0.30259,0.29137,-6.9193,-6.8148,0.37136,-0.93526,-0.97867,1.9709,0.49425,0.58733,-0.32554
9.9651,-0.99009,1.9854,-0.68532,0.4195,0.37639,-0.99551,0.51133,0.18056,-0.36234,8.2182,4.6356,-0.20158,-0.16023,0.14059,-0.59521,-0.59024,-0.63367,1.9164,-1.9156,10.014,-0.13292,-0.098652,-0.30035,-0.56351,0.54139,-0.65831,-9.7948,8.4065,-0.65095,-0.21447,0.44728,1.7921,0.58152,-0.34444,0.3038,-8.3422,-5.982,-0.92033,-0.030529,-1.0471,2.0755,0.51069,0.55628,-0.33597
8.9738,-0.95303,2.1199,-0.29085,0.37412,0.42263,-0.99133,0.52166,0.17482,-0.55944,8.674,4.617,-0.092821,-0.17513,0.17165,-0.60379,-0.58744,-0.63559,1.3578,-1.4074,9.7717,-0.15673,-0.13925,-0.18487,-0.56713,0.54058,-0.65336,-9.9352,8.4774,0.1864,-0.43104,0.15124,2.1474,0.56011,-0.39151,0.31172,-9.0095,-6.0814,-1.5145,0.26161,-0.87722,2.2101,0.52955,0.51538,-0.36199
9.2779,-0.79593,2.9811,-0.48026,0.31505,0.5823,-0.98787,0.53604,0.17088,-0.52013,8.6738,4.6561,-0.086224,-0.1995,0.21504,-0.61412,-0.58137,-0.63613,0.83849,-0.90813,9.0999,-0.15827,-0.08028,-0.026747,-0.56778,0.54315,-0.65135,-8.8565,7.7925,0.013762,-0.86592,-0.20334,2.3812,0.53406,-0.45637,0.30264,-9.2588,-6.7862,-2.5366,0.20965,-0.6074,2.261,0.55319,0.46762,-0.38484
8.5493,-2.2553,2.608,-1.4583,-0.023169,1.1048,-0.97111,0.55529,0.191,-0.44087,8.5132,4.7847,-0.17353,-0.15889,0.30134,-0.62391,-0.57494,-0.63602,0.46226,-1.6294,8.9063,-0.026768,-0.071207,0.13399,-0.56535,0.54841,-0.64764,-6.7419,6.2999,0.28293,-0.86151,-0.28541,2.3079,0.51044,-0.51076,0.28357,-9.9815,-9.1671,-2.1369,0.19178,-0.28136,2.2474,0.57112,0.42199,-0.40465
8.2702,-3.9353,0.90899,-1.1527,0.098813,0.97507,-0.95283,0.57717,0.21236,-0.010363,8.4119,4.6629,-0.14056,-0.1141,0.36183,-0.63588,-0.56566,-0.63786,1.172,-2.0091,8.8014,0.15574,0.032873,0.27589,-0.56177,0.55353,-0.64834,-5.8997,5.1488,0.17357,-0.8244,-0.19885,2.1371,0.48901,-0.55097,0.2669,-10.842,-13.199,-1.6244,0.53553,-0.044598,1.6987,0.58451,0.37789,-0.42698
8.7421,-4.4324,2.0284,-0.80652,0.084456,0.6419,-0.93956,0.59303,0.22654,0.08138,7.7678,4.5196,-0.00412,-0.021913,0.21085,-0.64422,-0.56044,-0.63968,2.2194,-2.0272,9.1746,0.19491,0.22447,0.30399,-0.55253,0.554,-0.65337,-4.4639,2.0042,0.34838,-0.59745,-0.003861,1.686,0.46611,-0.59056,0.2508,-9.2148,-12.46,-1.2812,0.65493,0.31302,0.82453,0.59742,0.34411,-0.4414
9.1535,-5.4013,2.6668,-0.40027,-0.23371,0.078437,-0.92955,0.59627,0.24586,0.15351,7.6648,4.7431,0.003672,0.028102,-0.028142,-0.64486,-0.55752,-0.63926,1.0689,-1.8055,9.2608,-0.033819,0.28638,0.18785,-0.53744,0.55656,-0.65865,-1.8295,1.1579,0.78483,-0.21839,0.26154,0.95966,0.44654,-0.61465,0.24555,-8.3186,-9.5363,-1.318,0.17823,0.2669,0.15737,0.60683,0.32605,-0.44522
8.8089,-3.4581,0.90126,0.43612,-0.32084,-0.35603,-0.92726,0.59296,0.26413,-0.23357,7.9046,4.805,-0.058865,0.051917,-0.23561,-0.6425,-0.55905,-0.6432,0.95774,-2.756,10.156,0.044414,0.091971,0.000173,-0.53119,0.5584,-0.661,0.16044,0.87762,1.5528,-0.040639,0.45706,0.1518,0.43275,-0.6294,0.24559,-8.7678,-9.6101,-0.95971,-0.54517,0.19624,-0.36843,0.60852,0.33325,-0.43326
8.9657,-1.8731,0.65164,0.37899,-0.23638,-0.23513,-0.92958,0.58874,0.26009,-0.069089,8.7743,4.9169,-0.11606,0.10341,-0.22582,-0.63855,-0.56047,-0.64629,1.6831,-2.0106,9.528,-0.1539,0.041928,-0.069641,-0.53325,0.56028,-0.66216,-0.69193,2.5535,1.6914,0.38674,0.37105,-0.72901,0.43309,-0.62323,0.25633,-8.9904,-8.3918,-0.87802,-0.61286,0.36779,-0.73519,0.60475,0.35562,-0.41075
