8.9077,-3.9239,2.2357,-0.78984,0.059353,0.4906,-0.90385,0.64309,0.20048,1.2691,6.6574,5.9293,-0.61883,-0.46406,0.090353,-0.74898,-0.35249,-0.71594,0.6338,-1.7853,10.389,0.0309,0.30647,0.12071,-0.43706,0.56114,-0.70669,-2.7237,-0.014604,0.11635,-0.43843,-0.084748,1.2529,0.45271,-0.61069,0.23145,-8.8815,-13.554,-1.6759,0.29042,0.15994,0.23286,0.61056,0.31334,-0.43929
9.6351,-4.6477,2.1022,-0.68768,-0.31252,0.056447,-0.89749,0.6411,0.22567,1.6126,6.2377,6.4738,-0.2425,-0.1659,-0.012511,-0.75704,-0.34391,-0.71897,0.68341,-2.0493,9.9053,-0.10853,0.18142,-0.063406,-0.42869,0.56341,-0.70919,1.9344,-2.0692,0.90238,-0.10216,0.279,0.22254,0.44389,-0.62633,0.22616,-8.6657,-9.759,-2.0355,-0.25147,0.002927,-0.5097,0.61059,0.31568,-0.43855
9.3441,-4.1044,0.18628,-0.030393,-0.23491,-0.2021,-0.89675,0.63466,0.24206,1.9197,6.6931,6.5145,-0.006759,0.10052,-0.14615,-0.75508,-0.34426,-0.72314,0.74603,-1.8075,10.259,-0.27144,0.080425,-0.079664,-0.42529,0.56967,-0.70608,0.95036,0.93691,2.0272,1.1482,0.60217,-0.80504,0.44417,-0.61422,0.25099,-9.3907,-8.4386,-2.6941,-0.99662,0.34607,-0.7848,0.60666,0.34291,-0.419
8.5804,-4.9424,0.10044,0.21359,0.053158,-0.37274,-0.90136,0.62448,0.24699,2.0865,5.9219,6.0843,0.5699,0.4765,-0.12586,-0.73963,-0.35919,-0.72433,-0.18417,-1.7577,9.535,-0.64945,-0.010051,0.007792,-0.42065,0.58337,-0.6955,-2.607,3.8214,1.0898,1.0796,0.003208,-1.5727,0.45838,-0.58049,0.28186,-9.2778,-8.5764,-1.8858,-0.98998,0.70211,-1.0764,0.60387,0.38795,-0.38243
8.7848,-5.0246,1.7129,0.71518,0.10699,-0.55277,-0.9131,0.61506,0.22976,1.6897,7.3394,5.7384,1.5071,0.91772,-0.070651,-0.70979,-0.38686,-0.72234,0.013376,-2.2116,10.221,0.2086,-0.31383,-0.051903,-0.42748,0.58807,-0.68975,-4.5156,2.7528,0.15237,0.68448,-0.33196,-2.0482,0.48545,-0.5395,0.29337,-8.8203,-8.6562,-1.0416,-0.21828,0.66255,-1.3022,0.59867,0.42556,-0.34608
9.2635,-4.5108,1.9436,0.95156,0.071253,-0.85135,-0.92827,0.60204,0.21004,0.10284,7.1639,5.9709,1.4817,1.0493,-0.13672,-0.67324,-0.41775,-0.72235,0.60035,-1.8446,9.7489,0.17158,-0.43195,-0.064343,-0.43818,0.58423,-0.68894,-7.2739,2.9987,-0.27843,0.74422,-0.41544,-2.4299,0.51588,-0.49227,0.30618,-9.4419,-8.7888,-0.74619,0.67526,0.58291,-1.5995,0.59222,0.44888,-0.32758
9.6381,-3.7163,2.5932,1.8111,0.15453,-1.0438,-0.95347,0.58227,0.17804,-1.2223,7.3467,5.8032,1.3266,0.94798,-0.094401,-0.63495,-0.45337,-0.71706,0.58642,-2.2622,9.7951,0.1744,-0.55933,-0.10174,-0.4545,0.57711,-0.68571,-9.3861,5.1245,-1.3435,0.29525,-0.27857,-2.8785,0.54979,-0.43517,0.30451,-9.9233,-9.8239,-0.99616,1.0294,0.45785,-1.9157,0.58145,0.4737,-0.32483
9.4029,-2.3267,3.8389,1.7,0.45093,-1.0141,-0.97779,0.56201,0.13016,-0.91868,7.5084,5.9492,0.80791,0.64812,-0.006284,-0.61143,-0.47618,-0.71255,0.97116,-2.0453,9.6284,0.31349,-0.69841,-0.17415,-0.47668,0.56816,-0.6821,-11.053,6.679,-1.6412,-0.26085,-0.27618,-2.9117,0.58177,-0.37403,0.29007,-8.8204,-8.8136,-0.88516,0.7706,0.40077,-2.1466,0.56346,0.50134,-0.32526
8.5293,-0.86919,4.1849,0.81338,0.48697,-1.1997,-1.0053,0.5317,0.086344,-0.12226,8.4353,6.2426,0.4808,0.35601,-0.13114,-0.59273,-0.50216,-0.70056,0.93875,-1.4862,9.3566,0.252,-0.69139,-0.30664,-0.50784,0.55241,-0.68337,-11.217,7.5156,-2.8233,-0.13391,0.19119,-2.7742,0.60896,-0.31082,0.27254,-6.9671,-7.3535,-0.073028,0.62892,0.1127,-2.2884,0.53523,0.53156,-0.33587
8.3729,0.49005,3.5883,-0.091089,0.15799,-0.98431,-1.0233,0.49559,0.070786,0.38423,8.61,5.7168,0.087445,0.053654,-0.43174,-0.59018,-0.51136,-0.69513,1.9793,-1.3352,8.8857,0.13427,-0.51873,-0.40149,-0.53361,0.54383,-0.67684,-13.243,13.946,-2.0607,-0.67219,0.32887,-2.2566,0.61739,-0.25836,0.26492,-6.3353,-5.7801,-0.14775,0.63366,-0.13848,-2.2931,0.50378,0.55997,-0.35128
8.2399,0.02229,2.2638,-0.29435,0.057627,-0.49998,-1.031,0.47372,0.07369,-0.047946,7.7149,5.3456,0.10456,-0.046903,-0.59979,-0.58707,-0.51396,-0.69261,1.8041,-1.3631,8.7271,-0.021667,-0.27821,-0.3394,-0.55213,0.5401,-0.66995,-10.723,15.198,-1.2688,-1.8108,0.53769,-0.9208,0.61244,-0.23714,0.26127,-5.6417,-2.9513,-0.44215,0.57822,0.15498,-1.8573,0.47794,0.58671,-0.36215
9.4019,-1.603,2.5306,0.8283,-0.03474,-0.54267,-1.0371,0.4621,0.070619,-0.44146,9.0203,5.1304,0.12028,-0.079614,-0.60355,-0.58203,-0.52539,-0.68419,1.8745,-1.3883,9.0122,3.1e-05,-0.042077,-0.28677,-0.56355,0.53228,-0.66607,-10.898,10.263,2.2216,-0.93532,0.29949,-0.22438,0.60466,-0.24389,0.25484,-3.7496,-0.73739,0.49219,0.15749,0.32498,-1.1488,0.4642,0.60052,-0.36808
10.357,0.38131,2.7148,1.6209,-0.22985,-0.39831,-1.0454,0.44693,0.05688,-0.50579,9.659,5.3954,-0.069645,-0.0732,-0.19728,-0.57788,-0.52952,-0.68172,1.8079,-0.8194,8.791,-0.29846,0.17327,-0.23629,-0.56737,0.53113,-0.66511,-10.372,9.6496,2.3904,0.34736,0.013588,0.29419,0.60112,-0.24747,0.26038,-1.3198,0.45774,1.53,0.15208,0.25225,-0.3707,0.45819,0.60957,-0.36962
9.6862,0.31317,2.575,-0.1557,-0.42361,0.45912,-1.0405,0.44964,0.06925,-0.43844,8.7876,5.1148,0.14273,0.028951,0.19709,-0.57534,-0.53547,-0.67827,1.5523,-1.3782,9.6525,-0.13303,0.22544,-0.13545,-0.56832,0.53244,-0.66407,-9.8538,7.0625,1.0307,0.83496,0.10003,0.74247,0.5934,-0.26563,0.27146,-0.90084,0.081824,1.663,-0.42464,-0.10535,0.48561,0.45511,0.60904,-0.3722
9.3863,-0.40799,1.9713,-0.95888,-0.21343,0.49716,-1.0266,0.46592,0.096725,-0.82616,7.8678,4.8312,0.25175,0.022018,0.24042,-0.57775,-0.53645,-0.67556,2.3433,-0.80893,9.5079,-0.092163,0.27592,-0.050236,-0.56343,0.53305,-0.66621,-10.233,7.7995,0.18206,0.76042,0.23252,1.0788,0.58607,-0.27591,0.29159,-2.1947,-2.9432,1.1998,-0.79579,-0.55124,1.3435,0.46018,0.60524,-0.36096
9.0403,0.71203,2.3042,-0.40783,0.17058,0.40143,-1.0175,0.47808,0.097656,-0.61804,7.6617,5.337,0.13383,-0.11531,0.088625,-0.58343,-0.53698,-0.67177,1.8967,-1.9654,9.8293,-0.007902,0.28225,0.022053,-0.55666,0.53589,-0.66831,-11.134,8.7035,0.14797,0.15861,0.13365,1.5089,0.58127,-0.29154,0.30848,-4.5804,-4.2856,-0.51746,-1.0965,-0.88515,2.036,0.4741,0.59567,-0.35012
9.6324,1.8231,3.0022,0.028524,0.19437,0.43671,-1.0099,0.49249,0.091483,-0.52137,7.999,5.2613,-0.088018,-0.30566,-0.092787,-0.59282,-0.53519,-0.66488,1.6309,-1.8355,9.8572,-0.11211,0.26561,-0.028505,-0.5477,0.53584,-0.67134,-11.04,8.0202,0.43568,-0.35609,-0.13214,2.0222,0.57093,-0.3336,0.31302,-7.3695,-5.8109,-0.64339,-0.93084,-0.96326,2.4425,0.49688,0.57269,-0.34099
10.018,1.1998,2.4789,-0.29425,-0.062342,0.44922,-1.0007,0.50973,0.09384,-0.47617,9.1779,5.1261,-0.23719,-0.36016,-0.094351,-0.60682,-0.53293,-0.658,1.5622,-1.6266,9.9919,-0.22353,0.2652,-0.078977,-0.54125,0.53792,-0.67232,-9.9315,8.7453,0.2471,-0.35171,-0.37542,2.3665,0.55514,-0.38409,0.30762,-9.2738,-6.4568,-1.3645,-0.073539,-0.90605,2.6017,0.52268,0.53325,-0.35098
9.7897,-0.2331,1.8859,-1.2195,0.47869,0.63979,-0.99189,0.52559,0.10998,-0.19143,8.9424,5.1826,-0.27054,-0.26101,0.11899,-0.61809,-0.52952,-0.65484,1.2237,-1.488,9.537,-0.29079,0.26375,-0.015542,-0.53037,0.5433,-0.67441,-9.7039,8.2347,0.62735,-0.22196,-0.36585,2.6162,0.53365,-0.44687,0.30134,-10.406,-7.0174,-1.8932,0.45894,-0.65148,2.6659,0.54879,0.47131,-0.37522
8.912,-2.586,2.9681,-1.267,0.31212,0.76983,-0.98187,0.5432,0.11741,0.34209,8.6476,4.9829,-0.15304,-0.17122,0.28216,-0.6309,-0.52065,-0.6557,1.0386,-1.4528,9.382,-0.18837,0.2826,0.078186,-0.52007,0.55049,-0.67583,-8.9129,6.8883,0.53967,-0.34107,-0.67762,2.7699,0.51021,-0.49948,0.28782,-10.853,-9.3495,-2.9901,0.079764,-0.34427,2.4973,0.57112,0.41441,-0.39994
8.4766,-3.2274,3.0651,-1.2474,0.040791,0.73996,-0.97235,0.5585,0.1304,0.45098,8.3803,5.1038,-0.068366,-0.15937,0.43979,-0.64326,-0.50998,-0.6572,0.97603,-1.8065,9.1623,-0.19587,0.31081,0.18417,-0.50976,0.55766,-0.67439,-7.0466,4.0919,0.33263,-0.58094,-0.75587,2.5472,0.48993,-0.54492,0.26758,-11.922,-13.811,-0.95851,-0.23208,-0.15329,1.8027,0.58763,0.37711,-0.41263
8.1266,-3.717,2.0745,-1.0071,-0.28964,0.71516,-0.95625,0.57406,0.16035,-0.24274,7.9535,5.1389,0.001698,-0.12958,0.44364,-0.65376,-0.49843,-0.65747,0.76168,-1.9125,9.3002,-0.050286,0.35583,0.25766,-0.49556,0.56383,-0.67758,-4.1459,0.66893,0.2971,-0.50465,-0.64515,1.9101,0.47165,-0.58786,0.23706,-8.8809,-13,-2.0404,-0.099241,0.1166,0.81418,0.59835,0.35285,-0.42128
8.8942,-3.8406,1.8109,-0.33399,-0.23417,0.50523,-0.94177,0.58877,0.18441,0.22128,7.1899,5.6121,-0.048351,-0.097571,0.25926,-0.66291,-0.49288,-0.65743,0.33279,-2.1542,9.8431,-0.053575,0.32005,0.2433,-0.47944,0.56878,-0.68238,-0.96952,-0.97032,0.78282,-0.17582,-0.47866,0.99936,0.46086,-0.6169,0.21851,-8.5947,-11.699,-2.6819,0.19445,0.31916,-0.026554,0.60685,0.34251,-0.41819
9.227,-2.8647,1.6258,-0.13662,-0.064584,0.26953,-0.92749,0.60051,0.19973,0.102,7.458,5.3356,-0.092825,-0.018542,-0.012932,-0.66689,-0.48959,-0.65707,0.99606,-2.6804,10.278,0.085543,0.19433,0.16826,-0.46554,0.56946,-0.68668,2.2639,-2.5154,0.3093,0.18883,-0.25783,-0.11133,0.45675,-0.63094,0.20257,-9.3621,-9.2978,-2.666,-0.12501,0.35879,-0.49559,0.60961,0.34776,-0.40471
9.1393,-2.7288,1.1635,0.13147,-0.022492,-0.13706,-0.92667,0.60227,0.20042,0.18126,8.6322,5.147,-0.21095,-0.001564,-0.12552,-0.66709,-0.48803,-0.65813,1.0388,-2.0129,10.255,-0.028584,0.040755,8.3e-05,-0.46327,0.56926,-0.6888,2.2799,1.3417,-0.27975,1.1499,0.57841,-1.025,0.46343,-0.61442,0.22587,-9.3236,-8.7083,-2.5517,-0.11371,0.57043,-0.75292,0.60947,0.36527,-0.38354
9.435,-3.1616,1.3569,0.09915,-0.10246,-0.31731,-0.92892,0.59757,0.19519,1.0431,8.3513,5.0636,-0.059904,0.074442,-0.12536,-0.66854,-0.48567,-0.66081,0.65939,-2.102,9.6174,-0.18234,-0.061248,-0.13995,-0.46508,0.57122,-0.68483,-1.8628,3.2199,-1.4303,1.6607,0.53782,-1.9601,0.47669,-0.57505,0.26884,-9.1205,-8.6221,-1.8309,0.22286,0.7329,-1.1914,0.60736,0.3829,-0.36428
9.8558,-3.3184,2.6795,0.22068,-0.14319,-0.45731,-0.93973,0.58463,0.19539,0.6233,7.6397,4.8488,0.085495,0.15051,-0.084535,-0.6624,-0.48931,-0.66169,0.32563,-2.0978,9.5682,-0.05239,-0.17039,-0.11715,-0.46954,0.57392,-0.68165,-6.5042,5.6727,-0.58097,1.1193,0.10309,-2.4081,0.49803,-0.51574,0.31046,-9.5461,-8.0164,-1.463,0.42442,0.67637,-1.2364,0.6034,0.40452,-0.34253
10.069,-4.0536,2.7137,0.30364,0.092334,-0.2904,-0.94918,0.57421,0.19643,0.12304,7.4833,5.1026,0.13151,0.30207,-0.10822,-0.65313,-0.49447,-0.66173,0.50319,-1.8483,9.415,-0.048004,-0.23369,-0.067743,-0.47674,0.57339,-0.67838,-8.7264,4.8775,-0.83481,0.16565,-0.29094,-2.7287,0.52822,-0.45905,0.31755,-9.923,-9.6669,-1.0405,0.43402,0.59038,-1.3725,0.59864,0.42776,-0.32803
9.1005,-3.7506,2.9769,0.71369,0.31173,-0.42219,-0.96058,0.56693,0.17575,-0.19862,8.154,5.2956,0.10722,0.3536,-0.17439,-0.63691,-0.50163,-0.66648,0.69268,-1.6775,9.7205,0.13931,-0.3767,-0.061575,-0.48819,0.57094,-0.67254,-9.5192,4.8764,-1.3309,-0.38507,-0.24513,-2.9843,0.56352,-0.39188,0.3167,-9.3841,-10.089,-0.59932,0.5178,0.47256,-1.7952,0.58813,0.46001,-0.31127
8.4607,-3.2657,3.4079,1.1172,0.36775,-0.7265,-0.97484,0.55404,0.14572,-0.31333,8.6295,5.7053,0.13749,0.27336,-0.14122,-0.6257,-0.50552,-0.67067,0.83439,-1.9235,9.7538,0.25962,-0.45198,0.12036,-0.50259,0.56582,-0.67064,-12.52,6.2933,-0.47743,-0.55479,0.14828,-3.0235,0.58771,-0.33261,0.30435,-8.843,-9.1213,-0.43817,0.80699,0.25529,-2.343,0.56846,0.49271,-0.31223
7.8869,-1.8813,2.9201,1.1049,-0.008245,-0.82161,-0.99009,0.53831,0.11699,-0.26721,8.6686,5.6377,0.055455,0.14412,0.022391,-0.61612,-0.50575,-0.67373,1.212,-1.5258,9.0339,0.32909,-0.37472,0.16756,-0.51196,0.56104,-0.67073,-14.875,9.9707,0.22148,-0.53641,0.2941,-2.6016,0.6015,-0.28663,0.2887,-7.9928,-6.9597,-0.23869,0.65824,-0.016406,-2.4869,0.54075,0.52412,-0.32443
8.8488,-0.56704,2.0706,0.5677,-0.15766,-0.74865,-1.0028,0.51837,0.11133,-0.19525,7.6303,5.7914,0.088209,0.11514,-0.04396,-0.61235,-0.50899,-0.67577,1.3754,-1.7116,9.2571,0.41109,-0.23787,0.1609,-0.52114,0.55155,-0.67455,-12.459,13.077,2.1872,-0.59336,0.045504,-1.6197,0.60881,-0.24763,0.27213,-7.5318,-4.6921,0.066538,0.57462,-0.23571,-2.2316,0.50895,0.55539,-0.34068
9.2192,-0.83835,2.4894,0.53884,-0.21314,-0.63166,-1.0125,0.49989,0.10791,-0.10934,7.7297,5.3015,-0.009805,0.13104,-0.27602,-0.60569,-0.51097,-0.67614,1.6827,-2.0829,9.6423,0.26265,-0.1721,0.08672,-0.52475,0.54529,-0.67705,-11.399,14.269,1.4945,-0.18395,-0.10804,-0.51226,0.61453,-0.22811,0.25928,-5.0229,-0.73163,0.54539,0.47192,0.000688,-1.6576,0.48382,0.57451,-0.35755
9.715,-0.2402,1.9599,0.52853,-0.30479,-0.65495,-1.0246,0.47368,0.10749,-0.18954,8.0389,5.0351,0.059247,0.1567,-0.36891,-0.59494,-0.51826,-0.6776,1.9426,-1.2914,8.9675,0.025156,-0.063264,0.046205,-0.52932,0.54009,-0.67851,-9.3423,11.673,0.008182,0.46162,-0.19931,0.2215,0.61257,-0.21654,0.26214,-1.6925,1.3774,1.7876,0.46942,-0.009167,-0.94744,0.4608,0.59253,-0.3801
9.6678,0.46674,1.248,0.11053,-0.19133,-0.1289,-1.0286,0.4634,0.11099,-0.57272,8.5988,5.0645,0.10573,0.16367,-0.16473,-0.58412,-0.52323,-0.67974,1.2773,-1.3128,9.1998,0.018077,0.11223,0.072858,-0.5268,0.54256,-0.67795,-9.792,8.75,-0.7554,0.55981,-0.15939,0.70383,0.61392,-0.22391,0.2692,0.29156,1.5067,0.59639,0.18966,-0.16555,-0.016184,0.45115,0.59603,-0.39108
9.7912,-0.032218,1.6634,-0.037012,-0.17109,0.10247,-1.0246,0.46632,0.12001,-0.75342,8.8133,5.3147,0.21618,0.12388,0.06001,-0.57551,-0.52706,-0.67754,1.7405,-1.646,9.5427,-0.003587,0.18634,0.035984,-0.52181,0.54316,-0.68058,-9.2827,7.9025,-2.0496,0.6827,0.16335,0.99703,0.61534,-0.23722,0.2759,-0.3339,-0.56593,0.29638,-0.81092,-0.18311,0.96517,0.4534,0.59433,-0.38758
10.52,0.23143,2.8195,0.49143,-0.11693,0.24172,-1.0218,0.47318,0.12073,-0.93792,8.6013,5.5483,0.16751,-0.020939,0.17874,-0.57557,-0.52913,-0.67673,1.3017,-1.9466,10.421,-0.079061,0.18022,-0.072032,-0.5146,0.54495,-0.68126,-9.7008,8.079,-1.5931,0.40653,0.19231,1.3458,0.60736,-0.262,0.29138,-3.6512,-4.2767,-0.038593,-1.1061,-0.33101,1.8041,0.4675,0.58909,-0.36436
10.283,0.56664,2.8274,-0.25442,0.14043,0.4767,-1.0179,0.4876,0.12038,-1.015,8.218,5.5946,0.048241,-0.26091,0.11258,-0.58424,-0.53036,-0.67129,1.1752,-1.8552,9.9705,-0.18443,0.14935,-0.14554,-0.51258,0.54539,-0.68079,-10.495,9.0165,-0.58976,-0.26133,0.086376,1.6091,0.59712,-0.2948,0.30211,-6.5457,-5.9945,-0.51045,-0.89689,-0.44701,2.3197,0.49031,0.56927,-0.34519
9.0443,0.38281,3.1227,-0.79237,0.69678,0.73976,-1.012,0.50804,0.1141,-1.1317,7.7339,5.4605,-0.23739,-0.36368,-0.056434,-0.59838,-0.52402,-0.66398,0.5655,-1.2124,9.334,-0.14593,0.22909,-0.11275,-0.50953,0.5467,-0.68242,-10.473,9.2105,-0.33445,-0.75613,-0.028953,1.986,0.58097,-0.34482,0.30808,-8.793,-6.1486,-0.42931,-0.30713,-0.63449,2.4356,0.51941,0.53456,-0.33971
7.9701,-0.080903,2.6788,-1.4825,0.38413,0.82939,-0.99898,0.53094,0.10861,0.027302,8.5716,5.1604,-0.73029,-0.18154,0.041381,-0.61129,-0.51244,-0.67078,1.0582,-1.4671,9.209,-0.03471,0.32074,0.025457,-0.50178,0.54581,-0.68724,-10.681,7.9469,0.38295,-0.88099,-0.19213,2.447,0.56303,-0.40391,0.29677,-10.052,-6.5901,-0.66094,0.011608,-0.5958,2.499,0.54348,0.48876,-0.35291
8.887,-1.8059,2.4358,-1.701,-0.2,0.86811,-0.98558,0.54668,0.13753,0.15054,8.4859,5.3236,-0.25814,-0.24302,0.15455,-0.62233,-0.49992,-0.67392,1.1506,-1.5606,9.6129,0.015609,0.32382,0.13151,-0.49268,0.54704,-0.69005,-9.2883,6.8733,0.037296,-0.68511,-0.26882,2.5646,0.54437,-0.46184,0.27875,-11.117,-7.1822,-0.80004,0.12468,-0.4258,2.4497,0.56447,0.44295,-0.3687
9.5183,-4.2164,1.9027,-0.87251,-0.55766,0.69654,-0.97068,0.56539,0.17974,-0.00782,8.0985,5.2358,-0.031119,-0.21974,0.22742,-0.63663,-0.49522,-0.67196,0.90218,-1.6664,9.7406,-0.054136,0.3028,0.18253,-0.4789,0.55092,-0.69419,-7.4743,5.6057,0.030104,-0.65073,-0.41235,2.5809,0.51617,-0.51679,0.2579,-11.766,-10.318,-0.39367,0.42031,-0.54207,2.1791,0.58108,0.39263,-0.39503
10.121,-4.1205,2.6539,-0.8261,0.073789,0.72774,-0.955,0.57995,0.20412,0.13912,8.1249,5.2805,0.043523,-0.08398,0.19732,-0.64431,-0.49223,-0.67128,0.74072,-1.1894,9.5318,-0.01891,0.2892,0.20374,-0.46699,0.55308,-0.69839,-5.4466,3.5878,0.31311,-0.66051,-0.28235,2.3263,0.48894,-0.56651,0.23915,-10.44,-13.77,-1.8671,0.26136,0.045238,1.6222,0.59659,0.35023,-0.42063
9.0463,-3.484,1.24,-0.4782,-0.24812,0.32452,-0.93596,0.58845,0.23437,-0.063315,8.9268,5.3899,0.061836,0.007074,0.10348,-0.64641,-0.48815,-0.6716,0.62339,-1.2188,10.022,-0.002287,0.22383,0.13381,-0.45272,0.55669,-0.70275,-2.721,0.87582,0.44584,-0.60496,-0.10731,1.5742,0.46115,-0.61072,0.21881,-8.9267,-13.237,-2.4825,0.59919,0.12047,0.69854,0.60605,0.31238,-0.43824
8.804,-2.7849,1.0487,0.081458,-0.081327,0.08014,-0.92883,0.59317,0.24177,-0.11999,8.6247,5.704,0.16158,0.024259,0.072473,-0.64486,-0.48739,-0.67127,0.58523,-1.775,10.19,-0.07907,0.11489,0.061896,-0.44522,0.55794,-0.70265,0.40358,-0.97986,0.63067,-0.5957,0.035775,0.5653,0.44855,-0.63385,0.20171,-8.4309,-12.643,-2.0243,-0.42425,0.075039,-0.19131,0.60914,0.30736,-0.44002
9.084,-2.0302,0.69017,0.40432,-0.2419,-0.24518,-0.93044,0.5916,0.2339,0.02624,8.5843,5.5225,0.081421,0.024959,0.032248,-0.64341,-0.49051,-0.66858,0.42007,-2.1118,10.257,-0.088198,-0.01614,-0.044445,-0.44459,0.5611,-0.69984,2.3646,-1.4701,1.3608,0.41623,0.32702,-0.32746,0.44698,-0.63938,0.19777,-8.5917,-10.673,-1.3196,-0.94004,0.23529,-0.80763,0.61172,0.32934,-0.42225
9.3066,-2.2688,0.64555,0.18191,0.16623,-0.2755,-0.9359,0.58624,0.23054,-0.046445,8.0253,5.3203,0.020395,0.03065,-0.031335,-0.64248,-0.49294,-0.66848,0.46846,-1.7106,9.8521,-0.12828,-0.1004,-0.12586,-0.45005,0.56271,-0.69916,0.40315,2.5246,1.8722,1.1528,0.70069,-1.1939,0.44773,-0.61784,0.23114,-8.4228,-8.4045,-0.92216,-0.31057,0.43203,-1.0703,0.60805,0.36052,-0.39307
9.5638,-3.5316,2.855,0.20446,0.31902,-0.34717,-0.9458,0.58046,0.21561,0.11438,7.9827,5.1145,0.018933,0.12747,-0.084143,-0.63818,-0.49262,-0.66941,0.003048,-1.7102,9.7255,-0.10307,-0.18334,-0.082848,-0.4541,0.5669,-0.69381,-3.1677,4.9756,0.56744,1.0542,0.75304,-2.1063,0.46016,-0.57695,0.27097,-9.4843,-7.5203,-0.28035,0.35388,0.32968,-1.1256,0.60392,0.38112,-0.37392
9.6193,-4.4285,2.8869,0.27287,0.23522,-0.34218,-0.95817,0.56708,0.20382,-0.047031,8.0551,5.1916,0.026086,0.15409,-0.065403,-0.63253,-0.49411,-0.67432,0.3926,-1.5958,9.8272,0.024644,-0.25784,-0.044759,-0.46271,0.56691,-0.68864,-7.0779,4.2259,0.38467,0.93951,0.1844,-2.555,0.48982,-0.51387,0.30767,-9.9572,-7.6947,-1.0507,0.19408,0.42991,-1.288,0.59508,0.41092,-0.3564
9.3044,-4.5173,3.4956,0.68376,0.12554,-0.43052,-0.96781,0.55937,0.18878,-0.17885,7.8469,5.1315,0.081983,0.17145,-0.089832,-0.62655,-0.49493,-0.67526,0.019927,-1.5693,9.6475,0.10741,-0.36816,0.016833,-0.47067,0.56628,-0.68529,-9.7415,4.7812,-0.41967,0.675,-0.14152,-2.6798,0.52117,-0.45611,0.32335,-10.056,-8.4565,-0.94989,-0.09627,0.43103,-1.5766,0.58632,0.44215,-0.33943
8.7158,-3.3238,2.6112,0.68346,0.049062,-0.42844,-0.97417,0.55274,0.17599,-0.1769,7.8879,5.6566,0.058099,0.15315,-0.15374,-0.61905,-0.49924,-0.67465,1.0631,-1.7347,9.5831,0.33884,-0.38465,0.12863,-0.48213,0.56273,-0.68465,-10.507,5.3426,-0.90081,0.01417,-0.30059,-2.8026,0.5503,-0.40353,0.31927,-9.4275,-9.2753,-0.47834,0.148,0.28482,-1.9258,0.57769,0.46814,-0.33245
7.8727,-2.2404,1.9777,0.90988,-0.12677,-0.64268,-0.98145,0.53985,0.1628,-0.45469,7.7729,5.8828,-0.009123,0.024984,-0.25529,-0.61299,-0.50448,-0.67729,1.2018,-1.3897,9.1098,0.20702,-0.28569,0.19853,-0.49145,0.55745,-0.68635,-12.254,6.5217,-1.1848,-0.10425,-0.22029,-2.6747,0.57869,-0.34603,0.30207,-8.341,-8.6882,-1.0635,0.54284,0.2239,-2.2913,0.55536,0.50379,-0.33316
8.265,-1.1989,1.9352,0.80831,-0.22585,-0.74629,-0.99123,0.52487,0.15245,-0.47097,8.2943,5.8389,-0.035398,-0.053935,-0.39592,-0.6074,-0.5076,-0.67386,1.3019,-1.6432,9.3602,0.16612,-0.16936,0.14131,-0.49477,0.55371,-0.68517,-13.44,10.506,-1.0254,-0.4696,0.070583,-2.4142,0.59414,-0.29348,0.28972,-6.8017,-6.4994,-1.039,0.55117,0.051708,-2.409,0.52312,0.53995,-0.34375
9.3753,0.12053,1.3479,0.47682,-0.44689,-0.56327,-0.99792,0.50696,0.1555,-0.70321,8.7803,5.6161,-0.070578,-0.039401,-0.35819,-0.60292,-0.51526,-0.67297,1.1848,-1.6235,9.5145,0.067267,-0.018262,0.036378,-0.49878,0.54953,-0.688,-11.166,11.517,-0.35058,-0.57157,0.092087,-1.708,0.60927,-0.25099,0.2656,-5.9605,-4.9785,-1.3121,0.64904,0.008266,-2.173,0.48757,0.57752,-0.35605
10.181,-0.21557,0.41188,-0.16791,-0.20173,-0.24233,-1.0023,0.49366,0.16709,-0.51458,9.1552,5.3007,0.13267,-0.066228,-0.17675,-0.59767,-0.52119,-0.66937,1.3868,-1.2132,9.0019,0.10726,0.095253,-0.08865,-0.5014,0.5458,-0.69039,-11.339,13.472,0.078945,-0.1749,0.19956,-0.95762,0.61165,-0.22536,0.25672,-4.4715,-1.956,-0.38982,0.51297,0.1396,-1.7041,0.45837,0.59802,-0.37098
10.535,-0.69487,1.0083,-0.32348,0.18973,0.19722,-1.0028,0.49239,0.17199,-0.44886,8.5534,5.415,0.36924,-0.036438,0.036574,-0.59729,-0.52901,-0.66358,1.0855,-1.9313,9.4988,-0.093339,0.29231,-0.10719,-0.49559,0.54444,-0.69181,-10.644,12.406,1.0844,0.042174,-0.057435,0.07722,0.6114,-0.21614,0.25733,-1.5307,-0.032912,1.1366,0.32512,0.42439,-0.842,0.44715,0.60527,-0.38116
9.1013,-0.83512,1.9141,-0.59943,-0.04558,0.50965,-0.99586,0.50383,0.17682,-0.70695,8.3102,5.5824,0.17788,-0.055214,0.19892,-0.60023,-0.53469,-0.65723,0.9705,-1.7879,9.7146,-0.031147,0.30522,-0.22634,-0.49107,0.53995,-0.69644,-9.3959,7.7549,0.73189,0.21215,-0.38189,0.71722,0.61378,-0.22722,0.25139,0.32674,-0.34171,1.5183,-0.15324,0.47916,0.11205,0.44903,0.61042,-0.37255
9.2374,-0.55363,1.6409,-0.84004,0.059133,0.57819,-0.98596,0.52002,0.18955,-0.33714,8.2041,4.9548,-0.047377,-0.23914,0.23273,-0.60888,-0.53282,-0.65338,1.0332,-1.3508,9.5319,-0.12022,0.32659,-0.32084,-0.48553,0.53748,-0.70057,-9.291,7.2124,-0.35324,0.75933,-0.13262,0.86266,0.6145,-0.24137,0.25378,-2.1122,-3.1772,1.7832,-0.6638,0.1516,0.80788,0.45969,0.60934,-0.35437
9.7883,-0.63244,1.7192,-0.44372,-0.068259,0.49361,-0.97201,0.53697,0.20124,-0.23238,7.7402,5.1356,-0.098914,-0.27061,0.16715,-0.62092,-0.52827,-0.65002,0.63886,-1.699,9.84,-0.21539,0.30939,-0.2911,-0.48254,0.53559,-0.70311,-10.265,7.7409,-0.32837,0.799,0.055537,1.2568,0.61023,-0.26324,0.27124,-3.7794,-4.919,0.10691,-0.55666,-0.3284,1.4791,0.47409,0.60336,-0.33624
9.919,-1.0803,2.3141,0.36275,0.26291,0.32186,-0.96776,0.55021,0.19707,-0.20963,7.926,4.8255,-0.021717,-0.12572,0.064157,-0.62668,-0.52699,-0.64729,0.66765,-1.4272,9.8113,-0.12454,0.22531,-0.19575,-0.47662,0.53692,-0.70472,-10.313,8.5647,-0.10517,0.26925,-0.064176,1.5164,0.60298,-0.29233,0.28314,-5.3449,-4.596,-0.45651,-0.52316,-0.57761,1.885,0.49068,0.58113,-0.33256
9.9602,-1.2334,3.4772,0.027585,0.34444,0.18249,-0.96961,0.55892,0.18235,-0.34295,8.5024,4.9294,-0.037845,0.001445,0.052577,-0.62948,-0.5225,-0.64854,0.58404,-1.0629,9.9699,-0.13253,0.10016,-0.10946,-0.47445,0.5385,-0.70378,-9.6095,8.3565,0.13426,-0.54235,-0.19615,1.9124,0.59601,-0.32956,0.28562,-7.5041,-5.6606,-0.71996,-0.41721,-0.65678,2.171,0.50529,0.55438,-0.33331
9.7955,-1.5863,3.123,-0.99087,0.26357,0.46412,-0.9677,0.56392,0.18106,-0.3996,8.4322,5.4123,-0.013751,0.068921,0.1043,-0.62928,-0.51885,-0.65142,0.4529,-1.3489,10.041,-0.041967,-0.013593,-0.037233,-0.47438,0.53926,-0.7023,-9.3084,7.9597,0.25328,-0.58494,-0.14411,2.2445,0.58208,-0.38142,0.27863,-8.8837,-6.4457,-0.80514,-0.13189,-0.72211,2.4112,0.52742,0.51543,-0.34316
8.7948,-2.4935,2.2964,-1.1964,0.20415,0.65179,-0.95993,0.57337,0.19827,-0.18579,8.2692,5.5271,-0.086704,-0.041783,0.16569,-0.63127,-0.51368,-0.65418,0.61129,-1.2278,9.785,0.049086,-0.096036,0.051965,-0.47563,0.53879,-0.70235,-9.0221,7.6666,0.68698,-0.40895,-0.17776,2.486,0.56281,-0.43667,0.27294,-10.158,-7.1414,-0.93314,0.33544,-0.59871,2.3825,0.54945,0.46719,-0.3632
8.4035,-3.4378,2.1157,-0.45666,0.008018,0.45293,-0.95486,0.58429,0.20449,-0.20179,8.0624,5.6718,-0.11566,-0.15096,0.11108,-0.6376,-0.51109,-0.65713,0.54628,-1.6937,9.8239,0.042085,-0.046747,0.1306,-0.47527,0.54032,-0.70263,-7.554,6.6098,0.13244,-0.4169,-0.27885,2.4956,0.53233,-0.49761,0.25731,-11.224,-7.8969,-1.3491,0.32195,-0.63846,2.4406,0.57042,0.4107,-0.39203
8.8955,-3.3238,2.247,-0.006748,-0.10391,0.34464,-0.94925,0.59289,0.21075,0.091202,8.1598,5.5671,-0.1418,-0.12928,0.049226,-0.64378,-0.50578,-0.65667,0.85868,-1.816,9.4738,-0.008934,0.097633,0.17596,-0.47176,0.54249,-0.70238,-6.0551,5.4328,-0.31631,-0.24535,-0.11795,2.3676,0.50395,-0.54526,0.24795,-11.35,-11.173,-1.9352,-0.053986,-0.050539,2.1562,0.58754,0.36413,-0.41435
8.9525,-3.7035,2.618,-0.49802,-0.33389,0.37963,-0.93776,0.59981,0.23077,0.12498,8.2861,5.5315,-0.028522,-0.12989,-0.006819,-0.64873,-0.5033,-0.65532,0.30502,-1.7048,9.8987,-0.046385,0.26114,0.2441,-0.46315,0.5463,-0.70517,-4.9973,3.2161,-0.03757,-0.32664,-0.039404,1.9653,0.47743,-0.58041,0.2424,-9.8849,-13.49,-1.4685,0.72487,0.15969,1.2706,0.60071,0.32399,-0.43377
8.9326,-3.9127,1.2438,-0.48662,-0.48659,0.32003,-0.92365,0.60473,0.25767,-0.19489,8.525,5.2585,-0.020902,-0.066264,-0.004795,-0.65209,-0.50242,-0.65564,0.21987,-2.0818,10.496,0.033664,0.20167,0.17158,-0.45103,0.54959,-0.70751,-2.5453,1.3063,-0.12127,-0.2503,0.22107,1.116,0.45591,-0.60897,0.23811,-7.9874,-12.396,-0.80604,-0.22056,0.14061,0.36017,0.60732,0.30425,-0.44395
9.3754,-3.617,0.50302,0.078811,-0.26245,0.078181,-0.91379,0.60753,0.27408,0.038358,8.1182,5.1681,0.06789,0.068007,-0.00305,-0.6516,-0.50437,-0.65417,0.54867,-1.8303,10.154,-0.004191,0.045223,0.11658,-0.44467,0.55105,-0.71035,0.47252,-0.092622,0.13594,-0.32977,0.39872,0.21858,0.44623,-0.62244,0.236,-8.376,-12.082,-0.34862,-0.90169,0.011701,-0.30364,0.60803,0.31562,-0.43391
9.11,-3.0366,0.38542,0.22125,0.10935,-0.20413,-0.91767,0.60702,0.26571,-0.28565,7.8458,5.3544,0.000115,0.19052,-0.035717,-0.64565,-0.50798,-0.65609,0.34897,-1.8608,10.103,-0.060996,-0.076451,0.069403,-0.44002,0.55482,-0.70722,0.71546,0.99934,1.0699,0.38044,0.52927,-0.65376,0.44289,-0.62258,0.24426,-8.9179,-9.196,-0.33505,-0.6116,0.1795,-0.83585,0.60613,0.34065,-0.41399
9.1674,-3.2025,1.0114,-0.1229,0.03703,-0.31278,-0.924,0.59877,0.26088,0.17591,8.2577,5.3932,0.02613,0.16645,-0.069712,-0.63763,-0.50821,-0.65949,0.42505,-1.9111,9.5765,-0.093946,-0.11692,-0.009294,-0.44312,0.55657,-0.70419,-0.99806,2.9804,0.9283,0.86503,0.39346,-1.4713,0.4508,-0.59609,0.26813,-9.0061,-7.8336,-1.0425,-0.082998,0.25772,-1.0546,0.60606,0.36479,-0.39255
9.2829,-3.8713,1.2915,-0.12406,0.13362,-0.12533,-0.92819,0.59048,0.26635,-0.000191,8.2455,5.4115,0.075285,0.062293,-0.044027,-0.6357,-0.50935,-0.65962,0.25932,-1.8519,9.5142,-0.015624,-0.10997,-0.085184,-0.44826,0.55777,-0.70199,-4.0839,4.5812,0.75203,0.86162,0.10066,-2.0129,0.46944,-0.55723,0.29246,-9.3124,-6.7552,-1.6185,0.1144,0.33645,-1.1495,0.60184,0.38435,-0.37847
9.3336,-5.3421,2.2223,0.17308,0.19132,-0.091422,-0.93184,0.58794,0.26238,-0.010677,8.3092,5.278,0.12492,0.011158,-0.026032,-0.63272,-0.51061,-0.65918,0.20048,-1.6379,9.5023,-0.055922,-0.10488,-0.12231,-0.45241,0.55727,-0.70007,-6.6165,4.3497,-0.071334,0.6094,-0.10402,-2.3568,0.49818,-0.50903,0.3074,-9.5092,-8.0843,-1.5133,-0.35024,0.50865,-1.3243,0.59772,0.41144,-0.35786
9.5216,-4.9878,2.1663,0.68317,0.032954,-0.35541,-0.93728,0.58666,0.24945,-0.27295,8.3025,5.167,0.085289,0.011425,0.00359,-0.63189,-0.51502,-0.65636,0.46822,-1.6886,9.918,0.037719,-0.20259,-0.1612,-0.4606,0.55513,-0.69905,-8.8914,5.0766,-0.31289,0.22271,-0.18358,-2.6571,0.52774,-0.45711,0.31046,-9.4727,-8.7951,-1.2233,-0.26867,0.48932,-1.6267,0.58841,0.44848,-0.33472
9.1643,-3.4869,1.7407,1.0175,0.11799,-0.52313,-0.94838,0.58077,0.22943,-0.15274,7.9421,4.9912,0.034067,0.041197,-0.039433,-0.62947,-0.51659,-0.65454,0.75532,-1.3108,9.6395,0.0321,-0.31226,-0.14188,-0.47296,0.55326,-0.69626,-10.793,6.0278,-0.052028,-0.28482,-0.20141,-2.7594,0.56386,-0.39481,0.30111,-9.5493,-9.7882,-1.2273,0.28421,0.45993,-1.9393,0.57451,0.4845,-0.32062
8.9746,-2.192,2.4643,1.2503,0.22053,-0.66914,-0.96079,0.57281,0.20039,-0.26509,8.0022,5.0904,0.038281,0.04226,-0.11505,-0.62791,-0.51723,-0.65419,0.75528,-1.2231,9.5035,0.047127,-0.32172,-0.091529,-0.48525,0.55112,-0.69234,-11.96,6.7707,0.53889,-0.29656,-0.14788,-2.6,0.58802,-0.34098,0.28554,-8.3488,-8.5987,-1.2038,0.66567,0.38088,-2.2652,0.55126,0.51872,-0.31988
8.5633,-0.82586,2.4999,0.39709,-0.044135,-0.52142,-0.97129,0.56055,0.18402,0.021028,7.9735,5.0167,0.01087,0.050066,-0.24634,-0.62421,-0.51973,-0.65497,1.0822,-1.3261,9.1777,0.13916,-0.22247,0.026332,-0.49443,0.55001,-0.68854,-12.256,8.6335,-0.47438,-0.18446,0.12338,-2.3427,0.6022,-0.29511,0.26965,-6.7572,-6.598,-0.87269,0.78643,0.14161,-2.3077,0.52356,0.55203,-0.32609
8.7666,-0.86092,1.5911,-0.28699,-0.009483,-0.1322,-0.9736,0.55108,0.1901,-0.41434,8.297,5.3022,0.075331,-0.001914,-0.30497,-0.61946,-0.52701,-0.65368,1.2137,-1.444,9.5338,0.03906,-0.11575,0.10947,-0.49865,0.54811,-0.68795,-12.915,12.376,0.67866,0.010108,0.17327,-1.6568,0.61104,-0.25052,0.25908,-5.7047,-4.2495,-0.98304,0.58453,0.062464,-2.0062,0.49456,0.57747,-0.34084
9.0984,-1.6635,1.5734,0.060253,-0.052046,-0.049455,-0.97454,0.54796,0.19221,-0.58022,8.5693,5.6281,0.043826,-0.036628,-0.22752,-0.61469,-0.53348,-0.64946,0.99819,-2.0688,9.2603,-0.08208,0.038602,0.098939,-0.49699,0.55087,-0.6872,-11.1,13.777,0.83364,-0.33496,-0.13116,-0.75336,0.61695,-0.22655,0.24584,-4.982,-2.3423,-0.51002,0.15463,0.39818,-1.5809,0.47349,0.60109,-0.34443
9.5884,-1.7512,2.1436,-0.14425,-0.3304,-0.009248,-0.97505,0.54207,0.20258,-0.40308,8.4449,5.7817,0.05343,-0.1441,-0.18725,-0.61225,-0.54045,-0.64587,0.66453,-2.3787,9.7056,-0.18278,0.068849,-0.037256,-0.49503,0.55232,-0.68551,-9.4464,11.64,0.52409,-0.049001,-0.078159,0.11567,0.61899,-0.21771,0.23892,-2.6644,-1.2299,0.85434,0.28285,0.41934,-0.92547,0.45826,0.61504,-0.35264
9.5764,-1.3861,1.6385,-0.30783,-0.4947,0.16997,-0.96739,0.54327,0.22236,-0.60596,8.8343,5.4882,-0.024348,-0.22952,-0.066124,-0.61502,-0.54343,-0.64059,1.0245,-1.8653,9.4478,-0.15541,0.13208,-0.19945,-0.49628,0.5539,-0.68537,-9.641,8.3445,-0.61659,0.54739,-0.005533,0.67581,0.62011,-0.22649,0.24313,-0.3474,-0.16026,1.606,0.33573,0.20127,-0.080632,0.45315,0.61932,-0.35708
9.6967,-1.3708,1.2516,-0.57043,-0.24498,0.49502,-0.95558,0.55215,0.2408,-0.58662,8.6727,5.3175,-0.026471,-0.23353,0.078788,-0.62253,-0.54243,-0.63705,1.0821,-1.553,9.7562,-0.17275,0.18668,-0.19048,-0.49628,0.55375,-0.68288,-8.9756,6.3117,-1.6663,0.71757,0.33194,0.80917,0.61602,-0.23929,0.25501,-0.507,-1.6392,1.8085,-0.34245,-0.24246,0.78108,0.45706,0.61917,-0.35027
9.6801,-1.8146,1.1292,-0.10368,0.24825,0.35216,-0.94601,0.56481,0.24704,-0.65063,8.492,5.0927,-0.038861,-0.16769,0.12633,-0.63065,-0.53909,-0.63512,0.64757,-1.1652,9.9678,-0.071823,0.158,-0.072169,-0.49337,0.55532,-0.68464,-9.5397,8.3953,-1.92,0.41728,0.53783,1.0016,0.6065,-0.25502,0.27972,-2.9773,-4.2585,0.09388,-0.72208,-0.59398,1.5017,0.46651,0.60779,-0.3453
9.4422,-1.0911,2.2363,0.056845,-0.011497,0.15291,-0.9449,0.57078,0.23816,-0.078872,8.2194,5.2991,-0.13253,-0.019176,0.10928,-0.63573,-0.53502,-0.63585,0.81178,-1.7294,9.9923,-0.041556,0.084291,0.024857,-0.49008,0.55712,-0.68378,-9.9881,8.6838,-1.3817,-0.80831,0.36997,1.3711,0.59434,-0.28966,0.29607,-5.5114,-5.0495,-1.0342,-0.90847,-0.68915,2.0599,0.48209,0.5894,-0.3349
9.682,-1.1496,1.5514,-0.31291,0.19326,0.2719,-0.94283,0.57551,0.24258,-0.30717,8.3363,5.201,-0.10927,0.050203,0.16723,-0.63937,-0.52854,-0.64052,0.65381,-1.8739,9.8189,-0.012399,0.046201,0.086581,-0.48662,0.55764,-0.68461,-10.162,7.9827,-0.67918,-1.0453,0.24391,1.8342,0.57469,-0.34231,0.30227,-7.5877,-6.2293,-0.52717,-0.50006,-0.75017,2.2612,0.5051,0.55632,-0.3316
9.809,-2.5299,1.9164,-0.78398,-0.02194,0.4956,-0.93724,0.58208,0.24846,-0.20968,8.4261,5.1607,-0.030827,0.11279,0.25765,-0.6397,-0.52291,-0.64576,0.81452,-1.6726,9.5269,0.016184,0.05296,0.12821,-0.48363,0.5583,-0.68485,-9.8276,7.4832,0.75352,-0.37466,0.093423,2.037,0.55408,-0.39257,0.30583,-8.9436,-6.2375,-0.63974,0.26038,-0.72885,2.3577,0.53015,0.51481,-0.34512
9.3496,-3.8136,1.5315,-0.65187,0.031337,0.62039,-0.92966,0.58978,0.26448,-0.10813,8.1347,5.2669,-0.020956,0.062035,0.31863,-0.63983,-0.51693,-0.64946,0.71474,-1.7352,9.5142,0.060721,0.074553,0.17331,-0.47671,0.56087,-0.68632,-9.335,7.7829,1.2657,-0.4987,-0.22421,2.3481,0.53668,-0.4402,0.29879,-10.367,-6.4692,-0.82128,0.319,-0.64402,2.4438,0.55237,0.47122,-0.36184
8.2525,-3.8223,2.1871,-0.54694,0.13713,0.54613,-0.92085,0.60052,0.27125,-0.13359,7.8019,5.4086,-0.067319,-0.001326,0.24749,-0.64414,-0.51075,-0.65237,0.79474,-1.5586,9.6297,0.1062,0.094091,0.2123,-0.47109,0.56184,-0.6888,-7.8973,6.9647,1.0404,-0.76519,-0.32567,2.5889,0.51201,-0.49318,0.28846,-10.983,-7.2578,-0.91598,0.38122,-0.41714,2.299,0.56973,0.4209,-0.38867
8.3374,-3.774,1.0541,-0.50152,-0.12299,0.43874,-0.91038,0.60858,0.28181,0.041971,8.0467,5.4157,-0.099105,-0.069361,0.13631,-0.64756,-0.50318,-0.655,0.43914,-1.5419,9.4407,-0.037218,0.11393,0.24564,-0.45928,0.5659,-0.68993,-6.455,5.44,1.1761,-0.81948,-0.36159,2.4824,0.48284,-0.54322,0.26871,-12.223,-13.799,-2.1647,0.38866,-0.34007,1.924,0.58188,0.37197,-0.41649
8.7443,-4.3703,1.1652,-0.42164,-0.19063,0.30236,-0.89854,0.61277,0.30319,0.20264,8.1806,5.2909,-0.063478,-0.13412,0.10548,-0.65394,-0.49974,-0.65631,0.46911,-1.789,9.1007,-0.025625,0.1785,0.20515,-0.44768,0.56985,-0.69282,-5.5455,2.723,0.79221,-0.3944,0.040154,1.8934,0.45278,-0.58645,0.25667,-9.1049,-13.124,-0.61621,0.49423,0.00225,0.98576,0.59575,0.33114,-0.44636
9.5868,-4.3764,0.99251,-0.29206,-0.42292,0.20968,-0.88793,0.61469,0.32388,0.28554,8.0022,5.0913,-0.022337,-0.13934,0.11577,-0.65934,-0.49672,-0.65614,0.45159,-1.9557,9.9639,0.049149,0.12232,0.12383,-0.43932,0.57162,-0.69544,-2.9647,0.53566,0.86144,-0.043721,0.2158,1.1776,0.43245,-0.60987,0.25682,-7.0551,-9.6494,-1.5284,0.002364,-0.00399,0.2686,0.60001,0.31024,-0.46196
9.6428,-4.1795,-0.19942,0.14115,-0.15226,0.045814,-0.88258,0.61717,0.33004,0.32498,7.7312,4.9737,0.030767,-0.045253,0.06778,-0.66114,-0.49584,-0.65613,0.96545,-1.7639,9.8706,0.010263,-0.026867,0.072423,-0.4356,0.57405,-0.69607,-0.058622,0.3823,0.83746,0.046625,0.075531,0.28092,0.42333,-0.62361,0.25514,-9.1325,-11.096,-1.6869,-1.069,0.067558,-0.18768,0.60325,0.32395,-0.4494
8.5211,-3.6353,-0.66692,0.12516,0.094961,-0.15785,-0.88167,0.61544,0.32717,0.001629,8.0023,5.0823,0.067817,0.05744,0.001316,-0.66057,-0.49586,-0.65507,0.4101,-1.8728,9.8738,-0.082392,-0.10128,0.030488,-0.43681,0.57586,-0.69269,0.22286,0.7442,0.64016,0.35824,0.067371,-0.68616,0.42665,-0.61846,0.25839,-9.2802,-10.013,-1.4474,-0.56293,0.29872,-0.72281,0.6036,0.34693,-0.42779
8.5536,-4.1138,0.38211,-0.021621,0.2681,-0.17699,-0.88853,0.61058,0.31991,0.19455,7.8885,5.5228,0.14744,0.1347,-0.040691,-0.65631,-0.49832,-0.65723,0.015105,-1.6374,9.7244,-0.1086,-0.10926,0.004743,-0.43869,0.57873,-0.69037,-1.8791,2.6867,0.38576,0.88944,0.11216,-1.4627,0.44303,-0.59498,0.27488,-8.1979,-8.0851,-0.90104,0.10311,0.45955,-1.026,0.60161,0.36935,-0.40598
9.2336,-4.6505,1.7117,0.25547,0.044089,-0.26856,-0.89444,0.60544,0.31309,0.25475,8.373,5.608,0.17508,0.12224,-0.049798,-0.64935,-0.50109,-0.65693,0.128,-2.0408,9.5938,-0.050243,-0.11386,-0.04996,-0.44329,0.57887,-0.68737,-4.1449,3.0021,-0.08023,1.1057,-0.095106,-2.0244,0.46688,-0.54798,0.30332,-9.2758,-7.3533,-1.5149,0.40912,0.63477,-1.1192,0.59541,0.39178,-0.38955
9.6784,-5.1652,1.7192,0.21928,0.000561,-0.33405,-0.90111,0.59863,0.31182,-0.2413,8.3044,5.7504,0.15736,0.04802,-0.034133,-0.64516,-0.50441,-0.65587,0.32244,-1.8868,9.8434,-0.018009,-0.14339,-0.14265,-0.45126,0.57878,-0.68677,-6.4065,4.007,-0.42685,0.85258,-0.37734,-2.394,0.49594,-0.49883,0.31982,-9.6968,-8.6536,-0.78597,-0.26664,0.72661,-1.3302,0.59301,0.41859,-0.36365
9.4336,-4.9482,1.6591,0.61384,0.21504,-0.44481,-0.90891,0.59303,0.29922,-0.22166,8.0576,5.6428,0.11634,0.005254,-0.083699,-0.64092,-0.50801,-0.65434,0.3859,-1.9893,9.9244,0.004829,-0.20746,-0.16395,-0.4569,0.5778,-0.68217,-8.6953,6.053,-0.50507,0.15124,-0.2893,-2.8236,0.5248,-0.45112,0.3173,-9.1216,-9.6278,-0.65935,-0.24444,0.65902,-1.652,0.58725,0.44877,-0.33974
8.9025,-3.707,1.7079,0.59057,0.13942,-0.61963,-0.91847,0.58483,0.28325,-0.17368,8.3922,5.6276,0.032542,-0.027062,-0.15782,-0.64052,-0.51011,-0.65198,0.78519,-1.8141,9.9176,0.04812,-0.2678,-0.18421,-0.47091,0.57317,-0.68001,-11.067,7.0389,0.01639,-0.53632,-0.1887,-2.8985,0.55766,-0.39553,0.30225,-8.8899,-10.078,-0.41761,0.4143,0.42871,-1.9003,0.57499,0.48259,-0.32529
8.6597,-3.0823,1.5683,0.82936,0.076685,-0.6236,-0.93026,0.57647,0.26508,0.058358,8.1125,5.3191,0.063139,-0.078657,-0.20281,-0.64006,-0.5153,-0.64904,0.85099,-1.5999,9.4748,0.051228,-0.26599,-0.11703,-0.48323,0.57001,-0.67656,-11.384,7.3557,-0.74805,-0.51027,-0.091578,-2.5678,0.58433,-0.34342,0.28097,-7.9819,-8.8409,-0.80979,0.63422,0.22499,-2.383,0.55261,0.51723,-0.32689
8.6798,-2.1329,1.224,1.0566,0.16878,-0.7249,-0.94727,0.56492,0.24328,0.19318,8.3424,4.9128,0.054795,-0.089748,-0.2739,-0.63888,-0.52287,-0.64282,1.0943,-1.4434,9.5345,0.17409,-0.25899,-0.023176,-0.49611,0.56357,-0.67703,-12.955,10.065,0.7854,0.31547,0.35743,-2.1263,0.5988,-0.28395,0.27037,-6.352,-6.4297,-0.38731,0.3972,0.013712,-2.3928,0.51772,0.56071,-0.32906
9.0385,-1.6634,1.6625,0.93733,0.3693,-0.54802,-0.96234,0.55753,0.21317,0.12469,7.9751,4.6653,0.111,-0.04588,-0.30265,-0.63605,-0.53188,-0.6393,1.214,-1.492,9.2535,0.1799,-0.21819,0.040538,-0.50389,0.5595,-0.67769,-12.34,12.415,0.90775,0.62847,-0.061642,-1.1722,0.60665,-0.23931,0.26584,-5.8454,-3.3831,-0.77392,0.25837,0.14721,-1.9668,0.48894,0.58818,-0.33676
9.2188,-1.3317,1.6959,0.34845,0.19861,-0.48422,-0.9737,0.54735,0.19569,-0.12644,8.0947,4.9874,0.17486,0.039851,-0.38099,-0.62654,-0.5406,-0.63568,1.5119,-1.8968,9.3824,0.08748,-0.13325,0.019454,-0.50558,0.55802,-0.67649,-10.188,13.222,-0.13773,0.44125,-0.12004,-0.28664,0.61078,-0.2193,0.26754,-4.928,-1.6871,0.030506,0.10692,0.20724,-1.3089,0.47004,0.60547,-0.3441
10.121,-1.0151,2.227,0.12609,0.1198,-0.48953,-0.98216,0.53517,0.18537,-0.15745,8.8071,5.0634,0.18361,0.059513,-0.35774,-0.61609,-0.55289,-0.63169,1.3751,-1.8432,9.6435,0.011741,-0.11193,-0.11664,-0.50961,0.55535,-0.67712,-9.9775,11.105,-1.0465,0.28975,0.027362,0.35627,0.61209,-0.21715,0.27057,-2.6989,0.58584,0.72419,0.63886,0.043368,-0.70732,0.45673,0.61465,-0.35386
9.5364,-0.34877,1.645,0.015042,-0.53994,-0.25161,-0.9853,0.5224,0.19568,-0.77979,8.6408,5.3844,0.19491,0.03286,-0.14469,-0.60637,-0.5621,-0.62894,0.94145,-1.7824,9.4892,-0.10792,-0.05228,-0.24041,-0.5155,0.55555,-0.67493,-9.3739,7.9698,-2.2163,0.15712,0.095078,0.62956,0.60973,-0.22681,0.27929,-0.093226,0.42694,-0.038986,0.33859,-0.20379,0.1806,0.44921,0.61185,-0.37109
9.2954,-1.2628,0.98817,-0.17289,-0.11341,0.21862,-0.98017,0.51935,0.21262,-1.0948,8.35,5.3593,0.1939,-0.048937,0.011288,-0.6022,-0.57214,-0.62469,1.2287,-1.7016,9.6339,-0.091342,0.06252,-0.23301,-0.52034,0.55288,-0.67186,-9.483,7.4069,-2.2104,0.27675,0.34428,0.96297,0.60437,-0.24617,0.29099,-0.86173,-2.1609,-0.19341,-0.4904,-0.14167,1.1694,0.45711,0.60721,-0.3663
9.3001,-1.4732,1.7254,0.21064,0.20191,0.25794,-0.9767,0.52966,0.20844,-0.78844,8.7874,5.1518,-0.051093,-0.18054,0.068732,-0.60799,-0.57224,-0.62257,1.2599,-1.654,10.025,-0.072458,0.12007,-0.12158,-0.52221,0.55346,-0.67185,-10.091,8.3013,-1.4658,0.13089,0.13636,1.2547,0.59487,-0.27243,0.30563,-3.7548,-3.1704,-0.30477,-1.2861,-0.30546,2.0309,0.47628,0.59423,-0.34527
9.2184,-1.0896,2.2943,-0.045934,0.29361,0.19704,-0.97511,0.53859,0.19875,-0.40597,8.3274,5.0111,-0.1011,-0.21867,0.037818,-0.61633,-0.56849,-0.61733,1.2968,-1.6389,9.6852,-0.037584,0.11532,-0.036746,-0.52073,0.552,-0.67223,-10.119,8.3123,-0.55112,-0.32269,0.15837,1.6625,0.58206,-0.30408,0.31689,-7.0551,-6.25,0.41553,-0.97587,-0.55227,2.4389,0.4965,0.57218,-0.32601
9.5482,-0.61865,2.4266,-0.53584,-0.007782,0.25244,-0.97011,0.5422,0.20078,-0.5197,8.6864,4.9659,-0.14565,-0.18595,0.033052,-0.6259,-0.56502,-0.61599,1.0848,-1.6134,9.5935,-0.043116,0.12762,0.014442,-0.51481,0.55308,-0.6737,-9.5243,8.9516,-0.43485,-0.56502,0.25104,2.0136,0.56418,-0.35276,0.32471,-8.7648,-7.1819,0.047984,0.40349,-0.70551,2.3819,0.52217,0.53194,-0.33442
10.494,-0.94325,2.0438,-0.26616,-0.10247,0.41653,-0.96197,0.55153,0.21747,-0.39752,8.6335,4.8813,-0.21092,-0.15026,0.15917,-0.63448,-0.55923,-0.6149,1.0731,-1.8828,9.5516,-0.033478,0.10964,-0.01564,-0.51084,0.55473,-0.67429,-9.9878,9.2256,-0.039335,-1.0972,-0.12195,2.326,0.54165,-0.40836,0.31914,-9.694,-7.2586,-0.26672,1.0687,-0.52729,2.4172,0.54513,0.4743,-0.36514
9.3676,-1.1788,2.071,-0.84777,0.73409,0.63272,-0.95901,0.56183,0.20876,-0.24699,7.747,5.2062,-0.11712,-0.10124,0.12923,-0.6429,-0.5529,-0.61534,0.63894,-1.5624,9.4758,-0.03411,0.066077,0.015974,-0.50675,0.55589,-0.67736,-9.4249,7.6568,0.86645,-1.1372,-0.54803,2.5804,0.5188,-0.47589,0.29442,-10.339,-7.3787,-1.391,0.84037,-0.074225,2.3396,0.57286,0.40687,-0.38609
7.526,-3.3542,1.4535,-1.252,0.38502,0.78842,-0.94922,0.57599,0.21169,0.18804,7.7404,5.0558,-0.22133,-0.048951,0.014839,-0.65049,-0.54804,-0.61751,1.0532,-1.5059,9.3467,0.093952,0.14345,0.15771,-0.4989,0.55614,-0.68046,-7.2737,4.7629,0.92032,-0.82039,-0.49592,2.4425,0.49563,-0.52978,0.26694,-11.407,-9.6899,-1.2285,-0.25585,-0.040419,2.2491,0.59538,0.35647,-0.39625
8.2474,-5.0805,1.9178,-0.88764,0.19101,0.44962,-0.94073,0.58138,0.22737,-0.15337,8.1697,5.0362,-0.093203,-0.017307,-0.082083,-0.65355,-0.54787,-0.6196,1.0235,-1.4727,9.8028,0.16303,0.2409,0.21274,-0.49045,0.55803,-0.6837,-5.2051,1.7805,0.54499,-0.42124,0.036588,2.0802,0.47228,-0.56775,0.25093,-11.382,-12.737,-1.4903,-0.19223,-0.030951,1.5581,0.60473,0.31905,-0.41899
9.2634,-4.7022,1.5997,-0.51138,-0.60137,0.008587,-0.93345,0.57945,0.25486,-0.41057,8.4333,5.1598,-0.019879,-0.01212,-0.077329,-0.65223,-0.5468,-0.62108,0.67286,-2.1138,10.801,0.17439,0.15197,0.18236,-0.47857,0.55866,-0.68859,-3.7669,-0.24806,1.0112,-0.26246,0.25006,1.4363,0.44814,-0.59874,0.24846,-9.6159,-13.205,-2.2984,0.43301,0.11408,0.49212,0.61261,0.29607,-0.43037
10.166,-3.585,0.13666,0.38792,-0.28126,-0.25416,-0.93288,0.57367,0.27548,0.07977,8.2051,5.2274,0.019515,-0.003149,-0.065991,-0.65082,-0.54813,-0.61881,0.81009,-2.2688,10.214,0.030171,-0.029939,0.017584,-0.47596,0.56023,-0.68876,-0.55186,-0.6726,1.5714,-0.22547,0.077065,0.36899,0.43479,-0.61655,0.24167,-8.346,-10.994,-1.9572,-0.069015,0.19286,-0.28011,0.61341,0.29063,-0.43117
9.3821,-2.4297,-0.070658,0.40768,-0.039123,-0.35919,-0.93484,0.57125,0.26587,-0.13646,8.095,4.9291,0.006825,0.04517,-0.10037,-0.65032,-0.5499,-0.61939,0.93914,-1.8991,9.5767,-0.085343,-0.11615,-0.079791,-0.47635,0.5595,-0.6915,0.95675,-0.5625,1.7817,0.56497,0.15218,-0.6602,0.43451,-0.61529,0.24865,-8.635,-9.4936,-1.2484,-0.82853,0.40052,-0.68199,0.61194,0.31823,-0.40498
8.4748,-1.8606,0.23203,0.018995,0.2645,-0.16045,-0.93842,0.56528,0.25556,-0.23467,7.7959,4.6379,0.010498,0.23835,-0.14212,-0.64333,-0.55261,-0.62101,0.94925,-1.8643,9.0898,-0.1307,-0.06495,-0.12741,-0.48166,0.56095,-0.68782,-0.62316,1.428,1.2976,1.2128,0.1674,-1.6064,0.45017,-0.58701,0.27274,-9.2173,-8.9495,-0.12877,-0.90678,0.69147,-0.99436,0.6134,0.35436,-0.36929
8.6893,-3.1712,1.5158,-0.09173,0.054877,-0.16695,-0.94422,0.56067,0.25325,-0.39895,7.6241,5.0638,0.041841,0.32976,-0.17927,-0.63212,-0.55644,-0.62302,0.83218,-1.9517,9.3975,-0.033523,-0.038877,-0.17057,-0.48703,0.55971,-0.68532,-4.1926,3.9062,0.66805,1.2754,-0.22386,-2.1741,0.47443,-0.54738,0.29486,-9.6386,-10.166,0.069996,-0.040094,0.60148,-1.44,0.61037,0.38182,-0.34473
9.3239,-4.2601,2.0805,0.15091,0.085045,-0.35821,-0.95237,0.55331,0.25404,-0.74446,8.3108,5.4269,0.040566,0.31023,-0.17755,-0.61833,-0.55873,-0.62914,0.72207,-1.9204,9.8598,0.013224,-0.013657,-0.19435,-0.49184,0.5568,-0.68411,-7.231,4.4899,-0.26359,0.84409,-0.49854,-2.4749,0.50882,-0.49297,0.30803,-9.554,-8.5659,-0.44716,0.42554,0.27029,-1.77,0.60229,0.4118,-0.33112
10.424,-4.4944,2.9079,0.71731,0.33198,-0.40213,-0.96518,0.54838,0.23183,-0.96208,8.5377,5.6307,0.051598,0.19228,-0.11424,-0.6086,-0.55954,-0.63423,0.76283,-1.5712,9.9228,-0.027277,-0.054725,-0.22093,-0.49719,0.55392,-0.68368,-9.8868,4.9999,-1.0077,0.28681,-0.47918,-2.8435,0.5429,-0.43573,0.30327,-9.2475,-8.7005,-0.80838,0.28861,0.24334,-1.9211,0.58777,0.44515,-0.32603
9.735,-3.5701,2.849,0.96004,0.18058,-0.60365,-0.97698,0.54187,0.21099,-0.97684,8.5378,5.6112,0.014377,0.13766,-0.1,-0.5992,-0.56165,-0.63855,0.74558,-1.5252,10.059,0.046679,-0.17644,-0.16811,-0.50486,0.54983,-0.6822,-11.849,5.6994,-1.573,-0.13546,-0.2938,-2.9506,0.58363,-0.36172,0.29436,-9.023,-8.8286,-0.78252,0.35843,0.062473,-2.1866,0.56769,0.4875,-0.31447
9.0188,-2.2447,2.5687,1.3476,0.31139,-0.87367,-0.99415,0.52753,0.17859,-0.66912,8.3284,5.3059,0.045514,0.040149,-0.14344,-0.5955,-0.56149,-0.63886,1.1158,-1.3665,9.8782,0.077366,-0.2953,-0.092243,-0.51748,0.54464,-0.67971,-13.307,7.5531,-1.5068,-0.19371,0.17456,-2.7069,0.60446,-0.30241,0.2794,-8.7222,-7.8947,-1.2381,0.50439,-0.10987,-2.4,0.538,0.52314,-0.32065
8.4468,-0.26165,2.4281,1.0928,0.082767,-0.87121,-1.0083,0.50966,0.14806,-0.98756,8.1476,5.1039,-0.032511,-0.003209,-0.25694,-0.59199,-0.56638,-0.63641,1.3401,-1.1869,9.3479,0.12099,-0.30362,-0.040895,-0.5286,0.54016,-0.67728,-13.987,12.428,-0.42296,0.13632,0.16793,-2.0953,0.61375,-0.25597,0.26366,-7.6393,-5.4728,-1.034,0.55316,-0.17801,-2.2184,0.50792,0.55264,-0.34049
8.5133,0.81511,1.6299,0.11939,-0.10582,-0.43762,-1.0166,0.4905,0.14535,-0.74165,7.9897,4.6722,0.034851,0.033248,-0.33732,-0.58731,-0.56995,-0.6357,1.287,-1.3026,9.0338,0.094765,-0.17138,0.014084,-0.53614,0.53876,-0.67563,-11.261,15.533,0.24363,-0.60883,-0.11343,-1.0925,0.61972,-0.22244,0.24884,-5.8519,-2.6799,-1.056,0.46668,0.069161,-1.834,0.48003,0.57682,-0.35833
9.0734,-0.46427,1.8198,-0.40148,-0.32339,-0.22123,-1.017,0.48109,0.15814,-0.92455,8.117,4.9243,0.090728,0.066458,-0.3625,-0.57839,-0.57685,-0.63317,1.6237,-1.6395,9.1205,0.082913,-0.063415,-0.021857,-0.53843,0.5368,-0.67644,-9.9047,13.779,1.3081,-0.21477,-0.17204,-0.03617,0.62365,-0.21547,0.23736,-2.9829,0.9455,0.78759,0.31918,0.43389,-1.2773,0.46493,0.59675,-0.36533
9.8787,-0.69055,1.2127,-0.28577,-0.48253,-0.12824,-1.0156,0.46979,0.17936,-1.1528,8.531,5.039,0.13261,0.065566,-0.25079,-0.56822,-0.58424,-0.6312,1.1752,-1.5793,9.2838,0.016166,0.10009,-0.084428,-0.53793,0.53524,-0.6765,-9.691,9.4063,-0.078281,0.46477,-0.10933,0.68161,0.6205,-0.21804,0.24602,-0.60635,2.054,1.0324,0.18384,0.12921,-0.3394,0.45347,0.60578,-0.37137
9.9602,-0.80967,1.1976,-0.22734,-0.31375,0.20491,-1.0129,0.47082,0.1975,-1.3543,9.3655,5.4183,0.099058,0.04259,-0.046035,-0.56295,-0.58631,-0.62883,1.4674,-1.6982,9.7597,-0.030872,0.22329,-0.15129,-0.5348,0.53566,-0.67897,-9.8597,6.6676,-1.6842,0.52164,0.2709,0.81335,0.61574,-0.23297,0.26085,0.52,-0.72248,1.0141,-0.17399,-0.17374,0.70464,0.45295,0.60578,-0.37125
