9.0525,-4.4557,2.5063,-0.62825,-0.104,0.32656,-0.92744,0.58892,0.22595,-1.4759,9.4175,4.0238,-0.25827,-0.43199,0.29251,-0.48179,-0.68594,-0.64708,-0.19675,-2.5463,9.4766,-0.10193,0.034207,0.098599,-0.39521,0.60079,-0.69292,-4.0754,-0.67073,0.48935,-0.38824,0.20861,1.672,0.44667,-0.58763,0.24932,-8.9696,-14.704,0.409,0.34475,-0.058071,0.61385,0.60076,0.32254,-0.43436
8.4799,-3.3707,0.94229,0.019551,-0.15989,-0.007115,-0.92292,0.59068,0.23599,-1.022,7.9948,3.9375,-0.23488,-0.37575,0.15467,-0.5006,-0.67673,-0.6497,-0.39108,-2.7049,9.1048,-0.088243,-0.001186,0.092297,-0.39272,0.60532,-0.69091,0.70445,-3.1818,1.1283,-0.39949,0.2215,0.61525,0.4319,-0.60984,0.24165,-8.5007,-10.738,-2.0078,-0.33089,-0.00344,-0.36318,0.59997,0.31929,-0.43842
8.1548,-2.8415,0.77913,0.35895,-0.3658,-0.21555,-0.9229,0.58899,0.2364,-0.6232,8.3797,3.5553,0.013981,-0.16133,-0.070205,-0.51075,-0.6751,-0.64642,0.007871,-2.5036,9.4545,-0.017019,0.02102,0.091666,-0.38992,0.60908,-0.69025,2.4226,-3.4355,0.66792,0.23577,0.168,-0.67526,0.43389,-0.61144,0.24279,-9.5859,-9.9695,-2.5096,-1.1261,0.46162,-0.71947,0.59845,0.34633,-0.41467
8.7038,-2.132,0.086609,-0.056735,-0.43566,-0.29694,-0.925,0.57724,0.24401,-1.3669,9.0589,3.4907,0.033344,0.10041,-0.23973,-0.5093,-0.6785,-0.64408,-0.31441,-2.4205,10.032,0.050593,-0.021891,0.09686,-0.39002,0.60833,-0.69224,-0.274,0.76992,0.33157,1.2127,0.36813,-1.8094,0.44463,-0.58345,0.26798,-8.6942,-10.321,-1.4123,-0.61277,0.63372,-1.1469,0.59726,0.38446,-0.38425
9.8094,-3.1046,0.2528,-0.008386,0.15211,-0.098675,-0.926,0.57278,0.25254,-1.2175,8.9864,3.4475,0.11524,0.31355,-0.21258,-0.49611,-0.68322,-0.6465,-0.33062,-2.8866,9.9841,0.051367,-0.10534,0.070147,-0.39053,0.60833,-0.68975,-4.9061,3.6187,-0.22975,1.4849,0.36871,-2.5816,0.46959,-0.53036,0.3055,-8.7754,-9.5584,-1.5311,0.22942,0.62446,-1.4927,0.59313,0.41224,-0.35795
10.258,-4.5118,3.0075,0.61112,0.5648,-0.353,-0.93546,0.57108,0.23724,-1.7738,8.8103,3.7641,0.2454,0.51394,-0.1958,-0.47706,-0.68742,-0.64796,-0.36919,-2.8196,9.3809,0.033536,-0.15121,-0.048307,-0.39287,0.60766,-0.69136,-9.1549,4.9805,0.09605,0.74434,-0.18032,-2.8551,0.50052,-0.47529,0.32545,-10.048,-8.9391,-1.7526,0.48445,0.57264,-1.8133,0.58817,0.43521,-0.33675
9.9779,-3.9021,2.9944,0.45051,0.21905,-0.48854,-0.9479,0.56295,0.2132,-1.874,10.031,4.0363,-0.094447,0.62143,-0.18249,-0.45267,-0.69102,-0.65558,0.057256,-2.9314,9.5605,0.028542,-0.16683,-0.15069,-0.39935,0.60477,-0.68785,-10.701,6.5929,0.40835,0.020498,-0.44451,-2.9748,0.53626,-0.41816,0.32281,-10.791,-9.9511,-1.8875,0.3943,0.66678,-2.201,0.57137,0.46901,-0.3251
9.3281,-3.0268,2.1521,0.5814,-0.035381,-0.45087,-0.95749,0.55174,0.2025,-2.0007,8.4729,4.3492,-0.21927,0.18318,-0.06843,-0.43675,-0.68676,-0.67052,0.042199,-2.8714,9.9406,0.022134,-0.22573,-0.31333,-0.41204,0.6015,-0.68765,-11.738,6.1622,0.19293,-0.27507,-0.4295,-2.8636,0.57231,-0.35957,0.30507,-10.414,-8.693,-1.1605,0.30321,0.71667,-2.5426,0.54733,0.51138,-0.31331
8.972,-2.5213,2.4511,0.98899,0.29075,-0.52103,-0.97142,0.54448,0.17532,-1.9606,8.557,4.0048,0.16957,0.1158,-0.045308,-0.42703,-0.69177,-0.67299,-0.25627,-2.1047,9.7858,0.13476,-0.27222,-0.32478,-0.42987,0.59403,-0.68735,-13.718,9.0591,-0.3677,-0.10824,-0.058867,-2.5992,0.60196,-0.29137,0.28818,-8.5066,-6.7432,0.5354,0.91158,0.32249,-2.5277,0.5123,0.54805,-0.3225
8.7239,-1.3857,2.382,0.9856,0.19422,-0.7103,-0.98689,0.53129,0.14919,-1.824,8.2556,3.6786,0.10813,-0.042675,-0.095468,-0.42501,-0.69596,-0.66971,0.34319,-1.8883,9.3022,0.1039,-0.24613,-0.21417,-0.44314,0.58562,-0.68654,-13.66,14.97,-0.58303,0.53876,0.064164,-1.6653,0.61413,-0.23984,0.28003,-6.5983,-3.3457,0.50209,0.85915,0.11858,-2.2948,0.48129,0.57174,-0.34228
8.4923,-0.31377,1.5591,0.63006,0.52153,-0.59549,-0.99475,0.51518,0.13352,-1.6494,8.2713,3.9179,0.16346,0.016104,-0.23784,-0.42138,-0.7012,-0.66542,0.40267,-2.4665,9.3058,0.19545,-0.22483,0.017336,-0.45231,0.57925,-0.68645,-11.051,16.2,-0.014268,0.061348,-0.19621,-0.3566,0.61689,-0.21802,0.2719,-4.231,0.80103,1.375,0.32173,-0.10767,-1.522,0.46038,0.5957,-0.35065
8.822,0.23807,1.8412,-0.57659,0.035706,-0.21742,-0.99904,0.50393,0.11742,-1.7866,8.8448,3.6524,0.28456,0.094057,-0.30685,-0.41478,-0.70917,-0.65924,0.7091,-2.1866,9.4205,0.19544,-0.16476,0.094406,-0.45664,0.5771,-0.68762,-9.0679,12.029,-1.3354,0.053347,-0.075346,0.42064,0.62112,-0.22007,0.27054,-0.39838,4.1395,0.70173,0.15937,-0.091094,-0.62787,0.44555,0.60564,-0.36702
9.183,0.47592,0.91294,-0.86877,-0.43448,-0.19391,-0.9943,0.49541,0.14622,-2.286,9.7494,3.6145,0.12907,0.10088,-0.14988,-0.40623,-0.71349,-0.65456,0.59016,-2.3044,9.1273,0.026207,0.012036,0.15901,-0.4564,0.57619,-0.68783,-9.2858,9.0094,-2.2218,0.39257,0.29246,0.88848,0.61629,-0.23443,0.28129,-0.28503,0.34466,0.57389,0.17649,-0.099949,0.38515,0.44092,0.60525,-0.37258
9.5129,0.38082,-0.055052,-0.52302,-0.47287,0.30101,-0.99015,0.49015,0.16911,-2.0258,9.2675,3.4924,-0.042653,0.10645,0.053386,-0.40105,-0.71449,-0.65426,0.83672,-2.4679,8.9334,0.064802,0.15627,0.09935,-0.44864,0.5753,-0.69343,-10.302,7.848,-1.6557,0.30467,0.42272,1.311,0.60028,-0.25987,0.30575,-1.3678,-1.5665,-0.46554,-0.3064,-0.30146,1.2955,0.44588,0.59211,-0.37772
10.262,-1.7322,0.72771,0.6357,0.40354,0.61441,-0.98617,0.5083,0.17207,-2.4795,9.0192,3.6975,0.10048,0.1338,0.18829,-0.39693,-0.7151,-0.65454,0.18815,-2.6655,9.817,-0.087086,0.21256,-0.070499,-0.44093,0.57554,-0.69505,-10.743,8.0397,-1.2671,0.079251,0.2112,1.4719,0.58544,-0.29182,0.31959,-4.2617,-2.4378,-1.6224,-1.081,-0.39681,2.1664,0.466,0.57792,-0.36388
11.159,-3.3155,5.8646,2.1031,0.16255,-0.16474,-0.99025,0.52298,0.14325,-2.278,8.8442,3.7806,0.038522,-0.063489,0.25357,-0.40087,-0.71253,-0.65532,0.31023,-2.7435,9.6833,-0.17663,0.13957,-0.25972,-0.43698,0.57667,-0.694,-10.281,8.8613,-0.035828,-0.62046,0.14341,1.6887,0.57449,-0.32651,0.32372,-8.699,-5.0295,-0.09075,-0.76035,-0.42657,2.7002,0.49248,0.55649,-0.33861
9.9453,-0.29353,4.7186,-1.4046,0.22709,0.47945,-0.98954,0.529,0.13937,-2.4145,8.8725,3.9451,-0.18231,-0.32974,0.30108,-0.4158,-0.70554,-0.65601,-0.24619,-2.1723,9.5427,-0.27823,0.078643,-0.30599,-0.4396,0.58217,-0.69103,-9.9336,9.7759,0.37529,-0.99663,0.057822,2.2442,0.55519,-0.38047,0.32087,-10.783,-6.3738,0.46805,0.72366,-0.74886,2.8573,0.52053,0.50552,-0.35143
8.7534,-1.5629,2.1797,-1.4452,-0.039169,0.88518,-0.9731,0.54557,0.16884,-1.8454,8.5471,4.0565,-0.21203,-0.55102,0.24596,-0.4377,-0.69713,-0.65414,0.10166,-1.7561,9.3842,-0.2208,0.047155,-0.23696,-0.44237,0.58326,-0.68605,-10.191,9.3375,0.95579,-0.95604,-0.30793,2.7975,0.52891,-0.44275,0.30467,-11.071,-7.7667,-0.27267,1.2871,-0.47655,2.9176,0.54508,0.43676,-0.38806
7.426,-2.0023,1.7191,-0.94724,0.17582,0.76255,-0.95925,0.56658,0.16723,-1.4629,8.2031,3.9941,-0.24371,-0.66173,0.10338,-0.46425,-0.69356,-0.65075,0.20445,-1.9068,9.1708,-0.11809,0.067967,-0.028349,-0.44611,0.58621,-0.68294,-8.2645,6.3764,0.69762,-0.79494,-0.47277,2.9368,0.49548,-0.51273,0.27853,-12.49,-9.8432,-0.55625,0.75932,-0.070217,2.7921,0.57552,0.35842,-0.4147
8.0707,-2.6972,1.9284,-1.1047,-0.15384,0.53764,-0.9471,0.5769,0.19111,-1.2403,8.9407,3.8603,-0.22576,-0.60481,-0.069725,-0.48622,-0.69024,-0.64609,0.67001,-2.3134,9.7888,0.010589,0.12765,0.20781,-0.43992,0.58703,-0.68491,-5.9871,2.1115,0.49293,-0.46947,-0.29151,2.5524,0.46559,-0.56249,0.25914,-11.907,-15.535,0.64848,-0.02012,0.1219,1.9948,0.59596,0.307,-0.43039
9.7687,-4.5706,1.9962,-0.92347,-0.54324,0.2305,-0.93207,0.57654,0.24361,-0.80143,9.1554,3.5821,-0.1784,-0.35447,-0.15583,-0.49815,-0.68651,-0.64436,0.046452,-2.417,9.7445,0.068334,0.072101,0.35242,-0.43084,0.59071,-0.68668,-3.3985,-1.5979,0.45894,-0.27345,-0.048112,1.5333,0.44405,-0.59185,0.25078,-9.6277,-14.095,0.37711,-0.31072,0.13437,0.53742,0.60581,0.28114,-0.4432
9.3258,-4.4719,0.43422,-0.068396,-0.46921,-0.13265,-0.9258,0.57113,0.27137,-1.5756,8.9559,3.2508,-0.009005,-0.05051,-0.1202,-0.50052,-0.68599,-0.64514,-0.543,-2.4818,9.6365,0.12259,0.00641,0.28241,-0.42288,0.59443,-0.68839,1.783,-4.3196,-0.15425,-0.62944,0.044122,0.37189,0.43826,-0.61186,0.23544,-8.981,-12.386,-0.040645,-1.8872,-0.10351,-0.46102,0.60575,0.30241,-0.43303
9.1393,-3.3481,-0.485,-0.003989,-0.048894,-0.2949,-0.92795,0.56679,0.27586,-1.0227,8.3828,3.4241,0.21677,0.32476,-0.23119,-0.48813,-0.69231,-0.64602,0.37391,-2.9089,9.6407,0.16936,-0.045387,0.14303,-0.41712,0.59295,-0.69131,2.3679,-1.1669,1.5046,0.43634,0.57269,-0.78662,0.43729,-0.60794,0.24008,-8.9478,-9.8579,-1.0941,-1.6193,0.06534,-1.0649,0.60436,0.34827,-0.40408
8.7676,-2.7187,0.32202,0.47288,0.39978,-0.56884,-0.9409,0.55011,0.25426,-1.7294,8.6117,3.7197,0.22713,0.57044,-0.30652,-0.46246,-0.70321,-0.64545,0.2619,-2.8496,9.4326,0.047993,-0.078769,-0.020589,-0.41748,0.59078,-0.69353,-0.68067,0.41171,1.3216,1.1758,0.5198,-1.8242,0.45029,-0.57603,0.26862,-9.5592,-8.5575,-0.46591,-0.99045,0.13291,-1.3877,0.59825,0.40086,-0.36959
9.3754,-2.3685,2.3283,1.0778,0.094124,-0.7845,-0.95871,0.53505,0.22659,-1.809,9.0821,3.7141,0.31823,0.61052,-0.25899,-0.43926,-0.71123,-0.64713,0.23241,-2.7964,9.6195,-7.6e-05,-0.044726,-0.19987,-0.42109,0.58859,-0.6929,-5.4579,3.4663,-0.17315,1.5554,0.38039,-2.4704,0.4717,-0.52353,0.30949,-9.1587,-9.8598,-2.4124,-0.10967,0.20911,-1.5922,0.58957,0.4359,-0.35546
10.713,-2.9295,2.8496,1.3336,-0.048974,-0.65389,-0.96776,0.52929,0.21387,-2.5325,9.1148,3.9795,0.30593,0.50676,-0.17686,-0.41696,-0.71708,-0.64838,-0.30909,-2.4683,9.6153,-0.061243,-0.030682,-0.3484,-0.42905,0.58578,-0.69122,-9.4545,5.0847,-0.015118,0.89361,-0.030621,-2.674,0.49659,-0.47163,0.33451,-9.6827,-9.821,-2.1373,-0.28174,0.37577,-1.9196,0.57645,0.46606,-0.34297
10.414,-2.7673,3.6467,0.58192,0.093136,-0.47676,-0.97984,0.52041,0.19398,-2.5076,8.7519,3.8273,0.28283,0.23617,0.001455,-0.40455,-0.72315,-0.64424,0.17343,-2.4365,9.4754,-0.070094,-0.098565,-0.43143,-0.44138,0.58235,-0.68899,-11.508,6.3517,-0.072754,-0.020484,-0.17824,-2.9377,0.52893,-0.41662,0.33523,-9.6378,-9.8963,-2.0023,-0.17262,0.43866,-2.3699,0.55452,0.51325,-0.325
9.0549,-2.3072,2.4606,0.27682,0.24866,-0.48897,-0.98895,0.50787,0.18477,-2.5213,8.7216,4.075,0.12307,-0.042814,0.015512,-0.40341,-0.7273,-0.63817,0.30934,-2.2458,9.7137,0.001679,-0.1357,-0.41018,-0.45437,0.57662,-0.68749,-11.681,7.7333,-0.61791,-0.63337,-0.48715,-2.8338,0.56288,-0.36524,0.3135,-8.8115,-8.4508,-2.0591,0.28252,0.47392,-2.6462,0.52199,0.55938,-0.31831
8.6642,-1.3705,2.419,0.56656,0.2212,-0.51126,-1.0004,0.49372,0.16428,-1.9799,8.7095,3.5728,0.10164,-0.2196,-0.11944,-0.40788,-0.72954,-0.63295,0.61608,-2.0164,9.5726,0.052439,-0.16467,-0.27759,-0.46914,0.56942,-0.68629,-13.288,9.8388,0.090252,-0.16034,-0.000749,-2.3798,0.59053,-0.30474,0.29524,-7.6087,-6.383,-1.1368,0.50669,0.38763,-2.5041,0.4834,0.60067,-0.32096
8.3856,-0.43434,2.2887,0.40172,0.007841,-0.31906,-1.0053,0.48444,0.15161,-2.2049,8.2406,3.2825,0.11016,-0.26625,-0.29505,-0.4103,-0.73643,-0.62638,0.39182,-1.9375,9.514,0.14284,-0.1616,-0.1221,-0.47845,0.56448,-0.68637,-13.382,13.721,0.5343,0.39544,-0.22172,-1.4769,0.60214,-0.26174,0.28682,-6.9679,-3.7476,-1.5521,0.7196,0.34769,-2.1643,0.44911,0.62744,-0.33628
8.7939,0.5059,1.6115,0.006942,-0.25508,-0.20443,-1.0032,0.4784,0.16054,-2.3244,8.6197,3.0724,0.060722,-0.25086,-0.36907,-0.41313,-0.74264,-0.61899,0.5438,-2.2629,9.121,0.1405,-0.10228,-0.008026,-0.48454,0.55878,-0.68765,-10.645,13.474,1.3473,0.4007,-0.51816,-0.44139,0.61234,-0.24194,0.27226,-4.5392,0.75396,0.29394,0.38644,0.27389,-1.4634,0.42396,0.64406,-0.34967
10.062,0.40943,0.95648,-0.62251,-0.070979,-0.17954,-1.0032,0.46824,0.17049,-2.1455,9.8643,3.378,0.050197,-0.1249,-0.32453,-0.41129,-0.74649,-0.60953,0.58757,-2.2097,9.1159,0.10453,0.004892,-0.001647,-0.48578,0.5573,-0.68981,-9.6439,12.675,-0.25226,0.48843,-0.24644,0.24232,0.61964,-0.2344,0.26242,-0.3539,3.7652,0.88076,0.042643,0.25728,-0.52848,0.41348,0.65552,-0.35339
9.6717,-0.29796,0.79225,-0.70153,-0.000975,0.21851,-1.0029,0.46512,0.18146,-2.3833,9.166,3.4171,0.036278,-0.021143,-0.17106,-0.40782,-0.75139,-0.60821,0.75309,-2.3498,9.5951,0.01874,0.13122,-0.007645,-0.48315,0.55539,-0.69012,-9.9938,9.5238,-0.3609,0.50005,-0.15885,0.82026,0.62282,-0.24265,0.26363,-0.087519,1.7541,0.99937,-0.31405,0.18899,0.40985,0.41309,0.6608,-0.3432
9.6207,-1.3887,1.3369,-0.36521,-0.14,0.17852,-0.99876,0.47015,0.19426,-2.5749,9.3529,3.3731,0.072407,0.042539,0.045939,-0.40434,-0.7522,-0.60595,0.40929,-2.2511,9.6615,-0.054056,0.16405,0.014329,-0.47731,0.5543,-0.69381,-8.999,8.7304,-1.5855,0.66504,-0.032574,1.285,0.62003,-0.2623,0.27528,-1.9376,-2.1635,0.1358,-0.38696,-0.23037,1.4502,0.42732,0.64906,-0.3317
10.183,-1.6059,2.6677,0.84824,-0.057249,0.26475,-0.99628,0.48024,0.19122,-2.6331,8.9729,3.2397,-0.036147,-0.031769,0.22599,-0.40703,-0.7496,-0.60769,0.41914,-2.2241,9.495,-0.10008,0.16581,-0.044001,-0.47037,0.55729,-0.6958,-9.1191,9.0355,-1.1306,0.11734,0.11189,1.6196,0.61086,-0.29224,0.28795,-4.5786,-4.0589,-1.1764,-0.33521,-0.61684,2.223,0.44639,0.62535,-0.32497
10.396,-0.31304,3.1254,1.1032,0.17123,0.16753,-0.99647,0.4921,0.17552,-2.5773,8.8014,3.6135,-0.085719,-0.13742,0.27207,-0.41511,-0.7468,-0.60857,0.25127,-2.4396,9.6306,-0.11478,0.11141,-0.10426,-0.4687,0.55825,-0.69511,-10.174,9.3836,-1.0846,-0.15125,0.1517,1.9924,0.5976,-0.33118,0.29407,-7.9521,-5.6337,-1.3199,-0.003741,-0.64477,2.7228,0.47871,0.59316,-0.32123
10.411,0.26773,4.2185,-0.84085,0.43484,0.63076,-0.99472,0.50776,0.16133,-2.3172,8.8681,3.8366,-0.14272,-0.28187,0.31629,-0.42775,-0.74068,-0.60989,0.19235,-2.3111,9.8744,-0.11986,0.072068,-0.07609,-0.46561,0.56148,-0.69354,-9.9724,9.6446,-0.54066,-0.58008,-0.051769,2.4304,0.57673,-0.38317,0.29361,-10.292,-7.7011,-0.84203,0.94458,-0.64234,2.8573,0.51536,0.5346,-0.34091
8.9807,-0.16143,3.2499,-0.9258,0.49497,0.70861,-0.98537,0.52507,0.16504,-2.295,8.3146,3.4964,-0.10675,-0.44385,0.18701,-0.44839,-0.73596,-0.60917,0.27968,-2.0394,9.783,-0.10328,-0.027456,-0.095653,-0.46759,0.56232,-0.69291,-9.6396,8.784,-0.66808,-0.73838,-0.25229,2.6741,0.55033,-0.44309,0.28235,-11.371,-7.9191,-1.1447,1.1272,-0.27262,2.7893,0.54376,0.46349,-0.37421
8.0727,-0.46844,2.1816,-1.0593,0.21033,0.70767,-0.97658,0.54818,0.16362,-1.8512,8.2677,3.6642,-0.14471,-0.46833,0.00053,-0.47122,-0.73113,-0.60342,-0.037048,-1.7209,9.1077,-0.15653,-0.017862,0.10739,-0.46637,0.56895,-0.68864,-9.4049,5.6396,0.0603,-0.87765,-0.33585,2.7223,0.51761,-0.5087,0.2617,-12.279,-9.3248,0.44977,0.4453,-0.1594,2.4811,0.57153,0.39351,-0.40148
7.418,-2.5472,0.90975,-1.7841,-0.66635,0.63638,-0.95928,0.55661,0.20906,-1.6229,9.1281,3.2029,-0.27868,-0.28318,-0.09149,-0.48309,-0.72865,-0.60308,0.50465,-2.185,9.1582,0.016635,0.030951,0.39925,-0.4588,0.57641,-0.68809,-6.5911,2.2114,1.1409,-0.74279,-0.27162,2.3161,0.48912,-0.56039,0.23574,-11.481,-12.305,1.3815,0.16002,0.10278,1.8682,0.58732,0.35085,-0.41933
9.5704,-6.0838,1.0374,-2.1793,-0.42192,0.37133,-0.94978,0.54998,0.26752,-1.3989,9.2812,3.6303,-0.07675,0.060373,0.01723,-0.48527,-0.7263,-0.60479,0.39028,-2.3596,9.3306,0.063194,0.063869,0.60068,-0.44843,0.58003,-0.68916,-1.8253,-2.0606,1.4214,-0.38447,-0.031957,1.5633,0.46962,-0.59441,0.21823,-9.8878,-16.803,-0.54598,0.26228,0.015239,0.60417,0.59727,0.32602,-0.4307
10.267,-5.6272,0.31448,-0.07506,-0.28863,-0.044011,-0.94259,0.53819,0.30231,-1.8593,9.064,3.4247,0.16629,0.35691,0.017582,-0.47927,-0.72514,-0.60809,0.40772,-3.0511,10.267,0.23498,-0.088489,0.49804,-0.4374,0.58378,-0.69234,1.9619,-3.6644,1.1616,-0.091222,0.49502,0.44939,0.45518,-0.61454,0.21604,-8.7871,-12.098,-1.5008,-0.36336,0.029546,-0.50018,0.60046,0.32686,-0.43405
9.1533,-4.1293,-1.5494,0.55374,-0.27096,-0.5085,-0.94127,0.53478,0.29945,-2.0926,8.7625,3.6236,0.1113,0.47295,-0.048112,-0.46496,-0.72861,-0.61369,0.27123,-2.8043,9.8207,0.15049,-0.21557,0.28483,-0.43516,0.58434,-0.69275,1.3705,-2.0611,0.99041,0.45995,0.53165,-0.91768,0.45435,-0.60911,0.22798,-8.2999,-11.455,-2.3126,-1.0047,0.16634,-0.87782,0.60026,0.35371,-0.41752
8.8013,-2.3523,-0.58554,0.47173,0.22508,-0.47601,-0.948,0.51695,0.30492,-2.415,8.5684,3.6596,0.052416,0.41222,-0.11917,-0.44305,-0.72978,-0.6215,0.33041,-3.0102,9.434,0.01642,-0.19464,0.047147,-0.43283,0.58413,-0.69388,-1.0515,1.2585,1.1182,1.4357,0.42985,-1.8564,0.46659,-0.57573,0.26182,-8.2594,-9.5724,-2.4861,-0.72497,0.28299,-1.1845,0.59747,0.39329,-0.39074
8.9709,-1.7904,1.195,1.7826,0.39047,-0.88885,-0.96617,0.50972,0.26824,-2.1785,8.5471,4.0279,0.15912,0.33083,-0.11154,-0.42726,-0.73098,-0.62539,0.23571,-3.0724,9.1744,-0.07767,-0.082196,-0.14882,-0.43716,0.58429,-0.69247,-4.9763,3.239,0.84963,1.6035,-0.028318,-2.5191,0.48937,-0.51948,0.30418,-9.0377,-9.0226,-2.7219,0.29641,0.60206,-1.2921,0.59231,0.42083,-0.36764
10.572,-1.868,4.452,0.97504,0.51229,-0.45241,-0.98506,0.50664,0.22042,-2.6604,8.9026,3.7301,0.23073,0.15449,-0.050869,-0.42023,-0.73621,-0.62039,0.3265,-2.2189,9.5424,-0.057202,-0.0602,-0.28643,-0.44762,0.5835,-0.6906,-9.0758,5.2092,-0.7279,0.89222,-0.3161,-2.7907,0.52189,-0.4591,0.32484,-9.7706,-8.7155,-1.9939,0.46553,0.6487,-1.5922,0.58649,0.44041,-0.3497
10.546,-2.9478,4.0643,0.33199,0.15132,-0.41896,-0.9943,0.49931,0.20411,-2.5905,9.107,3.5808,0.15473,-0.09021,0.042744,-0.42236,-0.73793,-0.61481,0.20626,-1.991,10.045,-0.10292,-0.19782,-0.31682,-0.45893,0.58042,-0.68808,-11.737,6.5082,-1.8331,-0.3326,-0.45784,-3.1409,0.55838,-0.39953,0.31468,-9.8606,-9.0605,-1.4809,0.3916,0.63083,-2.1474,0.56973,0.4725,-0.33789
9.3217,-2.8706,2.0113,0.64885,0.2109,-0.70901,-1.0024,0.48359,0.19323,-2.2495,8.6178,3.4641,0.1238,-0.17849,0.040739,-0.42824,-0.74018,-0.60941,0.41934,-2.6185,10.054,0.03707,-0.43805,-0.29242,-0.47497,0.57711,-0.68454,-13.577,8.6512,-1.3472,-0.92096,-0.18665,-2.9109,0.58943,-0.34156,0.29149,-8.7506,-8.5222,-0.93773,0.27274,0.66317,-2.5002,0.54415,0.51237,-0.32584
8.1289,-1.1289,2.3643,1.2982,0.18048,-0.76276,-1.0167,0.46415,0.16452,-2.246,8.6462,3.1094,0.14061,-0.19597,-0.14445,-0.43524,-0.74541,-0.59886,0.73347,-2.1136,9.2631,0.16174,-0.48092,-0.23216,-0.49596,0.56985,-0.67964,-13.421,11.022,0.31888,-0.66146,0.11098,-2.2358,0.61159,-0.28701,0.27064,-8.03,-7.6292,-0.93809,0.36721,0.58999,-2.4922,0.5151,0.54755,-0.32227
7.9951,0.32613,1.8579,0.48635,-0.29372,-0.5703,-1.0193,0.45365,0.15342,-1.8748,8.6857,2.9515,0.024175,-0.080811,-0.34644,-0.43288,-0.75054,-0.59425,1.1889,-1.6241,8.572,0.15685,-0.30825,-0.092962,-0.51023,0.56444,-0.67859,-11.571,13.411,1.2312,-0.32391,0.059151,-1.4504,0.61989,-0.25187,0.25883,-8.1659,-4.4055,0.20382,0.61081,0.48429,-2.2684,0.48194,0.57711,-0.32519
8.6687,1.9626,0.66505,0.10937,-0.024579,-0.61204,-1.0212,0.43146,0.15671,-2.1939,9.0519,2.9512,0.16458,0.18694,-0.42354,-0.42432,-0.75415,-0.59178,0.93844,-2.0871,8.8844,0.22133,-0.10308,0.009862,-0.51734,0.5616,-0.67749,-9.5013,14.597,1.159,-0.11481,0.12012,-0.44209,0.62105,-0.23937,0.25169,-4.749,0.33415,0.99896,0.79754,0.16691,-1.4677,0.46182,0.59913,-0.33575
9.9265,0.14354,1.0283,-0.55371,-0.20934,0.11479,-1.0233,0.42446,0.16414,-2.3551,9.409,3.2896,0.20511,0.27988,-0.28996,-0.40787,-0.76118,-0.58934,1.4401,-2.2391,9.5352,0.26549,0.046291,0.014749,-0.51622,0.55577,-0.68028,-9.8463,11.681,0.45,0.32466,0.11309,0.36731,0.62033,-0.23807,0.25452,-0.72926,2.8078,1.7384,0.49373,0.27873,-0.66038,0.45344,0.60517,-0.34801
10.538,-2.2447,2.3678,0.07965,-0.25437,-0.28629,-1.0266,0.41928,0.17659,-3.0105,9.4422,3.4534,0.13969,0.22105,-0.032864,-0.39623,-0.76413,-0.58684,0.64561,-2.0013,9.2011,-0.098213,0.20093,-0.091528,-0.51389,0.55159,-0.68393,-10.295,8.697,-0.216,0.34386,0.046543,0.75182,0.61703,-0.24807,0.26403,0.34719,1.7435,1.3055,0.21188,-0.04615,0.30369,0.4497,0.60623,-0.3537
10.814,-0.88219,1.961,0.57399,0.063413,0.15812,-1.0303,0.41616,0.17954,-2.5088,9.0406,3.7754,0.020567,0.044179,0.13439,-0.39047,-0.76573,-0.58804,1.4211,-2.5863,9.5849,-0.09138,0.24982,-0.12306,-0.50598,0.55338,-0.68672,-9.3569,9.0026,-0.66264,0.33936,0.11675,1.1732,0.61076,-0.26939,0.27708,-1.5455,-1.3709,1.5415,-0.61686,-0.33453,1.316,0.45726,0.59165,-0.35609
9.9289,0.047186,2.9003,0.43596,0.069002,0.23268,-1.0258,0.42874,0.16895,-2.9532,9.04,3.4179,-0.00751,-0.11207,0.15415,-0.39326,-0.76468,-0.58938,0.82532,-1.9816,9.849,-0.032057,0.226,-0.19204,-0.50416,0.55102,-0.69045,-9.5775,8.4012,-0.52387,0.25384,0.1973,1.5628,0.59902,-0.30083,0.28989,-4.7985,-2.3096,0.89388,-0.97897,-0.64949,2.1936,0.47324,0.57834,-0.34266
10.082,1.1341,3.1175,0.29173,0.1935,0.20465,-1.0238,0.43961,0.15575,-2.9118,8.8421,3.2326,-0.18859,-0.36604,0.18627,-0.40547,-0.75941,-0.58756,0.92543,-2.0499,9.7539,-0.16438,0.20054,-0.21784,-0.50234,0.55017,-0.68933,-10.062,8.5314,0.16399,-0.077232,0.007169,1.8801,0.58768,-0.33151,0.29934,-7.9358,-5.3006,-0.48199,-0.73654,-0.83387,2.727,0.49712,0.55593,-0.32775
9.9917,1.9096,2.0326,-0.6769,0.26809,0.69362,-1.0173,0.45509,0.15188,-2.3873,8.8483,3.4351,-0.22602,-0.43822,0.20408,-0.42115,-0.75353,-0.5902,0.3728,-2.2605,9.6171,-0.12408,0.18579,-0.17737,-0.49872,0.55327,-0.68973,-9.2414,8.6254,-0.029693,-0.4664,-0.17388,2.1841,0.5706,-0.38023,0.29905,-10.499,-6.3344,-0.48327,0.23102,-1.0081,2.806,0.52452,0.50928,-0.34147
9.0119,-0.36533,2.3013,-1.5023,0.21609,0.96615,-1.005,0.47608,0.16622,-2.198,9.1716,3.2555,-0.19707,-0.45358,0.25896,-0.43963,-0.74737,-0.58978,0.47409,-1.6418,9.5835,-0.096999,0.13137,-0.10935,-0.49507,0.55558,-0.68961,-9.5124,8.8362,-0.47052,-0.74118,-0.25601,2.4306,0.55103,-0.43129,0.29057,-12.213,-8.6435,-2.2217,0.83771,-0.60791,2.7764,0.54815,0.4456,-0.37532
8.6038,-3.1483,2.4965,-0.91123,0.18734,0.80827,-0.99406,0.49946,0.18343,-2.0745,8.8368,3.3057,-0.16785,-0.30017,0.22306,-0.45732,-0.74134,-0.59383,0.31351,-1.7575,9.539,-0.040323,0.11144,0.083147,-0.48933,0.55744,-0.6905,-9.3174,7.3808,-0.17992,-0.9157,-0.33933,2.7368,0.51974,-0.49634,0.27154,-11.96,-9.8997,-2.2208,0.31551,-0.30757,2.4857,0.57483,0.37719,-0.4045
8.445,-3.2684,3.2256,-0.86701,-0.000309,0.58572,-0.98405,0.51201,0.192,-1.6123,8.7502,3.1527,-0.020837,-0.069831,0.092425,-0.4669,-0.73863,-0.59646,0.70385,-1.8656,9.2094,0.016252,0.18088,0.36166,-0.47985,0.55993,-0.69184,-7.0754,4.2549,-0.1915,-0.8296,-0.2862,2.417,0.4884,-0.54827,0.2461,-10.543,-13.161,-2.7286,0.1306,0.20774,1.8794,0.59135,0.33309,-0.42178
9.0201,-3.2415,2.7452,-0.53437,-0.70835,0.071242,-0.97248,0.51722,0.21977,-1.7856,8.636,3.1972,-0.04666,0.12848,-0.066406,-0.46376,-0.73875,-0.60042,0.31983,-3.168,10.698,-0.005276,0.074767,0.45389,-0.46951,0.56524,-0.69359,-4.5218,0.080621,-0.2707,-0.5274,-0.034789,1.756,0.46629,-0.58402,0.22795,-9.3638,-15.811,-2.7532,0.84849,0.5528,0.66752,0.60021,0.30247,-0.43097
9.1737,-2.7868,1.7422,0.20145,-0.74747,-0.53772,-0.96868,0.50106,0.25072,-2.8427,8.1021,2.8505,0.085663,0.23969,-0.038715,-0.45596,-0.73808,-0.604,0.31858,-2.0447,9.8913,-0.28065,-0.013862,0.48708,-0.45919,0.5766,-0.69326,-0.44836,-2.8623,0.74467,-0.4317,0.17116,0.82676,0.4528,-0.60881,0.21709,-9.339,-12.09,1.1793,-0.26556,0.38632,-0.16037,0.60779,0.29723,-0.42231
9.3529,-1.5476,0.84139,0.70604,-0.28028,-0.65759,-0.97338,0.48371,0.26187,-2.5496,8.598,3.0636,0.28559,0.38237,-0.17286,-0.44837,-0.742,-0.60016,0.19216,-1.5706,8.6245,-0.32803,-0.10246,0.3385,-0.45324,0.59233,-0.68737,3.2062,-4.21,1.8849,0.34005,0.5031,-0.33773,0.44492,-0.61555,0.21934,-8.9454,-8.7993,-0.4786,-0.2045,0.22534,-0.68201,0.60916,0.31194,-0.40828
9.3913,0.40734,0.97376,0.071674,-0.059033,-0.74688,-0.98121,0.46057,0.25399,-2.3476,9.3309,3.8895,0.15659,0.34396,-0.2332,-0.43232,-0.74896,-0.59567,0.072568,-3.1981,9.3013,0.16996,-0.15838,0.12856,-0.44816,0.59792,-0.68376,1.6331,-0.11712,2.6516,1.0672,0.81468,-1.7235,0.44707,-0.59252,0.25053,-9.4986,-8.1396,-0.4264,-0.75416,0.44074,-0.83638,0.61067,0.33742,-0.38308
9.1073,-0.34912,-0.10764,-1.5853,-0.3814,-0.26269,-0.98273,0.43188,0.28442,-1.5219,9.1581,4.0056,0.13955,0.21424,-0.23185,-0.42168,-0.75628,-0.59341,1.2996,-2.5778,9.2895,0.26036,-0.13248,0.063768,-0.45317,0.58927,-0.69092,-4.8982,3.2331,2.3442,1.7018,0.41879,-2.4435,0.46887,-0.53912,0.29793,-7.8993,-10.539,-0.06221,-0.58754,0.35945,-1.2269,0.61008,0.36994,-0.35452
10.765,-3.6087,-1.5785,0.82734,0.38623,-0.16787,-0.98684,0.42188,0.2894,-2.5671,8.9699,3.8477,0.151,0.11544,-0.18377,-0.41382,-0.76224,-0.58977,0.276,-2.7071,9.7457,0.22525,-0.15176,-0.049669,-0.4577,0.58644,-0.68857,-9.41,5.561,0.91558,1.2491,-0.20002,-2.6203,0.49557,-0.483,0.32875,-8.9169,-9.3805,-0.92791,-0.41947,0.29798,-1.9156,0.60193,0.40599,-0.33471
9.8754,-3.7365,2.5396,2.7321,0.8648,-0.88586,-1.0064,0.42536,0.23231,-2.8003,8.8917,3.0002,0.014906,-0.1395,-0.16274,-0.40885,-0.76589,-0.58672,0.71861,-2.075,9.4627,0.19945,-0.13738,-0.18372,-0.46487,0.57798,-0.69371,-10.46,5.9291,-0.22381,0.12777,-0.67705,-2.7595,0.53348,-0.42601,0.3257,-9.9496,-8.778,-0.95868,-0.35342,0.34449,-1.9901,0.58482,0.45201,-0.3126
9.9911,-0.57161,3.7622,1.1993,0.34418,-0.55904,-1.0254,0.41888,0.18198,-2.8557,8.4141,3.4934,0.031216,-0.10696,-0.16276,-0.40682,-0.76567,-0.58494,0.49571,-2.8291,9.5115,0.05648,-0.17186,-0.20705,-0.47248,0.57051,-0.69264,-10.733,6.1363,-1.6325,-0.42217,-0.50829,-2.9896,0.57008,-0.37032,0.30343,-9.9057,-9.586,-0.67624,0.35074,0.2305,-2.3019,0.56259,0.49231,-0.30164
8.9059,-0.63196,2.5002,0.046926,0.2151,-0.58029,-1.0291,0.40744,0.17285,-2.4715,8.7892,3.1281,0.12682,-0.060392,-0.20054,-0.40395,-0.77169,-0.58054,0.85974,-1.9324,9.4037,0.24421,-0.15216,-0.2755,-0.48265,0.56009,-0.69764,-14.995,9.9065,-1.5872,-0.12243,0.079108,-2.5001,0.60306,-0.30245,0.29086,-9.7531,-8.5602,0.57668,1.0736,-0.4007,-2.6626,0.52656,0.5293,-0.31906
8.6461,0.89138,1.8441,0.22917,-0.010857,-0.68487,-1.0347,0.38709,0.16583,-2.9317,8.7652,3.0863,0.095992,0.034273,-0.28256,-0.39705,-0.77744,-0.57568,0.72254,-1.4629,9.3274,0.11979,-0.1162,-0.21904,-0.49373,0.55111,-0.70046,-12.747,11.556,-1.0411,0.079334,-0.24045,-1.857,0.61979,-0.25164,0.27667,-7.66,-4.7176,-3.0829,0.89521,-0.074827,-2.4078,0.48581,0.55278,-0.35803
8.9627,2.679,0.62717,-0.03421,-0.11976,-0.15031,-1.0373,0.37639,0.16261,-2.7363,8.7366,2.9804,0.20261,0.11693,-0.3221,-0.38964,-0.78165,-0.57055,0.90406,-2.1924,9.3917,0.14931,0.006226,-0.098658,-0.49808,0.54649,-0.69955,-9.9774,13.388,-0.7474,0.13406,-0.17966,-0.95803,0.62542,-0.22571,0.26306,-5.2219,0.054543,0.41499,-0.36533,0.35158,-1.7881,0.46386,0.58129,-0.36177
9.6725,1.4877,0.71434,-0.61794,-0.06092,0.056609,-1.0349,0.37419,0.17232,-3.2663,9.1878,2.9355,0.12164,0.065638,-0.22659,-0.38028,-0.78585,-0.56519,0.87682,-1.8617,9.2413,0.006651,0.11753,-0.11093,-0.49819,0.54251,-0.70183,-10.715,14.978,0.36894,-0.36446,-0.20358,-0.061327,0.62734,-0.21682,0.2531,-2.1397,1.8457,1.0546,-0.32176,0.29671,-1.014,0.44862,0.60725,-0.35204
10.502,0.44239,1.0943,-0.3886,-0.33416,0.10376,-1.0355,0.37215,0.18646,-2.7702,9.2243,3.4004,-0.012757,-1.3e-05,0.025022,-0.37613,-0.78711,-0.56507,0.7825,-2.3228,9.3482,-0.098209,0.18615,-0.13218,-0.49555,0.54127,-0.70429,-9.0748,9.7795,0.34003,-0.16638,-0.21926,0.62396,0.63068,-0.23086,0.24234,-0.74867,0.85512,0.47778,-0.1158,0.17506,-0.23258,0.44305,0.62232,-0.34219
10.232,-0.028319,0.78333,-0.13249,0.22733,0.42631,-1.029,0.38169,0.19838,-2.8319,9.3433,3.3617,-0.046903,-0.069272,0.18499,-0.37687,-0.7847,-0.56864,0.78849,-1.5896,9.3917,-0.03956,0.27392,-0.13363,-0.48773,0.53906,-0.70634,-8.6521,8.4635,-0.34749,0.52578,0.061378,0.97518,0.62544,-0.24892,0.24831,-1.5011,-1.5942,1.2503,-0.29176,-0.14013,0.68244,0.44577,0.62686,-0.33321
9.9637,-0.64102,2.6425,0.58205,0.40223,0.37368,-1.0293,0.39815,0.17891,-3.2213,9.1431,3.1592,-0.080054,-0.15197,0.23097,-0.3825,-0.78066,-0.57198,0.57143,-1.7889,10.023,-0.10907,0.27401,-0.14263,-0.48302,0.5384,-0.7101,-9.8019,8.2056,-0.74544,0.36235,0.31315,1.2451,0.6173,-0.27215,0.26518,-2.5965,-2.244,0.5428,-0.7132,-0.61492,1.5844,0.45734,0.61878,-0.32477
10.052,0.00305,4.4379,0.95908,-0.23394,0.34513,-1.0285,0.41458,0.16014,-3.475,8.7555,3.1024,-0.15539,-0.23273,0.29063,-0.39178,-0.77586,-0.57568,0.31374,-2.1835,10.128,-0.12738,0.17288,-0.11118,-0.47674,0.53829,-0.71027,-10.629,9.5056,-0.35834,-0.18727,0.3295,1.6461,0.60645,-0.3038,0.27974,-5.2519,-3.6607,-0.92527,-0.81846,-0.92056,2.1745,0.47301,0.60095,-0.31998
10.485,1.3731,3.6816,0.41425,-0.13278,0.39051,-1.0219,0.43355,0.16067,-2.8824,8.7793,3.1839,-0.16434,-0.29135,0.34297,-0.40871,-0.77039,-0.57773,0.15707,-1.5068,9.6154,-0.065729,0.058312,-0.065387,-0.47652,0.53958,-0.71093,-9.5919,8.3535,-0.03614,-0.665,0.10453,2.1031,0.58888,-0.35183,0.28451,-8.6582,-6.367,-2.1854,-0.29335,-0.83279,2.5517,0.4975,0.56819,-0.32044
10.107,1.3439,2.4625,-0.87375,0.33409,0.62194,-1.0146,0.45007,0.16083,-2.697,8.6591,2.9609,-0.2098,-0.3919,0.34904,-0.42703,-0.7629,-0.57887,0.29333,-1.503,9.8179,-0.069518,-0.060165,0.035083,-0.47768,0.54374,-0.70897,-8.9952,8.6843,0.33561,-0.82905,-0.067854,2.4284,0.56536,-0.40828,0.28146,-10.893,-8.115,-1.3239,0.82846,-0.73842,2.5515,0.52539,0.51574,-0.34473
8.9276,0.42322,1.6418,-1.7981,0.683,0.81051,-1.0049,0.46388,0.16551,-2.0592,8.8844,3.481,-0.21504,-0.35652,0.34498,-0.44883,-0.75498,-0.58228,0.5568,-1.6572,9.7659,0.060866,-0.1339,0.20471,-0.47658,0.54523,-0.70695,-9.5289,7.7536,0.010794,-0.90147,-0.11585,2.5823,0.53404,-0.47219,0.26907,-9.6655,-8.1454,-2.8198,0.64225,-0.54154,2.5844,0.55547,0.45156,-0.37374
8.3925,-1.9697,2.7413,-1.0911,0.44213,0.79146,-0.99656,0.48167,0.16598,-2.1425,8.6066,3.2751,-0.14495,-0.20279,0.24913,-0.46388,-0.74793,-0.58516,0.47696,-1.8359,9.472,0.11607,-0.06372,0.29497,-0.4721,0.54688,-0.70789,-8.637,5.7788,-0.22453,-0.7042,-0.039969,2.4588,0.50133,-0.52183,0.2538,-10.388,-10.4,-2.2106,0.37613,-0.068369,2.5371,0.57724,0.39246,-0.39414
8.5102,-2.7598,1.8716,0.047593,-0.3479,0.42335,-0.98823,0.49344,0.18037,-1.7413,8.8001,3.3659,-0.15432,-0.089285,0.18055,-0.47728,-0.74336,-0.58637,0.77766,-2.3373,9.3312,0.004143,0.068633,0.35344,-0.46592,0.55,-0.70741,-6.6386,2.3274,0.25453,-0.68922,-0.023512,2.2561,0.47351,-0.56131,0.23866,-12.164,-16.03,-0.418,0.42052,0.1151,1.6619,0.5932,0.34718,-0.41208
8.8682,-2.5049,2.249,-0.51678,-0.4819,0.27547,-0.97892,0.50079,0.20069,-1.967,8.8781,3.2823,-0.052265,0.10192,0.13446,-0.48046,-0.73815,-0.58935,0.11473,-2.2173,9.2898,-0.003356,0.14973,0.28101,-0.45393,0.55563,-0.70896,-3.1231,-0.91145,1.5741,-0.53736,0.002259,1.4261,0.4502,-0.59519,0.22553,-9.7454,-12.111,-0.91939,0.49825,0.18423,0.41271,0.60252,0.31867,-0.42367
9.0795,-2.848,0.5399,-0.42062,-0.27566,0.086774,-0.97216,0.50228,0.22523,-1.7807,8.9043,3.3759,0.059886,0.20389,0.086103,-0.47931,-0.73589,-0.59165,0.36013,-2.122,9.7346,-0.070574,0.14979,0.16619,-0.44441,0.5594,-0.71053,1.9059,-2.6476,1.8571,-0.45666,0.069447,0.31075,0.44275,-0.61353,0.21051,-8.6313,-9.0395,-0.57853,-1.039,0.21369,-0.30571,0.60658,0.32584,-0.4139
9.7093,-2.2291,0.12344,-0.056433,-0.02487,-0.085199,-0.97013,0.50024,0.2384,-1.6277,8.6006,3.4872,0.093571,0.30567,0.007216,-0.46998,-0.73776,-0.596,0.17308,-2.5293,9.8928,-0.063232,0.038162,-0.003697,-0.43949,0.56386,-0.71015,1.6936,-0.61602,1.8506,0.41418,0.73239,-0.78712,0.43891,-0.60908,0.21892,-9.2155,-8.8492,-0.79706,-1.2084,0.33883,-0.56289,0.61008,0.356,-0.38054
9.8715,-2.4392,0.45904,0.35474,0.011028,-0.28723,-0.97308,0.4963,0.23271,-1.8485,8.8889,3.5407,0.12529,0.37366,-0.091381,-0.45748,-0.7408,-0.59913,0.30906,-2.4238,10.226,-0.021661,-0.093496,-0.10986,-0.4399,0.56476,-0.70844,-1.7653,2.0656,1.133,1.0922,0.71239,-1.7431,0.44929,-0.58013,0.25243,-9.2501,-11.681,-0.64839,-0.52389,0.34425,-1.1261,0.60937,0.38487,-0.35442
9.496,-2.5512,1.4403,1.0778,0.27648,-0.52631,-0.98107,0.48803,0.21738,-2.373,9.0058,3.4481,0.12715,0.32008,-0.14333,-0.44488,-0.74095,-0.59986,0.41114,-2.0885,9.8497,-0.009493,-0.18957,-0.1718,-0.44987,0.56344,-0.70666,-4.9765,3.3953,1.1421,1.1967,0.39488,-2.262,0.46762,-0.54111,0.28667,-8.025,-9.1312,-0.80011,0.03537,0.15738,-1.5418,0.60087,0.41599,-0.34193
9.6152,-2.0226,2.4219,1.1652,0.52999,-0.58557,-0.99655,0.4805,0.18107,-2.4113,8.9468,3.6128,0.090372,0.25159,-0.09361,-0.43095,-0.74437,-0.6029,0.26034,-2.1554,9.6774,0.060346,-0.22183,-0.1789,-0.45944,0.55965,-0.70453,-7.7007,4.3083,0.81624,0.83301,-0.16688,-2.5992,0.49627,-0.48945,0.30665,-9.2467,-9.3481,-1.2322,0.16317,0.18209,-1.9095,0.58504,0.45049,-0.33515
9.4959,-1.6174,3.2145,0.81697,0.24527,-0.62674,-1.0099,0.46638,0.15023,-2.4221,8.6872,3.1668,0.078172,0.1705,-0.077985,-0.42228,-0.74528,-0.60499,0.62059,-1.8704,9.5263,0.097474,-0.28954,-0.20182,-0.47159,0.55468,-0.70363,-10.091,5.3976,-0.11828,0.18757,-0.3041,-2.7738,0.53001,-0.43561,0.30758,-9.8463,-9.3588,-1.6458,0.1233,0.33004,-2.1271,0.5651,0.48822,-0.32776
9.3484,-1.3121,3.1258,0.81822,0.11402,-0.65263,-1.0262,0.45161,0.12595,-2.3184,8.4396,3.232,0.079153,0.13662,-0.11198,-0.41093,-0.7484,-0.6056,0.51372,-2.186,9.7649,0.15147,-0.39115,-0.17466,-0.48643,0.54798,-0.70132,-12.489,6.627,-0.46039,-0.15167,-0.05785,-2.8609,0.56749,-0.36753,0.30473,-9.3057,-8.6898,-1.4257,0.25244,0.30491,-2.4082,0.53897,0.52669,-0.32165
9.3358,-0.68325,3.3536,1.0486,0.074848,-0.79347,-1.0377,0.43228,0.10669,-2.8134,8.5563,3.1614,0.16522,0.06863,-0.18337,-0.40245,-0.75191,-0.60198,0.89815,-1.7212,9.4839,0.16661,-0.39529,-0.089703,-0.50256,0.54005,-0.69966,-13.908,7.9356,-0.90297,-0.20036,-0.025246,-2.5904,0.59142,-0.31274,0.294,-8.2546,-7.4182,-1.1654,0.56905,0.079125,-2.4481,0.50189,0.56542,-0.32962
9.0592,0.67532,3.1813,0.72099,0.21291,-0.68689,-1.0447,0.41153,0.095886,-2.5334,8.8691,3.6336,0.10459,0.040703,-0.25316,-0.39782,-0.75457,-0.59794,1.1956,-1.6931,9.2581,0.20591,-0.3413,-0.051479,-0.51398,0.53234,-0.6994,-13.328,11.766,0.15488,0.24197,-0.009718,-1.895,0.60478,-0.27086,0.27758,-6.9925,-5.085,-1.4516,0.55435,0.078425,-2.2868,0.47008,0.59536,-0.34479
8.7443,1.5619,2.5431,-0.26706,-0.07174,-0.33867,-1.0495,0.39537,0.090745,-2.8179,8.6236,3.2953,0.10299,-0.008342,-0.30152,-0.39298,-0.76014,-0.59525,1.3514,-1.5967,9.2001,0.17327,-0.20298,-0.036165,-0.52286,0.52685,-0.69844,-11.24,14.072,1.1249,0.13242,-0.34624,-0.85205,0.61419,-0.23945,0.26496,-5.1352,-1.3623,-0.39417,0.12455,0.39148,-1.6805,0.44436,0.61953,-0.352
9.1581,1.7856,1.354,-1.07,-0.25103,0.078688,-1.0455,0.38904,0.10989,-3.0845,9.5735,3.3953,0.068976,-0.09574,-0.19313,-0.38847,-0.76376,-0.58874,1.5659,-1.5171,8.9233,0.013956,0.046933,-0.026047,-0.52553,0.52554,-0.69905,-9.8114,13.599,0.85406,0.2816,-0.31401,0.070125,0.61924,-0.23033,0.2511,-1.241,1.9924,0.62194,0.025945,0.49713,-0.90625,0.43057,0.63641,-0.35104
9.4179,1.1641,0.62823,-0.89902,-0.40448,0.17166,-1.0396,0.38613,0.13549,-2.6976,9.4331,3.3387,-0.094858,-0.20308,0.029991,-0.39325,-0.76411,-0.58668,0.98391,-1.6237,8.9063,-0.087723,0.26584,-0.043555,-0.52117,0.52375,-0.7016,-9.4357,10.063,0.29525,0.56574,-0.18314,0.64032,0.61808,-0.23025,0.25626,-0.61368,0.85386,0.65935,-0.041427,0.36648,-0.08502,0.42549,0.64276,-0.34881
9.8347,0.80693,0.1889,-0.37688,-0.060628,0.50195,-1.0332,0.39672,0.15128,-2.2976,9.248,3.4934,-0.11184,-0.18077,0.14767,-0.39949,-0.7626,-0.5873,1.1961,-1.9071,9.2812,-0.17396,0.44434,-0.071523,-0.5106,0.52724,-0.70379,-9.0695,8.0888,-0.80563,0.59337,0.04827,0.98383,0.61761,-0.24276,0.26356,-1.6226,-1.8431,-0.037306,-0.097866,-0.083136,0.93112,0.43229,0.6374,-0.34189
9.9502,-0.50626,2.315,0.46953,0.25217,0.70977,-1.0256,0.41905,0.15075,-2.5656,8.9767,2.9729,-0.12264,-0.14491,0.20299,-0.4082,-0.75872,-0.59017,0.51787,-1.6179,9.6277,-0.19679,0.47537,-0.13878,-0.49863,0.52888,-0.70573,-10.21,9.1043,-0.82215,0.53238,0.33433,1.3496,0.61206,-0.26652,0.27679,-3.0184,-2.8643,-0.94515,-0.30055,-0.41259,1.7088,0.44845,0.6253,-0.33125
10.213,-0.81122,3.9563,1.4126,0.029154,0.28895,-1.0247,0.44145,0.12994,-2.6584,8.6792,2.8203,-0.026549,-0.065143,0.24524,-0.41508,-0.75483,-0.59281,0.74726,-2.1082,10.2,-0.20828,0.38663,-0.18313,-0.48717,0.53337,-0.70778,-11.04,8.0926,-0.004919,-0.14823,-0.006569,1.7141,0.60222,-0.30049,0.28826,-5.9578,-4.748,-0.92519,-0.51262,-0.58235,2.2586,0.47332,0.60034,-0.32497
10.34,1.0685,4.1859,0.25478,0.25627,0.4397,-1.0237,0.45758,0.10812,-2.6674,9.0043,3.2591,-0.119,-0.038319,0.27465,-0.42228,-0.7499,-0.59627,0.50289,-1.6722,10.139,-0.26755,0.2323,-0.15704,-0.48113,0.53779,-0.70747,-9.8968,8.2012,0.21299,-0.47843,-0.064534,2.1328,0.58901,-0.34679,0.28632,-8.4658,-4.5007,0.049084,-0.15428,-0.62184,2.6856,0.50276,0.56132,-0.32384
9.7449,0.8392,3.4338,-1.4951,0.13519,0.83991,-1.0093,0.48515,0.10635,-2.5712,8.9914,3.4298,-0.094844,-0.051726,0.36332,-0.43266,-0.74238,-0.60084,0.49349,-1.8707,9.9889,-0.25305,0.074857,-0.065512,-0.478,0.5437,-0.70616,-9.4692,8.1551,0.89686,-0.57164,-0.12598,2.5224,0.56349,-0.40767,0.28971,-10.409,-6.2099,0.11624,0.55521,-0.75796,2.9733,0.53296,0.49539,-0.34609
9.0442,0.02089,1.9833,-2.1311,0.054799,0.84196,-0.99274,0.50249,0.14076,-2.0985,9.0634,3.5691,-0.098816,-0.067299,0.39093,-0.44619,-0.73544,-0.60403,0.094088,-1.761,9.5311,-0.2176,-0.030977,0.041966,-0.47478,0.54985,-0.69952,-8.6009,7.6202,0.49474,-0.55073,-0.33056,2.6999,0.53742,-0.46427,0.27768,-11.927,-8.995,-0.33527,1.0588,-0.52601,2.8948,0.55914,0.4261,-0.38055
8.8717,-2.1316,1.5054,-1.5853,-0.12878,0.96467,-0.97703,0.51465,0.18652,-1.9018,8.7867,3.6225,-0.12231,-0.099926,0.39362,-0.45929,-0.72871,-0.60423,0.49435,-2.0248,9.3021,-0.051097,-0.094194,0.15075,-0.47502,0.5541,-0.69689,-7.6707,6.5764,-0.093142,-0.52078,-0.23607,2.6192,0.51211,-0.51629,0.25903,-12.065,-11.327,0.14169,0.50395,-0.25671,2.4025,0.57783,0.36937,-0.40479
8.4443,-4.3579,1.4802,-0.63271,-0.042773,0.65814,-0.96459,0.53133,0.20837,-1.8257,8.8831,3.7303,-0.18903,-0.18219,0.3742,-0.47305,-0.72043,-0.60926,0.69202,-2.108,9.1306,-0.09467,-0.016262,0.22598,-0.47196,0.55888,-0.69586,-5.8314,3.3885,-0.000203,-0.37244,-0.28496,2.2484,0.48269,-0.55908,0.24394,-10.457,-12.933,0.27658,-0.19516,-0.12315,1.5433,0.59034,0.32983,-0.42532
8.834,-3.5044,2.1826,-0.86683,-0.14355,0.61459,-0.95453,0.54179,0.2279,-1.6649,8.6731,4.0317,-0.17083,-0.17368,0.34387,-0.48588,-0.71377,-0.6115,0.60235,-2.4477,9.2427,-0.037197,0.11131,0.28631,-0.46503,0.56262,-0.69561,-3.5898,0.30811,-0.13188,-0.39825,-0.099921,1.4857,0.46306,-0.59174,0.22746,-8.9384,-13.092,-1.2819,-0.63513,0.067245,0.5175,0.60084,0.31621,-0.42895
8.5393,-3.5702,0.68778,-0.73277,-0.24106,0.52935,-0.93914,0.55341,0.2551,-1.4272,8.9898,3.7138,-0.16716,-0.15314,0.25154,-0.49887,-0.70805,-0.61219,0.6507,-2.2977,9.3826,-0.00749,0.2208,0.22124,-0.45533,0.56475,-0.7002,0.50017,-1.6287,0.62763,-0.4739,-0.011722,0.52667,0.44769,-0.61718,0.21052,-9.3259,-11.542,-1.8969,-1.0032,0.088152,-0.4184,0.60427,0.3242,-0.42397
8.8536,-3.3647,0.54229,-0.22211,-0.17923,0.17232,-0.92895,0.55771,0.26921,-1.3867,8.6837,3.8414,-0.11429,-0.096313,0.091324,-0.50735,-0.7039,-0.61557,0.13917,-2.6798,9.9585,-0.081133,0.21826,0.07258,-0.44737,0.56627,-0.70184,2.3226,-1.4729,0.95668,0.13534,0.48507,-0.55605,0.44699,-0.61842,0.20984,-9.4567,-9.1956,-1.833,-0.8224,0.2781,-0.80563,0.60571,0.35325,-0.40281
9.3556,-2.6583,0.72228,0.25684,-0.23993,-0.12399,-0.92492,0.55893,0.27497,-1.258,8.7092,3.5945,-0.1078,-0.010969,-0.061198,-0.50739,-0.69985,-0.61809,0.007929,-2.7369,9.691,-0.16286,0.13304,-0.10436,-0.44197,0.5707,-0.69943,-0.70813,1.0575,0.95306,1.1533,0.6942,-1.5139,0.45387,-0.59891,0.238,-8.6567,-9.7952,-2.3365,-0.40079,0.37985,-1.113,0.60341,0.38343,-0.37822
9.882,-2.9685,1.2913,0.65399,0.068611,-0.33264,-0.92808,0.55637,0.27059,-1.3341,8.695,3.5235,-0.024275,0.1204,-0.1848,-0.50131,-0.7016,-0.62289,0.12666,-2.4124,9.807,-0.083653,-0.002085,-0.21753,-0.44455,0.57065,-0.6983,-3.9451,4.4571,0.92184,1.4509,0.42389,-2.2686,0.47378,-0.55103,0.28052,-8.8926,-7.8915,-1.6855,0.04375,0.32906,-1.4445,0.59677,0.41242,-0.3589
10.039,-3.5692,2.997,0.46794,0.1829,-0.36431,-0.93912,0.55296,0.25284,-1.7071,8.6527,3.2488,0.090339,0.22084,-0.19863,-0.4884,-0.706,-0.62339,0.050826,-2.186,9.6943,-0.094196,-0.098585,-0.21951,-0.45022,0.57188,-0.69599,-6.957,4.6343,0.53102,0.7954,-0.051104,-2.5789,0.5022,-0.49447,0.30647,-9.3068,-8.8132,-2.4271,0.17235,0.47061,-1.5657,0.58543,0.43945,-0.34629
10.023,-3.9895,2.5316,0.23611,0.084327,-0.47733,-0.95323,0.53909,0.24225,-1.5692,8.7774,3.537,0.19227,0.35691,-0.18447,-0.47067,-0.7098,-0.62545,0.11398,-2.1014,9.7574,-0.009017,-0.21321,-0.10657,-0.46015,0.56975,-0.69104,-9.3956,5.062,-0.04362,0.034402,-0.29554,-2.7605,0.53739,-0.42965,0.32021,-10.431,-9.4003,-1.8052,0.38327,0.46446,-1.8317,0.5707,0.47248,-0.33363
9.5029,-3.8364,2.3347,0.8164,0.072409,-0.65894,-0.96209,0.52546,0.23026,-1.8289,9.0966,3.7021,0.23974,0.4332,-0.13643,-0.45394,-0.71376,-0.62691,0.31866,-2.1804,9.9085,0.069467,-0.29582,-0.016521,-0.47106,0.56768,-0.6879,-11.521,5.6027,-0.46203,-0.3776,-0.1973,-2.9803,0.56865,-0.37512,0.30746,-10.161,-9.2977,-1.7914,0.42054,0.57426,-2.1658,0.55088,0.50653,-0.32693
8.971,-2.8023,2.3225,1.0005,0.011776,-0.80801,-0.97215,0.51256,0.21568,-2.0484,8.7164,3.6261,0.30205,0.35874,-0.14633,-0.44101,-0.72118,-0.62516,0.59195,-2.3248,9.7489,0.11615,-0.35717,0.061193,-0.47932,0.56629,-0.68477,-14.139,7.9236,-0.17954,-0.33208,0.066407,-2.752,0.5955,-0.32592,0.28853,-8.0905,-7.7871,-0.75873,0.75179,0.49845,-2.396,0.52784,0.54155,-0.3262
8.7615,-1.606,1.8213,0.95874,0.18618,-0.78147,-0.98662,0.49353,0.19577,-2.3348,8.772,3.6635,0.24152,0.19371,-0.22322,-0.42856,-0.72875,-0.62279,0.75299,-2.4202,9.6846,0.2213,-0.35869,0.11081,-0.4896,0.56047,-0.68413,-13.492,12.001,1.0669,0.17251,0.066011,-2.024,0.60654,-0.27408,0.27954,-6.3936,-5.5701,-0.4402,0.90846,0.22812,-2.2969,0.49537,0.56808,-0.34185
8.2997,0.013198,1.6941,0.40729,0.079701,-0.71245,-1.0002,0.46991,0.17926,-2.3808,8.3366,3.4668,0.12912,-0.005799,-0.3159,-0.41935,-0.73441,-0.61574,0.88719,-2.2644,9.1607,0.20922,-0.26836,0.089844,-0.49758,0.55611,-0.68291,-10.664,13.731,0.62671,0.24843,-0.040507,-1.0803,0.61716,-0.23907,0.2707,-5.4905,-3.3951,0.14867,0.45795,0.22676,-1.8268,0.46748,0.58942,-0.3574
9.1675,0.62948,1.451,0.12325,0.013861,-0.42245,-1.007,0.4526,0.16938,-2.7791,8.9284,3.4185,0.035431,-0.20462,-0.3233,-0.41432,-0.74046,-0.60967,1.2312,-2.6794,9.4274,0.11429,-0.16939,0.015804,-0.50439,0.55249,-0.68341,-9.9795,14.348,0.87988,0.25485,-0.24357,-0.093349,0.62096,-0.2157,0.26522,-2.4726,0.083544,1.0756,0.17616,0.27468,-1.1381,0.44465,0.60549,-0.36437
10.302,1.0349,1.5219,0.009766,-0.32154,-0.10184,-1.0077,0.4473,0.1758,-2.3398,9.6064,3.5749,-0.18441,-0.33648,-0.086375,-0.41838,-0.73989,-0.60823,1.0998,-2.4786,8.8547,-0.076337,-0.000761,-0.089174,-0.50766,0.55004,-0.6835,-10.082,10.818,0.17641,0.3281,-0.32515,0.59183,0.62411,-0.22039,0.25991,-0.41895,1.0839,0.6349,0.14539,0.26214,-0.31418,0.44052,0.61303,-0.36161
10.102,0.71567,0.24256,-0.49603,-0.12304,0.31695,-1.0025,0.44943,0.19093,-1.8895,9.5096,3.5238,-0.11403,-0.30224,0.088463,-0.42723,-0.73934,-0.60718,1.1284,-2.2462,9.142,-0.10271,0.15634,-0.1233,-0.50674,0.5509,-0.6826,-9.5631,6.871,-0.58914,0.37778,-0.29725,0.82235,0.62787,-0.23533,0.2592,-1.203,-1.532,-0.057742,0.13233,0.12762,0.63692,0.44754,0.60746,-0.36075
9.9313,-0.67708,0.59777,-0.559,0.42744,0.92457,-0.99564,0.46835,0.1928,-1.9769,9.7414,3.223,-0.13479,-0.245,0.25967,-0.43775,-0.7363,-0.60807,1.2393,-1.8569,9.6724,-0.11432,0.24761,-0.13809,-0.5002,0.55119,-0.68504,-9.2372,7.0555,-1.3631,0.61809,0.066781,1.0137,0.62652,-0.25131,0.26387,-2.927,-1.805,-0.84212,-0.62127,0.003699,1.3506,0.46017,0.59662,-0.34932
9.5668,-2.4988,3.0302,0.41186,0.21238,0.58212,-0.9869,0.49567,0.178,-2.467,9.0651,3.2145,-0.11813,-0.16639,0.37715,-0.44758,-0.72969,-0.61208,0.86428,-2.2153,10.186,-0.25182,0.23299,-0.13401,-0.49597,0.55336,-0.68589,-10.589,8.7578,-0.83689,0.42959,0.15511,1.4048,0.61812,-0.27304,0.27839,-5.7463,-3.7808,-0.28997,-0.56756,-0.30009,1.9621,0.48053,0.58042,-0.3308
9.8455,-0.13841,3.1671,-0.12282,0.083296,0.48174,-0.98079,0.51754,0.17101,-1.9415,8.7488,3.4471,-0.14587,-0.08085,0.44725,-0.46293,-0.72038,-0.61773,0.83568,-2.5867,10.192,-0.26456,0.1116,-0.11135,-0.49153,0.55885,-0.68255,-10.531,9.228,-0.23601,-0.14744,0.11738,1.8422,0.60575,-0.31572,0.29172,-7.7101,-4.8039,0.12232,-0.038725,-0.5741,2.2891,0.50585,0.54476,-0.32947
9.6228,-0.13525,2.8222,-0.95916,-0.058154,0.89156,-0.96646,0.53959,0.18342,-2.0469,8.9374,3.5397,-0.31856,-0.16092,0.46515,-0.47632,-0.70947,-0.62486,0.65242,-2.27,10.155,-0.21483,-0.016606,-0.093914,-0.48984,0.56443,-0.67898,-9.2989,9.4645,-0.016456,-0.52281,0.028667,2.3305,0.58914,-0.36779,0.29185,-9.5708,-6.7082,0.29492,0.80565,-0.64239,2.6276,0.52772,0.49629,-0.35218
9.413,-0.87073,1.9057,-1.2029,0.1988,0.83166,-0.95003,0.55694,0.19795,-1.3293,9.0429,3.7584,-0.44303,-0.22831,0.50775,-0.48962,-0.69617,-0.63473,0.34316,-1.9804,9.3529,-0.34905,-0.19297,-0.056497,-0.49149,0.57013,-0.67408,-8.7022,8.4743,0.61182,-0.57892,-0.24513,2.6019,0.56687,-0.42402,0.28235,-10.418,-7.3167,0.2939,0.73868,-0.53098,2.7302,0.54772,0.44021,-0.37652
8.6895,-2.0987,2.9217,-1.7783,0.061012,0.95544,-0.93647,0.56786,0.22308,-1.3128,8.6686,3.9512,-0.39255,-0.19848,0.49589,-0.50545,-0.67759,-0.64522,0.21719,-2.4559,9.4619,-0.16805,-0.36518,0.047491,-0.49872,0.57921,-0.66278,-7.414,6.1565,0.14505,-0.35126,-0.41593,2.6999,0.5405,-0.48122,0.26613,-11.363,-8.0388,0.82881,0.27292,-0.16946,2.6022,0.56581,0.38292,-0.39998
8.7552,-4.7021,1.7265,-2.1312,0.006379,0.87115,-0.921,0.57204,0.26902,-1.0522,8.2419,3.9508,-0.22809,-0.17963,0.44928,-0.52076,-0.66426,-0.65172,1.0162,-2.1728,9.1464,0.12998,-0.41911,0.091256,-0.50784,0.5803,-0.65913,-5.8981,4.6489,-0.16797,-0.29246,-0.12119,2.4148,0.51032,-0.53034,0.2535,-12.154,-11.332,1.5685,-0.046248,-0.19969,2.2234,0.58498,0.33412,-0.41801
8.1627,-7.2305,1.6161,-1.0442,0.055474,0.42084,-0.90465,0.57188,0.30889,-0.77703,8.4531,4.369,-0.13782,-0.09606,0.31658,-0.53724,-0.65421,-0.65642,0.65094,-2.1509,8.8177,0.2076,-0.29068,0.171,-0.51463,0.57947,-0.65418,-4.0066,2.5297,-0.93795,-0.26341,0.24014,1.9227,0.4767,-0.57966,0.24397,-9.9705,-12.411,-0.32485,-0.44398,-0.22481,1.4399,0.59844,0.28969,-0.44833
8.1408,-5.6733,1.2829,0.010281,-0.24656,-0.051536,-0.90018,0.56871,0.32029,-0.54262,8.5818,4.3225,0.014522,-0.018908,0.1584,-0.54661,-0.64963,-0.65715,0.55645,-2.3588,8.6195,0.21644,-0.15576,0.21275,-0.51844,0.57601,-0.65504,-1.6349,-0.63026,0.1485,-0.29652,0.51134,0.99648,0.45134,-0.60673,0.2435,-9.4471,-12.342,-1.4962,-1.2071,-0.20713,0.2966,0.60667,0.28443,-0.45246
