8.9878,-1.9234,3.4923,-0.006601,0.052816,0.19603,-0.56469,0.31356,-0.65394,7.7426,3.9683,-0.00641,0.059148,0.43743,-0.74148,-0.33205,-0.66959,-0.48633,8.45,-3.5937,3.73,0.021623,-0.54827,-0.16716,-0.57359,0.64682,-0.28564,-9.2501,8.3646,-3.0204,0.17337,0.14766,1.218,0.50816,-0.71476,0.26987,-9.5341,-0.58191,-1.9127,-0.54891,-0.036063,0.81503,0.83276,0.39634,0.012596
9.0547,-2.0123,3.3729,-0.034731,0.031352,0.18605,-0.56159,0.31728,-0.65531,7.9981,3.7737,0.13031,-0.099832,0.21835,-0.35185,-0.31036,-0.66707,-0.49644,9.0031,-3.7742,3.9689,0.025802,-0.45993,-0.11915,-0.58499,0.64438,-0.27272,-8.6464,19.367,-1.3925,0.67201,0.42995,0.43343,0.48012,-0.72723,0.28985,-10.411,-1.1229,-1.9589,-0.47726,0.043093,0.80404,0.8452,0.36695,0.030739
10.163,-2.3561,3.767,-0.10348,0.028029,0.14141,-0.56025,0.32251,-0.6549,8.6698,3.5691,0.32299,0.019113,0.048463,0.03405,-0.30511,-0.6669,-0.50114,9.5586,-3.806,3.9436,0.041088,-0.3147,-0.092184,-0.59186,0.64159,-0.26645,-8.7434,2.8111,-3.0942,-0.057208,0.9466,-0.67741,0.47863,-0.71671,0.31679,-11.848,-0.12106,-2.4584,-0.88769,0.62328,0.92078,0.85683,0.33779,0.050385
12.298,-4.2731,4.6137,0.001795,0.17081,0.23962,-0.55389,0.32809,-0.65482,10.12,4.1154,0.57488,0.13895,-0.099072,0.52612,-0.31176,-0.67095,-0.4952,11.245,-4.0667,3.7879,-0.059917,-0.16228,-0.049141,-0.59493,0.64005,-0.26233,-14.016,2.7557,-0.2071,-2.1144,0.3262,-0.44069,0.48734,-0.71955,0.29685,-11.605,-2.3994,-2.6995,-1.2126,0.061395,0.9377,0.86804,0.30191,0.071926
10.949,-3.2578,3.506,-0.066968,0.17464,0.2658,-0.54865,0.33582,-0.65826,11.28,4.5119,0.74657,0.26567,-0.048779,1.012,-0.33675,-0.66372,-0.48918,12.021,-4.8043,4.0936,-0.17148,0.050622,-0.10168,-0.59844,0.63888,-0.2569,-5.5549,-2.5231,4.3342,0.20623,-0.98945,-1.5556,0.48934,-0.73385,0.25478,-11.892,-5.3275,-0.08326,-0.37691,-0.42185,0.38187,0.87643,0.27784,0.068274
10.519,-3.038,3.1311,0.016945,0.17204,0.12269,-0.54143,0.34097,-0.66187,9.6104,4.2633,1.0704,0.36472,-0.3277,1.1179,-0.37118,-0.65399,-0.47685,10.093,-4.1769,3.5377,-0.11141,0.18976,0.090734,-0.59675,0.64057,-0.25723,-11.301,-8.1745,-3.4036,0.17921,0.021907,-1.1916,0.54904,-0.68815,0.26029,-10.533,-7.4847,-0.12586,-0.59685,-0.54956,-0.46105,0.87773,0.28035,0.056397
8.4035,-3.6075,1.5745,0.25465,0.13241,0.031681,-0.53639,0.33849,-0.66698,9.2973,4.4735,1.2225,0.022527,-0.51505,0.9765,-0.41578,-0.63623,-0.46632,8.9693,-3.7318,3.491,0.12488,0.19817,0.39103,-0.58736,0.6485,-0.26388,-12.003,-1.1627,-0.8075,0.22137,0.27251,-1.0224,0.57944,-0.66826,0.25252,-8.7751,-4.8366,0.62048,-0.58576,-0.36982,-0.84969,0.86945,0.30031,0.0517
7.8988,-3.534,0.88482,0.36728,-0.015907,0.01415,-0.53564,0.33063,-0.67061,8.1608,3.1622,1.2606,0.083155,-0.50882,0.82894,-0.4473,-0.61891,-0.45908,7.8339,-3.417,3.1114,0.25537,0.34378,0.5431,-0.57037,0.65544,-0.27435,-8.9812,2.2807,-3.781,0.12965,-0.49643,-0.96026,0.61089,-0.6374,0.25488,-11.823,1.8004,-3.0503,-0.18898,0.044542,-1.0892,0.85754,0.33538,0.052748
8.9097,-3.9433,1.1882,0.36222,-0.08237,0.047362,-0.53734,0.32211,-0.67288,8.7821,3.0754,1.1425,0.40791,-0.41623,0.63211,-0.47037,-0.6133,-0.44283,8.5075,-3.9415,2.6663,0.60478,0.46877,0.55804,-0.55401,0.66235,-0.2926,-8.3941,-0.76797,-2.1306,-0.057756,-0.16024,-1.0061,0.6312,-0.61728,0.25108,-12.78,3.323,-3.6076,-0.37997,0.2616,-0.92777,0.84458,0.36945,0.049697
9.431,-3.7276,1.7606,0.41658,-0.067336,0.038339,-0.53879,0.31271,-0.67553,9.7347,3.3406,0.92609,0.6911,-0.21986,0.56166,-0.49119,-0.61349,-0.42276,10.354,-3.9527,2.3841,0.88288,0.64599,0.55925,-0.53108,0.66107,-0.32589,-11.098,-0.66566,-2.2676,0.15739,-0.13008,-0.88051,0.65238,-0.59065,0.25817,-11.682,5.5418,-3.0976,-1.0801,0.27061,-1.2196,0.82513,0.40401,0.074523
9.4911,-3.1463,2.6302,0.49105,-0.041363,-0.014497,-0.53922,0.30051,-0.67905,9.4053,3.2211,1.0644,0.96427,-0.14569,0.5055,-0.50677,-0.61543,-0.40064,10.354,-3.5879,2.06,0.53006,0.87371,0.64943,-0.50483,0.66105,-0.36088,-9.8137,-0.29668,-1.4246,0.057428,-0.29696,-0.97514,0.67919,-0.56451,0.24934,-10.829,3.8866,-0.77239,0.03601,-0.077463,-1.5108,0.80401,0.44576,0.084232
8.0011,-2.8763,2.9489,0.54714,-0.052712,-0.009935,-0.54417,0.28348,-0.68297,8.8146,2.511,1.5604,1.8594,-0.026853,0.20869,-0.51913,-0.62797,-0.36196,9.1016,-3.28,1.7741,0.049356,0.96073,0.80772,-0.46333,0.6704,-0.39197,-10.099,0.32119,-0.62834,0.1574,-0.46584,-0.86319,0.70939,-0.53578,0.23283,-8.6274,3.0667,0.061729,1.511,0.42109,-1.6884,0.7688,0.50418,0.080953
7.3171,-2.6917,2.6167,0.50078,-0.11567,-0.032605,-0.54708,0.26821,-0.6859,7.6052,7.4315,1.0629,2.3081,0.21391,0.098243,-0.52015,-0.66124,-0.30115,7.9771,-3.9106,1.8903,-0.024042,0.88054,0.91484,-0.42443,0.68669,-0.409,-8.9657,1.8949,-1.1549,0.035968,-0.33242,-0.83907,0.73168,-0.50897,0.22089,-8.0734,3.5761,-1.1001,2.2725,0.23735,-1.8248,0.73176,0.56028,0.047915
7.571,-2.6561,2.4622,0.3839,-0.13285,-0.039968,-0.55061,0.2556,-0.68781,7.5632,2.4626,0.60753,-0.50753,-0.355,0.35157,-0.52732,-0.66116,-0.28759,7.6045,-4.0132,1.9353,0.3064,0.71162,0.95273,-0.38892,0.69812,-0.42581,-9.7979,1.2157,-0.8858,0.14233,-0.18076,-0.84781,0.74689,-0.48351,0.22468,-6.5286,4.8016,-1.2052,1.598,-0.23623,-1.9645,0.69002,0.61543,0.000705
7.9438,-2.4603,2.7572,0.22076,-0.1258,-0.011891,-0.5571,0.24747,-0.68801,7.8117,3.8425,1.9223,1.4968,-0.058079,0.2471,-0.53782,-0.6636,-0.26419,7.7306,-3.6617,1.8895,0.47632,0.57787,0.89708,-0.35135,0.70566,-0.44774,-9.6433,1.3242,-1.6029,0.36057,-0.15914,-0.85736,0.7643,-0.45606,0.22414,-6.7774,3.8996,-1.3761,0.8248,-0.27491,-1.7909,0.6429,0.66284,-0.033255
7.7415,-2.5781,2.9937,0.07058,-0.13622,-0.068606,-0.5607,0.24258,-0.68598,6.9281,7.5112,0.65098,-0.45073,-0.38112,0.5854,-0.55035,-0.66406,-0.24093,8.0737,-3.4451,1.957,0.37092,0.51551,0.77684,-0.31659,0.7098,-0.46742,-9.4168,0.97898,-1.298,-0.012097,-0.24234,-0.77421,0.78241,-0.42915,0.22111,-8.1776,3.792,-0.7652,-0.2392,-0.8898,-1.6208,0.59382,0.70687,-0.059172
8.0153,-2.8187,3.3374,0.050622,-0.13961,-0.074967,-0.56566,0.23836,-0.67977,7.7057,3.1333,1.2188,-1.5195,-0.65636,0.71323,-0.57476,-0.62621,-0.27104,8.1365,-3.2467,2.0913,0.18117,0.49855,0.67682,-0.2816,0.71511,-0.47998,-9.7248,0.17303,-0.70318,0.001264,-0.19471,-0.85165,0.79837,-0.40219,0.20383,-6.6939,-0.1055,-0.97471,-0.88074,-0.29038,-0.74286,0.55656,0.7321,-0.061155
8.1039,-2.9384,3.4492,-0.026982,-0.09168,-0.088036,-0.57112,0.23478,-0.67783,8.7549,2.9639,1.6375,-0.4576,-0.57222,0.56727,-0.59934,-0.60151,-0.27801,8.0194,-3.2075,2.2258,-0.02611,0.44102,0.52364,-0.2568,0.72149,-0.48703,-9.8385,-1.004,-0.8317,0.39813,-0.30082,-0.86231,0.81453,-0.3725,0.19969,-9.3714,-2.063,-1.4733,-0.47797,0.015121,-0.15623,0.54488,0.74272,-0.041279
8.7205,-3.1082,3.9227,-0.062863,-0.058829,-0.1529,-0.57443,0.23525,-0.67517,9.1186,3.8448,1.4105,0.10931,-0.34253,0.41728,-0.61712,-0.58984,-0.26944,7.8686,-3.4403,2.4817,-0.10108,0.3485,0.276,-0.23774,0.72729,-0.48988,-9.4962,-1.1193,-1.6273,0.32551,-0.36255,-0.86811,0.82896,-0.34071,0.19939,-9.6406,-11.553,0.087364,0.35155,0.25583,-0.32618,0.53708,0.75209,-0.035687
8.6375,-3.374,3.8682,0.022182,-0.093774,-0.1718,-0.57774,0.23279,-0.67275,9.3672,4.4186,1.541,0.1167,-0.27875,0.22473,-0.62736,-0.58597,-0.25909,8.178,-3.5587,2.6742,-0.1811,0.22231,-0.068716,-0.22921,0.72981,-0.48674,-10.544,-0.33244,-0.73408,0.22706,-0.14888,-0.92286,0.84381,-0.30932,0.19292,-11.717,-17.604,1.0816,0.21351,0.30086,-0.2728,0.52898,0.75598,-0.040729
10.008,-3.6288,3.6904,0.014524,-0.11037,-0.093193,-0.58217,0.22786,-0.6689,10.229,4.4543,1.6436,0.11933,-0.22066,0.17627,-0.63436,-0.58004,-0.25085,8.4826,-3.8085,3.0059,-0.16173,0.016365,-0.46914,-0.23539,0.73026,-0.48392,-11.338,-0.071042,-1.2454,0.57696,0.45654,-1.095,0.85566,-0.27281,0.20322,-8.344,-1.2914,-1.3941,0.79241,0.3382,0.4845,0.53373,0.75251,-0.044989
13.005,-2.945,4.5307,-0.11712,0.13919,-0.21264,-0.5832,0.2269,-0.6708,10.873,4.5481,1.2884,0.21348,-0.18235,0.099339,-0.63664,-0.58321,-0.23522,9.7085,-4.2767,3.4163,-0.004828,-0.14395,-0.96358,-0.26137,0.72643,-0.47845,-12.263,2.4687,-1.6568,1.2706,0.15168,-0.91305,0.86369,-0.22498,0.22899,-8.8741,2.4797,1.6617,1.7978,0.66752,0.8968,0.56595,0.72461,-0.080136
11.01,-2.9324,3.5309,0.024415,0.067944,-0.32092,-0.58343,0.21971,-0.67049,11.767,5.559,1.7309,-0.067806,-0.10357,0.15129,-0.64119,-0.5789,-0.23056,11.009,-4.3523,3.9506,-0.10064,-0.27883,-1.4114,-0.30169,0.71232,-0.47582,-12.122,6.9823,-1.4938,0.88329,0.1588,-0.16207,0.86534,-0.20045,0.2395,-12.76,-4.818,0.60551,0.043042,-0.90207,0.30112,0.55334,0.72658,-0.12026
9.7917,-2.8432,2.1794,-0.12868,0.15215,-0.14748,-0.58251,0.21696,-0.67322,10.643,5.0337,1.622,-0.39394,-0.069283,0.014283,-0.64651,-0.57204,-0.23806,9.3299,-4.0723,4.1623,-0.14607,-0.4338,-1.3645,-0.3437,0.69712,-0.47035,-11.472,7.8018,0.39359,1.2315,-0.19281,0.27517,0.86668,-0.19073,0.24674,-7.6,10.019,-3.0614,-0.63376,0.90279,0.57779,0.58195,0.7105,-0.10122
9.2579,-1.2488,0.95474,-0.44294,0.30539,-0.15228,-0.57617,0.2235,-0.67595,8.8203,3.6949,1.3448,-0.54458,-0.05841,-0.53178,-0.63998,-0.57533,-0.24762,8.0624,-3.4826,3.7858,0.10941,-0.59703,-1.0292,-0.3864,0.67744,-0.46177,-10.41,2.3926,-1.402,0.11646,-0.15841,0.62705,0.86409,-0.19978,0.24525,-9.1782,-0.97565,-5.1342,-0.38161,0.7806,0.83707,0.60688,0.69106,-0.060529
8.7742,-1.2069,0.72754,-0.58281,0.16734,-0.21577,-0.57317,0.23386,-0.67644,8.6204,3.4646,1.3595,-0.58731,0.05172,-0.87325,-0.621,-0.58839,-0.25971,8.4954,-2.9062,3.3277,0.12891,-0.54737,-0.73042,-0.41942,0.66118,-0.45631,-12.229,-3.9351,-1.4541,-0.20257,0.43609,0.71112,0.85454,-0.22805,0.25221,-11.141,-3.8495,-0.84333,-0.41012,-0.046069,0.9385,0.63045,0.67412,-0.034989
10.155,-1.8954,1.5542,-0.43106,0.13123,-0.19337,-0.56999,0.24389,-0.67373,9.3274,3.8228,0.95981,-0.70438,0.28428,-0.80331,-0.59772,-0.60248,-0.28301,8.8409,-2.67,3.3092,-0.30246,-0.33011,-0.55548,-0.45182,0.6483,-0.44304,-12.454,-6.4942,-1.0808,0.75174,-0.054299,0.9614,0.84666,-0.25825,0.25723,-8.6179,1.8022,-3.5787,0.050379,0.29532,1.0558,0.66302,0.64241,-0.018865
9.7583,-2.0277,2.1024,-0.26324,0.15389,-0.015416,-0.5695,0.25056,-0.67429,9.7446,4.5471,0.54539,-1.1158,0.58631,-0.50649,-0.57605,-0.60541,-0.31606,8.4955,-2.9498,3.3089,-0.63452,-0.26017,-0.4216,-0.46934,0.65013,-0.42352,-11.344,-4.9646,-1.8403,0.63344,-0.020974,1.4101,0.8329,-0.29066,0.264,-9.5326,0.5399,-2.3354,-0.56429,-0.012929,0.89657,0.68776,0.61597,-0.005629
8.5591,-1.7378,2.3936,-0.29628,0.14081,0.080259,-0.5655,0.25832,-0.67352,10.138,3.4959,0.37053,-0.94103,0.88172,-0.45753,-0.55539,-0.60149,-0.35526,8.1227,-2.9823,3.4773,-0.64299,-0.37908,-0.30892,-0.47907,0.65279,-0.40364,-8.5886,-2.7038,-0.16716,-0.37721,0.54794,1.7727,0.80867,-0.33649,0.27704,-10.177,0.079334,-2.1907,-0.63187,-0.11096,0.92715,0.70762,0.59247,-0.002938
7.7263,-1.3897,2.2403,-0.36148,0.12658,0.071032,-0.5615,0.27057,-0.67279,9.3546,3.4486,0.17116,-0.26809,1.043,-0.69267,-0.52383,-0.60602,-0.39075,7.2529,-2.8318,3.2489,-0.50696,-0.43667,-0.23845,-0.49202,0.6579,-0.37999,-8.0758,-3.6318,-0.11084,-1.5025,0.82195,1.7196,0.77692,-0.40212,0.28409,-9.1905,-1.467,-1.2819,-0.31662,-0.27139,0.92855,0.73028,0.56582,0.000918
7.7256,-1.4719,2.4039,-0.3474,0.043995,0.06594,-0.56007,0.28254,-0.67042,8.4592,4.2295,0.10121,0.03283,1.0022,-0.95862,-0.48768,-0.6228,-0.41207,6.946,-2.6305,2.8765,-0.32696,-0.47478,-0.26488,-0.50609,0.66071,-0.35936,-7.4811,-3.179,-0.23441,-1.9226,1.1391,1.8048,0.72947,-0.47878,0.2806,-9.1179,-2.7816,-1.3739,0.52067,-0.049915,1.0022,0.75143,0.53723,-0.008004
8.1108,-1.7948,2.733,-0.27177,0.01032,0.1246,-0.55795,0.29206,-0.66748,8.6562,4.516,-0.003166,-0.388,0.77143,-1.0435,-0.44444,-0.63402,-0.44047,7.6333,-2.8891,3.021,-0.1893,-0.49625,-0.31935,-0.52074,0.66294,-0.34067,-7.7762,-3.61,0.34522,-1.3957,0.83227,1.7497,0.67674,-0.56064,0.27285,-9.7242,-2.7653,-0.9509,0.39834,0.083029,0.8571,0.76909,0.50906,-0.009892
8.4385,-1.7536,2.8999,-0.20908,-0.093458,0.16439,-0.55634,0.30286,-0.66444,8.8232,4.0127,-0.17935,-0.66572,0.59681,-1.0475,-0.40487,-0.6421,-0.46651,8.0477,-3.0344,3.0053,-0.23837,-0.46793,-0.36252,-0.53706,0.65903,-0.32396,-8.1828,-4.2725,0.61531,-0.45964,0.54621,1.9745,0.62106,-0.62406,0.26466,-9.522,-2.5555,-1.4249,0.084075,0.40367,0.8192,0.78568,0.48262,-0.006738
8.5784,-1.8898,3.3327,-0.20918,-0.094072,0.17537,-0.55833,0.31299,-0.65914,8.6731,3.4165,-0.19757,-0.49154,0.47597,-0.98742,-0.36644,-0.65241,-0.48385,8.1702,-3.5256,3.1282,-0.3065,-0.48445,-0.34322,-0.55219,0.65386,-0.31042,-8.3987,-3.2511,-0.012725,-0.31109,0.13206,1.3973,0.57769,-0.66262,0.26418,-9.4282,-0.030287,-1.7451,-0.18138,0.32632,0.67899,0.80084,0.45703,-0.001856
8.4961,-1.9339,3.4064,-0.15475,-0.070195,0.17989,-0.55866,0.32186,-0.65496,8.2768,3.3827,-0.21473,-0.21731,0.38893,-0.88529,-0.33304,-0.65897,-0.49878,8.268,-3.8616,3.4337,-0.15146,-0.53531,-0.24689,-0.56401,0.65165,-0.29352,-7.4454,-1.1645,0.37921,-0.12399,-0.46401,0.76182,0.55557,-0.68703,0.25426,-9.6677,-0.082399,-1.473,-0.41207,-0.029806,0.83287,0.81391,0.43392,0.00662
8.4806,-2.0376,3.428,-0.096491,0.001322,0.19699,-0.55749,0.32948,-0.65271,7.5608,3.2416,-0.09344,-0.033287,0.25716,-0.74537,-0.3046,-0.66591,-0.50562,7.9265,-3.6611,3.5522,-0.050758,-0.54551,-0.11617,-0.57466,0.64905,-0.28019,-9.4315,5.7562,-3.3887,0.23163,0.24103,1.4051,0.5267,-0.70871,0.25642,-9.7569,0.34398,-1.5406,-0.31851,0.021457,0.86737,0.82726,0.40464,0.012406
8.7184,-2.1435,3.5112,-0.056617,0.004622,0.19067,-0.55784,0.3333,-0.65169,7.7445,3.3282,0.039267,0.058447,0.10888,-0.51123,-0.2868,-0.66859,-0.51223,8.2458,-3.8914,3.825,-0.020393,-0.51425,-0.036516,-0.58445,0.64951,-0.264,-9.3666,19.697,-2.1124,0.35076,-0.005704,0.78514,0.48854,-0.72761,0.27368,-10.245,-0.040839,-1.9083,-0.15299,0.044776,0.918,0.84234,0.3753,0.028076
9.9104,-2.1023,3.7742,-0.12002,-0.042186,0.11249,-0.55705,0.34168,-0.64906,8.2395,3.1993,0.12431,0.26759,0.016519,-0.13725,-0.27726,-0.67367,-0.50989,9.2378,-4.3096,4.0844,0.13462,-0.39872,-0.0341,-0.59159,0.64783,-0.25584,-9.088,6.478,-1.7474,0.25978,1.069,-0.42599,0.47947,-0.72541,0.29424,-11.242,-0.3997,-2.6133,-0.74804,0.47066,0.97703,0.85463,0.34391,0.042165
11.688,-4.2299,4.296,-0.049151,0.064356,0.17609,-0.55412,0.34523,-0.64857,9.6506,3.7023,0.32475,0.54894,-0.1004,0.44345,-0.27836,-0.6855,-0.49467,10.987,-4.163,4.0472,0.13931,-0.25517,-0.015629,-0.59395,0.64591,-0.25446,-11.153,-0.52562,0.064002,-1.5,0.52635,-0.5953,0.48334,-0.72327,0.2987,-11.604,-1.2321,-3.3087,-1.4514,0.44957,1.2067,0.86937,0.30209,0.067112
11.108,-4.0473,4.263,-0.06855,0.062049,0.27634,-0.55054,0.3507,-0.64834,12.004,4.6882,0.37526,0.71482,-0.096793,1.218,-0.30689,-0.68618,-0.47649,12.62,-4.7885,4.3908,-0.098284,-0.056344,-0.10077,-0.59632,0.64485,-0.2508,-10.84,3.5445,2.4512,-1.2627,-0.54222,-0.073255,0.47022,-0.74984,0.2465,-12.124,-4.6221,-0.71263,-0.63118,-0.39939,0.64591,0.87957,0.26757,0.074682
10.786,-3.1526,3.4606,-0.007492,0.067641,0.20522,-0.5475,0.3576,-0.6484,10.37,4.5695,0.89916,0.78648,-0.30581,1.6375,-0.35248,-0.6814,-0.4537,10.909,-4.5413,4.0722,-0.09479,0.097899,0.066021,-0.5963,0.64457,-0.24776,-7.9883,-10.849,-4.3618,0.37108,0.34154,-2.1766,0.53415,-0.70369,0.25156,-11.881,-7.3636,-0.92505,-0.64805,-0.32934,-0.22008,0.88214,0.26032,0.06621
9.0279,-3.7769,1.9363,0.29911,0.045571,0.11609,-0.54411,0.35432,-0.65197,10.069,5.0431,1.2031,0.12961,-0.62235,1.7355,-0.41572,-0.65988,-0.4309,9.4517,-3.8975,3.8238,0.11956,0.10769,0.35033,-0.58902,0.65095,-0.2529,-10.451,0.37346,-0.913,-0.19945,0.075256,-0.83649,0.56863,-0.68027,0.2369,-9.289,-8.53,2.3868,-0.67134,-0.84134,-0.93183,0.8755,0.27823,0.066196
7.6161,-3.6487,0.49399,0.4272,-0.066668,0.15667,-0.54278,0.34701,-0.65718,8.4541,4.0829,1.8059,-0.53047,-0.77759,1.7371,-0.47633,-0.62239,-0.42929,7.4781,-3.5422,3.514,0.3684,0.15076,0.56568,-0.57585,0.65789,-0.26187,-10.772,0.32091,-1.2044,0.93024,-0.44726,-1.0324,0.6002,-0.64916,0.25266,-11.361,0.11413,-2.0164,-0.57831,-0.073497,-1.1724,0.86268,0.31649,0.062181
8.2986,-4.2327,0.66696,0.41585,-0.14234,0.1771,-0.54326,0.34065,-0.65902,8.8413,2.6097,2.1975,-0.29635,-0.73821,1.432,-0.52248,-0.58726,-0.42376,7.966,-3.6211,2.8677,0.70873,0.26978,0.63004,-0.55802,0.66435,-0.27761,-9.2546,1.2062,-1.685,-0.20765,-0.47469,-0.99818,0.62324,-0.6267,0.24809,-12.689,3.5161,-3.4114,-0.38731,0.21567,-1.0674,0.84949,0.35388,0.056382
9.55,-3.8685,1.5666,0.44953,-0.14406,0.087047,-0.54596,0.33264,-0.66013,10.279,2.5168,1.3435,0.33233,-0.5035,1.021,-0.56064,-0.56189,-0.40829,10.534,-3.7155,2.2874,0.93617,0.61013,0.52928,-0.53663,0.66412,-0.31017,-10.682,-1.796,-2.303,0.15198,0.10553,-1.0062,0.65043,-0.59664,0.25039,-12.057,5.2455,-3.2915,-1.107,0.34109,-1.1484,0.83363,0.38595,0.079065
9.5289,-3.3589,2.0025,0.50067,-0.11493,-0.001434,-0.54961,0.31932,-0.66443,9.8928,3.829,1.6532,0.67151,-0.33419,0.62891,-0.58482,-0.55495,-0.38678,10.398,-3.4612,1.704,0.47167,0.91121,0.49933,-0.51369,0.66286,-0.34576,-9.889,-0.13228,-1.3662,0.23197,-0.49614,-1.0912,0.67936,-0.56771,0.24569,-11.9,4.1035,-1.5592,-0.34241,-0.043305,-1.5417,0.81032,0.43066,0.096441
8.0009,-3.2589,2.2899,0.53626,-0.098976,-0.04354,-0.55451,0.30291,-0.66729,8.4742,3.7513,1.7122,0.58211,-0.40403,0.34892,-0.60449,-0.54613,-0.3693,8.9175,-3.7933,1.5358,0.18391,0.89277,0.69989,-0.47821,0.66831,-0.37572,-10.179,-0.1499,-1.012,0.35975,-0.44853,-0.95846,0.71093,-0.53282,0.23908,-8.5523,3.2835,-0.078322,0.91574,0.23915,-1.756,0.77609,0.48673,0.10294
7.3015,-3.1045,2.1364,0.51283,-0.092916,-0.05735,-0.55857,0.28596,-0.66946,8.1325,3.243,1.5718,0.5355,-0.41813,0.15347,-0.61681,-0.54707,-0.34702,9.0002,-3.7941,1.7595,0.34913,0.78125,0.9083,-0.44401,0.67873,-0.39935,-9.0814,2.6587,-1.023,0.13889,-0.50149,-0.85596,0.73637,-0.50248,0.22741,-8.133,3.3272,-0.31759,2.5711,0.2614,-1.7529,0.73992,0.54699,0.073808
7.3175,-2.7205,2.4076,0.41819,-0.21291,-0.10709,-0.56274,0.27438,-0.671,7.487,2.6024,1.2515,0.81335,-0.28704,0.041412,-0.6218,-0.55781,-0.32243,8.1667,-3.425,1.3469,0.31607,0.70489,1.0457,-0.4074,0.68889,-0.41862,-9.4527,1.9108,-1.8248,-0.09933,-0.11993,-0.88526,0.75145,-0.47896,0.22374,-7.5791,3.8743,-1.6138,1.8017,-0.11039,-1.9112,0.70197,0.60174,0.018553
7.7477,-2.9846,2.7374,0.24353,-0.18106,-0.10924,-0.56937,0.26401,-0.66879,7.5143,3.39,1.2771,0.92059,-0.25147,0.0764,-0.62586,-0.56876,-0.29431,7.8671,-3.4308,1.3792,0.33785,0.62846,1.0331,-0.36679,0.69966,-0.43794,-9.4349,1.7571,-0.92411,-0.13012,-0.12069,-0.78819,0.76779,-0.45395,0.21558,-6.7991,4.3626,-1.3304,0.99816,-0.30321,-1.8041,0.65529,0.6506,-0.023335
8.0591,-3.2177,2.977,0.19743,-0.1883,-0.14937,-0.57559,0.25414,-0.66657,8.3932,4.3006,1.413,0.58387,-0.24108,0.17732,-0.63238,-0.57265,-0.27142,8.5951,-3.3257,1.5937,0.31274,0.57456,0.86891,-0.32903,0.70753,-0.45588,-9.6366,0.43573,-0.68669,-0.09796,-0.16289,-0.78609,0.78423,-0.43097,0.20919,-7.1974,3.7085,-1.6974,-0.013762,-0.6711,-1.869,0.60552,0.69552,-0.049928
8.2525,-3.2051,3.1576,0.16679,-0.1503,-0.1459,-0.5834,0.24582,-0.66402,8.5907,3.9771,1.6314,0.24803,-0.2904,0.14959,-0.63863,-0.57135,-0.25683,8.2099,-3.2074,1.6909,0.11556,0.49491,0.66175,-0.29166,0.71476,-0.46947,-10.02,-0.47999,-0.81342,0.17575,-0.27403,-0.86026,0.8011,-0.40278,0.20206,-8.1063,1.4074,-0.2775,-0.75696,-0.77326,-0.95112,0.55676,0.73298,-0.060015
8.2157,-2.9982,3.3526,0.11362,-0.099809,-0.1562,-0.58937,0.23749,-0.66194,8.7097,3.7794,1.9081,0.11809,-0.3694,-0.00626,-0.6438,-0.57131,-0.24577,7.6154,-3.2388,1.9024,0.079019,0.3485,0.45634,-0.26778,0.72116,-0.47547,-9.6703,-0.31362,-0.82157,0.21963,-0.33233,-0.84123,0.81536,-0.37339,0.19658,-7.8889,-2.6926,-0.69565,-0.40053,-0.003903,-0.42129,0.53976,0.74652,-0.04776
8.5525,-2.7337,3.2226,-0.005267,-0.031841,-0.23779,-0.59329,0.232,-0.66099,8.7153,3.5491,1.912,0.11227,-0.32265,-0.11625,-0.64786,-0.57478,-0.23322,7.6299,-3.2879,2.1382,0.10154,0.16722,0.15924,-0.25473,0.72398,-0.48192,-9.846,-0.84052,-0.49448,0.27575,-0.2126,-0.8343,0.83125,-0.34588,0.19142,-9.0218,-8.3713,-0.64047,0.28453,0.14713,-0.18787,0.53209,0.75475,-0.042399
9.0264,-3.316,3.4015,-0.044049,-0.053907,-0.31249,-0.59582,0.22658,-0.65892,9.0374,3.9873,2.0083,-0.007667,-0.29405,-0.10788,-0.64734,-0.57862,-0.22391,8.3265,-3.3842,2.4241,0.09691,0.026363,-0.20828,-0.2557,0.72045,-0.48683,-10.679,-0.31676,-1.0294,0.45495,-0.32513,-0.86673,0.8442,-0.3143,0.18739,-11.435,-19.602,1.8876,0.84809,0.52646,-0.30635,0.52771,0.7571,-0.056618
9.9479,-3.7247,3.7191,-0.097056,-0.088288,-0.24849,-0.60068,0.22193,-0.65562,10.27,4.3552,2.0758,-0.22651,-0.23172,-0.01834,-0.64771,-0.57771,-0.22121,9.1744,-3.5784,2.7092,0.051628,-0.11354,-0.59347,-0.26791,0.71568,-0.48827,-11.25,0.029017,-1.7838,0.57346,0.33857,-1.02,0.85586,-0.27934,0.19251,-9.403,-3.3349,-0.82752,0.31506,0.38131,0.47476,0.53045,0.75451,-0.061849
12.825,-3.3057,4.3256,-0.1648,0.09748,-0.3366,-0.6039,0.21891,-0.65652,11.447,3.8354,1.3033,-0.12084,-0.10391,-0.084218,-0.64765,-0.5765,-0.22472,10.276,-3.8858,3.1566,0.023194,-0.22537,-1.0192,-0.2977,0.70356,-0.48627,-12.799,2.0705,-1.9672,1.3788,0.4951,-0.86131,0.86137,-0.23318,0.22461,-9.9882,2.5379,3.6073,1.2284,0.13036,0.6654,0.55706,0.72925,-0.085344
11.116,-2.8428,3.1369,-0.068027,0.16064,-0.40626,-0.60291,0.21394,-0.65804,11.847,4.7532,1.4581,-0.071664,0.1043,-0.13222,-0.64499,-0.57866,-0.22678,11.479,-3.8513,3.5017,-0.1693,-0.32969,-1.452,-0.33911,0.68824,-0.48355,-12.153,7.3256,-1.1498,1.1304,0.23865,-0.11994,0.86333,-0.20759,0.2398,-11.587,-2.5987,0.87776,-0.53315,-0.25942,0.47355,0.54898,0.73387,-0.10266
10.478,-2.5383,2.3656,-0.18041,0.20728,-0.29818,-0.60163,0.20857,-0.65902,10.45,4.9947,1.1664,-0.52999,-0.047644,-0.26463,-0.64148,-0.58048,-0.23167,9.6948,-3.5733,3.7485,-0.22608,-0.53153,-1.4565,-0.38373,0.67022,-0.47196,-11.532,8.9882,-0.10397,1.29,-0.26323,0.35079,0.86436,-0.19796,0.24943,-7.6759,10.069,-4.3322,-0.36364,0.71412,0.93949,0.57781,0.71572,-0.077314
8.9674,-1.2019,0.94539,-0.4247,0.31848,-0.16511,-0.59571,0.21142,-0.6624,9.2462,3.8812,0.90613,-0.93326,-0.073524,-0.51968,-0.63195,-0.5819,-0.25044,8.4666,-3.2998,3.6225,0.036223,-0.70928,-1.1902,-0.4293,0.64962,-0.45974,-10.878,2.7933,-2.6495,-0.05391,-0.06813,0.79713,0.86211,-0.21024,0.24506,-9.8071,-1.0036,-4.8312,-0.31534,0.83066,0.8113,0.60505,0.6942,-0.044174
8.9109,-0.7921,0.45524,-0.54329,0.15176,-0.14998,-0.59388,0.22012,-0.66252,8.8827,3.7495,1.0782,-1.0714,0.054944,-0.58907,-0.61832,-0.58518,-0.27245,8.315,-2.6985,3.0818,0.096856,-0.67363,-0.89325,-0.46861,0.63005,-0.4487,-12.777,-4.9413,-1.599,-0.097248,0.31125,0.77713,0.85162,-0.24021,0.25147,-10.632,-4.2271,-0.32788,-0.26299,-0.12911,0.97898,0.63033,0.67331,-0.027702
10.203,-1.4944,1.199,-0.46136,0.11828,-0.096683,-0.58961,0.2314,-0.66416,9.8098,3.9267,0.51624,-1.1933,0.33781,-0.53482,-0.60066,-0.58695,-0.30797,8.5097,-2.5438,2.9549,-0.17412,-0.55163,-0.65831,-0.50671,0.61412,-0.43273,-11.996,-7.0691,-1.236,1.0745,-0.13409,1.0851,0.83937,-0.27535,0.2515,-9.1866,2.0362,-3.513,0.10338,0.41978,1.1653,0.66769,0.63862,-0.013419
9.9158,-1.9539,1.8355,-0.3592,0.19279,0.032626,-0.58731,0.23955,-0.66294,10.054,3.7007,0.14258,-1.0552,0.70349,-0.54734,-0.57898,-0.585,-0.34708,8.8171,-2.9562,3.243,-0.43014,-0.41593,-0.45692,-0.52797,0.60986,-0.41262,-11.046,-4.5966,-1.7147,0.664,0.05638,1.5184,0.82537,-0.30875,0.26194,-9.8912,0.89901,-2.0268,-0.42116,0.037132,0.86052,0.69177,0.61193,-0.00237
8.4846,-1.7665,2.3033,-0.33846,0.2793,0.16623,-0.5801,0.25399,-0.66395,9.9269,4.1862,-0.006598,-0.86623,0.8874,-0.61457,-0.55541,-0.58317,-0.3861,8.3008,-2.9752,3.1108,-0.68743,-0.35416,-0.31504,-0.53871,0.61393,-0.39368,-8.3798,-2.5613,0.016909,-0.5879,0.77872,1.7479,0.8,-0.35474,0.283,-10.342,0.36333,-2.0209,-0.49498,-0.12084,0.94309,0.7102,0.58892,0.000269
7.4137,-1.4308,2.0288,-0.26391,0.12304,0.13771,-0.57469,0.26663,-0.6641,9.2455,3.7451,0.001787,-0.59171,0.94865,-0.82564,-0.52331,-0.58593,-0.42283,7.0731,-2.9835,3.0777,-0.75109,-0.39223,-0.16805,-0.54864,0.62128,-0.36776,-7.7746,-4.0288,0.083168,-1.3555,0.93954,1.6727,0.76238,-0.42006,0.29358,-9.3106,-1.9616,-0.67288,-0.1738,-0.38393,1.0089,0.73249,0.55966,-0.001584
7.6667,-1.3451,2.3148,-0.23343,0.058235,0.12257,-0.57176,0.27568,-0.66352,8.7325,3.3336,-0.088265,-0.12731,0.92688,-1.1107,-0.48172,-0.59955,-0.44953,6.6689,-3.1587,3.1357,-0.43304,-0.49306,-0.096481,-0.55929,0.62817,-0.34417,-7.0172,-3.3274,-0.17242,-2.1682,1.2308,1.786,0.71469,-0.49477,0.2878,-9.0417,-2.0053,-1.3257,0.003006,-0.01289,0.98009,0.75374,0.53116,-0.005399
8.3284,-1.6031,2.5121,-0.15933,0.041902,0.13193,-0.56903,0.28285,-0.66426,8.7651,3.9444,-0.092565,-0.024633,0.89315,-1.221,-0.4288,-0.62192,-0.47149,7.4241,-3.221,3.2485,-0.10264,-0.54551,-0.10925,-0.56857,0.63279,-0.32262,-7.6014,-4.2611,0.21442,-1.4716,1.0197,1.6662,0.65921,-0.57677,0.28131,-9.8507,-2.1438,-1.2352,0.068129,0.019234,1.0384,0.77778,0.49843,0.000395
8.4461,-1.7167,2.9002,-0.090066,0.015614,0.20695,-0.56629,0.28996,-0.66248,8.6088,3.8039,-0.10631,-0.07761,0.84262,-1.14,-0.38169,-0.64004,-0.48662,7.9598,-3.1074,3.323,-0.047731,-0.51215,-0.09483,-0.57842,0.63304,-0.3103,-8.261,-4.9634,0.79451,-0.30092,0.44033,1.8262,0.60773,-0.63422,0.27722,-9.1622,-2.3255,-1.4481,-0.19275,0.24964,0.96792,0.79396,0.46663,0.007718
8.4231,-1.7985,3.0412,-0.015332,-0.049108,0.23104,-0.56459,0.29693,-0.6602,8.2372,3.5089,-0.23383,-0.015263,0.72538,-0.98652,-0.34185,-0.65413,-0.49671,8.0769,-3.2879,3.4795,-0.035353,-0.51888,-0.004733,-0.58513,0.63093,-0.29824,-8.2016,-2.3804,-0.039718,0.053733,0.14901,1.2088,0.56731,-0.66698,0.27925,-10.05,-0.14677,-1.7784,-0.25864,0.24372,0.76484,0.81073,0.44053,0.01534
9.0176,-1.8721,3.5675,0.018047,-0.059838,0.22939,-0.56283,0.30176,-0.65924,8.1586,3.6565,-0.1972,0.000951,0.51517,-0.76635,-0.30499,-0.66566,-0.50589,8.6324,-3.485,3.67,0.10137,-0.49862,0.070673,-0.59016,0.63188,-0.28723,-8.2923,0.1734,-1.2295,0.33651,-0.18095,0.50551,0.54853,-0.68024,0.284,-9.8632,-0.83021,-0.94804,-0.6404,-0.008808,0.76043,0.82322,0.41475,0.025888
8.9942,-1.9839,3.7904,0.037668,0.051004,0.21253,-0.56324,0.30779,-0.65929,7.5782,3.6083,0.25331,0.03446,0.31594,-0.47702,-0.28102,-0.67369,-0.51021,9.1191,-3.1695,3.6816,0.11141,-0.39793,0.13465,-0.593,0.63367,-0.28065,-9.9313,6.8141,-4.045,0.52873,0.2284,1.1459,0.51567,-0.69701,0.30162,-9.4218,-0.49229,-2.06,-0.41109,0.030579,0.7192,0.83559,0.38923,0.034896
8.6586,-2.0184,3.8249,0.0377,0.058147,0.21612,-0.55752,0.30996,-0.66135,7.423,3.6647,0.63159,0.11224,0.090572,-0.15164,-0.26706,-0.67506,-0.51107,9.0361,-3.0646,3.6272,-0.048049,-0.26404,0.15681,-0.59304,0.63983,-0.2738,-8.3731,20.161,-0.90779,0.20503,0.36273,0.54605,0.49052,-0.71106,0.30987,-9.9292,0.54784,-1.9388,-0.21189,0.087548,0.74551,0.84607,0.36491,0.049952
9.6266,-2.1966,3.846,-0.003328,-0.016173,0.18182,-0.55601,0.31351,-0.66025,8.0303,3.6785,0.76899,0.1552,-0.00459,0.1775,-0.26937,-0.67814,-0.5079,9.3922,-3.392,3.8192,0.024001,-0.1918,0.12001,-0.59206,0.64371,-0.26612,-8.6724,3.9989,-1.9764,-0.25891,0.87388,-0.59558,0.48461,-0.71154,0.31857,-11.36,0.53985,-2.0152,-0.53092,0.39929,0.91002,0.85796,0.33607,0.062323
11.935,-4.032,4.3365,0.063456,0.19287,0.25781,-0.5521,0.3185,-0.66146,9.3562,4.0867,1.0049,0.3753,-0.057919,0.64786,-0.27948,-0.6805,-0.50092,10.923,-3.8,3.6931,0.042054,-0.096179,0.10649,-0.58922,0.64422,-0.26527,-10.629,-1.3503,-1.2598,-2.2624,0.40699,-1.0871,0.49488,-0.71353,0.29819,-12.444,-2.0957,-2.9817,-0.99898,0.3001,1.0784,0.86904,0.29782,0.07803
11.168,-3.8477,4.2498,0.072185,0.15098,0.29623,-0.54574,0.32049,-0.66641,12.495,5.0759,0.8732,0.49027,-0.073658,1.2993,-0.31086,-0.67534,-0.48847,12.984,-5.1804,4.0365,0.05415,0.075194,-0.054325,-0.5898,0.64463,-0.26667,-9.2597,1.9833,4.3449,-0.61809,-1.0813,-1.0752,0.49976,-0.73377,0.23555,-11.414,-6.2861,0.004382,-0.50395,-0.60367,0.46038,0.87964,0.26783,0.073914
9.9981,-2.8632,3.0686,0.087014,0.085885,0.16324,-0.53864,0.32474,-0.66989,10.076,4.3787,1.2536,0.69355,-0.16546,1.5207,-0.35303,-0.66828,-0.47152,10.345,-4.6253,3.762,0.24243,0.2012,0.10709,-0.58663,0.64197,-0.27394,-9.1458,-12.219,-4.2261,0.30516,0.16818,-1.6786,0.55987,-0.68713,0.23513,-10.182,-8.2186,-0.047227,-0.69495,-0.48518,-0.53287,0.87858,0.27069,0.063107
8.1807,-3.5824,1.3119,0.37148,0.005176,0.10896,-0.53834,0.32197,-0.67172,8.9705,4.2958,1.3776,0.38222,-0.4362,1.2682,-0.40383,-0.65417,-0.45117,8.5571,-3.3604,3.2974,0.3601,0.19745,0.49014,-0.57593,0.64594,-0.28876,-11.397,-0.24332,-1.3439,0.021614,0.10528,-0.92991,0.59441,-0.66413,0.22868,-8.8352,-4.8052,0.25359,-0.38676,-0.1715,-0.83075,0.86938,0.29363,0.063945
8.1069,-3.7718,0.66104,0.57233,-0.062936,0.094888,-0.53802,0.31003,-0.67614,8.3557,3.4917,1.273,0.075539,-0.58311,1.0172,-0.44319,-0.63914,-0.43882,7.7855,-3.6061,3.0944,0.61189,0.23795,0.69517,-0.5553,0.6533,-0.30439,-9.4441,2.3678,-3.5353,0.25559,-0.35732,-1.021,0.62283,-0.63509,0.23129,-12.085,1.9003,-3.4877,0.19966,0.15348,-0.96455,0.85868,0.32692,0.06736
9.1115,-3.8264,1.1905,0.49068,-0.090994,0.069486,-0.54045,0.29772,-0.67987,9.3957,2.6501,1.3533,0.52648,-0.43178,0.78316,-0.4706,-0.62735,-0.42329,8.7835,-4.3922,2.8201,0.98661,0.39237,0.6502,-0.5361,0.65656,-0.32928,-9.2551,-2.1325,-2.9716,0.030157,-0.12305,-1.052,0.64253,-0.61354,0.23264,-12.689,3.6141,-3.665,-0.37206,0.47305,-0.93005,0.84592,0.3606,0.067003
9.6109,-3.4185,1.9132,0.50428,-0.11855,-0.001412,-0.54349,0.28475,-0.68256,9.7732,3.5225,0.89315,1.0413,-0.19286,0.66566,-0.49315,-0.62824,-0.39583,10.654,-3.9102,2.2535,1.1216,0.74464,0.57218,-0.51231,0.64959,-0.37,-10.758,0.31422,-1.3842,0.015001,-0.17491,-0.90178,0.666,-0.58844,0.23326,-12.071,5.6715,-3.3428,-0.75776,-0.01402,-1.224,0.82909,0.39472,0.085279
8.9551,-2.9794,2.7168,0.46239,0.016031,-0.020298,-0.54402,0.27176,-0.68568,9.051,4.2767,1.3149,0.91932,-0.28371,0.58792,-0.51301,-0.63119,-0.36507,10.159,-3.5182,1.6599,0.64053,0.99513,0.69569,-0.48151,0.64536,-0.41142,-10.065,-0.82219,-1.504,0.29558,-0.22501,-1.0391,0.69331,-0.558,0.22836,-9.7962,3.3821,-0.98036,0.11115,-0.12718,-1.6637,0.80444,0.4445,0.082863
7.6752,-2.6352,2.575,0.52178,-0.089905,-0.04542,-0.54709,0.25297,-0.69165,8.1917,4.036,1.0121,0.6352,-0.42729,0.51728,-0.53345,-0.62892,-0.33954,8.965,-3.1651,1.6967,0.022055,1.0642,0.9112,-0.43571,0.65357,-0.44396,-9.9652,0.37522,-0.87325,0.27759,-0.46433,-0.90994,0.72121,-0.52556,0.21907,-8.731,3.9494,-0.16917,1.0045,0.40027,-1.7398,0.77081,0.50059,0.088867
7.481,-2.7519,2.5131,0.3733,-0.11726,-0.087482,-0.55159,0.23893,-0.69185,7.8963,3.8951,1.0825,0.52864,-0.49488,0.46348,-0.55293,-0.62736,-0.31507,8.5155,-3.9304,1.9501,-0.12996,0.99679,1.0211,-0.38847,0.6719,-0.4593,-9.1774,0.8751,-1.3305,0.24401,-0.2622,-0.85995,0.74239,-0.49711,0.21339,-7.7956,3.7977,-0.7662,2.25,0.25462,-1.8917,0.73048,0.55927,0.062191
7.5848,-2.7389,2.7676,0.23756,-0.10573,-0.10776,-0.5549,0.22974,-0.69218,7.731,3.9759,1.3977,0.45671,-0.48844,0.49256,-0.57127,-0.62264,-0.29209,8.1185,-3.9402,1.7854,0.10428,0.85621,1.0943,-0.34696,0.68967,-0.47261,-9.7479,1.4726,-1.3126,0.17992,-0.23718,-0.8614,0.75895,-0.47168,0.21421,-7.3535,4.0804,-1.0268,2.2117,-0.13388,-1.8148,0.69006,0.61636,0.012307
7.8009,-2.6083,3.0088,0.085359,-0.10995,-0.10973,-0.56009,0.2223,-0.6902,7.7827,4.0431,1.5441,0.41704,-0.49974,0.50974,-0.59042,-0.61519,-0.26982,7.7427,-3.4232,1.5189,0.24154,0.70931,1.0243,-0.29949,0.70115,-0.48823,-9.7682,0.95619,-1.56,0.19071,-0.1941,-0.89475,0.77619,-0.44299,0.21341,-6.3208,3.8083,-1.5031,1.1624,-0.30431,-1.7939,0.64529,0.66032,-0.032498
7.948,-2.8627,3.3515,-0.007039,-0.12927,-0.13802,-0.56429,0.21868,-0.68715,8.5453,4.4981,1.6626,0.30087,-0.50505,0.46996,-0.60798,-0.60641,-0.25036,7.6792,-3.4423,1.6285,0.20469,0.527,0.84015,-0.26248,0.70889,-0.50089,-9.3663,0.12225,-0.77093,0.067802,-0.24247,-0.807,0.79239,-0.41576,0.20574,-8.8799,5.2095,-1.5052,-0.26597,-0.80394,-1.5484,0.59533,0.70335,-0.060211
7.9479,-2.7893,3.5385,-0.034977,-0.091271,-0.13001,-0.57085,0.21557,-0.6834,8.5656,4.5116,1.862,0.11177,-0.50026,0.38797,-0.62389,-0.59732,-0.2328,7.5328,-3.4907,1.9375,0.24205,0.32941,0.64367,-0.22937,0.71499,-0.50983,-9.3193,-0.14899,-0.40964,0.33656,-0.23139,-0.82106,0.81029,-0.38562,0.19865,-7.5258,-0.60331,-0.6092,-0.80634,-0.92178,-0.79209,0.55694,0.73079,-0.072354
7.9714,-2.6112,3.3981,-0.099949,-0.056945,-0.14301,-0.57386,0.21487,-0.68005,8.2341,4.3532,2.0487,-0.015113,-0.52631,0.2332,-0.636,-0.59082,-0.21949,7.2419,-2.9943,2.1029,0.1584,0.20396,0.42425,-0.2081,0.71552,-0.51713,-10.114,0.031305,-1.2509,0.51808,-0.33251,-0.82791,0.82442,-0.35367,0.19757,-9.6792,-7.2021,-0.93223,-0.12429,0.36349,-0.67541,0.53686,0.74734,-0.059609
8.9824,-2.9467,3.7766,-0.12887,-0.091478,-0.22122,-0.57635,0.21418,-0.67722,8.6941,4.5124,2.1835,-0.23205,-0.54975,0.13804,-0.64554,-0.58396,-0.20953,7.6196,-3.1714,2.3122,-0.031205,0.10389,0.070644,-0.19749,0.71567,-0.52133,-10.902,-0.52746,-1.0561,0.32433,-0.2034,-0.89681,0.83837,-0.32436,0.19776,-10.003,-18.707,2.3623,0.439,0.1575,-0.24155,0.52582,0.75847,-0.055935
9.6647,-3.6635,3.8069,-0.075103,-0.14817,-0.14973,-0.58198,0.21234,-0.67344,10.069,4.6507,2.1196,-0.38859,-0.42204,0.12782,-0.65194,-0.5782,-0.20424,8.5676,-3.5751,2.7149,-0.17902,-0.01922,-0.40294,-0.20175,0.7173,-0.51905,-11.142,-0.48185,-1.436,0.41908,0.067641,-0.97433,0.8513,-0.29093,0.19725,-10.861,-6.3225,-0.99463,0.35405,0.50749,-0.045601,0.52007,0.76174,-0.060512
11.291,-3.0642,4.4349,-0.10385,0.11264,-0.14338,-0.58569,0.21167,-0.67092,11.169,4.0286,1.4506,-0.17015,-0.11728,0.005908,-0.65733,-0.57359,-0.20622,9.0138,-4.0932,3.3759,-0.14628,-0.16725,-0.85003,-0.22436,0.71373,-0.51426,-12.325,0.72308,-0.23094,1.2967,0.6797,-1.1638,0.8573,-0.24608,0.22446,-6.1671,1.8143,-1.7598,1.069,0.7479,0.69166,0.53518,0.75081,-0.068148
11.404,-2.4006,4.9921,-0.12746,0.15546,-0.32958,-0.58217,0.21032,-0.67449,12.193,4.9285,1.274,0.091977,-0.004148,-0.094054,-0.65357,-0.57505,-0.20613,11.113,-4.0848,3.5787,-0.075434,-0.32745,-1.3708,-0.26436,0.70305,-0.50724,-11.975,7.0093,-2.436,1.0516,-0.088959,-0.30678,0.86399,-0.20577,0.24033,-17.555,-7.5078,3.0342,1.8692,0.37285,-0.50116,0.55986,0.72423,-0.10279
10.4,-3.1172,2.8089,-0.08353,0.096668,-0.20912,-0.5813,0.20688,-0.67563,11.438,5.7444,1.4868,-0.30186,0.027045,-0.10311,-0.65151,-0.57568,-0.20999,10.46,-3.7326,3.9,-0.46563,-0.43581,-1.6083,-0.31589,0.69064,-0.49735,-12.265,9.5086,0.28579,1.2458,-0.061374,0.09998,0.86555,-0.18908,0.24921,-6.1889,3.1124,-3.4446,0.51986,1.1372,1.2437,0.56897,0.7128,-0.13562
9.2918,-1.828,1.2571,-0.36756,0.25432,-0.044344,-0.57744,0.21049,-0.6779,9.5957,4.834,0.84217,-0.85532,-0.013132,-0.39088,-0.64851,-0.57633,-0.22202,7.9606,-3.9045,3.9091,-0.47773,-0.6016,-1.4416,-0.36278,0.678,-0.47973,-10.777,5.3991,-1.7276,0.43912,-0.28715,0.58532,0.86524,-0.19305,0.24996,-5.8748,7.2783,-3.3608,-1.1342,0.36451,0.83796,0.59256,0.70058,-0.098035
9.1185,-1.0234,0.44785,-0.70605,0.25238,-0.083131,-0.57101,0.22589,-0.68108,8.4896,3.8266,0.70204,-1.2082,-0.12393,-0.85128,-0.63354,-0.58335,-0.24763,8.2629,-3.9689,3.7828,0.037296,-0.66262,-1.1513,-0.40925,0.66102,-0.46584,-11.923,-2.635,-1.8619,-0.55118,0.29389,0.85858,0.85637,-0.22428,0.24963,-14.537,-2.8833,2.9259,-0.65998,0.23569,0.70375,0.61793,0.68302,-0.070641
9.8585,-1.7437,1.2545,-0.65933,0.15852,-0.13547,-0.56754,0.24268,-0.67748,8.7109,3.987,1.0904,-1.4955,-0.032981,-0.90082,-0.61076,-0.59194,-0.27729,9.5698,-2.9206,3.0902,-0.15632,-0.44273,-0.87153,-0.44589,0.64147,-0.45478,-12.884,-7.0438,-0.94631,0.37428,0.095123,0.92173,0.84678,-0.25276,0.25899,-8.9237,-2.0136,-3.4,0.32268,0.14473,1.1756,0.64317,0.6594,-0.062547
10.01,-2.2821,2.2071,-0.43483,0.19913,-0.082398,-0.56237,0.25723,-0.67711,10.438,4.1083,0.53793,-1.6325,0.40047,-0.62587,-0.58781,-0.58819,-0.32769,9.4827,-3.1846,3.0103,-0.73967,-0.23221,-0.63336,-0.4765,0.63725,-0.42933,-11.142,-6.6697,-2.7045,0.96586,-0.086829,1.194,0.832,-0.29189,0.26106,-10.368,2.6072,-2.8891,-0.12235,0.21596,1.0411,0.67529,0.62589,-0.044107
8.7512,-2.0214,2.5275,-0.40451,0.17476,0.007023,-0.55811,0.26743,-0.67649,10.457,2.5775,-0.15888,-1.1615,0.99036,-0.50946,-0.56476,-0.58023,-0.37792,8.4182,-3.4836,3.5078,-0.8057,-0.29487,-0.37601,-0.49317,0.64333,-0.40226,-9.2727,-3.3431,-0.36023,0.14825,0.39625,1.8898,0.80768,-0.34446,0.27259,-10.17,-0.74576,-1.192,-0.36457,0.10368,0.94786,0.69868,0.60146,-0.031459
7.6803,-1.7003,2.1932,-0.5039,0.20742,0.00937,-0.5533,0.28049,-0.67772,9.1956,3.2795,0.05766,-0.17165,1.2524,-0.69062,-0.53399,-0.58457,-0.41159,7.2634,-3.4632,3.4973,-0.74465,-0.35351,-0.21918,-0.50094,0.65075,-0.3795,-7.864,-3.9626,0.32133,-0.49323,0.67979,1.814,0.77718,-0.39469,0.29015,-9.7881,-0.59822,-1.1777,-0.22059,-0.15044,0.98996,0.7202,0.5749,-0.040279
7.5597,-1.9222,2.34,-0.43196,0.11563,0.020795,-0.54866,0.29293,-0.67497,8.5016,4.1174,0.22243,-0.009909,1.1328,-0.87932,-0.49225,-0.60006,-0.43825,7.0078,-3.33,3.0829,-0.44902,-0.40092,-0.18543,-0.51155,0.65804,-0.3576,-6.8164,-3.2287,-0.28101,-1.9221,1.0808,1.9032,0.73286,-0.46828,0.29286,-9.0577,-2.7528,-1.1338,-0.029782,-0.075641,0.98522,0.74303,0.5459,-0.041737
7.9836,-1.9417,2.6863,-0.35805,0.052492,0.014842,-0.548,0.30438,-0.6721,8.4807,3.9789,-0.20104,-0.11715,1.0137,-0.98403,-0.44977,-0.61702,-0.46061,7.351,-3.1277,2.9868,-0.25185,-0.37692,-0.23096,-0.52349,0.65921,-0.34311,-7.5965,-3.833,0.06403,-1.5021,1.1703,1.7308,0.6806,-0.54072,0.29053,-9.6843,-1.2112,-1.1701,0.054427,0.094027,0.9321,0.76395,0.51622,-0.041328
8.3033,-1.8867,3.1069,-0.24983,0.005814,0.053548,-0.54687,0.31503,-0.66788,8.6621,3.7997,-0.2299,-0.10865,0.92521,-1.0006,-0.4014,-0.63334,-0.48242,7.546,-3.2259,3.0648,-0.32228,-0.337,-0.27861,-0.53465,0.66043,-0.32252,-6.0115,-4.1868,0.11125,-0.69417,0.51468,2.0527,0.61972,-0.61746,0.28038,-10.143,-2.3132,-1.5169,-0.16233,0.28458,0.99204,0.78162,0.4869,-0.025195
8.3022,-2.0355,3.2551,-0.18683,-0.013366,0.12759,-0.54605,0.32212,-0.66471,8.6742,3.7274,-0.33219,0.015014,0.81108,-0.89818,-0.35859,-0.64665,-0.49761,7.8246,-3.7249,3.0484,-0.3212,-0.37971,-0.23804,-0.54625,0.66033,-0.30628,-8.5503,-2.9801,-0.41362,-0.14154,0.12769,1.6974,0.56664,-0.66612,0.28289,-8.5776,-2.0292,-1.542,-0.24639,0.25305,0.80137,0.79857,0.45911,-0.011793
8.3159,-2.1184,3.5978,-0.05709,-0.081352,0.20195,-0.54576,0.32857,-0.66155,8.4784,3.7372,-0.34792,0.12034,0.66704,-0.77625,-0.32406,-0.65767,-0.50355,7.9466,-3.8884,3.1924,-0.13173,-0.49264,-0.16208,-0.55613,0.65722,-0.29447,-8.0443,-1.1344,-0.22544,0.071603,-0.30908,0.74173,0.54122,-0.68284,0.28658,-9.3388,-0.34466,-1.6698,-0.32683,0.20217,0.72734,0.81254,0.43516,-0.007104
8.3903,-2.1634,3.5832,0.004434,-0.07064,0.23117,-0.5459,0.3344,-0.65894,7.9383,3.6254,-0.257,0.14122,0.43426,-0.69596,-0.2932,-0.66949,-0.50807,7.9658,-3.8745,3.4809,0.065325,-0.57707,-0.11257,-0.56635,0.65524,-0.2821,-9.2761,4.6021,-3.3844,0.18334,0.17744,1.0991,0.52117,-0.69737,0.28924,-9.7191,0.71844,-1.8825,-0.47585,0.10333,0.77963,0.82558,0.40989,0.002303
8.7773,-2.3291,3.4881,0.040618,-0.057934,0.25855,-0.54625,0.33925,-0.65793,7.8704,3.5884,-0.13369,0.10258,0.15313,-0.60734,-0.26954,-0.67953,-0.50664,8.2577,-3.7478,3.7006,0.17065,-0.56904,-0.077014,-0.575,0.65373,-0.27257,-9.1745,14.121,-2.5976,0.11537,0.084291,0.98224,0.48866,-0.71907,0.29679,-10.506,0.61045,-1.9857,-0.53999,0.034528,0.83396,0.83876,0.38296,0.015191
10.074,-2.1043,3.9544,-0.010525,-0.004399,0.17634,-0.54448,0.34356,-0.65682,8.2632,3.6132,0.22838,0.065101,-0.14782,-0.36758,-0.25741,-0.68699,-0.50313,9.4857,-4.0776,4.0892,0.26682,-0.44497,-0.037482,-0.58268,0.65158,-0.26563,-8.986,9.9192,-1.5691,0.52272,0.73257,-0.1629,0.47639,-0.71877,0.31657,-11.332,-0.79767,-1.8839,-0.64116,0.27302,0.8905,0.85082,0.35585,0.032132
10.977,-3.1878,4.4765,0.04909,0.10944,0.11582,-0.54275,0.3468,-0.65917,9.2971,3.8432,0.75565,0.089016,-0.37719,0.06871,-0.25854,-0.6886,-0.49867,11.157,-4.0617,4.0874,0.15502,-0.17532,0.040252,-0.58616,0.64858,-0.26475,-8.4457,-0.013153,-3.3927,-0.87708,0.906,-0.79571,0.48167,-0.70966,0.33233,-12.337,-1.0745,-2.529,-1.3371,0.51464,1.1611,0.86367,0.31851,0.063834
11.85,-4.2786,5.0579,0.15348,0.094594,0.24925,-0.53558,0.34871,-0.6613,11.34,4.1093,0.80826,0.25,-0.47462,0.82219,-0.27697,-0.68679,-0.49233,12.424,-4.3351,4.0649,-0.17282,-0.007322,0.050268,-0.5855,0.64917,-0.26365,-21.277,11.802,2.6901,-2.2987,0.169,0.75871,0.4884,-0.72152,0.28945,-11.427,-4.5946,-0.9622,-0.79035,-0.34548,0.69066,0.87619,0.27756,0.072101
10.63,-3.0403,3.49,-0.052968,0.1804,0.16819,-0.52898,0.35347,-0.66427,10.287,3.9817,1.1413,0.61809,-0.33941,1.4199,-0.31738,-0.68181,-0.47563,11.071,-4.994,4.3614,-0.17452,0.15696,0.12434,-0.58243,0.65526,-0.26039,-4.1603,-7.815,-1.9179,-0.066038,-0.097981,-2.2161,0.524,-0.70864,0.25541,-12.076,-7.4458,-0.65222,-0.66709,-0.54852,-0.068542,0.87973,0.26934,0.059081
9.355,-3.6558,2.5065,0.18711,0.080891,0.064781,-0.52463,0.35389,-0.66729,9.4691,4.5548,1.4305,0.40218,-0.55833,1.6419,-0.36928,-0.66982,-0.45517,9.4814,-4.1617,3.658,0.13103,0.18091,0.35931,-0.5729,0.65955,-0.26439,-9.4268,-2.8894,-1.414,0.044853,-0.07869,-0.67238,0.56436,-0.67448,0.26246,-9.012,-8.4254,1.9885,-0.82955,-0.70588,-0.80585,0.87498,0.28661,0.04586
7.763,-3.9989,0.69426,0.46383,-0.011749,0.12002,-0.52078,0.34501,-0.6724,8.954,4.4448,1.6406,-0.15763,-0.70621,1.6465,-0.43548,-0.64191,-0.44011,7.9263,-3.5585,3.3526,0.37822,0.19452,0.56768,-0.55655,0.66963,-0.27547,-12.309,1.6719,2.4012,0.64407,-0.53225,-1.0696,0.59971,-0.65163,0.24279,-10.882,-0.60478,-2.1148,-0.50702,-0.11058,-1.1079,0.86346,0.31863,0.048251
7.9724,-3.6096,1.1087,0.49222,-0.1121,0.12419,-0.52285,0.33457,-0.67932,8.6811,3.1746,1.6671,0.007664,-0.60102,1.3876,-0.48532,-0.61146,-0.43195,7.7382,-4.2992,2.7491,0.64823,0.36182,0.54261,-0.53791,0.6756,-0.29455,-8.8127,2.4817,-1.4825,-0.22849,-0.26009,-1.0203,0.63079,-0.62287,0.23857,-12.181,3.0509,-3.4862,-0.21414,0.21693,-0.98662,0.84985,0.35336,0.057807
9.1404,-3.7987,1.6087,0.53371,-0.16189,0.07717,-0.52617,0.32385,-0.67977,9.5306,3.1359,1.1474,0.50884,-0.48089,1.0152,-0.51973,-0.59274,-0.41754,9.4769,-3.8268,2.4861,1.3643,0.48772,0.42058,-0.52151,0.66785,-0.32982,-9.4182,-2.3431,-2.9521,0.092379,0.23173,-0.97725,0.64904,-0.59742,0.25197,-11.639,4.556,-3.1593,-0.99285,0.42679,-1.0912,0.83433,0.38538,0.072458
9.4682,-3.4485,2.2849,0.58626,-0.15603,0.051759,-0.53082,0.30834,-0.68303,9.9967,4.2606,1.6121,0.76308,-0.3034,0.82224,-0.54751,-0.58423,-0.39525,10.348,-3.0339,1.9014,1.054,0.6807,0.39622,-0.50138,0.65497,-0.37589,-10.176,0.33254,-1.6275,0.21489,-0.42905,-1.0377,0.67357,-0.57134,0.24923,-11.99,4.2545,-1.9113,-0.30587,-0.15077,-1.4593,0.81526,0.42443,0.089045
8.4852,-2.9835,2.8549,0.58729,-0.15938,0.00521,-0.53581,0.29307,-0.68511,8.8941,3.7234,1.4669,0.74738,-0.27905,0.6026,-0.56898,-0.57904,-0.37232,9.8859,-3.4031,1.9668,0.37078,0.79202,0.55447,-0.478,0.65192,-0.40755,-9.7827,-0.35789,-1.1013,0.16191,-0.27243,-0.95731,0.70091,-0.54179,0.24484,-9.0021,3.2044,-0.34753,0.76312,0.22272,-1.7502,0.78653,0.47623,0.083659
7.3762,-2.8107,2.6014,0.56653,-0.20424,-0.054021,-0.54122,0.27486,-0.68759,7.8409,3.6912,1.1444,0.76636,-0.31232,0.35843,-0.58278,-0.58025,-0.34488,9.0773,-3.3719,1.7511,-0.005654,0.86119,0.80479,-0.4399,0.65826,-0.43632,-9.5377,1.5309,-0.7009,0.040291,-0.46068,-0.88764,0.72751,-0.51338,0.22817,-8.2962,4.1412,-0.086622,2.2847,0.32324,-1.7898,0.74632,0.53492,0.071413
7.4364,-2.7366,2.4905,0.46504,-0.23246,-0.072275,-0.54872,0.25928,-0.6871,7.6065,3.8114,1.3525,0.69781,-0.31634,0.30204,-0.59657,-0.58232,-0.32216,7.9027,-3.1085,1.6652,-0.16781,0.79725,0.96844,-0.40071,0.67537,-0.44985,-9.7017,1.2251,-1.2589,0.22993,-0.19769,-0.90706,0.74899,-0.48484,0.22326,-7.6686,3.8734,-1.2269,1.816,-0.056376,-1.9018,0.7044,0.59195,0.027611
7.7641,-2.6809,2.7097,0.29522,-0.17075,-0.1165,-0.55492,0.24754,-0.68686,7.6425,3.6769,1.0994,0.69303,-0.28297,0.27201,-0.60756,-0.58508,-0.3009,7.5381,-3.5922,1.7023,-0.046447,0.64483,0.93897,-0.36511,0.69516,-0.45479,-9.5688,1.4585,-1.369,0.26854,-0.20835,-0.88591,0.7654,-0.45611,0.22495,-6.8005,3.3158,-0.97475,1.3928,-0.27744,-1.7542,0.66336,0.64407,-0.019267
7.7928,-2.8004,2.918,0.17203,-0.19714,-0.14938,-0.56227,0.23855,-0.68323,8.0359,4.2427,1.3619,0.53829,-0.34441,0.28911,-0.61713,-0.58513,-0.27836,8.2643,-3.8756,2.0115,0.2657,0.5531,0.82096,-0.32852,0.70638,-0.46696,-9.3649,1.173,-1.0271,0.12687,-0.15189,-0.82646,0.78208,-0.42702,0.22362,-6.8156,3.6696,-1.7508,0.1383,-0.6339,-1.9571,0.61181,0.69153,-0.050556
8.0825,-2.819,3.2782,0.088775,-0.16213,-0.13318,-0.56911,0.23264,-0.67999,8.374,4.3919,1.5785,0.17058,-0.43055,0.28288,-0.62851,-0.58016,-0.26324,8.0828,-3.1243,1.8588,0.24059,0.50071,0.69897,-0.29787,0.711,-0.48141,-9.4903,-0.5148,-0.95276,0.034433,-0.1799,-0.81023,0.79817,-0.40091,0.21948,-8.3472,0.78195,-0.51478,-0.78563,-0.80238,-1.104,0.56537,0.73099,-0.054608
8.3721,-2.8377,3.6607,0.001141,-0.113,-0.13803,-0.57552,0.22837,-0.67609,8.6443,4.0135,1.6173,0.019457,-0.46872,0.13631,-0.63913,-0.57544,-0.24807,7.6831,-3.0544,1.92,0.000954,0.41865,0.51737,-0.26745,0.71732,-0.49061,-10.3,-1.0383,-0.24085,0.24471,-0.27048,-0.92561,0.81515,-0.37015,0.21285,-7.8067,-2.1886,-1.8356,-0.50522,0.12531,-0.5722,0.54288,0.74332,-0.040458
8.6254,-2.8694,3.6625,-0.041754,-0.041678,-0.19582,-0.57819,0.22577,-0.67392,8.9043,4.061,1.8183,-0.023419,-0.45722,0.026519,-0.64478,-0.57553,-0.23666,7.7565,-3.3442,2.1706,-0.012562,0.26112,0.23705,-0.25028,0.72119,-0.49228,-9.9757,-0.64296,-1.2474,0.40111,-0.28319,-0.91507,0.83029,-0.33671,0.20765,-9.0939,-6.5927,-0.83108,-0.057657,0.076289,-0.26081,0.53225,0.75123,-0.028033
9.0196,-3.0208,3.6868,-0.10229,-0.02801,-0.21873,-0.58138,0.22344,-0.67176,9.357,4.2638,1.9532,-0.11666,-0.39375,-0.014946,-0.65017,-0.57304,-0.22927,8.1317,-3.4898,2.4208,-0.056498,0.11381,-0.1262,-0.24476,0.72287,-0.49375,-10.591,0.087937,-0.90051,0.44703,-0.24683,-0.9111,0.8455,-0.30369,0.2041,-10.16,-18.923,2.4487,0.84348,0.60758,-0.21866,0.52734,0.75982,-0.032423
9.5908,-3.5075,3.8447,-0.11533,-0.09132,-0.21204,-0.5846,0.22048,-0.67001,10.098,4.4525,2.0072,-0.22324,-0.32489,-0.059784,-0.65186,-0.57173,-0.22315,8.9744,-3.6015,2.785,-0.055145,-0.050567,-0.52287,-0.2551,0.72198,-0.49157,-10.878,0.31463,-1.5966,0.54142,0.2311,-0.95186,0.85474,-0.26685,0.2091,-9.9757,-5.2879,-1.1412,0.42279,0.35579,0.24945,0.52606,0.75774,-0.04366
