9.566,-1.8185,1.689,-0.54165,0.1387,-0.18662,-0.54196,0.22813,-0.70379,8.6265,4.1939,1.2457,-1.1603,0.068364,-0.4947,-0.59446,-0.60479,-0.29228,8.4179,-2.139,2.4232,-0.65889,-0.28715,-0.53021,-0.46394,0.605,-0.4893,-12.358,-5.6329,-1.3712,0.42001,0.067108,0.92045,0.84522,-0.26747,0.25406,-8.3508,0.47595,-3.0968,0.035994,0.44429,1.0686,0.64693,0.65831,-0.042404
9.4354,-2.4047,2.199,-0.4169,0.18775,-0.073579,-0.5377,0.24182,-0.70319,10.094,4.3485,1.3088,-1.1292,0.46582,-0.45255,-0.57821,-0.59962,-0.33242,8.4801,-3.2281,3.0761,-0.98554,-0.20227,-0.44308,-0.48346,0.61071,-0.46229,-11.081,-5.8284,-1.8179,0.72204,0.053966,1.2662,0.83246,-0.30402,0.25799,-9.9163,-0.042536,-2.2433,-0.50883,0.059924,0.80129,0.67875,0.62838,-0.0133
8.8693,-2.0835,2.6817,-0.3918,0.22564,0.028414,-0.53289,0.25401,-0.70469,10.892,3.4643,0.71205,-0.52794,0.97067,-0.56685,-0.55369,-0.59916,-0.37079,8.2763,-3.9784,3.6825,-0.83698,-0.16856,-0.38292,-0.49542,0.61988,-0.43526,-9.2153,-3.5106,-0.27518,0.00602,0.40114,1.6749,0.80832,-0.35242,0.26927,-9.8429,-0.80398,-2.4533,-0.3635,0.024571,0.93094,0.70128,0.60443,-0.000171
8.1116,-1.5147,2.7394,-0.43522,0.24571,0.042807,-0.52583,0.2637,-0.70408,9.3623,3.1463,0.34167,0.50387,1.2321,-1.0011,-0.52064,-0.61543,-0.39021,7.381,-3.087,3.2623,-0.55307,-0.20925,-0.30688,-0.50459,0.62899,-0.41329,-8.094,-3.4045,0.50484,-1.3002,0.6206,1.6958,0.78013,-0.40475,0.27785,-9.7363,-0.67583,-0.79307,-0.25834,-0.166,0.88958,0.71706,0.58477,-0.00904
7.6266,-1.5559,2.8921,-0.38855,0.16288,0.04592,-0.52038,0.2757,-0.70356,8.3627,4.33,0.19518,0.51143,0.97239,-1.3849,-0.46888,-0.64819,-0.39686,6.9787,-2.8713,3.228,-0.5446,-0.24261,-0.19929,-0.51444,0.63418,-0.39549,-7.0347,-3.5469,-0.29885,-2.052,1.172,1.7048,0.7387,-0.47771,0.27058,-9.2969,-1.8258,-1.4609,-0.11073,-0.026394,0.90084,0.73669,0.55785,-0.008464
7.9075,-2.0766,2.8834,-0.2679,0.067821,0.10487,-0.51795,0.28902,-0.70249,8.4733,4.8155,0.037736,-0.14188,0.65439,-1.3731,-0.41811,-0.67489,-0.40692,7.5274,-3.2969,3.4393,-0.49669,-0.25664,-0.18502,-0.52278,0.63968,-0.37654,-8.126,-3.371,-0.35097,-1.1928,0.90384,1.6192,0.69187,-0.54176,0.27164,-9.746,-1.7044,-1.3935,-0.03879,-0.011745,0.85302,0.75509,0.5322,-0.008715
7.9299,-1.9885,3.0333,-0.1726,-0.047226,0.12831,-0.51441,0.29779,-0.70055,8.3864,4.2367,-0.057756,-0.67694,0.46705,-1.1413,-0.36648,-0.69409,-0.42805,7.8612,-3.4008,3.5782,-0.24545,-0.27427,-0.16879,-0.53217,0.63903,-0.36426,-7.0345,-3.3691,0.21103,-0.54984,0.57173,1.939,0.63646,-0.60979,0.26626,-9.538,-2.6612,-1.4523,-0.12646,0.041217,0.74409,0.77535,0.50397,-0.001199
8.4506,-1.9574,3.4851,-0.14219,-0.079862,0.16687,-0.51632,0.30503,-0.69628,8.1976,3.4323,-0.10389,-0.56821,0.39449,-0.92221,-0.3301,-0.69529,-0.45279,8.0217,-3.183,3.5377,-0.18409,-0.30338,-0.1166,-0.54011,0.64146,-0.35223,-9.3277,-2.1452,-0.58647,-0.077738,0.27902,1.7838,0.58324,-0.66096,0.27205,-8.9074,-1.6024,-1.7824,-0.008184,0.25672,0.66351,0.78906,0.48139,0.003587
8.4196,-2.1135,3.6778,-0.035585,-0.11897,0.17813,-0.51799,0.30995,-0.69238,8.1287,3.725,0.001492,-0.43288,0.34158,-0.68527,-0.30391,-0.69436,-0.47125,8.2364,-3.4635,3.6729,-0.051704,-0.32077,-0.089077,-0.54534,0.64243,-0.34209,-8.4398,-0.4929,-0.40541,-0.093275,-0.28956,1.0336,0.55001,-0.68936,0.26986,-9.7286,-0.030206,-1.7472,-0.31569,0.21428,0.56117,0.79824,0.46408,0.010565
8.7017,-2.3088,3.7682,0.006016,-0.10992,0.20097,-0.51893,0.31555,-0.69006,8.0076,3.6316,0.26756,-0.37646,0.21854,-0.48812,-0.28164,-0.69259,-0.48532,8.4844,-3.1564,3.6274,0.042634,-0.32964,-0.037662,-0.55292,0.64152,-0.33517,-9.2573,4.1261,-1.267,0.14876,0.095804,0.52016,0.53278,-0.70093,0.27113,-9.9976,0.38958,-1.8253,-0.41312,0.074403,0.65917,0.80873,0.44509,0.022978
8.8493,-2.5623,3.8871,0.10216,-0.04911,0.23824,-0.51934,0.31832,-0.68769,8.1554,3.727,0.57986,-0.20581,0.12067,-0.23302,-0.26702,-0.69018,-0.49719,8.8014,-3.3571,3.6552,0.043623,-0.28064,-0.002164,-0.55679,0.64037,-0.32975,-8.8469,7.8303,-2.748,0.22657,0.34132,0.90551,0.50376,-0.72312,0.27669,-9.7136,-0.01534,-1.7469,-0.43489,-0.065999,0.76943,0.82176,0.42185,0.030821
8.7473,-1.9253,4.1217,0.050678,-0.040159,0.2035,-0.51702,0.31962,-0.68895,7.897,3.5472,0.68435,-0.043213,0.030827,-0.063291,-0.26394,-0.69211,-0.49849,8.9233,-3.4794,3.7936,0.054402,-0.23805,-0.009109,-0.56108,0.63888,-0.32774,-9.1536,14.331,-1.2835,0.24106,0.42491,0.34983,0.48021,-0.731,0.29107,-9.9833,0.076449,-2.0051,-0.50462,0.049033,0.74968,0.83389,0.3939,0.041274
9.0415,-2.6252,4.4253,0.067576,-0.13582,0.15289,-0.51968,0.32292,-0.68641,8.2398,3.7932,0.92565,0.14895,-0.093732,0.16664,-0.26742,-0.69073,-0.49533,9.1914,-3.4391,3.621,-0.01475,-0.16166,0.051107,-0.5641,0.63834,-0.32485,-8.5094,3.7407,-1.6416,-0.038668,0.68126,-0.53211,0.47852,-0.72455,0.30463,-11.302,0.18908,-2.5499,-0.73885,0.45494,0.81415,0.84612,0.36842,0.058965
10.198,-3.8358,4.7171,0.24649,-0.082713,0.31533,-0.51981,0.32266,-0.68628,9.7074,4.4626,1.2875,0.13902,-0.17624,0.59879,-0.27866,-0.68828,-0.49222,9.7548,-3.8183,3.6386,0.034139,-0.16192,0.10428,-0.56286,0.64249,-0.3192,-8.9957,-0.32571,-1.4744,-1.4275,0.45427,-0.65725,0.48431,-0.72591,0.29579,-10.87,-1.3077,-2.2778,-1.1997,0.33059,0.95904,0.85777,0.33251,0.082956
10.676,-3.441,5.074,0.21914,-0.006288,0.44089,-0.51557,0.32487,-0.68893,11.211,4.4274,1.0099,0.22786,-0.21073,1.0694,-0.30787,-0.68092,-0.48717,11.167,-5.0153,3.8837,0.20711,-0.2215,-0.050806,-0.56478,0.64056,-0.31876,-16.833,9.4258,2.6257,-1.3001,0.17034,0.68534,0.48218,-0.74271,0.25578,-12.136,-2.3817,-1.0175,-0.46399,-0.24027,0.59045,0.86692,0.30363,0.094739
10.837,-2.9499,4.198,0.1567,0.02298,0.25554,-0.51214,0.32806,-0.68935,10.215,3.8694,1.147,0.55851,-0.31582,1.2615,-0.34511,-0.67286,-0.47282,10.869,-4.6057,3.7132,0.30406,-0.11015,-0.002817,-0.56902,0.63602,-0.32333,-5.4062,-7.4607,-2.3622,-0.010642,0.26818,-2.4107,0.52582,-0.71532,0.24126,-11.615,-4.5525,-0.31992,-0.50763,-0.4412,0.15854,0.8723,0.28831,0.084706
9.2319,-4.0734,3.0893,0.35231,0.11518,0.20044,-0.50921,0.32636,-0.69429,10.262,4.635,1.2091,0.5,-0.46238,1.4658,-0.39619,-0.66395,-0.44774,10.116,-3.9869,3.2999,0.18726,0.003078,0.28329,-0.56441,0.63627,-0.32856,-9.3673,-0.76112,-1.6989,-0.071494,-0.25505,-0.72572,0.57325,-0.68473,0.22943,-9.8882,-6.6897,-0.18448,-0.68403,-0.61054,-0.44343,0.87054,0.29363,0.082513
7.7264,-3.2922,1.5611,0.36634,0.019962,0.249,-0.50427,0.32104,-0.69899,8.7538,4.2662,1.3197,0.26098,-0.47584,1.5546,-0.44784,-0.64263,-0.43152,8.1933,-3.7054,3.327,0.25758,0.08002,0.49762,-0.55254,0.64275,-0.33494,-11.698,-0.055898,-0.41882,0.72441,-0.44963,-1.1097,0.60216,-0.65756,0.23649,-8.6858,-4.4633,0.14058,-0.86014,-0.23847,-0.95579,0.86278,0.31973,0.071845
7.5676,-3.8461,1.4518,0.413,-0.14659,0.15489,-0.50308,0.31326,-0.70182,7.9343,3.5095,1.4375,0.34518,-0.52603,1.3142,-0.48838,-0.62216,-0.41819,7.6085,-3.5393,3.083,0.55717,0.16153,0.58719,-0.53784,0.64843,-0.34552,-9.1652,3.3347,-1.9844,-0.59966,-0.32146,-0.97777,0.62675,-0.63394,0.23388,-11.84,0.90968,-2.8558,-0.44203,0.045772,-0.94381,0.85176,0.35066,0.070313
8.7276,-4.3009,1.6964,0.46345,-0.21522,0.11798,-0.50939,0.30399,-0.70333,8.8875,3.3174,1.0538,0.6224,-0.44198,1.0288,-0.52604,-0.60636,-0.39627,8.5749,-4.1815,2.5002,0.9555,0.26781,0.57042,-0.52008,0.64689,-0.37115,-9.7765,-2.2569,-1.1955,-0.22258,0.30146,-1.0362,0.65192,-0.61172,0.22207,-12.616,3.2465,-3.6842,-0.65692,0.51362,-1.0901,0.83549,0.38355,0.087359
9.087,-3.6097,2.2706,0.44474,-0.16785,0.074972,-0.5146,0.29263,-0.70425,9.4933,4.1205,1.3575,0.8088,-0.2787,0.91454,-0.5552,-0.59682,-0.37054,10.261,-4.2168,2.5288,1.07,0.47808,0.4955,-0.50057,0.63751,-0.40581,-10.104,0.15035,-1.6172,0.20686,-0.54122,-0.9322,0.67774,-0.58558,0.21787,-11.652,5.0733,-1.9377,-0.5127,0.13795,-1.3259,0.81557,0.42028,0.11138
8.6105,-3.2081,2.8366,0.44674,-0.18049,-0.005231,-0.5193,0.27594,-0.70325,8.9352,4.29,1.4156,0.69739,-0.29972,0.7321,-0.58204,-0.58698,-0.34607,10.055,-3.6084,2.2804,0.64485,0.74931,0.67045,-0.46877,0.63307,-0.44302,-9.8055,0.36048,-1.3789,0.12881,-0.28334,-0.9233,0.7044,-0.55608,0.20586,-10.89,3.7361,-0.76332,0.60912,-0.063261,-1.4523,0.78504,0.47303,0.11358
7.7838,-3.0241,2.9509,0.42161,-0.17756,-0.058243,-0.52466,0.26433,-0.70444,8.3563,3.9555,1.4373,0.52687,-0.39091,0.50434,-0.60074,-0.58,-0.32436,9.1141,-3.0011,2.0283,-0.028141,0.90792,0.88529,-0.4325,0.64256,-0.46585,-9.7955,0.28176,-0.47099,0.13707,-0.36694,-0.91326,0.72723,-0.52997,0.19672,-8.652,3.1305,-1.4441,1.2831,0.26397,-1.6717,0.75408,0.52606,0.095327
7.4786,-2.9917,2.8518,0.30048,-0.15469,-0.080429,-0.53062,0.2536,-0.70446,8.091,3.5673,1.514,0.54795,-0.3808,0.36097,-0.61455,-0.57669,-0.30307,8.0671,-3.2771,1.8828,-0.20923,0.87899,0.93417,-0.39582,0.65732,-0.48008,-9.6603,1.2153,-1.2569,0.28758,-0.25188,-0.87524,0.74696,-0.5027,0.1973,-8.5983,3.6367,-1.0311,1.263,0.12437,-1.8318,0.71905,0.57808,0.071987
7.5828,-2.9634,2.9796,0.19917,-0.14253,-0.10067,-0.53543,0.24551,-0.70273,7.9738,3.6467,1.6279,0.51644,-0.36021,0.29019,-0.62769,-0.57551,-0.28134,7.7117,-3.5355,2.1043,-0.038349,0.80673,0.78924,-0.35566,0.67528,-0.49046,-9.4952,2.3718,-1.5399,0.46699,-0.21692,-0.79271,0.76529,-0.47352,0.19705,-6.9275,3.5965,-0.31587,1.4566,-0.10398,-2.0534,0.67068,0.63511,0.038695
7.6726,-2.8311,3.0632,0.072653,-0.15348,-0.18832,-0.54219,0.2387,-0.70028,8.0722,3.7548,1.8379,0.38048,-0.38338,0.24855,-0.63748,-0.57422,-0.26243,8.0103,-2.9471,2.1059,-0.058352,0.78132,0.59147,-0.32003,0.68593,-0.50147,-9.2773,2.0582,-1.6402,0.13332,-0.066095,-0.80146,0.78059,-0.44749,0.19946,-7.5674,2.5146,-1.9129,0.7418,-0.089975,-1.8215,0.62007,0.68493,0.003292
7.9529,-3.3234,3.3606,0.014402,-0.20037,-0.18179,-0.55229,0.23238,-0.69543,8.4051,4.042,2.0745,0.10028,-0.41336,0.2099,-0.64824,-0.56974,-0.24736,8.1738,-3.0424,1.9952,-0.20652,0.64158,0.47889,-0.28477,0.70284,-0.4997,-9.8135,-0.52848,-0.37295,-0.068028,0.18181,-0.74549,0.79375,-0.42558,0.19697,-7.7614,2.7982,-1.5719,0.13186,-0.45753,-1.3231,0.57291,0.72717,-0.015649
8.295,-3.261,3.7291,-0.027181,-0.14656,-0.14646,-0.55765,0.22899,-0.69148,8.9887,3.7794,2.2226,-0.051686,-0.36612,0.12255,-0.65627,-0.56305,-0.23942,8.3985,-3.4834,2.2238,-0.025537,0.42375,0.37269,-0.26227,0.71103,-0.50281,-10.408,-1.2192,-0.72169,0.12407,-0.11311,-0.84385,0.80745,-0.39843,0.1998,-6.8941,1.3265,-0.51561,-0.46287,-0.48088,-0.67452,0.54249,0.74855,-0.017481
8.5043,-3.0778,3.814,-0.1332,-0.020109,-0.20548,-0.56082,0.22702,-0.68853,8.8501,3.3943,2.1763,0.020565,-0.26001,-0.057179,-0.65946,-0.56416,-0.23122,8.2956,-3.2014,2.3005,0.23423,0.15072,0.2108,-0.25163,0.70935,-0.51181,-9.5725,-1.1551,-0.90751,-0.005429,-0.24364,-0.86685,0.82258,-0.37018,0.19549,-8.8479,-2.4506,-0.65588,-0.26652,-0.24346,-0.25814,0.53148,0.75879,-0.013533
8.7872,-3.11,3.883,-0.18316,0.043364,-0.32253,-0.5622,0.22635,-0.68711,8.553,3.8498,2.2154,0.02141,-0.22184,-0.13344,-0.65952,-0.56711,-0.22318,8.3855,-3.0466,2.3358,0.29248,-0.08823,-0.042172,-0.24953,0.7036,-0.5187,-10.264,-0.34766,-1.0123,0.24394,-0.38533,-0.86764,0.83554,-0.34078,0.18413,-10.181,-11.407,-0.63533,0.7882,0.30482,-0.30314,0.52406,0.76184,-0.023523
8.9937,-3.6741,3.7467,-0.12457,-0.033526,-0.34401,-0.56597,0.22211,-0.68563,9.5638,4.5915,2.191,-0.30139,-0.21896,-0.086031,-0.65999,-0.56738,-0.2227,8.5973,-3.0576,2.4394,0.23379,-0.26403,-0.37992,-0.26008,0.69606,-0.52557,-11.374,0.46655,-1.3355,0.42366,0.056841,-0.882,0.84942,-0.30758,0.18367,-11.493,-17.239,0.85787,0.43897,0.12863,-0.10543,0.5183,0.76636,-0.042429
10.229,-3.8414,4.2175,-0.1312,-0.002343,-0.25464,-0.57173,0.21891,-0.6841,11.156,4.2155,1.7204,-0.28637,-0.028549,-0.18808,-0.65575,-0.56944,-0.22818,9.4893,-3.4902,2.8931,0.19234,-0.43241,-0.77577,-0.28488,0.68473,-0.52479,-11.656,0.48483,-0.5911,1.0327,0.57104,-1.0998,0.85754,-0.26929,0.20114,-7.8617,-3.0997,-2.172,0.36182,0.52597,0.54097,0.53246,0.75414,-0.033089
11.9,-3.3081,4.5917,-0.007649,0.025697,-0.34923,-0.57271,0.21478,-0.68277,12.346,4.3471,1.5461,0.078052,0.10393,-0.384,-0.64647,-0.57569,-0.23356,11.263,-3.7759,2.9323,0.12615,-0.55086,-1.226,-0.32266,0.66791,-0.52572,-12.776,4.2112,-1.6453,1.024,0.088733,-0.48386,0.86259,-0.22851,0.2296,-13.188,-1.424,2.0519,1.6019,0.40479,0.069169,0.54968,0.7398,-0.056823
10.656,-3.6272,3.5059,0.11212,0.076963,-0.29294,-0.57447,0.20596,-0.68371,11.328,4.8017,1.7946,-0.12418,0.19621,-0.54378,-0.63629,-0.58658,-0.23707,10.625,-4.0287,3.499,0.018064,-0.75968,-1.4635,-0.37018,0.64676,-0.51901,-11.09,7.3297,-1.6973,0.94912,0.025011,0.05805,0.86564,-0.21659,0.24058,-6.2626,2.8178,-0.65029,0.53624,-0.14541,1.0127,0.54222,0.74232,-0.096436
9.5259,-2.4258,1.7221,-0.097204,0.3037,-0.14662,-0.57237,0.20139,-0.6868,10.33,3.9275,1.1529,-0.19659,0.2328,-0.79761,-0.61765,-0.60059,-0.24694,9.6382,-4.2019,4.015,0.26104,-0.92773,-1.3005,-0.42296,0.62089,-0.5077,-10.915,7.2213,-0.70355,0.8616,-0.25294,0.28555,0.86343,-0.21466,0.2425,-7.8523,7.5701,-3.3829,-0.94708,0.58064,0.77927,0.57225,0.72291,-0.070896
9.2356,-0.94021,1.3117,-0.2352,0.22736,-0.1556,-0.5655,0.2025,-0.6924,9.0418,4.0836,0.99506,-0.37746,0.2559,-0.98294,-0.59112,-0.62092,-0.26001,8.6846,-3.4391,3.6989,0.28292,-0.82453,-0.99221,-0.46786,0.59174,-0.49725,-11.249,1.8429,-2.2421,-0.2504,-0.047067,0.67222,0.86155,-0.22852,0.23714,-11.797,-1.8952,0.39369,-0.22262,0.44855,0.75982,0.59542,0.70537,-0.051221
9.1311,-1.1897,0.91393,-0.39281,0.19673,-0.17213,-0.56085,0.2065,-0.69491,8.9882,4.2837,1.2094,-0.73016,0.2989,-0.96377,-0.55899,-0.63915,-0.2853,8.1547,-2.4889,3.2783,-0.051148,-0.57995,-0.653,-0.50967,0.57369,-0.48331,-12.404,-5.4461,-1.2598,-0.18638,0.12951,0.88559,0.85157,-0.26704,0.22628,-9.404,-2.7186,-2.3016,-0.18916,0.34813,0.99587,0.61788,0.68712,-0.038068
10.095,-1.6903,1.9028,-0.39649,0.21065,-0.17389,-0.55642,0.21407,-0.69626,9.965,3.9454,0.48992,-0.84864,0.47263,-0.95999,-0.52829,-0.64981,-0.31517,8.5427,-2.8914,3.279,-0.4977,-0.30057,-0.39145,-0.52757,0.56882,-0.46588,-12.698,-5.8785,-0.33506,1.0681,-0.014384,1.1035,0.83771,-0.29658,0.2352,-9.6592,1.6836,-2.8094,-0.23482,0.40652,1.0506,0.64736,0.65884,-0.02899
9.5542,-2.3402,2.5062,-0.32231,0.27774,-0.073807,-0.55264,0.22164,-0.69737,10.457,4.2352,0.20759,-0.8817,0.64282,-0.92668,-0.49783,-0.65633,-0.34637,8.9375,-3.1562,3.6098,-0.74286,-0.065179,-0.2057,-0.53293,0.57561,-0.45081,-10.732,-5.2227,-1.1064,0.63172,0.075306,1.6441,0.82209,-0.32889,0.25252,-9.5961,-1.5101,-1.6145,-0.61245,0.072067,0.85039,0.67022,0.63799,-0.005306
8.1466,-2.0188,2.7513,-0.31718,0.30403,0.042704,-0.54439,0.2326,-0.70178,9.9096,4.0151,0.12063,-0.73609,0.74879,-0.89899,-0.4636,-0.66159,-0.382,7.7731,-3.1478,3.5455,-0.94468,0.031615,-0.073579,-0.53505,0.59071,-0.42915,-8.3193,-3.1505,0.53004,-0.29577,0.53501,1.8136,0.79166,-0.38633,0.26657,-10.282,0.46692,-2.2033,-0.52189,-0.040233,0.94099,0.69369,0.61213,0.00993
7.5675,-1.4663,2.8549,-0.3285,0.23626,0.070306,-0.53523,0.24169,-0.70416,8.6845,3.6761,0.082418,-0.47968,0.69622,-0.979,-0.42581,-0.66805,-0.40945,6.5988,-3.0446,3.4746,-0.77624,-0.057576,0.026794,-0.53503,0.60536,-0.40858,-7.2745,-3.4127,-0.33382,-1.946,0.91507,1.8336,0.75367,-0.45626,0.26666,-9.5357,-1.6326,-0.83708,-0.27427,-0.33664,0.9644,0.71498,0.58623,0.012454
7.4477,-1.5693,2.9205,-0.30354,0.16447,0.078844,-0.52797,0.25313,-0.70715,8.0988,3.716,-0.12506,-0.36471,0.59505,-1.1006,-0.38171,-0.67949,-0.43447,6.8086,-3.145,3.3573,-0.43206,-0.1135,0.041257,-0.534,0.62137,-0.38969,-7.5349,-3.4154,0.066013,-1.5356,1.1461,1.7012,0.70306,-0.53703,0.26329,-9.3265,-1.6917,-1.3042,0.044156,-0.089705,0.97602,0.73626,0.55624,0.003302
7.841,-1.7589,3.2281,-0.19082,0.10331,0.11123,-0.52504,0.26299,-0.70671,8.0794,3.723,-0.076559,-0.45189,0.50825,-1.0328,-0.34192,-0.68909,-0.45527,7.4027,-2.9853,3.3293,-0.23591,-0.12033,0.003674,-0.5347,0.62793,-0.38142,-6.8217,-3.7017,1.0708,-0.88721,0.60196,1.8315,0.65418,-0.59418,0.26222,-9.8808,-1.7568,-1.1868,-0.22979,0.013115,0.96317,0.75599,0.52843,0.005174
8.0861,-1.8284,3.431,-0.089965,0.033451,0.16186,-0.52288,0.27129,-0.70575,7.9724,3.5555,-0.029392,-0.39247,0.42684,-0.82925,-0.30754,-0.6926,-0.46848,7.7366,-3.0404,3.3451,-0.26456,-0.11767,0.050544,-0.53744,0.6297,-0.37275,-8.7561,-2.6478,0.025645,0.034513,0.36943,2.0243,0.60129,-0.64858,0.26159,-9.2842,-3.238,-1.3151,-0.027191,0.10908,0.89345,0.77654,0.5007,0.0132
8.1452,-1.8592,3.6177,-0.040746,-0.0415,0.2106,-0.52109,0.27574,-0.70452,7.7525,3.5383,0.025056,-0.2974,0.32947,-0.62429,-0.28128,-0.69549,-0.48363,7.9979,-3.4497,3.4149,-0.11506,-0.21044,0.077054,-0.53752,0.63449,-0.36416,-8.7084,-0.72457,-0.84561,-0.000604,-0.067589,1.2981,0.55307,-0.68953,0.26317,-9.1479,-1.9738,-2.0339,-0.04788,0.32694,0.68228,0.79102,0.47596,0.021242
8.2559,-2.0383,3.7069,-0.015722,-0.10435,0.21273,-0.52265,0.28132,-0.70115,7.6263,3.4863,0.26455,-0.21615,0.19684,-0.40784,-0.26253,-0.69546,-0.49374,8.3309,-3.068,3.5208,0.050402,-0.26776,0.09845,-0.53968,0.63651,-0.35862,-7.8372,0.8193,-1.6549,0.2094,-0.15151,0.49476,0.53183,-0.70785,0.26136,-9.7581,0.11109,-1.5307,-0.091941,0.2629,0.70749,0.80345,0.45499,0.029919
8.7545,-2.0875,3.9118,-0.004666,-0.063095,0.20716,-0.52354,0.28432,-0.69774,7.5437,3.4566,0.37809,0.018699,0.089405,-0.12315,-0.25173,-0.69516,-0.49766,8.6401,-2.9311,3.4596,0.080758,-0.26041,0.095952,-0.53963,0.637,-0.35754,-9.0008,5.7238,-2.9888,-0.001812,0.24404,1.0861,0.50416,-0.72069,0.26747,-10.266,1.0628,-1.7533,-0.45531,-0.024627,0.81699,0.8167,0.42997,0.038693
8.7544,-2.1171,3.8893,0.001041,-0.026674,0.18512,-0.52343,0.28863,-0.6955,7.3581,3.8523,0.75046,0.070061,-0.063423,0.20465,-0.25327,-0.69589,-0.49848,9.1322,-2.9505,3.4283,0.015903,-0.18067,0.077632,-0.54039,0.63873,-0.35302,-8.6138,13.46,-2.3144,0.50479,0.35398,0.58736,0.47704,-0.73282,0.28448,-9.8715,-0.35795,-1.8102,-0.62785,-0.053373,0.89399,0.83046,0.39927,0.046308
9.3207,-1.9011,4.3202,-0.05337,-0.063409,0.13604,-0.52263,0.29517,-0.69525,7.9215,4.0495,1.0536,-0.025853,-0.25453,0.56024,-0.26583,-0.69249,-0.49409,9.4443,-3.1173,3.5092,-0.11725,-0.099923,0.083015,-0.54107,0.64172,-0.34938,-8.7834,7.5193,-1.8162,0.26608,0.70317,-0.36086,0.46893,-0.73321,0.30144,-11.017,-0.10439,-2.3069,-0.53232,0.34912,0.86528,0.84424,0.36968,0.058119
10.297,-3.2589,4.7515,0.058848,-0.022784,0.19811,-0.52305,0.29717,-0.69315,9.4878,4.5899,1.5273,-0.04672,-0.38046,0.97802,-0.29512,-0.68341,-0.49268,10.151,-3.4947,3.4874,-0.14865,-0.10383,0.093733,-0.54002,0.64511,-0.34287,-8.8367,0.57577,-1.7422,-1.087,0.68353,-0.60605,0.47524,-0.72859,0.30121,-12.007,-0.43596,-2.2797,-1.1715,0.42657,1.1627,0.85917,0.33172,0.088122
11.032,-3.7913,4.8953,0.039444,0.007911,0.33025,-0.52216,0.3018,-0.69368,12.07,4.8188,1.2405,0.006155,-0.42607,1.4553,-0.3381,-0.66446,-0.48806,11.678,-4.5393,3.6656,-0.055464,-0.18725,-0.042012,-0.54295,0.64917,-0.33804,-18.792,12.191,1.0831,-1.81,0.33131,0.79287,0.47757,-0.74465,0.25962,-11.83,-2.9947,-1.2679,-0.67117,-0.33968,0.67881,0.87085,0.29551,0.10165
11.076,-2.9215,4.021,-0.01998,0.16461,0.22917,-0.51722,0.30682,-0.69566,11.044,4.4634,1.5727,0.39356,-0.35636,1.6381,-0.39334,-0.64274,-0.47815,10.884,-4.6327,3.8507,0.20876,-0.16315,-0.050728,-0.5448,0.6466,-0.33587,-4.7659,-8.1218,-1.4485,-0.2593,0.01642,-2.4903,0.51953,-0.7213,0.23821,-11.707,-6.0897,-0.60196,-0.47725,-0.51922,0.10377,0.87286,0.27991,0.091004
9.2708,-3.7035,3.1368,0.16705,0.14432,0.13168,-0.51074,0.30824,-0.69861,10.305,4.88,1.6527,0.45458,-0.51172,1.482,-0.44302,-0.62598,-0.45838,10.128,-3.6955,3.1972,0.14867,-0.066563,0.17008,-0.54438,0.64522,-0.33727,-8.9574,-0.62445,-1.7209,-0.39596,-0.18969,-0.72174,0.56268,-0.69041,0.23301,-8.8718,-8.0013,-0.24554,-0.57583,-0.53721,-0.54492,0.87199,0.28897,0.080342
7.5236,-3.6241,1.5872,0.28648,0.069087,0.12644,-0.50637,0.3059,-0.70389,9.0823,4.4877,1.6191,0.2048,-0.52147,1.1734,-0.48238,-0.60811,-0.44469,8.1928,-3.4213,3.2902,0.1578,-0.01985,0.32599,-0.5394,0.64768,-0.34012,-12.498,-0.51546,1.1483,0.60747,-0.37951,-1.1383,0.59237,-0.66944,0.22697,-9.7934,-3.6193,-0.52563,-0.63332,-0.0661,-0.99906,0.86556,0.31342,0.071915
7.6129,-3.8751,1.1834,0.35629,-0.11814,0.11091,-0.50571,0.29851,-0.70674,8.0367,2.8789,1.5276,0.49894,-0.45744,0.79479,-0.51418,-0.59449,-0.42815,7.5157,-3.4224,3.1187,0.52597,0.023182,0.38195,-0.53017,0.65019,-0.35052,-9.1344,3.2885,-1.6687,-0.37603,-0.22672,-1.0371,0.62028,-0.64537,0.2211,-11.973,2.1218,-3.288,-0.24724,0.1126,-1.0451,0.85112,0.3488,0.0808
8.9066,-4.2138,1.7878,0.43363,-0.18059,0.14061,-0.50985,0.28907,-0.70751,8.8399,3.2167,1.313,0.91941,-0.29986,0.55404,-0.53555,-0.59449,-0.40122,8.774,-3.85,2.5194,0.95739,0.15019,0.31592,-0.51995,0.64463,-0.37084,-9.4161,-3.0093,-2.0275,0.012772,0.25692,-1.05,0.64782,-0.61901,0.21344,-12.524,4.1413,-3.3964,-0.84759,0.51087,-1.0119,0.83397,0.38038,0.10142
9.2509,-3.4492,2.5713,0.39956,-0.10685,0.11481,-0.51208,0.27682,-0.7099,9.3818,3.8293,1.4284,1.0193,-0.16339,0.49366,-0.55343,-0.5957,-0.37009,9.9608,-3.9356,2.2749,0.94766,0.37116,0.29902,-0.50452,0.63427,-0.40422,-10.283,0.32882,-1.4335,0.37371,-0.52554,-1.0044,0.67097,-0.58625,0.22503,-11.391,4.8924,-1.8367,-0.27914,-0.0388,-1.4191,0.81118,0.42891,0.11977
8.4318,-3.0519,3.0451,0.41641,-0.097134,-0.023873,-0.51648,0.26621,-0.71053,8.8095,3.4716,1.2386,0.98909,-0.15118,0.38356,-0.5678,-0.60036,-0.34408,9.5707,-3.6054,2.0188,0.63129,0.50889,0.44371,-0.48666,0.62615,-0.43269,-9.5666,0.064334,-2.0564,0.14826,-0.13743,-0.97444,0.69762,-0.55722,0.22263,-10.456,3.0761,-0.55612,0.67415,0.073098,-1.6263,0.78187,0.48109,0.11564
7.4724,-2.666,2.9509,0.37638,-0.17747,-0.071092,-0.51887,0.25481,-0.71081,7.8897,3.59,1.3477,0.79768,-0.28225,0.34962,-0.57778,-0.60485,-0.31809,8.5784,-3.2464,2.2298,0.34866,0.59013,0.6376,-0.46687,0.62427,-0.45651,-9.7029,0.86199,-1.0773,0.00305,-0.37121,-0.88145,0.72166,-0.53456,0.20584,-8.823,3.3974,-0.63223,1.4212,0.25911,-1.7588,0.75261,0.52699,0.10382
7.5397,-2.6957,2.8243,0.26064,-0.17083,-0.10411,-0.52712,0.24341,-0.70905,7.7233,3.5633,1.3441,0.43621,-0.36304,0.36013,-0.5912,-0.60588,-0.2972,7.9205,-3.1069,2.122,0.17057,0.63431,0.70444,-0.43708,0.63158,-0.47499,-9.3177,1.4262,-1.1602,-0.051551,-0.15831,-0.89223,0.74259,-0.51022,0.19851,-7.9838,3.7828,-0.89336,1.9793,0.0981,-2.0113,0.71062,0.58752,0.068749
7.6436,-2.9031,2.6074,0.19525,-0.21984,-0.11403,-0.53525,0.23489,-0.70464,8.15,3.3447,1.4235,0.29897,-0.34649,0.40586,-0.60492,-0.59711,-0.28037,7.9111,-3.3059,2.1131,0.10276,0.6897,0.61791,-0.40641,0.64121,-0.49022,-9.7481,0.98887,-0.98088,0.27118,-0.13736,-0.848,0.76226,-0.48289,0.19415,-7.2651,3.5248,-0.71013,1.6501,-0.25923,-1.9734,0.65998,0.64466,0.019803
7.9093,-3.0858,3.3095,0.081439,-0.1745,-0.15354,-0.5422,0.22658,-0.70326,8.4046,3.4121,1.525,0.36497,-0.30716,0.36112,-0.61832,-0.59345,-0.26319,8.067,-3.3701,2.2315,0.009025,0.68197,0.49329,-0.37183,0.65388,-0.50013,-9.4488,0.61748,-1.537,0.054183,-0.10028,-0.82846,0.77677,-0.45248,0.19879,-7.1744,4.1378,-0.99076,0.48663,-0.36726,-1.6529,0.6068,0.70005,-0.020122
7.8049,-2.9675,3.5781,0.098351,-0.20285,-0.12238,-0.54995,0.22102,-0.69925,8.5731,3.6927,1.6342,0.31669,-0.28406,0.26212,-0.63015,-0.58708,-0.24896,8.2426,-3.4095,2.1028,-0.13488,0.63458,0.46835,-0.34558,0.6635,-0.51121,-9.8449,-0.4888,-0.92871,0.085582,-0.084301,-0.87618,0.79223,-0.42514,0.19563,-7.3566,2.6221,-0.87842,-0.36055,-0.56741,-1.2523,0.56553,0.73343,-0.031698
8.1775,-2.9264,3.6707,0.016251,-0.14495,-0.13455,-0.55649,0.21866,-0.69496,8.7963,3.6389,1.7252,0.20088,-0.32006,0.16688,-0.639,-0.58513,-0.236,8.0873,-3.7632,2.1018,-0.11752,0.47346,0.42027,-0.32387,0.6706,-0.5153,-9.645,-0.002039,-0.59517,0.23198,-0.063459,-0.91297,0.81103,-0.39676,0.19326,-7.6913,-0.7393,-0.32552,-0.76419,-0.42754,-0.4758,0.54128,0.75037,-0.025086
8.26,-2.8085,3.6423,-0.014043,-0.097167,-0.20136,-0.56137,0.2158,-0.6918,8.7673,3.6142,1.8124,0.095888,-0.31172,0.096652,-0.64298,-0.58364,-0.22339,7.9262,-3.724,2.3333,0.070608,0.27864,0.35115,-0.30388,0.67765,-0.51984,-10.019,-1.509,-0.9761,0.4438,-0.29595,-0.8796,0.82556,-0.36503,0.19207,-9.8121,-6.2811,0.34071,0.25672,-0.071167,-0.35354,0.52915,0.75883,-0.021013
8.8468,-3.1547,3.8235,-0.067245,-0.059214,-0.21978,-0.56631,0.2122,-0.68983,8.9928,3.7538,2.0039,-0.029514,-0.32044,0.08881,-0.64873,-0.58017,-0.2154,8.2231,-3.5947,2.4871,0.10345,0.1256,0.19641,-0.29392,0.67958,-0.52534,-10.491,-0.069119,-1.4972,0.42246,-0.45063,-0.90334,0.84093,-0.33139,0.18561,-10.381,-14.94,-0.24493,0.94902,0.29349,-0.1876,0.52068,0.76323,-0.043704
9.3209,-3.8102,3.7781,-0.060271,-0.10201,-0.20315,-0.57058,0.2068,-0.68783,9.892,4.1417,1.9674,-0.1552,-0.25121,0.077973,-0.65377,-0.57753,-0.21321,8.8099,-3.5446,2.6858,0.082268,0.01833,-0.065091,-0.28843,0.67988,-0.52519,-11.495,0.60891,-1.4281,0.43055,0.12199,-0.94858,0.85373,-0.29452,0.18636,-10.613,-9.7698,-0.53364,0.08489,0.30579,0.043337,0.52121,0.76072,-0.045814
11.273,-3.6792,4.1518,-0.17295,0.044871,-0.1791,-0.5748,0.20676,-0.6848,11.231,4.1894,1.5969,-0.15047,-0.11835,-0.03228,-0.65469,-0.57535,-0.21131,9.5333,-3.6923,3.0855,-0.063386,-0.060121,-0.43441,-0.29651,0.67816,-0.52361,-12.685,0.001845,-0.82126,1.2633,0.58443,-1.1024,0.86196,-0.25146,0.20863,-7.6522,0.10372,-0.098529,1.1474,0.55478,0.67833,0.53614,0.75067,-0.054114
11.008,-2.7891,4.4018,-0.037296,0.092445,-0.31407,-0.57353,0.20376,-0.68353,12.775,5.0061,1.5858,-0.11366,-0.022956,-0.18197,-0.65621,-0.57647,-0.21174,11.356,-3.8033,3.0417,-0.32942,-0.12144,-0.93156,-0.31411,0.66994,-0.52244,-12.483,4.1867,-0.88176,0.89675,-0.016775,-0.37341,0.86821,-0.21593,0.22476,-17.8,-10,2.3094,1.8628,0.075168,-0.95874,0.53348,0.74842,-0.093877
10.39,-3.3937,3.0727,0.005138,0.14738,-0.15845,-0.57207,0.19701,-0.68635,11.596,4.5587,1.404,-0.27396,0.048314,-0.31125,-0.65016,-0.57953,-0.21636,9.8791,-3.7845,3.4248,-0.38414,-0.34265,-1.1171,-0.34833,0.66357,-0.5076,-11.177,8.26,-1.9251,1.002,0.052337,0.15549,0.8684,-0.2055,0.23347,-7.4583,6.0762,-3.8658,-0.1362,1.3432,1.0699,0.5507,0.73456,-0.097696
9.5276,-1.9819,1.8667,-0.24612,0.32061,-0.031959,-0.56743,0.19889,-0.69138,10.001,3.8414,0.9221,-0.30296,0.15715,-0.56602,-0.63832,-0.58937,-0.22616,8.6221,-3.9049,3.7158,0.013039,-0.61729,-0.98067,-0.38615,0.64911,-0.49428,-10.361,6.5521,-1.5243,0.72926,-0.34636,0.33234,0.86765,-0.20822,0.2337,-7.3709,4.2511,-3.212,-0.38711,0.66854,0.90683,0.57681,0.71888,-0.068767
8.4149,-1.1778,1.2443,-0.40558,0.24439,-0.090331,-0.55885,0.20853,-0.69471,8.3731,3.9124,1.3157,-0.58473,0.094346,-0.76526,-0.6175,-0.60419,-0.24225,8.3823,-3.0458,3.179,0.33148,-0.66338,-0.764,-0.43058,0.6302,-0.48663,-10.613,0.28555,-2.1602,-0.31526,0.003775,0.73401,0.86401,-0.223,0.23053,-14.883,-3.4876,2.8094,-0.67944,-0.085438,0.7254,0.60152,0.69725,-0.057145
8.9962,-1.3662,0.86699,-0.48011,0.163,-0.11923,-0.55278,0.21914,-0.69509,8.5986,3.4722,1.1207,-0.79413,0.16946,-0.90365,-0.59282,-0.6175,-0.26316,8.3007,-2.1829,2.8401,0.023264,-0.48199,-0.54754,-0.45751,0.61416,-0.47965,-12.091,-5.3617,-1.4336,0.030382,0.28753,0.90789,0.85425,-0.25636,0.23396,-8.0918,-2.0392,-1.8445,0.38654,0.28204,1.0531,0.62919,0.67241,-0.053038
9.8111,-1.9247,1.8245,-0.3104,0.072523,-0.1258,-0.55234,0.22875,-0.69407,9.5575,3.9924,0.78888,-0.92163,0.41777,-0.96151,-0.56889,-0.62906,-0.28863,8.7954,-2.3093,2.8889,-0.43353,-0.30275,-0.38948,-0.47226,0.60812,-0.46991,-12.252,-6.2585,-2.291,0.69248,0.13366,1.0902,0.8437,-0.28459,0.23962,-9.9371,1.1239,-2.5691,-0.24257,0.34418,0.93636,0.65634,0.65078,-0.039425
9.2559,-2.3676,2.5411,-0.33674,0.16945,0.006865,-0.54869,0.23593,-0.69505,10.013,4.1781,0.49128,-1.0308,0.66284,-0.86318,-0.53783,-0.63624,-0.32776,8.7327,-2.812,3.1314,-0.71379,-0.1865,-0.30484,-0.48635,0.61269,-0.44916,-10.05,-4.4461,-1.4986,0.20784,0.31237,1.7765,0.82324,-0.32983,0.25093,-10.239,-0.69876,-2.1086,-0.73816,0.22398,0.84202,0.67699,0.62927,-0.016308
8.4812,-2.0962,2.9174,-0.28805,0.20066,0.096122,-0.54381,0.24605,-0.69546,9.9597,4.2286,0.57378,-0.90145,0.78681,-0.81379,-0.50455,-0.64092,-0.36695,8.1534,-3.1272,3.221,-0.61835,-0.23424,-0.25557,-0.49663,0.62135,-0.4276,-8.7645,-3.7664,0.34174,-0.90898,0.66977,1.7861,0.79191,-0.39339,0.25674,-9.9758,0.001334,-1.8932,-0.073042,-0.059408,0.97854,0.69923,0.60319,-0.005832
8.1028,-1.7374,2.8871,-0.27074,0.20196,0.073314,-0.53979,0.25414,-0.69696,9.2513,3.3117,0.23971,-0.48556,0.88554,-0.96455,-0.4638,-0.64651,-0.4071,7.6709,-2.9911,3.1135,-0.40871,-0.32194,-0.20617,-0.50536,0.62946,-0.40667,-8.0346,-3.7899,-0.5137,-2.2852,1.0796,1.8382,0.74427,-0.47338,0.26159,-9.5428,-1.0478,-1.4854,0.096412,-0.1757,0.96454,0.72477,0.574,-0.014485
7.8262,-1.8983,2.9212,-0.17885,0.12085,0.094732,-0.5345,0.26437,-0.6971,8.8071,3.77,0.21479,-0.13507,0.89251,-1.1204,-0.41994,-0.66124,-0.42996,7.5368,-2.864,3.0359,-0.30869,-0.36474,-0.20794,-0.51604,0.63195,-0.39078,-7.9416,-4.0927,0.26861,-1.3861,1.081,1.6936,0.69428,-0.54619,0.25672,-9.6547,-0.74811,-1.591,-0.18955,0.009864,0.93034,0.74592,0.54509,-0.016253
7.728,-2.0909,3.1207,-0.11602,0.065749,0.16436,-0.52975,0.27217,-0.6975,8.4467,3.8845,0.096487,-0.18588,0.83801,-1.0883,-0.37838,-0.67418,-0.44637,7.6148,-2.9763,3.1271,-0.26782,-0.37877,-0.19908,-0.52726,0.63063,-0.37857,-6.6558,-4.0605,0.977,-0.82027,0.54197,1.9016,0.64975,-0.60543,0.24712,-9.6132,-2.9227,-1.3348,-0.49909,-0.091755,0.97029,0.76395,0.52024,-0.007078
7.5858,-2.1202,3.3208,-0.062476,-0.029529,0.24144,-0.52768,0.27956,-0.69574,8.0312,3.5169,-0.053503,-0.13808,0.71122,-1.0174,-0.33298,-0.68602,-0.46084,7.5981,-3.1899,3.1599,-0.20675,-0.38489,-0.17432,-0.53786,0.63103,-0.36626,-8.2881,-3.3607,0.62091,-0.12997,0.22494,1.8079,0.59728,-0.65766,0.24778,-9.2995,-3.2592,-1.6291,-0.13509,0.36071,0.85922,0.78259,0.49234,0.004724
8.1218,-2.14,3.4964,-0.000325,-0.095332,0.23275,-0.52933,0.28506,-0.69424,7.825,3.6675,-0.10996,-0.17025,0.50734,-0.88757,-0.29461,-0.6945,-0.47288,7.9932,-3.5125,3.2888,-0.070315,-0.40925,-0.16883,-0.54853,0.63007,-0.35525,-7.8644,-2.1091,-0.65463,0.003951,-0.17206,1.0111,0.55923,-0.69159,0.24297,-9.1896,-0.25734,-1.5893,-0.14088,0.32237,0.74032,0.79739,0.46693,0.017257
8.6722,-2.2198,3.8134,0.046857,-0.068593,0.23003,-0.53,0.28769,-0.69162,7.7284,3.6031,0.15882,-0.2348,0.28666,-0.65615,-0.26238,-0.70322,-0.48249,8.4512,-3.6464,3.5474,0.046548,-0.41652,-0.12797,-0.55711,0.62806,-0.3464,-8.591,2.3146,-1.3566,0.074069,-0.15444,0.52243,0.53797,-0.70563,0.23901,-9.9289,1.0161,-1.6581,-0.33297,0.10058,0.87527,0.81226,0.43927,0.026512
8.9099,-2.2818,4.0236,0.077058,0.008529,0.24072,-0.53025,0.29052,-0.69139,7.5582,3.4907,0.3589,-0.12689,0.11595,-0.3441,-0.24465,-0.70443,-0.48827,8.6263,-3.5407,3.6631,0.064228,-0.39234,-0.039529,-0.56549,0.6253,-0.33838,-9.6583,8.304,-3.8299,0.4526,0.23505,1.1819,0.50528,-0.72843,0.24226,-10.029,-0.31801,-2.3431,-0.76301,-0.033249,0.8909,0.82688,0.40806,0.03544
9.2389,-2.1502,3.8032,0.001239,0.015567,0.18681,-0.52592,0.29358,-0.6923,7.6321,3.6446,0.59085,-0.030927,-0.027718,0.018956,-0.23966,-0.70278,-0.49302,9.0504,-3.6642,3.6619,0.039746,-0.28034,0.014654,-0.56974,0.6254,-0.33326,-8.732,17.494,-2.3886,0.68243,0.47865,0.22905,0.48517,-0.73768,0.26577,-10.78,-1.8318,-2.0237,-0.50571,0.09412,0.83996,0.84111,0.38037,0.046591
10.427,-2.7397,4.3231,-0.057619,-0.005804,0.13496,-0.52375,0.29842,-0.69132,8.5281,3.941,0.91838,0.088401,-0.16422,0.47717,-0.24961,-0.7004,-0.49147,10.288,-3.8501,3.6716,0.02365,-0.17178,0.0514,-0.57153,0.62556,-0.32983,-8.7424,1.9017,-3.1745,-0.8703,0.9569,-0.64893,0.48786,-0.72994,0.27611,-12.651,-0.67307,-1.9626,-1.2349,0.64442,0.95115,0.85091,0.34911,0.072486
11.983,-4.378,5.1972,0.047345,0.078685,0.23976,-0.5227,0.30303,-0.69131,10.773,4.6062,1.1344,0.18238,-0.28136,1.0845,-0.27563,-0.69453,-0.48547,12.097,-4.0676,3.4388,-0.15689,-0.053489,0.10315,-0.57154,0.62839,-0.32506,-17.141,4.9394,1.1842,-1.7803,0.46461,0.097834,0.50113,-0.73446,0.23968,-11.285,-3.9975,-1.4257,-1.18,-0.053739,0.73784,0.86174,0.31226,0.10285
11.051,-3.3365,4.1226,-0.035899,0.2227,0.207,-0.5167,0.30759,-0.69578,10.398,4.8561,1.5997,0.28602,-0.25666,1.5177,-0.32744,-0.6819,-0.47397,11.439,-4.3848,3.5126,-0.14277,0.037941,0.10756,-0.568,0.63497,-0.3224,-5.0984,-4.5091,-1.4591,0.047179,-0.032646,-1.8316,0.51734,-0.72367,0.22926,-11.911,-6.7465,-0.47273,-0.62882,-0.45282,0.045011,0.86964,0.29691,0.099285
9.5543,-3.5582,3.2816,0.073067,0.13248,0.056857,-0.51031,0.30925,-0.69794,10.173,4.4736,1.5042,0.25725,-0.45318,1.4821,-0.37453,-0.66708,-0.46001,10.065,-3.8625,3.1258,0.013341,0.010521,0.23894,-0.56242,0.64049,-0.32034,-10.552,-5.0437,-0.71293,-0.11699,-0.034393,-0.74262,0.56315,-0.68792,0.23568,-9.1716,-8.7209,0.88269,-0.70258,-0.81575,-0.73442,0.8649,0.30937,0.087166
7.5969,-3.8766,1.601,0.26965,0.088033,0.056115,-0.50707,0.30676,-0.70206,9.0389,4.2067,1.5835,0.15794,-0.55133,1.1905,-0.4172,-0.64821,-0.452,8.2171,-3.1878,2.9688,0.20278,0.039546,0.39067,-0.55576,0.64401,-0.32338,-12.114,0.22163,0.96022,0.72643,-0.46601,-0.98084,0.59165,-0.66854,0.22947,-10.931,-2.8808,-0.86401,-0.78455,-0.11735,-1.0402,0.85703,0.33381,0.078185
7.5085,-3.8743,1.1975,0.32022,-0.091066,0.10708,-0.50665,0.2991,-0.70439,8.4468,3.2785,1.5756,0.15849,-0.62137,0.88399,-0.45384,-0.63216,-0.43901,7.545,-3.1641,2.5451,0.47655,0.12254,0.43867,-0.54256,0.64775,-0.33495,-8.449,3.1603,-2.6299,0.061001,-0.40014,-0.98013,0.62154,-0.64069,0.22772,-11.853,2.4788,-3.0161,-0.28834,0.20032,-1.1277,0.84228,0.3666,0.093236
8.8175,-4.1831,1.7127,0.33976,-0.14268,0.11295,-0.51019,0.29097,-0.70633,9.2858,2.9864,1.3074,0.58073,-0.49038,0.63766,-0.48267,-0.62599,-0.41732,9.2124,-3.604,2.2236,0.75839,0.27325,0.39558,-0.52934,0.64632,-0.35365,-9.36,-2.8986,-3.3617,0.33976,0.096223,-1.0397,0.64895,-0.6114,0.22801,-12.614,3.8278,-3.3241,-0.72972,0.49248,-1.0575,0.82369,0.40006,0.11557
9.4887,-3.5847,2.617,0.38177,-0.0804,0.065448,-0.51338,0.28008,-0.70664,9.4314,3.6401,1.457,0.7142,-0.3679,0.61066,-0.50735,-0.6224,-0.39088,10.163,-3.759,2.0402,0.69647,0.46264,0.40234,-0.51054,0.64066,-0.38287,-10.494,0.7313,-1.0556,0.093758,-0.48895,-0.97403,0.67392,-0.57996,0.23792,-11.308,5.1325,-2.2604,-0.37252,-0.12435,-1.4665,0.79859,0.44885,0.12861
8.5357,-3.2079,2.9405,0.4212,-0.061537,-0.040435,-0.51719,0.26829,-0.71124,8.9322,3.7031,1.4882,0.65137,-0.39096,0.60564,-0.52943,-0.61995,-0.36764,9.7436,-3.6137,2.0656,0.49243,0.56755,0.50908,-0.49006,0.63814,-0.40749,-9.7396,-0.78675,-1.3013,0.20599,-0.35656,-0.95051,0.70057,-0.55033,0.2292,-10.366,3.1887,-0.83811,0.56015,-0.014607,-1.6873,0.7684,0.49862,0.1241
7.3446,-2.961,2.8734,0.40292,-0.10383,-0.040392,-0.5174,0.25826,-0.71064,8.1441,3.5972,1.342,0.54603,-0.42686,0.5457,-0.54814,-0.61772,-0.34448,8.5833,-3.2218,2.0559,0.22079,0.64216,0.64994,-0.46785,0.64189,-0.42891,-9.7497,1.1699,-1.2511,0.27653,-0.5423,-0.88257,0.72522,-0.52702,0.21458,-8.2978,3.8798,-0.45028,1.4631,0.32972,-1.7677,0.73717,0.54614,0.11373
7.2337,-2.7822,2.8438,0.27323,-0.16611,-0.073139,-0.52453,0.24829,-0.71005,7.8584,3.6013,1.4982,0.48738,-0.44872,0.47311,-0.56715,-0.61294,-0.32424,7.9013,-3.34,2.1698,0.15627,0.69781,0.70276,-0.43729,0.65042,-0.44655,-9.2775,2.1773,-1.4453,0.19831,-0.32588,-0.87383,0.74741,-0.49836,0.20692,-7.2947,3.8018,-0.85926,2.0213,-0.037095,-1.8715,0.69432,0.60405,0.073443
7.4947,-2.7104,2.8911,0.13137,-0.13791,-0.12449,-0.53017,0.24074,-0.70888,7.827,3.5526,1.5537,0.46981,-0.41168,0.46455,-0.58466,-0.60745,-0.30169,7.7209,-3.2346,2.1408,0.1732,0.72055,0.65951,-0.40795,0.65924,-0.46412,-9.497,1.4701,-1.0814,0.15707,-0.13116,-0.83729,0.76562,-0.47175,0.20263,-6.7268,3.218,-1.2545,1.6683,-0.22773,-1.8324,0.64908,0.65722,0.018476
7.7752,-3.129,3.2486,0.0526,-0.13102,-0.13007,-0.53599,0.23147,-0.70625,8.0076,3.954,1.7388,0.32229,-0.45538,0.49407,-0.60366,-0.59995,-0.28076,7.9917,-3.4594,2.1635,0.10279,0.69381,0.53225,-0.37389,0.67034,-0.47716,-9.2958,1.3975,-1.4448,-0.09138,-0.1274,-0.77026,0.7816,-0.4427,0.20328,-7.2572,3.9745,-1.1718,0.49156,-0.47174,-1.6373,0.59267,0.71069,-0.022153
7.893,-3.2792,3.5394,0.001839,-0.13143,-0.12738,-0.54244,0.229,-0.70275,8.5634,4.1491,1.9666,0.083814,-0.49211,0.49241,-0.62095,-0.58907,-0.2649,8.3013,-3.6091,2.2099,0.060158,0.63078,0.40055,-0.34829,0.67724,-0.48918,-9.8021,-0.061632,-0.8383,-0.15155,-0.087465,-0.77024,0.79497,-0.4211,0.19916,-8.3306,1.8689,0.088955,-0.31915,-0.78334,-1.181,0.55252,0.74234,-0.038134
8.0413,-3.2743,3.8614,0.025354,-0.14245,-0.1446,-0.54553,0.22648,-0.69846,8.8309,4.0684,2.1064,0.039022,-0.41547,0.35274,-0.63549,-0.58002,-0.25411,8.0138,-3.5784,2.1708,0.049647,0.50472,0.27303,-0.32935,0.67927,-0.5003,-9.8993,-1.2189,-0.29892,0.092043,-0.19692,-0.8559,0.81044,-0.39804,0.18805,-7.6038,-2.1887,-0.30554,-0.4432,-0.22151,-0.53761,0.53108,0.75677,-0.030368
8.4292,-3.1812,3.8799,0.02841,-0.082501,-0.1594,-0.55372,0.22262,-0.69515,8.9685,3.8672,2.1111,0.088036,-0.3503,0.13038,-0.64482,-0.57555,-0.24271,7.9214,-3.7019,2.2155,0.070789,0.34017,0.12783,-0.31597,0.68108,-0.50562,-10.169,-1.3513,-1.1668,0.18391,-0.31136,-0.82499,0.8267,-0.36925,0.18215,-9.678,-6.8054,0.56562,0.39974,-0.11185,-0.26285,0.52,0.76238,-0.03362
8.7783,-3.3328,4.0531,-0.001374,-0.068017,-0.17406,-0.55634,0.21673,-0.69468,9.3056,4.1359,2.1825,0.10051,-0.23275,0.022516,-0.64783,-0.57434,-0.23316,8.3503,-3.8597,2.3812,0.20031,0.13196,-0.079007,-0.30928,0.67941,-0.51337,-10.623,-0.25067,-1.2371,0.27665,-0.31835,-0.93333,0.84128,-0.33757,0.17211,-10.335,-14.486,0.070758,0.34086,0.31154,-0.20049,0.51364,0.76847,-0.04261
9.2614,-3.655,3.9875,0.070426,-0.18111,-0.15338,-0.56477,0.21029,-0.69096,9.9408,4.2192,1.9851,0.075184,-0.11829,-0.052131,-0.65023,-0.57299,-0.22845,8.6739,-3.6867,2.4735,0.17274,-0.025713,-0.28769,-0.3127,0.6711,-0.51852,-11.031,0.55017,-1.2837,0.37865,0.21862,-1.0079,0.85341,-0.30093,0.17587,-10.094,-8.749,-0.52213,-0.034361,0.38102,0.070088,0.51387,0.76763,-0.032243
10.938,-3.6321,4.1795,0.002506,0.024316,-0.14323,-0.56774,0.2054,-0.68958,10.722,4.0136,1.384,0.14911,-0.008053,-0.20056,-0.64706,-0.57856,-0.22382,9.242,-4.1394,2.8493,0.1353,-0.1637,-0.53519,-0.32521,0.66359,-0.52039,-12.463,0.4681,-0.94484,1.1592,0.5,-1.0288,0.86259,-0.25728,0.2021,-7.8716,-0.93937,-0.53823,0.99727,0.67467,0.60365,0.52808,0.75618,-0.040157
10.53,-3.162,4.1272,0.051986,0.089417,-0.20549,-0.56878,0.20398,-0.68907,12.324,4.9834,1.2768,0.043642,0.033204,-0.19906,-0.64292,-0.58509,-0.22012,11.152,-4.3731,3.1976,0.12651,-0.27624,-0.8776,-0.348,0.65013,-0.526,-12.036,4.4661,-0.9331,0.77475,-0.2069,-0.25999,0.8697,-0.22731,0.21108,-15.954,-7.6928,2.1601,1.9264,0.24143,-0.87731,0.52948,0.7553,-0.071262
10.264,-3.2964,3.0724,0.050246,0.14216,-0.12007,-0.56712,0.19636,-0.69308,10.697,4.8477,1.3197,-0.35417,-0.043842,-0.23028,-0.63719,-0.59085,-0.22632,9.5033,-3.499,3.6536,-0.052057,-0.32302,-0.96308,-0.3775,0.6342,-0.52182,-10.624,7.9935,-2.2138,0.71933,-0.064661,0.15104,0.86921,-0.22101,0.21458,-6.201,4.8558,-2.5707,0.31524,0.99828,1.4983,0.54537,0.73872,-0.10151
9.4519,-2.1596,2.0142,-0.081536,0.27101,-0.036087,-0.56058,0.19738,-0.6951,9.756,4.1369,0.97053,-0.76226,-0.066648,-0.44961,-0.62913,-0.59192,-0.23984,8.4069,-3.4256,3.6969,-0.20218,-0.42667,-0.85955,-0.40853,0.62451,-0.51157,-10.357,6.0481,-1.1411,0.56246,-0.32062,0.32007,0.87084,-0.22252,0.21491,-6.352,4.5757,-3.4329,-0.60994,0.86409,0.61878,0.5711,0.72124,-0.069241
8.763,-1.5445,1.4609,-0.28258,0.21949,-0.087287,-0.55293,0.19952,-0.70108,9.4526,3.0469,0.84222,-0.60655,0.12111,-0.67062,-0.61278,-0.59949,-0.2588,8.6588,-4.0338,3.7308,0.33919,-0.53521,-0.58623,-0.44267,0.60699,-0.50502,-11.693,1.4041,-1.718,-0.36534,-0.13469,0.71567,0.86392,-0.23938,0.20528,-14.102,-1.8703,2.7597,-0.72565,0.23449,0.61327,0.598,0.70287,-0.051479
9.0096,-1.5379,1.1719,-0.4095,0.15712,-0.1264,-0.54922,0.2077,-0.701,8.5022,3.4325,0.82844,-0.54974,0.25918,-0.81807,-0.59074,-0.61466,-0.27557,8.5262,-1.7235,3.1582,0.26458,-0.36491,-0.24487,-0.46065,0.59042,-0.50437,-12.179,-5.5942,-1.5101,-0.28488,0.27211,0.89536,0.85444,-0.27433,0.20506,-8.8855,-1.946,-1.7979,0.081817,0.21527,1.0755,0.62323,0.68275,-0.039358
9.8778,-1.8818,2.0789,-0.29207,0.10808,-0.14597,-0.5509,0.21463,-0.69991,9.3142,4.2739,0.72794,-1.0347,0.30689,-0.71754,-0.57005,-0.62194,-0.29991,8.7749,-1.5975,2.6416,-0.49425,-0.15843,-0.10304,-0.46648,0.59131,-0.49644,-12.091,-7.8984,-0.84575,0.79728,0.15989,1.0972,0.84358,-0.30423,0.21576,-10.177,1.5683,-3.3263,-0.5003,0.40602,0.93386,0.6471,0.65978,-0.019819
9.3818,-2.4949,2.6233,-0.21992,0.15043,-0.018417,-0.5463,0.21948,-0.70057,10.445,3.8723,0.55083,-1.3715,0.52148,-0.51075,-0.55027,-0.61867,-0.34233,9.032,-2.5463,3.0531,-0.56177,-0.18014,-0.069621,-0.4717,0.60057,-0.47853,-10.279,-4.6595,-0.87287,0.49902,0.13516,1.6914,0.82306,-0.34734,0.22631,-10.194,-0.72874,-2.1378,-0.60124,0.11776,0.83824,0.66873,0.63931,0.001138
8.4671,-1.8961,2.9336,-0.31775,0.21663,0.066836,-0.5415,0.22867,-0.70498,10.209,3.9442,0.22903,-0.77191,0.78005,-0.5677,-0.52595,-0.61384,-0.38129,8.3225,-2.2029,3.0315,-0.41695,-0.20083,-0.083795,-0.47746,0.60789,-0.4641,-8.8142,-2.8813,0.21226,-0.65688,0.61755,1.7895,0.7891,-0.40773,0.23755,-10.297,0.59929,-1.5908,-0.29692,-0.027857,0.98123,0.69314,0.61171,0.014774
7.6044,-1.5409,2.892,-0.3469,0.16079,0.045072,-0.53675,0.24141,-0.70275,9.0132,2.8507,0.33089,-0.26736,0.85965,-0.84922,-0.48979,-0.61844,-0.4182,7.4841,-1.863,2.7146,-0.50469,-0.24109,-0.14953,-0.48153,0.61986,-0.44754,-7.7116,-3.896,0.062986,-1.5488,0.85843,1.797,0.74647,-0.47969,0.24755,-9.2069,-1.9695,-1.0714,-0.042915,-0.16872,0.98652,0.71917,0.5805,0.005406
7.3646,-1.7985,2.9557,-0.36437,0.11255,0.052523,-0.53271,0.25316,-0.70134,8.2786,3.8015,0.21412,-0.025362,0.73689,-1.1008,-0.44877,-0.63736,-0.43391,7.3532,-2.1534,2.5955,-0.4678,-0.30383,-0.19825,-0.49221,0.62557,-0.42919,-7.3771,-3.4909,0.3243,-1.6854,1.1859,1.8011,0.69853,-0.54929,0.242,-9.3269,-1.8555,-1.4615,-0.011025,-0.006813,1.0075,0.74182,0.55085,0.002931
7.617,-2.0152,2.9189,-0.31008,-0.04412,0.094326,-0.53037,0.2631,-0.69946,8.0899,3.7777,0.13754,-0.05879,0.69449,-1.0991,-0.41096,-0.65379,-0.44608,7.7873,-2.5202,2.8187,-0.42173,-0.38082,-0.26275,-0.5043,0.6266,-0.41236,-6.6328,-4.314,0.64019,-0.96925,0.82198,1.7941,0.65235,-0.60857,0.2341,-9.4631,-2.7366,-1.3542,-0.14046,0.12198,0.92915,0.76003,0.52652,0.01108
8.0694,-2.14,3.5855,-0.2858,-0.024579,0.14177,-0.52996,0.27356,-0.69645,8.0808,3.4749,0.092373,0.005418,0.69205,-0.9627,-0.3705,-0.67034,-0.45774,8.1265,-2.8617,2.8248,-0.38921,-0.43397,-0.3184,-0.51955,0.62913,-0.39537,-7.9461,-4.6181,0.38911,-0.17374,0.33218,1.8048,0.59925,-0.65754,0.23699,-9.1044,-3.0813,-1.5059,-0.016301,0.27696,0.86461,0.77816,0.49674,0.019068
8.1662,-2.163,3.5786,-0.15855,-0.10419,0.15233,-0.53165,0.28247,-0.69285,7.7452,3.5092,0.027308,0.13115,0.63181,-0.7507,-0.33334,-0.68368,-0.46489,8.4583,-3.262,3.0959,-0.32205,-0.47021,-0.32806,-0.53353,0.62798,-0.37748,-7.8956,-1.7057,-0.32565,0.25577,-0.19167,1.0711,0.55733,-0.69251,0.23833,-9.6836,-0.060686,-1.6345,-0.13789,0.2388,0.7653,0.79426,0.47087,0.028074
8.5831,-2.1303,3.8282,-0.096903,-0.07749,0.15782,-0.53497,0.28854,-0.68769,7.4635,3.7319,0.092191,0.036827,0.39717,-0.50577,-0.30255,-0.69596,-0.46691,8.4217,-3.4081,3.4157,-0.23279,-0.53571,-0.28573,-0.55164,0.62772,-0.35922,-8.7261,2.2263,-1.8693,0.35479,-0.089533,0.66845,0.53569,-0.70522,0.24548,-9.6603,0.41729,-1.6552,-0.29016,0.090216,0.84605,0.809,0.44322,0.035537
8.6566,-2.412,3.7374,-0.05681,-0.032987,0.15677,-0.5345,0.2944,-0.68612,7.734,3.723,0.42178,-0.08022,0.18253,-0.20713,-0.28748,-0.69946,-0.47141,8.7239,-3.6384,3.6883,-0.082142,-0.57698,-0.23612,-0.56625,0.62587,-0.34413,-9.564,10.373,-3.5978,0.50748,0.020226,1.2276,0.49635,-0.7288,0.25892,-9.9389,-0.20716,-2.1246,-0.5414,-0.068348,0.97691,0.82375,0.41228,0.042676
9.2324,-2.053,3.5949,-0.1456,-0.081384,0.099463,-0.53391,0.2988,-0.68239,8.033,3.6667,0.52053,0.037527,0.060039,0.14875,-0.28607,-0.69786,-0.47511,9.1283,-3.7502,3.9505,0.050943,-0.54435,-0.20578,-0.57748,0.62081,-0.33218,-8.4332,17.554,-2.2102,0.86503,0.72648,0.19021,0.47745,-0.73356,0.28437,-10.765,-1.3377,-2.3806,-0.75798,0.12865,0.82088,0.83782,0.38445,0.05523
10.703,-2.8453,4.2574,-0.073044,-0.090316,0.033178,-0.53679,0.30554,-0.67882,8.9891,4.3267,0.84522,0.090516,-0.072759,0.51067,-0.29491,-0.69448,-0.47377,10.317,-3.7733,4.0178,0.026605,-0.42092,-0.11955,-0.58688,0.6167,-0.32259,-8.64,0.94193,-3.0589,-0.75094,0.81315,-0.74453,0.48027,-0.72362,0.30559,-12.621,-0.75401,-2.3507,-1.1352,0.70649,1.0752,0.85115,0.34991,0.084995
12.235,-4.6826,4.9285,0.044994,0.11401,0.19948,-0.53423,0.30659,-0.68059,11.296,4.6406,1.0309,0.14636,-0.14565,1.0189,-0.32158,-0.68607,-0.47021,11.979,-4.0068,3.6731,-0.20236,-0.22814,-0.05891,-0.5923,0.61782,-0.31392,-15.888,5.9259,-0.44949,-2.4413,0.37314,-0.084544,0.49665,-0.72835,0.25994,-11.411,-3.101,-1.3358,-1.1478,-0.17656,0.85998,0.86409,0.30754,0.10978
10.977,-3.2979,3.8835,-0.13542,0.19756,0.15588,-0.52933,0.31406,-0.68312,10.744,4.336,0.89247,0.54245,-0.036188,1.2793,-0.36057,-0.67438,-0.45752,11.513,-4.9447,4.1419,-0.23937,-0.038869,-0.047312,-0.59463,0.61958,-0.30657,-4.2405,-5.2603,-0.29337,-0.015038,-0.42739,-1.9968,0.51057,-0.73091,0.23049,-12.104,-6.1707,-0.4147,-0.48911,-0.42858,0.19504,0.87114,0.286,0.10413
9.8446,-3.7669,3.0214,0.041661,0.14001,-0.001576,-0.52382,0.31584,-0.68452,10.172,4.5769,1.2083,0.52648,-0.34102,1.2012,-0.39925,-0.66704,-0.43986,9.9993,-4.3779,3.6716,-0.13448,0.060221,0.13635,-0.59398,0.62302,-0.30336,-10.271,-5.3586,-2.2372,-0.12926,-0.031054,-0.7251,0.55959,-0.68998,0.2359,-9.7253,-7.8859,-0.080394,-0.63073,-0.6686,-0.66105,0.8664,0.29593,0.091412
7.8364,-3.7224,1.4696,0.32042,0.083869,0.036161,-0.52088,0.31196,-0.68931,8.9521,4.3749,1.404,0.17732,-0.48871,1.0751,-0.43388,-0.65272,-0.42711,8.1542,-3.8102,3.6386,0.26013,0.069549,0.37481,-0.58566,0.62872,-0.30492,-13.02,-0.14715,2.2326,0.25758,-0.32586,-1.0064,0.58733,-0.67488,0.22208,-9.4646,-3.8736,-0.84191,-0.572,-0.17014,-1.0109,0.86172,0.31952,0.080245
7.6889,-3.66,0.97646,0.35526,-0.009531,0.053901,-0.52004,0.3023,-0.69374,8.3055,3.3171,1.1207,0.062693,-0.58371,0.82448,-0.46819,-0.63737,-0.41535,7.5104,-3.1382,3.0525,0.56658,0.16968,0.47595,-0.57388,0.6314,-0.31811,-8.8357,2.7548,-2.8622,-0.17922,-0.26236,-0.99162,0.61533,-0.64845,0.21924,-12.003,2.0247,-3.2663,-0.23416,0.21375,-0.92146,0.849,0.35085,0.091043
