7.3501,-0.054637,6.0029,0.12218,0.23546,0.04925,-0.44725,-0.038467,-0.86682,-0.97972,2.5366,6.03,-0.35079,0.40851,-1.4589,0.64424,0.043808,-0.72025,-0.29249,-0.80306,5.8217,0.26654,0.70832,0.71528,0.57195,-0.20302,-0.73913,-3.8432,9.2352,-1.7843,0.052281,-0.028278,-0.002219,-0.13681,-0.9505,0.00246,-2.6362,-7.9917,-4.7208,-0.15997,0.030409,-0.036313,-0.26244,0.78266,0.51061
7.3648,-0.29788,5.6657,0.030086,0.32274,0.10345,-0.44142,-0.03935,-0.86965,-2.9832,2.0742,5.9427,-0.51007,0.151,-1.0601,0.64935,0.089388,-0.71552,-2.3146,-1.504,6.9645,-0.04562,0.33674,0.77355,0.58073,-0.21982,-0.72668,-3.7826,9.0557,-1.8279,-0.19619,0.042441,0.027334,-0.13779,-0.94846,-0.000844,-3.0784,-8.0413,-4.8928,-0.029736,0.03064,-0.055427,-0.26486,0.77987,0.51309
8.0999,0.19667,4.63,0.15363,0.026045,0.10584,-0.44527,-0.040791,-0.86712,-3.7692,2.7452,7.5594,-0.26968,0.005084,-0.88595,0.64511,0.11592,-0.71288,-2.8381,-1.6131,9.4718,0.047757,0.28965,0.72213,0.58224,-0.23551,-0.72165,-3.988,8.4909,-1.4713,-0.093209,0.035378,0.035143,-0.14284,-0.94802,-0.000429,-2.8615,-8.4469,-4.5466,0.070868,-0.053064,-0.043647,-0.26487,0.78251,0.50988
8.163,0.028094,5.9126,0.013841,-0.035805,0.072235,-0.44589,-0.039715,-0.86875,-3.0765,3.724,10.132,-0.25086,0.21848,-0.90776,0.64736,0.14568,-0.70905,-2.439,-2.0209,10.869,0.50047,0.39737,0.42971,0.58759,-0.2536,-0.70997,-3.6179,9.0481,-1.6446,-0.016504,-0.0054,0.015544,-0.14457,-0.94817,-0.002722,-2.7276,-8.7073,-5.038,0.17079,0.009555,-0.067048,-0.26804,0.78459,0.50658
8.7636,0.30985,4.6358,0.069987,0.030249,-0.044701,-0.4474,-0.043594,-0.86719,-5.3705,1.4293,8.953,-0.33172,0.52699,-0.95599,0.65282,0.17974,-0.69738,-4.827,-0.39118,10.562,0.5796,0.79587,0.79044,0.60256,-0.28321,-0.68921,-3.915,8.7468,-1.6202,0.008627,0.04576,0.012323,-0.14487,-0.94865,-0.003385,-2.5763,-8.1347,-4.4961,0.044555,0.030225,-0.081155,-0.27121,0.78538,0.50304
8.7835,-0.003154,5.0666,0.024225,0.080163,-0.099684,-0.44725,-0.043603,-0.86691,-4.4581,1.9933,8.6161,-0.59884,0.62232,-1.0438,0.65805,0.22128,-0.6816,-3.6346,-0.53174,9.8272,0.72459,0.94367,1.0209,0.60957,-0.32185,-0.66208,-3.7253,9.6026,-1.6473,0.032653,0.08264,0.045398,-0.1423,-0.94728,-0.006912,-2.8399,-8.6393,-5.0995,0.101,-0.059102,-0.12698,-0.27082,0.78513,0.50108
8.6378,0.202,4.0671,0.18436,0.47554,0.017335,-0.44165,-0.050535,-0.86918,-3.9029,1.322,8.0575,-0.69528,0.55412,-1.0967,0.66379,0.27217,-0.65952,-3.3789,-1.03,8.187,0.39452,1.0248,1.1638,0.62212,-0.36321,-0.62946,-3.916,9.0012,-1.4854,-0.076083,0.044146,0.060013,-0.14566,-0.94766,-0.00915,-2.4713,-7.9702,-4.6731,0.021414,0.033299,-0.10103,-0.2762,0.78561,0.49985
8.7618,0.13042,5.0524,0.093268,0.034281,-0.21521,-0.43609,-0.056161,-0.87225,-6.0556,-2.9226,4.0979,-0.67129,0.27114,-0.39876,0.66744,0.30731,-0.64062,-6.5837,3.0157,3.6674,0.66897,0.66365,0.92712,0.62927,-0.40356,-0.59953,-3.9168,9.1363,-1.5006,-0.010739,0.061682,0.080462,-0.15122,-0.945,-0.006943,-2.7402,-7.7315,-4.2288,0.076898,0.008863,-0.081316,-0.27992,0.78611,0.49774
1.9352,-0.050844,4.798,0.036234,-1.3708,0.13205,-0.47643,-0.053095,-0.85146,-5.6593,-4.7608,4.6703,0.26593,-0.24337,0.34109,0.66811,0.31107,-0.64181,-7.383,6.1626,3.1555,-0.21348,-0.092724,0.15715,0.62481,-0.4223,-0.58871,-3.7829,9.0487,-1.948,-0.028474,0.045802,0.12531,-0.15507,-0.94556,-0.007511,-2.8466,-8.3489,-4.8374,0.092415,0.019766,-0.080312,-0.28359,0.78663,0.49459
6.9651,0.37892,5.8013,0.17931,-0.52482,0.21672,-0.49984,-0.052731,-0.83692,-5.9974,-0.7157,7.3841,0.47329,0.014878,0.42936,0.67204,0.28547,-0.65002,-6.4411,3.8965,6.1039,-0.66798,-0.22045,-0.16953,0.62228,-0.40725,-0.60391,-3.5868,8.9273,-1.4187,-0.062084,0.058111,0.15362,-0.16167,-0.94632,-0.008728,-2.5758,-8.0465,-4.07,0.068518,0.036143,-0.057656,-0.28491,0.78768,0.49124
10.157,0.13619,4.5109,0.16348,-0.22922,0.020507,-0.51533,-0.055875,-0.82871,-5.3683,0.19431,8.6655,0.10148,0.44856,0.048202,0.67684,0.27537,-0.64661,-5.4267,0.55676,9.0916,-0.45076,0.21533,0.11415,0.61621,-0.39365,-0.615,-3.2328,8.3734,-1.351,-0.001071,0.042878,0.13222,-0.16722,-0.94443,-0.016537,-2.3811,-7.8216,-4.5666,-0.004,0.009516,-0.030625,-0.28705,0.78714,0.49065
8.0281,1.143,5.2474,0.13524,0.53258,-0.12248,-0.50248,-0.064455,-0.83454,-5.0852,0.21462,8.4729,0.18075,0.40897,0.17009,0.68932,0.26906,-0.63394,-5.6732,0.92285,8.7637,-0.19086,0.29958,0.011256,0.62216,-0.38901,-0.61132,-2.9751,9.0945,-1.3766,0.061378,0.11041,0.037536,-0.16958,-0.94323,-0.013657,-1.9629,-8.5102,-4.7258,-0.001684,-0.002467,0.001688,-0.28809,0.78674,0.49089
9.3236,0.43945,4.4469,0.098911,0.54622,-0.061421,-0.49012,-0.064638,-0.84206,-5.1207,0.75252,8.5359,0.022764,0.22526,0.25763,0.70315,0.25902,-0.62578,-5.3854,1.1121,8.1047,-0.26218,0.23529,-0.024173,0.63148,-0.38151,-0.61043,-3.0958,9.0961,-1.8892,-0.026865,0.068287,0.010744,-0.17277,-0.94327,-0.011464,-2.2185,-9.0168,-4.7912,0.097624,0.012356,0.003487,-0.28822,0.78845,0.4894
7.4551,0.29858,6.3865,-0.29904,1.1588,0.093995,-0.45061,-0.061135,-0.86319,-5.6331,-0.31003,8.195,0.028633,0.13678,0.36268,0.71099,0.25044,-0.62055,-5.6775,1.3142,7.3095,-0.3285,-0.063382,-0.024909,0.63155,-0.37362,-0.61403,-3.5981,8.2966,-1.2682,-0.11179,0.09593,-0.005069,-0.17291,-0.9429,-0.014594,-2.3967,-8.2102,-4.4932,0.13233,0.03334,-0.029872,-0.28989,0.78978,0.48485
7.3507,-0.009631,5.8614,-0.060448,-0.13736,-0.042424,-0.4397,-0.055663,-0.87027,-6.622,-0.8726,7.7513,-0.019674,0.058486,0.51979,0.71609,0.23724,-0.6168,-6.2722,1.4434,7.2982,-0.43101,-0.49269,-0.001333,0.62567,-0.36221,-0.62618,-3.6454,8.6871,-1.4346,0.00089,0.006,-0.046204,-0.17185,-0.94225,-0.015327,-3.1305,-8.0874,-4.4456,0.10016,0.052652,-0.053759,-0.29204,0.79083,0.48081
8.3669,0.24401,5.2292,-0.028239,-0.15705,0.039861,-0.43899,-0.055501,-0.87184,-6.6797,-0.69869,6.9012,-0.15509,-0.11432,0.73071,0.72048,0.22159,-0.61717,-6.446,1.9861,7.1297,-0.59521,-0.64803,-0.33038,0.61544,-0.34748,-0.64515,-3.7366,8.9645,-1.5118,0.091161,0.022666,-0.028378,-0.17048,-0.94516,-0.016297,-2.8977,-7.993,-3.9931,0.011076,0.027833,-0.019438,-0.29259,0.79215,0.47893
8.4978,-0.33586,5.4801,0.020624,-0.18732,0.007232,-0.44461,-0.054017,-0.86754,-7.4198,-1.5829,7.279,-0.05729,-0.25287,0.9041,0.72234,0.20295,-0.62189,-6.028,0.53177,8.5207,-0.64332,-0.65247,-0.50624,0.60081,-0.3186,-0.67176,-3.4397,9.2737,-1.6262,-0.051257,0.012144,-0.02312,-0.17103,-0.94565,-0.016582,-2.6064,-8.2618,-4.4222,0.043013,-0.088103,0.004908,-0.29277,0.79267,0.47838
8.0776,0.06464,4.3455,0.21355,0.030649,0.084904,-0.45503,-0.056261,-0.86127,-6.5526,-1.2941,7.6842,0.32493,-0.44729,1.2469,0.72206,0.16788,-0.62848,-6.0766,0.36673,8.6157,-0.21838,-0.73921,-0.93696,0.59002,-0.29119,-0.69438,-3.5338,8.7923,-1.3875,-0.043295,0.028004,-0.058388,-0.16823,-0.94323,-0.017498,-2.4569,-8.3215,-4.644,0.021556,-0.054209,0.002406,-0.29124,0.79335,0.47776
8.3353,0.10167,5.6906,-0.058342,-0.32357,0.10074,-0.46122,-0.055007,-0.85779,-6.7184,0.061803,7.5485,0.62278,-0.56678,1.4627,0.71594,0.11518,-0.64591,-5.2465,-0.60152,8.6891,-0.12973,-0.89437,-1.1481,0.57631,-0.26109,-0.71747,-3.3791,9.1757,-1.4448,-0.045218,0.00505,-0.057595,-0.16795,-0.94575,-0.01826,-2.3225,-8.659,-4.4334,0.025356,0.017437,0.001927,-0.29064,0.79321,0.4787
8.1946,-0.12375,4.9121,0.1564,-0.13974,0.10383,-0.47022,-0.059558,-0.85224,-5.413,0.77143,7.6618,0.73739,-0.82659,1.8466,0.70105,0.048219,-0.666,-4.0345,-0.94418,8.2,0.008658,-1.1609,-1.2135,0.55599,-0.23201,-0.74263,-3.3182,8.9957,-1.3834,-0.017297,-0.017887,-0.033964,-0.16742,-0.94524,-0.018497,-2.2167,-8.2117,-4.3259,0.030491,-0.030816,0.009668,-0.29178,0.79426,0.47786
8.0068,-0.10256,5.5525,0.011608,-0.16742,0.023513,-0.47321,-0.059818,-0.85102,-3.4262,2.9472,7.8494,1.077,-1.0398,1.8977,0.67179,-0.036308,-0.69294,-3.477,-0.9993,8.8793,-0.17215,-1.4274,-1.5992,0.52726,-0.20078,-0.77028,-3.453,8.9735,-1.5811,-0.006294,-0.016972,-0.04632,-0.16456,-0.94414,-0.021749,-2.4793,-8.3817,-4.4876,-0.021809,-0.002148,0.014633,-0.28857,0.79285,0.47812
8.0676,0.016508,5.2926,0.00671,-0.46934,-0.033566,-0.48569,-0.059894,-0.84338,-2.2159,6.4079,8.0865,0.26954,-1.461,2.0762,0.6282,-0.10787,-0.72188,-1.9394,-2.598,9.1847,0.45297,-1.8351,-1.8905,0.48228,-0.17299,-0.80706,-3.6191,9.2435,-1.7498,0.02708,0.003321,-0.026711,-0.16435,-0.94471,-0.020176,-2.367,-8.4497,-4.4187,-0.066771,0.031597,0.009495,-0.28942,0.79283,0.47915
8.9493,0.37345,5.033,-0.11312,-0.41729,0.10293,-0.50341,-0.056101,-0.83437,-0.93367,5.6903,10.03,-0.064081,-1.4444,1.9138,0.58076,-0.15277,-0.75294,-0.78741,-1.6012,10.52,0.11681,-1.9364,-1.8748,0.43388,-0.15167,-0.83945,-3.6029,9.1224,-1.4643,-0.010636,0.014824,-0.010762,-0.16442,-0.9439,-0.018099,-2.7722,-8.6859,-4.6802,0.014623,-0.004169,-0.00794,-0.28946,0.794,0.48057
8.6796,-0.097313,4.7369,0.066718,-0.42848,-0.029982,-0.51851,-0.054056,-0.82338,-0.35043,5.7824,9.0379,-0.1807,-1.528,1.9002,0.51831,-0.18897,-0.78537,0.89189,-2.9535,9.8719,-0.002588,-1.7022,-1.7964,0.38026,-0.12169,-0.86859,-3.6334,9.0639,-1.87,-0.053585,0.043911,-0.030006,-0.16302,-0.94432,-0.020896,-2.5166,-8.4047,-4.2642,-0.046371,0.042509,-0.03202,-0.2906,0.79178,0.479
8.1964,0.077669,4.5554,-0.060845,-0.49065,0.097738,-0.53503,-0.05862,-0.81454,0.53397,4.8454,9.2384,-0.35568,-1.4185,1.8471,0.457,-0.21421,-0.81407,2.8584,-3.1728,10.138,-0.14648,-1.4271,-1.8061,0.33174,-0.094919,-0.89087,-3.4834,9.1229,-1.4769,-0.062128,0.007787,-0.014349,-0.16304,-0.9448,-0.021546,-2.4566,-8.27,-4.4197,-0.026746,0.000669,-0.021529,-0.29125,0.79123,0.48083
8.909,-0.38848,4.8412,-0.25451,-0.53796,-0.009868,-0.55306,-0.050122,-0.80357,1.9896,4.8274,8.4453,0.060918,-1.2255,1.9997,0.38522,-0.23721,-0.83796,3.5935,-3.5139,8.8591,-0.70017,-1.0034,-1.6643,0.28732,-0.058584,-0.9062,-3.3956,9.4162,-1.588,-0.043075,0.040303,0.009755,-0.16348,-0.9459,-0.026119,-2.383,-8.8668,-4.7488,0.004588,0.037766,-0.053933,-0.29227,0.79096,0.48133
8.8147,0.24141,4.9789,0.068658,-0.56629,-0.020231,-0.57176,-0.047968,-0.79046,5.16,5.0306,6.9784,0.51692,-1.1893,2.2456,0.32072,-0.27589,-0.85149,4.4383,-4.0067,7.8463,-0.45042,-1.0198,-1.7734,0.25439,-0.018467,-0.91754,-3.4579,9.8737,-1.6572,-0.092312,0.018425,0.059987,-0.16551,-0.94376,-0.02804,-1.9417,-9.2874,-4.6827,0.10611,0.057191,-0.080464,-0.29475,0.79068,0.47981
8.9037,0.35038,5.3384,-0.15595,-0.69108,0.042957,-0.59391,-0.04328,-0.7747,8.1766,4.9911,6.0587,1.1428,-1.0235,1.7919,0.26065,-0.33187,-0.85298,6.8761,-3.2614,7.819,-0.02394,-1.1137,-1.5665,0.21631,0.004949,-0.92666,-3.2845,10.955,-1.7825,-0.036242,0.15127,0.18025,-0.16938,-0.94443,-0.02939,-1.6672,-10.436,-5.4282,0.15473,0.10015,-0.17897,-0.30056,0.7921,0.47472
9.0237,0.61544,5.5051,0.37981,-0.92763,0.054765,-0.61855,-0.043853,-0.75328,7.8899,2.7776,7.5438,1.0083,-0.93107,1.0818,0.20906,-0.38317,-0.84466,8.1318,-1.0489,7.9731,-0.4054,-0.81793,-1.0332,0.18209,0.023049,-0.93381,-3.6058,10.227,-0.23512,-0.073094,0.009099,0.46067,-0.18325,-0.94207,-0.033164,-1.5607,-9.7065,-4.9463,-0.002849,0.24318,-0.38392,-0.31334,0.78966,0.47094
9.8395,0.2616,3.4201,0.26079,-0.79083,-0.077346,-0.64698,-0.054231,-0.72873,5.539,2.6454,8.3574,0.64162,-0.72547,0.36353,0.17168,-0.41196,-0.83702,5.6682,0.18615,8.5524,-0.98094,-0.46747,-0.3449,0.15736,0.054662,-0.9366,-3.0372,9.7967,-0.77841,-0.013035,0.051037,0.57731,-0.20311,-0.93639,-0.034883,-1.7688,-9.1405,-4.1863,-0.052569,0.28014,-0.45221,-0.33087,0.78388,0.46851
9.1005,-0.23451,2.9935,0.038627,-0.57442,0.067227,-0.66829,-0.057597,-0.70982,4.1655,1.7274,8.2136,0.37773,-0.47369,0.053682,0.14453,-0.43423,-0.82983,3.8296,-1.7955,8.537,-0.56185,-0.34293,0.016357,0.13837,0.082154,-0.93497,-2.4977,9.3872,-0.9772,0.31582,0.076706,0.50858,-0.22549,-0.93326,-0.029037,-1.8427,-8.723,-3.8578,-0.22347,0.15697,-0.39652,-0.34726,0.77745,0.46877
8.4694,0.17125,2.7903,-0.15128,-0.49932,0.099386,-0.68282,-0.055529,-0.69607,3.7607,4.4198,7.9634,-0.11023,-0.25349,-0.11778,0.13512,-0.43821,-0.82795,3.2991,-2.3153,8.7702,0.031828,-0.29387,0.16619,0.12727,0.085675,-0.93627,-2.4857,9.7416,-1.4275,0.71757,0.15721,0.60275,-0.24688,-0.92966,-0.008833,-1.2526,-9.1104,-4.9544,-0.087596,0.090067,-0.35777,-0.36128,0.76905,0.47243
9.2342,-0.42768,2.8296,-0.24108,-0.75024,0.042033,-0.70191,-0.047605,-0.67741,3.9914,5.0018,7.9189,-0.028938,-0.097651,-0.28556,0.13402,-0.43338,-0.83081,2.9883,-3.0158,8.9611,0.13353,-0.30989,0.21381,0.11781,0.090165,-0.93751,-2.5165,10.13,-0.97839,0.83864,0.035733,0.77849,-0.27079,-0.92197,0.018531,-1.0498,-8.9101,-4.8085,-0.21584,0.29892,-0.37244,-0.37497,0.76224,0.47343
10.1,-0.40353,2.4632,0.11123,-0.65454,-0.070915,-0.72193,-0.046922,-0.65661,3.3387,5.3393,8.3392,0.33942,-0.022356,-0.18777,0.13535,-0.43807,-0.82846,3.2428,-2.4985,9.4816,-0.014516,-0.33963,0.033522,0.10591,0.084966,-0.93972,-1.7088,9.7297,-1.4419,0.88514,0.033469,0.73599,-0.29967,-0.91442,0.051259,-0.71987,-8.7328,-4.7054,-0.32902,0.24804,-0.42511,-0.38984,0.75005,0.4774
9.9831,-0.015848,2.0769,0.068796,-0.52645,-0.16274,-0.73781,-0.052771,-0.63813,3.2901,5.897,8.8081,0.12853,-0.043226,-0.07136,0.1376,-0.44564,-0.82394,3.523,-2.59,9.6096,-0.18617,-0.4245,0.012906,0.091122,0.087582,-0.93955,-0.76626,9.0696,-2.2925,0.79317,-0.068152,0.72448,-0.3276,-0.90147,0.082457,-0.091792,-9.0396,-5.3754,-0.31088,0.27698,-0.40896,-0.40809,0.73752,0.48548
9.4303,-0.21212,2.2505,0.095608,-0.24721,-0.17308,-0.7469,-0.060556,-0.62684,3.2166,5.3293,8.3968,0.38886,0.086806,-0.12271,0.14218,-0.45096,-0.81662,3.591,-2.6616,10.067,-0.14524,-0.30367,-0.037138,0.075547,0.083278,-0.9401,-0.6515,9.6655,-3.0111,0.35904,-0.073876,0.6592,-0.35472,-0.88991,0.10615,-0.28683,-9.0526,-5.6701,-0.29337,0.44458,-0.3264,-0.4247,0.72493,0.48716
9.1047,0.13974,1.9818,0.068074,-0.26131,-0.089185,-0.75296,-0.067199,-0.6161,3.2007,5.6304,8.3008,0.39596,0.15539,-0.16505,0.14768,-0.46507,-0.80806,3.4749,-2.9466,9.6005,-0.16848,-0.20816,-0.033486,0.063511,0.089784,-0.94003,-0.99132,10.235,-3.3337,-0.004787,0.017446,0.71639,-0.37763,-0.8795,0.11521,-0.65847,-7.6636,-5.06,-0.24305,0.41602,-0.46498,-0.44326,0.71338,0.4877
9.1495,0.18365,2.0272,0.080985,-0.22208,-0.10027,-0.75895,-0.072593,-0.60896,2.9226,4.8006,7.943,0.19084,0.13367,-0.24723,0.15576,-0.47377,-0.8032,3.6202,-2.1158,8.9819,0.24719,-0.18185,-0.031941,0.056561,0.095723,-0.94105,-0.79596,10.152,-3.0145,-0.50176,0.004768,0.67214,-0.40056,-0.87122,0.10267,0.41929,-8.2066,-5.0134,-0.38456,0.29752,-0.43423,-0.46139,0.70035,0.49369
9.3208,0.020422,1.7439,-0.005655,-0.15587,-0.08335,-0.76458,-0.077012,-0.59996,3.2842,5.2652,8.1271,0.11413,0.18152,-0.25333,0.16524,-0.4763,-0.79786,3.9952,-2.2059,9.4048,0.20395,-0.070335,-0.023724,0.052365,0.086981,-0.93977,-0.24239,8.7503,-2.5667,-0.70415,-0.16786,0.53122,-0.42042,-0.86379,0.081296,0.50089,-8.64,-5.0879,-0.28491,0.47383,-0.41884,-0.48067,0.68565,0.49466
9.2686,0.23407,2.1478,-0.035288,-0.25289,-0.054679,-0.76979,-0.079195,-0.59308,3.7705,5.7051,8.8612,0.058123,0.23078,-0.38937,0.17528,-0.47756,-0.79613,5.5263,-3.2256,10.365,0.33268,-0.064473,-0.1257,0.052072,0.078628,-0.94067,0.90733,8.8746,-2.5138,-0.34499,-0.033282,0.58159,-0.43905,-0.8555,0.07026,0.65838,-8.3107,-5.4877,-0.13962,0.51822,-0.33307,-0.49669,0.67455,0.49014
9.5537,0.31575,1.5238,0.029145,-0.37098,0.006107,-0.77822,-0.078315,-0.58422,4.0537,6.3425,10.38,0.001438,0.15838,-0.4727,0.19076,-0.4747,-0.79327,3.6878,-2.6781,10.797,0.17575,0.30271,-0.076141,0.05633,0.059149,-0.9409,1.0535,9.5051,-2.4965,-0.57215,-0.068379,0.38733,-0.45726,-0.84911,0.048838,0.7494,-7.5787,-5.5963,-0.059826,0.41632,-0.11423,-0.51341,0.6687,0.48248
9.7492,0.3463,0.89876,-0.066728,-0.2977,0.085905,-0.78437,-0.078693,-0.57234,1.6536,6.3075,8.693,-0.18792,0.15117,-0.58902,0.21024,-0.47142,-0.79046,3.718,-2.7103,9.7761,0.38369,0.32989,0.057539,0.067391,0.045847,-0.94046,-1.3796,9.2991,-2.1701,-0.14549,-0.011345,0.47429,-0.4708,-0.84078,0.035175,0.57586,-8.0617,-6.0861,0.043924,0.83611,-0.073598,-0.52078,0.66857,0.47369
9.9729,0.27119,0.70599,-0.07703,-0.19191,0.081798,-0.79151,-0.075691,-0.56157,1.8698,5.4222,8.282,-0.41956,0.27351,-0.38293,0.22229,-0.45797,-0.79443,3.6008,-2.2421,9.0669,0.30191,0.44101,0.29439,0.081352,0.038745,-0.93967,-0.16374,9.4924,-2.4159,-0.33599,-0.096049,0.72603,-0.48926,-0.82975,0.032728,0.69808,-7.8234,-3.9021,0.17754,0.537,-0.51916,-0.5431,0.66365,0.45647
9.3158,0.27446,1.2083,-0.094632,-0.078785,0.088544,-0.79486,-0.070959,-0.55947,1.4868,6.1824,8.497,-0.57409,0.42529,-0.21985,0.23984,-0.4403,-0.80076,3.6114,-2.5961,8.8019,0.11706,0.44784,0.26591,0.099221,0.02853,-0.93846,0.683,9.2308,-1.8209,-0.3458,-0.089411,0.6819,-0.51301,-0.81882,0.024569,0.61426,-7.9076,-5.3305,0.25758,0.49602,-0.61548,-0.5658,0.65624,0.44075
9.7789,0.23565,0.71921,-0.11222,0.005359,0.071763,-0.79666,-0.066667,-0.55584,2.0452,5.9971,7.2213,-0.68282,0.4221,-0.13447,0.25899,-0.42071,-0.80601,3.5628,-2.3618,8.2763,0.072422,0.37431,0.10675,0.11459,0.024462,-0.93719,1.1022,8.7851,-2.4347,-0.28757,0.005269,0.56066,-0.53359,-0.80657,0.014213,1.4541,-7.6896,-4.7107,0.27314,0.35263,-0.6051,-0.58831,0.64544,0.42337
9.8823,0.049445,0.76355,-0.096299,0.083729,0.038622,-0.7947,-0.06109,-0.5586,2.5237,4.4201,6.454,-0.79437,0.12703,0.046124,0.26862,-0.38737,-0.81784,3.7539,-1.5688,8.2947,0.0421,0.3498,0.015825,0.12983,0.015092,-0.93326,1.3261,9.1578,-1.6654,-0.02924,0.080551,0.52778,-0.55021,-0.79123,0.008197,1.6336,-7.7046,-4.9467,0.25958,0.41528,-0.51699,-0.60864,0.63741,0.40563
10.076,0.1366,0.81035,-0.09884,0.11598,0.031209,-0.79293,-0.058299,-0.55789,2.6044,4.4324,6.4254,-0.49779,0.027654,0.14187,0.26839,-0.36931,-0.82838,3.8126,-1.8732,8.5992,-0.46511,0.27355,-0.12712,0.1406,0.025509,-0.9335,0.56871,9.5465,-2.0862,-0.10837,0.23408,0.37893,-0.56432,-0.7835,0.000495,1.348,-8.0324,-4.9957,0.24195,0.41464,-0.42001,-0.62588,0.63008,0.38883
9.7926,0.06442,0.90472,-0.051357,0.16352,-0.00726,-0.79039,-0.059105,-0.56245,3.1439,3.8348,5.6726,-0.47869,-0.25694,0.21666,0.26217,-0.35825,-0.83421,3.7717,-1.9571,8.1208,-0.36444,0.23686,-0.069686,0.14838,0.042581,-0.93083,0.7071,9.0942,-1.3927,-0.14029,0.024588,0.39328,-0.57646,-0.77472,-0.005426,1.6781,-8.051,-4.4075,0.23453,0.17017,-0.40368,-0.63984,0.62425,0.38112
9.8523,-0.038792,0.6583,-0.14238,0.06912,-0.004252,-0.78845,-0.0564,-0.56346,4.7729,4.2048,6.3016,-0.83912,-0.72667,0.58382,0.23783,-0.34056,-0.84697,3.8355,-2.0125,7.7463,-0.31149,0.088504,-0.19709,0.15297,0.054886,-0.92907,0.99859,9.0727,-1.3568,-0.00098,-0.003941,0.32073,-0.58565,-0.76629,-0.006264,1.6473,-8.5288,-4.4392,0.42383,0.11057,-0.19738,-0.64833,0.61982,0.36895
9.7776,-0.22967,0.37299,-0.052659,0.066494,-0.012354,-0.7877,-0.055102,-0.56424,4.7252,3.3765,11.046,-0.40517,-0.50911,0.57074,0.20817,-0.31899,-0.86189,4.0899,-2.9769,8.5688,0.11128,-0.016328,-0.22865,0.15032,0.060117,-0.92685,1.0585,9.3105,-0.77063,-0.075195,-0.16586,0.23319,-0.59394,-0.75995,-0.006015,1.7826,-8.2003,-4.563,0.49535,-0.097841,-0.057925,-0.6497,0.6259,0.35839
10.018,-0.096776,0.00265,0.004565,0.081078,-0.029657,-0.78501,-0.055781,-0.56879,4.2154,3.8054,8.6487,-0.25173,-0.27829,0.065549,0.19159,-0.31567,-0.86957,3.7971,-2.6691,8.4025,0.027619,0.016485,-0.029127,0.15496,0.056361,-0.92951,0.61662,9.4222,-1.0197,-0.082417,-0.12339,0.2441,-0.60203,-0.7548,-0.007965,1.5578,-8.1989,-4.6565,0.62357,0.003451,-0.039373,-0.64955,0.63227,0.34721
9.9439,0.022757,-0.10158,0.012428,0.10112,0.073313,-0.78284,-0.055502,-0.57044,4.4954,3.96,7.7714,-0.70557,-0.071749,0.044647,0.18426,-0.29664,-0.87548,4.2618,-3.7206,8.5012,0.24322,0.014467,0.077128,0.15455,0.050949,-0.92762,1.0134,9.1695,-1.1915,0.023032,-0.21705,0.21603,-0.60772,-0.74864,-0.004081,1.4384,-8.1098,-4.352,0.37455,0.002721,-0.11831,-0.65273,0.63785,0.33173
9.8388,-0.11732,-0.058523,0.085072,0.16557,0.10778,-0.78166,-0.053581,-0.57068,4.1842,2.9186,7.5557,-0.44322,0.041046,-0.043368,0.18271,-0.27615,-0.88136,4.0152,-2.0587,8.5566,0.49698,0.12156,0.12188,0.15338,0.035544,-0.9285,1.1182,9.0359,-1.4143,0.081888,-0.1388,0.30125,-0.6147,-0.74276,0.001175,1.6032,-8.2009,-4.1477,-0.027165,0.18576,-0.20661,-0.65505,0.63551,0.32669
9.7713,-0.16899,0.030155,0.13305,0.25704,-0.003816,-0.77753,-0.054845,-0.57797,3.637,2.7531,7.7023,-0.27077,0.008057,0.06874,0.18481,-0.26571,-0.88609,3.8392,-1.6423,8.4195,0.35923,0.1296,0.051963,0.16043,0.019559,-0.92806,0.87869,9.0358,-1.6142,0.1694,-0.067506,0.29204,-0.62298,-0.73656,0.008582,1.2068,-8.3045,-3.7005,0.008876,0.11211,-0.22331,-0.66249,0.62931,0.32282
9.9058,-0.21369,-0.17801,0.072125,0.20458,-0.001848,-0.77191,-0.057358,-0.58226,3.8678,3.535,8.4387,-0.29344,0.061427,0.1085,0.18543,-0.2564,-0.88739,3.9129,-2.1313,8.7005,0.27937,0.19554,0.02813,0.16736,0.005617,-0.92506,0.90592,9.4567,-1.8092,0.098031,-0.093833,0.29899,-0.63273,-0.72748,0.014352,1.6331,-8.5293,-4.0675,0.074045,-0.064309,-0.26825,-0.66934,0.62192,0.32352
9.7571,0.15576,0.36042,0.028476,0.17166,-0.016334,-0.76829,-0.058436,-0.58664,3.7677,3.3921,8.3962,-0.31665,0.1593,0.082502,0.18865,-0.24139,-0.88955,3.6695,-2.3195,8.7515,0.21554,0.24912,0.006883,0.17307,-0.004914,-0.92384,0.94281,9.4131,-2.1085,0.067958,-0.10441,0.25477,-0.63978,-0.72067,0.018431,1.2581,-8.6311,-4.3878,0.17473,-0.087417,-0.23954,-0.67341,0.61602,0.321
9.9428,-0.067254,0.18133,-0.027349,0.22025,-0.031208,-0.76363,-0.059511,-0.59152,3.7752,3.085,8.2344,-0.26592,0.19702,0.057342,0.19496,-0.23378,-0.89322,3.4012,-1.9337,8.3006,0.12561,0.21005,-0.039257,0.18257,-0.01173,-0.92191,0.94316,9.3753,-2.0409,-0.012417,-0.12809,0.22812,-0.64849,-0.71658,0.021139,1.258,-8.5482,-4.5968,0.19352,-0.067639,-0.15263,-0.6776,0.61376,0.32104
9.8674,-0.11225,0.47142,-0.032695,0.23636,-0.040399,-0.75814,-0.060675,-0.59823,3.8548,2.5712,8.2131,-0.16186,0.1843,0.03413,0.20137,-0.22756,-0.89298,3.4498,-2.0438,8.5942,0.068984,0.18144,-0.10474,0.19162,-0.015165,-0.9216,0.91261,9.4878,-2.0792,-0.009599,-0.048005,0.18635,-0.65414,-0.70856,0.023199,1.2881,-8.451,-4.6408,0.13259,-0.077961,-0.12001,-0.67951,0.61376,0.31835
9.8221,-0.18629,0.55266,-0.021186,0.20342,-0.016533,-0.75409,-0.060868,-0.6022,4.1956,3.279,8.2233,0.057085,0.16218,-0.053888,0.2043,-0.22529,-0.8908,3.9804,-2.0015,9.1809,0.021473,0.17356,-0.10113,0.19545,-0.015346,-0.91764,0.60442,9.7873,-2.2508,-0.020253,-0.017941,0.14603,-0.65707,-0.70369,0.023441,1.1157,-8.4949,-4.6737,-0.059916,-0.005298,-0.083693,-0.67914,0.61022,0.32106
9.8673,-0.090233,0.52379,-0.030283,0.18996,-0.023778,-0.75013,-0.060637,-0.60764,4.3241,2.8304,8.2366,0.047606,0.12007,-0.019394,0.209,-0.22759,-0.89024,4.0542,-2.1832,8.8332,-0.083107,0.15784,-0.042986,0.19844,-0.012492,-0.91807,0.38033,9.935,-1.9253,-0.001305,-0.030176,0.12571,-0.66052,-0.703,0.023019,0.78553,-8.6887,-4.5588,-0.16395,0.050456,-0.06208,-0.68021,0.60903,0.32269
9.8516,-0.2164,0.61238,0.004718,0.14702,0.001077,-0.74419,-0.061383,-0.6158,4.153,2.5716,8.1177,0.20804,0.056533,0.018891,0.22033,-0.23352,-0.88693,3.825,-1.9801,8.5768,-0.13915,0.068358,-0.043274,0.20941,-0.009052,-0.91685,0.33641,9.7624,-1.926,-0.13134,-0.063483,0.053956,-0.66375,-0.69924,0.022339,0.73321,-8.8693,-4.097,-0.048514,-0.023423,-0.013978,-0.68324,0.60545,0.32582
9.8229,-0.096779,0.39658,-0.023628,0.077049,-0.014174,-0.74187,-0.060599,-0.61718,4.342,3.1443,8.0122,0.25395,-0.022963,0.018197,0.21776,-0.242,-0.88356,3.9868,-2.3687,8.2339,-0.15305,-0.001789,-0.007207,0.20852,-0.004122,-0.91704,0.40649,9.2152,-1.924,-0.1579,-0.008964,-0.021665,-0.66351,-0.69796,0.018704,0.68867,-8.5023,-4.3358,-0.018232,0.053033,0.037112,-0.6829,0.60468,0.32493
9.8077,-0.14125,0.43348,0.005831,-0.01106,-0.019228,-0.74311,-0.061144,-0.61549,4.3915,3.0542,8.0898,0.15332,-0.036721,0.048295,0.21462,-0.24854,-0.88064,3.8061,-2.2369,8.3414,-0.090776,-0.001767,0.041398,0.20553,0.000366,-0.91657,0.53267,9.3954,-1.8616,-0.08259,0.018154,-0.051436,-0.6628,-0.69925,0.015487,0.59867,-8.6442,-4.2032,0.055579,-0.009452,0.034752,-0.68077,0.60691,0.32548
9.6963,-0.12506,0.31337,0.041604,-0.090007,-0.000617,-0.74487,-0.062136,-0.61622,4.2248,2.9191,7.9448,0.18685,-0.096768,0.060986,0.2138,-0.25415,-0.88252,3.7332,-2.2508,8.2158,-0.21139,-0.059864,0.01286,0.20725,0.005329,-0.91712,0.331,9.3946,-1.8657,-0.008555,0.066541,-0.099618,-0.66229,-0.70098,0.013953,0.4561,-8.808,-4.1762,0.051314,-0.076879,0.066945,-0.68102,0.60874,0.3261
9.8827,-0.11898,0.27006,0.025057,-0.14373,-0.007688,-0.74669,-0.063554,-0.61042,4.2716,3.2819,7.6357,0.10376,-0.16881,0.086233,0.20803,-0.26094,-0.88065,3.8826,-2.5862,7.9917,-0.081319,-0.14672,-0.010117,0.20448,0.009945,-0.91739,0.43552,9.3336,-1.6532,-0.044206,0.075192,-0.18152,-0.66088,-0.7047,0.013366,0.61387,-8.57,-4.0982,0.12689,-0.0727,0.084797,-0.67924,0.61033,0.32533
10.047,-0.17198,0.2262,0.037807,-0.13127,-0.009536,-0.75324,-0.062253,-0.60362,4.6464,2.7154,7.9513,0.081456,-0.14659,0.09898,0.19897,-0.26304,-0.88149,4.1326,-2.1656,8.306,-0.071878,-0.15377,0.000582,0.1933,0.013203,-0.91781,0.32301,9.3711,-1.7755,-0.069908,0.13159,-0.21995,-0.65246,-0.71015,0.006483,0.68829,-8.7038,-4.3812,0.1075,-0.080999,0.12094,-0.67249,0.61631,0.32122
9.9425,-0.15603,0.15091,0.088221,-0.19443,-0.011033,-0.7591,-0.063217,-0.59891,4.5911,3.186,7.9045,0.3407,-0.12344,0.052561,0.19358,-0.2718,-0.88253,4.3803,-2.2417,9.333,-0.21741,-0.17537,-0.004003,0.1872,0.017852,-0.92201,0.39215,10.325,-2.0302,0.025525,0.16666,-0.19834,-0.64593,-0.71573,0.003416,0.53826,-8.8827,-4.2946,0.089981,-0.026961,0.091569,-0.67007,0.62079,0.31898
10.077,-0.12659,-0.071696,0.069366,-0.18021,-0.029356,-0.7618,-0.06638,-0.59486,4.247,3.3449,7.6504,0.27307,-0.088157,0.037256,0.19287,-0.28311,-0.87849,3.8776,-2.5815,8.0746,-0.11601,-0.17766,0.07103,0.18655,0.023675,-0.92233,0.39911,9.3689,-1.1663,0.006777,0.096255,-0.24222,-0.64221,-0.71982,0.002558,0.97384,-8.2876,-4.1511,-0.099401,-0.11312,0.12651,-0.66824,0.62313,0.32281
9.9869,-0.1421,0.28562,0.086625,-0.18968,-0.064851,-0.7668,-0.068795,-0.58904,4.2231,3.4021,7.8449,0.35592,-0.039001,0.015503,0.18784,-0.29129,-0.87268,4.0676,-2.6413,8.3499,0.12584,-0.14905,-0.022209,0.1768,0.022234,-0.92179,0.69908,9.0038,-1.4674,-0.075373,0.10673,-0.29785,-0.63353,-0.72552,-0.001449,1.2058,-8.3929,-4.2521,-0.13371,-0.099712,0.13382,-0.66314,0.62549,0.32794
9.9876,-0.09689,0.091948,0.023416,-0.16795,-0.078719,-0.77243,-0.071477,-0.58258,3.8981,3.6752,7.538,0.41369,-0.01283,-0.015093,0.18573,-0.3055,-0.87124,3.7232,-2.1002,8.2106,0.13811,-0.13951,-0.015153,0.17165,0.018073,-0.92444,0.74381,9.0488,-1.4066,0.045812,0.23685,-0.25986,-0.62638,-0.7323,-0.006436,0.90647,-8.3326,-4.0105,-0.079313,-0.1778,0.15863,-0.65703,0.62917,0.33281
9.8242,0.044996,0.13639,0.032745,-0.13706,-0.10985,-0.77501,-0.07528,-0.57866,3.5368,3.3696,7.5587,0.42291,0.024213,-0.00974,0.19186,-0.32208,-0.86582,3.5817,-1.9586,8.162,0.084401,-0.14732,-0.09121,0.16979,0.015328,-0.92646,0.81684,9.3938,-1.3455,0.047481,0.23858,-0.25977,-0.62041,-0.74137,-0.011082,1.5658,-8.2535,-4.0215,-0.099303,-0.2228,0.1617,-0.65358,0.63097,0.34052
9.868,0.006418,0.4349,0.027171,-0.15937,-0.11157,-0.77807,-0.079295,-0.57129,3.5967,3.7748,7.5074,0.50549,0.03279,-0.03343,0.19288,-0.33777,-0.85671,3.6692,-1.9959,8.4036,0.12349,-0.16909,-0.16891,0.16399,0.011946,-0.92716,0.65327,9.1986,-1.4611,0.00808,0.20524,-0.28652,-0.61413,-0.74646,-0.01338,1.431,-8.0954,-4.1952,-0.10014,-0.10576,0.18605,-0.64958,0.6345,0.34532
9.7947,0.27369,0.43608,0.040606,-0.17084,-0.089616,-0.78276,-0.081926,-0.56719,3.538,4.043,7.693,0.51776,0.076514,-0.081283,0.19353,-0.35206,-0.85202,3.6642,-1.9525,8.5396,0.29194,-0.16463,-0.12102,0.15632,0.005414,-0.92775,0.9675,9.1692,-1.2972,-0.006478,0.14702,-0.27811,-0.60441,-0.74999,-0.017864,1.6033,-8.0436,-4.2892,-0.17994,-0.1433,0.20762,-0.64043,0.63885,0.35212
9.9282,0.15397,0.46615,-0.029267,-0.19628,-0.087767,-0.78722,-0.084607,-0.56121,3.4513,4.3752,7.6648,0.53656,0.074668,-0.088532,0.19964,-0.36934,-0.84466,3.5516,-1.6921,8.5505,0.23802,-0.10268,-0.066204,0.15424,-0.004542,-0.9292,1.1536,9.171,-1.5485,-0.001314,0.11611,-0.26952,-0.59916,-0.75864,-0.019942,1.6481,-8.0808,-4.3782,-0.2736,-0.090806,0.20637,-0.63471,0.64054,0.36018
9.779,0.22845,0.66694,-0.042095,-0.19574,-0.054046,-0.7922,-0.086004,-0.555,3.162,4.4556,7.6051,0.45429,0.058595,-0.11377,0.20555,-0.3846,-0.83579,3.493,-1.4386,8.1858,0.097312,-0.094392,0.050246,0.1537,-0.010181,-0.93007,0.84897,9.0407,-1.1644,0.028331,0.071303,-0.33248,-0.59174,-0.76304,-0.020627,1.3187,-8.1851,-4.033,-0.33928,-0.05857,0.25756,-0.62867,0.64184,0.36904
9.7206,0.43672,0.57087,0.023597,-0.11126,-0.068003,-0.79645,-0.087378,-0.54996,3.3784,4.2513,7.7197,0.39451,0.046046,-0.043082,0.20754,-0.39795,-0.82757,3.2592,-1.5884,8.3976,0.17459,-0.078384,0.1492,0.14773,-0.016922,-0.92906,1.3732,8.5351,-1.7235,0.040636,0.033112,-0.39731,-0.57956,-0.77186,-0.020559,1.3182,-8.3637,-4.2053,-0.33051,-0.1787,0.25312,-0.62049,0.64209,0.37983
9.6011,0.40785,0.622,-0.016562,-0.13638,-0.020537,-0.80051,-0.086664,-0.54626,3.1354,4.5108,7.717,0.2655,-0.049917,-0.015861,0.20853,-0.40682,-0.82283,3.6384,-1.1511,8.5302,-0.082889,-0.21203,0.13553,0.14283,-0.018,-0.93178,1.0459,8.3605,-1.5198,0.18955,0.12025,-0.37023,-0.56834,-0.77979,-0.016894,0.99623,-8.3025,-4.2031,-0.2361,-0.29613,0.31737,-0.61014,0.64431,0.39355
9.4063,0.39303,1.0158,0.010567,-0.14927,-0.03686,-0.80311,-0.087115,-0.54276,4.1434,3.9548,7.8616,0.37943,-0.14437,0.094839,0.2059,-0.41681,-0.8206,3.5457,-1.2411,8.8751,-0.53336,-0.20183,0.044023,0.1393,-0.00962,-0.93207,0.93569,9.2171,-2.0331,0.12822,0.16265,-0.3292,-0.55986,-0.7868,-0.016222,0.9367,-7.8902,-4.5391,-0.09196,-0.48544,0.36641,-0.59757,0.64917,0.40572
9.601,0.52548,0.84658,0.020705,-0.24895,0.023788,-0.80807,-0.087495,-0.53615,4.8282,3.8827,7.7002,0.75608,-0.31789,0.092693,0.19624,-0.43644,-0.81174,5.099,-2.0993,9.1385,-0.98753,-0.38178,-0.023637,0.13059,0.0206,-0.933,0.39554,9.8136,-1.7145,0.24468,0.16431,-0.71022,-0.54211,-0.79943,-0.011721,0.59989,-7.6715,-4.6638,-0.085747,-0.40763,0.66011,-0.57711,0.6613,0.41681
9.8476,0.55402,0.62482,-0.081147,-0.17322,0.001451,-0.81374,-0.084575,-0.52773,4.1446,5.6264,8.1001,0.60178,-0.57869,0.37547,0.17835,-0.46318,-0.7988,5.8813,-2.7075,10.207,-0.35013,-1.1311,-0.17091,0.10047,0.048294,-0.93583,0.38406,9.1684,-1.669,0.10206,0.014712,-0.94435,-0.51622,-0.81474,-0.006574,0.67483,-7.6645,-4.6326,-0.056644,-0.41505,0.77573,-0.54975,0.67587,0.42703
9.9133,0.27179,0.6757,0.11685,-0.2865,-0.057984,-0.82032,-0.08326,-0.52147,2.2133,6.6684,8.7369,-0.34599,-0.61788,0.2593,0.15121,-0.46757,-0.80511,3.4657,-3.2426,9.5175,1.3151,-0.83181,0.058759,0.052238,0.027504,-0.94272,0.52752,8.6164,-2.2432,0.15886,-0.031425,-1.2572,-0.47932,-0.8374,0.000665,0.17985,-8.0057,-4.6718,-0.35034,-0.38978,0.87454,-0.52199,0.69249,0.4413
9.8255,0.27507,0.025993,0.044614,-0.24928,-0.045516,-0.82727,-0.087668,-0.51238,4.3081,6.4075,8.5105,0.097121,-0.24659,0.077439,0.13722,-0.46238,-0.8101,5.0066,-1.436,10.419,0.37307,-0.22527,0.070107,0.039698,-0.004482,-0.94296,-0.33843,8.7013,-1.8481,0.15291,0.2587,-1.128,-0.43824,-0.85994,0.003153,-0.019423,-6.8509,-3.5365,-0.38101,-0.51561,0.68751,-0.49249,0.70046,0.46172
9.6317,0.085423,-0.32735,0.039579,-0.14755,-0.002228,-0.8319,-0.086159,-0.50444,4.082,6.2564,8.1682,0.04129,-0.14017,0.009929,0.12935,-0.46295,-0.81014,4.5601,-1.9587,9.3992,0.18908,-0.039491,0.12665,0.032417,-0.013996,-0.94319,-0.64537,8.8351,-1.8544,-0.057881,0.085825,-0.93508,-0.40266,-0.87522,0.004457,-0.32626,-6.5648,-3.7651,-0.21782,-0.55198,0.62729,-0.46871,0.70568,0.47542
9.9296,-0.005602,-0.39283,-0.022627,0.03854,-0.066928,-0.8324,-0.087067,-0.50392,3.8444,6.1649,8.0545,-0.038328,-0.1081,-0.06844,0.12605,-0.46332,-0.81147,4.1601,-1.5894,9.0738,0.30756,0.032018,-0.038299,0.034133,-0.024486,-0.94405,-0.52405,8.5797,-1.6416,-0.27622,0.01909,-1.0388,-0.3678,-0.88983,-0.001954,-0.4409,-7.1569,-5.1879,-0.47515,-0.68038,0.69948,-0.43818,0.71026,0.49659
9.7581,0.36335,0.31702,0.013137,0.14241,-0.069119,-0.82995,-0.088274,-0.50782,3.8134,5.8112,8.009,-0.15738,-0.074991,-0.13759,0.12745,-0.45765,-0.81576,4.16,-1.2973,8.6751,-0.06361,0.055213,-0.078385,0.038138,-0.028628,-0.94423,-1.3217,6.963,-1.3558,-0.044271,-0.22742,-1.2464,-0.32991,-0.90627,-0.008218,-0.55538,-8.1857,-5.6259,-0.35393,-0.93984,0.69482,-0.40214,0.71486,0.52083
9.6763,0.36431,0.2418,0.045252,0.25015,-0.033983,-0.82655,-0.09059,-0.51393,3.4702,5.1299,8.0256,-0.20695,-0.025666,-0.14863,0.13276,-0.45109,-0.81907,4.0973,-1.6073,8.4473,-0.053946,0.057105,-0.15083,0.051705,-0.016134,-0.94364,-2.1931,7.6,-2.0867,0.21212,-0.37358,-1.4379,-0.28007,-0.91862,0.001422,-0.422,-8.3311,-6.9538,-0.58259,-1.0665,1.1169,-0.35526,0.7189,0.54885
10.063,0.65448,1.0076,-0.14774,0.45838,-0.002224,-0.81957,-0.09043,-0.52765,3.2217,5.1889,8.35,-0.29365,-0.002771,-0.1576,0.13465,-0.43959,-0.82499,4.2771,-1.3461,8.5384,0.002409,0.13278,-0.12404,0.056245,-0.017212,-0.94313,-2.7253,9.1155,-2.7368,0.60349,-0.68037,-1.8121,-0.21854,-0.93419,0.024889,-0.76639,-8.5535,-6.7824,0.03349,-0.71286,1.2915,-0.30249,0.72497,0.56834
10.063,0.52206,0.77545,-0.001599,0.67744,-0.02943,-0.80729,-0.089484,-0.54397,3.1144,5.0217,8.3316,-0.3182,-0.017494,-0.12284,0.135,-0.42938,-0.83096,3.9457,-1.4519,8.853,-0.30321,0.19987,-0.1067,0.054891,-0.01521,-0.94513,-2.8789,13.71,-3.9378,0.51052,-0.56221,-1.8175,-0.14979,-0.94945,0.044398,-2.6283,-11.295,-6.3805,-0.34138,-0.52399,1.4122,-0.25376,0.73712,0.5798
10.598,0.57295,1.8019,-0.3649,0.86335,-0.020587,-0.78812,-0.086279,-0.57069,4.0424,4.9607,8.4002,-0.53919,0.010446,-0.11538,0.13849,-0.41109,-0.83975,4.3458,-1.755,8.8252,-0.34326,0.20586,-0.066909,0.064196,-0.002298,-0.94452,-3.0486,24.544,1.9891,-0.8344,0.36478,-0.97207,-0.09391,-0.95461,0.060549,-1.1508,-15.092,-5.5515,1.2313,-1.1658,0.96128,-0.20199,0.76917,0.55689
9.6273,0.37252,2.0022,-0.51121,1.0507,0.12332,-0.76674,-0.070873,-0.60302,4.6716,4.2475,7.9731,-0.53054,0.093932,-0.28929,0.14346,-0.39199,-0.84951,4.0575,-1.3019,8.813,-0.28254,0.25756,0.008299,0.072975,0.009607,-0.94441,-4.0463,15.447,-0.95459,-0.44652,0.54829,0.20791,-0.085196,-0.95657,0.028423,2.0062,-15.144,-9.8162,0.070315,-0.33512,-0.071044,-0.16971,0.78657,0.54469
8.5069,0.37727,3.068,-0.042928,1.6156,0.11783,-0.72611,-0.06123,-0.6532,4.3413,3.2979,7.3324,-0.50496,0.28146,-0.76887,0.16139,-0.37078,-0.85795,3.7103,-0.60815,8.8201,-0.43132,0.52615,0.27183,0.09434,0.027599,-0.94332,-3.0186,5.4224,-2.2135,0.2654,-0.26274,0.899,-0.10835,-0.95109,0.029673,-1.9799,-8.3369,-7.2804,-0.10645,0.43618,-0.44921,-0.18595,0.77857,0.54512
8.2376,0.26021,3.2443,-0.42173,1.6829,0.26656,-0.6826,-0.046075,-0.69905,5.1464,3.3318,7.3205,-0.82035,0.45941,-1.2053,0.19006,-0.33971,-0.86637,4.9756,-0.8739,8.597,-0.51932,0.86411,0.61897,0.12469,0.045624,-0.94052,-1.458,5.3551,-2.5722,0.3859,-0.27524,0.67648,-0.13786,-0.94711,0.045729,-2.9506,-7.4572,-5.4792,-0.36469,0.25066,-0.45481,-0.20867,0.77256,0.54924
8.8535,0.19207,4.2333,-0.11084,1.7834,0.062379,-0.635,-0.03576,-0.74311,5.8318,2.6102,8.1088,-0.89074,0.72696,-1.5403,0.22592,-0.29782,-0.87357,6.1004,-1.7731,8.6077,-0.39987,1.1414,1.1198,0.15793,0.057462,-0.93527,-3.3992,9.1011,-3.5231,-0.071677,0.33418,0.070871,-0.15742,-0.9461,0.046246,-3.5657,-8.5056,-4.0939,0.43768,0.6357,-0.53526,-0.2318,0.76824,0.54515
7.9625,0.074792,5.7179,-0.39239,1.3281,0.11136,-0.58437,-0.024695,-0.78253,2.8787,4.1858,10.688,-0.32266,1.0112,-1.5775,0.27714,-0.26281,-0.87012,3.7112,-5.3727,11.719,0.18799,1.3369,1.5755,0.21002,0.051042,-0.92666,-5.9551,8.9763,-1.181,-0.68834,0.43653,-0.12859,-0.15133,-0.94764,0.023888,-5.5335,-7.5276,-3.4522,0.82622,0.38991,-0.37962,-0.25581,0.77891,0.52022
8.1253,-0.12683,5.7924,-0.34714,0.56898,0.066361,-0.55807,-0.010561,-0.80239,-0.03858,5.5168,12.237,-0.070586,1.1975,-1.5611,0.33313,-0.2377,-0.86106,0.58583,-5.2167,13.288,0.84103,1.5262,1.7188,0.26924,0.012369,-0.91377,-6.8651,8.0358,0.48985,0.087868,-0.030245,0.26344,-0.15712,-0.9474,0.012816,-5.6004,-6.8374,-4.2135,0.93921,0.088814,-0.31498,-0.27208,0.79615,0.48488
9.1399,-0.18463,5.2402,-0.27553,0.33995,-0.008181,-0.54317,0.003916,-0.81138,0.95318,5.3741,11.656,-0.20226,1.3095,-1.5415,0.39357,-0.20709,-0.84529,0.79063,-2.9658,11.448,0.77207,1.7773,1.4193,0.33793,-0.035505,-0.89186,-2.918,6.4553,-1.6274,0.14944,-0.33165,0.23431,-0.1638,-0.94507,0.020958,-2.7033,-4.4827,-2.1412,-0.66796,-0.13725,0.057829,-0.27551,0.79439,0.48823
8.7955,-0.50806,5.3026,-0.098599,0.29227,0.081598,-0.53445,0.011431,-0.81709,1.144,6.4119,11.12,-0.67293,1.0777,-1.6631,0.4449,-0.16389,-0.83101,1.2807,-2.7652,10.637,0.87562,1.7274,1.4265,0.39669,-0.080211,-0.86554,-2.4242,7.3904,-2.3912,0.14339,-0.18957,-0.21281,-0.16202,-0.94484,0.027808,-2.1914,-6.5109,-3.8562,-0.41055,-0.45361,0.14265,-0.26371,0.78127,0.51005
8.8019,-0.72315,5.3535,-0.051914,0.38507,0.073963,-0.52634,0.015396,-0.8244,-1.3584,4.8129,10.962,-0.76141,1.0248,-1.7958,0.48921,-0.11622,-0.81695,-1.4351,-0.45679,10.524,1.1256,1.6737,1.405,0.443,-0.14252,-0.83511,-3.3994,9.5175,-2.6457,-0.098554,0.13331,-0.36454,-0.15654,-0.94681,0.027418,-2.9928,-9.7415,-6.0448,0.22553,-0.10583,0.14387,-0.25413,0.78209,0.51666
8.9578,-0.80622,5.4362,0.008799,0.40185,0.083111,-0.51269,0.018297,-0.83241,-2.7802,4.107,8.6314,-0.98643,0.98514,-1.7164,0.52662,-0.05052,-0.80075,-2.5333,-1.2291,8.504,0.48952,1.4646,1.2383,0.4879,-0.18923,-0.80018,-4.0285,10.454,-1.2639,-0.13543,-0.036923,-0.18544,-0.14662,-0.94788,0.021896,-2.6975,-8.6498,-4.6026,0.030119,-0.12321,0.21462,-0.2456,0.78821,0.51339
8.6465,-0.37441,5.5262,0.031505,0.30964,0.17655,-0.50348,0.019858,-0.8366,-1.3474,3.3016,7.7228,-1.0684,0.66881,-1.5714,0.55483,0.02084,-0.78672,0.32095,-1.8799,8.6222,0.73456,1.3374,0.96441,0.52237,-0.23038,-0.76807,-3.8965,9.3313,-1.6427,-0.025006,-0.054664,-0.012863,-0.14387,-0.94856,0.018642,-2.5322,-8.2994,-4.6362,-0.46753,0.022142,0.14075,-0.2407,0.78364,0.52009
8.8936,-0.28632,5.2302,0.094085,0.19349,0.24099,-0.49555,0.018132,-0.84241,-1.4412,2.5343,6.98,-0.85388,0.38005,-1.5224,0.56758,0.097334,-0.77607,-1.7085,-0.35841,8.0833,0.34621,1.1626,0.94199,0.55355,-0.26989,-0.73142,-3.647,8.5392,-2.0944,0.086794,0.017238,0.019221,-0.13598,-0.94912,0.020572,-3.0868,-8.3708,-4.8475,-0.62407,0.031796,0.10708,-0.23539,0.77441,0.53689
8.37,-0.60888,5.433,0.088614,0.17353,0.22642,-0.4872,0.021272,-0.8477,-2.0777,0.92485,6.4317,-0.66533,0.076043,-1.1738,0.56917,0.1492,-0.77101,-2.3885,-1.1349,7.1281,0.27809,0.69764,0.8365,0.57224,-0.29425,-0.70898,-4.0976,9.0323,-2.059,0.060459,0.038564,-0.082872,-0.13581,-0.9494,0.024746,-3.2219,-8.4291,-5.089,-0.30983,-0.053571,0.079568,-0.23188,0.76401,0.55063
8.1262,-0.10342,5.4941,-0.021244,-0.46105,0.17063,-0.4943,0.023551,-0.84373,-1.1701,3.2332,7.3299,-0.49745,0.040243,-1.2247,0.56284,0.18629,-0.76455,-1.9075,-1.0821,8.6845,0.27004,0.54125,0.78682,0.57954,-0.31914,-0.6935,-3.8556,8.701,-1.5136,-0.20873,0.000974,-0.056731,-0.13962,-0.94837,0.022223,-2.9368,-7.9962,-5.3519,0.12786,-0.073005,0.016708,-0.23208,0.76215,0.55474
8.0864,-0.65866,5.4828,-0.014127,0.027924,0.14389,-0.49873,0.0301,-0.84195,-2.0276,2.7554,7.3808,-0.22307,0.28494,-1.0658,0.55846,0.22218,-0.76042,-2.8359,-1.1701,8.8871,-0.09157,0.63406,0.75188,0.58694,-0.33888,-0.67854,-3.7672,8.8744,-1.6621,-0.070242,-0.021251,-0.049792,-0.13761,-0.94885,0.017502,-2.9885,-7.7733,-4.9338,0.0413,-0.028615,0.012715,-0.2292,0.7648,0.55307
8.603,-0.48989,4.8462,0.11327,-0.1177,0.043481,-0.50152,0.029675,-0.83939,-1.6671,0.39439,7.7951,-0.22961,0.44562,-0.66143,0.56427,0.24904,-0.74847,-3.9842,-0.3443,7.985,0.042077,0.55579,0.47344,0.59651,-0.35304,-0.66262,-3.7822,8.8967,-1.6249,-0.000337,0.054382,-0.028957,-0.13536,-0.94994,0.018651,-3.2136,-8.1014,-4.8041,0.028465,-0.031966,0.023695,-0.22862,0.76677,0.55226
8.4238,-0.6286,4.6947,0.030561,-0.097268,-0.078955,-0.50849,0.027719,-0.83565,-2.4162,2.2551,9.0432,-0.094679,0.66462,-0.42646,0.57078,0.26314,-0.74011,-3.6946,-2.2546,9.4798,0.23155,0.64811,0.40837,0.60432,-0.36572,-0.64708,-4.0234,9.1672,-1.9676,0.022057,0.079104,-0.033148,-0.1307,-0.95014,0.015485,-3.1551,-8.63,-5.3872,0.217,-0.044832,-0.027519,-0.22791,0.77117,0.54298
9.1396,-0.84709,4.169,0.26316,-0.017432,-0.1592,-0.51169,0.019217,-0.83358,-2.8391,2.5017,8.7064,0.11671,0.9651,-0.28972,0.59211,0.26818,-0.72174,-4.3218,0.024763,8.8585,0.24165,0.7187,0.16658,0.61888,-0.37704,-0.62423,-3.7866,9.5286,-2.0908,-0.051532,0.088784,-0.003025,-0.12947,-0.9499,0.015411,-3.0733,-8.786,-5.7597,0.49831,0.00987,-0.12104,-0.2283,0.77948,0.53189
8.6655,-0.30179,3.9899,0.29177,0.068,-0.18145,-0.50689,0.00742,-0.83624,-4.0128,0.20876,8.6255,0.14693,0.97862,-0.004091,0.623,0.27187,-0.6987,-4.9015,-0.42257,9.4149,-0.23091,0.79409,0.48569,0.63595,-0.387,-0.60629,-3.9309,8.7389,-1.6952,-0.13439,0.12509,0.053558,-0.13492,-0.95024,0.012686,-2.855,-8.6257,-4.8816,0.46111,0.073952,-0.17398,-0.23414,0.78434,0.52147
8.2707,-0.07045,4.3614,0.19838,0.052509,-0.18335,-0.50131,-0.002584,-0.83902,-4.7292,1.9699,9.4068,0.1173,0.96647,0.038019,0.64954,0.26731,-0.67639,-4.8501,0.60566,9.921,0.072834,0.98817,0.43884,0.65186,-0.39759,-0.58414,-4.0514,9.0299,-1.4429,0.073668,0.12313,0.044811,-0.13715,-0.94866,0.012187,-2.9509,-8.0295,-4.3587,0.20507,0.094429,-0.13339,-0.24008,0.79011,0.51156
9.13,-0.14712,3.2782,0.1963,0.050019,-0.092115,-0.50426,-0.017496,-0.83756,-5.9375,-0.49945,7.2593,-0.044232,0.8736,0.11383,0.67655,0.26374,-0.65226,-6.6877,2.8515,5.9619,0.054285,1.0335,0.66655,0.66787,-0.41341,-0.55482,-3.7694,9.2127,-1.8576,0.06787,0.12036,0.069506,-0.14036,-0.94893,0.01386,-2.9348,-7.4175,-4.2148,0.050706,0.069498,-0.14044,-0.24622,0.78996,0.50702
9.0548,-0.088794,3.666,0.053941,0.17431,-0.13022,-0.50223,-0.0271,-0.83955,-7.2707,-4.3343,4.7404,0.093804,0.41965,0.48292,0.69815,0.25405,-0.63632,-7.9064,7.4868,2.7383,-0.13457,0.32269,-0.06448,0.67965,-0.42306,-0.53503,-3.8447,9.102,-2.3541,0.01035,0.075575,0.10268,-0.14095,-0.94839,0.013051,-3.19,-7.715,-4.2648,0.067243,0.057061,-0.097931,-0.25232,0.79402,0.49832
5.1845,0.10707,5.0703,0.09478,-0.57919,0.03054,-0.50319,-0.026753,-0.83772,-6.8509,-5.7322,5.9881,0.88807,0.044385,0.45828,0.70668,0.22887,-0.63578,-8.0778,4.7474,3.5461,-0.67971,-0.38907,-0.043924,0.67629,-0.40917,-0.54699,-4.0352,8.6564,-1.7723,-0.10087,0.070571,0.14493,-0.14686,-0.94841,0.009001,-3.2057,-8.1706,-4.2513,0.16033,0.004106,-0.11929,-0.25686,0.79386,0.49581
6.7709,0.012032,5.2757,0.26188,-0.007526,-0.068196,-0.50358,-0.030861,-0.83771,-5.8381,0.044714,8.0158,0.46832,0.067546,0.18546,0.7105,0.20503,-0.63849,-6.3221,2.3089,6.8472,-0.52227,-0.41879,0.17366,0.66677,-0.40233,-0.56433,-3.1659,8.1492,-1.6267,-0.073164,-0.026745,0.09295,-0.15361,-0.94578,0.008941,-2.4255,-7.555,-4.0273,-0.016059,-0.026348,-0.030795,-0.25593,0.79319,0.49941
9.261,0.25125,5.2961,-0.002409,-0.11041,-0.035026,-0.5065,-0.031927,-0.83515,-6.2067,0.16431,8.3543,0.03655,0.13038,0.047037,0.71432,0.19919,-0.63559,-6.3945,1.5112,7.7279,-0.15834,-0.1834,0.15855,0.65685,-0.39978,-0.57706,-3.1827,8.4944,-1.6799,0.033776,0.062885,0.044238,-0.15664,-0.94597,0.00841,-2.5925,-8.4479,-4.8169,0.028212,0.044807,-0.070125,-0.25792,0.79371,0.49762
8.5911,0.26518,5.0077,-0.15605,0.000773,0.042637,-0.50787,-0.028619,-0.83336,-6.5797,0.066649,8.0113,-0.11512,0.23603,0.08433,0.71988,0.19761,-0.62855,-6.9749,2.1324,6.9578,-0.081297,-0.11224,0.058011,0.64909,-0.40215,-0.58177,-3.6793,9.2715,-1.4807,0.006372,0.043804,0.023111,-0.15759,-0.94596,0.008495,-2.4203,-8.8016,-4.307,-0.002744,0.039457,-0.059287,-0.26172,0.79314,0.49791
8.6167,-0.58017,5.1665,-0.13563,-0.37683,-0.1053,-0.51746,-0.026334,-0.82869,-6.9216,-0.59937,8.3707,-0.23055,0.16386,0.42799,0.72135,0.18959,-0.62664,-6.6767,1.66,6.8409,-0.19677,-0.26004,-0.16318,0.63655,-0.38975,-0.6043,-3.1881,9.4698,-1.8161,-0.12574,-0.007317,0.045694,-0.15895,-0.94595,0.005439,-2.6373,-8.5308,-4.5564,0.049797,0.025092,-0.0739,-0.26384,0.79422,0.49071
8.0823,-0.087039,5.188,0.025114,-0.24012,-0.043685,-0.52681,-0.025837,-0.82452,-6.3166,0.37256,7.9171,-0.061952,0.074621,0.62375,0.72901,0.17546,-0.62119,-6.561,2.3,7.0491,-0.61102,-0.45361,-0.44128,0.63328,-0.3725,-0.61711,-3.5595,9.1527,-1.6582,-0.15811,0.084467,0.072759,-0.16145,-0.94601,-0.002357,-2.5918,-8.1948,-4.5697,0.10255,0.085885,-0.089939,-0.26749,0.79512,0.48794
8.1784,-0.16254,5.3524,0.065208,-0.302,0.040554,-0.53456,-0.024006,-0.81791,-6.8963,-0.028907,7.7319,0.013827,-0.16727,0.77995,0.73434,0.16324,-0.61538,-5.6648,0.81552,7.7438,-0.7882,-0.67152,-0.73681,0.63193,-0.34666,-0.63381,-3.617,8.6952,-1.6964,0.010014,0.043803,0.11122,-0.16639,-0.94519,-0.002328,-2.9811,-8.254,-4.1954,0.090015,0.087389,-0.106,-0.27256,0.79404,0.48701
8.8965,-0.38466,3.8717,0.19886,-0.41624,0.030274,-0.55309,-0.026302,-0.80662,-6.0088,-0.17938,6.7598,0.1679,-0.45345,1.181,0.7305,0.13067,-0.62531,-4.778,-0.51465,7.751,-0.59694,-0.87172,-1.069,0.61779,-0.30384,-0.66568,-3.4666,8.5232,-1.6632,-0.062744,-0.007237,0.102,-0.16911,-0.94403,-0.004931,-2.6,-8.7183,-4.377,0.068067,0.021147,-0.093877,-0.27448,0.79363,0.4859
8.313,-0.25119,5.0171,0.033568,-0.36632,0.18488,-0.56115,-0.025475,-0.80081,-5.6448,1.1157,8.1239,0.53696,-0.78495,1.4343,0.71887,0.083098,-0.64353,-5.3827,-0.99261,9.1388,-0.32365,-1.1811,-1.2002,0.60057,-0.26593,-0.69631,-3.4822,8.6729,-1.6111,-0.038965,0.043732,-0.008794,-0.17087,-0.94315,-0.004104,-2.6816,-8.3603,-4.101,0.089609,0.049199,-0.084672,-0.27823,0.79611,0.48205
8.7998,-0.28059,3.9761,0.035037,-0.5555,0.05436,-0.5805,-0.026919,-0.78743,-5.1822,2.6077,7.9197,0.76108,-0.78281,1.5821,0.69935,0.010319,-0.66906,-4.377,-0.57989,9.0442,-0.19739,-1.0767,-1.2331,0.57178,-0.22003,-0.73765,-3.616,8.6042,-1.4487,-0.13148,-0.019459,-0.012773,-0.17384,-0.94503,-0.010615,-2.5157,-7.719,-4.0293,-0.059193,0.009242,-0.036735,-0.28219,0.79571,0.47837
8.8211,-0.23827,4.469,-0.021,-0.54551,0.023261,-0.59807,-0.025582,-0.77293,-4.3539,2.959,8.4367,0.45266,-1.0473,1.804,0.67201,-0.050507,-0.69138,-3.8807,-1.6975,9.3866,-0.28596,-1.4209,-1.49,0.54126,-0.18327,-0.77107,-3.4445,8.6575,-1.4753,-0.008059,-0.005636,-0.046195,-0.17091,-0.944,-0.012042,-2.8987,-8.2092,-4.306,-0.08918,0.002444,-0.019333,-0.28412,0.79529,0.47898
9.6227,0.30624,3.7773,0.21417,-0.95561,0.041824,-0.62165,-0.027382,-0.75411,-3.2939,4.4933,8.9605,0.27105,-1.2822,1.9603,0.63649,-0.10643,-0.71629,-2.7091,-1.6288,9.7136,0.27392,-1.7949,-1.6223,0.50412,-0.1609,-0.79652,-3.4836,9.0468,-1.3565,0.056349,-0.006558,-0.030227,-0.16906,-0.94534,-0.010912,-2.4424,-8.4497,-4.5156,0.005498,-0.008757,-0.008985,-0.28195,0.79319,0.48304
9.7994,-0.21349,3.7156,0.19775,-0.95048,0.083728,-0.6509,-0.026839,-0.7294,-1.6478,5.5544,10.074,0.051243,-1.3858,1.9806,0.58468,-0.15559,-0.74764,-1.1507,-2.9107,10.635,-0.10601,-1.7237,-1.6346,0.45548,-0.13506,-0.82867,-3.4388,8.9132,-1.648,0.01517,0.015451,-0.050414,-0.16873,-0.94565,-0.009594,-2.6079,-8.8448,-4.497,0.070733,-0.011563,-0.028972,-0.2842,0.79449,0.48136
9.5601,-0.49223,3.5031,0.52245,-0.89516,0.041026,-0.67719,-0.036479,-0.70451,0.59408,6.0821,9.2006,0.11792,-1.2742,1.942,0.52612,-0.20183,-0.77451,1.2385,-3.3391,9.9695,-0.16263,-1.6446,-1.6551,0.40441,-0.10403,-0.85683,-3.4411,9.4078,-1.5661,0.052727,-0.003055,-0.028376,-0.16825,-0.9442,-0.007493,-2.256,-9.0185,-4.4392,0.088728,0.030349,-0.081348,-0.28557,0.79581,0.47734
