9.6621,0.43822,-0.15439,-0.17775,0.21612,-0.052837,-0.77702,-0.11643,-0.56036,-0.96153,1.8753,8.481,0.44662,0.094221,-0.07759,0.64689,-0.14474,-0.67944,-1.7618,-2.0508,8.8532,-0.56719,-0.068112,-0.19573,0.5073,-0.24491,-0.75434,1.4006,9.58,-1.0141,-0.22942,-0.20211,-0.041419,-0.70996,-0.65217,-0.020053,2.6957,-7.7295,-4.4731,-0.001155,0.20786,-0.13459,-0.75985,0.53389,0.27132
9.6896,-0.15399,-0.32217,-0.15037,0.10709,-0.007669,-0.77482,-0.11352,-0.56404,-1.059,6.1353,8.4318,0.33392,0.12851,0.056577,0.64803,-0.15938,-0.67289,-0.34561,-4.1623,9.6742,0.41663,-0.24934,-0.039354,0.49827,-0.24037,-0.76146,1.5595,9.1015,-1.2204,-0.18156,-0.18028,-0.065201,-0.70787,-0.6545,-0.020212,2.636,-7.3839,-4.9512,0.004035,0.13731,-0.12603,-0.76095,0.5317,0.26671
9.7717,-0.007439,-0.081853,0.074505,0.16287,-0.015785,-0.77183,-0.11358,-0.56807,-1.1165,4.8525,8.4839,0.20603,0.13131,0.067243,0.65205,-0.17229,-0.66777,-0.70539,-1.8538,9.6873,0.69678,-0.18339,0.021274,0.49585,-0.24583,-0.76206,1.5194,9.552,-1.3793,-0.089718,-0.11874,-0.034678,-0.7068,-0.656,-0.018068,2.5454,-7.832,-4.8793,-0.065782,0.10915,-0.17663,-0.76329,0.53209,0.26373
9.9594,0.214,-0.25805,0.065643,0.055971,0.030279,-0.76781,-0.1153,-0.57258,-1.3294,5.3775,8.2225,0.065057,0.12746,0.10754,0.65725,-0.17735,-0.66105,-0.70618,-1.2755,9.4376,0.55943,-0.11287,0.012489,0.49343,-0.26751,-0.75529,1.4443,9.5674,-1.5534,-0.026467,-0.053628,0.008133,-0.70922,-0.655,-0.016617,2.5153,-8.0268,-4.6711,-0.071096,0.078287,-0.19489,-0.77111,0.52289,0.25996
9.9447,0.17026,-0.40766,-0.043284,0.000181,0.027624,-0.76767,-0.11409,-0.56991,-1.7367,5.7943,8.2657,-0.14401,0.010525,0.053493,0.65772,-0.17892,-0.65996,-0.65863,-0.75918,9.7618,-0.098297,0.017628,-0.036518,0.49143,-0.27131,-0.75503,1.5569,9.433,-1.5885,0.00214,0.043105,0.011424,-0.70778,-0.65244,-0.017208,2.5903,-8.0427,-4.4906,0.011721,-0.006656,-0.067256,-0.77164,0.51804,0.26082
10.094,0.27182,-0.16713,-0.028412,0.087194,0.032772,-0.76851,-0.1127,-0.57316,-1.5905,4.5084,8.4551,-0.26697,-0.10285,0.01641,0.65378,-0.17468,-0.66491,-1.077,-1.0358,9.5158,-0.3107,0.016283,-0.027188,0.48683,-0.28069,-0.75663,1.4671,9.4479,-1.6428,0.070194,0.10907,-0.004873,-0.70585,-0.6565,-0.018545,2.5753,-8.0423,-4.5955,0.12061,-0.065567,0.011683,-0.77088,0.51829,0.26229
10.078,0.13778,0.040782,-0.068344,0.065865,0.02187,-0.76728,-0.10848,-0.57742,-0.92532,4.2771,8.1519,0.13409,-0.16352,-0.013818,0.65287,-0.16953,-0.66894,-0.84225,-1.3178,9.0891,-0.80255,-0.052931,-0.04551,0.49007,-0.26306,-0.76199,1.1462,9.4758,-1.4467,0.11289,0.14879,-0.005449,-0.70956,-0.65469,-0.017939,2.2758,-7.9286,-4.66,0.29309,-0.18066,0.04499,-0.77178,0.5213,0.26129
9.8681,0.035223,0.17282,-0.030261,0.071783,0.016407,-0.76447,-0.10645,-0.57719,-0.91303,5.3722,8.3028,0.21048,-0.13739,0.048981,0.64861,-0.17497,-0.66972,-0.71401,-2.2754,9.2397,-0.9305,-0.21164,-0.053104,0.48702,-0.22173,-0.77501,1.2974,9.2058,-1.2858,0.15568,0.17504,-0.048552,-0.70781,-0.65455,-0.018772,2.3359,-7.8471,-4.5467,0.28091,-0.27056,0.12218,-0.76591,0.52975,0.25815
9.883,-0.023804,0.08302,-0.059426,0.033434,0.017439,-0.76625,-0.10332,-0.57795,-0.91807,5.3192,8.2296,0.034675,-0.16617,0.066271,0.64324,-0.18031,-0.67406,-0.21615,-2.866,9.5167,-0.63021,-0.26046,0.010809,0.47861,-0.19675,-0.78695,1.1024,9.4145,-1.1699,0.22096,0.19001,-0.069566,-0.70367,-0.65664,-0.019096,2.2908,-8.0565,-4.4061,0.31054,-0.33641,0.1832,-0.75834,0.53895,0.26218
9.9871,0.019182,0.24076,-0.005502,-0.045781,0.015137,-0.76741,-0.10403,-0.57973,-0.83341,4.8245,8.2522,0.02972,-0.20478,0.098955,0.6407,-0.18098,-0.6782,-0.18968,-2.7012,9.5729,-0.70593,-0.28854,0.005387,0.47393,-0.17786,-0.79753,1.0338,9.6395,-1.2466,0.22211,0.25427,-0.11849,-0.70419,-0.6588,-0.019246,2.0656,-8.4373,-4.1719,0.44312,-0.34795,0.24985,-0.75387,0.5484,0.2636
9.749,0.050999,0.17202,0.069509,-0.089562,0.002634,-0.76813,-0.10297,-0.57575,-1.1991,4.4314,8.3405,0.21988,-0.20636,0.16307,0.63155,-0.19077,-0.68163,-0.41839,-2.7041,9.193,-0.63667,-0.27787,-0.10232,0.46038,-0.15814,-0.80683,1.2502,9.6259,-1.3773,0.1363,0.20673,-0.14002,-0.70093,-0.66209,-0.021175,1.5096,-9.2924,-4.5421,0.44874,-0.59456,0.45107,-0.73569,0.56668,0.2732
9.7646,0.16973,0.090842,0.031895,-0.18338,0.006635,-0.77259,-0.10303,-0.57191,-1.0853,5.0949,8.4973,0.18357,-0.24152,0.17396,0.62418,-0.20053,-0.68548,-0.36187,-2.9276,9.0926,-0.57837,-0.2679,-0.15699,0.45015,-0.13387,-0.81759,1.5517,9.1318,-1.2956,0.091091,0.18458,-0.22499,-0.69541,-0.66647,-0.022213,1.5253,-8.9648,-4.2646,0.24837,-0.36636,0.2975,-0.71983,0.58131,0.2795
9.7114,0.058176,0.30607,-0.028053,-0.19059,0.037594,-0.77672,-0.10157,-0.56687,-1.7059,5.1057,8.7682,0.064107,-0.30268,0.25989,0.61649,-0.20633,-0.69227,-0.46375,-3.3356,9.3793,-0.45494,-0.30104,-0.21175,0.44616,-0.1113,-0.82422,1.4093,9.1692,-1.4036,0.18494,0.21092,-0.24509,-0.69007,-0.67435,-0.021944,1.2405,-9.1056,-4.2025,0.12748,-0.18504,0.19875,-0.7119,0.59195,0.28325
9.7049,0.14804,0.075327,0.08942,-0.24158,0.044348,-0.78289,-0.10259,-0.56015,-1.6346,4.4071,8.3572,-0.01227,-0.39727,0.24035,0.60553,-0.21342,-0.69999,-0.59105,-2.8293,9.0556,-0.44283,-0.38539,-0.3161,0.43688,-0.093832,-0.8311,1.4757,9.3047,-1.4624,0.2133,0.18882,-0.28493,-0.68426,-0.67874,-0.022707,1.6156,-8.8163,-4.1207,0.04589,-0.15566,0.1655,-0.70766,0.59669,0.28422
9.7637,0.080067,0.28423,-0.044163,-0.28287,0.10181,-0.78994,-0.098664,-0.54976,-2.154,5.3259,8.8782,-0.19421,-0.39462,0.43398,0.58947,-0.21764,-0.71038,0.16881,-3.4628,10.736,-0.96456,-0.37202,-0.38191,0.42441,-0.064837,-0.84123,1.0136,11.505,-2.5695,0.37316,0.40718,-0.18768,-0.67682,-0.68731,-0.021817,1.3318,-8.5703,-3.6019,0.015675,-0.036031,0.1466,-0.70129,0.60185,0.28551
10.129,0.003787,0.099986,0.051156,-0.22135,0.12541,-0.79733,-0.09541,-0.54326,-1.0448,4.8509,9.2911,-0.19559,-0.39843,0.38432,0.57477,-0.21993,-0.72422,-0.65678,-4.7149,9.9578,-0.34955,-0.17015,-0.17799,0.41659,-0.034877,-0.84901,0.87426,9.0211,-0.55886,-0.007949,0.016859,-0.35496,-0.6691,-0.69513,-0.020654,2.1265,-8.2532,-3.4831,-0.036585,-0.30032,0.21514,-0.69832,0.60654,0.29079
10.121,0.032828,0.26425,-0.061308,-0.2428,0.13539,-0.80328,-0.088808,-0.53712,-0.61618,5.402,9.1262,0.000907,-0.33758,0.27824,0.563,-0.22561,-0.73214,-1.1445,-3.9771,8.9034,0.42913,-0.15493,-0.20714,0.41337,-0.038747,-0.85058,1.293,8.3681,-1.8552,-0.085846,0.094134,-0.37846,-0.66035,-0.70404,-0.024664,1.9768,-7.8695,-4.0598,-0.045376,-0.23107,0.35677,-0.69042,0.61192,0.29859
9.7925,-0.12779,0.33532,-0.017901,-0.26481,0.12548,-0.80904,-0.08378,-0.53002,-0.7709,5.4631,9.0331,-0.23675,-0.27992,0.16845,0.554,-0.22434,-0.7381,-0.62273,-4.3154,9.2301,2.0873,-0.31417,-0.1401,0.40755,-0.067746,-0.84905,1.8614,8.5175,-1.1687,0.075258,0.17476,-0.22784,-0.6528,-0.71018,-0.02717,1.4126,-8.7223,-5.0876,-0.053901,-0.090831,0.36885,-0.67714,0.62314,0.30157
9.7627,-0.14213,0.27532,0.051304,-0.20367,0.1098,-0.8158,-0.081354,-0.52162,-0.9663,4.1138,8.8216,-0.38977,-0.31344,0.16575,0.5417,-0.21676,-0.74875,0.48623,-0.42698,9.5142,0.78248,-0.40615,-0.23297,0.39051,-0.11514,-0.8531,2.2486,8.6773,-1.3412,0.045681,0.13399,-0.42489,-0.64261,-0.71879,-0.029415,1.6322,-8.1008,-3.6703,-0.14913,-0.30227,0.39652,-0.66438,0.63419,0.30995
9.7469,-0.35678,0.25888,0.083908,-0.17929,0.14347,-0.8206,-0.075382,-0.5165,-0.99053,4.0651,8.8504,-0.33715,-0.34802,0.26293,0.53205,-0.20888,-0.76056,0.00161,-2.405,10.358,-0.080867,-0.18282,-0.2515,0.38587,-0.11546,-0.85534,1.4297,9.641,-1.2236,0.10087,0.12372,-0.52443,-0.63138,-0.7295,-0.027428,2.0372,-7.7889,-3.7074,-0.23328,-0.23613,0.49646,-0.65183,0.6443,0.32071
9.6731,-0.21525,0.21448,0.046512,-0.23466,0.14092,-0.82476,-0.070242,-0.50934,-0.71172,3.9107,8.6911,-0.17979,-0.36922,0.27755,0.51952,-0.20749,-0.7671,0.1679,-2.6848,10.228,0.13542,-0.19487,-0.22299,0.38004,-0.13177,-0.85643,1.3596,8.9639,-0.77412,-0.14395,-0.094349,-0.7308,-0.61203,-0.74525,-0.030012,1.8874,-7.8185,-3.5905,-0.16835,-0.16741,0.51311,-0.638,0.6538,0.3273
9.7785,-0.052565,0.074581,0.022409,-0.19006,0.11061,-0.83204,-0.066267,-0.50083,-0.84244,3.8896,9.045,-0.27006,-0.42729,0.30465,0.50293,-0.20649,-0.7793,-0.28666,-1.8544,10.112,0.16023,-0.10502,-0.14158,0.37564,-0.13533,-0.85882,1.8678,8.4007,-1.9187,0.12925,-0.083529,-0.67883,-0.59239,-0.76241,-0.026049,1.557,-8.2273,-3.7317,-0.12925,-0.30935,0.52761,-0.62107,0.66462,0.33661
9.8376,-0.14226,0.15651,-0.014534,-0.20592,0.0395,-0.83767,-0.06362,-0.49639,-1.5505,3.7161,9.346,-0.37154,-0.48855,0.38505,0.48754,-0.20106,-0.79241,-0.98844,-2.1019,10.641,0.19103,-0.12681,-0.12239,0.37555,-0.122,-0.86058,1.567,8.6556,-2.1951,0.31172,0.10742,-0.63067,-0.57376,-0.77622,-0.018746,1.048,-7.9857,-3.7844,-0.22313,-0.30909,0.59409,-0.60383,0.67764,0.34878
9.9402,-0.32224,0.49931,-0.017385,-0.2474,0.010512,-0.84203,-0.060186,-0.48803,-1.6636,4.0912,9.4904,-0.26889,-0.47515,0.52124,0.47008,-0.19867,-0.80377,-1.4618,-1.6136,10.469,0.31701,-0.1754,-0.25667,0.37177,-0.1287,-0.86084,0.56665,8.8886,-1.4502,0.31135,0.13953,-0.78828,-0.55327,-0.79127,-0.009915,0.41858,-7.9742,-4.0789,-0.15654,-0.46808,0.64198,-0.58435,0.68727,0.36214
9.8216,-0.34973,0.19981,0.092598,-0.16656,0.022143,-0.84673,-0.060578,-0.48113,-0.56139,4.4651,9.3409,-0.22646,-0.41472,0.63172,0.44965,-0.20178,-0.81338,-0.80371,-1.5043,9.9731,0.2474,-0.22713,-0.50306,0.3659,-0.13298,-0.86253,0.089918,8.5872,-1.5645,0.28343,0.099235,-0.89273,-0.52593,-0.80928,-0.002848,0.30672,-7.7802,-3.8861,-0.21779,-0.52752,0.68158,-0.55625,0.69906,0.37811
9.5768,-0.21359,-0.010064,0.07001,-0.13742,0.053876,-0.85208,-0.05884,-0.47653,0.30148,4.2199,8.8931,-0.071713,-0.31821,0.64529,0.43166,-0.20812,-0.82176,-0.3258,-1.4523,9.4904,0.091044,-0.27269,-0.6966,0.36207,-0.13978,-0.86617,-0.11812,8.1534,-2.0634,0.38262,-0.038175,-0.95732,-0.49339,-0.82786,0.010734,-0.032012,-8.524,-4.342,-0.62157,-0.39762,0.87898,-0.52879,0.71147,0.39801
9.5988,-0.34678,-0.092831,0.030951,-0.006684,0.024071,-0.85354,-0.058124,-0.47379,0.81002,4.2326,8.765,-0.1943,-0.31348,0.74778,0.41663,-0.21349,-0.82767,0.16732,-1.7696,9.0682,0.037162,-0.42052,-0.83286,0.35627,-0.13217,-0.86908,0.27086,8.1242,-1.883,0.22978,-0.21598,-0.978,-0.4657,-0.84418,0.023822,0.5698,-7.2135,-3.9398,-0.39244,-0.54904,0.9802,-0.49667,0.72074,0.42338
9.8161,-0.25833,-0.41888,0.05007,0.16487,-0.005816,-0.85176,-0.058098,-0.47546,0.90814,3.6645,8.4277,0.01641,-0.30404,0.74157,0.39863,-0.22234,-0.83419,0.43595,-1.755,8.3582,-0.019197,-0.48928,-0.94072,0.34292,-0.11389,-0.87681,0.2532,8.5897,-2.0114,0.13611,-0.12794,-1.1644,-0.42722,-0.86199,0.031802,1.1457,-7.3482,-4.6476,-0.30486,-0.54718,1.0611,-0.46015,0.73535,0.44102
10.047,-0.29009,-0.35019,-0.073226,0.32541,-0.001177,-0.84836,-0.056678,-0.4867,0.85643,3.2397,8.0512,-0.082682,-0.4731,0.79388,0.37735,-0.23287,-0.8419,1.2348,-1.4455,8.1888,-0.35426,-0.62659,-1.2061,0.32764,-0.092557,-0.88549,0.075857,8.0803,-2.3295,0.064857,-0.19639,-1.0714,-0.38907,-0.88011,0.038069,1.0314,-8.9038,-3.9515,-0.41081,-0.49013,1.0221,-0.42208,0.7471,0.45783
9.866,-0.21823,0.57403,0.1385,0.23052,-0.10259,-0.84213,-0.060519,-0.49498,0.86541,3.4309,8.6013,-0.33715,-0.53424,0.74767,0.35474,-0.23349,-0.8531,1.4013,-1.9833,8.3572,-0.41427,-0.68749,-1.1462,0.3113,-0.060838,-0.89502,0.076614,7.8486,-2.5243,0.33964,-0.40278,-1.17,-0.35304,-0.89563,0.050762,0.53465,-10.855,-2.8969,-0.17961,-0.93503,0.82351,-0.38128,0.75665,0.4753
9.758,-0.66451,1.2418,0.25681,0.16783,-0.11401,-0.83895,-0.065565,-0.50044,1.7422,2.2848,7.9575,-0.33818,-0.5219,0.71571,0.32571,-0.23057,-0.8629,2.5448,-2.4505,8.3827,-0.19053,-0.66253,-1.0096,0.28599,-0.04195,-0.90565,-0.70962,9.0883,-3.8169,0.42619,-0.2691,-1.7441,-0.29665,-0.91145,0.070937,-0.7389,-8.7805,-6.9394,-0.74251,-0.74248,0.97857,-0.33618,0.76253,0.50036
9.7296,-0.54433,0.88423,0.34916,0.45835,-0.18811,-0.83106,-0.076533,-0.51289,2.6145,2.1023,8.0811,-0.18619,-0.40333,0.63519,0.30399,-0.22944,-0.87176,3.1358,-1.6176,8.0764,-0.10755,-0.48194,-0.72983,0.26621,-0.026419,-0.91126,-1.1539,11.726,-5.539,0.20331,-0.13328,-1.9191,-0.22719,-0.92886,0.082328,-2.1021,-8.4888,-7.3725,-1.4875,-0.91213,1.0369,-0.29028,0.75193,0.54078
10.017,-1.0523,1.3681,-0.21554,0.5649,-0.16832,-0.82288,-0.082435,-0.52202,4.2755,1.4428,8.0348,0.19336,-0.21012,0.41099,0.28843,-0.23095,-0.87724,4.4981,-0.70793,8.7242,-0.13118,-0.12263,-0.24115,0.25717,-0.0135,-0.91586,-1.9709,16.145,-3.2869,0.9624,-0.17503,-1.8804,-0.15689,-0.94086,0.10485,-1.3691,-8.8641,-7.8467,-2.0033,-0.90274,1.4241,-0.23643,0.72385,0.60365
10.407,-0.16843,1.8617,-0.40352,0.89816,-0.09605,-0.80414,-0.078267,-0.55046,5.004,1.2287,7.681,0.22276,-0.11799,0.009409,0.28089,-0.24282,-0.87511,4.4782,-0.36261,8.4979,-0.21066,-0.12023,0.015806,0.25441,-0.005514,-0.91573,-2.9725,21.281,1.5341,0.56118,0.45102,-0.75318,-0.10772,-0.94466,0.1342,0.8146,-11.026,-7.7708,0.1508,-1.0341,0.55051,-0.18536,0.71577,0.63008
9.7464,0.20125,1.5159,-0.65708,1.393,-0.14328,-0.77724,-0.066787,-0.59053,5.7759,0.91639,7.0841,-0.071243,0.13685,-0.73633,0.28651,-0.2394,-0.8759,5.3214,0.53038,6.5783,-0.24212,0.085377,0.45019,0.25284,-0.000274,-0.91696,-4.2823,12.877,-2.362,-1.2722,-0.06405,0.43951,-0.11295,-0.94799,0.1158,-1.6906,-12.106,-9.4595,0.15862,-0.21602,0.11029,-0.16404,0.72335,0.62482
8.1678,-0.30335,3.0525,-0.32095,1.6401,-0.11753,-0.73594,-0.057441,-0.64313,2.6193,3.4384,8.9985,-0.33983,0.12632,-1.4732,0.30736,-0.2194,-0.8746,0.90437,-2.9163,9.9991,-0.14997,0.038708,0.8195,0.26073,-7.3e-05,-0.91505,-3.338,3.8497,-1.943,-0.71043,-0.53544,0.38146,-0.12226,-0.94853,0.07226,-3.3363,-10.987,-9.0809,0.27054,0.46085,-0.48896,-0.16759,0.71805,0.62955
6.42,0.42496,5.9984,-0.10807,1.1566,-0.13706,-0.69803,-0.05828,-0.68456,-0.069349,3.6957,11.95,-0.65389,0.079132,-1.5282,0.32466,-0.18402,-0.87884,0.21589,-0.93286,13.157,0.47114,0.58346,1.148,0.27096,-0.028917,-0.91195,-4.759,6.7272,-2.71,0.89267,-0.18029,0.37583,-0.13567,-0.94625,0.08443,-3.6191,-7.2923,-5.6991,0.16446,0.50816,-0.7787,-0.20274,0.71999,0.62088
10.395,0.36062,4.8419,-0.4329,0.66904,-0.14875,-0.67278,-0.052754,-0.70822,2.6291,3.1709,8.1857,-0.087737,0.25671,-1.4978,0.34133,-0.15317,-0.87875,2.5498,-3.7123,7.9988,-0.38001,0.55888,0.97529,0.28918,-0.025516,-0.90709,-4.5085,8.5904,-3.2622,1.1259,0.2558,0.22041,-0.1526,-0.94056,0.11576,-3.833,-5.6351,-5.1006,0.34623,0.58192,-0.53531,-0.23573,0.7269,0.59927
10.855,-0.2569,4.5802,-0.47394,0.88521,-0.020218,-0.65168,-0.038744,-0.72942,2.3785,5.4403,10.136,0.37084,0.44348,-1.1633,0.36138,-0.13587,-0.87357,2.6709,-4.9722,11.304,0.56025,0.50387,0.95579,0.30896,-0.044148,-0.90152,-3.8804,7.9022,-1.2831,0.054953,0.17933,-0.022927,-0.15512,-0.93808,0.13575,-5.7199,-5.9598,-3.6991,0.31469,0.3822,-0.15037,-0.25406,0.7322,0.58448
8.7674,-0.035219,5.2075,-0.27912,0.43647,0.067535,-0.63127,-0.028643,-0.74874,-0.10521,3.7463,9.0829,0.79489,0.63462,-1.0144,0.38877,-0.14711,-0.86202,-0.016264,-0.75714,10.796,-0.18149,0.65862,0.97875,0.32994,-0.066739,-0.89201,-4.7981,8.6604,-2.3527,-0.57327,-0.23317,-0.025717,-0.15349,-0.941,0.12095,-4.041,-5.6859,-3.1172,-0.000903,-0.26815,-0.055204,-0.25649,0.73573,0.58078
9.7984,-0.14231,3.9761,-0.19836,0.31656,0.13386,-0.62517,-0.019153,-0.74911,2.6917,4.6489,10.832,0.55784,0.39337,-1.1945,0.41376,-0.14572,-0.84979,3.2758,-2.9422,12.141,0.12309,0.73235,0.87132,0.35357,-0.076638,-0.88235,-3.3846,7.9792,-3.0964,-0.53888,-0.16352,-0.028981,-0.14914,-0.941,0.12637,-2.9862,-5.8211,-4.3099,-0.52713,-0.20659,0.25806,-0.25201,0.72375,0.59657
8.4316,-0.39361,4.7251,0.072276,0.44493,0.097092,-0.61383,-0.01508,-0.76126,-0.53894,4.7822,10.917,0.6307,0.48194,-1.3783,0.43669,-0.14733,-0.83763,-1.2726,-1.5164,11.189,0.30314,0.87638,1.171,0.38136,-0.10404,-0.86997,-2.9698,7.528,-2.4048,-0.39411,-0.10762,-0.14513,-0.14452,-0.94217,0.10804,-3.356,-6.8161,-5.5365,-0.4972,-0.31311,0.51253,-0.23155,0.71467,0.61268
9.0404,-0.05934,3.2696,-0.019092,0.21881,0.045955,-0.60263,-0.015449,-0.77112,0.32759,4.6363,11.471,-0.061277,0.22017,-1.4094,0.45917,-0.13115,-0.8332,0.61754,-3.7372,10.84,0.29781,0.5423,1.0849,0.39787,-0.12492,-0.85948,-3.8589,8.519,-3.5191,-0.087467,-0.042443,-0.092412,-0.14481,-0.9467,0.082436,-2.9703,-8.2164,-7.1997,-0.40253,-0.38758,0.40312,-0.20955,0.71191,0.62569
8.8136,-0.13628,4.4462,-0.040102,0.072953,0.10404,-0.59622,-0.010493,-0.77572,0.079701,4.206,9.7471,0.021354,0.28195,-1.433,0.47328,-0.10406,-0.82852,0.017712,-2.3579,8.5726,0.14417,0.62865,1.145,0.4128,-0.15234,-0.84776,-4.2971,9.7892,-2.7941,0.39951,0.18601,-0.17165,-0.13939,-0.94581,0.091048,-2.9057,-9.4089,-8.0684,-0.22316,-0.043257,0.11465,-0.1986,0.70501,0.63513
8.8306,-0.11822,3.5959,-0.016484,0.008846,0.027703,-0.59743,-0.008222,-0.77337,-0.92576,4.2311,8.6304,-0.078735,0.26344,-1.3382,0.48748,-0.07618,-0.82424,-0.49317,-2.8288,8.5828,0.24164,0.54014,1.06,0.42436,-0.17561,-0.83808,-4.1077,9.6887,-1.8748,-0.19156,0.10755,-0.071633,-0.13404,-0.94525,0.094562,-2.8497,-7.9944,-6.7638,0.084708,0.078141,-0.091583,-0.19988,0.70486,0.63562
8.6357,-0.37593,3.5927,-0.1559,-0.01312,-0.0089,-0.60141,-0.008709,-0.77299,-1.8061,3.4795,7.6763,-0.20616,0.11999,-1.1782,0.49854,-0.03712,-0.82345,-0.87318,-1.3501,8.3068,-0.31514,0.62889,1.0066,0.44161,-0.20145,-0.82515,-3.6628,8.5833,-2.5549,-0.33005,-0.084377,0.007923,-0.13317,-0.94707,0.094999,-3.2123,-5.9125,-5.6437,0.11526,0.19412,-0.079935,-0.20551,0.70534,0.63464
8.7858,-0.45631,3.0114,0.037711,-0.049312,0.009743,-0.60356,-0.005911,-0.77069,0.26729,4.0417,8.163,-0.24952,-0.005689,-1.0527,0.50084,-0.01048,-0.82407,-0.055038,-2.7492,8.9523,-0.37906,0.45177,0.66795,0.45397,-0.2012,-0.8195,-3.7581,8.0076,-3.0664,0.031539,0.05425,0.003483,-0.1322,-0.94633,0.088772,-3.6992,-6.316,-4.9433,0.092015,0.043168,-0.0119,-0.20907,0.70743,0.62975
8.8766,-0.24897,2.8493,-0.10003,-0.070819,0.006007,-0.60464,-0.000997,-0.7709,-2.2098,3.4618,8.3201,0.007471,0.016441,-0.93691,0.49976,0.005282,-0.82455,-2.24,-2.1132,9.6783,-0.45361,0.50057,0.72038,0.46142,-0.19714,-0.81383,-3.8691,8.1241,-2.3485,0.37715,0.062673,-0.038725,-0.13435,-0.9466,0.086321,-3.6106,-6.725,-5.5929,0.004708,-0.024291,0.034865,-0.20954,0.71099,0.62571
8.7333,-0.45648,3.1602,-0.10002,-0.071806,-0.004026,-0.60692,0.001673,-0.7686,-0.86779,4.8022,8.8327,0.41981,0.24057,-0.84977,0.50786,0.013783,-0.82168,-1.5764,-2.6412,9.788,-0.3983,0.60304,0.63159,0.47422,-0.19249,-0.80941,-4.3087,9.1369,-2.8461,0.2222,-0.022279,0.001458,-0.13461,-0.94585,0.097019,-3.2979,-7.5762,-6.1278,0.08312,-0.061014,-0.019956,-0.20954,0.71138,0.6257
9.6204,-0.772,2.4711,0.2025,-0.055656,0.020984,-0.6105,0.001893,-0.7658,-1.2741,4.7026,9.3814,0.080391,0.36717,-0.74855,0.51717,0.021172,-0.81573,-1.5127,-3.2305,10.518,-0.19937,0.69588,0.7503,0.49316,-0.19306,-0.79787,-3.9831,9.4185,-3.5301,0.034369,-0.047739,0.017163,-0.13501,-0.94434,0.10131,-3.1189,-7.7768,-6.6706,0.29424,-0.042843,-0.13349,-0.20885,0.71535,0.62143
10.068,-0.50249,2.7224,0.11872,0.21751,0.013377,-0.6053,-0.006854,-0.76848,-2.6726,4.5283,8.3805,0.15886,0.66031,-0.54519,0.53194,0.028781,-0.80704,-3.367,-1.5302,9.9787,-0.031442,0.67895,0.39683,0.51017,-0.20093,-0.78471,-3.8964,10.004,-3.4765,-0.30354,0.38928,0.052073,-0.13586,-0.94354,0.10767,-3.2837,-7.9417,-6.3003,0.44083,0.058698,-0.27962,-0.21413,0.721,0.61167
9.032,-0.52407,2.789,-0.42952,0.33969,0.034803,-0.59747,-0.002151,-0.77382,-2.5127,4.5641,7.9977,0.28252,0.77507,-0.4531,0.55481,0.034213,-0.79241,-2.4472,-3.6718,10.142,-0.41446,0.70243,0.63584,0.52969,-0.20425,-0.77155,-4.022,9.3334,-1.1224,-0.37998,0.20822,0.093141,-0.14078,-0.94754,0.093338,-3.1792,-8.1435,-6.3962,0.75923,0.051641,-0.33114,-0.22492,0.7336,0.5929
9.0191,-0.61358,4.8326,0.045784,0.32929,-0.000885,-0.5862,0.009105,-0.78455,-2.6854,4.4258,7.5488,0.59994,0.85536,-0.22327,0.5806,0.03307,-0.77285,-3.7496,-2.4101,8.9662,-0.1074,0.61157,0.72322,0.54582,-0.21805,-0.75588,-3.5547,8.0646,-2.1696,-0.12148,0.015798,0.23797,-0.14634,-0.94603,0.072042,-2.8642,-8.2668,-5.7338,0.74574,0.078607,-0.40613,-0.23843,0.74803,0.56966
8.3665,-0.13256,4.413,0.68537,0.003754,0.004053,-0.58152,-0.004794,-0.78722,-3.9195,3.5448,6.7839,0.93856,0.96343,0.082715,0.61074,0.009298,-0.75587,-3.9332,-0.39578,8.6888,-0.17818,0.47058,0.77509,0.55619,-0.23509,-0.74482,-3.043,7.3392,-2.166,0.10704,0.045155,0.20626,-0.15668,-0.94573,0.074432,-2.6295,-7.4657,-4.4428,0.39504,0.16208,-0.37227,-0.25308,0.75706,0.55162
11.578,-0.24472,7.5104,0.94675,-2.2487,0.31096,-0.59974,-0.028722,-0.77238,-5.3583,-4.5137,6.2522,-0.48849,0.55125,0.93743,0.63207,-0.004505,-0.73735,-6.0865,5.2234,5.1649,0.092099,0.27619,0.36079,0.56242,-0.24561,-0.73616,-3.3069,8.9238,-2.9383,0.056278,0.076074,0.081466,-0.16394,-0.94187,0.076435,-2.9349,-6.4635,-4.393,0.01635,0.11199,-0.21419,-0.26492,0.75738,0.54517
6.4949,-0.23971,1.6003,0.16991,-0.47566,0.45834,-0.65505,-0.010609,-0.72935,-9.4497,2.0925,7.9147,0.53355,0.80858,0.58917,0.65999,-0.042754,-0.71129,-9.1797,6.1337,4.5936,-0.40701,-0.33053,0.083524,0.55944,-0.24805,-0.74026,-3.792,9.1885,-2.1305,-0.19745,0.1638,0.050403,-0.16432,-0.94138,0.077199,-3.1007,-6.985,-4.5466,0.13121,0.062708,-0.10617,-0.26957,0.75907,0.54157
10.159,0.80786,4.6266,0.46128,0.403,-0.34157,-0.6503,-0.023579,-0.73308,-6.8048,0.34261,7.7285,-0.2387,0.66591,-0.23731,0.67927,-0.039748,-0.69397,-5.1051,0.69683,9.2412,-0.86641,0.090335,-0.21234,0.55509,-0.21379,-0.75163,-3.586,8.4088,-2.013,-0.091083,0.015729,0.14187,-0.17152,-0.94149,0.069025,-3.2374,-7.8718,-4.9771,0.30663,-0.023337,-0.14236,-0.27355,0.76328,0.53306
10.638,0.80056,3.6305,0.14018,0.065676,-0.38798,-0.65525,-0.040008,-0.72901,-5.1656,1.8025,8.5934,-0.088764,0.27356,-0.24991,0.69531,-0.029619,-0.67813,-4.409,-1.9324,9.7596,0.066314,0.36829,0.18843,0.56264,-0.20467,-0.74899,-3.2291,8.5469,-2.4186,0.079935,0.036442,0.13231,-0.17486,-0.94217,0.067694,-2.4815,-8.2111,-5.0848,0.17845,-0.1283,-0.15845,-0.27663,0.76537,0.52923
8.8484,-0.14788,5.4312,0.55651,1.4803,-0.1492,-0.61718,-0.057224,-0.75548,-6.3996,2.9001,9.2542,-0.29896,0.11625,-0.24284,0.69924,-0.019465,-0.67538,-5.6278,0.14407,8.9227,0.32126,0.27289,0.15572,0.56953,-0.21846,-0.73958,-3.1409,8.8769,-2.3197,0.02954,0.092775,0.078066,-0.17961,-0.94102,0.06956,-1.9802,-8.3918,-5.3457,0.023031,-0.035835,-0.11607,-0.2789,0.76614,0.52901
8.6323,-0.40337,4.9131,0.086053,0.13003,-0.13498,-0.60644,-0.060909,-0.76653,-8.0077,1.0985,9.8364,-0.61928,0.21122,-0.37536,0.70453,0.005447,-0.66895,-6.5267,0.095433,8.7974,0.33776,0.22992,0.26756,0.57467,-0.23373,-0.72996,-3.2734,8.4864,-2.3219,0.034315,0.029416,0.021076,-0.18294,-0.94081,0.068619,-2.294,-8.2885,-4.5738,0.17763,0.059952,-0.063199,-0.28297,0.76744,0.52424
9.0961,-0.080772,4.8217,-0.16007,-0.13989,-0.076643,-0.59084,-0.070462,-0.77682,-7.4143,1.1804,8.934,-0.80387,0.17389,-0.3615,0.70613,0.043481,-0.66619,-6.4679,1.4651,8.508,0.43902,0.14102,0.031836,0.57924,-0.24923,-0.72162,-3.1125,9.0876,-2.4769,-0.012184,0.054028,-0.010412,-0.18419,-0.9384,0.072736,-2.4132,-7.9219,-4.5898,0.17376,0.006344,-0.056273,-0.28515,0.77088,0.5166
8.3812,-0.081592,4.6074,-0.13773,-0.32201,0.010728,-0.59787,-0.063716,-0.77086,-7.6407,0.53799,9.4254,-1.0695,0.039412,-0.19297,0.70675,0.07717,-0.6607,-6.7306,0.72404,9.4582,0.57513,0.005196,0.013004,0.57962,-0.26559,-0.71423,-3.3951,8.8167,-2.5198,-0.084856,0.019061,0.021057,-0.18233,-0.94063,0.070215,-2.6525,-7.6816,-4.6231,-0.057873,0.064032,-0.000951,-0.28758,0.77205,0.51439
8.89,-0.016172,3.8954,-0.22918,-0.27298,0.085192,-0.61953,-0.052846,-0.7544,-7.2038,0.82044,8.676,-0.69265,-0.15287,-0.0245,0.70876,0.096042,-0.65614,-6.1441,1.0486,9.5837,0.29621,-0.084588,-0.29819,0.57769,-0.27781,-0.71272,-3.1538,8.4496,-2.3945,0.006063,0.013541,0.012124,-0.18398,-0.94011,0.067133,-2.6235,-8.1218,-4.818,0.005334,0.021102,-0.008627,-0.28881,0.76993,0.51702
8.6411,-0.50422,4.1739,-0.1894,-0.42681,0.13422,-0.63231,-0.044358,-0.74386,-6.3178,0.46512,8.4368,-0.67955,-0.445,0.40164,0.69977,0.10662,-0.66253,-5.8829,-0.34533,9.0349,0.28123,-0.15524,-0.6658,0.57808,-0.27186,-0.71488,-3.55,8.5452,-2.3125,-0.036299,0.027842,-0.044215,-0.18261,-0.94037,0.066805,-2.6605,-8.078,-4.4599,0.048112,-0.028483,0.013568,-0.28723,0.77192,0.51559
9.3965,-0.28534,3.4946,-0.32158,-0.87643,0.018371,-0.65706,-0.034483,-0.72271,-5.3267,1.7898,8.7162,-0.023197,-0.69514,0.76428,0.687,0.094889,-0.6757,-5.2631,-1.0534,9.4722,0.53719,-0.35385,-1.0297,0.57431,-0.26793,-0.71984,-3.5154,9.0704,-2.3199,-0.049547,-0.01793,-0.058548,-0.18075,-0.94135,0.065066,-2.7129,-7.8525,-4.7889,0.012072,0.012851,0.023893,-0.28736,0.77232,0.51386
9.0602,-0.47541,3.5356,-0.16121,-0.63205,0.086812,-0.67269,-0.028198,-0.71066,-4.5815,1.7569,8.9758,0.41203,-0.90754,1.1838,0.66329,0.065457,-0.70054,-4.6515,-0.97862,9.3628,0.18413,-0.44086,-1.0354,0.5716,-0.25187,-0.72608,-3.2589,8.5913,-2.2917,-0.049581,-0.040945,-0.053519,-0.18108,-0.94078,0.063742,-2.563,-7.7935,-4.7713,-0.044362,-0.029887,0.049906,-0.28515,0.77116,0.51488
9.533,-0.13561,2.8252,0.003234,-0.7567,0.036524,-0.69296,-0.027996,-0.691,-2.9073,4.8107,8.6355,0.32777,-0.99252,1.2817,0.63699,0.017432,-0.72622,-3.6236,-2.0369,9.0105,0.11989,-0.86496,-1.0803,0.56241,-0.23058,-0.74111,-3.2762,9.0412,-2.2926,0.065628,-0.023463,-0.040943,-0.17854,-0.94152,0.0653,-2.6233,-8.0923,-4.7133,-0.066089,-0.014567,0.057338,-0.28123,0.77039,0.51778
9.7876,-0.003308,2.5743,-0.11795,-0.76912,-0.020114,-0.71906,-0.024414,-0.6653,-2.7632,4.3876,8.8994,0.15662,-1.0126,1.5906,0.61089,-0.025684,-0.74731,-3.3036,-2.6169,9.2944,0.5651,-1.3169,-1.1778,0.53815,-0.21937,-0.7634,-3.3075,9.2516,-2.421,0.073416,0.034668,0.014209,-0.17859,-0.94222,0.067128,-2.5492,-8.4355,-4.9072,-0.034703,-0.07438,0.06317,-0.28027,0.77142,0.5203
9.9659,-0.39541,2.0807,-0.077648,-0.8644,-0.010549,-0.74225,-0.020326,-0.6403,-1.1122,6.0143,7.8962,-0.24775,-1.1185,1.673,0.57234,-0.065852,-0.7707,-1.6403,-1.9011,8.9649,0.19716,-1.1802,-1.3435,0.50952,-0.20713,-0.78256,-3.3351,8.9057,-2.2186,0.096604,0.059302,0.014322,-0.17952,-0.94149,0.068259,-2.6692,-8.5097,-4.9094,-0.044082,0.005805,0.040269,-0.2782,0.76988,0.51934
9.8884,-0.92158,2.2856,-0.20383,-0.86615,0.064054,-0.76463,-0.018059,-0.61499,-0.47815,4.9369,9.052,-0.41023,-1.1039,1.8265,0.53006,-0.08838,-0.79773,-0.95059,-2.2942,9.5421,0.053876,-1.3013,-1.5681,0.4786,-0.18169,-0.80723,-3.6058,9.1456,-2.4644,0.046573,0.10879,0.030593,-0.18022,-0.94045,0.071489,-2.6613,-8.2328,-5.0505,-0.065608,-0.016037,0.027497,-0.27658,0.76936,0.52151
9.7446,-0.16196,1.5732,-0.0193,-0.9141,0.073607,-0.78545,-0.019395,-0.58558,1.3154,5.2896,7.3003,-0.40387,-0.93633,1.9006,0.48655,-0.1168,-0.81746,0.36426,-2.785,8.8004,-0.16132,-1.1806,-1.5986,0.4409,-0.1512,-0.83416,-3.3479,8.6345,-1.9334,0.004186,0.03833,0.051189,-0.18457,-0.94081,0.072462,-2.4889,-8.2115,-4.9654,-0.13068,0.0054,0.038576,-0.27607,0.76854,0.52655
9.2442,-0.31415,1.7326,0.1166,-0.87794,0.10824,-0.80525,-0.019177,-0.5568,1.9656,4.9751,8.134,-1.1341,-0.93504,2.0472,0.44436,-0.12621,-0.83812,1.3481,-3.9826,9.0122,-0.00857,-1.2389,-1.8095,0.4067,-0.11662,-0.85625,-3.3096,9.6195,-2.5189,0.10154,-0.009371,0.021916,-0.18577,-0.93856,0.077495,-2.5794,-8.4644,-5.1618,-0.14096,0.051454,0.011823,-0.27407,0.76525,0.53169
9.614,0.20522,0.78378,0.39359,-0.83408,-0.014677,-0.8274,-0.018439,-0.52733,2.4154,2.9659,8.4678,-0.77822,-0.96687,1.9052,0.40411,-0.12473,-0.85939,2.3376,-2.4814,8.5928,0.30653,-1.0153,-1.7994,0.37683,-0.097918,-0.87012,-3.3111,9.7708,-2.8268,-0.0151,0.11582,0.12604,-0.18744,-0.9399,0.076506,-2.5358,-9.1585,-5.387,-0.08318,0.083262,0.022753,-0.27621,0.76443,0.53295
9.7305,0.082257,1.6642,0.48617,-0.7699,-0.012039,-0.84203,-0.025275,-0.50191,3.8402,2.9708,7.937,0.17785,-0.68616,1.554,0.36536,-0.14534,-0.87097,3.1875,-3.3759,8.1542,0.078117,-0.88531,-1.5414,0.3488,-0.079044,-0.88215,-3.1134,9.2675,-2.4546,-0.11282,0.14933,0.16764,-0.1957,-0.93751,0.070105,-2.1617,-9.3692,-5.4411,0.049296,0.1488,-0.078599,-0.28095,0.76347,0.53308
9.5825,-0.31936,0.49662,-0.10362,-0.78483,0.069213,-0.86021,-0.02611,-0.47294,3.2225,2.9865,7.7073,0.1788,-0.4807,1.0072,0.33656,-0.17095,-0.87674,2.2389,-1.4769,7.9748,0.83091,-0.78093,-1.2136,0.32149,-0.079877,-0.89006,-2.8026,9.7643,-2.599,-0.087551,0.1307,0.22672,-0.20274,-0.93524,0.066635,-1.8322,-9.2426,-5.7937,0.057161,0.34464,-0.14078,-0.28792,0.76252,0.52787
9.3449,-0.52208,-0.20781,-0.18303,-0.56853,0.068109,-0.87038,-0.026254,-0.44874,2.5269,1.0251,8.722,0.12823,-0.43435,0.69543,0.30948,-0.17736,-0.88549,3.1708,0.30627,8.7989,0.5055,-0.79772,-1.0369,0.29412,-0.093229,-0.89938,-2.8736,9.2894,-2.0747,-0.14311,0.12555,0.24514,-0.21396,-0.9364,0.064023,-2.0385,-7.6536,-4.8965,-0.22459,0.40824,-0.1342,-0.3014,0.75875,0.5254
9.2127,-0.29727,-0.58784,-0.19859,-0.61435,0.060964,-0.88119,-0.0199,-0.43129,2.6022,2.5421,8.3649,-0.037415,-0.40565,0.39394,0.29358,-0.18494,-0.88636,3.0392,0.13389,9.1324,0.18872,-0.64633,-0.91871,0.27176,-0.095445,-0.90386,-2.5288,8.9096,-2.3824,-0.15269,0.121,0.28559,-0.22402,-0.93358,0.057275,-1.8873,-6.9904,-4.6381,-0.29637,0.18664,-0.086749,-0.30984,0.75209,0.52987
9.2736,-0.32508,-1.1695,-0.5252,-1.0825,0.087131,-0.8965,-0.007858,-0.39788,2.9948,1.9168,8.8092,-0.21709,-0.40394,0.46656,0.27647,-0.19024,-0.89031,3.8405,-0.9135,8.7667,0.065452,-0.41902,-0.66036,0.25254,-0.090928,-0.9085,-2.5943,8.5942,-2.3534,-0.020989,0.16399,0.28673,-0.23379,-0.93067,0.051194,-2.3229,-7.3749,-5.1919,-0.48366,0.25635,0.10613,-0.31328,0.74611,0.53778
8.8261,-0.96916,-2.2365,-0.4159,-0.98311,0.09859,-0.91415,-6.7e-05,-0.35879,3.5323,1.2945,8.1389,0.26214,-0.29304,0.46052,0.26103,-0.19759,-0.89464,4.0553,-0.86022,8.2752,0.31253,-0.2611,-0.36735,0.24553,-0.091809,-0.91034,-2.934,9.164,-2.631,0.18244,0.25449,0.17542,-0.24332,-0.92936,0.053619,-2.5189,-7.5496,-6.234,-0.77467,0.37923,0.11499,-0.31429,0.73419,0.55445
9.6933,-1.0306,-3.4315,0.044019,-0.43725,-0.063615,-0.92408,0.001344,-0.33499,4.9585,2.1808,7.3473,0.4569,-0.14986,0.22617,0.2498,-0.21691,-0.89024,5.3415,-0.53352,7.9932,0.29135,-0.122,-0.13441,0.23919,-0.10347,-0.90882,-2.7297,10.095,-2.6429,0.30383,0.18567,0.29955,-0.25363,-0.92442,0.061878,-1.6056,-7.7323,-6.4656,-0.14719,0.21003,-0.19924,-0.32569,0.72263,0.56273
9.7053,-0.76325,-1.7659,-0.13492,-0.44081,0.015592,-0.92836,0.008085,-0.31501,5.5911,2.0277,6.9033,0.77113,-0.068014,-0.096022,0.2451,-0.23493,-0.88447,5.6716,0.31264,7.7659,-0.046892,0.089451,0.27561,0.23692,-0.10726,-0.90909,-2.6719,11.479,-3.6036,0.24122,0.053745,0.42504,-0.26768,-0.92129,0.072056,-1.7066,-9.9959,-6.2867,-0.082237,0.38183,-0.22525,-0.33711,0.71453,0.5641
9.5873,-0.91467,-2.5736,-0.29695,-0.41702,0.054427,-0.93528,0.012651,-0.29968,6.0276,1.228,7.804,0.61252,-0.055424,-0.4859,0.24954,-0.25407,-0.87766,4.5064,0.49765,8.0481,-0.24124,0.10656,0.56126,0.24088,-0.10445,-0.9077,-2.0159,13.162,-3.6072,-0.12741,0.045299,0.71823,-0.28993,-0.91444,0.074526,-0.65289,-11.382,-6.3921,0.40933,0.21246,-0.43242,-0.3509,0.71734,0.55491
9.722,-0.8414,-2.6392,0.064387,0.089066,0.01263,-0.93706,0.00889,-0.29317,4.5099,4.2996,7.3883,0.32695,-0.054745,-0.64524,0.25118,-0.27667,-0.87275,3.8026,-0.44839,9.4182,0.037226,0.18096,0.67181,0.24083,-0.11105,-0.90639,-0.46209,10.912,-2.118,-0.36465,-0.16363,0.90603,-0.31911,-0.90644,0.065696,0.87599,-10.491,-7.1408,0.32643,0.26495,-0.81248,-0.37523,0.71618,0.54005
10.055,-0.18866,-3.5203,0.27785,0.16573,-0.034821,-0.93753,0.007832,-0.29197,3.6569,4.3791,8.9873,0.01179,-0.16829,-0.68424,0.25405,-0.27152,-0.87139,3.4108,-1.9511,9.0766,-0.62621,0.24429,0.79635,0.24585,-0.10297,-0.90649,1.8761,9.2128,-2.5794,-0.41845,-0.33823,0.77553,-0.34686,-0.89712,0.055362,1.8088,-8.5704,-6.343,0.085201,0.49383,-0.95466,-0.40697,0.70508,0.53054
10.924,-0.023591,-2.0727,0.27295,0.42154,-0.12696,-0.93149,0.004278,-0.30629,3.7697,4.2404,9.5657,0.17783,-0.076553,-0.6691,0.26074,-0.2676,-0.87161,3.0771,-2.4806,10.039,-0.63517,0.073734,0.67659,0.2506,-0.089447,-0.907,1.7905,10.029,-2.2519,-0.46065,0.1372,0.7402,-0.37352,-0.88755,0.041421,1.3771,-7.301,-5.6297,0.027725,0.58118,-0.83891,-0.44279,0.69171,0.52253
11.005,0.34153,-0.90583,0.56941,0.5209,-0.35399,-0.92507,-0.015881,-0.32661,2.7019,4.8744,9.8391,0.32741,0.16482,-0.60511,0.27032,-0.26304,-0.86586,3.0378,-2.7395,10.913,-0.5907,0.19091,0.62561,0.24965,-0.072882,-0.90576,-0.83292,10.222,-2.5299,-0.9114,0.25886,0.91761,-0.41039,-0.87302,0.001386,0.88147,-7.9103,-5.8862,-0.22087,1.002,-0.6435,-0.47794,0.67538,0.50879
9.9807,-0.59687,-1.3151,0.15943,0.31749,-0.19058,-0.91909,-0.030742,-0.33737,2.1529,5.2088,9.881,0.39971,0.42463,-0.68262,0.286,-0.2711,-0.85993,1.8721,-2.4969,11.532,-0.77044,0.41094,0.66616,0.25904,-0.052039,-0.90638,0.32736,9.0346,-0.86967,-0.17953,-0.17034,0.9833,-0.44048,-0.85951,-0.010896,0.6347,-8.1364,-5.002,0.022707,0.81997,-0.69402,-0.51144,0.66249,0.49294
9.5143,0.007498,-1.4565,0.1833,0.54466,-0.20798,-0.91443,-0.041021,-0.35035,1.8949,4.9945,10.083,0.4089,0.62362,-0.75284,0.31234,-0.28131,-0.84846,1.7932,-3.156,11.083,-0.69685,0.68196,0.63846,0.27853,-0.035117,-0.90146,0.40456,8.5995,-0.76261,-0.37445,-0.34972,0.94135,-0.46906,-0.84247,-0.015278,0.8375,-7.6132,-5.3558,0.40596,0.60275,-0.77975,-0.54518,0.65026,0.47574
9.7375,0.45379,-0.49691,-0.25173,0.71341,-0.17182,-0.901,-0.046606,-0.37358,1.7402,4.6485,8.4713,0.54741,0.91812,-0.83612,0.3472,-0.28632,-0.83182,0.9322,-2.086,9.9557,-0.49009,0.85531,0.64247,0.30708,-0.020503,-0.89362,-0.1981,8.2214,-0.59424,-0.39155,-0.23147,0.92272,-0.4998,-0.82431,-0.024988,0.7262,-7.0754,-5.1919,0.47741,0.55007,-0.74045,-0.57012,0.64132,0.45112
9.3923,-0.20179,-0.74253,-0.07561,0.76089,-0.20377,-0.88962,-0.050342,-0.39771,0.43494,5.0991,8.5869,0.39966,0.97129,-0.80632,0.38949,-0.29174,-0.81192,0.64372,-2.7857,9.6604,-0.48579,0.8988,0.69895,0.33701,-0.010873,-0.88356,0.29802,8.6397,-1.5301,0.002454,-0.096756,0.81076,-0.52609,-0.80916,-0.027691,1.1383,-7.4539,-4.3193,0.39696,0.44105,-0.70224,-0.59671,0.63573,0.42981
9.3088,-0.24047,-0.16148,-0.12003,0.75854,-0.21201,-0.87667,-0.053884,-0.42499,0.25027,4.5731,8.5615,0.22127,0.94595,-0.89224,0.43809,-0.28316,-0.79271,1.1914,-2.2461,9.185,0.057157,0.91384,0.75811,0.37598,-0.013256,-0.86893,0.79906,8.6035,-1.3549,0.16047,-0.15529,0.81388,-0.55786,-0.78878,-0.01786,1.2577,-7.3172,-5.1014,0.39595,0.45593,-0.67598,-0.62262,0.62599,0.40622
9.3143,-0.081838,0.92139,0.047137,0.55734,-0.17711,-0.86433,-0.059638,-0.44626,0.14316,4.3888,8.5818,-0.007191,0.91257,-0.89769,0.47614,-0.27019,-0.77609,0.64601,-2.5545,9.3728,0.4009,0.84688,0.7935,0.404,-0.030991,-0.85442,1.2212,8.8643,-2.3521,0.16822,-0.09046,0.71903,-0.58254,-0.77084,-0.010304,1.3477,-7.3179,-5.0177,0.41405,0.43743,-0.6183,-0.64148,0.61603,0.38498
9.7139,0.46666,0.040163,0.042474,0.67522,-0.20497,-0.85294,-0.069951,-0.46539,-1.6565,5.1204,8.2582,0.01058,0.79213,-0.8898,0.50939,-0.25634,-0.7595,-0.16595,-1.7765,8.4619,0.47384,0.87195,0.80675,0.42879,-0.0628,-0.84181,1.0552,9.149,-2.4307,0.051653,-0.01988,0.60486,-0.59888,-0.75727,-0.008618,1.5873,-7.3939,-4.9765,0.47355,0.31217,-0.4403,-0.66015,0.60904,0.36882
9.5233,-0.14181,0.67638,-0.009663,0.50529,-0.07117,-0.84062,-0.073573,-0.4844,-1.717,4.8882,7.6492,-0.077911,0.69536,-0.86119,0.54011,-0.23618,-0.74317,-2.1771,-1.125,8.2685,0.075887,0.81465,0.72795,0.45732,-0.08523,-0.82476,1.198,8.9845,-2.4277,-0.17758,-0.072528,0.51443,-0.6185,-0.74379,-0.00996,1.7818,-7.755,-4.5185,0.48195,0.3215,-0.33179,-0.67398,0.60462,0.34869
9.5871,0.55569,0.2636,-0.087967,0.438,-0.044531,-0.83121,-0.074086,-0.49794,-2.4058,4.3381,7.6206,-0.13345,0.57254,-0.74421,0.5669,-0.21646,-0.73028,-3.1125,-1.1438,7.9246,-0.073137,0.60361,0.19806,0.47557,-0.093536,-0.81178,1.5141,8.818,-1.7609,-0.11937,-0.083334,0.44552,-0.62907,-0.73231,-0.01231,1.7063,-8.3237,-4.1253,0.44726,0.2588,-0.32392,-0.6835,0.60245,0.33023
9.5912,0.10904,0.7979,-0.18852,0.31967,0.030635,-0.82574,-0.071559,-0.5079,-2.2541,4.2366,7.5555,-0.14639,0.4698,-0.57392,0.58877,-0.19292,-0.72136,-4.1942,-1.8425,9.1501,-0.20612,1.233,0.19528,0.50539,-0.097776,-0.79656,0.77762,8.5422,-1.0702,-0.050653,-0.00204,0.47522,-0.64178,-0.72211,-0.013974,1.7818,-7.9352,-4.25,0.47674,0.20855,-0.24388,-0.69046,0.60162,0.31078
9.2418,0.28971,0.7815,0.051582,0.19479,0.075245,-0.81939,-0.068826,-0.51623,-3.0657,3.931,7.5928,-0.32486,0.38738,-0.29741,0.60536,-0.1765,-0.71337,-4.8361,-4.086,12.099,0.33877,1.1401,-0.013172,0.54008,-0.097121,-0.7718,1.6117,8.9363,-1.2639,-0.037606,0.028329,0.44812,-0.65518,-0.70774,-0.017248,2.1263,-8.1173,-3.8861,0.32944,0.011374,-0.21241,-0.69812,0.60085,0.29987
10.005,0.55333,0.013091,-0.026255,0.22269,0.11246,-0.81364,-0.065414,-0.52071,-2.5293,5.8248,15.867,-1.5479,0.57757,-0.40935,0.62882,-0.1405,-0.70161,0.45999,-2.3896,9.9881,1.1397,0.73819,-0.059075,0.5651,-0.11596,-0.75201,2.1005,9.6591,-1.465,0.040476,-0.002863,0.3642,-0.66621,-0.69759,-0.018049,1.3932,-7.9371,-3.1883,0.093529,0.006729,-0.40509,-0.70507,0.59363,0.29385
10.584,-0.029092,-0.00123,-0.13091,0.24226,0.035661,-0.81234,-0.060194,-0.52858,-3.3267,2.7804,8.874,-0.71729,0.72767,-0.20273,0.64877,-0.10619,-0.69053,-3.2848,-3.3274,8.7496,0.92681,0.73764,0.20628,0.58813,-0.14353,-0.72932,1.6391,9.1712,-1.8188,0.095818,0.076443,0.28965,-0.67543,-0.69028,-0.01902,2.8729,-9.284,-4.5041,0.14087,0.10439,-0.17907,-0.71262,0.58718,0.29056
9.9934,-0.17404,0.38131,0.059378,0.2687,0.037586,-0.80501,-0.057168,-0.53861,-3.0555,1.8355,8.7231,-0.75043,0.32655,-0.20023,0.66264,-0.077061,-0.68021,-3.8333,-0.49637,8.9683,1.0788,0.53652,0.38897,0.60378,-0.18737,-0.70578,1.828,8.8635,-1.5746,0.15208,0.069211,0.23661,-0.68396,-0.68145,-0.01957,1.856,-8.5346,-3.8171,0.20359,-0.20942,-0.034352,-0.71424,0.58651,0.29
9.5884,0.58724,-0.22113,0.019081,0.17477,0.04701,-0.80373,-0.060053,-0.53721,-2.5751,1.6944,8.8153,-0.41324,0.21708,-0.1484,0.66882,-0.0513,-0.6762,-4.3407,1.0984,9.2507,0.34336,0.39029,0.10168,0.61026,-0.22268,-0.68711,1.5051,9.3631,-1.199,0.064443,0.074768,0.20853,-0.68536,-0.67712,-0.015335,1.7137,-8.579,-3.7599,0.15066,-0.12642,-0.1747,-0.71216,0.58627,0.28954
9.7054,0.15622,-0.1186,-0.18737,0.20713,0.079423,-0.7999,-0.055568,-0.54257,-2.7633,3.6012,9.5616,0.061685,0.099773,-0.14913,0.6737,-0.044885,-0.67346,-4.3037,-1.0938,10.255,-0.14648,0.22349,-0.13172,0.62215,-0.22319,-0.68071,1.5434,10.304,-1.867,-0.070833,-0.04219,0.16198,-0.69207,-0.6739,-0.016963,2.0418,-8.9509,-4.6667,-0.007637,-0.050494,-0.11244,-0.71447,0.58177,0.29324
9.8071,-0.45191,-0.15908,0.05076,0.16192,0.039803,-0.79414,-0.05132,-0.54946,-2.4932,3.0999,9.4371,-0.26368,0.017086,-0.057103,0.67539,-0.041474,-0.67033,-3.0364,-1.0802,9.9856,-0.041663,0.24886,0.0587,0.62906,-0.21538,-0.67329,1.6334,10.288,-1.7751,-0.18691,-0.21382,0.005475,-0.69366,-0.66864,-0.016919,2.042,-9.192,-4.0548,-0.15699,-0.007859,-0.01409,-0.71657,0.58017,0.29505
10.047,-0.21696,-0.11097,0.007809,0.13618,0.10008,-0.79237,-0.050067,-0.55368,-1.4038,3.1145,8.9067,0.086972,0.059281,0.029328,0.67463,-0.039691,-0.66963,-1.9101,-1.1577,9.4393,-0.42578,0.18843,0.006349,0.63072,-0.20627,-0.67271,1.7354,9.3885,-1.6746,-0.34386,-0.27883,-0.00929,-0.69327,-0.67038,-0.018203,1.5031,-8.9356,-4.0482,-0.2078,0.032489,-0.055069,-0.71313,0.57808,0.29836
9.7925,-0.47336,-0.32347,0.058436,0.099671,0.086582,-0.79054,-0.048968,-0.55696,-1.8553,4.1968,8.7242,-0.002395,0.062639,-0.004531,0.67731,-0.044084,-0.66888,-1.9698,-3.053,9.0875,-0.22713,0.15127,0.085799,0.63727,-0.19916,-0.67245,1.5676,8.7715,-1.3396,-0.19637,-0.175,0.088403,-0.69361,-0.66957,-0.019397,1.7735,-8.5035,-4.0724,-0.23497,0.002283,-0.12137,-0.71728,0.57327,0.3057
10.091,-0.26111,-0.27506,0.095574,0.088463,0.06392,-0.78673,-0.047047,-0.55789,-1.7836,4.0557,8.8261,-0.40393,-0.021862,-0.023018,0.67786,-0.035618,-0.66668,-2.2542,-2.1706,9.283,0.23522,0.034343,0.15851,0.63581,-0.20508,-0.66896,1.49,9.2593,-1.4993,-0.019207,-0.11358,0.07835,-0.69587,-0.66582,-0.016246,1.9009,-8.2939,-4.3685,-0.11518,0.091868,-0.14375,-0.72255,0.56562,0.30818
9.8839,-0.059072,-0.36484,0.093121,0.11036,0.027325,-0.78711,-0.047374,-0.56004,-1.7562,2.943,8.792,-0.25178,-0.000496,0.0246,0.67441,-0.027822,-0.66921,-2.4017,-1.3831,9.2524,0.14885,-0.003178,0.10449,0.63392,-0.21276,-0.66909,1.2946,9.5207,-1.421,-0.067869,-0.11873,0.021902,-0.69603,-0.66378,-0.016127,1.9308,-8.2563,-4.465,-0.136,0.12657,-0.19594,-0.72583,0.55957,0.30753
9.8385,-0.19223,-0.32129,0.035147,0.10443,0.023616,-0.78534,-0.048954,-0.56437,-2.3045,3.1824,8.9307,0.00954,-0.009859,0.017892,0.67593,-0.025347,-0.66956,-2.4772,-1.4265,9.2911,-0.12345,-0.086582,-0.008181,0.6341,-0.21704,-0.66821,1.3243,9.5063,-1.5404,-0.14256,-0.14335,-0.059465,-0.6976,-0.66458,-0.014501,2.0656,-8.2042,-4.6045,-0.04842,0.10664,-0.13304,-0.73051,0.55535,0.30601
10.025,-0.20055,-0.46914,0.051564,0.12038,0.017197,-0.78097,-0.048789,-0.56741,-1.9146,3.6193,8.8136,0.06431,-0.064272,0.052843,0.67516,-0.025872,-0.66946,-2.1152,-2.2637,9.3503,-0.086892,-0.1382,-0.040018,0.63049,-0.21118,-0.67233,1.2942,9.5064,-1.601,-0.13748,-0.13278,-0.046157,-0.6959,-0.66441,-0.012984,2.2756,-8.0257,-4.6677,-0.065646,0.063035,-0.06827,-0.73446,0.55021,0.30703
9.8385,-0.18482,-0.32124,-0.02105,0.079472,0.003584,-0.78061,-0.048065,-0.56567,-1.9022,3.5756,8.8256,0.034034,-0.067955,0.031729,0.67168,-0.028151,-0.67194,-2.1551,-1.7829,9.4465,-0.11297,-0.12558,-0.036457,0.62592,-0.208,-0.67579,1.4134,9.5225,-1.7337,-0.053672,-0.090698,-0.052041,-0.69428,-0.66465,-0.013822,2.2607,-8.0183,-4.6306,0.004384,0.008021,-0.054331,-0.7325,0.54946,0.30473
9.8241,-0.13975,-0.44789,-0.014801,0.056043,3.9e-05,-0.77901,-0.048852,-0.57068,-1.6887,3.6498,9.0241,0.079132,-0.064826,-0.010366,0.67288,-0.02912,-0.67393,-2.1448,-2.0401,9.3068,-0.33098,-0.17339,-0.056253,0.62322,-0.1989,-0.68436,1.2266,9.5219,-1.7675,0.002012,-0.044871,0.00829,-0.69469,-0.66843,-0.011742,2.1554,-8.2192,-4.7076,0.09248,0.002642,-0.028299,-0.7369,0.54955,0.30433
10.077,-0.28998,-0.43949,-0.030941,0.084822,-0.005558,-0.77856,-0.046759,-0.57201,-1.7531,3.6121,8.8,0.15788,-0.050559,0.013047,0.67139,-0.035331,-0.6739,-2.4494,-1.9215,9.0752,-0.3453,-0.26768,-0.045935,0.61841,-0.18988,-0.68988,1.5046,9.2376,-1.6715,0.032399,0.046476,-0.029959,-0.69457,-0.66652,-0.011611,2.1109,-8.1454,-4.3795,0.091736,-0.009872,0.017769,-0.73867,0.54864,0.30165
10.025,-0.19349,-0.37957,-0.012876,0.066604,-0.019134,-0.77631,-0.047676,-0.57232,-1.6775,3.1744,9.056,0.207,-0.13154,0.063745,0.66898,-0.039163,-0.67603,-2.347,-2.1291,9.4178,-0.5871,-0.48884,-0.074925,0.60725,-0.17462,-0.7017,1.2795,9.3426,-1.8787,0.068036,0.076436,-0.070318,-0.69399,-0.66782,-0.011319,1.8559,-8.2334,-4.5185,0.1537,-0.092315,0.090446,-0.73485,0.55274,0.30038
10.167,-0.23144,-0.43843,-0.001152,0.037543,-0.043607,-0.77628,-0.04685,-0.57433,-1.3943,3.4821,9.0883,0.4284,-0.2095,0.065154,0.66494,-0.04862,-0.68061,-1.9621,-2.1046,9.5381,-0.90188,-0.6851,-0.028772,0.59146,-0.15327,-0.72309,0.99403,9.753,-1.6674,0.14126,0.10113,-0.091214,-0.69013,-0.6723,-0.009169,1.6461,-8.3749,-4.3581,0.26392,-0.20461,0.18631,-0.72952,0.56023,0.30226
9.8381,-0.18553,-0.14219,-0.026758,-0.007092,-0.043466,-0.77447,-0.047096,-0.57546,-1.3984,3.2782,9.1384,0.67563,-0.28114,-0.004871,0.65869,-0.064199,-0.6839,-1.8678,-3.0518,9.4313,-1.135,-0.7335,0.040573,0.56914,-0.122,-0.74422,1.105,9.8818,-1.8603,0.091377,0.095807,-0.16801,-0.69054,-0.67305,-0.009447,1.4961,-8.5164,-4.2863,0.33379,-0.27015,0.20929,-0.72447,0.56815,0.30042
10.069,-0.26085,-0.29761,-0.048788,-0.086106,-0.066856,-0.77804,-0.047145,-0.57226,-1.5949,2.8918,9.3323,0.98686,-0.39167,-0.056122,0.64638,-0.090173,-0.69109,-1.5299,-3.7957,9.0191,-1.0512,-0.74123,0.1396,0.54224,-0.08418,-0.76879,1.0252,9.4166,-1.8839,0.061908,0.1451,-0.27453,-0.67978,-0.68005,-0.010756,1.3761,-8.6507,-4.1691,0.35113,-0.28975,0.2544,-0.71096,0.5811,0.29956
10.142,-0.35896,0.008202,0.005427,-0.087925,-0.046691,-0.7817,-0.04875,-0.56864,-2.3492,4.9289,8.7513,0.74224,-0.40467,0.031319,0.63611,-0.11457,-0.69871,-1.7814,-4.6458,8.6047,-0.60261,-0.77482,0.20173,0.5191,-0.064253,-0.78864,0.65309,9.2417,-1.6736,0.12201,0.22442,-0.2934,-0.67377,-0.69005,-0.012019,1.2708,-8.9192,-4.1492,0.33872,-0.18838,0.26059,-0.70432,0.59349,0.29677
9.7786,-0.067233,0.037182,0.021386,-0.1544,-0.044584,-0.78429,-0.04915,-0.56714,-3.2653,4.5023,8.265,0.15229,-0.26686,0.26076,0.6264,-0.1273,-0.70328,-2.2802,-3.9037,9.0585,0.20697,-0.57004,-0.095518,0.4998,-0.06497,-0.79991,-0.10874,9.2906,-1.5389,0.1123,0.35697,-0.082423,-0.67072,-0.69226,-0.015529,0.49219,-8.6763,-4.1991,0.11424,0.048633,0.092122,-0.70085,0.59981,0.29479
9.785,-0.18664,0.24535,-0.0838,-0.17055,-0.036443,-0.78839,-0.049322,-0.55901,-2.2087,4.0065,8.9739,0.021584,-0.47316,0.49207,0.6123,-0.14018,-0.71262,-2.4125,-3.6755,9.4437,0.4508,-0.43198,-0.46238,0.48175,-0.067952,-0.8088,0.98056,9.4309,-1.7573,0.064605,0.29138,-0.059961,-0.66724,-0.69273,-0.021113,1.1359,-9.1512,-3.8384,0.034789,0.1183,-0.026876,-0.70135,0.60078,0.28817
9.6653,-0.30409,0.21384,-0.032579,-0.22882,-0.006045,-0.79449,-0.046831,-0.55338,-1.9463,4.178,8.5972,-0.14794,-0.56318,0.76869,0.5941,-0.15272,-0.72582,-1.9308,-3.2505,9.4143,0.94264,-0.58142,-0.76576,0.46916,-0.079808,-0.81677,1.1778,8.9507,-1.5277,0.033736,0.36871,-0.18482,-0.66545,-0.69654,-0.02925,1.4515,-8.5775,-3.839,-0.13421,0.19133,0.07426,-0.7026,0.60235,0.28572
9.7159,-0.38788,0.69117,0.063342,-0.39579,0.015806,-0.79941,-0.048527,-0.54581,-1.2303,4.181,8.9564,-0.28491,-0.65198,0.89041,0.57063,-0.16307,-0.74038,-0.3007,-2.0504,9.8484,0.91017,-0.70149,-0.58885,0.44913,-0.11078,-0.8227,0.91205,11.073,-1.8505,0.023712,0.28171,-0.20264,-0.6618,-0.70146,-0.03573,0.86854,-8.2792,-2.9217,-0.052788,0.11412,0.22305,-0.70513,0.60252,0.27826
10.105,-0.39522,-0.11169,0.35826,0.016523,0.18589,-0.80725,-0.052073,-0.53539,-0.64015,4.308,9.7431,0.17115,-0.69675,0.78875,0.54047,-0.18138,-0.75802,0.001399,-2.4762,10.741,0.30886,-0.58673,-0.51862,0.42937,-0.11798,-0.83054,0.56459,9.3805,-0.86528,-0.005737,0.17191,-0.20017,-0.6578,-0.70518,-0.040237,1.7516,-8.4304,-3.5646,0.03317,-0.31921,0.32537,-0.69472,0.612,0.28316
9.5257,0.21506,0.35045,0.50308,-0.38849,0.134,-0.81228,-0.055329,-0.52728,0.055517,4.4987,9.4008,0.21056,-0.70452,0.78852,0.5142,-0.20354,-0.77135,0.49944,-2.7057,10.097,0.15274,-0.53961,-0.47088,0.41491,-0.11333,-0.84046,1.3466,8.2449,-1.1785,-0.093482,-0.002856,-0.49639,-0.6469,-0.71369,-0.042059,1.3777,-7.965,-3.734,-0.034697,-0.139,0.38025,-0.68498,0.62134,0.28791
9.9327,-0.62846,3.0041,0.20896,-0.25362,-0.052877,-0.81404,-0.056844,-0.52787,-0.031212,4.86,9.38,-0.008616,-0.66441,0.69276,0.49096,-0.22055,-0.78293,-0.067019,-1.7986,9.6128,0.40075,-0.61171,-0.46727,0.39986,-0.11735,-0.84728,0.92669,8.4988,-1.3072,0.020605,0.18381,-0.49502,-0.63385,-0.72761,-0.043767,1.2431,-7.7549,-3.8253,-0.21153,-0.20358,0.49517,-0.67342,0.6312,0.29601
9.4087,0.35201,-0.32101,0.19709,0.022325,-0.27497,-0.82603,-0.064464,-0.50796,-0.21557,4.0824,9.2587,-0.17863,-0.60635,0.64631,0.46206,-0.22683,-0.79657,-0.24784,-1.5259,9.6494,0.22304,-0.55344,-0.5504,0.37928,-0.11882,-0.85634,1.5542,8.6126,-1.0096,-0.004927,0.12537,-0.64012,-0.61702,-0.74051,-0.046607,1.3037,-7.5922,-3.4205,-0.37574,-0.18731,0.62228,-0.65694,0.64344,0.30672
