6.9817,0.75993,2.2641,-0.41172,0.46528,0.27273,-0.80164,-0.26045,-0.68956,-0.44605,7.989,3.8525,-0.54168,-0.54058,0.55625,0.35404,-0.93063,-0.65234,1.5908,-8.2254,3.5265,0.3417,0.25591,-0.4532,0.29193,0.88818,-1.189,-10.345,-2.2199,-1.3182,-1.7441,0.31876,2.7807,0.29112,-0.72592,0.13138,-9.2337,-2.4743,-1.5023,-0.72521,0.19081,1.992,0.44001,0.61361,0.11185
6.1081,0.48487,2.4049,-0.39715,0.25182,0.21521,-0.79518,-0.22773,-0.70268,-0.07097,7.4294,4.241,-0.50019,-0.1894,0.19855,0.33139,-0.9164,-0.68438,0.83458,-7.7653,3.6146,0.29612,0.72385,-0.18751,0.29632,0.87847,-1.1795,-10.738,-2.2798,0.099459,-1.3144,0.075705,3.0976,0.16501,-0.79275,0.11176,-8.1245,-2.467,-0.81124,-0.40863,0.20019,1.5331,0.50041,0.57442,0.10241
6.106,0.57698,3.4649,-0.41294,0.18385,0.19547,-0.79172,-0.20348,-0.71209,0.12688,7.3278,4.6914,-0.21953,0.12206,-0.11596,0.33152,-0.90614,-0.69444,0.61055,-8.1757,4.2663,0.3802,1.0635,0.11522,0.32902,0.87322,-1.1654,-8.4989,-1.9183,0.054013,-1.3512,-0.14816,2.8817,0.049758,-0.83569,0.078924,-9.5801,-0.17911,0.5299,-0.064143,0.10612,1.6317,0.54486,0.54049,0.099187
6.6464,1.557,3.6918,-0.16031,-0.40482,0.12184,-0.79252,-0.19941,-0.70934,0.044866,7.6096,4.5707,-0.34254,0.38334,-0.37407,0.3484,-0.89654,-0.69044,0.56539,-7.7348,4.8716,0.47985,1.2256,0.44599,0.3759,0.86239,-1.1524,-7.2733,-2.4273,-0.8061,-0.98572,0.11103,2.4686,-0.046351,-0.86131,0.03914,-9.9266,-0.4104,-1.2246,-0.16997,0.007447,1.7237,0.58611,0.50315,0.094878
7.9119,1.4269,4.0512,-0.23995,-0.70272,0.16328,-0.81698,-0.18142,-0.68657,-1.0114,7.507,4.7679,-0.52351,0.60851,-0.59032,0.37682,-0.8742,-0.69396,-0.00256,-7.9493,5.5415,0.62717,1.1636,0.73641,0.43661,0.84246,-1.1347,-6.8061,-2.678,0.40395,-0.4616,0.10285,1.9797,-0.12644,-0.86897,0.013324,-10.257,-0.84955,-1.2314,-0.23584,0.23282,1.8404,0.62767,0.45626,0.096532
8.3592,1.3206,3.8002,-0.1363,0.068813,0.13004,-0.82314,-0.16895,-0.67658,-1.5799,7.1326,4.9717,-0.30433,0.91439,-0.62531,0.41536,-0.85386,-0.68844,-1.1809,-7.403,6.0912,0.60029,0.88692,1.0049,0.49593,0.81303,-1.1199,-5.8445,-0.18339,1.9811,-0.017991,0.076048,1.3916,-0.18428,-0.8647,-0.005504,-9.9284,-5.8628,-1.3962,-0.12122,-0.039852,1.7226,0.66579,0.40386,0.097129
9.3031,1.1397,4.5374,-0.31945,-0.3332,0.10246,-0.83728,-0.1523,-0.67069,-2.2548,8.2055,5.2325,-0.00965,1.1431,-0.58647,0.45825,-0.84226,-0.66642,-2.1155,-6.9723,6.8225,0.58464,0.44758,1.1733,0.55525,0.77398,-1.1151,-6.4055,4.4386,-0.90117,-0.005738,0.52123,0.68517,-0.22593,-0.85016,-0.01905,-11.006,-4.5385,-2.7032,-0.54116,0.23357,0.95075,0.68672,0.36212,0.096853
11.695,1.2158,4.7947,-0.22338,-0.59034,0.18329,-0.85625,-0.13927,-0.65276,-2.8929,9.1718,5.4687,-0.20455,1.1098,-0.26579,0.49611,-0.83335,-0.64189,-2.2531,-7.7926,6.9398,0.22059,0.003102,1.1259,0.59353,0.74126,-1.1206,-6.9101,0.72634,-1.3874,0.57922,0.19961,-0.35725,-0.23057,-0.85124,-0.029406,-12.667,-0.31891,-0.22482,-1.1386,-0.11882,1.0789,0.70132,0.32957,0.11249
13.662,1.2144,4.8992,-0.29116,0.044264,0.24633,-0.86493,-0.1244,-0.64972,-3.4165,8.8036,5.8964,-0.29691,0.75645,0.16955,0.51425,-0.82697,-0.62464,-2.5305,-7.956,6.804,-0.02421,-0.37118,0.83158,0.61179,0.71894,-1.1334,-6.4197,4.4357,-3.8424,-0.15008,-0.15762,-1.2045,-0.19883,-0.86372,-0.036871,-11.295,-3.4982,-0.74806,-1.1352,-0.48149,0.62465,0.71555,0.30165,0.11858
13.661,0.10892,3.4595,-0.16396,0.69364,0.10316,-0.85737,-0.11366,-0.66799,-3.4962,8.6036,6.6338,0.067319,0.49327,0.4639,0.51216,-0.82783,-0.61305,-2.934,-8.6709,7.1673,-0.33644,-0.67246,0.42945,0.60988,0.7109,-1.1514,-18.681,6.4121,5.1297,-1.9672,0.13296,-0.83604,-0.15968,-0.86417,-0.12009,-12.808,-4.0907,-0.16267,-1.2154,-0.61318,-0.30061,0.71889,0.29544,0.11801
12.092,-1.0761,2.8281,-0.12696,0.64155,-0.1175,-0.83989,-0.11433,-0.69826,-3.5875,9.3131,6.3181,0.21719,0.12163,0.82711,0.4942,-0.84466,-0.60008,-2.5197,-8.5241,6.7163,-0.701,-0.97606,-0.2833,0.5778,0.72472,-1.1706,-6.5984,-9.7016,3.3868,-0.56675,0.53322,-1.1246,-0.13012,-0.85882,-0.1645,-10.311,-5.2435,-2.8054,-0.63311,-0.67158,-1.2668,0.70676,0.32115,0.11348
10.314,-2.2601,2.3444,-0.048011,0.55224,-0.000511,-0.8231,-0.11996,-0.72182,-2.0339,7.6168,5.6297,0.30894,-0.077386,1.0814,0.45797,-0.86446,-0.59639,-1.4959,-8.309,5.8625,-0.71751,-1.1453,-0.58362,0.51798,0.75564,-1.1904,-13.603,-3.8555,-2.4322,1.6582,-0.091829,-1.9394,-0.057734,-0.85754,-0.1086,-11.887,-1.2671,2.8785,-0.96003,-0.5183,-1.7356,0.67947,0.37218,0.11667
8.1303,-2.309,2.2976,0.074405,0.85382,0.14041,-0.79956,-0.11961,-0.74877,-1.5417,7.9313,5.2623,-0.1587,-0.2943,1.0451,0.42053,-0.88418,-0.59601,-1.3884,-8.1748,5.2359,-0.57059,-1.0489,-0.52844,0.4612,0.77672,-1.2074,-11.248,3.0515,-1.9873,0.75913,0.32212,-1.7764,0.020151,-0.83967,-0.049098,-13.514,4.0859,-0.541,-0.60807,0.11123,-1.8105,0.64571,0.41992,0.1335
7.6965,-0.84739,2.6172,0.30424,-0.16459,0.24909,-0.78782,-0.12211,-0.76156,-1.3108,7.9591,5.5166,-0.3957,-0.4652,0.86923,0.38742,-0.89053,-0.60902,0.026141,-8.462,4.3944,-0.37832,-0.84207,-0.5963,0.40985,0.78977,-1.2192,-10.382,3.6504,-0.90519,0.20182,0.30502,-1.517,0.078045,-0.81462,-0.021365,-13.218,1.2717,0.65164,0.11293,0.41108,-2.0843,0.60438,0.46948,0.15715
8.3254,-0.082788,2.8209,0.23584,-0.89713,0.1045,-0.80979,-0.12568,-0.73533,-1.4489,7.1134,5.9105,-0.45322,-0.50419,0.66397,0.35247,-0.88666,-0.63518,0.95391,-9.362,4.0794,-0.26827,-0.39669,-0.6304,0.36957,0.80635,-1.2237,-9.6889,-0.71648,-1.5317,0.05189,0.23958,-1.5979,0.14266,-0.77738,-0.005441,-11.75,1.2647,0.69137,0.64453,0.32898,-2.2315,0.55048,0.51929,0.16713
8.3229,-0.65307,2.7874,0.20241,-0.1576,-0.11762,-0.82446,-0.13233,-0.71763,-0.53975,7.1489,5.5857,-0.070839,-0.32641,0.40227,0.32885,-0.8872,-0.64946,0.61894,-8.7681,4.2156,0.10176,-0.13421,-0.55882,0.33849,0.80802,-1.2206,-9.7862,0.92391,-1.1453,0.26028,0.23048,-1.8049,0.21638,-0.73419,0.011413,-10.763,0.16428,0.040216,1.2017,0.51163,-2.3298,0.49133,0.56662,0.1699
7.0105,-0.73946,2.941,-0.066182,0.36244,-0.22979,-0.82075,-0.13687,-0.71826,-0.18964,7.0213,4.9019,0.038447,-0.070775,0.11821,0.31653,-0.88722,-0.66105,0.12178,-7.728,5.0212,0.29863,0.031111,-0.31898,0.32193,0.80007,-1.217,-8.5131,1.7387,-1.0906,0.37461,0.228,-1.7589,0.3024,-0.67861,0.02595,-10.209,0.42395,-0.19623,1.351,0.23295,-2.7447,0.41518,0.61543,0.16357
5.7543,-1.3246,3.5842,-0.095571,0.26174,-0.25687,-0.80753,-0.14339,-0.7311,0.12277,7.0803,4.7194,0.052782,0.22839,-0.24483,0.32163,-0.88779,-0.65817,0.11694,-6.5194,5.3669,0.15794,0.089933,0.031712,0.31887,0.78929,-1.2152,-10.004,1.5341,-0.20505,0.25305,0.20604,-1.7405,0.36674,-0.62883,0.040012,-9.1892,0.74603,0.32984,1.5998,0.2853,-2.3167,0.34427,0.6558,0.14272
5.9399,-1.43,3.6446,0.23662,-0.5634,-0.1197,-0.80917,-0.14942,-0.72696,0.029413,7.4046,4.8564,0.13821,0.4921,-0.59266,0.34274,-0.88982,-0.64514,-0.084222,-7.0449,5.1725,0.033224,0.19252,0.44677,0.32968,0.78705,-1.213,-10.055,-1.8536,-0.74257,0.40956,0.13182,-1.7823,0.41674,-0.582,0.059653,-7.1982,0.39659,-0.66835,1.1903,0.65894,-2.088,0.28165,0.69118,0.12103
7.3045,-1.1749,3.8058,0.40597,-0.99653,-0.002542,-0.8373,-0.15544,-0.69371,-0.64904,7.5182,5.436,0.13459,0.60829,-0.81973,0.37416,-0.88304,-0.6295,0.18566,-8.0684,5.0917,0.17113,0.27822,0.76503,0.35875,0.7816,-1.2186,-10.25,-1.8083,-1.0016,-0.006851,-0.075494,-2.1085,0.47574,-0.51846,0.068362,-6.1486,0.6286,-0.059852,0.62806,0.45747,-1.7411,0.22218,0.71227,0.11456
8.5464,-0.89039,2.3995,0.45117,-0.70247,-0.038338,-0.86573,-0.16261,-0.65605,-1.7674,7.2686,5.9286,0.08798,0.59457,-0.93879,0.41283,-0.87194,-0.61368,-0.40535,-8.6455,4.9901,0.3776,0.36671,0.87475,0.3986,0.76269,-1.2253,-11.072,4.3797,-0.2146,-0.26997,0.033896,-1.6943,0.52528,-0.45641,0.065842,-6.9894,-0.84915,0.69886,0.17355,0.7726,-1.2436,0.17319,0.72701,0.1172
10.138,-0.88602,3.68,0.26903,-0.56253,-0.11557,-0.88863,-0.16682,-0.62462,-2.6693,7.8598,6.0182,0.21239,0.36447,-1.1403,0.45697,-0.85719,-0.59684,-1.1709,-8.6304,5.4574,0.32761,0.46157,0.61147,0.44514,0.74183,-1.2316,-12.099,6.5364,-0.43265,0.38896,0.22855,-0.97156,0.56253,-0.40539,0.069667,-6.5784,-5.5849,0.10289,-0.27689,0.90437,-0.58586,0.14294,0.72896,0.12881
12.708,-0.95189,3.8781,-0.016846,-0.69066,-0.39057,-0.90348,-0.17435,-0.59794,-3.0848,8.2384,6.4426,0.030159,-0.034775,-1.1276,0.49329,-0.84067,-0.58982,-1.1327,-9.7726,5.8788,0.39581,0.4458,0.090337,0.47224,0.72628,-1.2288,-12.237,1.7337,0.15499,0.93374,0.10808,-1.088,0.58468,-0.37054,0.082709,-9.3373,-6.4947,-0.91729,0.12013,1.2333,-0.56438,0.118,0.73405,0.14526
15,-0.21372,3.6466,0.075363,-0.24326,-0.72226,-0.90673,-0.19606,-0.57687,-3.9932,8.0354,6.8323,0.04004,-0.50692,-0.91607,0.51601,-0.8258,-0.59676,-1.4192,-9.082,6.0825,0.45069,0.31564,-0.56609,0.4775,0.71321,-1.222,-13.699,4.3221,0.31787,1.1311,-0.12358,-0.73255,0.60523,-0.34197,0.097642,-7.7297,-0.56471,1.5238,0.84855,-1.3796,0.52977,0.10726,0.74404,0.13699
13.726,0.72736,2.4344,0.16167,0.68793,-0.70898,-0.89091,-0.22691,-0.58421,-3.979,8.5433,7.068,0.47463,-0.90405,-0.58734,0.52509,-0.8221,-0.61062,-1.2529,-8.3947,6.8114,0.16557,0.20688,-1.0143,0.46202,0.71292,-1.2117,-14.194,7.5975,0.29686,1.0088,-0.23152,0.51331,0.60772,-0.34429,0.10765,-14.758,-6.3665,1.7106,1.044,0.3173,1.3888,0.14578,0.74355,0.11616
12.106,1.0788,1.1486,0.021932,0.84289,-0.38721,-0.86408,-0.24937,-0.61034,-3.9232,8.6969,6.408,0.46728,-1.3379,0.11466,0.51287,-0.82796,-0.63119,-1.3557,-8.0612,6.6378,-0.21343,-0.013343,-1.3897,0.4289,0.73113,-1.1988,-11.483,6.4713,-2.2358,-0.082731,-0.4298,1.6859,0.58854,-0.39369,0.10167,-9.1856,3.3261,-0.51475,0.4925,0.25317,1.2294,0.1864,0.73413,0.090036
10.262,1.7036,0.51198,0.027948,0.97318,-0.10341,-0.83653,-0.26192,-0.63504,-2.3546,7.8544,5.1452,0.51889,-1.5119,0.57582,0.47447,-0.84498,-0.66223,-0.30311,-7.5767,5.7603,-0.27168,-0.24507,-1.5276,0.37513,0.76101,-1.1861,-11.294,-2.4826,1.454,1.0935,-0.68768,1.431,0.5613,-0.45994,0.086252,-13.754,4.5174,-1.8586,-0.84734,0.12088,2.0388,0.2475,0.7103,0.082167
7.8941,2.4024,0.96114,0.19768,1.461,-0.029773,-0.80058,-0.26956,-0.67244,-0.86349,7.6971,4.5509,0.29946,-1.3515,0.5378,0.4303,-0.8628,-0.68512,0.86292,-8.3256,5.7617,0.42593,-0.4129,-1.2973,0.31978,0.76909,-1.1896,-14.643,-4.5242,-1.3345,0.45787,0.31762,2.1558,0.51213,-0.53187,0.10104,-10.401,-2.0239,-0.58705,-0.58974,0.035204,1.926,0.31726,0.68105,0.080189
7.1357,1.8109,2.1975,-0.72575,0.30417,-0.23676,-0.76757,-0.26356,-0.70697,-0.30953,8.5527,4.1062,-0.097468,-0.97044,0.37257,0.39727,-0.87079,-0.70407,2.6929,-8.2518,5.5241,1.0956,-0.45857,-0.89865,0.27061,0.73835,-1.206,-13.279,0.74261,-0.5551,0.14133,0.25066,2.2826,0.4557,-0.59741,0.11456,-10.32,-2.7179,-0.88636,-0.48714,0.14237,1.8451,0.37382,0.65624,0.074822
7.4284,1.1969,3.2552,-0.16945,-1.0035,-0.15827,-0.78261,-0.25537,-0.68819,-0.20259,8.1211,3.614,-0.082961,-0.5013,0.35178,0.37173,-0.86833,-0.71968,1.7186,-7.0377,5.5028,1.0598,-0.34712,-0.56831,0.22742,0.68626,-1.2187,-11.859,-1.9026,0.30158,-1.0683,0.39062,2.3429,0.37537,-0.66656,0.11033,-9.8666,0.20575,-2.3424,-0.75091,0.23043,1.9075,0.43417,0.62492,0.07521
7.2668,1.1872,2.284,-0.49519,0.15191,-0.10356,-0.79115,-0.24878,-0.68026,-0.66753,7.9447,3.5131,0.31433,0.061738,0.1291,0.36047,-0.87565,-0.71562,0.92653,-5.616,5.6372,0.76123,0.024671,-0.28183,0.20304,0.64529,-1.2228,-9.794,-3.1573,-0.79593,-1.3117,0.29671,2.6057,0.28603,-0.72822,0.0859,-7.8947,-3.7668,-1.0947,-0.76262,0.19579,1.8234,0.49075,0.58789,0.084253
6.1407,1.1509,2.5289,-0.81033,0.27608,0.058624,-0.78235,-0.2249,-0.69228,-0.46561,7.8555,4.3888,0.1583,0.52378,-0.0983,0.36752,-0.87835,-0.70102,0.86273,-5.4509,5.8192,0.20324,0.55325,-0.13126,0.20357,0.6114,-1.2276,-9.1987,-2.3932,-0.012046,-1.0378,0.10968,2.8922,0.17502,-0.77874,0.067067,-9.2826,-0.95409,-0.4084,-0.021706,0.3087,1.4954,0.53751,0.55074,0.079589
5.7191,1.1915,4.3464,-0.57905,0.15208,-0.009788,-0.77352,-0.20052,-0.70872,-0.67216,7.3649,5.0512,-0.064662,0.72584,-0.34623,0.38617,-0.87692,-0.68716,1.2343,-6.0937,5.7822,-0.23192,1.0608,0.084827,0.23785,0.62213,-1.2121,-8.2282,-2.2399,0.11232,-0.68614,0.061048,2.5725,0.07945,-0.80938,0.045525,-9.445,0.55615,-0.57142,0.3409,0.18987,1.7524,0.58223,0.51176,0.072005
7.0339,1.7156,4.0315,-0.21553,-0.966,0.071342,-0.78636,-0.18961,-0.69617,-1.6749,7.303,5.8224,-0.24907,0.67383,-0.61902,0.41258,-0.87233,-0.67345,0.81182,-5.8108,6.2355,-0.63423,1.3736,0.35163,0.29419,0.65736,-1.1807,-6.8807,-1.5433,-0.21398,-0.37235,0.27805,2.1788,0.004924,-0.82585,0.018818,-10.522,2.0719,-1.0785,-0.25031,0.31193,1.8528,0.6224,0.46978,0.077203
8.5704,1.6539,3.3862,-0.1075,-0.7863,0.00882,-0.81909,-0.182,-0.65864,-2.2314,7.19,6.1442,-0.22109,0.48904,-0.90666,0.44848,-0.85579,-0.66697,-0.43857,-6.2928,7.6356,-0.80992,1.2554,0.64309,0.36223,0.70074,-1.1398,-6.1257,-1.0807,1.0911,-0.4607,0.40249,1.5665,-0.052666,-0.83174,-0.001014,-10.137,-0.66254,-1.4679,-0.49501,0.12187,1.8973,0.6626,0.41319,0.083985
9.8092,1.8601,3.0686,-0.15074,0.023397,0.061025,-0.83049,-0.17476,-0.64922,-2.4822,7.6264,6.1519,-0.19301,0.29809,-1.1106,0.48973,-0.83568,-0.66663,-2.3826,-7.1254,8.8333,-0.60433,0.60394,0.7906,0.42018,0.7317,-1.1141,-6.1022,3.5341,2.272,-0.33865,0.51121,0.91711,-0.094288,-0.8304,-0.028962,-11.513,-4.2134,-0.99273,-0.42165,0.023216,1.5101,0.69334,0.36068,0.089866
11.122,2.4613,3.8733,-0.24277,-0.12715,-0.030373,-0.8395,-0.17052,-0.64023,-3.3477,8.0199,6.022,-0.19471,0.20345,-1.001,0.53367,-0.80236,-0.67417,-0.4612,-7.142,7.3493,-0.76486,0.00704,0.71381,0.46699,0.75241,-1.1097,-7.2406,5.1669,-1.9091,0.98333,0.76847,0.52385,-0.11768,-0.82494,-0.030584,-11.392,-7.2278,-2.1343,-0.56713,0.12736,1.1042,0.71432,0.31265,0.094567
12.415,2.0328,4.6712,-0.42712,-0.6983,0.026704,-0.8577,-0.16045,-0.62305,-3.3207,9.0165,5.4945,-0.18549,0.11343,-0.49899,0.56279,-0.78295,-0.67956,0.30522,-10.001,5.9682,-0.83135,-0.36584,0.67231,0.49016,0.78441,-1.1097,-7.6471,3.2124,-1.1949,1.4383,-0.24298,-0.40209,-0.11468,-0.83011,-0.002344,-12.561,-3.7764,-0.67309,-1.2673,-0.10941,0.72844,0.72531,0.28282,0.10637
14.134,1.3685,4.3218,-0.47035,0.028833,0.20605,-0.86264,-0.14349,-0.62243,-3.2584,8.7977,5.6276,0.177,0.045449,0.17255,0.56759,-0.78259,-0.67722,-0.24781,-9.5739,5.0135,0.19304,-0.63769,0.64634,0.48566,0.77646,-1.1266,-13.469,14.516,3.5525,-1.5414,-0.63588,-0.89468,-0.082071,-0.84239,-0.015361,-12.975,-5.6616,0.68188,-1.2687,-0.41309,0.072752,0.73204,0.26706,0.11462
13.03,0.35364,2.8072,-0.34179,0.71877,0.24316,-0.85316,-0.13027,-0.64721,-3.8524,8.2508,5.4343,0.40396,-0.030925,0.7872,0.55463,-0.8,-0.66553,-0.85262,-8.1563,5.5665,0.16347,-0.51248,0.075978,0.47699,0.75443,-1.1439,-9.1398,-5.1077,-0.030418,-2.2502,-0.032093,-1.1119,-0.051564,-0.84257,-0.092481,-12.93,-6.0522,1.2493,-0.85958,-0.82853,-0.99199,0.72581,0.28408,0.11345
10.873,-1.0168,1.5509,-0.29596,1.0851,0.18114,-0.8291,-0.11959,-0.68896,-2.9319,8.1923,5.4615,0.24386,-0.11696,1.1101,0.52317,-0.82879,-0.65439,-1.393,-8.5473,5.7656,-0.33489,-0.56162,-0.40181,0.45221,0.76294,-1.1508,-10.051,-5.8179,-1.4434,0.8056,0.34967,-1.5204,-0.002911,-0.83692,-0.11103,-10.19,-1.5471,-0.50003,-0.92758,-1.0363,-1.512,0.70994,0.3231,0.10133
8.3816,-1.3832,1.843,-0.15737,0.93547,0.23189,-0.80512,-0.10707,-0.72228,-1.668,7.1665,5.0004,0.42663,-0.20302,1.062,0.47949,-0.85945,-0.64895,-0.47282,-7.9761,5.5789,-0.1283,-0.72112,-0.50403,0.41325,0.76687,-1.1641,-11.157,-0.7224,-3.3093,1.6535,0.30647,-2.2097,0.086606,-0.82447,-0.043179,-12.828,2.6304,-1.7734,-0.11684,0.094059,-2.3412,0.67079,0.39059,0.102
7.2958,-0.62062,2.2874,0.36656,-0.080011,0.18127,-0.7895,-0.10702,-0.73989,-0.9749,7.8406,4.9494,0.017392,-0.34024,0.84785,0.44245,-0.88053,-0.64605,0.21477,-8.2687,5.6433,0.025258,-0.66012,-0.47,0.37527,0.76714,-1.1782,-11.37,6.6483,-1.4085,0.084815,0.36007,-1.8037,0.1667,-0.79824,-0.003753,-14.829,1.8547,-1.5777,-0.002988,0.20541,-2.0703,0.6294,0.44501,0.12017
8.7444,0.24015,2.7367,0.51834,-0.91716,0.086781,-0.79944,-0.11452,-0.72616,-1.3244,8.3892,4.8404,-0.43837,-0.44563,0.65721,0.4102,-0.88433,-0.65724,0.77108,-8.4575,5.1611,0.13633,-0.54441,-0.49245,0.34071,0.76713,-1.1893,-9.5385,-0.6954,-1.0486,-0.23607,-0.059252,-1.3882,0.21998,-0.76828,0.00984,-12.561,0.34435,0.077568,0.89468,0.15454,-2.4075,0.58204,0.49465,0.12603
8.9244,0.29192,2.3952,0.49291,-0.36186,-0.098036,-0.81585,-0.13109,-0.7039,-1.4379,7.3935,5.1584,-0.32152,-0.32437,0.51092,0.3799,-0.88063,-0.67665,0.74532,-7.7804,5.4081,0.42623,-0.43028,-0.46357,0.30709,0.75076,-1.1992,-10.257,-1.5849,-0.62689,0.82011,0.089229,-1.6607,0.28349,-0.73127,0.032346,-12.184,1.2821,0.56455,1.664,0.37248,-2.6641,0.51871,0.54593,0.11901
7.9688,-0.004708,2.5352,0.086174,0.26171,-0.18527,-0.81347,-0.1446,-0.70224,-1.227,7.567,5.3865,0.00923,0.089504,0.28638,0.36383,-0.8825,-0.6788,1.1989,-6.6808,5.6208,0.22352,-0.26334,-0.26628,0.28106,0.73332,-1.2086,-8.8548,2.2527,-2.3885,0.70341,0.19602,-1.744,0.35094,-0.68287,0.068401,-11.479,1.9597,0.2496,1.5458,0.036099,-3.0011,0.44616,0.59094,0.10367
6.3276,-0.24428,2.7525,0.035335,0.45066,-0.12977,-0.81618,-0.15379,-0.69571,-0.85284,7.6477,4.7354,0.1199,0.34017,0.039668,0.36272,-0.88305,-0.67781,1.3251,-6.3851,5.5589,-0.081107,0.006958,-0.054934,0.26824,0.72634,-1.2131,-9.5825,1.0845,0.104,0.15479,0.091546,-1.7273,0.41715,-0.62441,0.074206,-9.4423,1.6959,0.32812,1.4835,0.069935,-2.5765,0.36637,0.6247,0.084491
6.057,-0.51054,3.1889,0.25253,-0.20367,-0.014501,-0.81173,-0.15675,-0.69766,-0.45202,7.7378,4.6508,0.10229,0.55629,-0.32531,0.3794,-0.88453,-0.66725,1.1652,-6.7674,5.2844,-0.32532,0.3814,0.25459,0.28113,0.73805,-1.2022,-10.147,-1.2103,-0.43752,-0.13717,0.22068,-1.6633,0.4727,-0.57623,0.0798,-7.1817,1.6236,-1.2474,1.0343,0.35721,-2.2236,0.30461,0.64971,0.072615
6.9151,-0.16276,3.4215,0.31328,-0.65914,0.056959,-0.81356,-0.16153,-0.69207,-0.74977,7.802,4.9118,-0.026494,0.70563,-0.63648,0.40729,-0.8844,-0.65104,0.90619,-7.5545,4.903,-0.25172,0.73299,0.56084,0.31615,0.7555,-1.1892,-9.6661,-2.0083,-1.0497,0.063485,-0.026503,-1.9829,0.52272,-0.5229,0.095787,-6.2829,1.4691,-0.99362,0.21383,0.23031,-1.7796,0.25111,0.67194,0.077865
7.9878,-0.21614,3.5039,0.31573,-0.51079,0.071938,-0.83335,-0.16495,-0.66749,-1.7811,7.6408,5.1866,-0.21192,0.75809,-0.89541,0.44868,-0.86844,-0.63684,0.33423,-7.962,4.965,0.02164,1.0254,0.86713,0.37512,0.76218,-1.1735,-11.278,1.1445,0.27995,0.2095,-0.022317,-2.05,0.57145,-0.4547,0.10245,-5.6264,-0.38841,-0.44222,-0.46218,0.67007,-1.4822,0.20429,0.68617,0.097527
9.3066,-0.49194,3.1316,0.13466,-0.20198,-0.006141,-0.84447,-0.16438,-0.65051,-2.7982,7.2337,5.1688,0.021788,0.54125,-1.1735,0.49091,-0.84895,-0.62318,-0.24379,-7.9603,5.5625,0.1283,1.2856,0.8632,0.44678,0.75644,-1.1535,-11.174,6.3122,-1.5392,0.69558,-0.12471,-1.4321,0.60852,-0.39321,0.1091,-6.5813,-7.4083,0.33697,-0.37216,1.158,-0.96103,0.16673,0.69466,0.12928
11.717,-0.77577,4.4388,0.10597,-0.59301,-0.18113,-0.87254,-0.17108,-0.61109,-3.6255,7.6094,6.6722,-0.33716,0.16781,-1.2339,0.53777,-0.81868,-0.62298,-1.0173,-8.9967,6.1409,0.15168,1.3342,0.51591,0.52552,0.75473,-1.123,-11.712,3.8379,-0.39192,0.52674,0.1894,-0.98297,0.63079,-0.34656,0.10924,-8.8849,-4.8693,-0.63634,0.054808,0.99514,-0.79943,0.13331,0.69592,0.15893
13.833,-0.62344,4.7095,0.14649,-0.27602,-0.4403,-0.88459,-0.18374,-0.58695,-4.1673,7.6492,6.4892,0.31393,-0.27653,-1.0079,0.56925,-0.79759,-0.62761,-1.5381,-9.5825,6.5686,0.3627,0.89982,-0.070502,0.56677,0.75005,-1.0941,-13.51,2.4694,0.56377,1.0205,-0.062053,-0.93545,0.64873,-0.31231,0.11936,-7.6911,0.1826,1.377,0.66499,-0.75281,0.23226,0.11861,0.70488,0.16119
14.172,0.93499,3.3494,0.25176,0.30839,-0.64785,-0.87025,-0.20334,-0.59416,-3.6298,8.0049,7.0993,0.179,-0.81257,-0.68402,0.58084,-0.79235,-0.63577,-2.1202,-8.7457,7.3081,0.37636,0.38299,-0.6148,0.57024,0.7442,-1.0776,-13.159,6.2333,-0.68619,1.3308,-0.19063,-0.11854,0.65844,-0.29964,0.13773,-12.704,-14.421,1.6788,1.221,0.23208,1.247,0.14205,0.71335,0.14089
12.995,1.8699,1.6305,0.16873,0.79873,-0.49611,-0.84709,-0.2307,-0.61423,-4.3207,7.8221,6.8147,0.60246,-1.0775,-0.17601,0.57781,-0.78762,-0.65734,-2.774,-8.1152,6.918,0.24276,-0.24215,-1.0509,0.54386,0.74436,-1.0712,-13.675,5.6241,1.0372,0.832,-0.39843,1.1215,0.651,-0.32434,0.14069,-9.469,4.5181,-1.3903,1.3409,0.086973,1.2679,0.17094,0.71351,0.10739
11.562,2.5665,0.72889,0.14866,0.87489,-0.32609,-0.81801,-0.25065,-0.64297,-4.1552,8.4873,5.1662,0.74549,-1.3108,0.40585,0.55056,-0.80657,-0.67226,-2.1905,-7.2437,6.743,0.070759,-0.59071,-1.3819,0.49063,0.75303,-1.0778,-10.01,-0.75334,1.6129,0.50738,-0.68325,1.2142,0.6314,-0.37912,0.12912,-11.599,1.8018,0.68042,-0.60613,0.59119,1.6281,0.21237,0.69882,0.089538
9.0467,3.2249,0.46043,-0.40287,0.89131,-0.27426,-0.79378,-0.26718,-0.6675,-2.3825,8.2743,4.5539,0.46549,-1.2031,0.5975,0.5094,-0.83083,-0.69577,-0.094257,-7.3892,6.1856,-0.2132,-0.71728,-1.4419,0.41674,0.77483,-1.0894,-13.655,-4.9928,-1.3217,0.96554,0.10864,1.976,0.59415,-0.44495,0.12988,-11.721,1.7806,-1.6375,-0.8769,0.23753,1.9918,0.29546,0.66599,0.07833
7.5177,2.1199,1.9637,-0.68566,0.27946,-0.32867,-0.76841,-0.26011,-0.6951,-1.6087,8.1723,4.5777,0.34315,-0.85503,0.64583,0.47392,-0.84646,-0.71095,1.0673,-8.1177,5.6731,0.11017,-0.66503,-1.2001,0.35482,0.78645,-1.0985,-13.334,-0.39671,-0.75001,0.73595,0.38877,1.9471,0.54191,-0.51025,0.15569,-10.158,-4.6767,-0.61998,-0.29898,0.47906,1.8885,0.35762,0.64073,0.055811
7.6151,1.0636,2.8603,-0.2758,-0.51276,-0.10946,-0.76462,-0.24642,-0.70122,-0.95974,8.1216,4.0176,0.28136,-0.35341,0.7727,0.44636,-0.8574,-0.71603,1.4717,-7.8688,5.2348,0.54121,-0.51502,-0.91737,0.30852,0.77681,-1.1127,-11.978,-2.0244,0.60695,-0.52535,0.4436,2.1915,0.48418,-0.57573,0.17097,-9.9418,-0.033344,-2.2248,-0.57456,0.077884,1.7767,0.4037,0.61779,0.049683
6.7742,1.1165,2.4439,-0.45146,0.19018,0.11517,-0.76648,-0.23634,-0.70056,-0.74713,8.1734,3.3484,0.22924,0.010326,0.70396,0.42273,-0.87396,-0.70936,1.4735,-6.072,5.2574,0.66442,-0.20933,-0.53401,0.27284,0.74945,-1.1288,-10.291,-2.1036,-0.37943,-1.4833,0.24435,2.5411,0.40669,-0.64715,0.15504,-9.1506,-1.7409,-2.0218,-0.83021,0.38639,1.9338,0.4559,0.59426,0.042709
6.0501,0.96597,2.6314,-0.46853,0.33921,0.27495,-0.75632,-0.21488,-0.71478,-0.85308,8.3217,3.2706,0.13494,0.25457,0.32368,0.41187,-0.8853,-0.69611,1.7403,-5.4935,5.4519,0.25271,0.23679,-0.16869,0.26167,0.73166,-1.1332,-9.4632,-3.0856,0.306,-1.112,0.45147,2.9457,0.30935,-0.71465,0.12987,-8.7044,-4.3242,-0.84099,-0.2726,0.097345,1.7296,0.50981,0.5631,0.04683
5.6036,1.4118,3.198,-0.25412,0.098878,0.23797,-0.76133,-0.1942,-0.71298,-0.77667,7.9645,4.4068,-0.21856,0.30249,-0.085742,0.41378,-0.88573,-0.68963,1.6976,-6.3559,5.8305,0.11499,0.53922,0.21144,0.27582,0.71582,-1.1297,-9.0963,-2.0471,-0.18292,-0.97206,0.2837,2.6606,0.2021,-0.76918,0.10472,-8.8095,-0.41194,-0.13749,0.17745,0.32366,1.5852,0.55739,0.53317,0.036675
6.4844,1.8189,3.3714,-0.068515,-0.67487,0.1614,-0.77273,-0.18406,-0.7009,-1.207,7.1122,5.1683,-0.67399,0.33537,-0.40121,0.42588,-0.86817,-0.69799,1.1692,-6.801,6.307,0.17154,0.70252,0.52252,0.30648,0.71329,-1.1213,-7.398,-1.3485,-0.65223,-0.2583,0.30648,2.4596,0.11205,-0.79855,0.088108,-9.4324,-0.096139,-2.0371,-0.29738,0.26621,1.4768,0.59641,0.4985,0.038287
8.0338,1.8568,3.7565,-0.15219,-0.93696,0.12064,-0.78966,-0.17159,-0.68236,-2.0734,7.0223,5.7288,-0.34032,0.41217,-0.63044,0.44589,-0.85177,-0.70447,0.30957,-6.0015,6.9646,0.053194,0.712,0.70592,0.34773,0.71082,-1.1073,-6.9538,-0.50762,-0.45666,-0.3547,0.32729,2.0567,0.039102,-0.81511,0.076689,-10.568,1.4604,-1.32,-0.67336,0.21146,1.6162,0.62677,0.46152,0.056217
9.3017,1.7746,3.2284,0.082115,-0.48,0.081701,-0.81237,-0.16556,-0.65729,-2.1554,7.7613,5.3258,-0.026756,0.43744,-0.73952,0.47691,-0.83923,-0.70013,-0.64774,-6.403,7.4192,-0.43037,0.59061,0.7993,0.39104,0.71847,-1.0899,-6.8224,0.51623,0.52769,-0.34038,0.52937,1.4698,-0.019154,-0.82263,0.0567,-10.405,0.070402,-1.3658,-0.61269,0.2389,1.6777,0.66243,0.41173,0.070478
9.8815,1.6058,3.5376,-0.17095,-0.30488,0.16366,-0.82597,-0.15575,-0.64154,-2.547,8.5667,5.2445,-0.21248,0.40054,-0.73992,0.50913,-0.82431,-0.69708,-0.90641,-7.4306,7.1202,-0.32736,0.34046,0.93564,0.43177,0.7299,-1.0788,-6.3707,3.9767,0.18039,-0.6443,0.68761,0.78507,-0.056262,-0.82713,0.026635,-11.281,-3.5095,-1.8086,-0.78729,0.023187,1.4005,0.69091,0.36295,0.080422
11.178,2.0069,4.3856,-0.048467,-0.33077,0.26444,-0.84974,-0.1474,-0.61613,-3.021,8.7058,5.5727,-0.31686,0.33329,-0.54385,0.54151,-0.79966,-0.69913,0.028261,-8.0123,6.6433,-0.10724,0.16202,1.0099,0.47317,0.72042,-1.0772,-7.9978,5.7484,-1.8049,-0.61032,0.78136,0.38015,-0.075604,-0.82143,-0.006527,-11.017,-6.4665,-2.4546,-0.60973,0.037914,1.0365,0.71298,0.3231,0.088815
12.458,1.6341,4.2661,-0.13597,-0.14699,0.40956,-0.86125,-0.13153,-0.60598,-3.0117,8.8176,5.5198,-0.3063,0.19732,-0.12494,0.55545,-0.78649,-0.70302,-0.36109,-8.2188,6.4674,0.000493,0.065222,0.98853,0.50714,0.70864,-1.0753,-6.9467,1.2597,0.15677,-0.55325,-0.37296,-0.68586,-0.069578,-0.82479,-0.041218,-12.149,-3.6878,-0.91988,-0.94114,0.025932,0.67498,0.7223,0.2969,0.10181
13.368,1.6488,4.3178,-0.16925,0.34964,0.51691,-0.85618,-0.11459,-0.62305,-3.0731,8.636,5.9512,-0.23582,0.051339,0.38585,0.55156,-0.78594,-0.70052,-2.0136,-8.1529,6.8299,0.057789,-0.11219,0.7343,0.52524,0.69864,-1.0761,-12.894,13.021,3.1155,-1.6577,-0.44261,-1.2299,-0.034557,-0.83293,-0.08755,-12.344,-4.3417,0.48693,-1.331,-0.30484,0.17188,0.72914,0.27919,0.10944
12.263,0.24339,2.271,-0.28512,0.85423,0.30913,-0.84128,-0.096938,-0.65127,-3.7845,7.1678,5.7724,-0.008327,0.010096,0.78357,0.53351,-0.79207,-0.69919,-2.4717,-8.3067,7.1924,0.16119,-0.55507,0.17253,0.52642,0.68486,-1.0879,-9.8251,-4.1032,3.0157,-1.6323,0.21947,-0.90502,-0.011004,-0.82476,-0.15097,-12.921,-5.1125,1.6703,-1.3931,-0.76651,-0.7081,0.7262,0.28813,0.11234
11.306,-0.54908,2.2884,-0.18526,1.0389,0.035666,-0.81525,-0.087877,-0.69132,-2.9205,8.1082,5.799,0.20371,-0.079805,1.0146,0.50424,-0.81263,-0.69418,-2.1913,-7.2455,7.655,-0.052287,-0.9832,-0.26824,0.49628,0.67884,-1.1114,-8.8636,-5.7586,1.6564,1.2131,0.12795,-1.2324,0.021427,-0.82294,-0.14283,-9.4957,-3.376,0.37331,-0.69671,-0.67736,-1.5611,0.7093,0.32311,0.099863
8.8298,-1.2159,1.7206,-0.43828,0.82505,0.12897,-0.79296,-0.080721,-0.72628,-1.5713,7.8735,5.1865,0.32311,-0.19267,1.0132,0.46106,-0.84135,-0.68876,-0.90551,-6.2933,6.6139,-0.22384,-1.2774,-0.31979,0.44333,0.67326,-1.1451,-11.94,-2.8072,-4.073,1.8487,0.008272,-1.9766,0.10232,-0.81564,-0.070556,-10.733,1.6575,-1.9348,-0.90234,-0.060342,-2.1386,0.67741,0.3793,0.10412
7.4472,-1.4096,2.925,0.016676,0.20912,0.15769,-0.77447,-0.071495,-0.75001,-0.95316,7.8452,5.5037,-0.090047,-0.28516,0.8775,0.42347,-0.85571,-0.69004,0.21953,-8.3981,6.027,0.10249,-1.2769,-0.28749,0.38986,0.67056,-1.1792,-11.226,5.2258,-3.6473,0.52146,0.21848,-1.8156,0.17502,-0.79094,-0.018336,-15.87,1.9011,-0.64645,-0.81115,0.26897,-1.9814,0.6348,0.42944,0.13547
8.3404,-0.11962,2.7387,0.43846,-0.46752,0.02632,-0.77701,-0.075538,-0.74767,-1.7364,7.4804,5.2493,-0.25115,-0.24322,0.71525,0.39587,-0.86134,-0.69484,1.5441,-7.5417,5.4258,0.14427,-0.92293,-0.34808,0.34103,0.65948,-1.2086,-9.7942,0.99919,-1.2206,0.087565,0.18866,-1.469,0.22717,-0.76393,0.013416,-12.586,-1.1779,-0.36024,0.7462,-0.025997,-2.2708,0.59603,0.47565,0.14114
8.5057,0.10932,2.5848,0.50645,-0.22818,-0.14605,-0.78417,-0.096351,-0.7348,-1.3691,7.4609,5.2636,-0.10351,-0.13467,0.50838,0.37292,-0.86486,-0.70435,1.4399,-6.6726,5.7905,-0.006713,-0.55124,-0.41633,0.30386,0.65246,-1.2216,-10.242,-0.23534,-0.53802,0.10636,0.25564,-1.6682,0.29088,-0.72535,0.027995,-11.115,0.72784,-0.44229,1.7259,0.36869,-2.6738,0.53818,0.52458,0.1258
7.6709,-0.11962,2.2263,0.11241,0.19781,-0.24885,-0.78299,-0.11107,-0.73573,-0.7468,7.2425,5.2786,0.16217,0.12439,0.34403,0.36147,-0.87177,-0.70122,1.1284,-6.8068,5.6537,-0.37826,-0.18422,-0.2483,0.28137,0.66506,-1.2178,-8.757,1.4656,-0.58506,0.10864,0.23721,-1.8771,0.35745,-0.67839,0.048408,-11.48,1.9029,-0.60217,1.6868,0.16685,-2.902,0.46702,0.57068,0.10431
6.0414,-0.54103,3.4348,-0.21048,0.23607,-0.089972,-0.78362,-0.11347,-0.73265,-0.45218,7.1961,4.8574,0.26572,0.38292,0.093835,0.36183,-0.87505,-0.69516,1.0596,-6.3641,5.4567,-0.52908,0.14008,0.027773,0.27943,0.68029,-1.2062,-8.6982,1.5865,-0.74907,0.11872,0.21962,-1.7687,0.42721,-0.62148,0.050351,-9.7879,1.3634,-0.26129,1.2931,0.075347,-2.6346,0.38988,0.60627,0.087545
6.0687,-1.0453,3.4989,0.074396,-0.27139,0.055769,-0.78521,-0.11049,-0.73233,-0.51506,7.7974,4.8451,0.31851,0.58661,-0.25757,0.37622,-0.88399,-0.67809,0.87456,-6.7626,6.0525,-0.2892,0.32016,0.44165,0.3005,0.70306,-1.1928,-10.387,-0.97235,-0.18001,0.31778,0.19109,-1.8267,0.48244,-0.56673,0.063847,-7.8191,1.1632,-1.1847,0.82194,0.45991,-2.3867,0.32372,0.63115,0.087616
7.1491,-1.0837,3.5367,0.49569,-0.70327,0.13674,-0.79312,-0.11402,-0.72297,-0.95199,8.1615,4.7736,0.095787,0.64084,-0.54891,0.40011,-0.88939,-0.65979,0.86511,-6.7277,5.6459,-0.12302,0.53833,0.80175,0.33484,0.71513,-1.1836,-10.021,-0.89535,-0.3153,0.18015,0.082606,-2.1707,0.53209,-0.51343,0.087749,-6.6498,1.1846,-0.31333,0.29288,0.3326,-2.0105,0.26464,0.65368,0.097674
8.0224,-0.88261,3.3655,0.49657,-0.47458,0.20333,-0.81397,-0.11904,-0.69588,-1.6008,8.1589,5.331,-0.15902,0.51668,-0.81077,0.43387,-0.87987,-0.64862,0.038001,-7.3884,5.4101,-0.20737,0.85555,0.98306,0.39043,0.71938,-1.17,-10.533,3.6301,-1.5984,0.14279,-0.1458,-1.9402,0.5815,-0.44549,0.090929,-6.0754,-0.27504,-0.21792,-0.12298,0.60398,-1.6261,0.21174,0.66939,0.11909
9.6908,-1.0151,3.5191,0.44028,-0.21161,0.094676,-0.8249,-0.1227,-0.68046,-2.4549,7.5371,5.566,-0.14054,0.34582,-1.1144,0.47369,-0.85913,-0.6433,-0.8465,-8.8678,5.5692,-0.2234,1.0412,0.98127,0.45652,0.72832,-1.148,-12.734,5.1389,-0.41388,0.36019,0.19796,-1.1476,0.61324,-0.39623,0.096192,-5.9649,-5.6902,-0.49958,-0.33538,0.88638,-0.92349,0.17212,0.68065,0.14481
12.293,-1.3629,5.6032,0.52704,-0.71407,-0.12887,-0.85472,-0.13789,-0.64159,-2.9899,8.7278,6.025,-0.23643,-0.20449,-1.1858,0.51436,-0.8319,-0.64741,-1.415,-10.207,6.3613,0.33962,0.96821,0.43565,0.52405,0.71517,-1.1225,-11.869,3.0752,0.73862,0.66618,0.2289,-1.0622,0.63276,-0.35217,0.10194,-8.9756,-4.7607,-1.6834,-0.033017,1.1862,-0.64958,0.13952,0.6855,0.1827
14.206,-0.40497,4.9077,0.63937,-0.19275,-0.40071,-0.86543,-0.16484,-0.61528,-3.2638,7.4747,6.4405,-0.3357,-0.58817,-0.78532,0.53382,-0.80289,-0.66909,-2.4716,-8.3502,7.1003,0.44569,0.66521,-0.28301,0.54975,0.70059,-1.1073,-13.651,3.4986,0.019639,1.1105,-0.13946,-0.75491,0.64986,-0.32228,0.11333,-8.6329,1.7882,0.61097,0.63678,-0.97565,0.80825,0.13225,0.69455,0.18204
13.575,1.1151,3.9727,0.37192,0.54594,-0.51375,-0.85011,-0.18982,-0.62442,-4.081,7.4248,7.733,0.26787,-0.82303,-0.42175,0.53436,-0.7945,-0.68624,-2.4678,-7.9382,7.499,-0.12404,0.2614,-0.83203,0.5488,0.71368,-1.091,-14.045,7.0922,-0.68241,1.1258,-0.12634,0.23153,0.65446,-0.3199,0.12628,-16.034,-13.155,2.866,1.0731,0.17742,1.1879,0.15968,0.69953,0.16364
11.227,1.4619,1.6145,0.42588,0.96914,-0.24224,-0.82602,-0.21577,-0.64929,-3.2663,8.1351,6.2636,0.69017,-0.98003,0.12366,0.51977,-0.80578,-0.69878,-1.6477,-8.4562,7.007,-0.33834,-0.21878,-1.2067,0.51934,0.73931,-1.0831,-12.359,6.2566,-0.12245,0.066726,-0.30998,1.3365,0.63898,-0.3607,0.12721,-9.222,4.4724,-1.4685,0.97816,0.25166,1.3711,0.19802,0.69485,0.12869
10.809,2.7044,1.112,0.50316,0.52455,-0.18736,-0.80242,-0.23541,-0.66833,-2.3632,8.5453,4.6671,0.54634,-1.1715,0.48145,0.48821,-0.82476,-0.70952,-0.81023,-7.665,6.2725,-0.18395,-0.56646,-1.3976,0.46952,0.76554,-1.0844,-11.33,-2.8257,0.95093,1.1029,-0.75557,1.2893,0.61698,-0.42016,0.11203,-12.698,3.3488,-0.19305,-0.9029,0.16866,1.8625,0.2508,0.67492,0.11208
8.1962,3.1126,0.61739,0.080116,0.48026,-0.17889,-0.78521,-0.25771,-0.68184,-1.3877,8.3919,4.2933,0.13717,-1.1038,0.55557,0.4406,-0.83973,-0.73292,0.017645,-7.2878,6.1953,-0.075713,-0.69956,-1.152,0.39839,0.78297,-1.0961,-14.466,-4.0594,-1.1289,0.74252,0.27847,2.1768,0.56569,-0.49664,0.12022,-10.946,-0.70505,-1.0484,-0.68775,0.18808,2.0053,0.33226,0.64571,0.086306
7.5143,1.7027,2.5727,-1.1549,-0.1454,-0.17426,-0.77221,-0.2481,-0.69828,-0.73578,8.088,4.9326,-0.10308,-0.73296,0.57917,0.40102,-0.84515,-0.75267,1.1226,-7.7003,5.6765,0.23531,-0.72424,-0.78753,0.34398,0.78193,-1.1112,-13.086,0.56665,-1.3388,0.36433,0.35401,2.1059,0.50742,-0.56436,0.14146,-10.172,-3.7272,-0.83429,-0.64351,0.18217,1.8059,0.38902,0.62363,0.066184
7.8415,1.162,1.8853,-0.37854,-0.52059,0.008968,-0.78119,-0.23361,-0.69083,-0.95064,7.5195,4.6711,0.22655,-0.13442,0.66222,0.37789,-0.85072,-0.75397,1.4031,-7.706,5.3972,0.42472,-0.52936,-0.55632,0.30467,0.77062,-1.1267,-11.844,-2.0298,0.24952,-1.2041,0.38552,2.3772,0.43748,-0.6344,0.14032,-9.897,-0.093158,-2.2691,-0.91184,0.12082,1.8348,0.42917,0.60434,0.067943
7.2889,1.1353,2.2614,-0.39136,0.086924,0.12851,-0.78441,-0.2182,-0.69066,-0.69258,7.9955,4.0284,0.41111,0.21707,0.53729,0.36203,-0.86916,-0.73839,1.2354,-6.3837,5.0832,0.3614,-0.10282,-0.29666,0.28092,0.75131,-1.1383,-9.6457,-3.1772,-1.2881,-1.6996,0.2602,2.7033,0.34518,-0.7056,0.10317,-8.6297,-4.0606,-1.5562,-0.71822,0.077704,1.9892,0.48329,0.57747,0.074095
6.4249,1.2679,2.3378,-0.65676,0.28544,0.17099,-0.77938,-0.19718,-0.7008,-0.72064,8.0615,4.4076,0.085874,0.36617,0.16465,0.35855,-0.8827,-0.72352,1.1128,-6.0703,5.2861,0.068857,0.34823,0.004202,0.28343,0.74487,-1.1386,-10.08,-2.5154,-0.33723,-1.0881,0.17356,2.928,0.24457,-0.76279,0.068707,-8.8182,-1.0691,-0.17676,0.21371,0.24214,1.6235,0.53014,0.54852,0.070334
5.9463,1.4604,3.3352,-0.43622,0.15753,0.089771,-0.78132,-0.17111,-0.70883,-0.6104,7.3932,5.217,-0.24378,0.3843,-0.21673,0.36836,-0.87719,-0.71879,1.5282,-6.8084,5.4373,-0.26683,0.68127,0.33662,0.30984,0.74756,-1.1319,-8.4517,-2.3681,0.070456,-0.60523,0.018871,2.6931,0.13534,-0.80531,0.036155,-9.783,-0.070232,-0.42941,0.23561,0.090934,1.8372,0.57837,0.51234,0.060708
6.7647,1.3339,3.6688,-0.30378,-0.88225,0.068068,-0.79616,-0.15792,-0.6937,-1.0499,7.59,5.6234,-0.38236,0.35458,-0.58569,0.38999,-0.86191,-0.72191,1.2297,-7.6572,5.7091,-0.10078,0.90395,0.66034,0.3557,0.7578,-1.1113,-6.6187,-1.7586,-0.47858,-0.19812,0.26195,2.3481,0.045744,-0.8262,0.02397,-10.238,1.6238,-1.4933,-0.31498,0.25913,1.8271,0.62224,0.46962,0.064199
8.0538,1.1762,3.4612,-0.13217,-0.6226,0.04997,-0.81163,-0.15242,-0.67558,-1.6037,7.4749,5.3814,-0.4657,0.40191,-0.83562,0.42149,-0.84192,-0.72886,0.26573,-7.1975,6.5349,0.43135,0.90647,0.92567,0.40622,0.75495,-1.0934,-6.0039,-1.9908,0.029193,-0.09484,0.52348,1.7445,-0.021684,-0.83359,0.017207,-10.024,-0.079391,-1.7632,-0.75768,0.10705,1.8344,0.65689,0.42051,0.073687
9.1875,1.3599,3.4337,-0.073734,-0.29846,0.10349,-0.82599,-0.14573,-0.65904,-2.206,7.543,5.3634,-0.27103,0.50524,-0.90079,0.46186,-0.81828,-0.7298,-0.89587,-6.4886,7.1211,0.38989,0.7506,1.1564,0.46403,0.72717,-1.0835,-5.3239,2.5389,0.66814,-0.34786,0.72728,0.9033,-0.065044,-0.83502,-0.004053,-11.252,-4.1973,-1.6905,-0.5226,0.06338,1.3902,0.68554,0.3707,0.08221
11.148,1.8457,3.9815,-0.11226,-0.43284,0.24835,-0.84088,-0.13614,-0.64494,-2.5298,8.9242,5.5232,-0.21471,0.54056,-0.69197,0.49988,-0.79956,-0.72689,-1.9232,-7.1687,7.3912,0.18775,0.40042,1.2081,0.51274,0.70145,-1.0767,-7.7613,7.6098,-1.9372,-0.51949,0.87367,0.52411,-0.088661,-0.83639,-0.034017,-10.612,-6.7846,-1.7613,-0.54458,-0.006547,1.1372,0.7061,0.33175,0.089883
12.728,1.7963,3.911,-0.26025,-0.18362,0.42233,-0.87007,-0.12129,-0.61832,-2.9809,8.9929,5.3653,-0.28881,0.4888,-0.14396,0.52982,-0.78062,-0.72455,-2.1735,-7.5949,7.4975,0.14554,0.002294,1.1232,0.55294,0.66941,-1.079,-6.6256,2.441,-0.45327,-0.68939,-0.43806,-0.65082,-0.082872,-0.83351,-0.072244,-12.051,-3.0231,-1.0285,-0.93714,0.038908,0.78443,0.72062,0.2987,0.10264
13.269,1.0141,3.8951,-0.40797,0.3593,0.45448,-0.87045,-0.097993,-0.62962,-2.6409,8.8046,5.1866,0.20784,0.54914,0.45251,0.53282,-0.78333,-0.7103,-2.3868,-6.9314,7.7076,-0.17612,-0.32542,0.86341,0.57,0.64906,-1.0905,-15.573,12.389,2.6272,-1.7658,-0.48145,-0.82696,-0.050483,-0.83293,-0.12626,-12.913,-4.4042,-0.090596,-1.1144,-0.40081,0.42602,0.72608,0.27786,0.10885
13.009,0.59155,2.637,-0.39697,0.65362,0.37834,-0.85411,-0.073823,-0.66065,-3.049,8.889,4.803,0.4184,0.63513,1.022,0.51938,-0.81,-0.67807,-2.0461,-7.8037,7.1461,-0.49962,-0.59696,0.28491,0.57183,0.65635,-1.1018,-10.597,-6.73,-0.8532,-1.758,0.70569,-0.88293,-0.028741,-0.82934,-0.19223,-12.661,-6.098,1.1641,-1.1228,-0.80874,-0.67295,0.72831,0.28001,0.10362
11.69,-1.6009,1.4787,-0.32587,0.82064,0.078326,-0.83452,-0.059585,-0.69362,-3.5974,7.7752,6.4738,0.017039,0.54438,1.2576,0.49147,-0.8361,-0.65132,-1.7884,-8.4151,6.2291,-0.84849,-0.85832,-0.31656,0.54926,0.68437,-1.1146,-9.6506,-1.9261,2.6267,0.46878,0.17591,-1.4395,0.016566,-0.82144,-0.20145,-10.309,-4.9508,-1.0715,-0.005157,-0.6356,-1.6769,0.71045,0.32134,0.093627
9.4055,-2.7077,1.2304,-0.29185,0.7723,0.15491,-0.81426,-0.050975,-0.72411,-2.4892,7.3861,6.6976,0.073011,0.099943,1.1509,0.45532,-0.85956,-0.63729,-1.4526,-7.9887,5.8503,-0.72625,-0.92552,-0.52485,0.50801,0.71697,-1.1257,-12.696,-3.6198,-0.53864,1.6504,0.41477,-2.0602,0.082002,-0.81808,-0.14418,-13.093,4.1101,0.52693,-0.96012,-0.40368,-1.8069,0.68019,0.37291,0.092244
7.4999,-1.6593,2.2523,0.33621,0.42684,0.26841,-0.7876,-0.04662,-0.7574,-0.96125,7.2607,5.5301,0.008297,-0.42572,0.99323,0.4095,-0.8837,-0.63417,-0.58983,-8.1317,5.9441,-0.36942,-0.92431,-0.43942,0.45976,0.74045,-1.1435,-10.288,4.6052,-3.2001,1.1153,0.085338,-1.6614,0.1563,-0.797,-0.080829,-13.907,1.7121,-0.47935,-0.34757,0.16812,-1.9742,0.64156,0.42736,0.11038
8.0888,0.002949,2.2303,0.71151,-0.57154,0.25691,-0.79657,-0.055498,-0.74563,-1.3241,7.8076,5.7491,-0.54943,-0.74928,0.70447,0.36809,-0.88752,-0.65613,-0.024373,-7.8003,5.1107,-0.23475,-0.76562,-0.35748,0.41602,0.74847,-1.1593,-10.109,2.1418,-2.1735,0.63298,0.059484,-1.6259,0.21852,-0.76895,-0.036388,-12.681,0.074965,0.37362,0.52068,0.15178,-2.3875,0.59417,0.47802,0.11963
8.3873,0.037925,2.1139,0.66024,-0.13206,0.033335,-0.80045,-0.071508,-0.73608,-1.4217,7.4013,5.5523,-0.63856,-0.60973,0.48179,0.33826,-0.87242,-0.68871,0.087923,-7.9759,5.2206,-0.13575,-0.48151,-0.37444,0.38773,0.75594,-1.1659,-9.923,1.0763,-1.8535,0.5221,0.30244,-1.6888,0.27566,-0.73992,0.007815,-11.316,0.88989,0.48105,1.2356,0.21958,-2.5134,0.5418,0.52077,0.11692
7.6541,-0.32844,2.576,0.17737,0.26562,-0.10772,-0.79425,-0.086771,-0.73801,-0.49333,7.2173,4.9884,-0.36228,-0.19269,0.27556,0.31931,-0.86253,-0.71333,0.58488,-7.9153,5.2418,-0.1183,-0.31368,-0.28384,0.36379,0.76103,-1.1709,-8.9659,1.1153,-1.3091,0.23763,0.25832,-1.7421,0.34333,-0.69574,0.034268,-10.673,0.96642,-0.9048,1.2758,0.075314,-2.8232,0.47771,0.56258,0.10506
6.1422,-1.1947,3.6407,-0.058331,0.53884,-0.16862,-0.78025,-0.090119,-0.75366,0.037909,7.3337,4.477,0.021848,0.23255,0.020444,0.31884,-0.86029,-0.71911,0.73236,-7.2751,5.2842,-0.006299,-0.1061,-0.029714,0.35219,0.76381,-1.1713,-9.0863,1.8074,-0.1344,-0.005193,0.14868,-1.8115,0.40779,-0.6467,0.047556,-10.612,1.4117,-0.16302,1.1436,0.10948,-2.7901,0.40431,0.59734,0.097886
5.5646,-1.7918,4.0577,0.15315,-0.14187,-0.008598,-0.78315,-0.096699,-0.74809,0.3089,7.7936,4.6217,0.068115,0.61187,-0.26057,0.33329,-0.85686,-0.71786,0.50979,-6.803,5.2995,0.054385,0.11963,0.37441,0.35723,0.75779,-1.1712,-9.8523,-0.33251,-0.24499,-0.015796,0.2309,-1.7795,0.46514,-0.58627,0.044753,-8.6036,2.0463,-0.61295,0.68411,0.31525,-2.5208,0.32704,0.62853,0.093023
6.5263,-1.674,4.1553,0.55717,-0.72716,0.12225,-0.80201,-0.10458,-0.72626,-0.042255,7.676,4.8693,-0.054717,0.89059,-0.52757,0.36267,-0.85139,-0.70192,-0.088636,-7.2316,5.0192,0.099708,0.43384,0.75114,0.38915,0.75189,-1.1676,-10.035,-2.6644,-0.53122,0.019101,0.087298,-1.9752,0.51771,-0.52955,0.054219,-7.1596,1.0386,-0.60621,-0.27152,0.36128,-2.1787,0.26274,0.65171,0.11289
7.8126,-0.94157,3.6774,0.69102,-0.68176,0.2236,-0.81671,-0.10948,-0.70656,-1.2027,7.8572,5.5362,-0.1619,0.97886,-0.71399,0.40057,-0.84444,-0.68177,-0.8286,-7.6649,4.9935,0.26319,0.74592,0.93719,0.43184,0.74376,-1.1628,-11.979,0.76872,-0.18388,-0.031312,0.008287,-1.959,0.56702,-0.47254,0.070814,-6.2088,0.34422,0.16994,-0.4983,0.62827,-1.7733,0.2089,0.66721,0.14478
9.5272,-0.92502,3.5408,0.19791,-0.57384,0.23725,-0.83781,-0.11046,-0.67931,-2.4507,7.7338,5.511,-0.10297,0.80241,-0.84103,0.44293,-0.82779,-0.66389,-1.6679,-9.9581,5.2456,0.82983,0.89542,0.89706,0.49246,0.71866,-1.1597,-11.872,4.5199,-0.4334,0.4389,-0.041287,-1.4292,0.60178,-0.41455,0.079837,-5.6174,-4.0115,-0.39207,-0.71468,1.0094,-1.0142,0.16653,0.67278,0.17696
12.448,-0.66321,4.4674,0.35576,-0.83696,-0.000912,-0.85715,-0.11035,-0.65112,-3.576,8.5987,8.1206,-0.71626,0.24452,-0.6789,0.47323,-0.80381,-0.66111,-2.0811,-9.8664,6.6191,1.7038,0.69067,0.40116,0.53711,0.65656,-1.1638,-10.454,5.781,-1.164,0.62703,0.26089,-0.90009,0.62342,-0.37309,0.08959,-6.5372,-5.8937,-3.4904,-0.32385,1.2678,-0.43413,0.13732,0.67652,0.2105
14.447,-0.52111,3.8195,0.024541,-0.11956,-0.53141,-0.88389,-0.1292,-0.61224,-2.3819,5.8641,8.0376,-0.46523,-0.5432,-0.8943,0.49218,-0.76682,-0.68102,-1.398,-6.6425,7.6687,0.86937,0.54505,-0.33531,0.56571,0.59789,-1.164,-14.093,2.468,0.34199,1.1954,0.10973,-0.78775,0.63873,-0.33764,0.099321,-7.4193,1.7968,0.79584,1.0894,-0.33619,0.72404,0.12452,0.68533,0.21716
13.494,0.34127,4.9818,-0.1365,0.46562,-0.77947,-0.86901,-0.15125,-0.6245,-4.4365,5.7764,7.6795,0.52646,-0.75369,-0.72079,0.49946,-0.75069,-0.69962,-1.4738,-7.8853,7.6354,-0.046566,0.16492,-0.94932,0.55927,0.60332,-1.1517,-13.316,6.5743,0.098053,1.7408,0.006153,-0.085255,0.64311,-0.3239,0.1216,-14.813,-21.344,1.8561,2.101,0.26103,1.2454,0.15434,0.70251,0.17576
11.431,0.45975,1.7065,-0.27443,0.6913,-0.76367,-0.84251,-0.17542,-0.64929,-3.3192,8.4372,5.4724,1.2482,-0.85973,-0.3071,0.49815,-0.76895,-0.69585,-1.494,-7.1652,7.0211,-0.21956,-0.27276,-1.2206,0.5279,0.62344,-1.1417,-12.781,5.7654,0.36477,1.1863,-0.35793,1.1932,0.6371,-0.34779,0.13971,-9.8991,6.3077,0.093791,2.1739,0.15078,1.3876,0.17839,0.71408,0.12653
10.663,1.9628,1.606,-0.053111,0.68717,-0.39494,-0.82061,-0.19235,-0.6723,-3.0037,9.0663,5.2245,0.2778,-1.1201,0.081995,0.47685,-0.78998,-0.70456,-2.2172,-6.1859,7.2327,-0.47075,-0.39628,-1.2831,0.48556,0.6542,-1.1319,-9.9183,-0.92031,2.1776,1.4282,-0.73194,1.2951,0.61527,-0.39912,0.13517,-11.849,4.4911,0.99719,-0.62739,0.31849,1.7928,0.22449,0.70231,0.092092
8.3847,2.3523,1.3604,0.010041,0.75655,-0.21939,-0.79484,-0.2015,-0.70009,-1.5329,7.762,6.1632,0.12126,-1.0638,0.21796,0.44784,-0.79639,-0.72812,-0.96096,-6.6817,6.7078,-0.46512,-0.53949,-1.1091,0.4372,0.68916,-1.1316,-13.705,-3.9951,-1.4363,1.0014,0.42033,2.1407,0.57708,-0.46369,0.1537,-10.045,1.2696,-3.0149,-0.87843,0.40264,2.1098,0.29657,0.66673,0.084656
7.2049,1.9463,1.5279,-0.35571,0.043387,-0.23245,-0.77351,-0.21473,-0.72141,-1.5557,6.4213,5.649,0.45313,-0.68798,0.29438,0.42144,-0.8135,-0.73927,0.46818,-7.1834,6.2688,-0.13732,-0.59849,-0.73485,0.38667,0.7263,-1.1344,-13.622,0.40459,-0.74917,0.70127,0.43124,1.9829,0.51402,-0.53825,0.17565,-10.86,-3.5143,-0.99475,-0.80954,0.35184,1.8412,0.36963,0.63651,0.060867
7.4455,0.26159,3.66,-0.22667,-0.71023,0.022747,-0.7845,-0.20027,-0.71162,-1.2246,7.8576,4.9577,0.51288,-0.39655,0.34725,0.40439,-0.83244,-0.73843,1.2162,-6.9045,5.7252,-0.022268,-0.45375,-0.44361,0.35226,0.72744,-1.1449,-11.796,-1.5028,-0.20774,-0.60893,0.47614,2.1592,0.4447,-0.60384,0.18818,-10.303,-0.99372,-2.6668,-1.1644,-0.070463,1.7222,0.42608,0.61001,0.055527
7.5559,0.81468,2.2096,-0.18034,-0.036396,0.1968,-0.79058,-0.19062,-0.70255,-0.67001,8.2751,4.3603,0.33302,-0.17888,0.32158,0.39014,-0.83719,-0.74354,0.92691,-6.9406,5.0589,-0.058874,-0.03952,-0.24946,0.3373,0.71912,-1.1496,-10.43,-1.4805,-0.65298,-1.4917,0.2708,2.477,0.37002,-0.66772,0.18043,-8.8745,-2.0687,-2.6456,-0.81885,0.23195,2.0068,0.47443,0.5833,0.06727
7.0197,0.8785,2.1463,-0.24046,-0.1667,0.35955,-0.79522,-0.17374,-0.69883,-0.099074,8.1806,3.8384,0.1155,0.030899,0.20185,0.38271,-0.84698,-0.73857,0.41257,-6.9189,5.2463,-0.1502,0.35364,-0.006912,0.34374,0.72864,-1.1416,-10.085,-1.7336,-0.77332,-1.4488,0.38527,2.9313,0.27054,-0.73399,0.1467,-8.6428,-3.5566,-0.40461,-0.37905,-0.001958,1.6279,0.52478,0.55199,0.069574
6.748,0.71332,3.2473,-0.41493,-0.09377,0.34261,-0.8027,-0.14758,-0.69797,-0.20817,7.8355,4.4875,-0.2358,0.18093,-0.055932,0.38181,-0.8475,-0.73848,0.69522,-6.9983,5.4084,-0.21119,0.7344,0.32065,0.37161,0.74014,-1.1281,-9.3695,-1.4461,-0.69924,-1.4229,0.22547,2.7432,0.16777,-0.7829,0.10601,-9.0553,0.40322,-0.079685,0.17796,0.17437,1.644,0.56686,0.51988,0.064933
6.7053,1.2833,3.4596,-0.15351,-0.43252,0.204,-0.81606,-0.13195,-0.68747,-0.78255,7.2879,4.9335,-0.44654,0.33878,-0.40031,0.39613,-0.84052,-0.73418,0.66138,-7.2364,5.5685,-0.17127,1.0387,0.60831,0.42132,0.75409,-1.1038,-7.6959,-1.3959,-0.35056,-1.1192,0.37288,2.4804,0.060895,-0.81971,0.049367,-9.789,1.4728,-1.643,-0.37926,0.30188,1.6555,0.61054,0.47929,0.062599
7.5976,1.0081,3.778,-0.089726,-0.76354,0.12535,-0.84036,-0.12037,-0.66183,-1.5108,7.4703,5.3382,-0.57862,0.49656,-0.74348,0.42056,-0.81726,-0.73937,-0.13317,-7.3109,5.949,-0.16999,1.2155,0.78773,0.48308,0.76075,-1.0701,-6.6478,-1.6784,0.030921,-0.64664,0.3979,2.0049,-0.018991,-0.83258,0.01655,-10.762,2.0819,-1.5009,-0.80033,0.16438,1.9202,0.65027,0.43151,0.075245
9.0444,1.0644,3.4685,0.12912,-0.46731,0.11812,-0.85503,-0.11637,-0.64112,-2.3589,7.3818,5.595,-0.59835,0.69388,-0.79043,0.45218,-0.78436,-0.74902,-1.9412,-7.487,6.3011,-0.1073,1.1046,0.95307,0.5444,0.75865,-1.0377,-5.877,-0.015405,1.23,-0.23566,0.52161,1.2279,-0.073919,-0.83441,0.003204,-11.937,-1.8342,-1.5014,-0.74364,-0.035149,1.8199,0.6857,0.3747,0.08687
10.74,1.6447,3.1568,0.060971,-0.37926,0.27924,-0.86911,-0.10994,-0.62443,-2.6395,8.1684,6.3673,-0.35296,0.82295,-0.52848,0.48721,-0.76489,-0.74135,-3.2775,-7.5313,7.6166,0.2846,0.59096,1.1746,0.60066,0.74208,-1.016,-6.2016,7.0402,-0.54729,-0.409,0.83148,0.57843,-0.10465,-0.83781,-0.017594,-11.586,-7.6645,-0.89868,-0.59559,-0.16275,1.3855,0.71069,0.32491,0.088447
