12.835,1.5124,2.1529,0.21187,0.40086,-0.49824,-0.87703,-0.22217,-0.57963,-0.12003,7.5723,7.0937,0.45711,-0.81797,-0.55861,-0.061637,-0.8435,-0.57454,1.431,-7.9161,6.5808,0.054826,-0.34926,-0.87346,0.16835,1.038,-0.99359,-13.721,7.8187,0.92285,1.0065,-0.16896,0.35462,0.66035,-0.30715,0.118,-18.749,-28.211,4.7593,2.2283,1.1402,0.6797,0.18132,0.69108,0.15858
11.78,1.4228,0.74911,0.063897,0.54414,-0.39984,-0.85322,-0.24155,-0.60031,0.65049,8.7163,7.1474,0.15034,-1.0724,-0.11166,-0.078368,-0.85494,-0.57824,2.8353,-7.9654,5.7985,-0.12199,-0.35919,-1.1117,0.11062,1.0392,-1.0058,-12.228,5.3855,1.3456,0.075877,-0.58341,1.3182,0.64323,-0.35478,0.11679,-9.2478,8.0846,-1.4366,1.6046,0.61987,1.4154,0.20703,0.69128,0.11705
12.189,2.533,0.19239,-0.10688,0.5772,-0.22141,-0.83812,-0.25048,-0.61603,0.89448,8.8949,5.8301,0.007016,-1.2059,0.23118,-0.10851,-0.86581,-0.58699,2.843,-6.8462,5.8843,0.1246,-0.26484,-1.0608,0.056868,1.032,-1.0118,-13.021,-3.4768,0.071384,1.0806,-0.56935,1.6439,0.61957,-0.41504,0.10151,-12.492,2.3574,0.12163,-1.4005,0.013169,1.614,0.25609,0.68017,0.099092
8.9825,2.5851,1.0115,-0.66519,0.56215,-0.11751,-0.81898,-0.25215,-0.6436,2.2731,8.0586,4.7848,-0.26143,-1.2937,0.39841,-0.14764,-0.87143,-0.59997,3.7137,-5.8671,5.8218,-0.098193,-0.19015,-0.83183,0.014795,1.0316,-1.011,-14.582,-2.5936,-0.99628,0.79821,0.086046,2.141,0.57532,-0.48439,0.10821,-10.164,-1.6035,-2.4494,-0.072517,0.35851,2.2019,0.31655,0.66314,0.086335
8.2153,1.3444,1.5796,-0.82395,-0.024735,-0.1089,-0.81196,-0.23795,-0.6594,2.5687,7.2346,4.7027,-0.36196,-1.1935,0.52953,-0.1905,-0.86373,-0.61692,3.2263,-6.1085,6.3663,-0.2727,-0.071037,-0.60586,-0.020417,1.0337,-1.0042,-14.322,0.46075,-1.242,0.12341,0.19253,2.2835,0.51043,-0.55802,0.12423,-10.891,-2.4542,-1.7244,-0.72453,0.29471,1.8651,0.37352,0.64268,0.072083
7.4893,0.62445,1.5097,-0.69322,0.075323,-0.045416,-0.80927,-0.21572,-0.66845,2.9217,7.4199,4.9779,-0.36157,-0.79694,0.59576,-0.2311,-0.85351,-0.63028,3.3786,-6.6622,5.987,-0.22543,0.04184,-0.47663,-0.037322,1.0412,-0.99433,-12.498,-3.4303,0.21689,-1.3464,0.13909,2.524,0.42702,-0.63727,0.11311,-10.707,0.62688,-2.9754,-1.1341,0.052961,1.9493,0.42952,0.61687,0.074337
6.584,0.33915,2.4261,-0.88232,0.39367,0.072374,-0.79823,-0.18313,-0.69121,2.7381,6.8377,4.5609,-0.25344,-0.3935,0.46263,-0.26523,-0.84324,-0.64406,3.6803,-6.1578,5.5452,-0.13205,0.21188,-0.26142,-0.046398,1.0409,-0.99429,-9.2141,-4.8907,-0.74339,-1.2713,0.20983,3.0358,0.31506,-0.72023,0.088691,-8.1385,-4.7234,-1.6018,-0.23306,0.0807,2.1291,0.50076,0.57392,0.085543
5.5241,-0.04486,2.3932,-0.7538,0.41481,0.13527,-0.78646,-0.15632,-0.71041,3.4565,6.2102,4.441,-0.20312,-0.027645,0.14853,-0.27877,-0.83453,-0.65252,3.5002,-6.3026,5.5841,-0.079615,0.48039,0.11271,-0.03401,1.0449,-0.9886,-8.9938,-2.7671,-0.83881,-0.48516,0.10661,2.9897,0.20277,-0.77262,0.070953,-8.6233,-0.14191,0.47906,0.5952,0.25411,1.6055,0.54607,0.54058,0.069975
5.225,0.22812,3.2806,-0.37461,-0.21426,0.060992,-0.78347,-0.1402,-0.71403,3.9342,5.8586,4.9381,-0.14325,0.35058,-0.24826,-0.27598,-0.83196,-0.65566,3.6118,-5.8509,5.2625,0.071219,0.71156,0.56033,6.3e-05,1.0484,-0.98291,-7.2345,-1.8773,-0.32427,-0.23987,0.11584,2.6476,0.11063,-0.79903,0.060212,-9.5979,0.15198,-1.0904,0.26546,0.2655,1.7225,0.58401,0.5094,0.053213
6.5215,0.36445,3.642,0.031409,-0.90408,-0.001912,-0.80447,-0.13438,-0.69126,3.614,6.4356,5.4394,-0.15209,0.72836,-0.59115,-0.24965,-0.82986,-0.65893,3.4364,-5.8012,5.1172,-0.18383,0.88126,0.79968,0.057494,1.0531,-0.97151,-6.342,-1.3024,-0.65208,0.13178,0.40789,2.3815,0.020516,-0.81577,0.06256,-10.523,2.6989,-1.906,-0.41067,0.32891,1.8208,0.62456,0.46345,0.058765
8.4337,0.92247,2.9065,0.33787,-0.82515,0.005634,-0.83333,-0.1371,-0.65545,2.7881,7.7612,6.082,-0.25467,0.99627,-0.66618,-0.20824,-0.82365,-0.66613,2.5721,-6.7264,6.1666,-0.21528,0.79606,1.0252,0.12184,1.0649,-0.94283,-6.0153,-0.51015,0.29895,-0.15701,0.56893,1.8745,-0.056062,-0.82112,0.055359,-10.62,-1.6639,-1.6579,-0.95894,0.057041,1.8585,0.66535,0.40871,0.071588
11.047,2.0426,2.859,0.24881,-0.38907,0.14985,-0.85308,-0.13733,-0.62951,1.6274,8.337,6.3545,0.069613,1.207,-0.43576,-0.15531,-0.82064,-0.66756,1.3223,-7.1436,6.6928,-0.15732,0.61394,1.1225,0.19476,1.0668,-0.91683,-5.9096,4.6831,-0.46984,-0.15014,0.81488,1.0346,-0.11379,-0.81725,0.047191,-10.595,-4.9252,-0.43369,-0.72169,0.008447,1.3694,0.69429,0.35437,0.084553
13.088,2.2375,3.7562,-0.17448,-0.12979,0.2998,-0.86473,-0.12473,-0.61662,1.248,9.091,6.8611,0.1889,0.9998,0.05304,-0.11979,-0.81983,-0.65976,1.1524,-7.9749,7.58,0.006297,0.22521,1.1289,0.25019,1.0674,-0.89509,-6.9457,2.3215,-1.6285,-0.37987,0.13291,0.21662,-0.13766,-0.82067,0.021093,-11.721,-5.8109,-1.979,-0.83929,-0.074532,0.99244,0.71275,0.31561,0.093874
13.323,1.6707,4.2243,-0.24657,0.41032,0.42873,-0.86244,-0.10826,-0.62337,0.88274,9.4656,7.5994,0.26586,0.82217,0.39114,-0.09747,-0.81753,-0.64816,0.77158,-7.448,7.345,-0.093835,-0.072882,0.98765,0.28911,1.0692,-0.88318,-5.3679,-4.9566,-1.0637,-0.37845,-0.6601,-1.1493,-0.1198,-0.83015,-0.010987,-13.015,-5.0085,-1.1322,-1.0925,-0.18388,0.71522,0.72436,0.28813,0.10185
13.198,-0.007196,3.5186,-0.14366,0.89394,0.47776,-0.85059,-0.089387,-0.6515,0.53814,6.1957,7.9518,0.18126,0.44904,0.70235,-0.086679,-0.82205,-0.64176,0.71201,-8.1004,7.0987,-0.40179,-0.28027,0.59378,0.31552,1.0777,-0.87451,-28.701,29.511,5.5875,-2.7653,0.65829,-0.44387,-0.061893,-0.83232,-0.095761,-13.863,-7.5154,1.2746,-1.593,-0.53806,-0.17542,0.72837,0.27886,0.1082
12.554,-0.8303,3.1502,-0.26259,0.67429,0.29239,-0.83136,-0.073702,-0.68415,1.208,7.2416,7.2437,-0.014876,-0.096751,0.97695,-0.10324,-0.82085,-0.64243,0.65849,-9.3815,6.7657,-0.15879,-0.60813,-0.06383,0.31641,1.0897,-0.8743,-4.5626,-12.825,0.026419,-1.259,0.8493,-1.0795,-0.038409,-0.8263,-0.14207,-11.038,-5.4421,-1.5482,-1.3187,-0.83386,-1.5163,0.71783,0.30421,0.10555
11.022,-2.4138,2.0315,-0.2416,1.0228,0.066313,-0.79763,-0.06057,-0.72858,1.2478,7.0137,7.2356,-0.05017,-0.3286,0.93686,-0.13829,-0.82125,-0.64631,0.50755,-9.3537,6.5576,-0.10572,-0.88598,-0.48742,0.28523,1.0935,-0.89768,-11.81,-4.2998,-1.0363,1.6381,0.2063,-1.6722,0.031307,-0.82297,-0.10576,-11.483,-0.11875,1.9547,-1.2499,-0.83383,-1.8728,0.68751,0.35978,0.10094
8.0645,-2.0349,2.1384,0.032679,0.93519,0.008421,-0.76673,-0.056394,-0.76123,2.6395,5.9403,5.611,-0.17433,-0.40142,0.81483,-0.16964,-0.81628,-0.65542,1.8524,-7.4749,5.8582,-0.11856,-0.87724,-0.48155,0.2375,1.0998,-0.92413,-11.889,2.1579,-1.2775,0.7429,0.42395,-1.9333,0.11192,-0.80567,-0.051924,-14.97,3.5524,-0.78356,-1.0685,0.037632,-2.1175,0.65108,0.41547,0.12111
7.6519,-0.36191,3.3101,0.45892,-0.027783,0.19379,-0.75014,-0.069167,-0.77418,2.9777,6.3311,5.9988,-0.10506,-0.4518,0.71808,-0.19955,-0.80834,-0.66372,2.4885,-7.395,5.5658,0.10088,-0.85154,-0.39538,0.19552,1.1028,-0.94415,-10.74,3.717,-1.7813,0.26964,0.19709,-1.6223,0.16579,-0.78231,-0.020959,-13.644,-0.60688,-0.83213,-0.11507,0.30795,-2.2017,0.61148,0.46227,0.14148
8.972,0.8621,2.097,0.4675,-0.24661,0.044374,-0.76111,-0.079805,-0.75937,3.1042,6.7548,6.1133,-0.23101,-0.29267,0.70227,-0.22713,-0.80057,-0.66994,2.5622,-7.2283,4.5518,0.075087,-0.67136,-0.52835,0.15298,1.0977,-0.96786,-10.477,-1.0213,-1.8608,0.39078,0.038305,-1.5882,0.22731,-0.74774,0.007211,-11.841,1.8696,-0.092799,1.0039,0.33596,-2.4548,0.55659,0.51519,0.14297
7.939,0.32604,2.9884,0.28022,0.55541,-0.14089,-0.74782,-0.094509,-0.76653,3.7898,6.4192,5.314,-0.28215,-0.039161,0.75033,-0.24956,-0.78867,-0.67881,2.8115,-7.8664,4.9432,0.001382,-0.57429,-0.50792,0.11249,1.0972,-0.97573,-10.052,2.3902,-1.2708,0.27584,0.29869,-1.8901,0.29588,-0.70278,0.034123,-11.063,1.6885,-0.60306,1.4209,0.62827,-2.3818,0.49481,0.55951,0.13519
6.311,-0.056061,3.6227,-0.097633,0.56281,-0.3103,-0.72862,-0.10281,-0.78317,3.6049,5.8621,5.218,0.2261,0.37438,0.52238,-0.26268,-0.78056,-0.67956,2.7611,-7.1239,5.2962,-0.028337,-0.38831,-0.30527,0.076054,1.092,-0.98829,-8.4747,1.0576,-0.31486,0.3406,0.25564,-1.8439,0.37788,-0.64318,0.060195,-9.8514,0.70485,-0.77946,1.764,0.26048,-2.7981,0.41661,0.60305,0.1227
4.6955,-0.99381,4.2386,0.037988,0.55874,-0.2528,-0.709,-0.10847,-0.8017,3.4305,5.669,5.5368,0.4686,0.80834,0.1723,-0.25647,-0.78627,-0.66909,2.8466,-6.1007,5.8225,0.014384,-0.1616,0.008882,0.060028,1.0908,-0.9911,-9.3412,0.99478,-0.47475,0.23701,0.03002,-1.7572,0.43619,-0.5898,0.073722,-9.2956,1.3279,-0.26042,1.9293,0.34522,-2.5305,0.34084,0.64075,0.093699
4.877,-1.8708,4.57,0.006272,-0.56634,-0.079284,-0.70705,-0.10956,-0.8004,3.1256,5.5421,5.7166,0.54272,1.1109,-0.17355,-0.23198,-0.79266,-0.65734,2.7208,-6.3612,5.2726,0.12048,0.037018,0.47391,0.068121,1.0926,-0.98809,-9.6163,-0.6935,-0.52346,0.26918,0.11724,-1.7358,0.48302,-0.54269,0.08842,-7.1084,1.7615,-1.1337,1.4631,0.433,-2.2439,0.2776,0.6719,0.067185
6.6146,-1.5593,4.6971,0.44079,-0.84696,0.045822,-0.73486,-0.11397,-0.77501,3.0961,5.9095,5.9369,0.5576,1.2383,-0.45215,-0.19353,-0.80453,-0.64082,2.9123,-6.9781,4.851,0.29865,0.16042,0.82677,0.10098,1.0872,-0.99657,-10.04,0.16899,-0.93805,0.38892,-0.22345,-1.8809,0.53199,-0.48175,0.097068,-6.5994,1.422,-0.87199,0.23902,0.43363,-1.8938,0.2147,0.69506,0.062
7.5885,-0.73519,4.1577,0.45732,-0.76751,0.089376,-0.76359,-0.1216,-0.74453,1.9517,6.5752,6.6741,0.48284,1.1251,-0.73588,-0.1452,-0.81389,-0.61912,2.4477,-7.598,5.1677,0.3801,0.3858,0.92869,0.15077,1.0762,-1.002,-11.14,3.5386,-0.73874,0.13853,0.1695,-1.3304,0.56948,-0.42633,0.10077,-6.3922,-0.58415,0.067348,-0.43284,0.67637,-1.2881,0.16449,0.71064,0.074057
10.183,-0.79164,3.804,0.35746,-0.72309,-0.037479,-0.79679,-0.1251,-0.70741,0.93523,7.0129,7.4208,0.25339,0.75744,-0.93967,-0.093579,-0.82041,-0.59611,1.9991,-8.995,5.5324,0.30789,0.69141,0.70288,0.21627,1.0609,-1.0032,-11.286,4.2585,-0.86249,0.57467,0.11472,-0.87526,0.59656,-0.37917,0.10765,-7.1948,-5.7048,0.084804,-0.56871,1.1353,-0.74239,0.12818,0.7158,0.10121
13.695,-0.80643,6.024,0.11858,-0.93675,-0.23615,-0.82132,-0.13196,-0.67341,0.31729,8.3433,8.0526,0.11927,0.2611,-0.90378,-0.057755,-0.82227,-0.58552,1.3031,-11.046,5.7605,0.54925,0.86024,0.00716,0.25905,1.041,-1.0001,-12.466,2.9915,-0.28461,0.88243,0.13342,-0.83294,0.61374,-0.34579,0.11852,-8.8707,-3.6971,-1.477,-0.25725,1.1063,-0.40352,0.10046,0.72217,0.11823
14.469,-1.4468,5.2871,0.25336,0.083633,-0.48292,-0.82599,-0.14784,-0.65858,0.14754,7.9934,8.2103,0.074651,-0.2615,-0.63239,-0.040463,-0.82118,-0.58289,1.6462,-8.3859,6.6264,0.16167,0.60239,-0.75302,0.25715,1.0278,-0.99036,-13.867,4.1377,0.46626,1.3562,-0.051959,-0.45975,0.62725,-0.32282,0.13303,-6.8888,2.2397,0.66419,0.44786,-1.0093,1.1352,0.1044,0.73085,0.11412
13.083,0.80987,3.2097,0.64797,0.94966,-0.40602,-0.80518,-0.17641,-0.67327,0.15098,8.3227,6.8217,0.3671,-0.79766,-0.28908,-0.043086,-0.82991,-0.57767,1.1932,-6.3879,7.9589,-0.034792,0.31864,-1.1804,0.2309,1.0246,-0.97827,-14.444,8.6068,0.074683,0.97368,-0.25049,0.3039,0.62595,-0.32111,0.14546,-19.691,-26.649,3.7167,1.6945,0.51959,0.91509,0.14512,0.7345,0.083785
10.762,1.4386,2.5545,0.40181,0.771,0.052897,-0.77537,-0.19912,-0.69705,1.84,8.8418,7.2379,0.18199,-1.2825,0.39225,-0.074745,-0.84128,-0.57374,1.3738,-6.5149,7.8905,-0.17912,-0.25377,-1.1084,0.18496,1.033,-0.96916,-12.623,7.0159,2.0486,-0.073938,-0.68519,1.137,0.60891,-0.36215,0.13851,-7.3092,6.6975,-0.42902,1.1358,0.23743,1.1455,0.18212,0.72871,0.03878
10.588,1.8746,1.3175,0.33339,0.63228,0.26948,-0.75499,-0.20879,-0.71149,1.0492,8.3668,6.2199,-0.068754,-1.4554,0.60124,-0.1247,-0.84924,-0.57583,1.7698,-7.1233,7.5941,0.032939,-0.70955,-0.93059,0.11668,1.0307,-0.97564,-11.599,-2.0689,-1.6872,0.60424,-0.6893,1.4694,0.58264,-0.41532,0.12544,-11.706,2.4177,-1.0901,-1.6127,0.038664,1.5917,0.23857,0.71242,0.025356
8.3265,2.6709,1.2458,-0.29402,0.60664,0.20651,-0.73532,-0.20593,-0.729,2.8484,7.1806,4.8305,-0.52414,-1.4592,0.63087,-0.17689,-0.83968,-0.5919,3.0331,-6.9617,6.0848,0.30603,-0.8482,-0.74293,0.057492,1.0194,-0.9994,-14.144,-3.4917,-1.0315,0.51792,-0.079304,2.1502,0.53177,-0.48932,0.13261,-9.8426,-1.7673,-3.027,-0.6999,0.23718,1.9944,0.30721,0.68895,0.044142
7.1267,0.81067,3.8509,-0.36103,0.021556,0.093977,-0.72629,-0.18755,-0.7422,3.3359,6.7299,5.264,-0.5697,-1.2154,0.51164,-0.22074,-0.82794,-0.60494,3.4118,-6.1281,5.9587,0.39907,-0.78369,-0.59589,0.008384,1.0034,-1.0259,-13.198,0.94675,-1.6175,0.19021,0.3977,2.0079,0.47599,-0.54681,0.14642,-10.281,-5.4931,-0.78849,-1.1888,0.072535,1.7,0.35839,0.66952,0.057433
6.9548,0.42879,3.3547,-0.23932,0.11436,0.14294,-0.72406,-0.17817,-0.74513,3.8993,6.7897,5.4087,-0.58568,-0.74284,0.47172,-0.25375,-0.81072,-0.62087,3.9689,-6.1667,4.3884,-0.004766,-0.18262,-0.50574,-0.023176,0.98957,-1.0419,-11.45,-1.4285,-0.46946,-1.6099,0.13443,2.3655,0.40067,-0.61626,0.13956,-9.5706,-0.27415,-3.1678,-1.1691,0.37996,1.4826,0.40847,0.64378,0.076066
6.2005,-0.11195,2.9948,0.045421,0.30613,0.3184,-0.71605,-0.16737,-0.75027,4.2817,6.386,4.6656,-0.22658,-0.21068,0.2155,-0.26882,-0.79531,-0.63227,3.4199,-5.7071,4.2205,-0.34353,0.31952,-0.29766,-0.029653,0.99699,-1.0327,-9.4255,-3.5739,-2.017,-1.7069,0.28591,2.6324,0.31217,-0.68514,0.10488,-8.3471,-4.3055,-1.2008,-0.66487,-0.015122,1.7262,0.46113,0.61273,0.093169
6.17,0.34313,4.1241,0.006214,-0.14497,0.46354,-0.71782,-0.14748,-0.75262,3.3099,6.5331,5.3456,0.23536,0.2946,-0.20811,-0.25596,-0.79024,-0.63399,3.8112,-5.4579,4.8822,-0.45087,0.73129,0.017596,-0.018262,1.0083,-1.0142,-9.6021,-2.2881,-1.1742,-1.0681,0.36981,2.756,0.20723,-0.74147,0.084626,-9.1942,-0.98967,0.15338,0.14749,0.14921,1.456,0.51293,0.57869,0.092416
6.1044,0.86077,4.4926,0.15628,-0.37307,0.22308,-0.72732,-0.14092,-0.74244,1.9594,5.9833,5.7431,0.16515,0.72003,-0.43231,-0.22373,-0.79738,-0.63065,3.3149,-6.3994,5.8886,-0.63748,0.94496,0.38939,0.017053,1.0338,-0.97859,-8.3698,-2.0305,-0.63201,-0.93996,0.25282,2.6458,0.11736,-0.77653,0.059041,-9.6449,-0.59183,-1.9374,-0.049146,0.1601,1.4857,0.55517,0.54549,0.087268
7.4778,1.1768,4.2141,0.089284,-0.90056,-0.008993,-0.74519,-0.14207,-0.72138,2.4095,5.1621,5.1005,0.17175,0.73174,-0.52661,-0.19295,-0.80509,-0.62543,2.8547,-6.8594,6.3933,-0.44412,0.94625,0.6535,0.066997,1.061,-0.93786,-7.54,-1.7015,0.38965,-0.36353,0.3907,2.459,0.040058,-0.7949,0.03257,-9.8811,1.5763,-2.1671,-0.6296,0.34323,1.6041,0.58679,0.51038,0.097071
8.3433,1.1423,3.7056,-0.11325,-0.53057,-0.070992,-0.76954,-0.14171,-0.69629,2.4291,6.4185,5.9764,-0.001789,0.51947,-0.56435,-0.16597,-0.80721,-0.6174,2.0532,-7.1866,6.932,-0.25929,0.72934,0.74309,0.12161,1.0749,-0.90471,-6.6122,-1.5672,1.4285,-0.21828,0.57632,1.7871,-0.025955,-0.80255,0.018446,-9.7498,-0.71137,-1.79,-1.1234,-0.11896,1.7072,0.62523,0.46016,0.11263
8.9224,0.48687,3.4073,-0.18772,-0.14791,0.020305,-0.77796,-0.13394,-0.68835,1.9827,7.6876,7.2481,-0.11885,0.47942,-0.58481,-0.14342,-0.80501,-0.61593,1.2979,-7.3068,7.0278,0.011949,0.43755,0.93158,0.17294,1.0803,-0.88685,-6.0362,3.6076,3.7602,-0.74276,0.35287,1.056,-0.065685,-0.80163,-0.012567,-10.436,-3.6224,-1.5032,-0.87468,0.023811,1.3588,0.65807,0.40962,0.12736
10.245,0.013388,4.3021,-0.18358,-0.30306,0.11507,-0.79334,-0.12325,-0.67533,2.3525,8.6859,7.3643,-0.32742,0.43866,-0.43994,-0.1178,-0.80102,-0.62214,1.6395,-7.3514,6.5986,0.024874,0.11869,1.1907,0.23017,1.0747,-0.87693,-6.5226,4.8303,-0.36978,0.009594,0.36399,0.51265,-0.098295,-0.79854,-0.032579,-10.928,-6.196,-1.8471,-0.46526,-0.13958,1.0857,0.68383,0.36611,0.1366
12.152,0.52723,5.3719,0.09834,-0.51007,0.42212,-0.80987,-0.11096,-0.65875,2.4567,9.5691,7.7165,-0.29339,0.33871,-0.24498,-0.096752,-0.79193,-0.63519,1.6703,-8.4718,7.039,-0.11992,-0.27336,1.0642,0.27316,1.0729,-0.86937,-7.1948,-1.7789,-2.3193,1.1749,-0.099281,-0.60108,-0.09672,-0.80452,-0.022989,-11.936,-4.5022,-2.1211,-0.91766,-0.092567,0.91024,0.69823,0.33306,0.14385
13.854,1.3275,5.6213,0.20208,0.33595,0.42795,-0.81197,-0.098605,-0.66013,1.0687,7.9887,7.1709,-0.082783,0.19144,-0.039901,-0.079751,-0.78617,-0.64191,0.3657,-9.437,7.3197,0.077633,-0.33371,0.76003,0.3018,1.0673,-0.87404,-8.1776,8.0293,-4.7655,-0.45398,-0.20656,-1.8336,-0.052174,-0.81283,-0.027792,-12.737,-5.0179,-0.94824,-1.5794,-0.42063,0.49221,0.70835,0.30768,0.14977
12.555,0.68292,2.6676,0.19795,1.027,0.16203,-0.79459,-0.096173,-0.68537,0.39426,7.3447,7.0132,-0.048805,-0.13789,0.52694,-0.07967,-0.78336,-0.6495,0.60493,-9.9345,7.8161,0.41475,-0.59911,0.10368,0.30627,1.0521,-0.89819,-11.65,3.7053,1.9668,-2.0926,-0.25117,-0.68031,-0.018967,-0.80871,-0.094857,-12.561,-8.2223,0.89872,-1.6926,-1.1936,-0.55638,0.71243,0.3033,0.14708
11.212,-0.8493,3.1847,-0.02829,0.68795,-0.30939,-0.77133,-0.10499,-0.71354,2.0817,7.8572,8.2629,-0.10319,-0.39542,0.7585,-0.10336,-0.78234,-0.65473,0.43794,-7.4069,7.0483,0.35977,-0.90415,-0.28629,0.27646,1.0286,-0.94466,-7.0406,-12.511,1.5068,-0.41502,1.087,-1.3847,0.018809,-0.79967,-0.14532,-11.008,-6.1799,0.063918,-0.52755,-0.98368,-1.6196,0.69864,0.33707,0.13209
9.1657,-1.9142,3.1026,-0.24445,0.79985,0.027026,-0.75468,-0.10905,-0.73769,3.0882,5.7935,6.3543,-0.38666,-0.3647,0.74305,-0.12681,-0.77568,-0.67592,2.3652,-6.8125,6.0036,0.31558,-1.0991,-0.33204,0.23176,1.0115,-0.99133,-14.507,-1.2885,-0.98118,1.5402,-0.18771,-2.1084,0.11347,-0.79004,-0.088858,-11.776,2.127,-3.3107,-0.28167,-0.27547,-2.1103,0.66784,0.39066,0.12959
6.9171,-1.1942,3.5826,-0.023603,0.25145,0.049573,-0.73785,-0.10855,-0.75812,1.9561,5.3145,5.6671,0.067605,-0.41631,0.58492,-0.1459,-0.77091,-0.68422,1.7045,-5.9129,4.6308,0.29,-1.079,-0.33829,0.18616,0.99307,-1.0308,-10.763,4.4831,-0.26703,0.18765,0.21302,-1.8063,0.18621,-0.76754,-0.048421,-15.193,0.22145,-0.66184,-0.51121,0.14501,-2.0546,0.6262,0.44671,0.1471
7.8478,0.05184,3.1949,0.094373,-0.77038,-0.18105,-0.7473,-0.11359,-0.74999,2.5183,6.3478,5.5756,0.15951,-0.4828,0.44711,-0.17388,-0.77265,-0.68027,3.3212,-6.8741,5.2392,-0.24737,-0.94959,-0.54583,0.13223,0.99722,-1.0477,-10.895,0.40915,-1.7958,0.010913,0.28552,-1.5314,0.2357,-0.742,-0.033547,-11.815,0.17752,-1.1577,0.69313,0.26285,-2.1632,0.58441,0.49583,0.15223
8.0274,0.28698,3.3171,0.22168,-0.12071,-0.41346,-0.7555,-0.13569,-0.73888,2.0265,6.28,5.5723,-0.15859,-0.48137,0.37673,-0.19861,-0.76944,-0.68039,2.5079,-7.322,5.4694,-0.4119,-0.6282,-0.63131,0.077673,1.0151,-1.0445,-10.174,-1.4203,-1.2241,0.89528,0.31552,-1.8757,0.29868,-0.70527,-0.00232,-11.62,0.14596,-0.93785,1.632,0.33703,-2.2972,0.52876,0.54849,0.13595
7.7373,0.29009,3.121,-0.25482,0.16237,-0.46643,-0.75113,-0.14832,-0.74265,3.5759,5.0781,5.3941,-0.17085,-0.33683,0.29412,-0.22534,-0.76384,-0.68327,2.5958,-7.2905,5.2673,-0.35594,-0.20695,-0.4334,0.045555,1.0294,-1.0362,-9.7119,1.4178,-1.5705,1.0965,0.26927,-1.924,0.36731,-0.65608,0.044502,-10.226,0.79762,-1.174,1.8133,0.45053,-2.5906,0.46257,0.59317,0.1112
6.5349,-0.14555,3.3179,-0.43267,0.19654,-0.32377,-0.75397,-0.15093,-0.74072,3.7563,5.4197,5.4429,0.19673,-0.095736,0.22132,-0.24236,-0.76353,-0.67095,3.306,-6.4803,5.0537,-0.33573,0.074923,-0.18876,0.026723,1.0515,-1.0194,-8.6717,1.3144,-0.95682,0.77227,0.013982,-1.842,0.4347,-0.59306,0.076133,-9.3258,1.2537,-0.35077,2.0921,0.32915,-2.426,0.38465,0.63047,0.079763
5.5327,-0.79046,3.5747,-0.42164,-0.30522,-0.076379,-0.75623,-0.14283,-0.74262,3.6669,5.8949,5.4372,0.37828,0.32336,-0.033988,-0.24637,-0.76869,-0.65468,3.5006,-6.175,4.8875,-0.32266,0.35508,0.23055,0.037375,1.0693,-1.003,-10.775,-0.70375,-0.96687,0.32484,0.15643,-1.7514,0.48716,-0.5375,0.094589,-7.7215,2.2335,-0.72442,1.8288,0.50519,-2.1175,0.31882,0.65252,0.046891
6.6921,-1.1873,4.148,-0.23782,-1.044,0.11322,-0.77083,-0.13246,-0.73265,3.5236,6.4523,5.4972,0.46453,0.75893,-0.23506,-0.23866,-0.77384,-0.64063,3.4241,-7.0586,4.9677,-0.13488,0.58791,0.62503,0.069964,1.083,-0.99163,-10.894,0.80889,-0.53575,0.25079,-0.054672,-1.8231,0.53165,-0.48155,0.11228,-6.8083,2.1415,-1.2695,0.9354,0.5212,-1.7737,0.26516,0.67287,0.028638
8.5417,-1.0161,3.9393,0.058641,-1.1679,0.088804,-0.80953,-0.12166,-0.69531,3.078,7.6002,6.2555,0.50759,0.96559,-0.42806,-0.21083,-0.78233,-0.61799,2.5732,-8.5218,5.5477,0.14641,0.6084,0.74954,0.12062,1.086,-0.97802,-10.065,4.5524,-1.8511,0.17967,-0.06541,-1.6054,0.57081,-0.42317,0.11788,-7.303,1.6038,-0.65928,0.037327,0.57959,-1.3005,0.21889,0.69036,0.035394
10.278,-1.4495,3.2334,0.007933,-0.71336,-0.015239,-0.83719,-0.12006,-0.66203,2.0222,7.4101,6.501,0.60982,0.86791,-0.63503,-0.17289,-0.79293,-0.59137,1.5976,-8.5311,6.6211,0.18777,0.55852,0.55754,0.16603,1.0809,-0.96772,-11.31,4.6182,-0.83336,0.67561,0.073151,-1.029,0.59841,-0.3775,0.12687,-7.0252,-3.0551,0.45338,-0.48171,1.1655,-0.63766,0.18771,0.70292,0.056659
12.1,-1.8161,4.1924,0.000929,-0.26918,-0.24403,-0.86197,-0.12117,-0.62997,1.5828,6.9772,7.7527,0.2376,0.29435,-0.75161,-0.13583,-0.8044,-0.56219,1.783,-8.5485,6.3724,0.311,0.41773,0.14058,0.20605,1.0698,-0.96433,-11.445,2.5414,0.71171,0.92821,0.072826,-1.1952,0.61745,-0.33291,0.13377,-8.4416,-6.5354,-2.1198,-0.32055,1.3136,-0.59653,0.16359,0.70632,0.091597
12.532,-1.4441,4.7949,0.29068,0.016334,-0.35147,-0.86642,-0.13586,-0.62118,2.3658,7.1597,9.0804,-0.04172,-0.052814,-0.66915,-0.11791,-0.80376,-0.55275,1.7095,-8.5197,6.7179,0.27706,0.10131,-0.26463,0.20676,1.0594,-0.96551,-12.267,4.0674,0.8586,0.84744,-0.073465,-0.90647,0.63249,-0.2983,0.14311,-8.1902,-1.6725,1.8269,-0.064968,0.14996,0.3201,0.14556,0.71317,0.10957
12.525,0.068568,4.454,0.77204,0.21971,-0.4456,-0.84983,-0.16416,-0.62959,1.5147,7.7063,8.3827,0.39633,-0.40517,-0.67473,-0.1068,-0.80727,-0.54518,1.6029,-7.4556,6.7198,0.25832,-0.04833,-0.55987,0.19026,1.045,-0.97779,-12.664,6.5024,-0.74257,0.92524,-0.20663,0.03719,0.63818,-0.29304,0.15377,-7.6897,-11.355,1.7271,1.2627,-0.052094,1.4236,0.16818,0.72156,0.083178
11.047,1.2916,1.6753,0.67721,0.47996,-0.32215,-0.83698,-0.20226,-0.63311,1.0695,9.1101,6.9185,0.20873,-0.8295,-0.44507,-0.10615,-0.81949,-0.53529,1.8837,-7.7531,6.6241,-0.1628,-0.36934,-0.8736,0.15356,1.0463,-0.98035,-12.918,7.6593,-1.4542,0.10473,-0.25048,1.2988,0.62673,-0.3276,0.14863,-13.692,3.3776,4.7805,1.4705,-0.75549,1.0118,0.19304,0.71876,0.040362
11.394,1.9572,1.2645,0.43911,0.40152,-0.20901,-0.82282,-0.22709,-0.6395,1.3001,9.4139,7.2566,0.095556,-0.90474,-0.071871,-0.12102,-0.82815,-0.54011,2.6002,-7.7669,6.7475,-0.64135,-0.53988,-1.1057,0.092605,1.0655,-0.9727,-11.364,-2.9033,0.80929,0.98766,-0.9348,1.0008,0.60559,-0.38544,0.1323,-10.692,9.6723,-2.8313,-1.1364,-0.17497,1.7177,0.23649,0.7049,0.03345
9.4904,3.1124,1.5187,0.042203,0.33557,-0.22947,-0.81042,-0.24906,-0.65107,2.3759,7.7317,5.1752,-0.023293,-0.89008,0.11404,-0.14255,-0.83717,-0.55271,2.8779,-7.7879,6.8547,-0.051026,-0.74269,-1.0806,0.015673,1.0744,-0.97314,-15.017,-4.2097,-2.3237,0.70999,0.25973,2.2045,0.56023,-0.46179,0.13257,-11.9,-0.098114,-3.4009,-1.5333,0.19416,2.073,0.31496,0.67774,0.052616
7.7647,2.2957,1.7166,-0.36826,-0.15317,-0.089496,-0.80353,-0.252,-0.65481,2.374,6.9747,4.8096,-0.21764,-0.85391,0.17796,-0.16334,-0.83769,-0.56699,2.5138,-5.2125,5.7091,0.33932,-0.71857,-0.81679,-0.047128,1.0565,-0.99867,-14.845,0.12409,-1.9348,0.47297,0.24153,2.17,0.4996,-0.53474,0.15257,-9.9396,-7.5889,-0.026409,-0.41639,0.39718,1.8413,0.37534,0.65502,0.048639
8.0633,0.7524,1.7089,-0.70189,-0.47155,0.066433,-0.81142,-0.23627,-0.65429,2.3636,6.5061,4.9314,-0.10952,-0.6518,0.37371,-0.1872,-0.83633,-0.57523,3.4516,-6.0901,5.0589,-0.009996,-0.54754,-0.41038,-0.08949,1.0543,-1.0138,-12.828,-0.46851,0.019479,-1.7342,0.21548,2.5075,0.42682,-0.60668,0.15338,-9.881,1.7786,-2.3458,-1.0598,0.075139,1.455,0.41766,0.6355,0.063229
7.3169,0.37417,1.4545,-0.3909,0.22138,0.19146,-0.81386,-0.21806,-0.65666,2.2038,6.6037,4.8288,-0.15011,-0.39602,0.41363,-0.21223,-0.83465,-0.58106,4.6445,-7.8354,4.1734,0.19268,-0.3765,-0.10932,-0.11719,1.0503,-1.0306,-10.185,-3.9827,-1.8067,-2.0466,0.38712,2.7336,0.32831,-0.68307,0.11213,-8.6768,-4.499,-0.97535,-0.76728,-0.030576,1.9499,0.46972,0.60378,0.080983
6.5866,0.45363,1.5764,-0.325,0.22787,0.25529,-0.80912,-0.19891,-0.66762,3.2228,6.2497,4.7897,-0.23122,-0.080882,0.2347,-0.23331,-0.82839,-0.58742,5.361,-5.0952,4.1317,0.10064,0.095344,0.096896,-0.12286,1.0391,-1.0432,-9.3612,-3.9979,-0.9874,-1.1904,0.009066,2.9711,0.21875,-0.74126,0.078393,-8.2208,-1.0233,-0.084253,0.11253,0.31208,1.5517,0.51877,0.56959,0.078699
6.4685,1.2654,2.5954,-0.19976,-0.18911,0.07675,-0.81727,-0.17924,-0.66432,3.4377,6.4581,4.8065,-0.28564,0.21005,-0.062892,-0.23958,-0.82066,-0.59623,4.2204,-6.8492,5.0886,-0.084248,0.62665,0.50177,-0.090343,1.0486,-1.0383,-7.7982,-2.8229,-0.71719,-0.69565,-0.12187,2.6722,0.10578,-0.7822,0.05487,-9.4942,-0.85155,-0.49376,0.48055,0.027975,1.772,0.56699,0.52789,0.052726
7.3786,1.2962,2.3339,-0.21801,-0.86563,-0.068029,-0.83713,-0.16635,-0.64479,3.6209,7.0481,5.1263,-0.33807,0.48903,-0.30805,-0.23109,-0.81337,-0.60383,3.793,-6.079,4.7045,-0.093847,0.90658,0.76813,-0.03202,1.0521,-1.0318,-7.1446,-2.1449,-0.81734,-0.058624,0.22103,2.4259,0.016065,-0.80208,0.049043,-10.296,5.0554,-3.1956,-0.003152,0.57822,1.9307,0.60875,0.48564,0.05391
8.8542,1.9096,3.4533,-0.28379,-0.37829,-0.038984,-0.84789,-0.16596,-0.63084,3.3503,8.0206,6.072,-0.15537,0.77028,-0.43777,-0.2069,-0.80778,-0.60755,3.2092,-6.7611,4.8762,-0.39249,1.0977,1.0038,0.034267,1.0757,-0.99704,-6.2749,-2.6973,-0.6042,-0.057384,0.5565,1.8281,-0.050379,-0.80757,0.048692,-10.337,0.96525,0.16922,-0.20182,0.10651,2.3109,0.65346,0.4269,0.065353
8.6455,1.3818,2.4784,-0.41171,0.2986,-0.000204,-0.84741,-0.15604,-0.63412,2.4821,7.8766,6.7757,0.091796,1.1432,-0.56779,-0.16325,-0.8059,-0.60777,2.2889,-7.4374,5.4021,-0.28264,1.165,1.1644,0.11793,1.0914,-0.95538,-4.9073,2.3693,1.436,-0.8814,0.58827,1.0405,-0.095903,-0.80816,0.019365,-10.084,-11.839,-2.1917,0.47859,-0.23889,1.7655,0.69178,0.36423,0.055494
9.3576,1.2382,3.6169,-0.47997,-0.18837,0.11592,-0.848,-0.13847,-0.64205,1.4579,7.5114,5.6255,0.35058,1.217,-0.37239,-0.11498,-0.80973,-0.59814,0.99685,-7.5637,6.3236,-0.27422,1.0634,1.2301,0.20308,1.0996,-0.91167,-7.3898,7.4406,-1.3129,-0.68683,0.58011,0.57022,-0.12399,-0.80766,-0.025034,-12.317,-4.6098,-0.73087,-0.32993,0.38997,0.77835,0.70709,0.33251,0.060904
13.742,1.8985,3.8335,-0.33567,-0.89275,0.46708,-0.88316,-0.1148,-0.60815,0.4645,9.2599,7.5327,0.087266,0.9349,0.12991,-0.075021,-0.8069,-0.58714,1.1058,-9.0228,7.2014,-0.23129,0.64761,1.0428,0.28849,1.1058,-0.86511,-7.1541,-0.96754,0.99681,-0.1207,-0.45307,-0.55037,-0.12717,-0.80634,-0.055646,-13.147,-0.000669,0.31337,-1.043,-0.13313,1.4407,0.72415,0.28888,0.073821
16.402,-0.062314,3.4604,-0.30651,0.52368,0.39463,-0.89093,-0.08839,-0.61012,0.80626,9.154,7.8527,0.090491,0.71985,0.60007,-0.062062,-0.80763,-0.58564,-0.13922,-8.1345,8.1133,-0.27608,0.15373,0.51683,0.32663,1.1093,-0.83881,-16.113,15.244,3.7777,-1.0829,-0.73798,-1.2078,-0.089681,-0.81373,-0.078875,-12.439,-6.2766,-0.28921,-1.9453,-0.49165,0.42201,0.73525,0.25647,0.079241
13.422,-0.743,1.7995,-0.036295,0.95164,0.24684,-0.87235,-0.075813,-0.64251,0.92954,7.7774,7.75,0.055369,0.25396,0.98717,-0.06529,-0.80966,-0.58799,0.2132,-9.1517,8.3808,-0.36356,-0.57714,-0.063254,0.33224,1.123,-0.82479,-10.698,-3.2612,0.94312,-0.97857,0.23083,-0.83015,-0.074857,-0.81347,-0.11815,-13.517,-6.5616,1.4847,-1.4112,-0.70276,-1.116,0.73105,0.27087,0.083839
11.503,-2.0732,1.1048,-0.13838,1.0569,0.13563,-0.84652,-0.07017,-0.68477,1.4009,7.3406,7.8116,0.014767,-0.12646,1.0255,-0.087563,-0.81114,-0.59621,0.37028,-9.0964,6.9862,-0.17979,-1.218,-0.42903,0.29488,1.1342,-0.84569,-8.8138,-4.5939,-1.4184,1.1547,0.26911,-1.1743,-0.048224,-0.81401,-0.099463,-9.6685,-5.6408,-2.0933,-0.073826,-0.47107,-2.0412,0.70922,0.32626,0.078181
9.2558,-2.5609,1.6218,0.05978,0.89474,0.21482,-0.81572,-0.066462,-0.71931,2.1766,5.2442,5.6779,-0.10867,-0.39919,0.89594,-0.11241,-0.81104,-0.60604,1.5491,-8.2797,5.963,0.088836,-1.4732,-0.4562,0.23539,1.1412,-0.8904,-11.656,-0.21102,-3.0708,0.96655,0.10653,-1.9722,0.018842,-0.8062,-0.045847,-12.45,4.2652,1.3526,-1.2018,-0.46257,-2.147,0.67228,0.39136,0.08028
6.8728,-1.6492,2.5646,0.51887,0.69923,0.19788,-0.78019,-0.07447,-0.75814,2.9756,6.4466,6.1719,-0.085458,-0.50968,0.5718,-0.14748,-0.80767,-0.61923,1.8609,-7.7257,4.9385,0.52895,-1.5016,-0.2922,0.16477,1.129,-0.9563,-11.782,4.6485,-1.353,-0.2039,0.4657,-1.8346,0.096887,-0.77873,-0.034724,-14.264,4.3912,-0.21658,-1.2047,0.28198,-2.1394,0.62443,0.45717,0.11016
7.2561,-0.33052,3.6654,0.57959,-0.53264,0.17239,-0.7785,-0.092445,-0.75472,2.9947,7.6681,6.2748,-0.021889,-0.19399,0.29215,-0.15929,-0.80827,-0.6239,2.5824,-7.6119,4.4952,0.64995,-1.2016,-0.29299,0.11101,1.0987,-1.0178,-9.3483,-0.46066,-0.35327,-0.18795,0.21106,-1.6416,0.16404,-0.75204,-0.025929,-12.518,0.1545,-0.041628,-0.10026,0.12939,-2.681,0.56936,0.51279,0.13316
7.945,0.095655,3.1586,0.76807,-0.27049,0.023837,-0.7912,-0.10604,-0.73498,2.1621,5.9096,4.9493,-0.061059,0.020011,0.41234,-0.1642,-0.80425,-0.62971,2.9608,-7.8146,4.1035,0.30173,-0.78574,-0.34367,0.070022,1.0765,-1.0558,-9.9335,-0.064394,-0.62055,0.40855,0.18943,-1.6857,0.22696,-0.7184,-0.007454,-11.101,1.1706,0.13447,1.1143,0.40229,-2.5951,0.50928,0.56406,0.13925
7.6701,0.2169,3.0305,0.43755,0.14826,-0.13713,-0.79063,-0.12515,-0.72744,2.4704,4.6599,4.6733,0.16148,0.11925,0.47049,-0.17384,-0.80327,-0.62987,3.372,-7.3791,3.821,0.044056,-0.3631,-0.33764,0.039337,1.0647,-1.0744,-8.8808,2.0846,-2.4174,0.49477,0.32255,-1.7153,0.29036,-0.67843,0.018578,-11.034,1.571,-1.2304,1.3807,0.25822,-2.6809,0.43867,0.61408,0.12531
6.2238,0.16878,3.146,0.2107,0.40581,-0.14233,-0.78171,-0.13537,-0.73601,2.8783,5.8159,5.2546,0.30975,0.26152,0.28087,-0.18239,-0.80524,-0.61769,3.5847,-6.5602,4.228,-0.075768,0.059679,-0.19459,0.022936,1.0642,-1.0772,-9.1404,1.1607,-0.50091,0.37598,0.18381,-1.7173,0.35303,-0.63412,0.034672,-9.6976,2.7789,-0.23342,1.1469,0.077524,-2.3366,0.3693,0.65348,0.10292
5.6907,-0.37018,3.7577,0.10653,-0.066541,-0.057494,-0.78008,-0.14368,-0.73589,3.3031,6.0291,5.7661,0.16759,0.39399,0.044559,-0.17946,-0.80681,-0.60709,3.4085,-6.2271,4.4641,-0.2031,0.43674,0.14516,0.033504,1.0694,-1.06,-9.8239,0.2152,-1.0238,0.49231,0.17346,-1.6116,0.40818,-0.58044,0.051175,-6.9608,0.69409,-1.5673,0.50663,0.88261,-2.0812,0.29723,0.68528,0.082026
7.1727,-0.55292,3.8722,0.068784,-0.98224,0.061448,-0.80346,-0.14231,-0.7101,3.0763,6.4268,6.2502,0.18788,0.50696,-0.25997,-0.16738,-0.80784,-0.59548,3.0883,-7.2217,4.7943,-0.16524,0.73701,0.45121,0.06943,1.0841,-1.0374,-9.9092,-2.1095,-1.143,0.4928,0.097655,-1.775,0.46009,-0.52814,0.068572,-6.9624,-0.70578,-0.70458,-0.11038,0.72926,-1.7523,0.23847,0.70522,0.093337
8.4921,-0.67324,3.5233,0.14053,-0.3935,0.07098,-0.816,-0.13626,-0.69412,2.2225,6.9483,6.7164,0.16659,0.56682,-0.56543,-0.14991,-0.80678,-0.58243,2.3748,-7.824,5.4639,0.055232,0.83151,0.6501,0.11789,1.0901,-1.0163,-10.204,0.26447,-0.61133,0.31156,-0.053365,-1.8709,0.51008,-0.47242,0.080144,-6.2297,-2.3505,0.84223,0.13894,0.75713,-1.3831,0.19141,0.717,0.11175
9.1392,-1.0996,3.2419,-0.021551,-0.098479,-0.012552,-0.82559,-0.12972,-0.68313,1.639,6.5116,6.7837,0.041667,0.47118,-0.78826,-0.12158,-0.80595,-0.57282,1.7823,-7.9119,6.0359,0.23618,0.95292,0.60268,0.17516,1.0837,-1.0007,-12.333,4.7478,-0.49394,0.29862,0.083578,-1.4418,0.54885,-0.41529,0.085461,-6.5168,-7.6789,-0.23028,0.17502,0.9751,-0.90471,0.15343,0.72703,0.11509
11.516,-1.7268,5.2778,0.057237,-0.5468,-0.20628,-0.83105,-0.1293,-0.6726,1.4418,7.2455,6.9414,-0.014714,0.18266,-0.8435,-0.095131,-0.8056,-0.5646,1.4607,-9.5331,6.4529,0.18629,0.86002,0.1915,0.22305,1.0739,-0.98612,-11.535,6.2812,-0.5846,0.51557,0.22238,-0.83349,0.57443,-0.37492,0.093588,-9.4434,-5.6434,-1.6562,0.13325,1.143,-0.70418,0.1213,0.73196,0.12726
13.752,-1.7295,5.153,0.18833,-0.35409,-0.38455,-0.85612,-0.14107,-0.63886,1.9896,8.8577,7.9339,0.069982,-0.003578,-0.70969,-0.071879,-0.80279,-0.55726,1.2092,-9.433,6.8385,0.25159,0.52419,-0.43536,0.24643,1.0651,-0.97257,-14.109,1.8124,0.35889,1.0804,0.006292,-0.90633,0.59309,-0.34065,0.10401,-9.0259,1.4469,-0.46471,0.8886,0.058303,0.027932,0.10141,0.73794,0.12139
14.134,0.29758,5.0945,0.31058,0.22536,-0.58102,-0.84977,-0.16665,-0.6336,0.96242,8.1222,7.6375,0.3965,-0.20404,-0.51722,-0.056504,-0.80814,-0.54798,1.1864,-7.7218,7.2045,0.29848,0.13478,-0.87578,0.22663,1.0504,-0.97519,-13.28,6.002,-0.034153,1.5668,-0.098138,-0.23206,0.60174,-0.32194,0.12181,-6.4126,-0.63826,-5.8047,1.3247,-1.0375,1.9549,0.13733,0.74086,0.077503
10.865,0.99398,2.3733,0.28923,0.96668,-0.54364,-0.81974,-0.19381,-0.65586,0.013807,8.6298,7.007,0.20214,-0.63805,-0.04321,-0.062316,-0.81454,-0.53882,1.6859,-7.705,7.2362,-0.10627,-0.21971,-1.0791,0.1824,1.0457,-0.97973,-12.761,7.0206,0.78545,1.0619,-0.36895,0.98835,0.59828,-0.33805,0.13497,-16.92,-5.8283,5.6947,1.1397,-0.50347,1.0821,0.1607,0.74086,0.041821
10.386,1.6758,1.4042,0.46106,0.82376,-0.17442,-0.79219,-0.21684,-0.67677,1.5321,8.5899,7.1935,0.076276,-0.93876,0.28016,-0.090811,-0.82028,-0.54028,1.9619,-7.9926,7.084,0.0117,-0.495,-1.0671,0.12273,1.0442,-0.98553,-9.8054,2.2878,1.9528,0.033386,-0.68668,1.2895,0.57352,-0.39277,0.12509,-8.018,8.9004,-1.4062,-0.36598,0.29173,1.1697,0.20079,0.72991,0.025676
9.3708,2.7156,0.92577,0.17501,0.70705,-0.10965,-0.76667,-0.22955,-0.69542,2.4556,7.6061,6.0622,-0.26561,-1.0275,0.35185,-0.12638,-0.82332,-0.55182,2.9693,-6.6845,6.0497,0.23907,-0.546,-0.88899,0.064319,1.0294,-1.004,-12.669,-3.4494,-2.5775,0.4731,0.00966,1.991,0.53806,-0.45121,0.1198,-12.774,0.05512,-1.1892,-1.6019,-0.39434,1.9611,0.26189,0.71019,0.055593
7.6714,1.8342,2.4441,-0.69444,0.2008,-0.075036,-0.74563,-0.22892,-0.71742,3.0417,7.1389,5.4196,-0.35843,-1.0067,0.26383,-0.15931,-0.82073,-0.5689,3.5525,-5.5594,5.4621,0.41329,-0.39356,-0.78397,0.005535,1.0083,-1.0304,-13.235,-1.5463,-0.88784,0.273,0.091303,2.0371,0.47755,-0.52778,0.13109,-9.3239,-5.2443,-2.7438,-0.23091,0.74747,1.803,0.33772,0.68306,0.051136
7.8195,0.3929,3.182,-0.41834,-0.28203,0.016795,-0.74858,-0.21194,-0.71699,3.3186,7.2327,5.5676,-0.33458,-0.7492,0.20016,-0.18177,-0.81527,-0.58416,3.5483,-5.5627,4.6846,-0.21317,0.020929,-0.45528,-0.020474,1.0018,-1.0361,-12.389,0.65665,-1.4209,-0.86657,0.26498,2.1921,0.4116,-0.59264,0.13767,-10.275,-1.0819,-1.9269,-0.77972,-0.19067,1.6356,0.39405,0.65645,0.056045
7.1497,0.51736,3.0434,-0.17174,0.30893,0.25711,-0.7489,-0.19536,-0.71739,2.8906,7.3024,5.7014,-0.089952,-0.36629,0.177,-0.19612,-0.80771,-0.59329,3.4483,-7.1829,5.2859,-0.39507,0.2711,-0.42691,-0.026099,1.0098,-1.0225,-11.826,-1.3212,-1.3774,-2.1986,0.071098,2.4179,0.33854,-0.65491,0.11176,-9.6865,-3.7034,-0.69892,-0.51143,0.38927,1.8684,0.44096,0.63055,0.07458
6.9394,0.51633,3.7282,-0.015314,0.22134,0.42187,-0.74186,-0.18072,-0.72527,2.6802,6.6306,5.2547,0.090867,-0.037862,0.067749,-0.19976,-0.80709,-0.59793,3.6172,-6.4536,5.6547,-0.31813,0.4273,-0.24622,-0.026438,1.0209,-1.004,-9.9002,-3.8195,-1.111,-1.7181,0.17895,2.8876,0.24466,-0.71388,0.069513,-7.461,-2.7094,-1.6895,0.2809,0.28917,1.5454,0.49167,0.59559,0.073152
6.5314,0.86833,3.5931,0.069641,0.083634,0.29304,-0.73903,-0.17034,-0.72711,2.4493,5.8874,4.5305,0.081674,0.13806,-0.13325,-0.19228,-0.80875,-0.59696,3.2649,-5.6896,5.7534,-0.30884,0.5072,0.020642,-0.014104,1.0327,-0.98433,-9.41,-2.6091,0.4431,-0.51866,0.088261,2.7091,0.14905,-0.75189,0.053431,-9.53,0.61572,-1.357,0.18377,0.053467,1.5793,0.53397,0.56399,0.063768
6.7634,1.3093,4.023,-0.055384,-0.46347,0.043573,-0.74846,-0.1653,-0.71812,2.6931,5.5086,4.6421,0.033706,0.22145,-0.3067,-0.17633,-0.8112,-0.59344,3.5236,-5.9394,6.0158,-0.24181,0.54978,0.38825,0.015979,1.057,-0.95462,-7.0846,-1.8257,0.038812,-0.01801,0.1348,2.5383,0.051,-0.78034,0.034478,-9.7993,1.1947,-2.0771,-0.58793,0.37551,1.5988,0.57917,0.51885,0.071689
7.6871,1.2204,4.022,-0.13934,-0.65385,-0.046833,-0.76879,-0.15812,-0.69775,2.6335,6.7003,5.8769,-0.028498,0.36189,-0.50888,-0.15859,-0.81099,-0.58739,2.7406,-6.9067,6.0281,-0.087864,0.49602,0.67416,0.056032,1.068,-0.93775,-6.398,-1.9928,-0.60744,0.76865,0.49929,2.0114,-0.020564,-0.79085,0.047699,-9.9861,0.87776,-0.91574,-0.75727,0.048119,1.8793,0.62138,0.4684,0.088423
8.2302,0.71449,3.4558,-0.16083,-0.18739,0.043252,-0.78118,-0.14684,-0.68395,2.3427,7.3956,6.4664,-0.12859,0.49047,-0.66025,-0.13874,-0.80663,-0.58494,2.404,-6.696,5.9655,-0.009305,0.55398,0.87919,0.096852,1.0661,-0.9308,-5.8439,1.5107,1.4256,-0.026337,0.56841,1.3014,-0.065117,-0.79347,0.058386,-10.594,-4.5956,-0.70172,-0.63576,-0.049328,1.8156,0.6589,0.41507,0.099932
9.085,0.70398,4.3724,-0.10222,-0.29785,0.16341,-0.79077,-0.13577,-0.67769,1.8496,7.5034,6.2622,-0.17121,0.57201,-0.63109,-0.10968,-0.80252,-0.58537,2.054,-7.1434,5.9166,-0.04116,0.57257,1.0398,0.15531,1.0699,-0.91656,-6.8634,6.7824,-1.2415,-0.67235,0.95055,0.80296,-0.099882,-0.79617,0.026962,-10.885,-7.1722,-2.6035,-0.91268,0.073873,0.9978,0.68334,0.37167,0.10913
11.472,1.247,4.5955,0.028024,-0.63646,0.19905,-0.80718,-0.12652,-0.65893,1.7432,8.5214,7.3039,-0.3447,0.46287,-0.38645,-0.08666,-0.79519,-0.59113,1.6709,-8.4267,6.3488,-0.12639,0.35912,1.0408,0.21157,1.0738,-0.89588,-8.8085,1.5113,-1.53,-0.72431,0.45104,0.066942,-0.11325,-0.8002,-0.01713,-11.955,-2.966,-1.3329,-1.1907,-0.002404,0.81379,0.69548,0.34218,0.12584
13.426,1.2634,3.9762,-0.04988,-0.023017,0.29952,-0.82539,-0.11418,-0.64376,1.3468,8.8934,7.5899,-0.22398,0.28193,-0.025623,-0.068617,-0.78529,-0.59708,0.9975,-8.4203,7.2822,-0.098942,0.04199,0.72289,0.25864,1.077,-0.87742,-5.918,-3.4493,0.22157,-0.23187,-0.9204,-0.99895,-0.081981,-0.80205,-0.050035,-11.761,-4.0168,-0.15961,-1.2251,-0.453,0.57024,0.70698,0.31015,0.13311
13.528,0.48649,3.5243,-0.084107,0.84111,0.2255,-0.8142,-0.10488,-0.66191,1.2646,7.8653,7.123,-0.025618,0.053646,0.37683,-0.068148,-0.78383,-0.60254,-0.28462,-8.6896,8.1479,-0.30222,-0.72872,0.51137,0.271,1.0826,-0.86886,-21.869,27.15,2.7488,-3.1067,0.78068,-1.1833,-0.019323,-0.80172,-0.10439,-13.381,-5.6641,0.98141,-1.5496,-0.71814,-0.21863,0.70957,0.30334,0.13858
11.726,0.017526,2.1348,-0.19671,0.91797,0.001317,-0.7953,-0.099767,-0.69129,1.3852,7.6718,6.5396,0.22128,-0.20158,0.72198,-0.083895,-0.78406,-0.60289,1.946,-8.275,8.8933,0.58495,-1.5048,-0.063505,0.24616,1.0748,-0.8989,-7.9585,-8.4861,1.1839,-1.4278,0.31809,-0.70895,0.001385,-0.79363,-0.1576,-11.483,-7.8642,-0.4118,-0.87359,-1.0893,-1.3397,0.70429,0.31991,0.13232
10.602,-1.1822,2.4318,-0.38897,0.62116,-0.30332,-0.77242,-0.10095,-0.71884,1.1512,7.661,6.7641,0.43267,-0.30713,0.82101,-0.11123,-0.79375,-0.59316,0.90995,-8.5067,7.1017,0.42077,-1.7472,-0.40449,0.1799,1.0556,-0.96301,-11.412,-5.3402,0.65343,1.5661,0.53554,-1.5306,0.05003,-0.78866,-0.14415,-10.021,-2.3134,-0.43189,-0.36288,-0.70831,-1.7119,0.68249,0.36922,0.12059
8.4244,-1.5121,2.2341,-0.52776,0.67649,-0.14074,-0.75386,-0.094839,-0.74179,3.0116,6.793,6.232,0.14435,-0.41451,0.77499,-0.14293,-0.79747,-0.58873,3.0109,-7.6021,4.7315,0.55813,-1.3707,-0.53885,0.10817,1.0325,-1.0254,-11.069,2.3872,-1.5313,0.67378,-0.035875,-1.9832,0.12338,-0.77501,-0.085308,-15.616,3.1271,-2.2075,0.18559,0.68373,-2.4488,0.64094,0.43459,0.13188
7.918,-0.69108,3.5786,-0.09307,-0.030813,0.067223,-0.73119,-0.090227,-0.76819,3.411,6.8255,7.005,-0.017077,-0.44009,0.66157,-0.17594,-0.79894,-0.58636,3.0944,-7.2573,3.2598,0.489,-0.85288,-0.58106,0.038776,1.0012,-1.0867,-10.418,4.6281,-2.346,0.29109,0.336,-1.5779,0.19226,-0.74365,-0.069284,-14.615,1.3721,-1.5155,-0.14865,0.074495,-2.1015,0.58766,0.49696,0.14455
8.4909,0.2708,2.7237,0.3162,-0.47391,-0.010522,-0.74556,-0.094073,-0.75436,3.4054,6.7153,6.7371,0.004431,-0.34033,0.44494,-0.19447,-0.7969,-0.58963,4.0759,-7.1517,3.7079,0.049122,-0.26464,-0.67105,-0.002271,0.9851,-1.1052,-10.184,-2.9431,0.68299,1.0444,0.23646,-1.3876,0.24679,-0.71514,-0.036738,-12.266,-1.4238,0.22731,1.1657,0.27718,-2.4281,0.52928,0.54999,0.14514
7.7367,0.49509,3.7341,0.18152,0.062843,-0.10423,-0.75117,-0.10088,-0.74433,1.9695,6.421,5.4851,-0.036699,-0.1995,0.28654,-0.20244,-0.79461,-0.59479,3.3173,-6.7208,3.8576,-0.58802,0.31188,-0.62132,-0.019532,0.99051,-1.0873,-9.2534,3.5217,-2.0813,1.3398,0.070829,-1.7008,0.30684,-0.68108,0.022346,-10.838,2.1312,-1.4945,2.0024,0.29993,-2.5927,0.4686,0.59704,0.12407
6.7424,0.012736,4.0816,-0.078313,0.14783,-0.24549,-0.74371,-0.1109,-0.75027,2.6473,5.875,5.0761,-0.20173,-0.060631,0.15351,-0.21193,-0.79182,-0.60396,3.6374,-6.6477,5.399,-0.79234,0.58398,-0.36039,-0.022303,1.0209,-1.0469,-9.0721,1.3671,0.43056,0.56538,0.31737,-1.7233,0.37035,-0.63404,0.056828,-9.665,1.1209,-2.5083,2.4352,0.4303,-2.5057,0.39535,0.6421,0.074891
5.7723,-0.52584,3.6156,0.001924,0.059125,-0.23876,-0.74065,-0.11681,-0.75333,3.2685,5.3827,4.5964,-0.026077,0.22153,-0.018023,-0.21215,-0.7888,-0.60975,3.1815,-5.6227,6.3914,-0.7374,0.83931,-0.039258,-0.001755,1.0489,-1.0041,-9.7996,1.5032,-0.52953,0.089149,0.16165,-1.6556,0.42626,-0.58583,0.069865,-8.994,2.1006,0.52367,1.7267,0.41647,-2.157,0.32839,0.67091,0.042122
6.196,-0.70015,3.7445,-0.13426,-0.78215,-0.082067,-0.75476,-0.12318,-0.74216,3.4592,5.6777,4.7496,0.20171,0.44508,-0.29606,-0.19895,-0.79275,-0.60452,2.623,-6.759,6.5445,-0.65632,0.72452,0.23589,0.034518,1.0917,-0.94923,-9.7163,-1.824,-1.0794,0.4448,0.23148,-1.6858,0.47276,-0.52975,0.08674,-6.1053,1.2703,-0.87899,0.80681,0.31489,-1.9252,0.2604,0.69546,0.003613
7.8737,-0.59442,3.5788,-0.074962,-0.81178,-0.012386,-0.7835,-0.11781,-0.71379,3.0845,6.6681,6.001,0.24839,0.66308,-0.49525,-0.17459,-0.79733,-0.59243,2.6359,-7.2468,6.5387,0.2834,0.3387,0.55231,0.068139,1.1013,-0.93819,-9.6226,0.16473,-1.3198,0.53217,-0.17893,-1.8365,0.52145,-0.47206,0.097335,-6.1508,0.94946,-0.91051,-0.34875,0.38817,-1.5491,0.20996,0.71212,0.010778
8.5737,-0.52005,3.9577,-0.13102,-0.43673,-0.03496,-0.80007,-0.10835,-0.69316,2.1162,6.9351,6.4435,0.26763,0.83125,-0.63246,-0.14541,-0.80015,-0.57736,2.4531,-6.9193,5.8799,0.71149,0.16666,0.78737,0.1052,1.0803,-0.95622,-11.618,2.305,-0.31185,0.59126,0.13206,-1.5408,0.5637,-0.41856,0.10621,-6.7653,0.088751,0.39155,-0.70785,0.93561,-0.92199,0.17278,0.72232,0.043335
9.275,-0.52434,3.6198,-0.25449,-0.39583,-0.13375,-0.81303,-0.10183,-0.68015,1.6163,6.704,6.1185,0.31119,0.7719,-0.73552,-0.10819,-0.80302,-0.56277,2.457,-7.7253,5.8451,0.39109,0.28161,0.83485,0.14761,1.0623,-0.9757,-11.278,5.3258,-1.4337,0.76454,-0.045881,-1.1232,0.58925,-0.36885,0.11691,-6.8498,-5.0315,-0.66951,-0.57448,1.1794,-0.4239,0.15312,0.72874,0.064158
12.218,-1.3696,5.3228,-0.11741,-0.78174,-0.32489,-0.82972,-0.10194,-0.65946,1.0918,8.2658,7.0362,0.31653,0.2443,-0.81647,-0.080132,-0.80813,-0.54018,2.17,-9.3551,5.6295,0.20513,0.37435,0.39831,0.18608,1.0541,-0.97802,-11.088,3.4951,-1.0528,0.60255,0.09689,-1.0026,0.61038,-0.33174,0.12536,-8.8328,-6.9255,-3.2629,-0.75159,0.96092,-0.41766,0.13161,0.73352,0.09179
14.052,-1.5301,4.7089,0.41993,0.11275,-0.40811,-0.83972,-0.11733,-0.64175,1.6192,9.9236,9.1079,0.047638,-0.59086,-0.94638,-0.058192,-0.81231,-0.52471,1.4246,-9.6289,5.9897,0.10101,0.3217,-0.20449,0.19943,1.0394,-0.98346,-13.331,1.7094,0.59971,1.1485,-0.045969,-0.69495,0.62377,-0.29408,0.13553,-8.2943,-8.1882,-1.7632,0.33212,0.24333,0.4177,0.13006,0.73961,0.11135
12.991,0.29251,3.0862,0.85458,0.54856,-0.25083,-0.82436,-0.14916,-0.6483,1.7173,7.5728,9.3894,-0.19539,-0.96291,-0.655,-0.049692,-0.81311,-0.53112,1.3161,-7.9351,6.8045,0.070654,0.26861,-0.73178,0.18625,1.031,-0.97987,-14.316,6.8846,-0.44607,1.2301,-0.28017,-0.014331,0.62596,-0.28255,0.14667,-15.503,-12.985,3.8766,2.4642,-0.73216,0.97566,0.14633,0.74348,0.054992
12.25,0.92287,2.555,0.46804,0.67492,0.12011,-0.80519,-0.17149,-0.66324,0.97864,7.5966,7.0374,0.14881,-1.2708,0.13172,-0.065544,-0.81819,-0.53906,2.0539,-7.823,7.1756,-0.19946,-0.027567,-1.1096,0.15714,1.0404,-0.96677,-12.924,6.8465,1.0074,0.52673,-0.46936,1.0626,0.62179,-0.30744,0.14927,-8.0533,5.2672,-0.5575,2.0599,-0.14576,1.0714,0.17291,0.73863,-0.006272
11.185,1.5758,0.7232,0.57642,0.89335,0.072628,-0.785,-0.18746,-0.67911,1.2748,8.9185,5.4558,0.085032,-1.2708,0.48101,-0.10611,-0.82505,-0.54507,2.3215,-7.8499,7.8158,-0.02978,-0.44245,-1.2674,0.099383,1.043,-0.9668,-9.991,-1.1594,1.1501,0.6982,-0.83729,1.0901,0.59855,-0.35816,0.13763,-10.641,4.5623,-2.7097,-1.6058,0.13325,1.6686,0.21743,0.7255,-0.005537
8.3697,2.4695,1.4985,-0.16933,0.87649,-0.077181,-0.75352,-0.19502,-0.70857,2.5689,7.5274,4.3346,-0.28837,-1.0637,0.51898,-0.14646,-0.82627,-0.5582,3.0709,-6.8419,6.9539,0.2413,-0.80519,-1.2375,0.027571,1.0271,-0.98567,-13.401,-3.2451,-1.9172,0.84386,-0.052005,2.0534,0.56102,-0.41819,0.14136,-11.242,-0.98444,-2.8842,-1.3276,0.67005,1.9162,0.28177,0.70706,0.031166
6.9826,1.1949,2.5392,-0.57225,0.28821,-0.16835,-0.7249,-0.18992,-0.73635,3.0761,6.4018,4.9256,-0.20558,-0.63608,0.42093,-0.1817,-0.82261,-0.57687,3.2994,-6.1082,6.1549,0.38469,-0.89,-1.0483,-0.05694,0.99838,-1.0215,-13.712,0.89047,-1.2002,0.58084,0.099851,1.8365,0.50013,-0.49063,0.15835,-10.371,-6.1089,0.27657,-0.46519,0.1269,1.7747,0.35372,0.67938,0.025808
6.9689,0.26558,3.3836,-0.51421,-0.42772,-0.20075,-0.72627,-0.1754,-0.73638,3.4723,6.4432,4.8844,0.078978,-0.035412,0.42097,-0.19981,-0.81993,-0.58442,4.1017,-6.0182,5.2437,0.44168,-0.69573,-0.79328,-0.11486,0.97101,-1.0475,-12.082,-0.73086,-1.1056,-0.92329,0.22792,2.1934,0.43392,-0.55311,0.16947,-8.7747,0.69974,-2.8978,-0.77354,0.14269,1.4769,0.40819,0.65353,0.030643
7.0145,0.27401,3.0333,-0.19463,0.19205,-0.059812,-0.72964,-0.16966,-0.73172,2.935,6.9288,4.2685,0.25276,0.31502,0.29599,-0.20472,-0.8198,-0.58131,4.316,-5.3713,4.1159,0.43584,-0.31243,-0.53446,-0.15175,0.94433,-1.0667,-10.625,-2.516,-1.4646,-1.8792,-0.023122,2.5811,0.35964,-0.61613,0.15366,-9.3568,-3.2241,-1.5138,-1.1494,0.11504,1.811,0.45271,0.62734,0.066991
6.4467,0.18812,3.4239,-0.20459,0.094791,0.042695,-0.72326,-0.16207,-0.73729,2.4178,6.5691,4.4532,0.45689,0.40892,0.1693,-0.20061,-0.82227,-0.57076,4.8655,-4.7967,4.4028,-0.042714,0.16518,-0.26093,-0.16747,0.93048,-1.0735,-8.7531,-3.319,-1.3435,-1.7321,0.27526,2.9236,0.2636,-0.67698,0.12511,-8.3308,-3.0628,-2.0115,-0.17739,0.097533,1.6226,0.50309,0.58912,0.080472
