8.236,-0.25403,-0.54526,-0.24887,1.1825,-0.078593,-1.1067,0.12542,-0.44023,1.3591,9.0723,5.3094,-0.098036,0.31814,0.31469,-0.21694,-0.61717,-0.76758,1.4074,-7.5271,6.6119,-0.006981,-0.58918,-0.15339,0.19636,1.1048,-0.71089,-8.7428,3.4268,-1.371,0.052232,-0.34044,-1.6828,0.34294,-0.67473,0.35845,-11.561,-2.9323,0.69362,1.3694,0.72194,-2.5961,0.62106,0.6533,0.12232
7.6967,-0.69458,8.8709,0.281,0.47068,-0.1273,-1.0859,0.1335,-0.47553,1.5054,7.1575,5.6855,-0.29427,0.29815,0.040325,-0.21153,-0.61024,-0.77388,1.7075,-7.6203,6.3247,-0.20008,-0.36565,-0.061219,0.18147,1.1096,-0.71529,-7.9828,0.82092,-1.578,-0.17451,-0.36014,-2.0161,0.3986,-0.63757,0.35964,-10.312,0.38049,0.12604,1.8677,1.093,-2.9772,0.52422,0.6965,0.13565
5.8238,-0.36789,1.286,0.29892,-0.80244,-0.089527,-1.093,0.1212,-0.46205,1.468,7.0883,5.4663,-0.034876,0.34798,-0.29235,-0.19789,-0.60535,-0.77917,1.5418,-7.8997,6.8454,0.40851,-0.054758,0.33217,0.18587,1.1043,-0.73006,-8.3743,0.48469,-0.44515,0.50515,-0.22161,-1.8739,0.46876,-0.58187,0.36199,-8.7864,-0.88181,0.19323,2.6316,1.7316,-2.5839,0.41866,0.73742,0.1137
6.0505,-0.68817,-0.60195,0.3714,-0.59527,-0.004675,-1.1057,0.11259,-0.42469,1.1592,7.3305,5.5335,-0.089123,0.42674,-0.58316,-0.17788,-0.60358,-0.78199,0.73122,-6.2686,5.4943,0.91909,0.35847,0.71862,0.21702,1.0729,-0.76926,-9.6459,1.5662,-2.0474,0.45584,-0.18734,-1.5559,0.52762,-0.52353,0.369,-8.7855,-0.14858,-0.1484,1.1437,0.38122,-2.1759,0.33283,0.75911,0.095492
8.2772,-0.34092,0.7303,0.10332,0.34593,-0.008788,-1.0989,0.11762,-0.43169,1.2243,7.4235,5.3497,-0.13262,0.45677,-0.80137,-0.15109,-0.60141,-0.78832,0.6751,-4.4971,4.8465,0.33226,0.37609,0.53003,0.25789,1.0481,-0.78937,-9.936,-0.055084,-1.9764,-0.086813,-0.19546,-1.7663,0.59025,-0.46809,0.35712,-7.1882,1.9721,-2.0579,-0.50324,0.009578,-1.3629,0.26554,0.77275,0.081034
9.8365,-0.38935,6.039,1.0386,-0.30586,-0.28153,-1.0929,0.11131,-0.42981,0.37278,7.9066,5.7355,-0.090285,0.44889,-0.86052,-0.1198,-0.5981,-0.78795,0.06397,-7.6946,7.7438,0.032417,0.40549,0.36229,0.28686,1.044,-0.77558,-10.295,0.98237,-2.93,0.074426,-0.2166,-1.7009,0.64476,-0.41272,0.34669,-6.1933,0.34846,-0.49171,-1.626,-0.071674,-0.72975,0.23408,0.77309,0.12977
10.594,-0.22156,1.435,0.20188,-0.36323,-0.23607,-1.0987,0.10124,-0.39846,-0.056728,7.719,5.9215,-0.047213,0.48061,-0.84835,-0.089025,-0.59467,-0.78749,-0.027603,-6.4689,6.9265,0.079509,0.28603,0.29332,0.31491,1.0358,-0.77128,-8.8858,6.0835,-5.5781,0.31768,-0.014895,-1.2425,0.67822,-0.36341,0.34955,-7.0066,-9.4369,-3.729,-0.57866,0.51777,-0.55944,0.2089,0.77587,0.17302
11.872,-0.39267,2.7642,0.040323,-0.50216,-0.37504,-1.1031,0.09247,-0.36801,-0.44198,8.586,5.6461,0.090107,0.51118,-0.77102,-0.059737,-0.59354,-0.78384,-0.20905,-7.8057,8.1107,0.17808,0.093635,0.072044,0.32602,1.0329,-0.76712,-11.565,3.9177,-3.0938,0.32429,0.37228,-0.78379,0.70328,-0.32918,0.35829,-9.0853,-6.6594,-4.8548,-0.17977,0.1035,0.1585,0.19771,0.77347,0.19975
14.108,-0.26907,2.5656,0.05277,-0.21041,-0.6533,-1.1089,0.072416,-0.34035,-1.4019,9.3358,6.0227,0.26773,0.45673,-0.2731,-0.037881,-0.59487,-0.77692,0.70095,-8.6925,8.5482,0.30303,-0.12922,-0.3379,0.31495,1.0262,-0.77802,-12.431,2.7862,-2.3147,0.84296,0.23698,0.009284,0.71108,-0.30928,0.37299,-7.6472,1.802,-4.098,2.808,-0.58873,0.7597,0.20812,0.78121,0.1561
14.924,0.92569,0.40842,0.23428,0.004844,-0.65944,-1.1157,0.034704,-0.33405,-0.9884,8.9003,6.3246,0.36986,0.2056,0.33118,-0.036058,-0.60617,-0.76911,-0.1938,-7.8433,7.4637,0.05622,-0.32867,-0.88455,0.27236,1.0298,-0.79232,-14.676,3.5416,-2.1656,0.66595,-0.034814,1.0444,0.70257,-0.321,0.38404,-14.017,-13.03,3.6877,0.23261,0.12208,2.0054,0.26748,0.78045,0.096309
11.961,0.52801,-1.6609,0.30369,-0.042669,-0.31117,-1.1265,0.004132,-0.33238,0.023416,8.4978,6.3047,0.22631,-0.14515,0.80366,-0.049625,-0.61636,-0.76346,0.58792,-7.3169,6.8943,-0.24212,-0.58357,-1.1042,0.21099,1.0371,-0.80619,-9.9206,9.7718,0.96914,1.5567,-0.11129,2.1508,0.66846,-0.36195,0.39876,-8.6919,-1.0062,-2.8085,-1.0517,-1.2001,0.82902,0.31641,0.76826,0.086666
9.6269,1.6005,-2.1193,0.84607,-0.10635,-0.10974,-1.1318,-0.019624,-0.33644,-0.23689,7.2612,5.8454,0.3021,-0.48556,0.59826,-0.066531,-0.62601,-0.75489,1.2388,-4.7369,6.9449,-0.075014,-0.35316,-0.64735,0.16515,1.034,-0.82047,-12.173,-3.0103,-0.39762,0.27051,0.41355,2.8136,0.61369,-0.43896,0.41144,-8.8595,2.1794,-3.5796,-0.70432,0.054628,1.7337,0.37081,0.75832,0.09461
7.6642,1.5502,-4.1415,-0.48172,-0.36657,0.13459,-1.1369,-0.023441,-0.32696,-0.23955,7.4893,5.3264,0.24942,-0.70263,0.31123,-0.089793,-0.63505,-0.75135,1.4416,-4.7367,6.3514,-0.08461,-0.25743,-0.53052,0.13092,1.0366,-0.82805,-14.309,-2.0998,-4.958,0.23448,1.0706,2.0435,0.52223,-0.50987,0.4364,-10.759,-5.982,-1.9455,0.000194,-0.37646,2.3707,0.46217,0.73195,0.070428
8.6384,0.9681,-1.3321,-0.29214,0.98509,0.088188,-1.1251,-0.013977,-0.3579,-0.039968,8.9669,6.0707,0.21312,-0.73902,0.2867,-0.11436,-0.64165,-0.74766,1.7132,-8.0932,6.1572,-0.30395,-0.19087,-0.55295,0.10225,1.046,-0.81977,-11.581,0.34287,-1.8598,-0.70699,0.65545,2.4276,0.42552,-0.57214,0.44943,-9.3901,-2.3576,-2.0695,-0.22372,-0.30121,1.5949,0.53554,0.7049,0.043063
8.5519,0.99367,3.5916,-0.46307,0.69961,0.2098,-1.1045,0.009155,-0.41464,0.62353,8.5492,5.2175,0.048547,-0.61823,0.19803,-0.14307,-0.64448,-0.75048,2.2562,-7.1466,7.4252,-0.33391,-0.001117,-0.43668,0.071465,1.058,-0.80341,-9.8333,-2.0098,-0.71183,-1.0809,0.59254,2.3348,0.30693,-0.65271,0.43374,-8.3374,-0.47603,-1.0979,-0.65191,-0.12498,1.9838,0.604,0.67098,0.039294
6.5003,1.3275,2.0338,0.1567,-0.33594,0.24584,-1.0995,0.016733,-0.4196,0.20621,8.2319,4.6764,-0.28429,-0.41137,-0.043671,-0.14943,-0.64528,-0.76051,2.9911,-6.821,7.8854,0.001228,0.30612,0.057379,0.072876,1.063,-0.79772,-7.752,0.007333,-0.47715,-1.5444,0.77943,1.9712,0.21577,-0.69765,0.41535,-7.5911,-1.9427,-1.3432,-1.3158,-0.4683,2.1529,0.68307,0.62672,0.038413
5.8632,0.86801,-0.36898,-0.15464,-0.66531,0.31777,-1.1056,0.02802,-0.399,1.4943,7.0614,4.0423,-0.3456,-0.2259,-0.30623,-0.14744,-0.64103,-0.77807,1.5673,-5.0996,5.3597,0.45861,0.54724,0.36732,0.10082,1.047,-0.81562,-7.4565,0.93559,0.20299,-2.0707,0.59856,1.7707,0.14041,-0.73225,0.37641,-9.0163,-3.2365,-1.1467,-0.97975,-0.5403,1.7054,0.74924,0.58923,0.038574
6.6508,0.60783,0.12772,-0.452,-0.033468,0.26549,-1.1053,0.049034,-0.38198,1.5101,7.5143,4.6374,-0.30629,0.003441,-0.54355,-0.13919,-0.63561,-0.78962,1.3053,-5.3738,4.671,-0.013364,0.7305,0.49425,0.1414,1.0384,-0.81405,-5.881,-0.6904,-0.42379,-1.4554,0.015788,1.4168,0.068893,-0.77044,0.32014,-9.5899,-1.3211,-1.2857,-0.07584,-0.36193,1.8421,0.80372,0.54333,0.034057
8.3616,0.78008,1.7981,-0.62628,0.3267,0.30044,-1.0987,0.074322,-0.38244,0.2547,7.7945,4.8788,-0.098775,0.20049,-0.68221,-0.12176,-0.63226,-0.79429,0.56464,-6.5398,6.8902,-0.088736,0.78232,0.62462,0.19027,1.0416,-0.78935,-5.9716,-0.77813,-1.0557,0.75543,0.17821,0.99273,0.018727,-0.78132,0.3063,-9.866,-0.85769,-0.99028,0.43544,-0.4305,1.987,0.85481,0.48669,0.01703
9.7012,1.4137,3.7075,0.29017,-0.12761,0.11238,-1.0998,0.085202,-0.36298,-0.099079,7.9188,5.2466,-0.2349,0.33305,-0.78712,-0.098366,-0.62296,-0.80262,0.4865,-6.8127,7.6272,-0.064014,0.77175,0.84359,0.25249,1.0348,-0.76594,-6.5763,5.6156,-2.6803,1.4743,0.2321,0.83205,-0.019156,-0.7786,0.32813,-9.1272,-5.468,-3.7094,0.122,-0.15431,1.5263,0.89713,0.42543,0.012672
11.198,1.441,1.2569,-0.036902,-0.3182,0.19303,-1.0991,0.096031,-0.33729,0.13593,8.951,5.3548,-0.069527,0.29829,-0.50394,-0.085223,-0.61687,-0.80486,0.16732,-9.0091,9.2033,0.074471,0.39412,0.9027,0.30499,1.0262,-0.74648,-8.8504,8.1511,-5.017,1.1978,0.51854,0.57332,-0.048791,-0.77091,0.36019,-10.576,-2.2466,-4.4572,-0.14016,0.13381,1.2237,0.92121,0.38098,0.017402
13.563,1.1649,2.5862,-0.43889,-0.11868,0.36429,-1.0953,0.11424,-0.33298,-0.59879,9.485,6.2252,0.033605,0.35703,0.098372,-0.079375,-0.61531,-0.79447,-0.20886,-8.3122,8.8945,0.19638,0.14398,0.88993,0.34264,1.0151,-0.74085,-8.6737,3.1549,-4.4378,0.18565,0.098366,-0.37131,-0.056397,-0.76345,0.38057,-12.867,-3.3495,-2.1533,-0.9864,-0.1343,0.81806,0.93808,0.34481,0.01847
16.801,0.48464,3.1733,-0.15946,0.19397,0.36274,-1.1005,0.13325,-0.32635,-0.59813,8.4066,5.6443,-0.009412,0.22581,0.74876,-0.081978,-0.61424,-0.78739,-1.1587,-4.2565,5.8807,0.060491,-0.19725,0.33284,0.36709,0.99298,-0.76339,-12.304,0.9146,-2.9778,-1.6244,0.066366,-1.8402,-0.011793,-0.77593,0.35946,-13.187,-6.2772,-1.8603,-0.59789,-0.32906,0.068967,0.9413,0.32934,0.020169
13.581,0.64037,0.31477,-0.20165,0.40202,0.18623,-1.1103,0.1401,-0.34729,-0.54782,9.5356,6.7774,0.10419,-0.12549,1.3348,-0.10504,-0.61985,-0.77717,-0.64662,-8.4495,8.2204,-0.55251,-0.39582,-0.40337,0.35707,1.0064,-0.75815,-13.587,12.503,4.3436,-2.6888,-0.61359,-0.81871,0.047223,-0.80634,0.26995,-11.918,-8.7602,-2.6747,0.48453,-0.085756,-1.2784,0.9273,0.35516,0.013213
11.494,-0.52123,-1.4395,0.1509,0.09363,0.035399,-1.1266,0.13485,-0.35768,-0.01879,7.4511,6.6715,0.09225,-0.34728,1.3362,-0.14011,-0.61996,-0.77275,-0.48456,-6.1916,7.8755,-0.61584,-0.53355,-0.74967,0.31742,1.0236,-0.76367,-7.0759,-8.7414,-2.3521,0.86833,-0.26287,-0.94001,0.072648,-0.81048,0.25649,-9.3076,-8.2692,0.80694,0.1022,-0.20257,-2.3196,0.87612,0.42506,0.016869
9.4074,-1.7393,-3.8881,0.091662,0.078706,-0.016971,-1.1339,0.12575,-0.37292,1.1391,6.5549,5.4861,0.023287,-0.4157,0.8287,-0.17068,-0.61733,-0.77319,1.1443,-6.0169,6.1931,-0.34241,-0.60293,-0.41161,0.27851,1.0433,-0.7646,-8.7358,-1.0924,-2.0562,1.4024,-0.55822,-2.1625,0.14744,-0.77097,0.30668,-13.992,4.5412,-1.3741,-1.2579,0.38344,-3.4613,0.79697,0.52094,0.04213
6.37,-0.3862,-2.7011,-0.35017,0.59254,0.13688,-1.1244,0.12147,-0.41046,0.93058,7.5299,5.4164,-0.010708,-0.36242,0.54481,-0.19342,-0.61448,-0.77449,0.33356,-6.4622,6.284,-0.13064,-0.56752,-0.21374,0.24772,1.063,-0.76097,-12.825,4.043,-1.9489,0.98618,-0.13482,-2.0984,0.23206,-0.72057,0.35444,-12.906,2.0255,-5.4412,-1.0179,1.2634,-2.0979,0.72092,0.58511,0.095371
8.1371,-0.057889,0.59723,-0.39056,1.2249,0.045085,-1.1058,0.13247,-0.45754,2.0844,8.3198,4.9799,-0.069954,-0.30572,0.50677,-0.21436,-0.61155,-0.77867,1.0481,-6.7081,6.0399,-0.050149,-0.44504,-0.31212,0.22474,1.0722,-0.76917,-8.6364,2.7925,-2.0134,0.074001,-0.47519,-1.6159,0.30939,-0.67267,0.3727,-11.276,-2.6791,0.55719,0.85915,0.70652,-2.6403,0.63388,0.63129,0.12274
7.1168,-0.98461,4.6944,0.37046,0.15699,-0.12067,-1.0871,0.13644,-0.49759,1.6792,7.2258,5.1231,-0.21355,-0.12457,0.20282,-0.22447,-0.60711,-0.78305,1.0847,-8.2944,6.3859,-0.24715,-0.24134,-0.28117,0.2009,1.0841,-0.76697,-7.3634,0.86876,-1.6707,0.004962,-0.40287,-1.9326,0.38268,-0.62926,0.3703,-10.282,0.5135,0.50042,1.4938,1.0415,-2.8392,0.53205,0.67747,0.13126
5.7017,-0.88635,1.4687,0.24969,-0.48258,-0.060013,-1.0872,0.1344,-0.48886,2.1429,6.9367,5.2194,-0.15904,0.10696,-0.2036,-0.22022,-0.5998,-0.79408,1.8245,-7.1255,5.1495,0.16355,0.099011,0.19285,0.20318,1.081,-0.77403,-8.1357,0.2635,-1.1303,0.65998,-0.24479,-1.7886,0.47652,-0.56244,0.38241,-8.2383,-0.19747,0.28651,2.5888,1.4506,-2.4168,0.42172,0.71703,0.14305
5.7278,-0.91,-0.090593,0.04945,-0.33145,-0.024533,-1.0982,0.13258,-0.45979,1.6603,7.2828,5.3468,-0.1736,0.29477,-0.54575,-0.20469,-0.59738,-0.79832,0.75884,-5.3968,5.4553,0.14465,0.33696,0.3804,0.22514,1.0727,-0.77367,-10.127,0.91796,-1.7112,0.833,-0.38125,-1.5802,0.53907,-0.50228,0.39373,-8.6658,-0.14833,-0.37795,1.7697,0.68492,-2.0742,0.34107,0.74338,0.11901
7.6713,-0.54568,1.2471,0.070041,0.15508,-0.093811,-1.0971,0.13136,-0.45812,1.6301,7.4627,5.2649,-0.28789,0.45393,-0.75735,-0.18175,-0.59165,-0.80363,0.42654,-7.0053,6.9207,-0.00727,0.35816,0.30405,0.24054,1.0771,-0.75135,-9.8543,1.4749,-1.9314,-0.054754,-0.44377,-1.8101,0.58224,-0.45263,0.38408,-7.2862,1.7494,-2.3441,-0.24699,-0.015272,-1.2244,0.2893,0.75747,0.09913
9.2765,-0.43339,3.3043,-0.031187,-0.20893,-0.22983,-1.0947,0.13014,-0.44689,0.80851,7.5585,5.5154,-0.079985,0.60176,-0.87399,-0.14779,-0.58528,-0.80577,0.53697,-7.5014,7.0117,-0.003574,0.31303,0.38872,0.26225,1.0785,-0.73099,-9.5538,3.2531,-3.6454,-0.19783,-0.13721,-1.4141,0.62945,-0.4036,0.36929,-4.706,-1.841,-0.11392,-0.82907,0.084374,-0.76019,0.25616,0.75815,0.13573
11.276,-1.1963,1.0911,-0.1339,-0.41967,-0.35212,-1.1005,0.12458,-0.41504,0.3759,7.4974,5.6218,-0.078789,0.70812,-0.92598,-0.11076,-0.58105,-0.80925,0.85166,-9.5929,7.9696,-0.027033,0.23312,0.41314,0.28302,1.078,-0.71414,-8.0592,5.6171,-4.4507,-0.060829,0.20015,-0.99663,0.65986,-0.36684,0.36621,-7.6809,-9.4257,-3.8749,-0.21227,0.51119,-0.82691,0.22132,0.76337,0.15711
12.971,-1.4959,2.2361,-0.022481,0.27468,-0.44046,-1.0957,0.11603,-0.40125,0.082857,8.5797,5.9166,0.14138,0.65063,-0.79194,-0.071785,-0.58036,-0.80583,0.34178,-7.4181,7.1466,0.23689,0.21365,0.15912,0.31047,1.0657,-0.71189,-11.392,0.84324,-2.9819,0.29989,0.50248,-0.75881,0.6901,-0.33631,0.37364,-9.957,-4.8838,-3.0495,0.86974,-0.38867,0.083332,0.2017,0.75802,0.1831
15.239,-0.44337,3.0957,0.62134,0.68461,-0.41186,-1.0877,0.092517,-0.41485,-1.072,8.5087,6.5799,0.36538,0.44846,-0.38692,-0.049513,-0.58588,-0.79674,-0.35511,-7.3732,7.0913,-0.027639,0.062025,-0.31684,0.30732,1.0628,-0.71472,-14.527,3.5208,-2.4326,1.27,-0.17719,-0.088658,0.70467,-0.31094,0.38917,-7.3684,0.84686,-0.4654,1.3364,0.18567,1.5771,0.21862,0.77063,0.12487
13.924,1.3576,1.8366,0.64382,0.76234,-0.23537,-1.0811,0.065084,-0.44121,-0.84576,9.9214,7.2099,0.30739,-0.076253,0.23435,-0.045926,-0.59721,-0.78741,0.16374,-8.6942,7.0977,0.003513,-0.11891,-0.84176,0.27977,1.0675,-0.71902,-13.499,6.8338,-2.8507,0.71259,-0.2563,1.1397,0.6992,-0.31937,0.39256,-17.096,-7.9379,1.9312,-0.11787,-0.24205,1.2171,0.26341,0.76782,0.10875
11.019,1.1411,0.67164,0.21576,0.12584,0.09383,-1.0781,0.053359,-0.4587,-0.93293,8.4682,6.4396,0.48564,-0.54512,0.60628,-0.066709,-0.60766,-0.77892,0.78902,-7.4179,8.3905,0.11396,-0.19913,-0.93868,0.23384,1.0703,-0.72746,-9.5085,7.9004,0.55182,0.77773,-0.053231,2.3158,0.66108,-0.38111,0.40131,-9.5557,1.6997,-2.1883,-0.72515,-0.14041,1.2643,0.31053,0.75515,0.10654
8.6867,2.2238,-0.48798,0.88248,-0.34303,-0.045768,-1.0798,0.041334,-0.46298,0.48089,6.8834,5.7558,0.29915,-0.85886,0.43631,-0.099176,-0.62016,-0.774,1.1327,-5.0898,6.4384,0.40801,-0.16582,-0.66855,0.19717,1.0633,-0.75393,-12.971,-6.1174,-0.57534,0.84514,0.737,2.7023,0.58513,-0.47106,0.41472,-11.019,-1.1393,-0.084226,-0.11111,-0.23057,2.5175,0.39099,0.7329,0.090729
7.8526,1.7461,-1.6315,-0.73869,-0.25915,0.1339,-1.08,0.032843,-0.46453,0.22803,7.6751,5.4857,0.11706,-0.99628,0.25218,-0.1338,-0.62832,-0.77238,0.23478,-5.5091,5.8894,0.52897,-0.088421,-0.47512,0.168,1.05,-0.78071,-13.756,-0.85161,-5.2333,0.62103,1.547,2.04,0.48491,-0.52305,0.46958,-10.77,-3.3912,-1.5801,-0.13883,-0.29987,1.9789,0.50653,0.69335,0.05115
8.095,0.6453,0.83277,-0.68434,0.55117,0.18441,-1.0738,0.053971,-0.47879,1.398,8.6975,5.5899,0.25348,-0.83021,0.2265,-0.16286,-0.63554,-0.77048,1.3236,-6.8433,6.1931,0.067402,-0.1271,-0.5356,0.14245,1.0465,-0.79532,-10.915,1.894,-0.93286,-0.86474,0.82088,2.429,0.38325,-0.57834,0.48418,-9.3814,-0.79105,-3.6114,-0.47587,-0.24065,1.794,0.58508,0.66378,0.02032
7.4513,0.052998,3.9054,0.067912,0.016015,0.19145,-1.0676,0.070715,-0.48858,0.73991,8.2806,4.1258,0.20638,-0.59947,0.11854,-0.17838,-0.64195,-0.76669,1.1642,-6.7374,7.069,0.034015,0.060932,-0.28625,0.12937,1.0455,-0.79621,-9.569,-0.85646,-0.077574,-1.3749,0.6167,2.5117,0.28503,-0.63871,0.47743,-8.3619,-2.2274,-0.087087,-0.58236,-0.20433,2.2129,0.65238,0.63321,0.002934
5.8721,0.35817,1.1423,0.16904,-0.71792,0.34585,-1.0738,0.078669,-0.46904,1.2008,7.835,4.0148,-0.092074,-0.24789,-0.15454,-0.18562,-0.64335,-0.76939,1.6764,-5.6768,7.2099,0.26124,0.22982,0.12793,0.13172,1.0393,-0.79942,-7.6897,1.22,0.10797,-2.4827,0.94973,2.1084,0.18352,-0.70203,0.43202,-7.3367,-3.0555,0.38368,-1.5243,-0.6314,2.0238,0.72918,0.58803,0.001342
5.8829,0.43714,-0.1105,-0.22689,-0.63177,0.30384,-1.0834,0.095284,-0.43333,1.5889,7.7027,4.2839,-0.27431,0.22009,-0.43237,-0.17754,-0.63882,-0.77705,1.2456,-5.6637,6.587,0.27331,0.37007,0.6121,0.16022,1.0304,-0.80372,-6.8127,0.50453,-0.12121,-2.2972,0.48939,1.8068,0.087765,-0.75959,0.36262,-8.492,-2.6521,-2.3464,-1.1689,-0.50975,1.572,0.78766,0.54948,0.009679
7.7899,0.56748,0.52406,-0.075641,0.061536,0.23016,-1.077,0.1183,-0.43084,1.2481,8.0007,4.3318,-0.35802,0.57739,-0.60763,-0.14722,-0.63214,-0.78198,0.92457,-6.0215,6.6422,0.30398,0.5147,0.8437,0.20268,1.0259,-0.7944,-6.586,-0.45016,-1.1584,-1.3359,0.2703,1.348,0.005779,-0.80268,0.28163,-10.541,-0.97073,-1.9432,-0.2862,-0.31269,1.7312,0.84233,0.50203,0.020159
10.086,0.64131,3.4069,-0.073948,0.30947,0.2395,-1.0667,0.13523,-0.42948,0.24803,8.0304,5.2152,-0.15452,0.73377,-0.53838,-0.11805,-0.62516,-0.78439,0.25777,-6.8353,7.3161,0.31463,0.61853,0.84012,0.25321,1.014,-0.78697,-7.3005,0.34336,-1.5038,1.3079,0.10588,0.83633,-0.042276,-0.80276,0.28018,-10.407,-1.2556,-1.8222,-0.11779,-0.4335,1.9307,0.88812,0.44566,0.011752
11.161,1.1953,3.5082,-0.006978,-0.12495,0.1358,-1.0645,0.14459,-0.4127,-0.49754,7.7098,5.8459,0.26346,0.64569,-0.50865,-0.091715,-0.62021,-0.77954,0.29293,-7.6009,7.6527,0.004005,0.56417,0.81132,0.30407,1.0012,-0.78025,-6.9952,8.168,-3.7118,0.99132,0.59906,0.77858,-0.078788,-0.78992,0.31605,-9.7541,-3.91,-4.1042,0.004502,-0.22534,1.6584,0.91921,0.38973,-0.005003
11.967,1.0134,2.9163,-0.29732,0.089976,0.09987,-1.0668,0.15518,-0.40147,-0.44423,8.9402,6.5663,0.66419,0.29533,-0.29044,-0.078298,-0.63655,-0.76388,0.13482,-6.9298,8.7877,-0.16745,0.28487,0.6922,0.34615,0.99696,-0.76094,-8.186,9.8243,-4.5928,-0.14904,0.66687,0.39812,-0.1102,-0.79373,0.31344,-12.78,-4.1675,-3.3044,-0.49859,-0.028534,1.1667,0.94297,0.33891,-0.002135
13.931,0.80064,4.0191,-0.27208,0.09028,0.078259,-1.0702,0.16156,-0.39669,-0.80319,9.6123,5.9937,0.82937,-0.064801,0.18024,-0.078916,-0.65914,-0.74099,-1.0246,-7.2496,8.9493,-0.44345,-0.11557,0.43988,0.37232,1.0017,-0.74396,-7.178,-0.37614,-5.0942,-1.5221,-0.13999,-0.87069,-0.11101,-0.81075,0.28038,-12.526,-5.16,-1.7938,-0.88922,-0.39209,0.64417,0.95489,0.30594,0.000293
14.735,-0.57517,1.86,-0.36536,0.3399,0.23749,-1.0753,0.16501,-0.413,-0.45325,10.418,5.2947,0.43431,-0.24617,0.77845,-0.093263,-0.67814,-0.72021,-1.3558,-6.7161,7.6612,-0.24564,-0.44107,0.017258,0.37005,1.0103,-0.73919,-15.069,7.673,4.8442,-1.0088,-0.27088,-2.2457,-0.038744,-0.83121,0.23217,-11.994,-8.231,-4.3927,-0.17563,-0.13486,-0.75978,0.94777,0.30457,-0.00017
12.293,-0.83128,0.39988,-0.062012,-0.025592,0.076821,-1.0878,0.1687,-0.42572,0.90361,8.9598,4.5285,0.35118,-0.37082,1.2266,-0.12147,-0.68907,-0.71044,-0.11453,-7.2272,7.5373,-0.45986,-0.82912,-0.58404,0.33721,1.0229,-0.74661,-11.644,-0.87445,0.46594,0.28039,-0.48671,-0.8753,0.00226,-0.82907,0.22863,-9.8207,-9.4477,-1.1471,0.23118,0.20006,-2.3875,0.9082,0.37209,0.00521
10.354,-2.0092,-1.2788,0.1334,-0.81256,0.1212,-1.1063,0.16703,-0.41436,0.90759,6.9519,4.1451,-0.35354,-0.24749,1.0879,-0.14909,-0.68435,-0.71087,0.88682,-6.8912,6.9648,-0.52314,-0.86047,-0.49818,0.29569,1.0427,-0.75431,-8.496,-4.6188,-3.2029,0.9686,-0.044402,-1.648,0.046541,-0.81685,0.2492,-12.976,1.42,1.2193,-1.5462,0.11942,-3.3269,0.84591,0.46708,0.032333
8.0712,-0.70535,-4.1228,0.74039,-0.35853,-0.18395,-1.1214,0.15147,-0.39701,0.56575,8.0581,4.4955,-0.4523,-0.085465,0.81134,-0.17203,-0.67028,-0.72119,0.59383,-6.0721,6.0171,-0.22052,-0.61876,-0.26417,0.26174,1.0557,-0.76142,-10.223,3.0676,-2.9609,0.69393,-0.37258,-2.1445,0.14124,-0.78409,0.29008,-18.217,5.1512,-3.5504,-1.6788,1.6213,-2.6008,0.75321,0.55432,0.11048
8.3235,0.077785,-2.2281,-0.068955,0.93943,-0.038182,-1.1122,0.13824,-0.4286,1.3785,8.338,4.7473,-0.25546,-0.021454,0.66263,-0.19129,-0.65583,-0.73519,0.74249,-8.027,7.0948,-0.21556,-0.49942,-0.24907,0.23754,1.0652,-0.76393,-10.654,2.9574,-2.1292,0.34394,-0.54766,-1.6904,0.22621,-0.74254,0.31623,-12.385,-2.8364,0.022583,0.40027,1.0704,-2.6571,0.66576,0.60524,0.16373
8.9245,0.24056,2.2018,-0.43929,1.1781,-0.11695,-1.0902,0.13768,-0.48458,1.897,7.8787,4.9573,0.027809,0.047336,0.4793,-0.20939,-0.64838,-0.73865,1.6206,-6.9283,6.6563,-0.29238,-0.3244,-0.30408,0.20187,1.0779,-0.76512,-8.6719,1.0148,-1.9672,-0.072952,-0.10716,-1.7549,0.30213,-0.68831,0.3593,-10.808,-1.1593,1.0846,1.7297,1.1285,-2.9293,0.54513,0.68243,0.17818
6.9606,-0.17667,3.0347,-0.067485,-0.49246,-0.083888,-1.0862,0.13383,-0.49727,2.2794,7.7547,5.0199,0.2766,0.12195,0.14603,-0.21519,-0.65351,-0.73189,1.5357,-7.4096,7.1499,-0.51193,-0.20413,-0.012712,0.19206,1.0908,-0.7556,-8.5341,1.0095,-0.55397,0.33258,-0.34474,-2.2127,0.38643,-0.63976,0.36466,-10.042,0.99462,-0.69693,2.9333,1.5007,-2.6444,0.44089,0.72844,0.15723
5.4212,-0.9238,0.27258,-0.027332,-0.81018,-0.004352,-1.0935,0.13511,-0.47906,1.7808,7.7521,4.5721,0.28992,0.26182,-0.22601,-0.20693,-0.66103,-0.72405,0.81912,-6.8165,6.2144,-0.55698,0.10542,0.41785,0.21037,1.1004,-0.74279,-9.0597,1.6586,-0.26514,0.8465,-0.36078,-1.902,0.46215,-0.58936,0.35418,-8.2234,0.1182,-0.28759,2.5845,1.0675,-2.1769,0.3609,0.74935,0.11231
6.2088,-1.3532,0.46974,0.35763,-0.20418,0.053832,-1.099,0.13942,-0.45397,1.8046,7.9759,3.9317,0.17112,0.31892,-0.50214,-0.19065,-0.66683,-0.71581,0.31041,-4.761,4.2981,0.020414,0.27649,0.53023,0.23896,1.1037,-0.73515,-9.3014,1.4471,-1.9353,0.087074,-0.20301,-1.7696,0.52172,-0.52731,0.36005,-6.5054,2.1676,-1.2092,0.90414,0.233,-1.5497,0.29293,0.76569,0.085444
8.2571,-0.56984,2.4153,0.49281,0.058948,0.013997,-1.0945,0.13874,-0.44936,0.58412,8.9536,4.8108,0.078262,0.45681,-0.77279,-0.16425,-0.67199,-0.70922,0.41128,-7.7958,6.4404,0.024876,0.41075,0.56554,0.27348,1.102,-0.72169,-9.7566,0.16822,-1.4029,-0.35382,-0.46112,-1.9499,0.58241,-0.47131,0.34419,-5.4255,2.977,-1.271,-0.91536,-0.23282,-0.57927,0.2591,0.77101,0.095299
9.6574,-0.27327,3.256,0.57101,-0.25829,-0.053653,-1.1025,0.13044,-0.42066,0.85164,8.4301,5.2596,-0.21521,0.40441,-0.9405,-0.12954,-0.6744,-0.71102,0.36563,-6.598,6.1108,0.14178,0.44611,0.55526,0.3126,1.1009,-0.70651,-9.5233,5.4334,-4.945,0.42028,-0.22517,-1.4019,0.63822,-0.39388,0.35049,-5.8575,-6.0249,1.6631,-0.16426,0.33872,-0.3732,0.24207,0.78149,0.11452
10.888,-0.96594,1.7015,-0.14638,-0.30068,-0.03254,-1.1056,0.13541,-0.39722,0.01571,7.7723,4.4593,-0.10736,0.24296,-1.0857,-0.094792,-0.67419,-0.71429,-0.085802,-8.1809,7.2316,0.13537,0.2563,0.32317,0.34057,1.0984,-0.69374,-9.163,4.7333,-5.7623,0.48286,0.2492,-1.0282,0.6713,-0.34934,0.35555,-9.3312,-10.281,-4.9808,-1.4421,0.34195,-0.13955,0.22588,0.78552,0.14412
13.355,-1.7027,3.1479,0.15748,-0.14871,-0.25228,-1.101,0.13232,-0.39433,-0.062589,8.3219,6.0944,0.11793,0.10159,-0.71293,-0.076706,-0.67669,-0.71274,-0.22643,-8.8733,7.8185,0.50223,-0.004267,0.11892,0.35339,1.0846,-0.70572,-12.495,0.96814,-1.6088,0.90066,0.1766,-0.79973,0.69948,-0.32039,0.34849,-7.5099,-5.3529,-4.608,-0.293,-0.084347,0.48238,0.22973,0.7807,0.1816
15.37,-1.5459,2.4927,0.64191,0.24493,-0.42276,-1.102,0.10977,-0.3918,-0.23435,8.7973,5.0651,0.099718,-0.042782,-0.26716,-0.067814,-0.68079,-0.71165,0.057979,-8.1255,7.096,0.14315,-0.35257,-0.42961,0.33978,1.0786,-0.72227,-14.341,2.3956,-2.1876,0.87873,-0.044837,-0.2274,0.71159,-0.2925,0.3617,-10.971,-3.4671,-0.94876,3.1857,0.59365,1.331,0.24412,0.79128,0.12989
13.83,-0.23051,0.84818,0.50392,0.22508,-0.30997,-1.1052,0.080521,-0.39949,-0.26386,10.061,5.9091,0.23588,-0.22953,0.43872,-0.074452,-0.68435,-0.70587,0.10062,-8.6446,6.7316,0.10023,-0.58039,-0.99451,0.2908,1.0811,-0.73912,-12.847,4.9234,-2.7005,0.3551,-0.18416,0.8856,0.70729,-0.30088,0.3667,-14.941,-9.4063,2.4119,1.4612,-0.89755,0.63181,0.28114,0.78702,0.057378
11.393,0.67661,-0.65658,0.71164,0.21171,-0.11749,-1.115,0.058889,-0.39919,-0.51946,9.3256,5.1265,0.016209,-0.3585,0.81492,-0.098092,-0.69154,-0.69941,0.98058,-7.7275,7.2937,-0.10982,-0.61047,-1.1588,0.21361,1.09,-0.75584,-9.772,9.5806,0.20709,0.86117,0.006607,2.2292,0.66516,-0.3495,0.39248,-8.0763,9.7841,-4.7411,-1.0372,-0.19454,1.0104,0.31037,0.7726,0.040589
9.0518,1.6838,-1.4437,0.79475,-0.30097,-0.22394,-1.1173,0.029868,-0.40591,0.60972,7.2554,4.5408,-0.18869,-0.51245,0.73743,-0.12637,-0.68513,-0.70935,1.8924,-6.2934,6.6005,0.053386,-0.45718,-0.83284,0.15452,1.093,-0.77173,-12.138,-1.254,-0.69893,0.42342,0.36218,2.6274,0.60277,-0.43169,0.40391,-10.451,-1.3343,-0.613,-1.4469,-0.2444,2.5286,0.39112,0.74904,0.0592
7.5089,1.0707,-2.5039,-0.95671,-0.43025,0.12056,-1.1214,0.024683,-0.40388,0.8122,9.0497,4.9973,-0.070363,-0.46416,0.40445,-0.15111,-0.68105,-0.71415,0.68102,-5.7422,5.9686,0.34918,-0.17273,-0.57431,0.1176,1.0839,-0.79327,-13.253,-3.2578,-3.2099,0.6995,1.1294,1.9114,0.52946,-0.4917,0.42645,-10.387,-7.7556,-1.5107,-0.39851,-0.38813,1.7456,0.476,0.71859,0.048274
7.7669,0.081344,-0.13584,-0.75631,0.50095,0.031214,-1.1171,0.042029,-0.41618,1.6736,7.6,3.9632,-0.14472,-0.35104,0.36112,-0.16755,-0.6789,-0.72117,1.9305,-6.6022,5.4549,0.076017,-0.057824,-0.56262,0.091103,1.0768,-0.80669,-10.646,1.7398,-1.4675,-0.81152,0.76961,2.4392,0.43927,-0.55554,0.4416,-8.2491,-0.56061,-2.6654,-0.27008,-0.22487,1.4503,0.54147,0.69443,0.025069
7.6859,0.14499,2.6543,0.1147,0.27575,-0.057695,-1.1055,0.048405,-0.43695,1.0943,7.6475,4.1834,-0.1702,-0.21291,0.20548,-0.18338,-0.67217,-0.72579,1.6928,-6.0555,5.8867,0.082805,0.19474,-0.40226,0.074477,1.0718,-0.80828,-10.292,-0.11977,-1.1883,-1.5704,0.64898,2.5579,0.33249,-0.63571,0.42478,-8.5101,-0.50597,-1.0396,-1.1361,-0.40753,2.0103,0.61153,0.66395,0.018526
6.6499,0.9668,1.1447,0.01395,-0.45076,0.038162,-1.1093,0.048854,-0.41807,1.1724,7.8604,4.2675,-0.33652,-0.020701,-0.074844,-0.18856,-0.66141,-0.73351,1.84,-5.555,6.5599,0.4639,0.47957,-0.058494,0.082684,1.0549,-0.81477,-8.8892,0.16981,-0.95781,-2.0935,1.0467,2.3145,0.20267,-0.70698,0.40154,-8.2989,-3.7393,-1.6424,-1.5415,-0.5255,1.8803,0.70023,0.6183,0.024672
6.3351,1.3608,-0.42935,-0.37002,-0.48076,0.043143,-1.1157,0.056092,-0.39088,1.164,7.9522,5.308,-0.29534,0.1194,-0.39896,-0.18833,-0.6506,-0.74172,1.4459,-5.7027,6.1702,0.4816,0.61687,0.24197,0.10529,1.0393,-0.82406,-8.336,0.2008,-0.66915,-1.954,0.86305,2.0918,0.095932,-0.76044,0.34847,-8.7923,-3.222,-1.5298,-0.60666,-0.53083,1.6177,0.75773,0.57887,0.026432
7.9627,0.83314,0.43756,-0.12117,-0.007765,-0.029499,-1.1128,0.063167,-0.38559,0.91033,8.5234,5.9849,-0.52088,0.12806,-0.64138,-0.17745,-0.63862,-0.75357,1.4548,-7.2884,7.4986,0.35709,0.63835,0.34768,0.12309,1.032,-0.81668,-6.7221,-1.5087,-1.025,-0.84018,0.29189,1.6207,0.019742,-0.7904,0.29768,-9.1803,-2.4889,-1.2879,0.13971,-0.43936,1.6998,0.79795,0.53832,0.018344
9.7224,0.69089,2.8524,-0.24185,0.21769,-0.001159,-1.1086,0.070254,-0.38132,0.90696,8.0479,6.0434,-0.59578,0.16347,-0.84248,-0.15248,-0.6275,-0.77065,1.9284,-6.7335,8.0731,0.10079,0.74821,0.4679,0.16006,1.0228,-0.80702,-6.565,-1.2486,-0.30189,0.88106,0.22775,1.143,-0.035941,-0.79677,0.29407,-10.039,-1.0887,-1.1118,0.36701,-0.29782,1.7331,0.84445,0.48824,0.002753
9.9237,0.51295,2.4797,-0.049582,-0.023621,0.093159,-1.1068,0.079418,-0.37649,0.29357,8.1859,5.1266,-0.69685,0.048914,-0.8237,-0.12271,-0.61135,-0.79157,0.65077,-5.949,7.534,0.016911,0.67497,0.55923,0.2022,1.0211,-0.79166,-6.2978,4.4108,-1.233,0.82425,0.24248,0.756,-0.06706,-0.79033,0.31595,-9.5347,-2.7941,-3.2817,-0.029238,-0.1764,1.6071,0.88356,0.43284,-0.006935
10.441,0.60207,1.38,-0.071452,0.017274,0.20786,-1.1099,0.094668,-0.35527,-0.24281,7.6632,5.9107,-0.58862,0.017312,-0.54569,-0.096909,-0.59145,-0.81329,-0.30421,-6.1437,7.7356,0.14914,0.39746,0.56912,0.25209,1.0126,-0.77672,-8.0121,7.6459,-5.3522,0.9972,0.35977,0.31086,-0.089546,-0.78492,0.32838,-10.471,-2.3552,-3.6474,-0.44621,0.004993,1.248,0.91315,0.38339,-0.007057
12.995,0.97584,2.8343,0.083385,0.081992,0.22637,-1.1106,0.10661,-0.34707,0.49041,8.8756,5.8721,-0.31925,-0.017532,-0.072974,-0.087511,-0.57742,-0.82365,0.31599,-7.2408,8.4218,0.10057,0.11348,0.31065,0.27262,1.0059,-0.77235,-9.4255,5.4474,-4.613,0.14216,0.41746,-0.37213,-0.095291,-0.79033,0.33266,-12.673,-3.4129,-1.551,-1.0597,-0.12619,0.61564,0.9276,0.35086,0.008439
16.02,1.3539,4.1206,0.3536,0.11313,0.34007,-1.1127,0.10979,-0.34918,-0.52941,9.8612,6.128,-0.046275,-0.051172,0.59324,-0.089425,-0.56954,-0.82416,0.22357,-7.2107,8.1729,-0.20743,-0.13484,-0.08413,0.27175,1.0105,-0.76464,-11.388,-3.0835,-3.6828,-1.541,0.025364,-1.6128,-0.064252,-0.8067,0.31521,-12.467,-5.8638,-1.599,-0.63245,-0.27967,-0.17514,0.92799,0.34377,0.016196
13.424,0.61118,0.52229,0.18489,0.29891,0.32399,-1.127,0.11443,-0.35782,-0.42077,8.7944,5.6304,0.25802,-0.12937,1.394,-0.10983,-0.56894,-0.81856,-0.21217,-7.3294,7.941,-0.29681,-0.55139,-0.5533,0.24437,1.025,-0.76307,-12.899,15.5,-1.6777,-1.2191,-0.33977,-1.0829,0.012685,-0.81975,0.26397,-11.482,-7.8305,-2.3197,0.35612,-0.029459,-1.258,0.90664,0.37199,0.010012
10.225,-0.39574,-0.62764,-0.003767,-0.28354,0.18265,-1.1421,0.11271,-0.37073,0.93476,7.8819,6.7743,0.1494,-0.11388,1.3267,-0.14047,-0.5799,-0.80827,1.3451,-6.3818,8.5398,-0.66913,-0.85547,-0.66335,0.18938,1.0446,-0.76194,-8.2644,-3.2957,-0.15374,0.027883,-0.4388,-0.8721,0.043273,-0.81543,0.25656,-8.4071,-6.8913,0.55847,-0.61698,-0.034143,-2.3569,0.86295,0.43456,0.014041
8.8302,-2.3284,-3.6202,-0.30295,-0.93753,0.003212,-1.1651,0.11539,-0.34564,1.4155,5.2246,5.8077,-0.003115,-0.046688,0.8896,-0.16469,-0.57961,-0.80637,1.5896,-6.0545,6.912,-0.43195,-0.71107,-0.22813,0.1486,1.0648,-0.7651,-7.6213,-2.7908,-1.9494,0.80085,-0.52346,-1.7833,0.11332,-0.79039,0.28167,-13.989,2.7527,-2.7818,-1.3011,0.53914,-3.2086,0.78134,0.5311,0.05287
6.6858,-1.0019,-5.0081,-0.016984,0.37296,-0.055165,-1.1681,0.10559,-0.34542,1.181,6.7958,5.7648,0.22684,-0.015922,0.59283,-0.17914,-0.58121,-0.80351,1.1804,-7.3482,6.4687,-0.080644,-0.57392,-0.041319,0.13027,1.0747,-0.77058,-11.054,2.1172,-2.4364,0.85152,-0.23229,-1.9337,0.19876,-0.7524,0.31809,-12.906,1.3914,-3.7158,-0.19869,0.97442,-2.1795,0.70192,0.59183,0.11186
8.817,-0.61215,-1.1172,-0.38616,1.2189,-0.11361,-1.1552,0.10692,-0.38662,1.9084,7.4584,5.1161,0.2058,-0.039092,0.52905,-0.18908,-0.58303,-0.80104,1.716,-6.6842,5.7465,-0.040572,-0.40742,-0.25885,0.11242,1.0756,-0.77903,-9.8615,2.892,-1.8731,0.47864,-0.40736,-1.6612,0.26482,-0.71314,0.35115,-11.577,-3.2595,0.31897,1.0534,0.86459,-2.7517,0.6174,0.64274,0.13513
8.8097,0.08012,9.2504,-0.11455,0.70676,-0.1415,-1.1298,0.11481,-0.44065,1.4753,7.3659,5.6914,0.083605,-0.052213,0.34852,-0.20368,-0.58475,-0.79379,1.6763,-6.6221,6.3804,0.009005,-0.12041,-0.18227,0.094159,1.0772,-0.78063,-8.1354,1.5765,-1.2668,0.005006,-0.51329,-1.7947,0.33275,-0.67213,0.36043,-10.906,-0.1888,-0.767,1.5024,1.348,-2.8514,0.51126,0.69149,0.14281
6.7351,-0.15855,0.79485,-0.16604,-0.86152,-0.067978,-1.1388,0.10497,-0.42176,1.5337,6.3218,5.5266,0.10711,0.002008,-0.014316,-0.21573,-0.58181,-0.79114,1.7684,-6.4483,6.6697,0.046301,0.057202,0.0637,0.093833,1.0762,-0.77962,-8.572,-0.53368,-1.0032,0.56199,-0.2111,-1.9323,0.40379,-0.6185,0.37034,-9.1008,-0.7759,0.23303,1.7807,1.2714,-2.3685,0.41082,0.72722,0.1416
6.5949,-1.0744,-1.4877,-0.23974,-0.55388,0.030759,-1.1413,0.1113,-0.40112,2.1894,7.5235,5.6722,-0.025215,0.14614,-0.35185,-0.22256,-0.58163,-0.78583,1.5874,-6.127,6.7176,0.19394,0.25262,0.3239,0.11055,1.0677,-0.78391,-9.269,0.93742,-1.9641,1.0131,-0.33796,-1.6805,0.48557,-0.54458,0.38356,-8.1411,-0.20506,0.19102,1.3332,0.71402,-1.9646,0.32439,0.74331,0.12308
7.5989,-0.85054,-0.18793,0.031613,0.3513,-0.15864,-1.1399,0.11346,-0.39532,1.8739,7.7697,5.8999,-0.073865,0.34743,-0.57269,-0.21201,-0.57773,-0.78868,1.4563,-6.5836,7.1197,0.1246,0.30695,0.47752,0.13696,1.0653,-0.78211,-9.9377,0.30444,-1.8718,0.31553,-0.48642,-1.74,0.5505,-0.47789,0.38875,-6.2156,1.0324,-1.6705,-0.027843,0.26984,-1.1529,0.2712,0.75248,0.13172
9.0695,0.012229,3.4399,0.38092,0.65052,-0.29771,-1.1363,0.10582,-0.39606,1.7032,8.1948,5.7404,-0.046961,0.44701,-0.70485,-0.19406,-0.57655,-0.7938,1.4566,-6.6438,6.8518,0.056941,0.38843,0.55356,0.16599,1.0649,-0.77585,-9.7905,2.9732,-3.3047,0.1657,-0.26355,-1.6285,0.59803,-0.42691,0.38293,-5.3918,0.67539,-1.0674,-0.96207,-0.071307,-0.55991,0.24139,0.75948,0.16267
9.3595,0.6974,1.9469,-0.004388,-0.29892,-0.22122,-1.1325,0.096436,-0.38968,1.3349,8.2616,5.4784,0.096409,0.56598,-0.82017,-0.16105,-0.57993,-0.78921,0.96537,-7.2852,7.0902,-0.15474,0.3556,0.61311,0.20596,1.0637,-0.76363,-9.182,5.5726,-5.621,-0.03483,-0.03097,-1.1333,0.63696,-0.38331,0.37712,-5.7291,-7.5643,-2.6267,0.28186,0.41297,-0.42903,0.21786,0.76565,0.17678
10.938,-0.2743,0.93041,-0.073878,-0.20956,-0.14502,-1.1363,0.0916,-0.36647,0.24197,7.8876,6.114,0.047833,0.58355,-0.79322,-0.127,-0.58261,-0.78212,0.85997,-7.7808,8.7841,-0.68241,-0.11236,0.56374,0.236,1.0734,-0.73933,-9.2837,1.634,-3.5631,0.10674,0.23034,-1.1419,0.66649,-0.35124,0.37763,-8.8263,-8.0789,-5.3233,-0.69529,0.30494,0.022683,0.19626,0.76539,0.20488
13.96,-2.342,4.3421,0.030899,0.3868,-0.11421,-1.1237,0.090941,-0.38554,-0.17893,7.9963,6.2067,0.006797,0.51923,-0.46072,-0.09105,-0.5819,-0.77977,0.56509,-7.4016,8.0959,-0.03839,-0.36182,0.54804,0.25734,1.0775,-0.73384,-12.162,0.19744,-1.7063,1.0995,0.10047,-0.78013,0.69451,-0.30913,0.38493,-8.5004,-6.5843,-3.7899,0.50373,0.064177,0.5751,0.20055,0.7588,0.21932
14.807,-0.91101,2.3359,0.81551,0.63133,-0.31114,-1.1163,0.070388,-0.40334,-0.77647,8.6541,6.5705,0.21993,0.26845,0.016354,-0.07785,-0.58368,-0.7728,-0.35163,-7.4854,6.1251,0.12623,-0.53438,-0.11651,0.25573,1.0741,-0.75612,-14.56,1.5236,-1.891,0.74796,-0.26201,-0.27673,0.70797,-0.27436,0.39338,-12.09,-5.4786,0.97068,3.01,0.67876,1.481,0.21393,0.77512,0.14921
13.246,-0.11834,1.7622,0.22391,0.2387,-0.036825,-1.1248,0.054654,-0.40168,0.252,8.5052,7.2299,0.16348,-0.18533,0.65658,-0.086809,-0.58611,-0.77144,0.57861,-8.3244,5.616,-0.32696,-0.7036,-0.94207,0.21138,1.0817,-0.76549,-12.043,5.6965,-2.0775,0.081191,0.030595,0.85018,0.70757,-0.27687,0.39959,-11.485,-1.7792,-0.3687,0.69438,-0.97588,0.5725,0.2382,0.77581,0.11032
10.96,0.82689,-0.31568,0.55149,0.10501,-0.06711,-1.1293,0.044314,-0.41493,-0.10128,7.8733,6.5735,0.18402,-0.66476,0.81019,-0.11074,-0.59649,-0.76609,1.677,-7.1861,6.7521,-0.17044,-0.53528,-1.0383,0.14281,1.0925,-0.7653,-9.7202,8.4092,0.61453,0.8686,0.10518,2.2729,0.6758,-0.33412,0.4085,-7.8954,6.8959,-5.9321,-1.0996,-0.13452,1.324,0.27991,0.76133,0.1165
8.8991,2.2649,-1.9484,0.45948,-0.36544,-0.24967,-1.1333,0.018442,-0.41785,0.31765,6.8,5.9321,0.26552,-0.94922,0.41133,-0.14449,-0.6049,-0.76481,2.5667,-5.9084,6.6235,0.054278,-0.21455,-0.72614,0.095015,1.0897,-0.77594,-13.024,-2.7385,0.17016,0.66546,0.17746,2.6065,0.61447,-0.41867,0.41804,-11.998,-3.8402,0.11758,-0.80181,-0.18937,2.6702,0.36568,0.73607,0.12401
8.2236,0.99035,-2.3647,-1.5427,-0.20728,0.18819,-1.1304,0.022731,-0.42969,0.99137,8.0084,5.6963,0.14465,-1.0584,0.10258,-0.18505,-0.61323,-0.76766,2.0033,-6.5641,5.6852,0.46635,0.15559,-0.55907,0.057183,1.0744,-0.8006,-13.001,-2.7183,-2.8679,1.0138,0.93002,2.0654,0.52788,-0.48397,0.45099,-10.412,-4.8919,-0.30667,-0.082656,-0.447,1.7028,0.46911,0.69835,0.084402
8.0961,0.15429,-0.51337,-0.25189,0.60201,-0.060627,-1.1232,0.0415,-0.44309,2.5311,8.3868,4.1594,0.30545,-0.89614,0.11217,-0.21465,-0.61962,-0.76839,0.93851,-6.2858,5.1605,0.19331,0.32249,-0.64762,0.041795,1.0631,-0.81008,-10.859,0.98881,-1.4109,-0.73394,0.64286,2.4664,0.43281,-0.54689,0.47059,-8.8177,0.26428,-3.0148,-0.37591,-0.12928,1.6196,0.53973,0.66831,0.052797
7.8337,0.42133,3.657,-0.254,0.35335,0.036389,-1.111,0.057347,-0.45546,2.129,8.8299,4.2732,0.45106,-0.32035,0.09714,-0.22866,-0.6298,-0.75409,1.5018,-5.6496,6.1555,0.41271,0.41736,-0.41382,0.033759,1.048,-0.81545,-10.093,-1.0427,-0.86814,-1.3455,0.54473,2.5526,0.33828,-0.60957,0.46647,-8.9673,-0.7432,-0.94339,-1.1602,-0.37278,2.2622,0.61106,0.63273,0.04626
6.3638,0.69228,1.8272,-0.24802,-0.60648,0.1169,-1.1117,0.061213,-0.44479,1.3582,6.8745,3.584,0.10387,0.1555,-0.087283,-0.22443,-0.63734,-0.74647,2.9054,-6.5095,7.6929,0.22337,0.53265,-0.084969,0.035122,1.0343,-0.81337,-8.6681,-0.49862,-0.51001,-1.639,0.78367,2.242,0.23449,-0.66976,0.44338,-7.969,-4.0881,-0.60686,-1.3938,-0.53934,2.0172,0.69316,0.58513,0.04278
6.2767,0.23351,0.003074,-0.34628,-0.42779,0.059341,-1.1189,0.07222,-0.41807,1.5643,7.5037,4.7789,-0.008753,0.43438,-0.33458,-0.21453,-0.63987,-0.74562,2.669,-6.5864,7.918,0.13581,0.60535,0.25414,0.056749,1.0286,-0.80458,-7.9773,0.097855,-0.81938,-1.5514,0.73379,2.0061,0.1372,-0.7205,0.40268,-8.9997,-1.4103,-2.38,-0.46999,-0.48418,1.6782,0.75723,0.54335,0.03849
7.6924,0.65559,0.91932,-0.13431,0.04909,-0.080841,-1.1109,0.075388,-0.42354,1.0725,8.0127,5.7989,-0.16392,0.47961,-0.61226,-0.19126,-0.64189,-0.74159,1.3576,-6.1618,7.7269,0.078679,0.57009,0.47006,0.086606,1.0245,-0.79918,-6.776,-1.1569,-0.90641,-0.55996,0.42707,1.5361,0.051436,-0.7627,0.35329,-9.4274,-1.6613,-2.6718,0.25806,-0.35787,1.7996,0.82264,0.49208,0.016563
9.2379,0.7681,3.0432,-0.038705,-0.18066,-0.12506,-1.1108,0.075872,-0.41242,0.31296,7.9414,5.5314,-0.13732,0.33734,-0.79478,-0.16752,-0.63732,-0.74671,1.0624,-5.6589,7.1123,0.088304,0.497,0.65625,0.1288,1.0192,-0.79287,-6.4958,-0.28739,-0.54162,0.78132,0.31756,1.0274,-0.00183,-0.76869,0.35563,-9.286,-2.162,-2.7903,-0.080743,-0.21056,1.5282,0.8661,0.44521,0.005018
9.6878,0.76163,1.8976,-0.12884,-0.39941,-0.022112,-1.1183,0.082049,-0.37387,0.46455,8.7534,6.0561,-0.23626,0.21661,-0.77045,-0.14669,-0.63042,-0.75747,0.84743,-6.575,6.8022,0.003435,0.49139,0.67366,0.1756,1.0178,-0.78442,-6.6046,4.9143,-3.5804,0.6053,0.47505,0.52819,-0.032585,-0.75958,0.38076,-9.4978,-3.0024,-3.5581,-0.58981,-0.15901,1.1555,0.89486,0.41061,0.003284
11.217,0.72982,1.2226,0.30731,-0.25277,0.032689,-1.1228,0.085804,-0.34766,0.839,9.4523,5.9158,-0.28325,0.035622,-0.47121,-0.12936,-0.62374,-0.76583,0.58388,-6.3625,6.8288,-0.30937,0.47169,0.57252,0.21312,1.0205,-0.76367,-8.4618,8.1819,-4.8367,0.13997,0.48606,0.23771,-0.049249,-0.76359,0.38194,-10.903,-1.5042,-2.9054,-0.5593,-0.070055,1.1005,0.91554,0.37404,0.009732
13.491,1.6772,2.4472,0.051872,0.092602,0.19351,-1.1223,0.089269,-0.33694,-0.33383,8.6575,5.8612,-0.32926,-0.1377,-0.15018,-0.11889,-0.61844,-0.77234,0.48279,-7.6145,7.8905,-0.32825,0.37617,0.37254,0.24455,1.0295,-0.73665,-7.6695,8.2709,-3.9878,-1.7736,0.36799,-0.33843,-0.051537,-0.78706,0.34046,-12.625,-2.0253,-1.1132,-1.033,-0.20447,0.81758,0.93094,0.34051,0.020026
14.741,1.5384,3.1645,-0.018445,0.25069,0.28317,-1.1256,0.09388,-0.34394,-0.094454,8.4141,5.57,-0.20904,-0.3034,0.41348,-0.12462,-0.61222,-0.7839,0.5237,-7.3916,8.0388,-0.54708,0.16944,0.013324,0.25609,1.0416,-0.71136,-10.295,1.6708,-4.5285,-2.0538,0.56254,-1.3337,-0.025457,-0.8171,0.27274,-12.822,-3.338,-1.404,-0.74591,-0.46408,0.29068,0.93371,0.3181,0.02512
13.073,0.56108,0.7879,-0.35519,0.25819,0.35076,-1.1337,0.10495,-0.35895,0.46037,9.7469,5.6815,0.094272,-0.38728,1.1533,-0.14865,-0.6126,-0.78573,-0.18441,-7.8003,7.7858,-0.45012,-0.24593,-0.40451,0.24537,1.0595,-0.69489,-13.354,7.5628,3.9638,-1.3667,-0.51971,-0.91948,0.018601,-0.83458,0.20233,-11.676,-7.3213,-2.4113,-0.053394,-0.20085,-0.84567,0.92599,0.33036,0.013491
11.506,-0.68665,-0.8511,-0.14416,0.074408,0.18193,-1.1443,0.11354,-0.37189,1.0972,7.9786,5.8377,0.050182,-0.36624,1.2292,-0.1792,-0.60933,-0.78552,0.18029,-7.5504,8.1831,-0.34499,-0.56964,-0.63809,0.21778,1.0751,-0.69261,-8.6337,-6.6485,-2.3179,1.0515,-0.18771,-1.126,0.039887,-0.83161,0.21044,-8.8312,-8.5402,-1.5448,0.16873,0.064611,-2.0649,0.9039,0.37705,0.009438
9.5268,-1.6517,-3.8045,0.14691,-0.29088,0.19629,-1.1523,0.11775,-0.37639,1.5994,5.9937,5.1999,-0.013008,-0.28761,0.80137,-0.20515,-0.60736,-0.78427,1.4655,-6.0974,6.7788,-0.42335,-0.73757,-0.37835,0.17942,1.0892,-0.69735,-9.5403,0.070759,-1.3531,1.2398,-0.47565,-1.8959,0.10904,-0.80084,0.26598,-12.035,0.95039,-0.52751,-1.2567,-0.068932,-2.8554,0.84193,0.4612,0.026538
7.2241,-0.084244,-3.9759,0.45061,0.57638,0.090651,-1.1455,0.10991,-0.39551,1.8696,6.9603,4.8512,0.13132,-0.21667,0.5233,-0.22658,-0.60317,-0.78267,0.88998,-6.9286,6.2174,-0.074723,-0.62527,-0.065301,0.15656,1.1019,-0.70314,-11.238,3.4161,-1.3158,0.61417,-0.25741,-1.8478,0.1953,-0.7587,0.30334,-15.299,3.8817,-3.4881,-1.2133,1.053,-2.3031,0.7641,0.53475,0.080745
8.4395,0.49087,-0.15046,-0.27433,1.2705,0.039586,-1.1219,0.11227,-0.45547,2.0778,7.7428,5.449,0.045718,-0.089037,0.45371,-0.25064,-0.60617,-0.77359,1.7045,-7.3406,6.1953,0.31817,-0.46104,-0.089934,0.13128,1.0967,-0.73008,-9.3325,1.7612,-1.7562,0.16754,-0.44062,-1.5717,0.27615,-0.70667,0.34712,-11.269,-2.5131,-0.12052,0.7655,0.87585,-2.4101,0.67654,0.60111,0.1248
8.0217,-0.39102,4.4962,-0.34282,0.65894,-0.034323,-1.0978,0.12232,-0.5026,1.8117,7.1935,5.248,-0.12424,0.034808,0.1462,-0.25866,-0.60211,-0.77773,1.6097,-7.2275,5.7347,-0.011556,-0.20617,-0.11983,0.12205,1.0969,-0.74158,-8.1576,-0.079364,-1.6556,0.49033,-0.28158,-1.8278,0.34934,-0.66092,0.36001,-10.247,-0.5236,-0.082943,1.3785,0.97155,-2.7362,0.58776,0.65241,0.12944
6.373,-0.61126,1.7292,-0.14897,-0.54836,-0.11308,-1.0931,0.12452,-0.50458,2.5901,7.6258,5.5731,-0.10849,0.1829,-0.21573,-0.25623,-0.59456,-0.78407,1.3988,-6.5714,5.9891,0.057805,0.050817,0.12012,0.1299,1.0967,-0.74255,-8.5371,1.3417,-1.0946,1.2845,-0.41617,-1.838,0.42202,-0.60932,0.36598,-9.662,0.004348,-0.17622,2.2692,1.3567,-2.5028,0.50485,0.68271,0.12954
5.7048,-0.83724,0.29021,-0.22496,-0.52429,-0.051418,-1.1021,0.12804,-0.47733,2.1308,7.4702,5.6716,-0.085539,0.29696,-0.49462,-0.24093,-0.59344,-0.78791,1.0545,-6.3714,6.4082,0.28862,0.2686,0.40866,0.14956,1.0906,-0.74562,-9.2043,3.0359,-1.575,0.80233,-0.4828,-1.5144,0.48824,-0.5442,0.38239,-8.742,-1.0097,0.19516,2.2247,0.80949,-2.2028,0.42263,0.71569,0.10532
6.8969,-0.42068,1.1823,0.12272,-0.18072,-0.094196,-1.1031,0.12867,-0.4566,1.6016,7.268,5.3929,-0.18331,0.34443,-0.73021,-0.21812,-0.59047,-0.7915,0.81734,-5.8309,6.2852,0.35435,0.35785,0.66768,0.18521,1.0776,-0.74969,-9.8894,0.87639,-2.3066,-0.33477,-0.45742,-1.6762,0.54419,-0.49567,0.3745,-8.8,0.97546,-1.3393,0.91658,0.27426,-1.6732,0.35488,0.73495,0.087591
9.2017,-0.40387,3.483,0.16211,-0.23051,-0.13189,-1.1099,0.12692,-0.43178,1.2496,7.7991,5.8597,-0.24122,0.37858,-0.86113,-0.18923,-0.58687,-0.79736,1.1537,-7.6697,7.0557,0.18295,0.33828,0.6806,0.2203,1.0723,-0.74499,-9.0449,0.58919,-2.7695,-0.88825,-0.21065,-1.6199,0.60306,-0.44072,0.36375,-7.0905,1.788,-1.002,-0.5536,0.065425,-0.98617,0.30157,0.75224,0.090571
10.247,-0.70386,2.2952,-0.051097,-0.46503,-0.076416,-1.1149,0.12673,-0.40288,1.1321,7.9585,5.9812,-0.19306,0.41153,-0.82044,-0.16053,-0.5803,-0.80367,0.56645,-7.5253,6.7852,-0.13377,0.33741,0.59883,0.25722,1.0678,-0.7337,-9.5647,2.4563,-3.3518,-0.33711,-0.048135,-1.2529,0.64753,-0.39887,0.3462,-6.3934,-3.3913,0.97543,-0.57814,0.212,-0.89838,0.27777,0.75794,0.11361
10.903,-1.4296,0.90772,-0.073129,-0.37913,-0.080492,-1.1135,0.13175,-0.38262,0.48524,7.9016,5.7461,-0.10558,0.39827,-0.79558,-0.12808,-0.5773,-0.80595,0.2884,-7.4709,7,-0.14067,0.24481,0.46431,0.29083,1.0679,-0.71859,-9.9172,1.285,-3.3576,0.15759,0.26043,-1.108,0.6799,-0.36931,0.33155,-9.3162,-11.238,-2.7854,-0.5221,0.37486,-0.53496,0.26377,0.7586,0.12759
12.735,-1.534,1.1149,0.1401,-0.017828,-0.20742,-1.1124,0.12818,-0.36512,-0.14909,7.7928,6.184,0.084194,0.34164,-0.64728,-0.10378,-0.57757,-0.80862,-0.1651,-7.6448,7.6783,0.20727,0.095798,0.21431,0.30859,1.0617,-0.71688,-11.316,0.66118,-2.5598,0.95389,0.28668,-0.85283,0.70893,-0.32474,0.3442,-7.4168,-7.2638,-5.3123,-0.26204,-0.10158,0.067076,0.26269,0.75345,0.15154
13.83,-0.4106,3.2867,0.055239,0.35663,-0.34113,-1.108,0.11678,-0.36594,-0.31557,7.9185,6.2565,0.26753,0.12704,-0.39741,-0.087327,-0.58305,-0.80205,0.22549,-7.845,7.2427,0.24598,-0.058148,-0.29457,0.30311,1.0532,-0.72618,-13.857,1.7824,-0.48889,1.4826,-0.17002,-0.26701,0.72611,-0.28741,0.36476,-6.6012,0.21127,-3.6349,2.162,-0.11131,0.57235,0.26851,0.75158,0.13181
13.063,0.72565,2.2736,0.014024,0.07041,-0.5653,-1.1134,0.091896,-0.36168,-0.92412,8.8411,6.4951,0.46352,-0.18144,-0.057409,-0.088645,-0.5934,-0.79236,0.71369,-8.8058,8.1421,0.027193,-0.18717,-0.87178,0.26783,1.0583,-0.72976,-12.813,3.0894,-1.7973,0.91822,-0.23107,0.3786,0.73018,-0.26429,0.38629,-13.656,-6.7826,2.1285,1.2244,0.13357,2.2993,0.30841,0.75513,0.063954
12.03,0.040487,-0.3276,-0.3344,-0.12947,-0.32806,-1.122,0.072508,-0.35867,0.2857,8.8086,6.6725,0.4779,-0.4901,0.39631,-0.1101,-0.60802,-0.78732,0.68295,-7.2637,6.7824,-0.21909,-0.30045,-1.2413,0.21282,1.065,-0.73915,-10.312,8.6227,-2.7434,0.55198,0.26195,1.6784,0.7128,-0.29254,0.398,-10.611,-2.8731,-0.58846,0.19643,-0.24528,0.73021,0.34859,0.74081,0.031096
9.6515,0.91525,-1.2651,0.71396,-0.3389,-0.23114,-1.125,0.056953,-0.36095,0.65606,7.5446,5.3713,0.55522,-0.62589,0.41436,-0.13435,-0.62243,-0.77661,1.0712,-6.2456,6.6287,-0.17916,-0.25146,-1.1146,0.15913,1.0727,-0.74237,-9.7947,4.8953,-0.38816,0.83898,0.13343,2.6298,0.67477,-0.35338,0.40273,-8.6444,4.4259,-1.3797,-0.73483,0.22005,1.5096,0.39391,0.72567,0.027166
8.084,2.4627,-3.4753,0.043773,-0.45499,-0.07308,-1.1335,0.036986,-0.34076,0.60966,7.7988,4.9493,0.41828,-0.59269,0.13825,-0.15636,-0.63865,-0.76548,1.6792,-5.7492,6.9667,0.018722,-0.045916,-0.74727,0.11833,1.0761,-0.74606,-13.624,-6.1904,-1.8185,1.4877,0.98251,2.2144,0.60582,-0.42412,0.43186,-9.993,-5.2751,-0.22592,-0.36167,-0.38972,2.1957,0.47679,0.70152,0.00595
8.2801,0.47008,-2.0543,-0.34915,0.24283,0.073886,-1.1295,0.047903,-0.34444,1.0413,9.4467,5.081,0.29345,-0.45165,0.056754,-0.17344,-0.65188,-0.75829,0.96946,-6.312,6.0489,0.12943,0.13263,-0.57744,0.098353,1.0703,-0.75694,-11.9,0.60811,-2.9766,0.50092,1.2083,2.0857,0.52875,-0.46001,0.48219,-10.214,-2.2877,-1.9248,-0.34092,-0.12408,1.4123,0.55114,0.67471,-0.017193
8.6335,1.4309,1.5209,-0.61751,0.87787,0.15585,-1.1168,0.055765,-0.37296,1.6116,9.5747,5.1702,-0.083172,-0.25022,-0.018979,-0.1816,-0.65713,-0.75696,0.80353,-6.1995,6.0958,0.025789,0.13308,-0.52902,0.06952,1.073,-0.75185,-11.036,2.036,-1.0702,-1.1377,0.91451,2.4757,0.4199,-0.5503,0.50186,-8.6832,-0.35145,-2.2747,-0.71029,-0.097767,1.6478,0.61725,0.6548,-0.018407
