4.2946,-8.7362,1.3812,-0.015867,0.007082,-0.01392,-0.23511,0.74285,-0.55499,1.1103,-5.9625,7.7396,0.019107,0.000235,0.007271,-0.067199,0.13586,-0.93496,-2.9713,6.5497,-6.6435,-0.011632,-0.003067,-0.012177,-0.17595,-0.74248,0.524,0.26939,0.054543,-9.786,0.005483,0.015264,-0.007955,-0.13698,-0.49823,0.82175,-2.2942,-4.1994,8.69,-0.005464,-0.000683,-0.01134,0.082656,0.81207,-0.5293
4.3473,-8.6403,1.3673,0.007621,-0.006558,-0.017469,-0.23508,0.74206,-0.55445,1.1252,-5.9795,7.7639,0.013827,-0.010536,-0.012304,-0.066816,0.13678,-0.93496,-2.9857,6.4236,-6.666,-0.000312,0.002858,0.001963,-0.17574,-0.74313,0.52314,0.24687,0.076957,-9.7865,0.009789,0.00471,-0.002729,-0.13576,-0.49759,0.82141,-2.3242,-4.1542,8.6448,-0.009166,-0.001434,-0.004089,0.083999,0.81248,-0.52913
4.3397,-8.6845,1.3371,-0.005827,0.024987,-0.010331,-0.23548,0.74271,-0.55447,1.1986,-5.9384,7.7816,0.020891,-0.003319,0.0037,-0.068528,0.13574,-0.93543,-3.0103,6.5596,-6.6296,0.016723,-0.000767,-0.003318,-0.17511,-0.74198,0.52314,0.25443,0.061954,-9.7788,-0.005221,-0.0032,-0.008083,-0.13518,-0.49876,0.82144,-2.3391,-4.1693,8.6894,-0.000128,0.006668,-0.004049,0.082763,0.81327,-0.52945
4.2949,-8.677,1.3965,-0.009518,0.01247,-0.010283,-0.23656,0.74337,-0.55465,1.1251,-5.948,7.7641,0.017372,0.003734,0.002863,-0.065981,0.13644,-0.93647,-2.9665,6.569,-6.5876,-0.00823,-0.002865,-0.005105,-0.17506,-0.74095,0.52412,0.26935,0.062044,-9.786,-0.00139,0.010865,-0.019456,-0.1364,-0.49942,0.82204,-2.2943,-4.2142,8.6751,-0.007376,-0.005022,-0.004128,0.083351,0.81209,-0.53075
4.2799,-8.699,1.3739,-0.005837,0.020453,-0.013964,-0.23574,0.74206,-0.55434,1.1103,-5.9745,7.7323,0.022732,-0.009599,-0.005262,-0.067574,0.13384,-0.93743,-2.9808,6.4381,-6.6662,-0.017009,0.006034,-0.010411,-0.17659,-0.74219,0.52383,0.26924,0.077107,-9.8011,0.005629,0.001175,-0.015991,-0.13739,-0.49836,0.82186,-2.2793,-4.2142,8.6454,0.01601,-0.002103,0.003063,0.082217,0.8126,-0.52973
4.2948,-8.7066,1.3814,0.000424,0.017936,0.002473,-0.23543,0.74204,-0.55352,1.1152,-5.943,7.7349,0.026256,0.002911,0.010787,-0.065842,0.13481,-0.93422,-2.9906,6.4625,-6.6912,0.002478,0.000932,-0.003334,-0.17569,-0.7434,0.52416,0.26937,0.062012,-9.7785,0.006493,-0.000585,-0.015123,-0.13616,-0.49785,0.82165,-2.2792,-4.1694,8.6605,-0.020695,0.0018,-0.01853,0.083255,0.81222,-0.53022
4.2575,-8.7137,1.3811,-0.008686,-5.3e-05,-0.006586,-0.23604,0.74234,-0.55489,1.1373,-5.9625,7.7447,0.006537,-0.006828,0.005563,-0.066698,0.13406,-0.93569,-2.9591,6.5546,-6.6923,-0.011756,-0.013798,-0.005129,-0.17518,-0.74381,0.5242,0.23939,0.076928,-9.7867,0.002033,0.01352,-0.013257,-0.13639,-0.4984,0.8227,-2.3241,-4.1619,8.6896,-0.014571,-0.002389,-0.00589,0.082789,0.81287,-0.52918
4.3171,-8.7142,1.3965,0.009465,0.012458,-0.001137,-0.2352,0.74348,-0.55419,1.1299,-5.9141,7.7594,0.013746,-0.005118,0.000184,-0.067615,0.13211,-0.93609,-2.9713,6.5643,-6.6487,-0.011565,-0.01223,-0.014844,-0.17521,-0.74315,0.52367,0.26937,0.062012,-9.7785,-0.007078,0.017044,-0.002648,-0.13711,-0.49785,0.82214,-2.3392,-4.1917,8.6893,-0.016298,-0.000709,-0.011293,0.083107,0.81141,-0.52874
4.3174,-8.6549,1.367,0.002154,-0.003676,-0.004725,-0.23628,0.74349,-0.55437,1.1275,-5.8899,7.7838,0.015502,0.000241,0.007315,-0.066281,0.13379,-0.93527,-2.9834,6.506,-6.6136,-0.016124,-0.006698,-0.010432,-0.17508,-0.74173,0.52364,0.26931,0.076982,-9.771,-0.008901,0.017048,-0.00088,-0.13613,-0.4989,0.82205,-2.2943,-4.2142,8.6601,-0.009194,-0.002302,-0.002296,0.083798,0.81195,-0.52833
4.3173,-8.6771,1.3818,-0.012329,-0.009067,-0.013841,-0.23649,0.74424,-0.55317,1.1469,-5.8269,7.7891,0.008347,-0.012223,-0.005129,-0.066811,0.13366,-0.93542,-3.0298,6.5305,-6.6001,-0.009637,0.002148,-0.022782,-0.17462,-0.7433,0.5227,0.26937,0.062012,-9.7785,0.007104,0.015267,-0.000894,-0.13609,-0.49945,0.82272,-2.3019,-4.2515,8.6449,-0.023559,0.001141,-0.006756,0.082198,0.81351,-0.52801
4.3248,-8.6845,1.3519,0.000351,0.00178,0.00072,-0.23737,0.7437,-0.55213,1.1299,-5.8851,7.7838,0.006792,0.00713,-0.014806,-0.068209,0.13201,-0.93743,-2.9883,6.4939,-6.5964,0.000832,0.001607,-0.011281,-0.17376,-0.74332,0.52224,0.25439,0.069455,-9.7788,-0.00339,0.00648,-0.009778,-0.137,-0.49783,0.82148,-2.2944,-4.2514,8.6301,-0.003773,0.004927,-0.000451,0.083489,0.81142,-0.52899
4.2799,-8.6991,1.3813,-0.003232,0.003489,-0.007503,-0.23616,0.74369,-0.55208,1.147,-5.9044,7.7644,-0.007619,-0.001651,-0.011177,-0.067391,0.13226,-0.93674,-3.0272,6.4723,-6.6284,-0.006592,0.00284,0.002831,-0.17439,-0.74369,0.52234,0.26924,0.077107,-9.8011,-0.006998,-0.004085,-0.008087,-0.13727,-0.49758,0.82173,-2.3018,-4.244,8.645,0.00347,-0.002289,-0.004132,0.083765,0.81221,-0.52873
4.3247,-8.7066,1.3219,-0.010482,-0.009189,-0.021137,-0.23708,0.74447,-0.55172,1.1176,-5.9141,7.7642,0.012131,4.4e-05,-0.015783,-0.065773,0.13186,-0.93585,-2.9761,6.5376,-6.663,0.011259,0.006592,0.001998,-0.17421,-0.74332,0.52348,0.26194,0.054483,-9.7787,0.005727,0.0135,-0.019438,-0.13809,-0.49873,0.82169,-2.2793,-4.1993,8.6679,0.003426,0.004964,0.000427,0.084917,0.81315,-0.52925
4.3245,-8.7142,1.3816,0.000354,-5.3e-05,-0.002919,-0.23721,0.74486,-0.55173,1.1446,-5.9238,7.7595,0.008276,-0.010348,0.007316,-0.066765,0.13293,-0.93711,-3.0006,6.579,-6.6396,-0.012602,-0.004792,-0.008655,-0.17445,-0.74266,0.5237,0.26936,0.054605,-9.801,0.007178,0.009102,-0.004469,-0.13755,-0.49847,0.82146,-2.3392,-4.1841,8.6744,-0.005626,0.002278,0.001363,0.083499,0.81315,-0.53036
4.2874,-8.6991,1.3665,-0.009529,0.005218,-0.015727,-0.23868,0.74487,-0.55152,1.1446,-5.9432,7.7618,0.010092,-0.005035,0.009105,-0.066926,0.13287,-0.93529,-2.9591,6.5302,-6.6186,-0.015236,-0.006699,-0.010421,-0.17337,-0.7436,0.52252,0.26924,0.077107,-9.8011,-0.008924,0.020569,0.000908,-0.13866,-0.4982,0.82153,-2.3242,-4.1917,8.6896,-0.004783,-0.004839,0.00402,0.083373,0.81287,-0.52849
4.2951,-8.6546,1.3519,0.009452,-0.002084,-0.015668,-0.23903,0.74336,-0.55313,1.1398,-5.9771,7.764,0.028138,-0.001636,-0.00348,-0.067819,0.13293,-0.93729,-3.0053,6.4989,-6.6358,-0.015271,-0.012978,-0.0078,-0.17451,-0.74304,0.52244,0.25435,0.076955,-9.7789,-0.010649,0.032901,-0.000769,-0.13686,-0.49796,0.82135,-2.3246,-4.1849,8.6762,-0.007536,0.005064,0.004116,0.082489,0.81187,-0.52997
4.3322,-8.6919,1.337,0.014828,0.001724,0.004388,-0.23931,0.74285,-0.55341,1.1494,-5.8754,7.7791,0.001272,-0.001609,-0.005021,-0.066718,0.13187,-0.93643,-3.0054,6.5183,-6.6093,-0.015438,0.006279,-0.001577,-0.17361,-0.74464,0.52279,0.28426,0.062164,-9.8007,0.001902,0.031987,-0.005191,-0.137,-0.49795,0.82135,-2.3096,-4.1925,8.6839,-0.016616,0.003307,0.007739,0.082806,0.81253,-0.52917
4.3248,-8.655,1.3969,-0.022269,4.2e-05,-0.00842,-0.23961,0.74409,-0.55141,1.1202,-5.9408,7.7835,0.019999,-0.006902,0.000118,-0.067306,0.13255,-0.93752,-3.0005,6.5207,-6.619,0.009683,-0.000947,-0.007744,-0.17387,-0.74319,0.52261,0.26937,0.062012,-9.7785,9.7e-05,0.009991,-0.006226,-0.13574,-0.49772,0.82167,-2.3097,-4.2297,8.6464,-0.012804,0.002132,-0.006749,0.08224,0.81531,-0.52911
4.3247,-8.6698,1.3968,0.00407,0.017831,-0.004813,-0.23957,0.74317,-0.55073,1.169,-5.8754,7.7793,0.010107,-0.005058,0.005562,-0.067407,0.13155,-0.93476,-3.0151,6.5183,-6.6192,0.01666,-0.005224,0.0002,-0.17379,-0.74295,0.52412,0.26935,0.062044,-9.786,0.005427,0.017026,-0.005294,-0.13714,-0.4977,0.82161,-2.3397,-4.2446,8.6683,-0.01638,0.011967,-0.007565,0.082635,0.81265,-0.52785
4.2872,-8.7434,1.3438,0.018522,0.00966,-0.002943,-0.23915,0.74445,-0.55032,1.125,-5.8923,7.7692,0.0281,0.001947,0.001884,-0.066918,0.13079,-0.93551,-2.9956,6.5109,-6.5894,-0.01178,0.006189,-0.005988,-0.17376,-0.74322,0.52476,0.26192,0.061952,-9.7712,-0.003391,0.01704,-0.008824,-0.13632,-0.49846,0.82085,-2.3097,-4.2446,8.6464,-0.002794,0.009247,-0.011248,0.084358,0.81254,-0.52806
4.3993,-8.7145,1.2852,0.011289,0.009688,-0.00568,-0.24147,0.74437,-0.55122,1.1105,-5.9337,7.8127,0.01727,-0.009542,0.001905,-0.067734,0.13094,-0.93608,-3.0296,6.4675,-6.6528,0.034203,0.008943,0.014371,-0.174,-0.74267,0.52258,0.26941,0.054512,-9.7785,0.005395,0.009985,-0.004462,-0.13823,-0.49899,0.82156,-2.2947,-4.2149,8.6616,-0.012812,-0.007769,-0.008632,0.082539,0.81451,-0.52882
4.3102,-8.647,1.2775,-0.010387,0.021482,-0.004855,-0.2408,0.74488,-0.5512,1.1446,-5.8996,7.7839,0.039609,-0.019301,-0.000989,-0.066711,0.13056,-0.93654,-3.0006,6.5766,-6.6469,0.023877,0.001089,-0.004185,-0.17544,-0.74315,0.52404,0.28441,0.047038,-9.7707,0.008998,0.015254,-0.006192,-0.13735,-0.50007,0.8224,-2.3172,-4.2297,8.6687,-0.002063,0.006801,0.000495,0.081852,0.8133,-0.52748
4.3396,-8.6846,1.3595,0.005888,0.019627,-0.002995,-0.24133,0.74385,-0.55121,1.1543,-5.8632,7.7792,0.020846,-0.003292,0.00726,-0.067222,0.13004,-0.93642,-2.9517,6.5059,-6.6082,-0.009724,0.000413,-0.018349,-0.17508,-0.74238,0.52366,0.25451,0.046954,-9.7788,0.003583,0.010876,-0.002693,-0.13656,-0.49734,0.82216,-2.3392,-4.229,8.6743,-0.007462,-0.000381,0.00316,0.082431,0.81326,-0.52853
4.3324,-8.6843,1.2774,0.060374,0.047917,-0.002135,-0.24127,0.74414,-0.55255,1.1641,-5.914,7.7548,0.026459,0.01072,-0.006945,-0.066466,0.12941,-0.93702,-2.9955,6.4723,-6.7037,0.009303,0.012274,0.010828,-0.17555,-0.74237,0.52439,0.25437,0.069486,-9.7863,-0.01153,0.024099,-0.001715,-0.13661,-0.4973,0.8211,-2.3243,-4.2289,8.6446,-0.005611,-0.012138,-0.002357,0.082383,0.81272,-0.52745
4.2642,-8.7664,1.5748,0.031018,-0.008077,0.014487,-0.2397,0.74285,-0.55329,1.1738,-5.856,7.7794,0.013809,-0.005185,-0.008693,-0.06706,0.12911,-0.93601,-2.9713,6.5522,-6.6485,0.006216,-0.006555,-0.012164,-0.17606,-0.74183,0.52435,0.26181,0.077015,-9.7862,0.006361,-0.009381,-0.009887,-0.13795,-0.49758,0.8221,-2.3392,-4.2139,8.6444,-0.003575,-0.007977,-0.018609,0.083635,0.81327,-0.52849
4.2953,-8.669,1.2324,0.022354,0.055425,0.005071,-0.24008,0.74206,-0.55276,1.1202,-5.9238,7.7715,-0.002508,-0.006745,0.014533,-0.066655,0.12664,-0.9362,-2.9762,6.5546,-6.6437,0.008222,-0.006811,-0.022761,-0.17555,-0.74159,0.52437,0.26935,0.062044,-9.786,0.000202,0.002945,-0.01157,-0.13755,-0.49681,0.82211,-2.3093,-4.199,8.6151,-0.003739,-0.008623,-0.005964,0.083278,0.81432,-0.52772
4.3097,-8.7067,1.3815,0.036592,0.009668,0.006207,-0.23997,0.74181,-0.55329,1.1153,-5.8925,7.8032,0.005854,0.007162,-0.010355,-0.065577,0.1278,-0.93538,-2.9761,6.4915,-6.6475,-0.006372,-0.008342,-0.00689,-0.17578,-0.74223,0.52488,0.26937,0.062012,-9.7785,0.012257,-0.00058,0.006055,-0.13682,-0.49826,0.82242,-2.3017,-4.1993,8.675,-0.012814,-0.004107,-0.002297,0.083584,0.81407,-0.52904
4.28,-8.6548,1.4264,0.029503,0.033797,-0.003937,-0.23805,0.74067,-0.55496,1.0663,-5.8223,7.8323,0.019079,-0.003364,0.001931,-0.065725,0.12872,-0.93553,-2.9956,6.5256,-6.6679,0.005064,0.000135,0.000204,-0.17544,-0.74276,0.52403,0.26195,0.06189,-9.7562,-0.005116,0.017041,-0.01147,-0.13671,-0.49835,0.82149,-2.2643,-4.2143,8.6382,-0.003652,0.004733,-0.009513,0.083484,0.8138,-0.52864
4.3395,-8.6922,1.3968,-0.004948,0.016859,-0.015764,-0.23914,0.74069,-0.55527,1.1152,-5.7957,7.8498,0.003642,-0.023598,0.009077,-0.066057,0.12927,-0.93674,-2.9956,6.5255,-6.6239,-0.016272,-0.007419,-0.003369,-0.17594,-0.74222,0.52424,0.26939,0.061981,-9.771,-0.007163,0.013526,0.000858,-0.13558,-0.49737,0.82247,-2.2794,-4.259,8.6304,0.003133,0.013531,0.024908,0.083197,0.81405,-0.52705
4.2948,-8.6845,1.4039,-0.012255,0.017112,0.000637,-0.24027,0.74171,-0.55398,1.174,-5.8658,7.8036,-0.006029,-0.006807,0.005688,-0.066148,0.12951,-0.93596,-2.9712,6.4598,-6.5784,0.019332,-0.002497,0.000214,-0.17413,-0.74152,0.52507,0.28444,0.046976,-9.7557,-0.015725,0.004718,-0.01509,-0.13757,-0.49704,0.82145,-2.3398,-4.2893,8.6383,0.006707,-0.003562,0.017602,0.082886,0.81451,-0.52774
4.332,-8.6997,1.4265,0.000392,0.001638,-0.012043,-0.23947,0.74144,-0.55394,1.1495,-5.9045,7.7887,0.008228,-0.020995,0.002818,-0.066305,0.12861,-0.93661,-2.9908,6.5352,-6.6191,0.011143,0.00309,0.007284,-0.17593,-0.74196,0.52449,0.26937,0.062012,-9.7785,-0.001777,0.020559,-0.000858,-0.13684,-0.49811,0.82202,-2.3247,-4.2445,8.6461,0.008753,-0.003929,-0.000504,0.082646,0.81397,-0.52747
4.2949,-8.6916,1.3442,-0.026713,0.005264,-0.021223,-0.23989,0.74145,-0.55436,1.1299,-5.8948,7.7789,0.013617,-0.006779,0.012628,-0.067333,0.13015,-0.93604,-2.9517,6.54,-6.6797,0.008779,0.000878,-0.006841,-0.17591,-0.74118,0.52472,0.26937,0.062012,-9.7785,-0.010815,0.001209,0.004301,-0.13727,-0.49707,0.822,-2.3246,-4.2147,8.6611,0.005195,-0.001328,-0.004097,0.082644,0.81344,-0.52759
4.3246,-8.6994,1.3668,-0.012199,0.028783,0.002411,-0.23996,0.74297,-0.55303,1.1495,-5.9044,7.7693,0.003033,0.001985,0.002093,-0.067141,0.13071,-0.93722,-3.0053,6.5209,-6.7071,0.006144,0.006292,-0.008616,-0.17653,-0.74233,0.5251,0.26942,0.061919,-9.756,-0.006884,0.011758,-0.01239,-0.13655,-0.49735,0.82243,-2.3396,-4.1848,8.6759,0.004163,-0.002041,0.004951,0.082632,0.81292,-0.52785
4.3396,-8.7141,1.3071,-0.039431,0.016435,0.004249,-0.23947,0.7428,-0.5514,1.1348,-5.9432,7.7593,0.004966,0.000955,-0.013942,-0.066304,0.13056,-0.93625,-2.9809,6.5061,-6.6771,0.002642,0.007976,-0.012144,-0.17679,-0.74076,0.52492,0.26929,0.077013,-9.7786,0.00378,0.018786,-0.011456,-0.13696,-0.49787,0.82254,-2.3321,-4.1774,8.6686,-0.002995,-0.002161,0.000442,0.083069,0.81425,-0.52893
4.2948,-8.6991,1.3665,0.034961,0.039157,-0.00122,-0.23926,0.74256,-0.55246,1.1153,-5.977,7.7493,0.013752,-0.005116,0.001061,-0.065519,0.12992,-0.93633,-2.9444,6.5108,-6.6718,-0.020826,-0.011881,0.00193,-0.1768,-0.74154,0.52481,0.26943,0.047043,-9.786,0.002824,0.018788,-0.007933,-0.13602,-0.49913,0.82126,-2.3096,-4.1999,8.6614,-0.003959,-0.003871,0.004946,0.08299,0.81319,-0.52838
4.3097,-8.6846,1.4115,0.014928,0.015962,-0.004791,-0.24011,0.74337,-0.55331,1.125,-5.9214,7.7739,0.008536,-0.00172,-0.015762,-0.066799,0.12989,-0.93588,-3.015,6.4674,-6.6623,-0.00811,-0.008385,-0.008671,-0.17756,-0.74203,0.52479,0.26935,0.062044,-9.786,0.002078,0.015264,-0.015013,-0.13715,-0.49859,0.82094,-2.3096,-4.2073,8.6614,-0.020092,0.0013,-0.002215,0.084892,0.81268,-0.52804
4.3244,-8.685,1.4937,0.022223,0.034876,0.004263,-0.24015,0.74171,-0.5541,1.1178,-5.9336,7.7908,0.012001,-0.002505,-0.003349,-0.067613,0.1299,-0.93644,-2.9712,6.5012,-6.6549,-0.008899,-0.008547,-0.013956,-0.17651,-0.74312,0.52538,0.25435,0.076955,-9.7789,0.000274,0.003831,-0.015089,-0.13747,-0.49727,0.82053,-2.3097,-4.2148,8.6614,-0.012952,-0.009355,0.001314,0.083748,0.81319,-0.52715
4.3398,-8.7138,1.2474,0.027683,0.030223,-0.001193,-0.23942,0.74245,-0.55301,1.1593,-5.8343,7.8183,0.02093,-0.006956,-0.006981,-0.068009,0.12951,-0.93659,-2.9908,6.5109,-6.5991,-0.011593,-0.006751,-0.013961,-0.17561,-0.74069,0.52573,0.28441,0.047038,-9.7707,-0.005129,0.004706,-0.011561,-0.13672,-0.49861,0.82136,-2.3322,-4.2594,8.631,-0.009227,0.006708,-0.003099,0.083745,0.81411,-0.52704
4.295,-8.6694,1.3518,0.018538,0.017804,0.002498,-0.24064,0.74325,-0.55333,1.1446,-5.8658,7.8108,0.015283,-0.00489,0.026859,-0.066116,0.12923,-0.93543,-2.9566,6.4962,-6.6033,-0.011564,0.001377,-0.015702,-0.17562,-0.7412,0.52549,0.26935,0.062044,-9.786,0.00983,0.025825,-0.002586,-0.13756,-0.49808,0.82145,-2.3023,-4.2746,8.6539,-0.001959,-0.005056,-0.009539,0.081911,0.8133,-0.52668
4.3837,-8.7743,1.4563,0.001371,0.01962,-0.008467,-0.23894,0.74195,-0.55406,1.1251,-5.8441,7.8326,-0.01041,-0.006925,-0.00673,-0.067211,0.12964,-0.93629,-3.0052,6.448,-6.6814,0.021943,0.010379,0.003768,-0.17623,-0.74223,0.526,0.26931,0.076982,-9.771,0.01078,0.010858,-0.007098,-0.13671,-0.49734,0.82202,-2.2947,-4.2298,8.6616,-0.009201,0.01295,-0.003979,0.083737,0.81332,-0.52729
4.3251,-8.5882,1.3675,-0.014946,0.01796,-0.004838,-0.23963,0.74145,-0.55449,1.1107,-5.9822,7.8173,0.022678,-0.003351,0.003665,-0.066453,0.12953,-0.93676,-2.9616,6.574,-6.678,0.020214,0.006619,0.000249,-0.17614,-0.7417,0.52536,0.26939,0.061981,-9.771,0.001708,0.002952,0.000785,-0.13708,-0.49763,0.81962,-2.2947,-4.2297,8.6317,0.003475,-0.000556,-0.009528,0.081486,0.81463,-0.52859
4.3548,-8.6844,1.2626,-0.050309,0.000149,-0.013023,-0.23993,0.74218,-0.55249,1.1347,-5.8367,7.8035,0.024616,0.007177,-0.006941,-0.066928,0.12769,-0.93623,-2.998,6.5062,-6.653,0.008067,0.006114,-0.01568,-0.1771,-0.74037,0.52628,0.26939,0.054543,-9.786,-0.013923,0.014404,-0.015022,-0.13936,-0.49934,0.82111,-2.3022,-4.2298,8.6615,0.006966,-0.009376,-0.00326,0.082388,0.81397,-0.52734
4.3544,-8.7144,1.3669,0.004135,0.015801,-0.023044,-0.24071,0.74289,-0.55467,1.1053,-5.8584,7.7838,0.00838,0.000201,0.002039,-0.066216,0.12993,-0.93715,-2.9516,6.4527,-6.7296,0.025789,0.004619,-0.008588,-0.17686,-0.73999,0.52603,0.28433,0.062039,-9.7707,-0.014116,0.006481,-0.007134,-0.13752,-0.49939,0.82186,-2.2797,-4.2298,8.6394,0.00876,-0.011149,-0.002382,0.082012,0.81357,-0.52708
4.2947,-8.7141,1.4037,-0.004979,0.009667,-0.01665,-0.23982,0.74258,-0.55302,1.1642,-5.8754,7.7914,0.015537,-0.014031,-0.008759,-0.067056,0.12872,-0.936,-2.9566,6.5158,-6.7038,0.002374,-0.009857,0.001958,-0.17652,-0.74054,0.52783,0.26932,0.062106,-9.801,-0.007932,0.011762,-0.00445,-0.13667,-0.49827,0.82256,-2.3396,-4.2145,8.631,0.00719,0.002908,-0.01673,0.082539,0.81344,-0.5272
4.2952,-8.625,1.3596,-0.016862,0.009209,0.011608,-0.24194,0.74324,-0.55257,1.1444,-5.9018,7.7401,0.003062,-0.016724,-0.015792,-0.068426,0.12978,-0.93701,-2.9275,6.5836,-6.6728,-0.008797,-0.010515,-0.019239,-0.17766,-0.7392,0.52786,0.26932,0.062106,-9.801,-0.001562,0.008228,-0.011534,-0.13674,-0.4991,0.8207,-2.3396,-4.1998,8.6759,-0.011024,0.001267,-0.005842,0.082417,0.81438,-0.52869
4.3394,-8.6997,1.4116,0.012158,0.007048,-0.00293,-0.24215,0.74211,-0.55392,1.0958,-5.9529,7.7736,0.02276,-0.002531,-0.004334,-0.0684,0.13003,-0.93649,-2.9857,6.4236,-6.6636,-0.011638,-0.005744,-0.010432,-0.17762,-0.74126,0.52602,0.26939,0.054543,-9.786,0.008771,-0.00674,0.00248,-0.1367,-0.49862,0.82163,-2.317,-4.155,8.6614,-0.003869,-0.005809,-0.002301,0.08175,0.81317,-0.52708
4.3173,-8.6845,1.3668,0.005766,-0.007311,-0.006529,-0.24149,0.74296,-0.55175,1.1153,-5.9094,7.7885,0.029787,-0.006861,0.006265,-0.067047,0.12794,-0.93598,-2.9882,6.4673,-6.6521,-0.010017,-0.002818,-0.003355,-0.17569,-0.74212,0.52666,0.26935,0.062044,-9.786,0.002046,0.018786,-0.013224,-0.13741,-0.4986,0.82133,-2.3097,-4.2297,8.6464,-0.003572,0.001852,-0.02215,0.083065,0.81345,-0.52731
4.3472,-8.655,1.3523,-0.004994,0.006993,-0.015722,-0.24322,0.74219,-0.55141,1.1102,-5.7786,7.8231,0.017375,0.007243,0.000236,-0.066477,0.12896,-0.93493,-3.0053,6.4941,-6.6724,0.016863,-0.005448,-0.008631,-0.17541,-0.74097,0.52714,0.26939,0.061981,-9.771,-0.010713,0.017051,0.000882,-0.13644,-0.4981,0.82151,-2.2947,-4.2298,8.6467,-0.003838,-0.00585,-0.004118,0.082837,0.8141,-0.52667
4.3472,-8.6698,1.3447,0.020344,0.005056,-0.012944,-0.24181,0.74221,-0.5527,1.1643,-5.866,7.8449,0.008285,-0.006836,0.00557,-0.067357,0.12978,-0.93656,-2.9761,6.5109,-6.6429,-0.004528,-0.001141,-0.010404,-0.17646,-0.74053,0.52657,0.26939,0.061981,-9.771,0.010762,0.031104,-0.004313,-0.13669,-0.49787,0.82229,-2.3023,-4.2895,8.6389,-0.002118,0.001495,0.004073,0.082964,0.81488,-0.52481
4.3397,-8.6845,1.3371,0.009482,0.016965,0.00158,-0.24381,0.74287,-0.55251,1.1617,-5.8924,7.7889,0.013766,-0.009595,-0.006945,-0.066574,0.12926,-0.93664,-2.9663,6.5084,-6.6525,-0.013444,0.009673,-0.011272,-0.1763,-0.74067,0.52709,0.26928,0.077044,-9.7861,0.00348,-0.000572,0.000762,-0.13684,-0.49785,0.82202,-2.3098,-4.2744,8.6313,-0.002022,0.004954,-0.002233,0.082893,0.81568,-0.52563
4.3398,-8.6476,1.3523,0.002151,0.005452,0.008006,-0.24271,0.74025,-0.55205,1.1152,-5.8706,7.7984,0.011195,0.005406,-0.008627,-0.067527,0.12876,-0.93746,-2.9662,6.4672,-6.6811,-0.00473,-0.004506,0.000187,-0.1763,-0.74028,0.52708,0.25437,0.076924,-9.7714,-0.002437,0.002076,-0.013337,-0.13813,-0.49818,0.8209,-2.3022,-4.2447,8.6465,0.00884,0.008539,-0.004049,0.082459,0.8149,-0.52803
4.3544,-8.7145,1.3818,0.011312,0.01962,-0.001162,-0.24572,0.74174,-0.55311,1.1544,-5.8803,7.801,0.033435,0.00019,0.003616,-0.066587,0.12784,-0.93713,-3.0101,6.499,-6.7019,0.012533,-0.001091,-0.014809,-0.17753,-0.73985,0.52776,0.24698,0.061894,-9.7715,0.01044,0.022322,0.009745,-0.13701,-0.49846,0.82108,-2.3322,-4.2296,8.646,-0.00927,0.005866,-0.000392,0.083345,0.81332,-0.52717
4.3397,-8.6771,1.3372,0.000395,0.005284,-0.005678,-0.24368,0.74131,-0.55263,1.1323,-5.8851,7.779,0.017349,-0.010496,-0.007873,-0.066131,0.1273,-0.93605,-2.9663,6.5012,-6.6573,0.007815,0.000963,-0.003318,-0.17744,-0.74063,0.52716,0.26939,0.054543,-9.786,0.000157,-0.002335,-0.009843,-0.13727,-0.49809,0.8216,-2.3246,-4.2147,8.6686,-0.010178,-0.002245,-0.002256,0.084186,0.81345,-0.52661
4.3547,-8.6699,1.3373,0.002186,-0.001953,-0.010202,-0.24422,0.74042,-0.55278,1.1203,-5.9288,7.7933,0.006674,0.001906,-0.005059,-0.066905,0.12754,-0.93584,-2.9517,6.4914,-6.6618,0.002698,-0.006637,-0.013934,-0.1769,-0.74118,0.5277,0.26938,0.054574,-9.7935,-0.008601,0.006475,-0.015077,-0.13741,-0.49758,0.82186,-2.3022,-4.2148,8.6466,0.005205,0.008562,-0.002232,0.082987,0.81503,-0.52628
4.3394,-8.6998,1.4415,0.00586,0.00604,-0.015701,-0.24502,0.74081,-0.55268,1.1446,-5.8706,7.8034,0.027956,-0.012162,0.005374,-0.066406,0.12587,-0.93656,-2.9907,6.5159,-6.6921,0.00437,-0.002827,-0.008633,-0.17783,-0.73879,0.52683,0.26943,0.054481,-9.771,0.003451,0.025837,0.004472,-0.138,-0.49664,0.8213,-2.3247,-4.2221,8.6462,-0.000128,0.012023,-0.007613,0.082471,0.8137,-0.52627
4.377,-8.7069,1.285,0.014832,-0.001924,-0.000155,-0.24503,0.74056,-0.55281,1.1348,-5.8562,7.818,0.004542,-0.019127,0.014422,-0.067492,0.1268,-0.93716,-2.9712,6.5254,-6.6407,-0.018798,-0.006721,-0.010429,-0.17707,-0.74077,0.52692,0.28437,0.054539,-9.7707,-0.008722,0.006472,-0.009782,-0.1376,-0.49728,0.82079,-2.3322,-4.2445,8.646,-0.010134,0.002204,-0.004031,0.083755,0.81477,-0.52678
4.3174,-8.677,1.337,-0.001334,0.021424,-0.005752,-0.24639,0.7411,-0.55327,1.1055,-5.89,7.8031,0.015511,-0.008683,-0.001628,-0.066719,0.12733,-0.93726,-2.9468,6.4768,-6.6663,-0.007921,-0.012277,-0.01749,-0.17786,-0.74034,0.52624,0.26942,0.061919,-9.756,-0.001761,0.011757,-0.002683,-0.13833,-0.49762,0.82314,-2.3098,-4.2595,8.6389,-0.007443,-0.000463,-0.003161,0.082735,0.81529,-0.52602
4.4141,-8.7369,1.3075,0.027601,0.003157,-0.017483,-0.24637,0.73966,-0.55286,1.1201,-5.8198,7.8303,0.003911,-0.006943,-0.006846,-0.066433,0.12706,-0.93685,-3.027,6.3826,-6.7148,0.006084,0.002774,-0.004226,-0.1771,-0.74077,0.52642,0.27684,0.062041,-9.7784,0.001936,0.011744,-0.008861,-0.13654,-0.49852,0.8223,-2.3247,-4.2595,8.661,-0.005605,-0.007715,-0.007729,0.083427,0.81582,-0.52561
4.355,-8.581,1.3528,-0.002318,0.008016,-0.004776,-0.24581,0.74107,-0.55244,1.1204,-5.8902,7.847,0.019132,-0.001622,-0.001617,-0.066799,0.12717,-0.93635,-2.947,6.569,-6.6239,-0.000382,-0.000753,0.003746,-0.17578,-0.73991,0.52735,0.28437,0.054539,-9.7707,-0.007357,0.010883,0.009661,-0.13742,-0.49718,0.82172,-2.3097,-4.2297,8.6464,0.003349,-0.000368,-0.000474,0.082286,0.81515,-0.5267
4.3993,-8.685,1.3227,-0.000479,0.012482,-0.004793,-0.24662,0.73927,-0.55259,1.1468,-5.7834,7.8111,0.006604,-0.006942,-0.007748,-0.065361,0.12601,-0.93651,-2.9907,6.5061,-6.6235,-0.007836,-0.003306,-0.022781,-0.17502,-0.74085,0.52741,0.25449,0.054423,-9.7713,-0.001988,0.009129,0.007885,-0.13813,-0.49665,0.82156,-2.3397,-4.2521,8.6757,0.005088,0.005133,0.005,0.082351,0.81541,-0.52577
4.3695,-8.6701,1.3673,0.009542,0.024966,-0.004833,-0.24645,0.73957,-0.55434,1.1495,-5.8707,7.8132,0.013954,0.011562,-0.012167,-0.066546,0.12536,-0.93682,-2.9783,6.3896,-6.6702,-0.007117,0.009663,-0.013929,-0.17763,-0.74035,0.52575,0.26184,0.076953,-9.7712,0.001888,0.020556,-0.006148,-0.13826,-0.49883,0.82089,-2.3248,-4.2744,8.646,0.001479,-0.005674,0.003121,0.082854,0.81569,-0.52616
4.3397,-8.6771,1.3372,0.020285,0.016193,0.017102,-0.24564,0.73827,-0.5543,1.1277,-5.9772,7.7834,0.011162,0.0019,-0.005101,-0.067521,0.12681,-0.93769,-2.9808,6.4479,-6.7006,0.029238,-0.0061,-0.002433,-0.17785,-0.73957,0.5266,0.26937,0.062012,-9.7785,-0.003448,0.016157,-0.006183,-0.1385,-0.49925,0.82168,-2.3322,-4.2519,8.631,-0.005609,-0.011296,-0.00775,0.081241,0.81607,-0.52622
4.3176,-8.6252,1.3523,-0.005017,0.017999,0.004293,-0.24531,0.74031,-0.55309,1.1297,-5.8341,7.7792,0.022714,-0.006942,-0.005224,-0.064697,0.12718,-0.9361,-2.9713,6.5741,-6.7149,0.00252,-0.013669,-0.005114,-0.17744,-0.7405,0.52715,0.26935,0.062044,-9.786,-0.003106,0.013506,-0.022085,-0.13758,-0.49704,0.82132,-2.3022,-4.2223,8.6615,-0.005637,-0.002271,-0.004086,0.081812,0.81435,-0.52604
4.3321,-8.6848,1.4117,0.007588,0.004483,0.00437,-0.24585,0.73902,-0.5531,1.1152,-5.8754,7.7935,0.011008,-0.006866,0.002868,-0.065465,0.1269,-0.93588,-2.9395,6.5011,-6.6813,-0.00114,0.001836,-0.001552,-0.17818,-0.73904,0.52758,0.27682,0.062073,-9.7859,0.002985,0.003815,-0.016858,-0.13825,-0.49795,0.82155,-2.2947,-4.2148,8.6467,-0.007443,-0.004071,-0.004098,0.082798,0.81477,-0.52708
4.3397,-8.6403,1.3971,0.014921,0.023278,0.006125,-0.24623,0.73798,-0.55284,1.0982,-5.8998,7.8127,0.015361,-0.012098,0.01258,-0.065315,0.128,-0.93772,-2.9493,6.5278,-6.6819,-0.008188,-0.011954,-0.005121,-0.17741,-0.73946,0.52763,0.28433,0.062039,-9.7707,-0.003371,0.006465,-0.010663,-0.13867,-0.49717,0.82166,-2.3022,-4.2297,8.6465,-0.014373,0.011669,-0.022061,0.081457,0.81555,-0.527
4.3769,-8.6997,1.3522,0.01135,0.023145,-0.005736,-0.2466,0.74036,-0.55462,1.1494,-5.8076,7.8135,0.013657,-0.00862,0.003742,-0.064694,0.12692,-0.9361,-2.9761,6.5183,-6.6822,-0.018826,-0.004849,-0.00866,-0.17575,-0.74083,0.52801,0.26943,0.054481,-9.771,-0.007846,-0.000564,-0.009831,-0.13642,-0.4985,0.82177,-2.2947,-4.2522,8.6615,0.001611,0.006716,-0.004046,0.083174,0.81451,-0.52746
4.3547,-8.6404,1.3748,0.00775,0.024908,-0.010307,-0.24539,0.73957,-0.55456,1.1543,-5.798,7.8306,0.00841,-0.003405,-0.006855,-0.065733,0.12613,-0.93614,-2.9809,6.4915,-6.6476,-0.000971,-0.015617,-0.008666,-0.1767,-0.74169,0.52672,0.26937,0.062012,-9.7785,-0.016773,0.021456,-0.006147,-0.13668,-0.498,0.82242,-2.3023,-4.2745,8.6464,0.001658,0.004854,-0.007673,0.084009,0.81397,-0.52529
4.3546,-8.6552,1.3747,0.007726,0.015875,-0.015741,-0.24476,0.73945,-0.55534,1.1373,-5.8731,7.8107,-0.001533,-0.010405,0.00029,-0.066692,0.12679,-0.93686,-2.9614,6.4719,-6.6127,-0.006227,-0.009444,-0.013956,-0.17708,-0.74038,0.52666,0.26939,0.061981,-9.771,0.007006,0.004706,0.002562,-0.13752,-0.4976,0.82251,-2.2798,-4.2745,8.6094,0.003331,-0.00213,0.001311,0.082649,0.81541,-0.52536
4.3768,-8.6998,1.3821,-0.00319,0.016119,-0.002988,-0.24603,0.73891,-0.55405,1.135,-5.8998,7.8276,0.013684,-0.012206,-0.000738,-0.065288,0.12812,-0.9372,-2.9761,6.5134,-6.6625,-0.004636,-0.001002,-0.005104,-0.17738,-0.74049,0.52576,0.26195,0.06189,-9.7562,-0.011529,0.017935,-0.00264,-0.13753,-0.49913,0.82172,-2.2948,-4.2672,8.6615,-0.00372,0.010171,-0.009437,0.083655,0.81583,-0.52614
4.3696,-8.6552,1.3375,0.000467,0.024184,-0.000283,-0.24674,0.73946,-0.55488,1.1176,-5.8415,7.8034,0.022894,0.007996,-0.01404,-0.065997,0.12833,-0.9358,-2.9979,6.4771,-6.7062,0.008146,0.015126,-0.019196,-0.17763,-0.74191,0.52579,0.26943,0.054481,-9.771,0.000136,0.00999,-0.007992,-0.13671,-0.4967,0.82229,-2.2798,-4.2447,8.6319,-8.8e-05,0.00656,-0.011287,0.083899,0.81477,-0.52664
4.3398,-8.6771,1.3223,0.002252,0.010586,-0.010258,-0.24491,0.73681,-0.55318,1.1446,-5.8852,7.8034,-0.00234,0.000196,-0.000537,-0.065753,0.12666,-0.93641,-2.9565,6.4866,-6.6911,-0.004907,-0.011557,0.009009,-0.17634,-0.74027,0.52632,0.26935,0.062044,-9.786,0.028518,0.015237,-0.004423,-0.13937,-0.49652,0.82189,-2.3247,-4.2296,8.6462,0.005245,-0.002297,-0.007721,0.082843,0.81503,-0.52642
4.3322,-8.6551,1.4119,-0.005012,0.027097,0.013377,-0.24706,0.73897,-0.5557,1.1349,-5.9311,7.7788,-0.003164,-0.001641,-0.008551,-0.065813,0.12759,-0.93735,-2.9566,6.5157,-6.6525,-0.004682,0.002673,-0.003324,-0.17765,-0.7406,0.5255,0.25443,0.061954,-9.7788,0.00547,0.00999,-0.00799,-0.13816,-0.497,0.82063,-2.3322,-4.2296,8.646,0.001539,0.006839,0.001397,0.082111,0.81422,-0.52562
4.3545,-8.6554,1.427,0.005967,0.038495,-0.001246,-0.24504,0.73843,-0.55562,1.1177,-5.8996,7.7837,0.006618,-0.003378,-0.003305,-0.065865,0.12691,-0.93603,-2.9809,6.4624,-6.6764,-0.002799,-0.002849,-0.006878,-0.17617,-0.74016,0.52721,0.26943,0.047043,-9.786,-0.0018,0.003834,-0.000978,-0.13716,-0.49768,0.82107,-2.3247,-4.2146,8.6313,-0.002134,-0.00748,0.003115,0.083181,0.81502,-0.52547
4.3993,-8.7218,1.2777,0.022267,0.034764,-0.001213,-0.24523,0.73845,-0.55656,1.1494,-5.8512,7.7987,0.008446,-0.005202,-0.010431,-0.065631,0.12614,-0.93666,-2.9664,6.5376,-6.6579,0.005885,-0.006146,0.003734,-0.17681,-0.73961,0.52703,0.26937,0.062012,-9.7785,6.9e-05,0.00471,-0.00538,-0.13752,-0.49722,0.82265,-2.3247,-4.2147,8.6462,0.00338,0.002288,-0.00226,0.083329,0.81371,-0.52731
4.3099,-8.6254,1.4268,-0.006693,0.038516,-0.005827,-0.24466,0.7374,-0.55613,1.1396,-5.8271,7.8158,0.010232,0.001908,-0.00507,-0.065888,0.1277,-0.93631,-2.9762,6.5546,-6.6608,-0.022255,-0.006882,-0.01573,-0.17622,-0.74119,0.52622,0.27684,0.062041,-9.7784,-0.007699,-0.004093,-0.016914,-0.13769,-0.49667,0.82197,-2.3022,-4.2447,8.6465,0.010411,-0.004604,0.010331,0.083889,0.81478,-0.52678
4.4062,-8.7595,1.4192,0.040373,0.037376,-0.000281,-0.2434,0.73768,-0.55743,1.0762,-5.8659,7.8274,-0.011251,0.000134,-0.006697,-0.066738,0.12902,-0.93729,-2.9782,6.358,-6.6696,-0.013307,0.001378,-0.015722,-0.17585,-0.74081,0.52598,0.26942,0.061919,-9.756,0.007158,0.006463,-0.004484,-0.13764,-0.4989,0.82251,-2.2723,-4.2597,8.632,0.008899,-0.002353,-0.010467,0.08367,0.81278,-0.52648
4.3697,-8.5962,1.4125,0.016783,0.019449,-0.013003,-0.24513,0.73621,-0.5599,1.1496,-5.9095,7.813,0.004791,-0.003343,0.000272,-0.067159,0.12948,-0.93537,-3.0103,6.5596,-6.6394,0.006025,-0.004494,-0.003338,-0.17586,-0.74094,0.52573,0.2685,0.076294,-9.7558,0.00084,0.010769,-0.00258,-0.13796,-0.4981,0.8224,-2.3097,-4.2296,8.6315,0.005082,0.006957,0.006806,0.082627,0.81422,-0.52587
4.3995,-8.6406,1.3528,-0.00491,0.039529,0.004208,-0.24426,0.73694,-0.55853,1.1641,-5.8004,7.8185,-0.000655,-0.013063,-0.001495,-0.064839,0.12822,-0.93613,-2.9762,6.5473,-6.6289,-0.00624,-0.006706,-0.013947,-0.17536,-0.74069,0.52575,0.25353,0.076299,-9.7711,0.002025,0.02397,-0.014842,-0.13704,-0.4978,0.82112,-2.3247,-4.2746,8.6909,0.003429,-0.002306,-0.007714,0.082429,0.81383,-0.52681
4.3543,-8.6778,1.4865,0.015917,0.033901,-0.005771,-0.24349,0.73618,-0.5593,1.1299,-5.8609,7.7937,-0.007793,-0.01396,-0.003235,-0.066962,0.13017,-0.93641,-3.0003,6.4382,-6.6322,0.007758,0.006497,-0.000673,-0.17562,-0.74198,0.52552,0.27617,0.031383,-9.7706,0.00513,0.0002,0.004395,-0.13616,-0.49837,0.82222,-2.3097,-4.2446,8.6389,0.000638,-0.00217,-0.000479,0.084001,0.81359,-0.52729
4.3096,-8.6994,1.4114,-0.004961,0.03604,0.012423,-0.24232,0.73644,-0.5598,1.1373,-5.919,7.7716,0.00655,-0.005078,0.003801,-0.06471,0.12835,-0.93612,-2.9687,6.4672,-6.6714,0.011262,0.001155,0.002865,-0.17741,-0.74217,0.52518,0.27602,0.053947,-9.7856,-0.004266,0.001081,-0.013243,-0.13799,-0.49896,0.82134,-2.3022,-4.2446,8.6316,0.014192,0.002359,-0.000486,0.083093,0.81424,-0.52679
4.3099,-8.6108,1.4717,-0.016738,0.032476,0.006044,-0.24176,0.73591,-0.5595,1.1299,-5.9528,7.7519,0.0086,0.014253,-0.008568,-0.067918,0.12993,-0.93724,-2.9176,6.5204,-6.6813,0.000833,0.009779,-0.01124,-0.1773,-0.74113,0.5249,0.25353,0.076299,-9.7711,-0.001866,0.007259,-0.000841,-0.13661,-0.49718,0.82166,-2.3096,-4.1849,8.6615,-0.002036,-0.004944,-0.004111,0.082163,0.81279,-0.5288
4.2946,-8.7142,1.441,-0.003224,0.025334,0.01703,-0.24139,0.73682,-0.56003,1.1152,-5.8996,7.7715,0.002943,-0.010395,0.002023,-0.065691,0.13045,-0.937,-2.9855,6.38,-6.7166,0.021977,0.00037,0.003747,-0.1766,-0.74143,0.52621,0.25438,0.062048,-9.8013,0.002222,-0.014663,-0.024046,-0.13667,-0.49814,0.82256,-2.3246,-4.17,8.6762,0.003437,-0.000514,-0.007707,0.082433,0.81332,-0.52867
4.3098,-8.6403,1.4566,0.00863,0.030443,0.001526,-0.24009,0.73734,-0.56066,1.1006,-5.9529,7.7639,-0.017551,-0.002451,-0.001333,-0.066267,0.13106,-0.93548,-2.9469,6.5837,-6.7024,0.016334,-0.007557,0.016119,-0.17824,-0.73942,0.52632,0.25441,0.061986,-9.7863,0.010825,0.009983,-0.008872,-0.13651,-0.49893,0.82283,-2.2947,-4.1999,8.6617,-0.000407,-0.007373,0.008525,0.083551,0.81346,-0.52797
4.3396,-8.6552,1.4119,-0.00491,0.03769,0.000564,-0.24045,0.73668,-0.55999,1.1299,-5.8706,7.7888,-0.000455,-0.005241,-0.015699,-0.066821,0.12926,-0.93639,-2.9592,6.6274,-6.6594,0.004287,-0.017304,-0.005112,-0.17882,-0.73967,0.52731,0.2769,0.05451,-9.7709,0.008893,0.010859,-0.001809,-0.13742,-0.49756,0.82146,-2.2797,-4.2299,8.6619,-0.023625,0.010167,-0.005778,0.084108,0.81267,-0.5278
4.3172,-8.6552,1.4565,-0.008557,0.037792,0.006031,-0.23989,0.73705,-0.55944,1.1299,-5.8537,7.8132,0.018221,0.000188,0.001963,-0.065508,0.1316,-0.93584,-2.9908,6.5401,-6.6339,-0.015094,0.00041,-0.01748,-0.17724,-0.73906,0.52611,0.26942,0.061919,-9.756,-0.005046,0.013514,-0.015025,-0.13682,-0.49685,0.82294,-2.2948,-4.2896,8.6614,0.000648,-0.005798,-0.002317,0.082779,0.81265,-0.52771
4.2872,-8.6846,1.4561,-0.006724,0.045907,0.011466,-0.23961,0.73756,-0.55916,1.1152,-5.9141,7.7739,-0.0006,-0.013989,-0.005083,-0.065426,0.13279,-0.93651,-2.9882,6.46,-6.6422,-0.002066,-0.000842,0.00019,-0.17719,-0.73999,0.52715,0.25445,0.061923,-9.7713,-0.010742,0.022341,0.002684,-0.13631,-0.49758,0.82151,-2.3023,-4.267,8.6165,-0.005614,0.001317,-0.004061,0.081639,0.81265,-0.52868
4.3171,-8.6848,1.4414,0.007614,0.010773,0.005255,-0.23883,0.73808,-0.55967,1.1446,-5.8561,7.8084,-0.002449,-0.008602,0.003867,-0.065014,0.13032,-0.93657,-2.9688,6.5036,-6.6671,-0.006771,0.012124,0.010819,-0.17658,-0.74027,0.52668,0.25448,0.061861,-9.7563,0.003697,0.017035,-0.00794,-0.13771,-0.49858,0.82092,-2.2947,-4.2447,8.6616,-0.003809,0.004904,-0.004046,0.082494,0.8145,-0.52762
4.3171,-8.6848,1.4414,-0.006809,0.02341,0.004269,-0.23786,0.73676,-0.55909,1.1054,-5.8585,7.8033,-0.007832,-0.001471,0.011056,-0.065938,0.13239,-0.9364,-2.9663,6.506,-6.6623,-0.002923,-0.002719,-0.001571,-0.17658,-0.73962,0.52667,0.25359,0.061329,-9.7786,-0.000841,-0.00595,-0.007995,-0.13533,-0.49838,0.82199,-2.2797,-4.2224,8.6619,-0.003935,-0.012916,0.001255,0.082321,0.81277,-0.52666
4.3095,-8.6997,1.486,-0.012181,0.037821,0.006025,-0.23773,0.73857,-0.55909,1.1446,-5.9238,7.7692,-0.011483,-0.016495,0.009224,-0.066297,0.13328,-0.93565,-2.9614,6.5084,-6.6671,-0.013537,-0.001105,-0.005994,-0.17637,-0.73987,0.52567,0.2536,0.061298,-9.7711,-0.008966,0.011669,-0.000813,-0.13508,-0.4981,0.82148,-2.3097,-4.2298,8.6763,0.000631,-0.00938,-0.002337,0.082847,0.81344,-0.52665
4.3246,-8.6848,1.434,-0.006755,0.021407,-0.012137,-0.23676,0.73829,-0.55852,1.1372,-5.9431,7.7447,-0.009402,0.001024,-0.008488,-0.06633,0.13369,-0.93618,-2.9395,6.4913,-6.6518,0.000716,-6.4e-05,-0.005088,-0.1753,-0.74097,0.5269,0.25364,0.061236,-9.7561,-0.003374,-0.012992,-0.015103,-0.13648,-0.49884,0.82088,-2.3246,-4.1998,8.6761,0.001426,-0.000207,0.007678,0.081616,0.81424,-0.52871
4.3097,-8.6847,1.4264,-0.001377,0.019735,0.000643,-0.23764,0.73866,-0.55748,1.1348,-5.9479,7.7447,0.004781,-0.005973,0.002027,-0.06582,0.13357,-0.93641,-2.9906,6.4673,-6.684,-0.00272,0.007957,-0.011274,-0.17817,-0.7411,0.52523,0.25359,0.061329,-9.7786,0.001876,0.001087,-0.009711,-0.13687,-0.49809,0.82192,-2.3021,-4.1999,8.669,-0.005685,-0.009405,-0.002326,0.081897,0.81265,-0.5288
4.3246,-8.6847,1.3967,-0.007689,0.023336,-0.001205,-0.23739,0.7388,-0.55774,1.1299,-5.9431,7.7544,-0.000667,-0.013906,0.003808,-0.067367,0.13406,-0.93598,-2.9906,6.4989,-6.6943,0.004373,-0.002827,-0.008635,-0.17729,-0.74062,0.52514,0.26107,0.061327,-9.7709,-0.005328,0.01518,-0.004318,-0.13683,-0.49812,0.82272,-2.3096,-4.1924,8.6615,-0.001973,-0.016743,-0.011426,0.081922,0.81027,-0.52889
4.3396,-8.6553,1.4269,-0.028488,0.028848,-0.003077,-0.23788,0.74007,-0.55683,1.1251,-5.9722,7.7518,0.000351,-0.019368,-0.014018,-0.067266,0.13551,-0.93627,-2.9469,6.5569,-6.6335,0.000933,-0.006702,-0.015696,-0.17739,-0.73996,0.52562,0.26854,0.061356,-9.7708,-0.005238,0.001089,-0.009711,-0.13601,-0.498,0.82249,-2.2797,-4.1999,8.647,-0.002873,-0.001444,-0.007717,0.082948,0.812,-0.52916
4.2499,-8.6403,1.568,0.011255,0.023421,0.013415,-0.2368,0.73915,-0.55678,1.147,-5.9697,7.7301,-0.01306,-0.008674,-0.006734,-0.067786,0.13654,-0.93605,-2.9712,6.489,-6.6376,-0.040079,-0.015225,-0.015773,-0.17571,-0.74212,0.52628,0.26856,0.061325,-9.7633,-0.012301,0.008139,-0.011427,-0.13605,-0.49809,0.82156,-2.3097,-4.2671,8.6612,-0.003872,-0.007603,-0.002312,0.083452,0.81281,-0.52942
4.3094,-8.7733,1.3512,0.018579,0.017673,-0.007535,-0.23603,0.73903,-0.55728,1.1102,-5.9115,7.735,-0.002414,-0.003267,0.007437,-0.067362,0.13627,-0.9355,-3.0003,6.4407,-6.6739,-0.004728,-0.002675,0.000178,-0.17737,-0.74075,0.5259,0.26856,0.061325,-9.7633,0.00155,0.00285,0.005302,-0.13735,-0.4993,0.82323,-2.2796,-4.1851,8.6769,0.005229,0.010309,-0.004041,0.083344,0.81307,-0.52903
4.3546,-8.6405,1.4121,0.015853,0.020451,-0.004803,-0.23645,0.73917,-0.5577,1.1595,-5.982,7.7714,-0.013089,-0.009547,-0.004958,-0.065626,0.13639,-0.93476,-2.9713,6.5498,-6.6631,0.016744,-0.009873,-0.003326,-0.1764,-0.74182,0.52522,0.25359,0.061329,-9.7786,0.008987,0.022205,-0.007798,-0.1369,-0.49895,0.82073,-2.3096,-4.1999,8.6614,0.007025,-0.001363,-0.005918,0.082405,0.81253,-0.52919
4.3397,-8.6551,1.3821,0.007799,0.048443,0.00783,-0.23604,0.73969,-0.55756,1.1985,-5.9359,7.7695,0.031708,-0.013192,-0.012447,-0.067481,0.13445,-0.93561,-2.9859,6.5449,-6.5997,0.00279,-0.008587,-0.019243,-0.17586,-0.74133,0.52574,0.25353,0.076299,-9.7711,0.017794,0.000189,-0.006183,-0.13601,-0.49877,0.82223,-2.3246,-4.2147,8.6686,-0.001968,0.002156,-0.007674,0.082023,0.81252,-0.52893
4.2946,-8.6921,1.471,0.009634,0.048336,-0.000376,-0.23551,0.73968,-0.55754,1.1348,-5.9503,7.7398,0.011169,0.001911,-0.005098,-0.066224,0.13669,-0.9361,-2.9614,6.4719,-6.6078,-0.002764,0.011596,-0.010376,-0.1763,-0.74273,0.52462,0.26856,0.061325,-9.7633,5.9e-05,0.024851,-0.006015,-0.1356,-0.49799,0.82225,-2.2947,-4.2223,8.6616,-0.007627,-0.0074,0.008544,0.081682,0.81279,-0.52988
4.2499,-8.7138,1.4258,0.000344,0.005436,0.006172,-0.23545,0.74082,-0.55647,1.1103,-5.9382,7.7349,0.004721,-0.012147,0.00377,-0.066825,0.13497,-0.93545,-3.0052,6.4334,-6.6762,-0.006422,0.000837,-0.004234,-0.17598,-0.74184,0.52587,0.25357,0.06136,-9.7861,-0.007051,0.022226,-0.006035,-0.13506,-0.49863,0.82174,-2.2947,-4.2148,8.6467,0.005198,-0.002232,-0.004117,0.082887,0.8128,-0.52984
4.302,-8.6923,1.5009,0.001382,0.024121,-0.006665,-0.23495,0.73992,-0.55711,1.1372,-5.9334,7.7399,-0.011197,-0.006088,-0.013845,-0.066571,0.13575,-0.93545,-2.9687,6.4721,-6.7057,0.004966,0.002995,0.005513,-0.17547,-0.74277,0.52593,0.25357,0.06136,-9.7861,-0.001659,0.011654,-0.009638,-0.13537,-0.49783,0.8212,-2.2946,-4.1849,8.6468,-0.002193,0.014205,0.012291,0.082517,0.812,-0.52957
4.2649,-8.6991,1.4185,0.00947,0.021543,0.008853,-0.23414,0.74017,-0.55695,1.0859,-5.9673,7.7395,-0.000787,-0.016458,0.016233,-0.067339,0.13678,-0.93499,-2.9591,6.5546,-6.707,0.028466,-0.012639,-0.008613,-0.17723,-0.74141,0.5263,0.26862,0.046355,-9.7707,0.003723,-0.004206,-0.01328,-0.1374,-0.49926,0.82203,-2.2796,-4.1701,8.6695,0.008997,0.005584,-0.016745,0.083422,0.81149,-0.53007
4.2946,-8.7069,1.4709,-0.026716,0.020756,-0.003956,-0.23499,0.7402,-0.55779,1.1496,-5.9505,7.7642,0.006543,-0.005061,0.005577,-0.06697,0.13497,-0.93572,-2.9323,6.5543,-6.6186,-0.004453,-0.012167,-0.013943,-0.1773,-0.74074,0.52489,0.26858,0.053855,-9.7708,-0.001748,0.027495,-0.004234,-0.13729,-0.49796,0.8219,-2.3096,-4.1999,8.6614,-0.016496,-0.003168,-0.002254,0.083219,0.81108,-0.52926
4.3098,-8.655,1.4117,-0.004963,0.026928,0.000607,-0.23422,0.74066,-0.55602,1.1348,-5.9407,7.7617,0.012031,0.008163,0.002933,-0.066983,0.1353,-0.9335,-2.9664,6.5594,-6.6534,-0.016645,-0.006251,-0.028084,-0.1765,-0.74156,0.52559,0.26853,0.061387,-9.7783,-0.005355,0.020459,-0.002517,-0.13735,-0.49739,0.8207,-2.2947,-4.1999,8.6467,-0.003106,-0.00559,0.008543,0.082133,0.81213,-0.52932
4.2798,-8.6992,1.4112,-0.019519,0.006288,-0.008448,-0.23287,0.74168,-0.5557,1.1591,-5.8656,7.7695,0.008323,-0.008622,0.002,-0.067649,0.13504,-0.9338,-3.0174,6.4382,-6.635,-0.010095,0.001829,0.000176,-0.17635,-0.74131,0.52609,0.26853,0.061387,-9.7783,-0.001476,0.008121,-0.018486,-0.13734,-0.49765,0.8207,-2.2947,-4.2149,8.6691,-0.007364,-0.004202,-0.01043,0.083031,0.81346,-0.52958
4.2875,-8.6769,1.3815,-0.013109,0.014212,-0.015769,-0.2347,0.74168,-0.55497,1.1104,-5.9722,7.759,0.006591,-0.003334,0.002019,-0.067513,0.13615,-0.9359,-2.9883,6.5182,-6.6139,-0.001926,-0.006485,-0.006882,-0.17599,-0.74132,0.52573,0.25359,0.061329,-9.7786,0.010549,0.008124,0.000928,-0.13645,-0.49848,0.82181,-2.2797,-4.2448,8.6618,0.010528,-0.005692,0.001269,0.083598,0.81267,-0.52928
4.3096,-8.7142,1.3964,0.002378,0.031117,-0.017643,-0.23391,0.74193,-0.55521,1.13,-5.9722,7.7591,0.018192,-0.017547,-0.005262,-0.067536,0.13402,-0.93429,-2.9687,6.4866,-6.6473,0.002386,0.015539,-0.000647,-0.17673,-0.74117,0.52607,0.26851,0.061418,-9.7858,-0.001713,0.013409,-0.006979,-0.13718,-0.49716,0.82151,-2.2947,-4.2447,8.6466,-0.005875,-0.001904,0.014004,0.083842,0.81294,-0.52955
4.2948,-8.6844,1.3965,0.000376,0.005335,-0.002032,-0.23475,0.74105,-0.55577,1.1347,-5.9478,7.7253,0.019125,0.000229,0.005498,-0.067339,0.13613,-0.93511,-2.9882,6.4819,-6.6817,-0.001211,0.002855,0.001967,-0.17723,-0.7418,0.52631,0.26858,0.053855,-9.7708,-0.001581,-0.007721,-0.015068,-0.13648,-0.49871,0.82101,-2.2946,-4.1925,8.6617,0.007107,0.001211,-0.011335,0.082863,0.81134,-0.52861
4.317,-8.7291,1.4113,-0.003121,0.021348,-0.01396,-0.23415,0.74166,-0.55468,1.1593,-5.9818,7.7301,0.006671,-0.003388,-0.005978,-0.067044,0.1343,-0.9348,-2.9713,6.5498,-6.6851,0.016717,-0.013463,-0.001567,-0.17659,-0.7417,0.52647,0.26851,0.061418,-9.7858,-0.004549,0.015178,0.000975,-0.13648,-0.49782,0.82141,-2.3396,-4.1848,8.6684,0.004297,0.001361,-0.004071,0.084846,0.81176,-0.52882
4.2873,-8.6844,1.4113,-0.009517,0.008816,-0.01574,-0.23536,0.74258,-0.55473,1.169,-5.972,7.7108,0.024604,-0.003428,-0.008791,-0.067023,0.13506,-0.93429,-2.9567,6.5497,-6.6482,-0.010064,-0.020953,-0.000726,-0.17779,-0.73997,0.52762,0.2536,0.061298,-9.7711,-0.00362,0.008141,-0.00172,-0.13772,-0.49832,0.82148,-2.3395,-4.1699,8.6909,0.00431,0.015737,-0.002167,0.081811,0.81108,-0.53024
4.3096,-8.7141,1.3815,0.001272,-0.001925,-0.008383,-0.23613,0.7427,-0.55409,1.1373,-5.977,7.73,0.028068,-0.010453,-0.001749,-0.066176,0.13484,-0.93554,-2.9566,6.4962,-6.6473,-0.009952,-0.001103,-0.006873,-0.1761,-0.74171,0.52599,0.25349,0.076361,-9.7861,0.001889,0.020453,-0.00869,-0.13726,-0.49939,0.82204,-2.3096,-4.185,8.6764,-0.007339,0.001161,-0.011293,0.084088,0.81135,-0.52831
4.3246,-8.6994,1.3668,0.007668,0.010602,-0.006603,-0.23632,0.74222,-0.55517,1.1347,-5.9237,7.7448,0.026278,0.000217,0.005443,-0.0674,0.13512,-0.9364,-2.9956,6.4989,-6.6479,-0.00282,0.002611,-0.006868,-0.17831,-0.74162,0.52486,0.25365,0.046359,-9.7861,0.004635,0.006362,-0.013207,-0.13786,-0.49883,0.82121,-2.2946,-4.1926,8.6916,-0.009325,-0.009385,-0.000511,0.08202,0.81373,-0.53055
4.2872,-8.6699,1.486,-0.00141,0.012541,-0.002061,-0.23646,0.74092,-0.5553,1.1056,-5.9723,7.7663,0.035281,0.000145,2.2e-05,-0.065858,0.13559,-0.93436,-2.9857,6.4624,-6.652,-0.000194,0.004517,-0.004212,-0.17715,-0.74218,0.52532,0.26847,0.076357,-9.7708,0.00211,0.017799,-0.019297,-0.13785,-0.49704,0.822,-2.2647,-4.215,8.6472,0.00163,0.003086,-0.005895,0.083222,0.81293,-0.5289
4.3095,-8.7144,1.4412,0.020402,0.016698,-0.014818,-0.2356,0.74134,-0.55675,1.1837,-5.8851,7.7793,0.037081,-0.006983,-0.008897,-0.06773,0.13392,-0.93548,-2.976,6.4891,-6.6719,0.007776,0.006472,-0.001544,-0.17682,-0.74,0.52692,0.26853,0.061387,-9.7783,6.6e-05,0.004604,-0.007922,-0.13679,-0.49778,0.8206,-2.3022,-4.2596,8.6539,-0.006518,-0.004103,-0.005904,0.083053,0.81399,-0.52919
4.2799,-8.7138,1.3663,0.005834,0.00157,-0.012044,-0.23686,0.74183,-0.55519,1.0516,-5.9673,7.7344,0.015259,-0.035108,0.008882,-0.066266,0.1332,-0.93748,-2.9665,6.5788,-6.6342,-0.006087,-0.013258,-0.02102,-0.1759,-0.74106,0.5251,0.28334,0.076539,-9.8005,-0.014136,0.015177,-0.007848,-0.13647,-0.49808,0.82141,-2.2797,-4.2299,8.6619,-0.010148,-0.002294,-0.004085,0.083188,0.8132,-0.52931
4.3767,-8.6999,1.4045,0.029472,0.015688,-0.019356,-0.23763,0.74234,-0.55455,1.2133,-5.9192,7.8085,0.035194,-0.019347,-0.008057,-0.068577,0.13304,-0.93682,-2.976,6.46,-6.6714,-0.014371,0.004282,-0.008642,-0.17715,-0.74114,0.52541,0.2537,0.053704,-9.7485,0.001996,0.008127,-0.014956,-0.13844,-0.49906,0.82052,-2.3246,-4.1998,8.6612,-0.007489,0.003199,0.000486,0.083078,0.81293,-0.52904
4.3175,-8.64,1.3596,-0.012195,0.021472,-0.0085,-0.23785,0.74161,-0.55616,1.1835,-5.8074,7.7724,0.018279,-0.009634,-0.012302,-0.0691,0.13161,-0.93708,-3.0102,6.5014,-6.6482,0.011444,-0.002698,-0.005983,-0.17739,-0.74296,0.52558,0.26862,0.046355,-9.7707,0.002913,0.01868,-0.014885,-0.13776,-0.4988,0.82029,-2.2947,-4.2447,8.6616,0.003216,-0.007378,0.007613,0.081767,0.81371,-0.52856
4.3321,-8.6847,1.3818,-0.004999,0.007915,-0.013903,-0.23849,0.74082,-0.55565,1.1789,-5.9021,7.7841,0.004839,0.000189,-0.001482,-0.069217,0.1303,-0.93706,-2.9908,6.5352,-6.6093,-0.008189,-0.010152,-0.006013,-0.17635,-0.74066,0.5262,0.25349,0.076361,-9.7861,-0.003476,0.013418,-0.007858,-0.13634,-0.49859,0.82115,-2.3097,-4.2298,8.6763,0.003221,-0.016393,0.004846,0.081755,0.81318,-0.52882
4.28,-8.6694,1.3815,0.002126,-0.006324,-0.001069,-0.23861,0.74082,-0.55538,1.1396,-5.9189,7.7522,0.007522,0.003755,0.002951,-0.068445,0.13063,-0.93481,-2.9371,6.4816,-6.6418,-0.019831,0.018862,-0.005073,-0.17616,-0.74118,0.52496,0.26858,0.053855,-9.7708,-0.003599,0.008133,-0.002604,-0.13823,-0.4981,0.82252,-2.2947,-4.2298,8.6616,0.001398,0.00884,0.012248,0.081602,0.81384,-0.52897
4.3022,-8.6993,1.389,0.02039,0.019477,-0.006625,-0.239,0.74017,-0.55526,1.098,-5.914,7.7446,-0.005711,0.010687,-0.013805,-0.06681,0.13223,-0.93566,-3.0101,6.448,-6.6839,0.006032,0.011883,-0.003314,-0.17791,-0.74228,0.52528,0.2686,0.046386,-9.7782,-0.007064,0.013416,-0.006099,-0.13604,-0.49758,0.82183,-2.2797,-4.1999,8.6321,0.019657,0.010402,-0.002266,0.08111,0.81423,-0.52833
4.3099,-8.6695,1.3519,0.004928,0.017076,0.007956,-0.23915,0.74109,-0.55554,1.1178,-6.0012,7.7346,0.015587,0.001077,0.001965,-0.066269,0.13327,-0.93512,-2.9494,6.5862,-6.7025,0.015077,-0.012755,-0.008623,-0.17741,-0.74074,0.52526,0.25361,0.05386,-9.7861,0.00528,-0.000674,-0.002666,-0.13737,-0.49954,0.82269,-2.2946,-4.185,8.6617,-0.014752,0.008633,0.005049,0.083002,0.81372,-0.52812
4.3393,-8.7145,1.4265,0.007716,0.015905,-0.013918,-0.23941,0.74031,-0.55541,1.1495,-5.9044,7.7693,0.022812,0.008998,-0.001589,-0.066203,0.13071,-0.93677,-2.9664,6.5376,-6.6457,-0.01146,-0.017804,-0.019272,-0.17504,-0.742,0.52453,0.2686,0.061262,-9.7483,0.013217,-0.00773,-0.000947,-0.13596,-0.49766,0.82051,-2.3321,-4.2147,8.661,-0.013644,0.004731,-0.011243,0.082104,0.81238,-0.52786
4.3174,-8.6402,1.4044,0.022121,0.005147,-0.005645,-0.23891,0.73903,-0.55619,1.1471,-5.9045,7.7814,0.028089,-0.006051,-0.003491,-0.066582,0.13005,-0.93665,-2.9516,6.4671,-6.6516,-0.008161,-0.001999,-0.006874,-0.17602,-0.74184,0.52524,0.2686,0.053824,-9.7632,0.005527,0.034524,-0.011243,-0.13702,-0.49936,0.82125,-2.3097,-4.2297,8.6539,-0.019966,-0.014194,-0.014981,0.082391,0.81346,-0.5292
4.3396,-8.6847,1.3819,0.016724,0.001421,-0.019317,-0.24038,0.74008,-0.55612,1.1348,-5.8755,7.8034,0.03221,-0.036869,0.01054,-0.066714,0.13083,-0.93654,-3.0297,6.5258,-6.6489,0.00269,-0.005698,-0.013951,-0.17548,-0.74225,0.52578,0.26854,0.061356,-9.7708,-0.012395,0.018705,-0.006059,-0.13703,-0.49845,0.82125,-2.3022,-4.2297,8.6465,-0.009276,0.003168,-0.000423,0.080783,0.81316,-0.52751
4.3097,-8.6699,1.434,0.00047,0.013217,-0.017565,-0.23844,0.74035,-0.55725,1.1739,-5.8367,7.8135,0.015569,-0.003394,-0.005138,-0.067946,0.12896,-0.93553,-2.9908,6.5498,-6.6096,0.007916,-0.005537,-0.008633,-0.17579,-0.74132,0.52473,0.26843,0.076419,-9.7858,-0.003513,0.014292,-0.006087,-0.13772,-0.49704,0.82188,-2.3247,-4.2595,8.661,-0.003776,-0.007745,-0.009543,0.082256,0.8145,-0.52723
4.3246,-8.6773,1.4117,0.008584,0.012378,-0.008431,-0.23934,0.73904,-0.55661,1.1251,-5.9094,7.7983,-0.004061,0.012589,0.002204,-0.067474,0.12977,-0.9363,-2.9616,6.5447,-6.6042,0.004319,0.013522,-0.008591,-0.17539,-0.74277,0.52517,0.26847,0.076357,-9.7708,-0.001609,0.001083,-0.013238,-0.13818,-0.49751,0.82066,-2.2798,-4.2747,8.6617,-0.001948,-0.009581,-0.011388,0.083613,0.81291,-0.52542
