11.652,-1.0683,4.533,0.066471,-0.065313,0.1994,-0.78767,-0.22567,0.10989,11.449,2.959,-2.2382,-1.2412,0.44782,-0.038672,-0.68579,0.22706,0.28936,11.187,-0.91964,2.2221,0.82088,-0.69525,1.2601,-0.55414,-0.50667,-0.42668,-15.395,-4.0663,-3.9647,-1.4543,-0.33709,1.2863,0.65775,0.41564,-0.38873,-11.759,-2.6084,-4.754,-0.49264,0.49939,0.47684,0.60583,-0.36583,0.41062
9.5699,-1.7325,4.4085,-0.18442,-0.28207,0.18972,-0.78811,-0.21805,0.11429,11.19,2.3515,-1.9267,-0.29806,0.30815,-0.089988,-0.68847,0.21487,0.28427,11.81,-0.59105,2.6561,1.0079,-0.67489,1.4354,-0.59285,-0.47935,-0.37667,-12.721,-3.7306,-2.8163,-0.75645,0.20067,1.8046,0.6723,0.38172,-0.36566,-12.761,4.2723,0.2662,-0.28996,0.40005,0.84495,0.58747,-0.37968,0.42399
9.9342,-2.587,6.196,-0.48934,-0.33897,0.22978,-0.78753,-0.21106,0.11821,10.605,2.9586,-2.151,0.003104,0.24412,0.014759,-0.69039,0.21131,0.27603,12.235,0.87104,3.698,1.3792,-0.3134,0.95634,-0.61862,-0.45935,-0.33239,-9.9809,-4.1347,-0.39815,-1.3599,-0.41329,1.8373,0.68144,0.34694,-0.34695,-9.9962,0.44122,0.7432,0.000623,0.032665,0.30524,0.57503,-0.40122,0.41715
9.6846,-2.2848,5.2114,0.057671,-0.05359,0.1581,-0.78779,-0.20219,0.12339,9.0216,3.1738,-1.9897,-0.13245,0.15071,0.17075,-0.68675,0.20741,0.27252,11.812,2.4288,5.2044,0.2146,0.44452,0.25708,-0.63355,-0.45015,-0.3046,-7.0952,-4.5904,0.16283,-1.3667,-0.28361,1.6686,0.68855,0.32256,-0.32212,-9.6096,0.11227,-1.8202,0.47932,0.23065,-0.095495,0.57766,-0.39431,0.41951
8.3898,-1.9774,5.0246,0.25523,-0.033695,0.16636,-0.78918,-0.19284,0.12472,8.3579,3.5298,-1.9046,-0.12535,0.076643,0.20758,-0.68464,0.20976,0.26981,9.6876,-0.39091,2.6155,-0.51055,0.42734,-0.074911,-0.624,-0.44489,-0.31451,-7.4444,-4.357,1.4006,-1.0011,-0.4759,1.4133,0.69462,0.29446,-0.31205,-10.486,3.7727,-0.86923,-0.55888,0.25303,0.17248,0.57069,-0.39328,0.42384
7.4243,-1.3616,4.8646,0.3107,-0.14863,0.19968,-0.78667,-0.18268,0.1279,8.2454,3.433,-1.9446,-0.131,0.05467,0.12211,-0.6835,0.21634,0.26383,8.836,-1.9947,1.8776,-0.35875,0.12907,-0.2082,-0.6093,-0.44192,-0.32704,-7.5659,-2.5506,1.3662,-0.71595,-0.63397,1.0208,0.69812,0.26632,-0.32381,-8.9331,0.91869,-0.52955,-1.4327,-0.058631,0.3194,0.56179,-0.41891,0.41402
7.7393,-1.1329,4.4582,0.33696,-0.31706,0.22234,-0.78556,-0.17234,0.13944,8.5495,3.2002,-1.939,0.062198,0.056481,0.047634,-0.68148,0.21843,0.26163,8.2088,-2.5807,1.5019,0.44042,-0.11299,-0.34225,-0.60111,-0.44932,-0.31971,-7.9808,-0.60017,0.68824,-0.67735,-0.69132,0.5328,0.69548,0.25337,-0.33563,-10.208,0.24696,-1.0906,-0.55185,0.075278,0.28978,0.55521,-0.43995,0.39645
8.5283,-0.98615,5.0843,0.25736,-0.33321,0.14855,-0.78433,-0.16118,0.14834,8.9107,3.426,-2.0135,0.22317,0.059232,0.069533,-0.68169,0.22166,0.25828,8.6286,-2.8711,1.2004,0.72541,-0.29143,-0.47114,-0.59516,-0.46529,-0.29836,-8.7963,1.4554,1.3747,-0.95707,-0.55341,0.16803,0.68887,0.25516,-0.34579,-9.9182,2.5109,0.39162,0.10583,0.020265,0.46939,0.54572,-0.45082,0.39356
8.5894,-0.56506,5.2441,0.27454,-0.22694,0.051472,-0.78096,-0.15259,0.15788,8.8525,3.3215,-1.9584,0.27873,0.008348,0.12391,-0.68034,0.22206,0.25759,9.1635,-2.5423,1.7504,0.5019,-0.32504,-0.45628,-0.58675,-0.47935,-0.27657,-9.2378,1.9753,2.1378,-0.63423,-0.33195,-0.16379,0.67978,0.27596,-0.34512,-9.4877,0.97537,-1.0466,0.34747,-0.12822,0.48394,0.53925,-0.46376,0.38612
8.3078,-0.4353,4.8475,0.12401,-0.11703,0.025215,-0.77729,-0.14515,0.16296,8.594,3.4171,-1.6753,0.42358,-0.014992,0.21682,-0.67797,0.22923,0.25355,8.8881,-1.479,2.4659,0.097522,-0.26895,-0.33827,-0.58008,-0.48778,-0.26039,-8.6208,1.7969,0.54527,0.03488,-0.28403,-0.40884,0.67498,0.2875,-0.35597,-9.3045,-0.97909,-1.9599,0.18839,-0.074056,0.39965,0.53161,-0.46851,0.38888
7.9344,-0.80131,4.5066,-0.14414,-0.14948,0.021275,-0.77549,-0.14136,0.16747,8.618,4.3122,-1.7974,0.38143,0.045631,0.36256,-0.67615,0.24454,0.24518,8.974,-0.72322,3.0847,-0.1749,-0.22988,-0.21213,-0.57316,-0.48939,-0.24914,-9.0567,2.1495,0.086102,0.89895,-0.30777,-0.32594,0.66675,0.28815,-0.37107,-9.8636,0.20869,-1.2865,-0.32575,-0.01228,0.44134,0.52258,-0.47177,0.39399
8.4311,-1.133,4.9632,-0.25923,-0.18484,-0.020621,-0.77175,-0.13858,0.17141,8.6335,4.9302,-1.7848,0.007297,0.015681,0.41536,-0.67135,0.25483,0.24222,9.4566,-1.0931,3.5482,-0.2353,-0.18129,-0.27294,-0.56832,-0.4896,-0.24535,-9.4371,3.9863,-2.0987,1.9262,0.35826,-0.32093,0.66748,0.26979,-0.38946,-10.028,0.32064,-1.0426,-0.33641,-0.10312,0.46978,0.51425,-0.48622,0.38335
8.9149,-1.0936,5.2432,-0.24797,-0.12056,-0.050002,-0.76802,-0.13643,0.17508,8.7032,4.7982,-1.5614,-0.19058,-0.045525,0.36421,-0.66633,0.26427,0.24308,9.5333,-1.6879,3.3398,-0.34914,-0.098247,-0.33034,-0.56118,-0.49201,-0.24444,-9.724,6.7077,-0.56229,0.87982,0.68706,-0.71515,0.67383,0.25814,-0.39302,-9.7432,0.3863,-0.97783,-0.037971,-0.19123,0.40501,0.50797,-0.49992,0.37668
8.7225,-0.86932,5.1163,-0.17877,-0.092258,-0.10659,-0.7628,-0.13722,0.17437,8.9517,4.872,-1.7928,-0.10867,0.015497,0.26787,-0.66079,0.26981,0.24378,9.5175,-2.1772,2.8689,-0.53827,-0.055045,-0.32433,-0.55428,-0.48954,-0.25356,-10.147,5.9005,2.0402,-0.22724,0.19593,-0.56691,0.67118,0.27057,-0.3888,-10.011,1.126,-0.71151,-0.13695,-0.30105,0.48421,0.50076,-0.51344,0.36238
8.4243,-0.76414,5.346,-0.34508,-0.041194,-0.12894,-0.75755,-0.13664,0.17443,8.6869,4.7423,-2.0113,-0.14292,0.10392,0.17074,-0.65678,0.27342,0.24141,9.0434,-2.5359,2.5453,-0.64128,-0.018475,-0.25741,-0.54381,-0.48686,-0.25982,-9.1222,3.4965,0.62335,0.098114,0.092737,-0.68997,0.66541,0.28625,-0.38572,-9.8837,1.5151,-1.0817,-0.22256,-0.32978,0.54204,0.49202,-0.52488,0.35193
8.9957,-1.3902,5.1672,-0.45699,0.05231,-0.10211,-0.75233,-0.13592,0.1741,9.044,4.9018,-1.9379,-0.1599,0.14489,0.093824,-0.6552,0.27441,0.23794,8.9925,-2.6837,2.5129,-0.8394,-0.050484,-0.16588,-0.53535,-0.48298,-0.26475,-10.105,-3.2213,-0.21412,0.20226,0.38653,-1.3555,0.65885,0.30832,-0.38033,-9.9538,0.33041,-1.803,-0.30919,-0.41259,0.53634,0.48471,-0.53417,0.34237
9.1048,-1.9249,5.2839,-0.47769,0.27142,-0.083926,-0.74892,-0.13551,0.16648,10.131,4.7419,-1.9757,0.015968,0.1695,-0.12696,-0.65309,0.27208,0.23192,9.997,-3.3452,3.0089,-0.8666,0.037387,-0.15227,-0.52449,-0.47474,-0.27554,-11.646,14.854,0.14778,-0.68724,1.131,-0.91864,0.64951,0.34271,-0.3641,-9.0929,-3.5444,-3.3523,0.18426,-0.47425,0.10935,0.48085,-0.54216,0.33124
10.655,-2.415,4.3153,-0.50439,0.09841,-0.17706,-0.74383,-0.13535,0.15852,10.894,4.79,-1.9173,-0.007049,-0.067317,-0.14746,-0.65324,0.26921,0.22629,11.464,-3.5842,3.3969,-0.33209,0.12501,-0.2138,-0.51396,-0.46945,-0.27971,-13.696,-4.2818,0.77997,-1.6067,-0.19314,-0.14203,0.64674,0.37367,-0.32585,-9.1004,-9.1234,-1.2241,0.030051,-0.28474,-0.75886,0.49067,-0.53085,0.32627
9.5247,-2.4314,3.2846,-0.21305,0.25278,-0.099976,-0.74034,-0.13694,0.14986,9.9879,4.6306,-1.0344,-0.90113,-0.46939,-0.12994,-0.64882,0.25929,0.23641,11.174,-2.2109,3.2464,0.39733,0.23082,-0.1288,-0.50099,-0.46796,-0.27471,-7.9274,-5.7148,-0.66271,-0.063398,-0.3286,-0.69138,0.62513,0.40017,-0.32338,-10.807,-5.7355,1.8555,-1.4549,-0.25394,-1.6715,0.51851,-0.51802,0.29357
7.6243,-2.6151,3.0154,0.06528,0.2563,0.088961,-0.73758,-0.13,0.14019,7.4151,2.066,0.016881,-1.2102,-0.67435,-0.46181,-0.64026,0.24071,0.26116,7.8914,0.2788,2.3125,0.28888,0.26709,0.055948,-0.48858,-0.46866,-0.26139,-7.2126,0.078695,-1.3747,0.96551,0.64293,-1.3805,0.60536,0.42005,-0.33716,-11.681,0.98764,0.51458,-0.86932,0.17241,-2.2868,0.55701,-0.48128,0.26812
7.9153,-3.2051,1.7829,0.25837,-0.074867,0.11431,-0.73411,-0.1193,0.1367,8.276,0.031026,-0.24953,0.069025,-0.3816,-0.76792,-0.63374,0.22175,0.27598,7.6942,-0.8013,1.4825,0.1878,-0.021123,0.19111,-0.48087,-0.46492,-0.24879,-12.981,3.0017,-3.0538,-0.009477,0.54162,-0.87936,0.59553,0.44082,-0.32504,-16.719,3.6712,-1.9606,-2.5494,1.1362,-1.8146,0.58343,-0.44523,0.25372
9.4803,-2.1439,3.7188,0.074745,-0.71152,-0.14922,-0.72534,-0.11533,0.15147,10.773,1.6147,-1.4564,0.59687,0.03475,-0.68051,-0.63492,0.20726,0.27264,11.213,-2.8097,1.4925,1.0459,0.036008,-0.003052,-0.47414,-0.46459,-0.2287,-9.8219,2.3461,-1.0545,-0.73847,-0.13267,-0.054812,0.58548,0.45421,-0.31778,-13.244,1.3121,1.669,-1.575,1.2758,-2.2092,0.59675,-0.41502,0.24573
11.006,-1.6106,2.5105,-0.016907,-0.4836,-0.256,-0.71587,-0.11741,0.16946,10.066,2.5304,-1.3108,0.3978,0.078596,-0.42966,-0.63759,0.19844,0.26371,11.156,-1.6993,0.010804,1.0528,0.12159,0.053776,-0.46602,-0.46903,-0.20141,-9.2884,0.070826,-1.4614,-0.85583,0.39342,-0.26166,0.58119,0.46962,-0.29729,-13.753,1.3104,2.8404,0.58435,0.35558,-1.9409,0.61325,-0.36709,0.25717
9.1828,-1.4493,4.7431,0.090316,0.034717,-0.19249,-0.7123,-0.11587,0.16748,9.4966,2.9812,-0.79225,0.24291,-0.083603,-0.28166,-0.63761,0.18745,0.26125,9.5076,-0.67412,0.16354,0.20774,-0.084162,0.36466,-0.46217,-0.45928,-0.18514,-9.7553,-1.5623,-0.38892,0.10053,0.36593,-0.45529,0.57604,0.48017,-0.28382,-9.8755,2.8654,-2.7956,2.6289,1.1733,-1.8591,0.61911,-0.29697,0.29501
7.753,-1.6422,3.9775,-0.033388,-0.09483,-0.18317,-0.70744,-0.11585,0.16504,8.4032,2.6186,-0.97068,0.65202,-0.19373,-0.25652,-0.63638,0.18598,0.26034,8.64,-0.93115,1.0202,-0.007593,-0.2511,0.51216,-0.46713,-0.44259,-0.17877,-9.0638,0.05583,-1.2468,0.86347,0.35227,-0.4736,0.56791,0.48433,-0.28818,-8.3003,2.4575,0.69513,2.0673,0.49011,-2.0493,0.62091,-0.2204,0.3378
7.9923,-1.7605,3.4415,-0.16421,-0.18268,-0.1775,-0.70081,-0.11905,0.16886,8.3216,3.4584,-1.2055,0.8231,-0.17534,-0.15904,-0.63246,0.18932,0.25872,8.7961,-1.2336,1.3431,0.12186,-0.30767,0.46804,-0.472,-0.43109,-0.16799,-9.6337,0.34025,-1.6786,0.4004,0.28982,-0.35753,0.56163,0.48509,-0.29034,-8.9891,2.024,1.698,2.2293,0.39667,-1.6574,0.6241,-0.14647,0.36547
8.3633,-1.913,3.7939,-0.18767,-0.14998,-0.17033,-0.69436,-0.12039,0.16925,8.2243,3.7918,-1.4669,0.48026,-0.00667,0.075902,-0.62974,0.19369,0.25589,8.8492,-1.1667,1.7632,0.2466,-0.27418,0.21391,-0.47525,-0.42025,-0.1593,-9.6863,-0.65318,-0.80855,-0.15123,0.21048,-0.34329,0.55646,0.49084,-0.28571,-7.8953,2.0025,2.1048,1.8862,-0.028623,-0.81331,0.62219,-0.086283,0.37803
8.4379,-1.7518,4.0715,-0.16484,-0.096116,-0.15956,-0.69059,-0.12269,0.16849,8.3685,4.2438,-1.1919,0.38709,0.14379,0.18872,-0.62818,0.20075,0.2508,8.8289,-0.7981,2.0181,0.3178,-0.21385,-0.041984,-0.47428,-0.41486,-0.1494,-9.5183,0.18589,-0.50607,-0.033272,0.30268,-0.37775,0.54955,0.50038,-0.27731,-6.7716,2.68,1.2145,0.86208,-0.3371,-0.008408,0.62304,-0.058853,0.37339
8.1848,-1.7934,3.8829,-0.1393,-0.011223,-0.086967,-0.68555,-0.12068,0.16722,8.1773,4.4254,-1.1533,0.73551,0.24457,0.14636,-0.62881,0.20769,0.24005,9.0045,-1.0032,2.1563,-0.17887,-0.12546,-0.18719,-0.47493,-0.4087,-0.14752,-9.4738,-0.065777,-1.2399,0.11319,0.28834,-0.39646,0.54449,0.50337,-0.27754,-7.705,0.094219,0.80337,-0.24723,-0.44176,0.58386,0.62608,-0.060494,0.36198
8.4004,-1.9283,3.8389,-0.24345,0.022384,-0.041639,-0.682,-0.12059,0.16237,7.915,5.4533,-1.1794,0.67301,0.23542,0.098905,-0.62916,0.21657,0.22777,9.006,-1.9064,2.2356,-0.50238,0.004848,-0.24743,-0.4677,-0.40576,-0.15493,-9.5734,0.65137,-0.71769,0.25607,0.24596,-0.44598,0.53613,0.508,-0.27443,-8.9698,-3.7832,0.69687,-1.3131,-0.26926,0.95739,0.62912,-0.090139,0.34917
8.8685,-2.0151,4.2223,-0.18738,-0.014206,-0.085118,-0.67882,-0.12228,0.15777,8.183,5.4475,-1.4791,0.12112,0.15661,0.088842,-0.6266,0.21971,0.21927,9.285,-2.5168,2.0598,-0.49094,0.080385,-0.2808,-0.45499,-0.4068,-0.16061,-9.0523,0.56708,-1.5847,0.37589,0.30448,-0.45976,0.5283,0.51657,-0.26956,-10.743,-5.6461,-2.4299,-2.0189,-0.36831,0.72051,0.63262,-0.12882,0.3359
9.2844,-2.1751,4.5153,-0.14181,0.033744,-0.10892,-0.6756,-0.12336,0.15422,8.9762,5.128,-1.5923,-0.089587,0.2011,0.17271,-0.6258,0.22114,0.21324,9.9046,-2.908,1.8706,-0.42851,0.12624,-0.27784,-0.4467,-0.40337,-0.17127,-9.8347,-1.1457,-1.501,0.21922,0.31109,-0.63476,0.51993,0.52155,-0.2662,-10.383,-4.6578,-3.6236,-1.5887,0.013805,1.0564,0.63051,-0.17419,0.31966
9.3504,-2.6039,4.1624,-0.007958,0.20363,-0.061161,-0.67048,-0.12296,0.14679,9.6067,5.0661,-1.8462,-0.004274,0.24818,0.19192,-0.62207,0.22408,0.20784,10.241,-2.7151,1.5739,-0.5634,0.16882,-0.23275,-0.43751,-0.39933,-0.18513,-9.6514,-0.51498,-1.558,0.13716,0.10873,-0.52399,0.50771,0.52939,-0.26302,-10.964,-6.2773,3.2554,0.59772,-0.007767,1.0188,0.61981,-0.20743,0.31536
10.339,-2.5566,5.1698,-0.22248,-0.057146,-0.002727,-0.66936,-0.12174,0.13815,11.275,5.1251,-2.0398,-0.074331,0.16979,0.16213,-0.62111,0.22506,0.1998,11.513,-2.6943,1.2849,-0.63469,0.12717,-0.35973,-0.42968,-0.39165,-0.20532,-12.032,-0.42201,-0.94592,0.15965,0.079963,-0.5073,0.49418,0.53506,-0.26688,-14.013,-8.4122,-1.5591,2.9676,-0.25717,0.51522,0.61138,-0.20709,0.32599
10.583,-2.3142,3.3307,0.14205,0.002756,0.006573,-0.66635,-0.12024,0.13799,10.735,4.0474,-1.7468,-0.44705,0.041327,0.10027,-0.6182,0.22238,0.20177,11.434,-2.4461,1.2207,-0.37605,-0.020555,-0.38976,-0.42003,-0.3883,-0.21322,-12.765,4.1636,2.5896,1.054,-0.52853,-0.012677,0.48267,0.52949,-0.28074,-8.3334,1.3274,-0.72743,2.986,0.20455,0.12187,0.60663,-0.16244,0.34609
9.8038,-1.8768,2.9547,0.39319,0.26396,0.053134,-0.66506,-0.11461,0.13024,9.6118,2.2901,-1.2417,-0.08944,-0.089787,-0.032735,-0.61533,0.22005,0.20058,9.7855,-1.5554,1.8622,0.034418,-0.18582,-0.18336,-0.41513,-0.38812,-0.21055,-10.942,5.03,5.1079,2.0127,-0.82325,0.63501,0.48002,0.50705,-0.30989,-9.4516,4.7101,-1.2002,-0.40103,0.091066,1.2233,0.59659,-0.15864,0.36155
7.5753,-0.93577,1.7876,0.04929,0.21896,-0.016701,-0.66636,-0.11144,0.12058,7.9009,2.2685,-0.7567,0.21139,-0.20121,-0.042317,-0.61317,0.21949,0.20322,8.1419,-0.34185,1.2442,0.070906,-0.00629,0.10463,-0.41523,-0.38463,-0.20772,-9.9029,4.2733,0.55432,1.9513,-0.78463,1.4961,0.48163,0.45082,-0.36361,-9.0575,-2.0474,-0.076621,-1.3646,0.16592,1.21,0.58422,-0.20641,0.35087
7.5072,-0.26313,0.41891,-0.35528,0.19195,-0.079205,-0.66329,-0.11143,0.10913,6.7583,2.4279,-0.60505,-0.30266,-0.25862,0.1215,-0.60835,0.21688,0.20782,6.8547,0.53029,0.50796,-0.40382,0.11317,0.31603,-0.41838,-0.37432,-0.21182,-11.656,-3.9129,-1.2496,0.98007,0.034031,1.3853,0.49372,0.40006,-0.38642,-9.5109,-4.1343,-0.68736,0.12979,0.27599,0.78949,0.5705,-0.23655,0.34959
9.4558,-0.43183,1.656,-0.52996,-0.24763,-0.26517,-0.66114,-0.11849,0.10729,8.8318,2.3329,-1.0568,-1.0263,-0.09469,0.30651,-0.60311,0.21181,0.22004,9.248,-0.2346,0.77284,-0.2448,0.078401,0.18514,-0.42433,-0.36344,-0.22213,-14.368,-3.9511,-1.844,1.1462,0.18494,1.7006,0.51556,0.33679,-0.40002,-10.179,-0.64975,-0.99545,0.90908,0.18472,0.46874,0.5584,-0.24815,0.35652
10.828,-1.3135,2.6752,-0.42252,-0.41003,-0.19304,-0.65565,-0.12582,0.11412,11.385,1.556,-1.8513,-1.1261,0.14631,0.28581,-0.59961,0.20872,0.22835,11.099,-0.54239,1.9453,-0.1584,0.077674,0.09386,-0.42806,-0.35925,-0.22573,-10.817,-2.3592,-2.6745,0.80345,0.012951,1.8221,0.52849,0.28272,-0.40581,-9.3845,-0.041083,-0.98039,0.69264,0.15826,0.45244,0.55035,-0.2453,0.36751
10.867,-1.933,3.7606,-0.099019,0.32797,-0.013332,-0.65348,-0.12942,0.11042,11.131,0.91083,-1.7708,-0.079894,0.15693,0.0477,-0.59812,0.20612,0.22734,10.679,-0.46486,3.1207,-0.3123,-0.072318,0.11179,-0.4276,-0.35257,-0.23125,-10.54,-3.9472,-2.7422,-0.32736,0.071164,1.3571,0.54001,0.2521,-0.38838,-9.8789,-0.038405,-1.0858,0.40431,0.12916,0.47669,0.54297,-0.24105,0.37747
8.9159,-1.7979,3.5378,0.057113,0.26922,0.074484,-0.65511,-0.12545,0.099551,9.7921,2.1798,-1.4987,0.42277,-0.076135,-0.023535,-0.5961,0.20826,0.22287,10.001,-0.33816,3.3918,-0.094077,-0.001997,0.078438,-0.43165,-0.34386,-0.23401,-7.9766,-4.9793,-0.90451,-0.10116,0.25008,1.2593,0.55017,0.22514,-0.37426,-9.7736,0.3503,-1.322,-0.48724,0.13287,0.4707,0.53355,-0.2517,0.37737
8.203,-1.3617,3.3263,0.1483,-0.1784,0.043635,-0.65539,-0.12278,0.099259,8.9897,2.373,-1.3326,0.21053,-0.19537,0.07795,-0.59399,0.21111,0.22508,9.0282,-0.99008,2.8506,-0.082064,0.14037,-0.064657,-0.43003,-0.34139,-0.23583,-7.1639,-3.2079,-0.6426,-0.97417,0.002689,1.3779,0.55888,0.20313,-0.36159,-9.1763,-1.1489,-0.56911,-0.82139,0.13602,0.34471,0.52711,-0.27206,0.37094
8.3096,-0.99129,3.0908,0.13818,-0.000366,0.082994,-0.65588,-0.11861,0.099999,8.2469,2.3621,-1.0651,0.13665,-0.14527,0.16318,-0.59224,0.21463,0.22536,8.1309,-1.6497,2.3156,0.1275,0.18691,-0.17767,-0.42538,-0.3447,-0.236,-7.4223,-1.8267,0.51328,-1.4471,-0.35065,0.90456,0.56001,0.18957,-0.35777,-9.7466,-2.0737,-0.17795,-0.097868,0.11926,0.087153,0.52154,-0.28615,0.3671
8.6077,-0.94954,3.168,0.41145,-0.053448,0.069038,-0.6546,-0.11418,0.099492,8.3772,2.8765,-1.1762,0.27923,0.008324,0.15402,-0.58805,0.22059,0.22434,8.317,-1.9799,1.8842,0.42146,0.088033,-0.22697,-0.41902,-0.3501,-0.23358,-7.407,-1.6268,1.1284,-1.6576,-0.32257,0.27126,0.55819,0.19547,-0.35174,-9.4338,-3.1058,-0.19039,0.56269,0.24147,-0.27645,0.51975,-0.27768,0.37386
8.3555,-0.77643,2.9881,0.54194,0.032826,0.16549,-0.65214,-0.11032,0.10153,8.6025,3.4953,-1.3202,0.38397,0.1373,-0.053221,-0.58707,0.22418,0.22194,8.4269,-2.0287,1.7034,0.60513,-0.069877,-0.16699,-0.41586,-0.35603,-0.22923,-7.3806,-1.16,0.6784,-1.1605,-0.32703,-0.18486,0.5573,0.21469,-0.34371,-8.3111,-3.4168,-0.31416,0.45265,0.14126,-0.49714,0.51918,-0.26142,0.38318
7.5799,-0.74921,3.2957,0.64667,0.057663,0.28037,-0.65515,-0.1022,0.10188,7.9189,3.0055,-1.2634,0.37313,0.18975,-0.29934,-0.58997,0.22135,0.21452,7.7707,-1.5692,1.8028,0.52754,-0.22311,0.00733,-0.41663,-0.36186,-0.21984,-9.1494,0.70189,1.9609,-0.44059,-0.15644,-0.53342,0.55145,0.2337,-0.34152,-7.9183,-1.3492,-0.47372,-0.42757,0.16251,-0.7393,0.52206,-0.24783,0.38303
6.7581,-1.0843,3.541,0.71267,-0.057101,0.39579,-0.65464,-0.090864,0.10445,7.0159,2.752,-1.4499,0.41499,0.20492,-0.45719,-0.59337,0.21451,0.20639,7.2703,-1.1397,1.9515,0.46302,-0.24282,0.1025,-0.42014,-0.36384,-0.20898,-8.5866,3.8437,0.55873,0.388,-0.31595,-0.076843,0.54692,0.23764,-0.35147,-7.0824,-2.665,-1.2249,-0.41857,0.089355,-0.93552,0.52728,-0.2382,0.37934
6.0592,-1.135,2.7894,0.75287,0.19726,0.43112,-0.65663,-0.078304,0.10455,6.2626,2.1816,-1.773,0.52193,0.12162,-0.5521,-0.60001,0.20464,0.19839,6.2686,-0.90648,1.9811,0.29488,-0.14204,0.029827,-0.4252,-0.36725,-0.19986,-6.1703,3.8063,-0.75028,0.35514,-0.24145,-0.094126,0.54173,0.23824,-0.36967,-7.2557,0.79901,-0.5837,-0.81305,0.26054,-0.77427,0.53196,-0.21932,0.38042
7.2515,-0.70325,3.577,0.50152,0.041211,0.31671,-0.6565,-0.068748,0.10239,6.191,2.2139,-1.9166,0.58777,0.039212,-0.46773,-0.60349,0.19608,0.19332,7.1537,-1.3626,2.0367,0.44187,-0.057357,-0.17541,-0.42668,-0.37176,-0.19493,-6.9812,2.3064,0.38263,0.016606,0.032089,-0.40307,0.53968,0.23918,-0.37476,-10.929,-0.45719,-1.6648,-0.20118,0.25341,-0.36711,0.53159,-0.2163,0.37934
7.5531,0.6382,4.6473,0.47043,-0.070775,0.20054,-0.65367,-0.064824,0.10641,7.4755,3.6091,-2.2304,0.4248,0.22045,-0.33164,-0.60707,0.18964,0.18896,8.557,-1.4623,2.2308,0.46843,0.018722,-0.17395,-0.42525,-0.37634,-0.19327,-9.0361,2.4349,-0.026299,0.17749,0.18076,-0.38518,0.54292,0.23641,-0.37349,-7.0414,-4.1533,-2.8414,0.9127,0.47283,-0.48397,0.53072,-0.2012,0.39146
7.491,-0.13738,4.2241,0.51766,0.49183,0.21637,-0.65451,-0.059848,0.10043,7.23,2.8484,-2.3277,0.60112,0.49448,-0.18595,-0.61268,0.18739,0.1781,7.7462,-0.2466,2.1045,-0.15998,-0.072914,0.094395,-0.42547,-0.37709,-0.1929,-7.7754,2.4569,-0.50353,0.51726,0.29941,-0.37644,0.54836,0.23643,-0.37574,-7.3241,0.7054,-1.4888,-0.50751,0.53969,-0.32813,0.52436,-0.18629,0.40494
6.1319,-0.55018,4.599,0.11821,0.017703,0.090971,-0.65181,-0.057694,0.094473,6.9111,3.6401,-2.6176,0.78476,0.53238,-0.073399,-0.61733,0.18868,0.16207,8.0349,-1.0397,2.2449,0.071182,-0.11126,0.054843,-0.4313,-0.37458,-0.19679,-7.6231,1.6352,-1.0696,0.75982,0.2665,-0.23214,0.55542,0.22567,-0.38089,-7.6708,-2.6599,2.3648,-0.24328,0.36541,0.048479,0.51932,-0.19017,0.41233
5.8052,-0.91334,3.4453,-0.059315,-0.14855,-0.077376,-0.64795,-0.063838,0.095453,6.4182,3.2446,-2.5252,0.24545,0.36864,0.14166,-0.61904,0.1889,0.14873,8.0101,-0.56528,1.762,0.12177,-0.011605,0.019825,-0.43272,-0.37504,-0.19588,-7.255,-2.9575,5.7757,2.5403,0.16989,-0.55979,0.56419,0.20782,-0.38895,-8.0896,-4.6609,-1.5236,0.12248,0.21517,-0.065363,0.51693,-0.18274,0.42315
9.2656,-2.4193,2.6114,-0.41163,-0.45133,-0.22678,-0.64281,-0.072571,0.10307,8.3709,3.3048,-2.4838,-0.28968,0.1426,0.44043,-0.61993,0.19434,0.14733,9.9978,-0.264,1.4643,-0.032613,0.060443,-0.069694,-0.43372,-0.37433,-0.20119,-15,3.5931,-2.975,0.66153,1.48,-1.0843,0.5829,0.1995,-0.3811,-10.12,-7.7629,-4.4863,-0.72804,0.29187,-0.84504,0.51643,-0.17324,0.42854
13.304,-4.0303,2.8255,-0.76004,-0.80799,-0.55368,-0.63709,-0.090769,0.11393,15.034,4.6083,-3.5231,-0.79282,-0.009569,0.94835,-0.61822,0.20644,0.15073,17.129,-1.5691,1.1892,0.67226,0.37332,-0.47085,-0.43059,-0.37692,-0.20499,-17.662,15.66,6.0489,-4.0937,0.031068,0.27943,0.59612,0.23729,-0.34191,-15.086,-4.2473,-3.6571,-1.6254,-0.93514,-1.1519,0.52473,-0.17179,0.41471
15.44,-3.0914,2.7135,-0.94818,-0.34296,-0.50189,-0.62877,-0.11335,0.12177,10.603,4.1346,-1.7229,-0.93418,-0.89785,0.97068,-0.60603,0.22548,0.16958,12.945,0.92264,0.28317,0.82511,0.46426,-0.029823,-0.42244,-0.38664,-0.20358,-9.6815,-18.413,-6.3845,-0.82975,1.3615,0.10463,0.60585,0.24657,-0.31166,-15.975,1.5992,-4.1866,-1.7275,0.16722,-1.2283,0.53809,-0.17424,0.39058
14.837,-2.2993,4.0419,-0.21223,0.081635,-0.14153,-0.62482,-0.12175,0.12198,15.672,4.5717,-0.52845,-1.2757,-1.5682,0.54407,-0.58724,0.2334,0.21558,15.545,3.4329,2.2222,-0.68995,0.17444,0.20547,-0.42409,-0.38291,-0.20718,-17.031,5.711,1.4071,0.7951,-0.18073,-0.83578,0.60817,0.26342,-0.29999,-14.001,-0.7747,-2.8751,1.7801,-0.067967,-0.71464,0.54201,-0.15434,0.38832
11.582,-2.1459,3.6606,0.029883,0.28149,-0.15702,-0.62367,-0.13027,0.12064,13.318,2.31,-1.4376,-0.41498,-1.0553,0.069478,-0.57068,0.23365,0.25656,12.942,0.28851,1.8121,-1.6049,0.33544,-0.16897,-0.41702,-0.37189,-0.233,-7.6264,1.0913,-3.6942,0.77166,0.24282,0.12394,0.60743,0.26987,-0.30291,-11.556,-0.24282,-0.18864,2.1508,0.26234,-1.0654,0.53821,-0.097226,0.40594
10.072,-1.0547,4.2754,0.009571,0.22976,-0.13685,-0.62357,-0.13272,0.11238,10.372,2.8667,0.7627,0.27802,-0.59961,-0.05333,-0.56164,0.23297,0.27446,9.464,-1.899,2.2179,-1.1663,-0.050093,-0.3206,-0.40926,-0.36231,-0.25459,-9.5369,-0.75814,-4.2706,-0.18876,0.15742,-0.45327,0.60719,0.27335,-0.29768,-8.3245,0.72791,1.9597,2.0548,0.039938,-1.0482,0.53552,-0.041299,0.41576
9.4714,-1.1047,3.159,0.30753,0.028377,-0.12657,-0.62176,-0.13057,0.10691,10.506,4.424,0.53253,0.70769,0.076293,-0.33225,-0.55663,0.23283,0.27599,8.9208,-2.1495,2.6296,0.089618,-0.19395,-0.38764,-0.40477,-0.35753,-0.26048,-10.967,0.29273,-0.53529,-0.62679,0.21243,-0.64748,0.60219,0.27221,-0.30152,-8.7091,-0.56072,1.4867,1.5795,-0.043753,-0.54628,0.53504,0.005376,0.42265
9.3358,-1.3927,3.2009,0.14082,0.1337,0.030501,-0.62049,-0.13056,0.10604,10.057,3.3853,-1.166,0.30644,0.40525,-0.38259,-0.56203,0.23023,0.26415,9.2111,-1.9234,1.733,0.26588,-0.079195,-0.36942,-0.39979,-0.36418,-0.2537,-9.4822,0.64889,-0.033319,-0.88173,0.073015,-0.59813,0.59486,0.29571,-0.28842,-8.3858,-0.32635,2.3815,1.2501,-0.26109,-0.4141,0.53544,0.035681,0.41934
8.672,-1.6899,2.9105,0.10501,0.32487,0.19096,-0.62231,-0.12529,0.099099,8.6403,2.8683,-1.4734,0.077092,0.33254,-0.20535,-0.5681,0.22495,0.25358,8.5292,-1.9025,1.4534,0.1052,-0.052922,-0.1931,-0.39306,-0.36974,-0.24882,-9.276,0.62503,-1.3117,-0.50026,0.079571,-0.33783,0.59023,0.31371,-0.27894,-7.5243,-0.35375,2.6573,0.81624,-0.3799,-0.25955,0.54177,0.061952,0.40893
8.1364,-1.4194,3.0275,-0.078737,0.15287,0.175,-0.62209,-0.12205,0.09593,7.9594,2.9948,-1.5499,-0.096913,0.24927,-0.03551,-0.57445,0.22282,0.23815,8.2997,-1.5831,1.3637,0.016146,-0.018348,0.007319,-0.39035,-0.37618,-0.24106,-9.5871,0.47089,-0.59776,0.064705,0.21978,-0.47797,0.58667,0.34612,-0.25695,-7.4949,-0.50979,2.3885,0.32523,-0.71579,0.40872,0.55331,0.065232,0.38895
7.7414,-1.1957,3.4586,-0.11997,0.15891,0.061817,-0.62217,-0.1201,0.08934,7.8505,2.9215,-1.9154,-0.21912,0.2251,0.008011,-0.57616,0.22096,0.23658,8.1097,-1.4871,1.1856,-0.25309,0.050154,0.20671,-0.39041,-0.36862,-0.24469,-9.1217,3.0796,-0.081223,0.49072,-0.036987,-0.3433,0.58227,0.34971,-0.2604,-8.0549,-3.5669,1.6987,0.20604,-0.67098,0.77148,0.56817,0.054087,0.37022
7.668,-1.1492,3.0705,-0.27865,0.24885,0.008294,-0.62341,-0.11873,0.080869,7.5615,3.0257,-1.907,-0.22857,0.20771,0.047085,-0.57568,0.21591,0.2377,8.0048,-1.4478,1.2029,-0.28715,0.066099,0.34004,-0.39418,-0.35534,-0.25403,-8.5564,2.6177,-2.057,0.31839,0.02553,-0.065138,0.57898,0.33447,-0.27624,-9.2853,-4.3948,0.88407,0.45131,-0.74925,0.77997,0.58015,0.048402,0.35662
8.0456,-1.5973,3.2495,-0.51156,0.38477,-0.01264,-0.6244,-0.1214,0.071778,7.7388,3.5781,-1.8548,-0.25853,0.14316,0.13068,-0.57803,0.21644,0.2363,8.4505,-1.3724,1.2181,-0.31545,0.090047,0.36756,-0.40032,-0.345,-0.26194,-9.1012,3.9284,-2.2569,0.045745,0.15283,-0.20253,0.57913,0.33289,-0.27623,-9.1515,-4.8125,0.54167,0.39984,-0.78565,0.98241,0.59414,0.037637,0.33633
7.2017,-2.02,3.2105,-0.4925,0.54731,-0.030741,-0.62598,-0.12417,0.056618,7.1194,3.9168,-1.7015,-0.50693,0.030574,0.17297,-0.57597,0.21456,0.2367,7.9529,-1.2104,1.5817,-0.40452,0.13129,0.43807,-0.404,-0.33197,-0.27212,-8.11,3.328,-1.1712,-0.23355,0.24986,0.29746,0.58257,0.33127,-0.26983,-7.0389,-4.0129,-0.28681,-0.22717,-0.4914,0.78775,0.60594,0.015019,0.3191
7.2879,-2.4377,3.7455,-0.61303,0.50646,-0.077219,-0.62539,-0.13053,0.037622,6.593,3.576,-1.4075,-0.6281,-0.22464,0.097789,-0.5756,0.21099,0.24309,7.8789,-1.0073,2.2053,-0.64881,0.19816,0.50238,-0.41023,-0.31645,-0.28421,-8.2264,-2.6882,-0.43199,0.022716,0.21943,0.019003,0.58962,0.32823,-0.25878,-7.7103,-2.945,0.64572,-0.68705,-0.40902,0.68659,0.61544,-0.008386,0.30333
7.1829,-2.5115,3.9303,-0.3874,0.44973,-0.18334,-0.6264,-0.13797,0.023585,7.2355,3.9299,-1.4213,-0.62452,-0.34556,-0.005872,-0.57297,0.20538,0.25607,8.9664,-1.6031,2.4008,-0.92855,0.37158,0.38874,-0.41428,-0.29616,-0.30424,-8.3641,0.8126,-0.47607,0.20639,-0.051847,-0.072162,0.59168,0.32861,-0.25993,-8.7298,-2.6131,-1.0584,-1.3916,-0.12365,0.55136,0.62051,-0.0379,0.29235
7.5221,-2.8876,4.6988,-0.2006,0.56515,-0.11877,-0.62824,-0.14313,0.008172,7.9295,3.568,-1.2827,-0.66733,-0.32771,-0.10672,-0.57029,0.19542,0.27152,9.0652,-2.2805,2.2161,-0.88075,0.38548,0.24395,-0.41441,-0.27863,-0.32706,-9.0867,0.99843,-2.5834,0.27637,0.034542,-0.14924,0.59274,0.32028,-0.26261,-8.7765,-3.6886,-0.97995,-2.2862,-0.1389,0.49383,0.62159,-0.064729,0.28653
7.4462,-2.8304,5.3699,0.061463,0.51678,-0.056165,-0.62974,-0.14859,-0.005516,8.4545,3.0879,-1.2792,-0.3424,-0.2015,-0.18873,-0.5672,0.18321,0.2825,8.9809,-2.8043,2.1286,-0.64949,0.32959,0.11685,-0.41367,-0.26216,-0.34675,-8.825,-0.32935,-2.1417,0.13573,0.17897,-0.11762,0.59508,0.31644,-0.2615,-8.6486,-3.8491,-0.11938,-2.6085,0.078939,0.60457,0.62263,-0.10559,0.27601
7.1213,-2.2348,5.252,0.28436,0.19817,-0.029886,-0.63112,-0.15399,-0.012104,8.9483,3.5112,-1.1042,0.1776,-0.12279,-0.32227,-0.56876,0.17547,0.28495,8.882,-3.3182,2.026,-0.28025,0.22329,-0.03493,-0.41277,-0.25378,-0.36097,-8.3696,2.0033,-0.16995,0.34793,-0.034601,-0.42649,0.59553,0.32144,-0.26174,-9.3553,-1.9023,1.5617,-3.0495,0.13249,0.75823,0.62124,-0.14972,0.26281
7.0029,-2.0706,5.1925,0.44231,0.16781,0.068033,-0.63519,-0.15882,-0.014855,9.3804,3.3451,-0.85933,0.46582,0.05224,-0.68466,-0.57343,0.16436,0.28553,8.005,-3.3574,1.9865,0.17367,0.14998,-0.14609,-0.41077,-0.254,-0.3727,-8.736,0.35549,-0.88056,0.71076,-0.15804,-0.20797,0.5921,0.32244,-0.26814,-9.3093,-1.3054,1.6687,-2.5647,0.00403,1.051,0.61706,-0.20186,0.24118
8.3965,-1.9199,5.4576,0.16516,0.087354,0.18124,-0.63986,-0.16184,-0.018824,9.2446,2.643,-1.0262,0.93855,0.09624,-0.63154,-0.57946,0.15443,0.27971,8.2288,-2.9694,1.5994,0.3389,0.11735,-0.19444,-0.41098,-0.25834,-0.37698,-10.952,6.5157,-2.4318,1.2414,0.28604,-0.17975,0.59227,0.31387,-0.28059,-13.42,-3.8635,-0.30456,0.046246,0.18315,1.5162,0.60751,-0.24269,0.23034
11.474,-2.0032,5.2571,0.12602,-0.17715,0.096863,-0.64255,-0.1598,-0.015418,12.639,4.8595,-1.3062,0.76137,0.13098,-0.23243,-0.58461,0.15432,0.27313,12.221,-3.6256,1.6029,0.36946,-0.02046,-0.19627,-0.41448,-0.2651,-0.37855,-15.965,4.2256,0.84515,1.2132,0.000359,0.58579,0.60039,0.28903,-0.28741,-14.348,-1.4242,3.9283,2.8164,0.083338,1.7859,0.59098,-0.26936,0.24754
11.837,-0.79899,5.3274,0.63166,0.1807,0.23472,-0.64691,-0.15803,-0.013494,12.123,4.8039,-1.8223,0.23306,0.25468,-0.1066,-0.58825,0.15523,0.26662,12.877,-3.0955,1.9825,0.50391,-0.35511,0.1249,-0.42063,-0.2717,-0.37416,-16.955,-1.231,-0.38387,0.51275,-0.81658,1.3342,0.60344,0.25241,-0.30716,-11.082,0.97817,0.28569,2.4173,0.1441,1.0937,0.57668,-0.26624,0.28024
9.4417,-0.43511,4.3418,0.67823,-0.041398,0.12967,-0.64977,-0.15701,-0.012822,9.6681,3.6973,-1.4974,-0.10283,0.15046,-0.26945,-0.59177,0.14908,0.26099,9.9799,-1.8884,2.9296,0.7319,-0.76208,0.66235,-0.4392,-0.27192,-0.35813,-11.227,-3.0007,-3.8521,0.22088,-0.58305,1.6845,0.60399,0.21234,-0.32502,-10.109,-2.2398,-3.4481,-0.42101,0.17201,0.69624,0.56544,-0.27994,0.28445
8.8214,-0.94773,4.11,0.11664,-0.28652,0.089739,-0.65162,-0.15699,-0.003165,9.5502,2.5401,-1.7949,-0.24316,0.12572,-0.28373,-0.59436,0.14241,0.25618,9.5448,-1.0826,2.9236,0.77309,-0.82976,0.90774,-0.46704,-0.26733,-0.33647,-12.122,-2.559,-2.7605,0.071165,-0.17779,1.1422,0.60905,0.16844,-0.33293,-12.373,-4.4023,-1.4086,0.67395,0.76357,0.16861,0.55265,-0.28451,0.30644
10.6,-1.1795,4.7784,-0.27386,-0.50605,0.046577,-0.65243,-0.1552,0.006521,11.402,2.63,-2.3711,-0.14716,0.34508,-0.005608,-0.59512,0.13522,0.25249,12.043,-0.34112,3.3568,1.0107,-0.50633,0.43605,-0.48801,-0.26475,-0.3144,-8.8719,-3.8878,-4.6289,-0.58037,-0.21566,1.0541,0.60612,0.14939,-0.33427,-11.145,3.0763,0.52925,0.1608,0.20569,0.30732,0.54222,-0.28345,0.3194
11.267,-1.4553,5.7365,0.22367,-0.13367,0.17708,-0.65542,-0.1543,0.012053,11.097,3.0774,-2.6577,-0.14342,0.45351,0.16567,-0.59887,0.13405,0.24361,11.926,0.22411,5.1174,0.67459,-0.080706,-0.010365,-0.49593,-0.26712,-0.29851,-9.0537,-2.027,-1.5594,-0.54614,-0.15721,1.3012,0.60741,0.12535,-0.33378,-9.0266,-0.39741,-2.0806,-0.53916,0.030473,0.30069,0.53912,-0.29774,0.31082
8.9392,-0.98784,4.6477,0.49956,0.053349,0.087013,-0.65696,-0.1505,0.012888,9.5408,2.4509,-2.3785,0.26445,0.37281,0.14374,-0.60101,0.13824,0.23257,10.17,0.057333,4.3066,0.5232,0.16179,-0.11122,-0.49434,-0.27425,-0.2936,-6.8365,-3.1155,-0.90614,-0.36661,-0.002007,0.99319,0.60894,0.10277,-0.33342,-9.6869,-1.8927,-0.74404,0.63953,0.16404,0.038565,0.53557,-0.29692,0.31475
7.6818,-0.77598,4.1994,0.18492,-0.030698,0.10413,-0.65755,-0.14724,0.014288,8.3273,2.9532,-1.9828,0.55266,0.14946,0.14716,-0.60228,0.14675,0.22428,8.8383,-0.75501,2.3059,0.13815,0.19786,-0.099634,-0.49073,-0.27991,-0.29253,-6.1656,-2.4277,0.19415,-0.31795,-0.22092,0.51006,0.61035,0.090286,-0.33232,-10.1,1.4236,-0.24918,0.47677,-0.000639,0.075008,0.5334,-0.28936,0.32507
7.4905,-0.38079,3.932,0.088057,-0.021053,0.11215,-0.65936,-0.14654,0.01737,7.9885,2.9733,-1.6227,0.54313,0.15692,0.2077,-0.6014,0.15933,0.21452,8.2074,-1.7137,1.3328,0.03966,0.13624,-0.1434,-0.48176,-0.28608,-0.29947,-7.3809,-1.0406,0.79827,-0.66505,-0.20166,0.012854,0.61016,0.08926,-0.33083,-9.1669,0.12191,-0.89412,-0.67668,0.051469,0.038922,0.53004,-0.2944,0.32353
7.7807,-0.31039,4.2703,0.088749,-0.051344,0.11415,-0.66216,-0.14339,0.019081,8.0475,3.8706,-2.1941,0.57224,0.30434,0.070537,-0.60248,0.16825,0.2051,7.789,-2.0123,1.1972,0.007367,-0.020977,-0.20484,-0.47984,-0.29129,-0.30021,-8.5971,1.1204,2.8041,-1.3386,-0.57782,-0.17189,0.60404,0.1067,-0.33938,-9.3758,-3.7453,-1.0574,-0.64638,0.16757,-0.16635,0.52798,-0.3014,0.3165
8.4113,-0.73169,4.6304,0.37372,-0.22517,0.18649,-0.66228,-0.14124,0.02432,8.4285,4.0163,-2.2616,0.30364,0.47747,0.009735,-0.60511,0.17011,0.19622,8.0058,-2.2986,1.7824,0.087105,-0.27181,-0.25117,-0.48302,-0.29094,-0.29769,-9.9309,1.8813,2.454,-1.2486,-0.11826,-0.92382,0.60177,0.13382,-0.34017,-8.2231,-4.6651,-0.12933,0.035538,0.11602,-0.42662,0.5292,-0.29676,0.31836
7.9039,-0.91987,4.5433,0.55667,0.25501,0.34877,-0.66535,-0.13517,0.026,7.8252,3.1133,-1.9924,0.55078,0.47514,-0.19172,-0.60993,0.17035,0.18171,7.9005,-2.3237,2.5096,0.11962,-0.45623,-0.1809,-0.48678,-0.2964,-0.28944,-8.9759,2.2873,3.0727,-1.3318,-0.53731,-0.49695,0.59554,0.16689,-0.34602,-7.407,-0.50249,0.17947,-0.082154,0.29291,-0.90235,0.5362,-0.2829,0.32263
5.9961,-0.97839,4.4837,0.71883,0.096076,0.38231,-0.67024,-0.12542,0.023115,6.2749,2.9382,-1.8351,0.98084,0.31094,-0.36804,-0.61318,0.1687,0.16757,6.979,-2.1108,2.7462,0.11936,-0.50341,-0.08409,-0.49207,-0.29956,-0.27985,-7.6888,1.0468,1.5399,0.20763,-0.63141,-0.29315,0.58746,0.18206,-0.35515,-8.0212,-0.21359,-0.45746,-0.27563,0.16432,-0.89885,0.54176,-0.26378,0.32538
5.6712,-0.64734,3.8493,0.71471,-0.055322,0.33457,-0.67358,-0.11694,0.029765,5.783,3.1076,-1.7523,0.98442,0.19594,-0.36785,-0.62073,0.16527,0.15323,6.3552,-2.0982,2.893,0.4244,-0.46242,-0.083834,-0.49722,-0.30676,-0.26747,-7.4354,3.8146,-2.1483,2.0919,-0.017984,-0.45248,0.58403,0.18127,-0.37252,-10.125,3.9427,1.2882,-1.085,-0.049541,-0.2752,0.54689,-0.2569,0.31996
7.7162,0.19429,4.1538,0.10162,-0.3532,0.13918,-0.67339,-0.11032,0.038666,7.4637,3.6979,-2.0576,0.59484,0.26473,-0.090926,-0.62411,0.16374,0.14412,8.3003,-2.8514,3.18,0.92314,-0.35887,-0.21859,-0.50371,-0.3172,-0.2525,-9.6607,6.0553,-0.46281,1.4569,0.34916,-0.70171,0.58688,0.16371,-0.38022,-10.494,-5.1597,-0.89343,-0.11544,-0.78577,-0.007038,0.55394,-0.26498,0.30106
7.9362,0.86798,3.8018,0.48551,0.2129,-0.032331,-0.67413,-0.11078,0.042059,7.1782,3.8521,-2.3502,0.072779,0.48361,0.20705,-0.62596,0.16634,0.13578,8.6667,-1.8478,2.9358,1.0331,-0.038419,0.04117,-0.50603,-0.32692,-0.23734,-8.3837,5.1925,0.92136,0.49789,0.061488,-0.049208,0.59222,0.14674,-0.38456,-4.8051,-1.6252,-2.6026,-0.1155,0.12197,-0.94618,0.56148,-0.25404,0.29261
6.5388,-0.060991,3.6658,-0.11754,0.16117,-0.096946,-0.67419,-0.11569,0.03578,6.2331,3.432,-2.1757,-0.12749,0.43971,0.3443,-0.62555,0.17241,0.12548,7.2247,-0.33434,2.389,0.2168,0.044297,0.4526,-0.51197,-0.32498,-0.23354,-6.5821,1.6039,0.2414,0.72196,0.17715,-0.31569,0.59702,0.13785,-0.38632,-8.1459,-1.0363,-4.2482,-1.0535,0.21711,-0.29145,0.56505,-0.24871,0.28996
5.8296,-0.16757,3.9581,-0.49844,-0.012185,-0.18524,-0.67493,-0.12045,0.033944,6.6672,3.9628,-2.1706,-0.24737,0.27339,0.29031,-0.62465,0.17673,0.1194,7.5215,0.12143,1.9383,-0.16437,0.21243,0.53742,-0.52187,-0.31353,-0.23826,-6.6988,1.8494,-1.2163,0.43698,0.72834,-0.6366,0.60548,0.13879,-0.37821,-9.3303,-2.9808,-1.906,0.017786,-0.12743,-0.077761,0.56962,-0.24864,0.28617
6.9312,-0.75947,3.4255,-0.61932,0.034714,-0.23571,-0.67331,-0.13404,0.029368,7.7426,4.0174,-2.465,-0.37005,0.095959,0.15807,-0.62564,0.18347,0.11607,8.0291,0.17925,0.84495,-0.47009,0.25186,0.40485,-0.5271,-0.30419,-0.24988,-9.3557,-1.1904,-1.1163,0.83184,0.73408,-1.0994,0.61605,0.15558,-0.3608,-7.599,-6.7985,-1.7227,0.23556,0.40828,-0.36659,0.57082,-0.23735,0.2907
12.099,-2.9289,3.9429,-1.2836,-0.25787,-0.30602,-0.67274,-0.14344,0.029982,13.335,5.8061,-3.5426,-0.93389,0.085744,0.13717,-0.62707,0.18103,0.12222,12.477,-1.1251,0.90082,-0.44871,0.14501,-0.00578,-0.53119,-0.29513,-0.26338,-18.676,14.956,5.0693,-2.5014,0.64458,-0.019872,0.63021,0.18792,-0.32629,-15.945,-7.1034,-3.7614,-0.08585,0.22467,-0.33704,0.57191,-0.22411,0.30139
13.168,-3.9078,3.9446,-0.78301,-0.088923,-0.50572,-0.66976,-0.15668,0.03124,13.602,2.8639,-2.1768,-0.92034,0.2198,0.15346,-0.62824,0.17879,0.12585,14.798,-2.2735,1.2053,-0.12457,0.4468,-0.2904,-0.53243,-0.29208,-0.27634,-10.412,-5.7299,-3.0152,-0.68279,0.6214,0.93171,0.63925,0.18798,-0.31066,-15.397,1.282,-1.8028,-0.65239,0.85652,-1.7964,0.57149,-0.20372,0.31166
13.894,-3.8388,5.6067,-0.79945,-0.14165,-0.13053,-0.66713,-0.16658,0.021155,11.702,4.8109,0.69712,-0.9142,-0.66586,0.02777,-0.62632,0.17521,0.13775,13.186,-0.88737,0.40877,-0.24181,0.20133,-0.173,-0.52797,-0.29566,-0.28773,-20.873,-7.4985,-4.131,0.37669,0.60186,-1.0344,0.6491,0.18559,-0.29511,-15.997,4.5086,-1.0574,0.59368,0.051191,-1.5749,0.57829,-0.16242,0.3252
12.7,-4.222,5.6697,-0.38131,-0.32496,-0.055427,-0.66713,-0.17089,0.025918,14.219,4.8767,1.0627,-1.4031,-1.4319,0.010386,-0.62021,0.16737,0.17794,14.741,-1.2531,0.93735,-0.47229,-0.07257,-0.35713,-0.52484,-0.29647,-0.2939,-10.164,0.87262,-0.39977,0.06364,0.19609,-0.84863,0.64536,0.20324,-0.29657,-12.578,2.3455,-0.01968,1.0652,0.44323,-0.57905,0.57754,-0.13288,0.33783
11.915,-3.3045,5.625,-0.13615,0.10459,0.10534,-0.6665,-0.17183,0.027921,13.41,2.9175,3.1675,-1.4151,-1.1912,-0.072167,-0.61311,0.15353,0.22144,13.354,-2.2447,1.3785,-0.68738,-0.081309,-0.43208,-0.51804,-0.30369,-0.30019,-11.677,3.9413,1.1791,-0.95434,-0.10884,-0.6436,0.63922,0.23803,-0.28594,-11.883,0.47232,0.77862,1.0142,0.12279,-0.89153,0.5733,-0.096384,0.35657
8.7804,-1.4315,4.763,0.055725,0.17769,0.038425,-0.66577,-0.16839,0.022009,10.242,2.2396,3.5628,0.18,-0.30741,0.066377,-0.60402,0.1507,0.23988,10.328,-2.9426,2.3641,-0.73524,-0.15334,-0.35815,-0.5144,-0.30227,-0.3059,-7.6615,1.2656,-2.3676,0.53443,0.026532,-0.085732,0.63562,0.24666,-0.28737,-8.2117,0.95107,2.0667,1.6765,0.028843,-0.77424,0.57403,-0.058249,0.36466
9.451,-0.77795,2.8262,0.058086,-0.077608,0.036237,-0.64294,-0.10879,0.17551,9.0106,4.8085,-1.029,-0.080486,-0.13323,-0.029713,-0.56574,0.24239,0.17273,9.5164,-2.0246,1.2394,0.34323,-0.024112,0.35957,-0.40707,-0.47624,-0.25737,-6.1866,-2.5415,-0.21823,0.023564,-0.33122,-0.20756,0.6563,0.23844,-0.35207,-11.557,-0.56859,1.6672,0.12944,-0.50176,-0.71408,0.59312,-0.09251,0.39276
10.823,-0.73188,2.6997,0.15404,-0.27441,0.022005,-0.65743,-0.11643,0.19499,8.3571,4.8741,-1.3228,0.20602,0.056525,0.0096552,-0.56846,0.21442,0.15578,9.0303,-1.5625,0.50229,0.36833,-0.18528,0.49861,-0.41208,-0.46659,-0.24123,-6.9749,-0.62104,0.1457,0.19765,-0.32077,0.28171,0.66797,0.24322,-0.36887,-8.315,-0.32612,-0.3036,-0.72759,-0.399,-1.064,0.62468,-0.051888,0.40139
10.857,-1.0756,4.0433,0.13363,-0.32933,0.031458,-0.66588,-0.13614,0.17129,8.2644,4.7383,-1.8428,-0.30846,0.10234,0.054559,-0.58909,0.19348,0.15633,8.981,-1.1381,0.777,0.51036,-0.0052781,0.47552,-0.40933,-0.47079,-0.24016,-9.0414,1.46,0.77644,0.28489,-0.17321,0.0011802,0.66526,0.22253,-0.39494,-8.7238,-0.34955,3.9407,-1.6284,-0.12554,-1.0568,0.60464,-0.072108,0.42734
8.9272,-1.1342,3.6372,0.40074,-0.050245,-0.020545,-0.64047,-0.12043,0.16185,8.5471,4.9036,-1.4966,-1.0072,0.10703,0.12474,-0.5813,0.18679,0.1486,9.9876,-0.90654,1.9294,0.73849,0.12792,0.20046,-0.41877,-0.4749,-0.23539,-7.7932,1.9752,-0.66748,0.13029,-0.32639,-0.061477,0.67854,0.23184,-0.38673,-8.3613,-0.50555,0.2898,-1.7355,-0.13387,-0.54088,0.61508,-0.095985,0.41966
8.2194,-0.70696,4.2767,0.54014,-0.031424,-0.049988,-0.65974,-0.11999,0.18059,8.9265,4.7351,-1.7953,-1.1267,0.24123,0.17199,-0.57402,0.17956,0.16974,11.444,-1.354,3.1283,0.77868,0.09006,-0.031543,-0.45297,-0.46976,-0.25928,-7.6313,1.7954,-1.3893,0.34733,-0.23785,-0.1575,0.70307,0.2217,-0.38199,-7.5275,-3.5548,-3.4467,1.761,0.08802,-0.41479,0.63693,-0.13363,0.42969
8.2884,0.64957,3.1483,0.64917,-0.13689,-0.10316,-0.65918,-0.10751,0.17109,8.8512,4.786,-2.377,-0.09077,0.15812,0.10614,-0.56973,0.17619,0.20628,11.169,-1.476,3.4033,1.0055,0.074746,-0.17687,-0.44998,-0.44261,-0.25015,-7.2412,2.1544,-3.0302,0.71617,0.031276,-0.11987,0.67367,0.22966,-0.38111,-7.5061,-4.396,-1.4195,2.1714,0.12628,-0.27427,0.63651,-0.17871,0.37708
8.6043,-0.14782,3.1892,0.71368,-0.31842,-0.13475,-0.64752,-0.11162,0.18584,8.5958,4.6506,-2.655,0.42955,0.12661,-0.018263,-0.55044,0.17621,0.25798,7.9195,-0.23177,2.8473,0.6612,-0.085443,-0.24064,-0.48856,-0.42328,-0.2758,-15.022,3.9881,-1.0589,1.2568,0.17692,-0.44886,0.69631,0.2179,-0.39323,-8.0562,-4.8194,0.54226,2.0487,-0.022321,0.42097,0.61442,-0.21103,0.37282
8.3459,-0.55258,2.8954,0.76013,-0.33434,-0.10459,-0.6417,-0.10947,0.15027,8.6113,2.0579,-2.3657,0.20293,0.35202,-0.1033,-0.56458,0.18536,0.26476,7.7082,-1.048,2.3165,0.50771,-0.0070691,-0.28113,-0.5193,-0.41164,-0.2975,-17.653,6.7049,-1.4804,1.1982,0.30415,-0.21238,0.68584,0.19674,-0.36796,-9.2844,-4.0142,-2.0927,1.5757,0.17187,0.75835,0.6174,-0.2046,0.34272
7.5777,-0.90678,3.0258,0.51348,-0.23346,-0.069082,-0.66506,-0.10912,0.16731,8.6279,0.024127,-1.9736,0.13692,0.4704,-0.1666,-0.57155,0.19024,0.28001,11.198,-0.56865,1.8572,0.13236,0.14607,-0.26301,-0.48778,-0.42301,-0.26625,-9.6722,5.9087,-0.39332,0.49862,0.26311,-0.16733,0.68884,0.20922,-0.3265,-9.1647,-2.9655,-0.76083,1.2482,0.10058,0.78223,0.58945,-0.15904,0.31721
6.7658,-2.3995,3.4619,0.45468,-0.12397,-0.17381,-0.66182,-0.094848,0.15206,8.7001,1.622,-1.6239,0.27167,0.36368,-0.32915,-0.57899,0.20008,0.26298,11.146,-0.25935,1.6982,0.032711,0.1824,-0.22051,-0.48757,-0.40071,-0.25805,-17.025,3.5059,-1.2395,0.22417,0.1718,0.59184,0.67103,0.21655,-0.32163,-7.0205,-2.6174,-0.25392,0.80807,0.1408,0.97833,0.58917,-0.16508,0.32094
6.0622,-4.0384,3.0658,0.50878,-0.14065,-0.1071,-0.64233,-0.061438,0.12255,8.9507,2.5419,-2.1844,0.39922,0.12545,-0.67801,-0.57897,0.21546,0.23565,9.5098,-1.5607,1.8039,0.013498,0.095361,-0.35586,-0.49046,-0.43286,-0.25173,-7.5981,-3.2369,-1.6705,0.075902,1.4827,1.3333,0.65121,0.25019,-0.32424,-7.7225,-3.6809,-0.90465,0.33355,0.16033,0.77486,0.56749,-0.20291,0.29623
7.2468,-3.0919,3.2697,0.10107,-0.18101,0.080667,-0.66566,-0.06687,0.14056,8.677,2.9713,-2.2727,0.36826,0.14123,-0.63407,-0.56113,0.23074,0.22518,8.6381,0.93427,1.9474,0.08627,-0.047764,-0.39528,-0.48424,-0.40406,-0.22055,-9.5269,14.851,-0.81783,-0.57186,0.018734,1.6887,0.67514,0.26292,-0.33105,-8.7211,-3.8586,-1.05,0.21513,0.76701,0.67629,0.5543,-0.23943,0.30764
7.5643,-2.2894,3.2073,-0.084562,-0.12044,0.11702,-0.65965,-0.074532,0.14381,9.0348,2.6095,-2.0003,0.40795,0.31114,-0.22737,-0.58415,0.22294,0.23542,8.8011,3.4302,1.9992,0.11046,-0.21931,-0.18295,-0.48041,-0.39398,-0.20058,-10.964,-4.2879,-0.49579,-0.54961,1.36,1.1501,0.66849,0.26821,-0.31963,-8.7775,-1.908,-0.11725,0.44352,0.20097,0.52877,0.53619,-0.22943,0.29058
7.4945,-2.1453,3.7445,-0.4066,-0.094212,-0.15245,-0.67205,-0.057745,0.11899,10.144,3.4615,-1.8126,0.53899,0.47391,-0.090185,-0.59162,0.22147,0.25021,8.8658,0.2843,2.0518,0.11572,-0.2396,0.1068,-0.48784,-0.40212,-0.19118,-9.4821,-5.7223,-1.2323,-0.33817,-0.16668,1.0501,0.67911,0.25957,-0.284,-8.6373,-1.3145,0.18073,0.40041,0.019245,0.50501,0.55677,-0.25511,0.27429
6.1172,-1.0628,3.9193,-0.76278,-0.04151,-0.25764,-0.63693,-0.054936,0.10744,10.895,3.8045,-1.7604,0.60299,0.48361,-0.25691,-0.59604,0.23386,0.24096,8.8272,-1.9129,2.229,0.43087,-0.14684,0.31738,-0.49467,-0.37993,-0.17918,-9.2644,0.099655,-0.716,-0.32597,0.27645,1.3081,0.68019,0.27156,-0.28567,-9.3478,-3.8867,-0.45485,-0.22564,0.18196,0.59405,0.53782,-0.24121,0.24862
5.7949,-1.077,4.7013,-0.95527,0.058761,-0.17534,-0.63221,-0.055284,0.099477,9.9904,4.2393,-2.058,0.41879,0.30732,-0.25397,-0.57904,0.21715,0.23488,9.008,-2.1567,2.1165,0.92677,-0.048916,0.19857,-0.49524,-0.38946,-0.16536,-9.5866,3.005,-1.5772,-0.66063,0.14599,1.0071,0.67061,0.29228,-0.27981,-9.3046,-1.4237,1.2928,-0.72298,0.014305,0.75007,0.53855,-0.25508,0.23723
9.2685,-1.3897,5.3584,-0.21675,0.27168,-0.18278,-0.61403,-0.074553,0.10068,7.4217,4.4183,-2.3438,0.60211,0.20325,-0.0071891,-0.58222,0.22252,0.23593,9.0031,-1.9419,2.2544,1.0329,0.010676,0.094537,-0.49245,-0.3768,-0.16226,-9.129,2.3293,-1.505,-1.3173,0.21127,0.50891,0.64725,0.31697,-0.28644,-13.432,0.99116,-0.89097,-1.3982,0.053792,1.0616,0.53792,-0.26479,0.21752
13.304,-1.6891,5.2526,0.042335,0.098057,-0.17001,-0.62202,-0.079827,0.11312,8.278,5.4546,-2.1831,0.7964,0.27756,0.15615,-0.58412,0.21554,0.25225,9.3085,-1.9124,1.7718,0.208,-0.06248,0.12158,-0.49985,-0.38108,-0.15121,-8.5383,0.073344,-1.5736,-1.2421,0.06419,0.0085949,0.64322,0.34247,-0.2818,-14.352,-2.2341,-2.602,-2.2834,0.17139,1.5216,0.53368,-0.27014,0.26259
15.442,-1.4303,5.1861,0.0015279,0.25727,-0.16899,-0.63477,-0.11198,0.11,10.766,5.4483,-2.1775,0.23518,0.50018,0.13596,-0.58636,0.21756,0.27803,9.9065,-1.585,1.4633,-0.16869,-0.12085,0.070004,-0.52088,-0.3939,-0.14268,-9.098,-1.5509,-0.94843,-1.3258,0.075028,-0.16764,0.62239,0.35257,-0.29023,-11.084,-4.4141,-4.2399,-2.6213,0.13384,1.7953,0.53532,-0.27582,0.26592
14.836,-1.1923,5.4536,0.31566,0.26637,-0.1659,-0.63865,-0.12591,0.082332,10.076,5.1316,-2.4663,-0.27883,0.43474,0.1402,-0.59182,0.20721,0.26921,10.247,-1.4896,1.1923,-0.45589,-0.032522,-0.072766,-0.5337,-0.3723,-0.14125,-8.1138,0.059947,2.5982,0.2072,0.19817,-0.91218,0.62284,0.33748,-0.28032,-10.12,3.0827,-1.8987,-3.0533,0.30611,1.0752,0.53881,-0.26512,0.27027
11.581,-1.137,5.2474,0.15217,-0.06546,-0.069756,-0.62243,-0.13569,0.092807,9.5028,5.069,-3.5506,-0.79659,0.2608,0.20656,-0.60638,0.21935,0.28467,11.51,-1.4482,0.28441,-0.44902,0.072424,-0.17326,-0.52809,-0.35048,-0.16213,-8.2267,0.34815,5.0938,2.1143,-0.02951,-0.50075,0.59227,0.34135,-0.28715,-12.395,-0.40874,-1.7357,-2.5688,0.15909,0.69097,0.55401,-0.24998,0.2994
10.058,-1.6157,5.3203,0.10842,-0.71667,-0.028034,-0.6185,-0.12761,0.11028,8.3882,5.1437,-2.1787,-0.9279,0.12377,0.085859,-0.58499,0.20497,0.31318,11.43,-1.3694,2.2144,-0.11588,0.33781,-0.22242,-0.54313,-0.3462,-0.1841,-8.3727,-0.65394,0.54174,1.4699,0.026053,-0.26116,0.59724,0.31185,-0.27497,-11.14,-1.9001,-3.7563,0.030784,-0.053696,0.17039,0.57699,-0.24982,0.333
9.4677,-2.019,4.3477,-0.074844,-0.47741,-0.10318,-0.60778,-0.15168,0.094636,8.3118,4.0536,0.69473,-1.2813,0.090975,0.0052019,-0.6091,0.21259,0.27675,9.7554,-1.2072,1.824,-0.2437,0.46936,-0.1778,-0.53056,-0.33596,-0.19606,-9.0942,0.18071,-1.2387,0.48878,0.15488,-0.43825,0.59414,0.32975,-0.26053,-9.0083,1.4357,-1.8068,2.824,-0.77722,0.32548,0.55753,-0.21515,0.33488
9.3068,-2.4345,4.1319,-0.12623,0.03134,-0.07769,-0.61687,-0.11212,0.093925,8.233,2.2817,1.075,-0.41139,0.21241,-0.18968,-0.59267,0.20123,0.25851,8.1404,-1.0166,2.2031,-0.47456,0.19056,-0.0045545,-0.53211,-0.33394,-0.20272,-8.836,-0.056093,-1.8444,0.71572,0.25485,-0.69596,0.56383,0.33546,-0.28281,-9.677,0.1241,-1.0597,2.4121,0.12277,0.29987,0.55853,-0.21172,0.32909
8.6742,-2.5062,4.7804,-0.28322,-0.094993,-0.079801,-0.62837,-0.12983,0.11666,8.3644,2.2793,3.1807,0.28426,-0.67224,-0.37336,-0.60946,0.2136,0.26935,6.8562,-1.6061,2.6314,-0.69032,0.34605,0.096814,-0.5123,-0.33328,-0.20623,-8.3793,0.65649,-2.6826,0.44579,0.23294,-0.06448,0.57324,0.32193,-0.26356,-10.119,-3.7392,-0.021901,-0.42401,0.20547,0.050824,0.56167,-0.20606,0.33822
