12.589,-3.9783,1.3507,1.3505,-0.13559,-0.46976,-0.81181,0.3642,-0.45668,13.486,17.836,2.894,0.38336,-1.0444,1.151,-0.28263,-0.020099,-0.68296,12.01,-13.028,3.7338,-0.25827,-0.57679,2.6071,-0.07605,1.243,-0.45609,-22.359,-2.0055,-0.90835,-0.18437,-0.47972,-3.0996,0.97206,-0.33455,0.34326,-13.62,4.659,-1.1514,-0.81591,-0.24137,-3.7035,0.98916,0.83364,-0.20412
8.5267,-4.9005,3.015,1.1035,-0.80105,-0.44752,-0.83017,0.31154,-0.46212,1.2575,13.742,8.0252,1.3023,0.34824,0.92782,-0.21936,-0.12356,-0.65735,7.6559,-4.7697,0.93504,0.6439,-0.94398,1.5719,0.037211,1.1417,-0.48806,-16.696,4.3249,0.81169,0.16101,-0.35222,-2.7181,1.025,-0.20725,0.31812,-8.6888,5.9512,-1.2738,1.3468,-0.54482,-2.8268,0.87329,0.94109,-0.2935
6.5178,-2.3916,0.22568,0.82442,-0.44203,-0.33662,-0.85106,0.29149,-0.43371,-5.2499,4.4699,5.4301,0.8394,-0.17756,0.95305,-0.17239,-0.19859,-0.62149,3.8853,1.0462,-0.8907,0.94194,-1.1285,0.4983,0.092781,1.0362,-0.53566,-10.21,8.1436,-2.2959,0.73921,-0.38044,-2.0843,1.0433,-0.098691,0.30454,-2.9887,11.896,-4.344,2.3947,-0.88199,-1.0246,0.78672,0.95252,-0.44807
2.4456,-1.0503,0.90485,0.24278,-0.54288,-0.63279,-0.86388,0.25927,-0.42219,-5.8614,3.1261,4.5891,1.9932,0.56557,0.41189,-0.16275,-0.25108,-0.60107,2.1079,2.1886,-1.9155,0.45418,-1.0863,-0.69838,0.063797,0.99519,-0.56284,-6.3757,11.516,-3.4756,0.73112,-0.42589,-1.4117,1.0478,-0.010138,0.28405,1.7004,9.7921,-0.57989,-0.78092,-0.072191,0.49445,0.76243,0.93669,-0.48847
0.45025,-0.16623,-1.2906,-0.56268,-0.67695,-0.40194,-0.87807,0.24901,-0.39051,-7.2306,4.3918,4.5962,0.90533,0.64933,-0.046484,-0.12547,-0.24823,-0.60127,3.6108,5.7984,-2.953,-0.2092,-0.32343,-1.6347,0.001296,0.98674,-0.56669,-4.7732,14.862,-3.8972,-0.043666,-0.62405,-0.53987,1.0476,0.035279,0.26318,1.9295,-6.1329,0.86772,-0.38346,2.1299,0.83345,0.80997,0.93508,-0.39329
1.4413,1.6027,-1.003,-0.34255,-0.38465,-0.30697,-0.88069,0.23442,-0.37496,-5.8404,2.9347,3.5895,-0.10953,0.62181,-0.25522,-0.10373,-0.16769,-0.65458,3.11,7.628,-2.3421,-1.9543,0.28178,-2.289,-0.12266,1.0478,-0.51782,-2.1369,13.561,-0.58651,-0.66108,-0.50614,-0.00544,1.0398,0.039992,0.23653,1.0877,-15.639,-1.2116,1.5266,1.855,0.25873,0.85598,0.89127,-0.32098
4.4918,3.0429,-2.3433,2.0636,-0.23929,-1.2607,-0.88241,0.19873,-0.37344,-4.2056,10.603,2.6358,1.2889,0.87726,-0.98166,-0.088001,0.036108,-0.80707,5.0022,4.4408,2.3457,-2.1776,0.69892,-3.0496,-0.25049,1.1344,-0.40537,-6.1871,-0.089412,-6.1677,-0.18055,0.03551,0.51076,1.0419,0.01015,0.22238,-17.063,-21.956,0.98975,0.17722,0.88351,-0.01003,0.85602,0.84818,-0.36076
23.038,3.3415,-21.711,-4.4015,3.4598,-0.53853,-0.86972,0.17472,-0.40413,11.817,39.609,8.1376,-1.6345,-0.32271,-1.5306,-0.25297,0.21549,-1.056,12.027,-3.0275,0.18129,-2.1288,-0.036149,-3.6732,-0.42152,1.2191,-0.25769,-31.308,0.79368,-0.81357,1.2199,0.42014,0.31894,1.0452,-0.024591,0.24889,-9.1281,30.941,-3.4102,-1.3747,-0.028366,-0.74165,0.8414,0.90088,-0.27362
18.186,-2.1403,14.111,-3.8511,-2.4421,-1.1825,-0.83758,0.18284,-0.45492,27.78,22.815,2.8488,0.28842,3.2335,-4.9871,-0.37284,0.063505,-0.9513,33.95,-27.273,2.9524,-0.91118,1.347,-5.0094,-0.75805,1.1978,-0.07384,-21.973,-17.995,1.0301,-0.16195,-0.048921,2.551,1.0178,-0.11318,0.24781,-10.316,13.727,-9.6624,-0.21377,0.44099,2.1595,0.88238,0.87743,-0.21909
20.339,3.0176,-3.7378,-0.42097,0.24513,0.29847,-0.87671,0.18656,-0.38465,20.81,19.179,0.41273,1.1668,1.5105,-5.9789,-0.21843,-0.24148,-0.74482,21.391,-19.186,4.5724,-2.6115,0.66082,-0.80452,-0.88982,1.0489,-0.041996,-19.508,-12.902,-0.30649,2.038,0.90187,3.5452,0.94444,-0.24163,0.29668,-26.997,5.2293,-1.092,-0.060364,0.23802,2.9581,0.98334,0.77939,-0.17359
14.572,1.5764,5.1845,-0.53988,2.7418,0.61025,-0.83767,0.20413,-0.46848,12.677,8.1545,-0.30234,0.48352,0.71535,-4.8583,-0.098461,-0.44891,-0.64041,7.3546,-14.722,3.084,0.52448,0.28575,-0.2329,-0.87363,0.9756,-0.11312,-9.7725,-9.4836,-1.3901,0.002517,0.83797,3.2564,0.8345,-0.34179,0.38212,-18.266,-4.4996,-3.4211,0.14084,0.53359,3.4643,1.0513,0.66433,-0.17829
8.1118,1.1116,0.96186,-1.5434,-1.165,-0.042767,-0.83987,0.22104,-0.47163,7.4733,2.9709,0.32739,0.96885,-0.060664,-3.4915,0.057452,-0.56313,-0.54495,1.9873,-6.9309,0.83539,0.52723,0.16274,-0.72759,-0.80269,0.90547,-0.2149,-4.9122,-9.9786,-0.36156,-2.3303,-0.069973,2.9294,0.73269,-0.44269,0.4028,-15.391,-7.1118,0.60979,-0.28786,0.36445,3.0344,1.1295,0.53152,-0.15476
6.2382,-1.4496,0.5132,-1.0102,1.6887,0.27554,-0.84011,0.25466,-0.46746,4.7597,3.5147,0.25247,-0.58922,-0.8067,-2.1511,0.2295,-0.62521,-0.44153,-3.0332,-4.0522,1.8705,-1.1722,-0.16461,-0.52736,-0.72299,0.84857,-0.24935,-0.27929,-13.644,1.8289,-0.68525,-0.76475,2.3291,0.66447,-0.52888,0.38311,-8.0866,-11.376,1.1102,-1.3583,-0.13259,2.4246,1.2044,0.41536,-0.11281
1.7427,-0.62468,-0.38844,-2.3209,-0.45581,0.1904,-0.84504,0.28446,-0.45379,4.7346,-2.928,-0.039567,-2.0101,-0.92049,-0.66655,0.27272,-0.61391,-0.46931,-5.6485,-5.4443,2.8477,-0.91748,-0.098652,-0.16925,-0.71473,0.8427,-0.2199,2.8417,-8.0703,0.83507,1.2904,-0.25226,0.50021,0.65618,-0.53827,0.39627,-4.1186,-12.379,0.66651,-0.96964,-0.65545,1.5519,1.2293,0.33981,-0.12705
0.30993,-1.087,-0.46946,-0.81343,-0.66106,0.27251,-0.85471,0.31575,-0.42116,5.3715,-8.7803,-2.094,-0.35024,-0.40198,0.44752,0.27076,-0.5985,-0.50275,-7.8262,-5.7682,2.7519,-0.34455,0.19243,0.70042,-0.71017,0.85546,-0.20899,-1.2807,7.0754,-0.23211,-1.033,1.7278,-0.087399,0.66114,-0.55786,0.3888,0.52598,-16.644,0.74843,-0.1777,-0.69554,0.73553,1.2391,0.29177,-0.16178
0.72902,0.27767,-1.7034,-0.10831,-0.88591,0.32919,-0.87462,0.32504,-0.37845,4.1761,-8.0427,-1.2037,1.4153,0.30794,1.5944,0.17807,-0.57694,-0.54765,-7.7786,-6.9497,0.8515,-0.21354,0.26392,1.7923,-0.73751,0.93119,-0.1774,-1.2855,18.188,-3.148,-1.2163,1.8094,0.44737,0.6488,-0.59239,0.38121,1.1905,-13.344,0.49961,-0.058868,-0.63212,-0.42975,1.2185,0.27613,-0.20565
-0.52752,-0.76655,-4.8458,2.8259,-0.10778,0.068699,-0.87923,0.30866,-0.38281,5.6398,-4.9309,0.9751,1.7044,0.70372,2.7206,0.10445,-0.58268,-0.53228,-7.2484,-11.83,0.5386,0.26038,-0.24302,2.793,-0.72963,1.0359,-0.17244,-3.8165,11.2,1.048,0.057794,-1.9573,-0.76853,0.66016,-0.64648,0.3183,-3.6945,-5.3302,1.0065,0.41901,-0.62911,-1.4438,1.2066,0.31536,-0.22281
15.714,-7.1057,-8.4048,4.3547,0.15455,0.60348,-0.86385,0.29909,-0.42287,6.1556,7.3184,3.7196,0.23303,0.62096,4.5161,0.041948,-0.57069,-0.51909,3.4404,-23.87,0.16442,1.7395,-0.58874,3.672,-0.69761,1.2179,-0.21411,-28.281,-18.688,1.2042,-0.052501,0.66971,-1.6899,0.66412,-0.65093,0.33255,-21.3,1.3493,-5.7127,1.1663,1.0233,-0.9694,1.2069,0.36945,-0.19144
27.365,-13.723,48.641,-1.5144,5.6465,1.701,-0.81906,0.38746,-0.42912,20.891,37.448,7.5345,-3.806,-0.71404,6.756,-0.10752,-0.38076,-0.65215,38.51,-35.045,-1.6352,3.0641,-1.2798,3.499,-0.53501,1.4791,-0.27692,-6.9158,-21.846,-5.2058,0.26901,-0.015997,-2.2629,0.72213,-0.58312,0.34864,-26.063,7.7602,0.23052,-0.94659,-0.36277,-3.0328,1.1783,0.44349,-0.17477
21.084,-8.7667,-3.9282,1.5121,-0.010507,0.18697,-0.85291,0.36766,-0.39077,19.997,22.775,6.6941,-4.8736,-1.2928,4.4014,-0.15803,-0.15675,-0.70314,20.111,-16.217,2.0809,0.51798,-0.29515,3.9327,-0.16101,1.4146,-0.35263,-19.585,-12.373,-6.6562,-0.74648,-0.084116,-2.1888,0.8056,-0.52143,0.32037,-27.069,6.6165,-0.34987,-1.8938,-0.25461,-3.6362,1.1069,0.60394,-0.17393
13.947,-6.1725,2.6822,2.0784,0.52331,-0.041014,-0.83746,0.31765,-0.45078,12.174,5.7004,3.2558,0.47831,0.90991,1.045,-0.16944,-0.079075,-0.71842,14.501,-11.679,0.43533,0.87773,-0.73779,3.1344,0.067521,1.2958,-0.37329,-19.282,-8.8825,-3.5101,-0.21291,-0.051068,-3.265,0.9059,-0.40708,0.29487,-13.889,4.7473,-0.40863,-1.1428,-0.23094,-3.5732,0.99797,0.77849,-0.18995
8.7343,-2.4383,1.9283,1.886,-0.58093,-0.18288,-0.8403,0.26986,-0.47052,-0.89561,8.7351,4.7156,2.5013,1.7943,0.96274,-0.084832,-0.20999,-0.67687,8.4211,-2.8117,-0.2952,1.2028,-1.361,2.0428,0.17695,1.1422,-0.43961,-19.615,4.2509,1.3909,0.23719,-0.44959,-2.9269,0.97424,-0.27257,0.27806,-10.219,5.3787,-2.1528,1.4596,-0.27637,-2.8906,0.89321,0.88608,-0.28362
5.061,-1.3515,0.5646,1.0807,-0.62438,-0.56175,-0.85303,0.23101,-0.45761,-8.0046,5.9597,4.2802,2.4013,1.1609,1.0679,-0.0065,-0.33015,-0.60099,3.5698,0.041619,-0.4037,1.1168,-1.7677,1.0075,0.2472,0.99479,-0.50033,-13.082,8.2743,-0.403,1.0336,-0.25977,-2.3144,1.0057,-0.15249,0.28149,-4.6735,10.94,-1.9844,2.9138,-1.2003,-1.8936,0.80368,0.9158,-0.44074
3.8789,-0.92556,0.17044,0.64603,-0.61531,-0.55156,-0.86765,0.19431,-0.43742,-8.318,6.4844,2.1105,1.3649,0.54854,0.78596,0.00738,-0.39536,-0.55949,2.7259,1.1458,-1.6606,0.90689,-1.5047,-0.13341,0.22163,0.93542,-0.54978,-6.8578,12.673,-2.5862,0.78838,-0.40125,-1.781,1.0142,-0.049105,0.26522,0.32492,12.727,-2.8962,-0.33839,-0.29583,0.31959,0.75022,0.89766,-0.54224
1.6311,0.68285,-1.0896,0.18035,-0.18741,-0.3664,-0.87546,0.16988,-0.42428,-8.7459,3.7106,2.1754,0.93896,0.45196,0.22208,0.025718,-0.39483,-0.54618,3.7998,3.739,-3.2444,-0.002583,-1.1583,-1.2036,0.16588,0.92049,-0.56439,-3.756,16.199,-3.5481,0.17071,-0.40658,-0.71191,1.0135,0.011412,0.24994,2.3891,1.1791,-1.5253,-1.8603,1.1276,0.99447,0.78253,0.93265,-0.4363
-0.11597,0.69899,0.24024,-0.7861,-0.2573,0.024632,-0.87796,0.15911,-0.41653,-9.7189,5.9639,1.5188,1.2753,0.2762,-0.83787,0.042905,-0.36873,-0.56399,3.0972,6.4475,-2.0724,-1.1108,-0.71898,-1.9387,0.025295,0.99717,-0.53639,-1.975,12.416,-0.98717,-0.26252,-1.0524,0.1167,1.0056,0.019473,0.20962,0.51535,-19.481,2.5485,-0.49264,2.9354,0.39348,0.8453,0.90435,-0.32475
0.97677,2.2321,-1.8753,-0.58131,-0.73527,-0.35419,-0.88037,0.17693,-0.38084,-5.675,12.58,1.914,1.207,-0.1826,-2.3356,0.083112,-0.24908,-0.63801,5.2217,4.6839,1.6138,-1.034,-0.21139,-2.2578,-0.056424,1.0643,-0.47184,-5.3334,2.79,-5.2158,-0.80831,-0.17521,0.61397,1.0121,-0.022291,0.18953,-7.4599,-28.621,-2.7507,3.9698,-1.0391,-0.46775,0.84816,0.87528,-0.35435
21.393,3.2301,-25.768,1.591,0.91807,-1.1254,-0.88013,0.15222,-0.37972,6.1453,32.628,4.9724,0.72126,-0.26397,-3.8388,0.060367,-0.13117,-0.76224,9.6488,0.16055,2.5664,-0.52406,0.096121,-3.2556,-0.10423,1.1086,-0.42009,-23.219,-1.3996,-3.1397,0.66899,0.82428,0.23971,1.0189,-0.075855,0.20246,-18.223,33.244,-8.9963,-1.894,0.78858,-0.80606,0.8337,0.92788,-0.25421
20.542,5.8491,25.275,-7.0821,2.9553,0.43252,-0.82467,0.16202,-0.47397,35.26,30.596,-1.5462,-0.977,0.11178,-4.9661,-0.066263,-0.20111,-0.74406,42.357,-21.822,-2.956,-1.5717,-0.35828,-5.0866,-0.30711,1.2224,-0.28855,-24.201,-17.227,1.8098,-0.26032,-0.11122,2.2649,1.0004,-0.15423,0.20703,-10.769,11.591,-9.2575,0.055042,-0.32935,2.1215,0.88856,0.88712,-0.20568
21.958,1.2304,-4.6922,0.42319,-0.68907,-0.45143,-0.85084,0.15652,-0.43649,18.534,19.515,3.1805,-0.7856,-0.42571,-5.0344,0.008049,-0.34421,-0.61238,26.333,-20.609,6.8137,-2.68,0.80102,-1.9866,-0.55736,1.2296,-0.16031,-21.037,-14.44,0.099619,2.1972,0.89726,3.762,0.93129,-0.28912,0.25454,-24.689,7.47,-4.08,0.19173,-0.072643,2.862,0.97572,0.79853,-0.17446
14.676,0.83882,4.1583,-1.5622,1.0952,0.5648,-0.84095,0.17011,-0.46099,11.47,8.5936,1.6389,-1.0175,-0.18591,-3.7758,0.090035,-0.43645,-0.57661,9.8479,-18.939,2.3932,-2.3488,1.0375,-0.30058,-0.68841,1.197,-0.095717,-9.9926,-9.6773,-0.11882,0.68814,1.2351,3.2248,0.81547,-0.39101,0.35389,-20.376,-3.568,-2.1394,0.45775,0.57,3.6294,1.0368,0.68504,-0.18577
9.6179,1.3654,1.1689,-1.2587,0.11186,0.11099,-0.84521,0.19054,-0.45997,4.6979,2.7327,-0.45138,-0.44813,-0.39761,-2.3494,0.19215,-0.47972,-0.54816,0.65639,-9.6835,1.3716,-0.19432,0.52527,-0.69917,-0.68225,1.099,-0.16402,-7.7078,-9.6443,-0.45561,-1.7118,0.33198,2.9306,0.70487,-0.47928,0.39724,-18.215,-3.5624,1.9313,-0.5263,0.16471,3.0927,1.12,0.54629,-0.17046
6.4359,0.011316,1.5986,-1.0593,0.78551,0.035064,-0.83427,0.2177,-0.47943,1.5854,1.1023,-0.14741,-1.0847,-0.99291,-0.6799,0.28031,-0.50832,-0.50688,-2.7686,-5.0207,2.2434,-1.9027,0.20702,-0.68466,-0.65862,1.0103,-0.16192,-0.55396,-11.393,1.1681,-1.7232,-0.95146,2.6458,0.62409,-0.56682,0.3838,-9.7776,-9.7659,0.1297,-0.40071,-0.11614,2.7667,1.2123,0.41724,-0.13977
2.3955,-0.6495,0.81008,-1.5061,-0.71908,0.33686,-0.84492,0.24941,-0.46265,2.7225,-2.5621,-0.45365,-1.1057,-1.1153,0.68246,0.26993,-0.50468,-0.54225,-5.0819,-6.2681,2.988,-1.4304,0.081462,-0.30805,-0.6587,0.98714,-0.11597,2.4003,-10.49,1.5866,1.0831,-0.31344,0.44109,0.59745,-0.59057,0.3851,-3.9385,-12.02,0.39411,-0.97611,-0.71536,1.9566,1.2446,0.31792,-0.1674
-0.058574,-0.56261,-1.1851,-2.0097,-1.5291,0.31104,-0.87065,0.29087,-0.39775,3.7434,-3.7947,-1.2501,0.18951,-0.89958,1.5541,0.22593,-0.51201,-0.55944,-8.579,-4.3998,2.702,-0.026035,0.056677,0.18994,-0.66085,0.98762,-0.10367,2.0612,3.3993,-4.0025,0.30367,1.7014,0.02353,0.60753,-0.57738,0.41365,-0.43849,-15.804,1.1976,-0.60411,-0.64065,1.0322,1.2572,0.25754,-0.20115
0.34641,-0.23079,-1.6126,-1.4485,-1.2717,0.2779,-0.89564,0.32189,-0.31935,4.221,-4.9967,-1.3742,0.41805,-0.54286,2.2565,0.12396,-0.49614,-0.60669,-9.0647,-3.8019,2.3957,0.3612,-0.049477,0.87191,-0.67238,1.0417,-0.12537,-0.62301,20.955,-4.4057,-0.94196,1.9151,0.25095,0.59592,-0.61791,0.39809,1.6159,-14.002,0.041838,-0.71637,-0.82087,-0.02526,1.2355,0.23067,-0.25771
-0.26503,-1.2928,-3.4446,2.4967,-0.18867,0.26019,-0.90097,0.32846,-0.30152,5.082,-3.2649,-1.5457,0.22,-0.32955,2.9355,0.03597,-0.46051,-0.61738,-6.3979,-7.7525,0.58813,0.18479,-0.22247,1.7267,-0.6994,1.144,-0.1023,-3.1153,10.906,-3.2593,-1.7877,-1.5261,0.43674,0.58965,-0.68818,0.32677,-1.8309,-6.3103,1.0801,0.24309,-0.81246,-1.2808,1.2268,0.26545,-0.27362
10.375,-7.5533,-8.0154,5.7209,0.57007,0.36136,-0.88827,0.31776,-0.35173,7.63,0.93803,2.0421,0.080503,-0.61655,4.334,-0.045748,-0.38878,-0.61827,1.7929,-20.617,-0.37679,1.3718,-0.484,2.8891,-0.70563,1.3448,-0.047212,-31.13,-17.663,-0.89496,-0.14818,1.018,-1.5761,0.59674,-0.69376,0.3258,-17.399,0.6308,-6.2763,1.9295,0.91426,-1.7444,1.229,0.32302,-0.23165
16.763,-0.94951,0.68578,-11.821,3.2197,2.4532,-0.84341,0.38306,-0.39493,25.73,37.907,9.8823,-2.9293,-2.4241,6.8971,-0.18666,-0.17073,-0.69603,24.021,-36.233,1.3491,2.9124,-0.51541,2.9406,-0.50993,1.6305,-0.040754,-5.7939,-24.366,-0.54369,0.23192,0.21623,-1.9598,0.63419,-0.64928,0.34362,-26.333,7.0412,1.1205,-0.85362,-0.26458,-2.8938,1.1991,0.39885,-0.20895
23.189,-10.878,-6.3433,1.5737,-1.6735,-0.061131,-0.85563,0.40631,-0.34532,18.869,21.158,14.938,-4.789,-4.17,5.6692,-0.24818,0.091697,-0.70906,19.821,-19.014,2.3917,1.4003,0.5449,3.7726,-0.15108,1.5149,-0.23124,-19.354,-9.038,-5.8598,-0.36203,0.059794,-2.0829,0.71605,-0.59559,0.32698,-29.827,5.5082,-0.16787,-1.5395,-0.11547,-3.7271,1.128,0.56965,-0.20299
15.294,-5.9831,0.77621,1.8886,-0.49162,-0.71173,-0.86002,0.34225,-0.38966,20.796,4.211,5.1488,0.44549,-0.20939,0.49998,-0.29065,0.18236,-0.69726,16.343,-14.496,0.54892,1.2462,0.088835,3.3558,0.094768,1.3507,-0.35563,-16.918,-11.479,-4.5477,-0.028127,0.03831,-2.9589,0.81575,-0.49894,0.30031,-17.09,7.7221,-0.87306,-1.3652,-0.32602,-4.1092,1.0095,0.75942,-0.22569
9.9618,-4.1552,2.7024,1.6338,-0.31094,-0.19705,-0.86303,0.29055,-0.41782,4.778,6.7167,7.7644,1.3257,1.0191,0.19726,-0.2279,0.054603,-0.7,9.757,-4.5301,-0.36729,0.84643,-0.47927,2.4401,0.21732,1.1682,-0.43852,-20.162,0.73196,-0.58957,0.31936,-0.41622,-3.0757,0.89783,-0.37179,0.29624,-11.211,7.0384,-1.2089,0.43813,-0.18328,-3.5111,0.8779,0.89436,-0.30058
6.4159,-1.9823,-0.0261,1.0748,-0.88829,-0.32525,-0.88119,0.26547,-0.38593,-1.4119,3.8236,7.5698,2.5048,0.84376,0.50614,-0.17489,-0.084962,-0.66689,5.3435,0.22732,-0.6172,0.15744,-1.4028,1.2099,0.27201,1.0023,-0.49162,-13.951,5.9597,-0.12532,0.64711,-0.1692,-2.496,0.94547,-0.25312,0.30753,-5.5353,10.254,-1.1342,2.1438,-1.2281,-2.3781,0.74602,0.95107,-0.4325
3.6382,-0.6945,-1.5608,0.34301,-0.01415,-0.27924,-0.89401,0.24105,-0.36655,-5.5688,6.2759,4.0171,2.839,1.0845,0.31034,-0.14956,-0.21271,-0.64266,4.4023,0.93251,-1.2183,0.76334,-1.4208,0.23268,0.25685,0.9456,-0.52379,-11.083,12.385,-2.2581,1.3616,-0.3436,-1.8122,0.96455,-0.13459,0.3088,1.7051,14.067,-3.2428,0.1749,0.16769,0.25472,0.68965,0.92619,-0.517
2.6431,0.73112,-0.36534,-0.025556,0.019044,-0.27988,-0.89425,0.22503,-0.36672,-7.5683,4.4995,3.4232,1.1384,0.71416,0.20973,-0.12965,-0.2728,-0.62529,3.2394,3.1447,-2.0763,0.56471,-0.93372,-0.79644,0.21193,0.91767,-0.55805,-4.7342,17.137,-4.5441,0.28553,-0.42582,-1.0048,0.96772,-0.060201,0.29603,2.3152,2.6947,-3.308,-0.73792,1.6576,1.3778,0.73835,0.91613,-0.44907
1.3905,0.51956,-0.52543,-0.91901,-0.051434,-0.22257,-0.89083,0.21276,-0.37306,-7.5417,3.6269,3.3708,0.93631,0.82016,-0.52975,-0.097614,-0.29624,-0.64811,3.3437,3.6501,-2.526,-0.56518,-0.38831,-1.5313,0.10336,0.99387,-0.52538,-1.7722,14.537,-2.1859,-0.55228,-0.64052,-0.35039,0.96477,-0.028799,0.26587,-1.6819,-17.167,3.7578,-0.033198,2.7277,0.90834,0.79678,0.88821,-0.32428
1.03,1.133,-1.3001,-0.13595,-0.38831,-0.32407,-0.89279,0.21391,-0.35707,-7.0703,7.4128,2.6231,0.21747,0.69638,-1.4095,-0.043797,-0.22738,-0.67351,2.5905,2.9221,-0.79383,-0.95323,0.078392,-1.9992,0.036008,1.0492,-0.48762,-3.2816,5.3004,2.6708,-0.78096,-0.46479,0.25277,0.9633,-0.052036,0.24497,-3.9304,-6.2471,-1.3757,3.2859,-0.69256,0.35957,0.81918,0.85065,-0.32101
3.9304,2.2198,-2.8677,0.73167,0.43842,-1.116,-0.89083,0.20513,-0.35318,-3.3996,12,4.4454,-0.82461,0.56288,-2.2718,-0.022552,-0.073638,-0.72315,4.7795,0.59497,2.8273,-0.23676,0.38928,-2.4284,-0.000473,1.0697,-0.47339,-5.8708,-1.8612,-9.0331,0.91792,0.15102,0.76085,0.97069,-0.10027,0.22888,-26.714,-19.404,1.8048,3.0202,3.5952,-0.39804,0.86293,0.82961,-0.26816
20.306,5.556,-16.054,-0.32462,3.4303,-1.6089,-0.87206,0.15258,-0.4113,11.796,32.119,22.59,-1.8793,-0.1407,-2.8247,-0.10007,0.067714,-0.82581,12.353,-12.498,-0.018159,-0.41957,0.021732,-2.8259,-0.11953,1.1694,-0.43665,-37.261,-3.7127,-1.3485,0.81665,0.21582,0.51263,0.97422,-0.12485,0.25196,-10.375,25.757,2.3221,-1.293,-0.22416,-0.25118,0.84433,0.85316,-0.22596
17.76,-0.52102,8.2913,-3.4822,-2.625,-0.64525,-0.84123,0.15482,-0.46425,37.755,21.519,2.8798,0.10339,2.857,-4.5618,-0.21576,-0.028849,-0.78243,28.407,-23.271,3.2095,-2.1369,0.87651,-4.4636,-0.36517,1.2372,-0.35407,-21.602,-16.704,-0.52451,-0.065164,0.077037,3.2703,0.93582,-0.23704,0.24963,-12.51,11.012,-12.142,-0.58721,-0.75735,2.3109,0.88124,0.84078,-0.17972
20.711,0.8641,-1.3392,-0.4609,-0.15945,0.20358,-0.8743,0.14245,-0.41855,22.829,14.933,4.8603,0.37499,1.2458,-4.9656,-0.1172,-0.20996,-0.74592,16.371,-24.78,5.2391,-5.3833,1.2412,-0.67422,-0.54352,1.2886,-0.10179,-14.196,-13.98,0.68675,1.2251,0.78745,3.1434,0.84569,-0.36721,0.28866,-25.519,1.4815,0.58137,-0.053661,0.37343,2.9422,0.95093,0.7338,-0.17259
12.824,2.034,1.6825,-1.0445,1.9574,0.9245,-0.85047,0.17261,-0.46406,11.383,5.0464,3.158,0.089294,1.0769,-4.3628,0.029028,-0.33578,-0.69978,4.4431,-15.784,2.1048,-0.38803,1.1232,-0.10154,-0.55037,1.2071,-0.083643,-7.6611,-8.594,-0.47832,0.1501,0.65159,2.642,0.74605,-0.43791,0.3602,-18.684,-4.7307,-0.85886,0.069776,0.80485,3.8618,1.0495,0.60826,-0.14522
8.7877,0.37714,3.5959,-0.69534,0.46029,0.018152,-0.83782,0.20227,-0.48134,5.2361,0.40461,1.6191,2.0309,0.1585,-3.2295,0.14757,-0.45542,-0.62792,-0.792,-5.9844,0.75968,-0.37822,0.92413,-0.40363,-0.51721,1.1097,-0.13966,-3.4965,-9.3427,-0.43885,-1.6123,-0.14771,2.193,0.66358,-0.50548,0.38025,-13.731,-8.634,0.036078,-0.053997,0.475,3.0728,1.1507,0.48451,-0.091807
3.0055,-0.55319,1.442,-1.2485,-0.46222,0.07081,-0.85622,0.21463,-0.45789,2.9018,2.4581,0.69556,1.5002,-0.75094,-1.9728,0.22043,-0.52499,-0.5818,-3.7685,-4.3009,1.7855,-1.4925,0.62945,-0.36382,-0.50122,1.0734,-0.13166,-1.5321,-10.136,0.92951,0.7018,-0.41095,1.2118,0.62193,-0.54503,0.3797,-5.9602,-11.48,0.26429,-0.85967,-0.20452,1.9968,1.1958,0.37466,-0.085406
2.1444,-0.86447,-0.51379,-1.7146,-0.75016,0.62935,-0.87012,0.25104,-0.4217,1.7863,-1.7406,-0.82989,-0.65325,-1.1609,-0.42151,0.23847,-0.53627,-0.58099,-6.2406,-3.9453,2.666,-0.84094,0.46301,-0.29168,-0.50184,1.0592,-0.10393,1.0231,-0.092811,-2.0838,0.001534,0.90494,0.16914,0.62682,-0.53741,0.41105,-3.5503,-13.476,1.6593,-0.70908,-0.68612,1.417,1.2154,0.30676,-0.10858
0.75565,-0.54398,-1.9249,-2.0351,-0.34913,0.4674,-0.86532,0.30374,-0.40259,1.7549,-6.8032,-1.7572,-0.61464,-1.2464,0.64581,0.20926,-0.48458,-0.63281,-9.0834,-2.7353,2.1177,-0.29308,0.39599,0.30164,-0.48174,1.0675,-0.16412,-2.8727,10.856,-1.8438,-0.80413,2.1545,0.23489,0.61333,-0.55539,0.42188,0.71315,-17.013,1.3258,-0.58422,-0.75816,0.20421,1.2074,0.25079,-0.17742
0.44934,-0.38832,-1.3293,-0.27385,-0.6934,0.29345,-0.86863,0.34184,-0.37083,1.6494,-6.3921,-1.5373,-0.040559,-1.1246,1.4225,0.14618,-0.46848,-0.65109,-8.8541,-4.0469,1.748,-0.90725,0.25467,1.1908,-0.4818,1.1151,-0.13988,0.22919,7.0483,-3.0979,-1.3254,0.065866,0.62347,0.6011,-0.60373,0.40198,-0.69603,-9.1583,2.2421,0.034758,-0.81363,-1.2373,1.2023,0.27466,-0.20614
0.73738,-0.42693,-3.3791,1.0196,-0.35891,0.27728,-0.88435,0.3541,-0.33455,2.9185,-4.0647,0.4107,0.37198,-1.2734,2.5482,0.049742,-0.46521,-0.65347,-5.3197,-14.339,-1.5644,0.74952,-0.18785,2.3966,-0.50055,1.2118,-0.067038,-9.7192,12.737,-2.6512,-1.1213,0.67173,-0.86201,0.64314,-0.64202,0.33561,-6.5273,-0.69382,-0.88164,-0.061763,-0.45838,-2.0808,1.1987,0.35819,-0.19295
18.74,-5.8252,-12.358,4.3883,1.0799,-0.24298,-0.87351,0.33521,-0.37741,6.2727,6.9585,5.8888,0.24057,-2.2498,4.3087,-0.10844,-0.38652,-0.67737,7.5251,-35.038,-0.96558,3.1525,-0.54997,3.2296,-0.40001,1.4005,-0.14026,-17.524,-24.981,9.793,0.57583,-0.31858,-2.0157,0.68039,-0.63643,0.31056,-35.605,-1.8676,1.9558,-1.0628,0.47218,-0.78002,1.1831,0.4229,-0.14453
16.289,-12.668,14.423,2.5384,-1.2295,-0.29581,-0.82288,0.39844,-0.42278,24.626,22.305,7.0606,2.1369,-2.2372,6.2529,-0.30631,-0.25199,-0.69203,27.126,-26.185,0.61014,1.8872,-0.51776,3.7088,-0.13977,1.4467,-0.25671,-7.6083,-15.811,-3.5907,0.59749,-0.3105,-1.7906,0.74693,-0.56706,0.31667,-24.375,5.5609,-1.1663,-1.629,0.021806,-3.3666,1.1393,0.5421,-0.13369
18.403,-6.5629,2.4374,1.3248,0.25106,0.050745,-0.8335,0.36411,-0.43019,23.902,18.707,1.6884,1.2655,-0.11786,2.6356,-0.38865,-0.12332,-0.6992,13.4,-18.554,2.4257,0.19307,-0.3635,3.7587,0.15152,1.3424,-0.32613,-18.923,-11.711,-6.5836,0.035087,0.055193,-2.5618,0.84523,-0.48621,0.29352,-22.023,6.2727,-2.7757,-1.3196,-0.15084,-3.4239,1.051,0.70776,-0.14768
13.86,-3.5148,-2.2477,2.2034,0.44356,-0.5076,-0.83775,0.31166,-0.44901,8.3513,17.431,2.7245,2.0086,1.8241,0.20142,-0.29345,-0.15462,-0.69338,10.891,-10.938,-0.39017,2.0603,-1.2749,2.6021,0.30542,1.1672,-0.40511,-22.78,-1.8686,-1.7498,0.01458,-0.28442,-3.1459,0.92516,-0.36365,0.29593,-12.836,3.3437,-2.0382,-0.04983,-0.052747,-3.0234,0.9638,0.84102,-0.18809
9.4661,-4.0838,4.3927,1.5142,-0.3509,-0.049259,-0.83701,0.27495,-0.46386,-0.81375,9.618,5.6072,1.1143,1.6257,0.085116,-0.19118,-0.23749,-0.65473,5.5348,-0.68259,-0.17551,1.1226,-1.6242,1.0665,0.35944,1.0121,-0.46896,-17.248,3.8304,0.17089,0.42961,-0.2186,-2.8205,0.96693,-0.23545,0.30889,-8.9756,5.119,-2.1774,2.1899,-0.37206,-2.5137,0.88086,0.91447,-0.27844
4.8695,-0.99328,0.29688,1.1695,-0.093502,-0.34688,-0.84878,0.23382,-0.45787,-9.2756,3.5319,3.0341,1.4475,1.7832,0.36717,-0.1247,-0.31416,-0.61544,2.5976,1.2501,-0.018949,-0.000235,-2.0091,-0.34044,0.32055,0.96118,-0.50088,-11.669,9.7451,-2.8522,1.0888,-0.44186,-2.1955,0.98257,-0.1094,0.30644,-4.7581,11.212,-4.8538,2.4488,-0.54715,-0.8127,0.78931,0.91228,-0.4471
2.455,-0.42226,1.297,0.31348,-0.52119,-0.17128,-0.85454,0.20231,-0.4517,-8.5735,2.7428,1.7565,1.8847,1.1272,0.16531,-0.085971,-0.36424,-0.5814,2.7179,2.7378,-1.2337,0.39312,-1.4787,-1.5566,0.24072,0.94968,-0.52222,-4.8595,12.933,-3.5742,0.3852,-0.36986,-1.4588,0.98685,-0.018298,0.29329,1.4573,8.7837,-2.3946,-1.4208,0.39838,0.29941,0.76824,0.90066,-0.46825
-0.019495,0.29309,-0.34361,-0.25541,-0.69784,-0.05851,-0.85174,0.19409,-0.44966,-6.9769,2.5289,1.8285,0.65865,0.59018,-0.22823,-0.033182,-0.39479,-0.57625,4.0584,5.9872,-2.5632,-0.26475,-0.69352,-2.4108,0.097274,0.97769,-0.55171,-4.8687,15.171,-2.5264,-0.44305,-0.40679,-0.36883,0.9859,0.032534,0.26895,1.9318,-8.1416,7.0705,1.2316,1.8098,0.28482,0.78117,0.88924,-0.43898
0.33659,2.2973,-2.0588,0.14776,-0.18826,-0.34285,-0.85498,0.18606,-0.42802,-6.4411,4.708,1.4335,1.8692,0.44792,-1.0015,-0.026747,-0.34976,-0.61704,4.5088,5.4136,-0.93524,-1.1152,0.12546,-2.8058,-0.003087,1.0352,-0.51333,-3.0421,11.965,1.723,-0.79544,-0.29234,0.17057,0.98758,0.012962,0.25542,2.9344,-11.783,-3.9491,1.5981,1.7086,0.20138,0.82929,0.86057,-0.41304
4.4836,4.179,-2.985,0.57676,0.17895,-0.75928,-0.85938,0.18112,-0.41047,-0.91838,20.409,0.79056,1.2668,-0.45667,-2.5544,-0.086486,-0.30736,-0.6911,7.2656,0.76683,1.6347,-1.0496,0.52207,-2.9759,-0.07329,1.107,-0.43954,-6.4118,-1.6168,-3.402,1.1013,-0.235,0.96411,0.99497,-0.036282,0.24235,-13.822,-12.246,-3.0979,0.9146,2.1946,-0.3704,0.85376,0.86442,-0.33793
24.828,5.7466,-20.95,-2.6019,3.1157,-0.37927,-0.83786,0.1527,-0.45365,13.751,37.332,4.2046,-2.0076,-0.8995,-3.3936,-0.1563,-0.32127,-0.72891,26.1,-19.747,-1.3315,-1.6531,0.11563,-3.0888,-0.20576,1.2333,-0.33184,-32.07,-0.76153,-4.4962,1.8941,0.71459,0.72912,0.9983,-0.079313,0.26363,-20.281,15.258,1.738,-1.751,-0.4888,0.028925,0.84104,0.89605,-0.26307
16.15,3.96,13.65,-2.4644,-1.768,-0.61081,-0.79946,0.14734,-0.51013,19.741,24.446,1.2322,-1.4255,0.052609,-4.7074,-0.1122,-0.3889,-0.64901,21.422,-18.821,7.9795,-3.7256,1.1916,-2.9632,-0.42182,1.2844,-0.19029,-24.345,-18.641,0.9681,0.10159,0.053304,2.8782,0.96725,-0.18047,0.27318,-7.3043,13.379,-8.2229,-0.084347,-0.70967,1.3905,0.87002,0.88449,-0.22877
19.547,1.379,0.080393,-1.7555,0.6811,0.4517,-0.82701,0.15975,-0.48034,14.08,15.231,0.29996,-0.41763,-0.058864,-4.1673,0.024592,-0.49115,-0.5792,14.086,-21.629,3.5825,-3.35,0.978,-0.40956,-0.5675,1.2793,0.001392,-15.425,-13.413,0.24127,1.5389,0.83209,3.8868,0.88307,-0.33496,0.31031,-26.551,7.8884,-1.6002,0.28015,0.47265,3.2009,0.94777,0.79768,-0.21684
12.72,0.96398,2.7118,-1.1728,0.84634,0.30895,-0.81547,0.19991,-0.49813,8.001,7.0997,-0.16329,-0.20887,-0.2653,-2.8652,0.15705,-0.54286,-0.52792,3.4863,-13.273,1.8608,0.6001,0.54098,-0.23234,-0.57042,1.1953,-0.054975,-9.0747,-10.703,0.44095,0.29357,0.81449,3.3505,0.77094,-0.42939,0.38801,-17.273,-2.974,-0.96475,0.47507,0.29274,3.4795,1.0479,0.67821,-0.20625
7.2264,0.35888,2.0246,-1.4923,-0.26004,0.091975,-0.8267,0.23371,-0.4771,3.9527,2.338,-1.0167,0.30987,-0.53165,-1.6878,0.24982,-0.56421,-0.48134,-0.80768,-5.6065,1.2272,-0.10618,0.4502,-0.63213,-0.55108,1.105,-0.10851,-4.0484,-12.107,0.15331,-1.5241,-0.27821,3.0581,0.67286,-0.51031,0.423,-15.719,-7.1382,2.188,0.053441,0.25233,2.9679,1.1433,0.55435,-0.17941
5.0346,-0.34555,1.0186,-1.1427,0.38044,0.035599,-0.83491,0.25642,-0.46754,2.6963,1.5666,0.085106,-0.42333,-0.94974,-0.5248,0.28926,-0.57747,-0.47802,-3.2992,-5.2456,1.9313,-1.7661,0.19898,-0.55751,-0.55129,1.0646,-0.090311,1.7031,-14.162,1.9368,1.1533,-0.59394,2.0567,0.61232,-0.57867,0.41558,-5.5486,-11.307,-0.50525,-0.69859,-0.056993,2.35,1.201,0.43651,-0.17789
2.9473,-0.91818,0.19327,-1.6135,-0.31406,0.55204,-0.8408,0.29205,-0.44913,3.8929,-1.2198,-1.2861,-0.87457,-0.94252,0.80721,0.27699,-0.57581,-0.50335,-5.5826,-5.8783,3.6142,-1.2334,0.16637,-0.18853,-0.55876,1.051,-0.043879,4.5084,-1.7217,-3.8427,0.80133,0.78239,0.13427,0.60946,-0.56344,0.45587,-4.3576,-16.276,0.45773,-0.50609,-0.60756,1.2619,1.2264,0.3677,-0.19583
1.1606,-0.73162,-0.26672,-2.0608,-0.75374,0.45371,-0.83456,0.34281,-0.43075,4.1115,-4.6079,-1.5529,-0.55378,-0.65958,1.9011,0.2186,-0.5619,-0.5575,-8.3216,-5.6845,3.4177,-0.36655,0.094249,0.60024,-0.54627,1.0654,-0.085559,-4.0792,11.651,-4.9452,-0.17538,3.0245,-0.035135,0.58855,-0.56728,0.48301,0.3394,-17.165,2.4771,-0.44017,-0.57161,0.18359,1.2229,0.32198,-0.24097
1.6663,-0.40185,-2.2453,0.89297,-1.6524,0.36855,-0.85249,0.36803,-0.37535,3.6829,-4.7893,-1.1384,0.65319,-0.04556,2.5862,0.14343,-0.55552,-0.56862,-8.0324,-7.3051,1.9858,0.20135,-0.13254,1.3838,-0.54108,1.1208,-0.071807,-2.0937,8.094,-0.66222,-2.5086,-0.87675,0.61545,0.57083,-0.62914,0.44856,-2.0444,-9.9336,3.5918,0.19857,-0.80048,-1.1646,1.2128,0.34443,-0.26346
0.58202,-2.0685,-3.8386,3.2221,-0.18793,0.28858,-0.86801,0.36529,-0.35838,4.2678,-2.378,0.52389,0.95105,0.40744,3.1984,0.068224,-0.53782,-0.55934,-4.4601,-12.215,0.40665,1.0956,-0.60779,2.3877,-0.53834,1.232,-0.008692,-13.647,15.026,-3.2503,-0.77516,0.68018,-0.97607,0.63031,-0.65453,0.3818,-5.4981,-2.3352,-2.8409,-0.55576,-0.2691,-2.105,1.1992,0.41976,-0.25615
17.945,-7.4008,-13.209,5.8737,0.27093,-0.13186,-0.85924,0.3103,-0.41862,6.5087,16.39,1.4788,0.093126,-0.24902,4.1173,-0.044152,-0.45232,-0.60236,7.2931,-29.894,-2.2077,2.2377,-0.77471,2.8072,-0.44364,1.4402,-0.02028,-13.822,-20.063,10.155,0.23468,-0.071278,-1.4537,0.65121,-0.65055,0.36097,-39.047,-4.3507,3.1461,-1.145,0.50011,-0.80239,1.1777,0.48797,-0.19339
17.172,-15.774,22.483,2.9321,0.092636,0.097967,-0.78834,0.39996,-0.47384,22.944,28.936,0.20063,0.87122,0.28916,4.4757,-0.13276,-0.36351,-0.65567,32.633,-26.83,-2.0774,2.5818,-0.43963,2.9888,-0.19375,1.4935,-0.15277,-7.7031,-16.113,-3.2921,0.65425,-0.23926,-1.8607,0.70949,-0.58897,0.37158,-24.34,7.9555,-0.25533,-1.1112,-0.10623,-3.9351,1.1132,0.61724,-0.2005
19.24,-8.3225,-1.9994,1.3739,-0.4047,-0.23019,-0.82035,0.34646,-0.45206,13.931,22.144,3.4899,1.3821,1.4765,0.50602,-0.10385,-0.34148,-0.66836,15.294,-17.129,1.5446,0.80983,-0.23486,3.5625,0.075226,1.3715,-0.30665,-18.582,-12.469,-6.1707,-0.52652,0.022443,-2.3257,0.80612,-0.52331,0.32224,-22.058,7.5408,-2.2126,-1.6764,-0.23669,-3.7004,1.0046,0.80007,-0.21533
12.881,-3.9463,3.9122,1.9609,0.44795,-0.26517,-0.81702,0.28964,-0.49428,2.4112,16.316,1.3124,2.2426,2.2526,-0.35697,0.000947,-0.43953,-0.59519,12.418,-9.9962,-0.70127,1.9722,-0.54333,2.6641,0.23172,1.1925,-0.41175,-19.343,-5.0194,-1.8949,-0.14335,-0.18907,-3.0701,0.89115,-0.4159,0.31561,-11.762,4.8383,-1.4931,-0.4694,-0.21214,-3.2754,0.88313,0.93654,-0.25624
8.7666,-1.8978,1.9172,1.4489,-0.58954,-0.25638,-0.83683,0.2533,-0.47617,-4.7381,6.6776,2.6826,0.6813,1.2803,0.10169,0.073225,-0.52004,-0.52362,5.0757,-0.80392,-1.5153,0.8977,-1.0631,1.4718,0.30385,1.0364,-0.46761,-18.347,2.9749,1.0351,0.676,-0.21748,-2.8285,0.9413,-0.29157,0.33948,-8.4178,6.3207,-0.49125,2.1596,-0.87815,-2.0885,0.77584,0.99638,-0.35322
5.5793,-0.64302,0.20755,1.198,-0.57842,-0.41399,-0.85323,0.21071,-0.46203,-6.6582,2.4878,1.3054,1.3539,1.1694,0.4085,0.096594,-0.58264,-0.46674,3.6863,0.67369,-1.1122,-0.086157,-1.6974,0.17615,0.2911,0.97948,-0.48923,-11.401,10.402,-1.8346,1.4156,-0.28388,-2.1466,0.96961,-0.16085,0.33826,-0.47028,12.555,-3.8962,1.5861,-0.15806,-0.057423,0.69405,0.96658,-0.49506
2.979,-0.56237,0.076447,0.41975,-0.072496,-0.33632,-0.86119,0.17757,-0.45701,-7.7161,1.6368,1.8296,0.76211,0.66158,0.50375,0.10388,-0.62062,-0.42506,4.2691,1.8802,-1.2588,0.061973,-1.3734,-0.87284,0.23886,0.96476,-0.49903,-6.7347,17.677,-2.7242,0.98832,-0.44516,-1.2252,0.98133,-0.067667,0.32204,0.030832,6.8857,-2.4687,-0.95959,0.6389,1.3543,0.71671,0.95058,-0.45717
1.1826,0.62545,-0.65315,0.47273,-0.10011,-0.46033,-0.85217,0.14189,-0.47946,-8.3039,0.18954,1.3285,0.028652,0.18767,0.38602,0.10092,-0.63102,-0.41453,5.2481,5.0854,-1.4049,-0.062606,-0.7684,-1.9716,0.1186,0.9951,-0.51196,-3.1172,16.521,-4.4059,-0.14876,-0.80055,-0.19054,0.98661,-0.01745,0.27777,-3.035,-11.629,4.736,-0.57708,2.9603,1.2382,0.7868,0.91782,-0.33735
1.0771,1.7247,-1.1616,0.10127,-0.44273,-0.39097,-0.85502,0.12463,-0.47087,-8.2719,0.15675,0.11346,0.81573,-0.078157,-0.013157,0.10797,-0.5854,-0.45336,3.7915,6.0635,-1.1824,-0.9901,-0.012169,-2.5543,0.024313,1.0423,-0.48288,-3.4384,8.6239,0.48816,-0.70179,-0.56005,0.026798,0.98679,-0.029803,0.24392,-3.0977,-11.024,0.56041,3.3038,1.1291,0.49636,0.83167,0.88729,-0.26559
2.219,1.8213,-1.6597,0.13735,-0.22415,-0.53312,-0.8635,0.12693,-0.44187,-8.0608,12.264,-3.1691,1.9686,-0.77354,-1.1203,0.11166,-0.52513,-0.53982,4.2947,2.6178,1.4279,-1.6738,0.35543,-3.0748,-0.059769,1.1065,-0.41034,-5.0299,-0.38108,-7.067,0.22375,0.031007,0.74004,0.9816,-0.079745,0.24012,-14.695,-14.233,-4.0892,1.4195,2.0515,0.45637,0.86312,0.85249,-0.25068
23.955,4.5492,-19.876,-2.2519,0.65727,-1.3624,-0.87202,0.097042,-0.43234,2.0805,42.161,-2.6058,-0.82643,-1.6325,-2.2243,0.058105,-0.52,-0.66185,9.1912,-6.9745,-0.48981,-0.94183,0.050391,-3.7806,-0.23977,1.2215,-0.30101,-28.245,-1.0657,-5.2443,0.58075,0.40409,-0.007519,0.98086,-0.1219,0.25673,-17.01,15.373,7.0828,-1.0027,-0.14711,-0.38449,0.85285,0.8627,-0.2077
16.061,0.45445,16.059,-1.8759,-0.57599,-1.1714,-0.81297,0.12276,-0.51893,24.456,33.555,-1.492,-2.4154,-1.2382,-4.4677,0.011427,-0.49812,-0.66094,37.264,-29.492,-3.5696,0.68378,-0.38829,-5.6461,-0.54467,1.2734,-0.16755,-21.354,-15.067,-2.6672,-0.93887,-0.11709,2.3947,0.95627,-0.205,0.25223,-10.206,15.375,-6.877,-1.1667,-1.2343,1.711,0.88149,0.85969,-0.15845
19.804,0.28435,2.8357,-0.29414,0.4837,0.19384,-0.83436,0.12239,-0.49162,15.338,24.614,0.72721,-1.5678,-1.5459,-5.3166,0.096481,-0.53015,-0.56739,21.289,-18.081,4.933,-4.6356,0.74756,-0.87372,-0.77468,1.2098,-0.024465,-16.872,-13.913,-0.012347,0.32154,0.51524,3.145,0.88585,-0.34783,0.27224,-22.058,4.1264,-4.2015,-0.44762,0.54106,3.1823,0.94636,0.76785,-0.17443
14.077,1.9684,4.4745,-0.87743,0.90824,0.75713,-0.82,0.13959,-0.51731,12.197,10.249,-0.1815,-2.3532,-0.91059,-3.9435,0.22568,-0.53111,-0.51944,8.1393,-17.562,3.0573,-2.0429,0.5941,0.015562,-0.76484,1.1102,0.025798,-9.9664,-8.8385,0.19592,0.004289,0.52988,2.9536,0.7891,-0.44177,0.32808,-19.388,0.92645,-2.7082,-1.1346,0.18035,3.5016,1.0448,0.65182,-0.11886
7.787,1.2663,-0.009506,-0.98403,0.33127,0.37556,-0.8274,0.16732,-0.50748,5.8175,0.35676,-2.4506,-0.24286,-0.13061,-2.7642,0.33455,-0.52377,-0.4817,-1.3968,-8.8331,1.4113,-0.43668,0.35073,-0.36823,-0.71865,1.0152,-0.030997,-5.1554,-8.5455,1.0576,-1.6797,-0.12026,2.317,0.69773,-0.52057,0.35247,-18.323,-13.418,0.64784,-0.05208,0.16825,3.4357,1.1457,0.52355,-0.044154
5.5985,0.087189,2.8387,-0.99532,-0.13686,0.057338,-0.81879,0.19038,-0.52312,2.1283,1.379,-0.70419,0.077878,-0.60649,-1.2208,0.40658,-0.53242,-0.45957,-6.9772,-6.5917,3.2143,-0.53956,-0.19739,-0.22338,-0.69265,0.97783,-0.04642,-0.59319,-11.761,-0.48292,-0.7677,-0.99021,1.816,0.64222,-0.58361,0.32492,-7.7334,-14.42,-0.32643,-0.92526,-0.48038,2.2529,1.1962,0.40431,-0.04125
3.4826,-1.1745,0.24042,-1.0018,-0.42778,0.53425,-0.83363,0.22094,-0.4998,4.3496,-3.2074,-0.41989,-0.72806,-0.79293,0.37093,0.4136,-0.53146,-0.47812,-6.6679,-5.597,4.1014,0.16628,0.04813,0.11636,-0.68122,0.97102,-0.053921,2.2517,-6.367,-1.7221,2.2993,-0.35896,0.50949,0.63302,-0.5853,0.34236,-2.8812,-15.955,0.63295,-0.31117,-0.73052,1.1062,1.2172,0.33663,-0.073669
1.0495,-0.82534,-0.69344,-1.7946,-0.67158,0.58684,-0.83555,0.27449,-0.48149,4.253,-5.3794,-0.95775,-0.53394,-0.77915,1.7865,0.37852,-0.52594,-0.53161,-6.5151,-5.5746,2.1743,-0.19038,0.14908,0.71415,-0.63553,1.0101,-0.099617,-2.9496,8.3956,-1.8577,-0.25481,2.52,0.30051,0.63291,-0.57859,0.369,-0.63428,-16.401,1.1702,-0.090857,-1.0441,-0.04254,1.2133,0.288,-0.15007
-0.4751,-0.29322,-1.0224,-1.3102,-0.99453,0.44282,-0.84722,0.3273,-0.4306,4.9976,-6.7532,-1.1636,0.14423,-0.48179,2.9348,0.29746,-0.53243,-0.55565,-4.7553,-8.1697,1.0946,0.28293,0.068975,1.7031,-0.63144,1.0769,-0.082731,-3.313,15.062,-1.9023,-1.2838,1.3599,0.6299,0.60304,-0.62228,0.39187,-0.91106,-10.896,-0.38096,0.37027,-0.84551,-1.3793,1.2084,0.31666,-0.20275
-1.0973,0.11509,-1.8451,0.59639,-1.0614,0.55871,-0.86348,0.3557,-0.37891,4.758,-4.1216,0.1058,0.89593,-0.15752,3.7603,0.18984,-0.53534,-0.55283,-2.0662,-11.486,0.35691,0.53616,-0.15692,3.1553,-0.63059,1.1941,-0.037324,-5.3238,18.507,-4.4599,-1.4345,-1.0007,-0.91511,0.63554,-0.66234,0.32453,-6.2616,-3.251,-0.5404,0.48081,-0.31359,-2.1943,1.198,0.40733,-0.20132
17.197,-12.904,-10.117,5.6444,-0.81557,-0.36472,-0.86868,0.34232,-0.37928,7.0656,11.321,3.2768,-0.11408,-0.88121,5.4319,0.037809,-0.46458,-0.60566,7.1389,-27.359,-0.83856,1.0778,-0.35053,4.1458,-0.47137,1.4248,0.002953,-20.568,-17.397,2.8734,-0.32149,0.24386,-1.7423,0.66839,-0.65554,0.317,-33.151,-1.7624,-1.5062,0.11361,0.81956,-0.72386,1.1767,0.46948,-0.1692
24.361,-15.231,42.73,-0.97247,4.6994,1.997,-0.79569,0.38195,-0.4744,20.26,26.658,3.9843,0.17234,-0.57114,7.1296,-0.11285,-0.33383,-0.69453,27.622,-28.547,-2.2164,2.8772,-0.39916,3.6412,-0.15172,1.496,-0.10613,-9.5178,-17.529,0.19938,0.73018,-0.096682,-1.9375,0.73087,-0.60345,0.31522,-25.55,9.5049,0.48294,-1.1162,-0.22307,-3.7454,1.1258,0.5811,-0.17317
20.187,-6.9501,-2.5354,1.3018,-0.66546,-0.20626,-0.83748,0.33689,-0.44047,23.153,23.562,4.282,0.051082,-0.24942,3.4208,-0.17106,-0.23099,-0.76081,15.862,-17.711,-0.26056,0.7729,-0.20339,3.5592,0.14892,1.3807,-0.25482,-17.716,-13.52,-8.6732,0.56676,0.19659,-2.2551,0.81651,-0.53122,0.28991,-21.465,7.9043,-2.2613,-1.497,-0.40562,-3.923,1.016,0.7588,-0.20598
13.494,-4.8015,1.6059,1.6505,0.91356,-0.57228,-0.8331,0.2902,-0.47521,9.1293,18.38,3.3144,3.1878,1.5812,1.1839,-0.10601,-0.30574,-0.72604,13.604,-11.197,-0.76508,1.9246,-0.51776,2.5618,0.29673,1.2011,-0.36021,-22.46,-2.5866,-3.7384,0.16994,-0.10008,-3.2472,0.89904,-0.41133,0.30086,-11.613,4.0376,-1.2985,-0.69745,-0.14192,-3.2156,0.90079,0.90413,-0.2442
8.8922,-3.1479,3.0739,1.3575,-0.79882,-0.57112,-0.84291,0.24229,-0.4778,-2.8339,11.499,4.7917,1.6329,1.0095,0.8555,-0.05207,-0.40926,-0.65013,5.8871,-1.3978,-0.35821,1.0191,-1.012,1.4581,0.35065,1.0306,-0.4412,-18.086,2.1092,2.0617,0.75798,-0.22566,-2.924,0.95816,-0.2733,0.32328,-9.1503,7.1377,-0.32213,2.2686,-0.77476,-2.3212,0.80165,0.97599,-0.33822
5.6065,-1.1769,0.26397,1.005,-0.033311,-0.36827,-0.85696,0.19834,-0.47214,-7.9931,6.9943,2.9338,1.3002,0.32243,0.79522,-0.053476,-0.48793,-0.58459,3.5812,0.55153,-0.44663,0.14745,-1.6714,0.089868,0.33441,0.96984,-0.47494,-11.956,10.806,-2.0863,1.385,-0.38573,-2.2213,0.98315,-0.13974,0.31954,-2.3884,13.243,-5.787,2.231,-0.59428,-0.50521,0.70282,0.94699,-0.51855
3.2604,-0.55285,0.83965,0.077206,-0.39876,-0.26327,-0.86128,0.17187,-0.46636,-7.131,5.5697,2.7163,1.1739,0.096127,0.34685,-0.062486,-0.53054,-0.54307,3.1372,2.5851,-1.1929,0.56952,-1.5108,-1.1616,0.27134,0.94993,-0.50773,-6.6955,15.602,-3.3514,0.6141,-0.29698,-1.3853,0.98633,-0.042413,0.30882,0.11111,10.601,-3.4434,-1.902,0.13573,1.1966,0.70591,0.9395,-0.49948
1.2865,0.59439,-0.50335,-0.36199,-0.1519,-0.13383,-0.85353,0.16541,-0.46909,-8.4506,4.8649,2.1169,0.35036,-0.29636,-0.16365,-0.047297,-0.57906,-0.51516,4.1854,5.5141,-1.8758,-0.007011,-0.92827,-2.1408,0.14655,0.98305,-0.52336,-3.5195,14.514,-1.9809,-0.041048,-0.68088,-0.48293,0.98231,0.010016,0.27054,-0.35113,-7.9582,0.36855,-1.353,2.8853,1.0211,0.77234,0.92311,-0.37584
-0.19948,1.349,-0.97974,-0.003105,-0.25756,-0.31543,-0.85394,0.16464,-0.45919,-7.5441,6.3836,0.9143,-0.20905,-0.51241,-0.96459,-0.03983,-0.51881,-0.5773,3.6747,7.2338,-0.86465,-1.6638,-0.31844,-2.924,0.039165,1.041,-0.48484,-3.2568,11.129,0.65414,-0.22414,-0.40578,0.036365,0.98282,0.004205,0.2472,-1.4839,-16.685,-1.7809,1.961,2.0461,0.28275,0.82956,0.9047,-0.24052
1.0157,1.4724,-0.9175,0.6816,-0.3053,-0.40536,-0.86283,0.15507,-0.44097,-2.9064,15.212,0.12521,-0.044828,-0.83825,-2.4409,-0.071353,-0.41578,-0.70356,3.949,2.2498,1.7982,-1.3088,0.51924,-3.4725,-0.05943,1.1104,-0.41608,-4.6767,1.4132,-5.3512,0.76894,-0.092025,0.87731,0.9854,-0.040164,0.24296,-10.478,-16.38,-8.6706,2.375,2.1459,0.73859,0.8515,0.8714,-0.26068
24.457,5.3675,-25.462,-2.4952,-0.1349,-2.0763,-0.88019,0.11378,-0.4171,9.2496,37.153,3.3547,-1.4522,-1.0365,-3.5215,-0.13897,-0.39312,-0.79973,10.771,-7.5405,-0.67116,-1.0336,0.16197,-3.9143,-0.25164,1.2339,-0.31978,-30.063,1.1589,-4.4804,1.0018,0.57465,0.43721,0.98542,-0.092802,0.26437,-13.435,20.266,0.26094,-0.46592,0.23633,-0.54614,0.83677,0.87589,-0.23259
23.798,-3.5629,32.655,-0.12786,3.7957,-1.4454,-0.80643,0.13341,-0.52357,27.108,26.159,-0.20694,-2.3522,-0.10673,-5.1136,-0.16305,-0.39092,-0.74147,36.308,-25.946,-3.8561,-1.964,0.62113,-5.0253,-0.56881,1.3176,-0.14006,-23.935,-15.24,-1.4058,-1.1767,-0.1223,2.7698,0.95811,-0.19656,0.26648,-10.491,14.776,-5.987,-1.2997,-1.0604,1.426,0.86134,0.8747,-0.18404
21.381,2.0067,-4.9974,-0.21901,-0.41138,0.17937,-0.84631,0.14073,-0.4622,17.893,20.014,1.2298,-0.47265,-0.30848,-5.1539,-0.045398,-0.49035,-0.62972,22.632,-24.231,2.3759,-4.6537,1.007,-0.4618,-0.80113,1.2905,0.097749,-17.127,-15.086,0.50903,0.7435,0.42188,3.7319,0.87217,-0.36424,0.27913,-22.077,6.4454,-5.0995,-0.7994,0.02657,3.0629,0.92551,0.78092,-0.20637
14.521,-0.69861,3.5951,-1.3181,1.5057,0.78762,-0.82758,0.18715,-0.49021,12.623,7.911,-0.58812,-1.1282,-0.22925,-3.9698,0.099299,-0.54416,-0.55129,6.3271,-16.485,3.0306,0.043082,0.87237,0.15236,-0.78624,1.1766,0.04302,-8.9737,-10.236,-0.067731,0.41536,0.61007,3.3747,0.75748,-0.46568,0.34228,-18.29,-0.95097,-3.4866,-0.1186,0.33925,3.7819,1.0275,0.6609,-0.17409
6.9426,0.66172,2.8227,-1.4501,0.42122,0.10554,-0.83027,0.21127,-0.49236,6.3181,2.5219,-2.4789,-0.32042,-0.23863,-2.8304,0.21884,-0.56775,-0.49659,-0.52218,-6.8642,0.47102,0.11246,0.7841,-0.17196,-0.72693,1.0713,-0.06539,-4.4919,-10.01,0.44974,-1.7964,-0.2645,2.8786,0.65074,-0.54944,0.37056,-18.75,-9.6552,1.8311,0.20252,0.39093,3.5849,1.1364,0.53745,-0.098949
4.5883,-0.2818,0.79179,-1.4319,-0.34926,0.095744,-0.84543,0.2343,-0.46766,3.4471,1.058,-1.0305,0.18514,-0.65224,-1.7295,0.29981,-0.58038,-0.47764,-6.4135,-4.865,1.584,-1.1747,0.29712,-0.17063,-0.68552,1.0276,-0.08687,-0.29526,-12.247,1.2943,-0.25863,-0.95389,1.9381,0.58177,-0.614,0.35065,-8.8393,-13.17,0.42773,-0.88058,-0.02855,2.6362,1.1951,0.3986,-0.084944
3.8213,-0.60557,-0.074126,-1.5385,-0.23494,0.45977,-0.85718,0.2692,-0.44397,4.5334,-2.5365,-1.7499,-0.22873,-0.62103,-0.25196,0.32729,-0.58393,-0.47801,-8.1467,-6.1394,2.1814,-0.92012,0.26276,0.11865,-0.67509,1.0233,-0.064125,2.2843,-3.4249,-0.38916,0.083942,-0.076272,0.27637,0.57166,-0.62056,0.35414,-4.4717,-18.134,1.93,-0.62999,-0.64549,1.4484,1.2188,0.31677,-0.10561
2.471,-1.0309,-0.30349,-1.9113,-0.46985,0.56317,-0.84152,0.32029,-0.43676,4.0456,-4.4432,-2.0167,-0.37118,-0.42645,1.0864,0.31197,-0.5702,-0.52408,-6.2208,-6.4445,1.7318,-0.35786,0.22337,0.79449,-0.61991,1.0637,-0.12117,-5.3352,9.5933,-3.5876,-0.39718,2.4613,0.14679,0.55754,-0.62782,0.35034,0.13293,-19.501,2.146,-0.42494,-1.0069,0.10123,1.2156,0.25318,-0.18582
1.0454,-0.6948,-1.8416,-0.42066,-0.56426,0.49974,-0.84575,0.3613,-0.40197,4.9692,-4.2035,-0.99659,0.31566,-0.077869,2.2414,0.25079,-0.57427,-0.53722,-4.3481,-8.0005,0.45237,0.24443,-0.046044,1.8072,-0.60848,1.1422,-0.11302,-2.4018,12.875,-3.6373,-0.63248,0.5155,1.0303,0.53219,-0.66062,0.35947,-1.8893,-9.8584,1.0994,-0.36921,-1.1729,-1.3973,1.2055,0.28533,-0.23634
-0.21938,-0.26944,-1.9305,1.3511,-0.59106,0.37539,-0.86405,0.38006,-0.36637,6.0411,-1.1784,1.07,0.51837,0.11819,3.2614,0.16488,-0.58171,-0.52418,-1.2176,-14.484,0.069864,0.95075,-0.53968,3.6019,-0.59196,1.2779,-0.063194,-5.9684,17.389,-1.433,-0.71201,-0.52756,-0.80946,0.57178,-0.69233,0.30006,-6.964,-2.4274,-0.16157,-0.36806,-0.4435,-2.266,1.192,0.38288,-0.22758
22.309,-11.617,-10.525,7.1705,-1.1506,-0.17098,-0.86693,0.34598,-0.39143,10.341,12.926,0.28108,-0.091909,-0.5355,5.1898,0.019054,-0.53402,-0.55499,9.6429,-28.864,0.26954,1.7125,-0.40203,4.3846,-0.37781,1.4873,-0.092776,-14.875,-21.464,3.4724,1.243,0.19699,-1.454,0.58526,-0.68993,0.29977,-36.455,0.71252,2.2473,-0.75938,0.26598,-0.58649,1.1783,0.43589,-0.19452
22.797,-19.772,40.219,0.20321,3.6614,1.8978,-0.78579,0.41781,-0.47052,20.849,15.342,2.6555,1.363,0.16366,6.8919,-0.12869,-0.40942,-0.62699,25.614,-23.041,-1.6776,2.528,-0.21348,3.5528,-0.053179,1.4743,-0.23084,-10.662,-17.504,-3.4401,0.72183,-0.29621,-2.1349,0.64984,-0.63129,0.32145,-25.118,8.008,0.72527,-2.2242,0.065725,-3.569,1.1261,0.56851,-0.19375
20.667,-8.2633,-3.0029,0.91188,-0.058608,-0.2003,-0.81628,0.37118,-0.46012,17.794,28.855,1.916,4.0382,1.5669,3.1769,-0.16316,-0.38794,-0.65909,13.077,-16.923,0.89615,0.46441,-0.53826,3.0902,0.22077,1.3528,-0.3432,-19.293,-13.701,-6.1762,-0.42043,0.0296,-2.4468,0.74681,-0.55821,0.28998,-21.994,9.3018,-1.7436,-2.2145,0.006589,-3.7102,1.0345,0.74505,-0.20699
12.891,-5.0904,0.97269,1.6601,0.01718,-0.68434,-0.81982,0.32252,-0.48055,5.1801,20.144,2.3189,0.50386,0.87447,2.6103,-0.11574,-0.42876,-0.62099,10.701,-9.4356,0.11376,1.502,-0.95418,1.7526,0.32429,1.1854,-0.41959,-21.497,-4.7779,-2.5012,-0.067407,-0.20405,-3.1654,0.83838,-0.44446,0.29034,-12.842,3.8938,-1.2449,-0.8271,0.045358,-3.6051,0.91881,0.9062,-0.23358
7.4953,-3.8481,3.1259,1.5889,-0.38665,-0.14775,-0.83322,0.28251,-0.47757,-0.27274,10.872,2.141,1.2713,0.66646,1.683,-0.093104,-0.47718,-0.55832,5.2939,-2.1475,-0.3786,0.56788,-1.3512,0.54431,0.33193,1.0386,-0.44879,-18.634,3.6546,1.4488,0.51405,-0.25149,-2.9204,0.89744,-0.31855,0.30661,-8.1548,7.2337,-1.3211,2.1176,-0.64751,-2.9861,0.79087,0.99844,-0.32904
5.5012,0.033191,-0.15423,0.8772,-0.66283,-0.45419,-0.85221,0.237,-0.46459,-6.7513,7.3888,1.5653,1.9354,0.61489,1.1208,-0.099368,-0.55123,-0.47874,3.2034,0.95793,-1.1904,-0.14611,-1.6476,-0.83605,0.28202,0.99882,-0.46478,-10.677,11.936,-2.1219,1.2607,-0.18201,-2.3053,0.92439,-0.18009,0.31543,-0.056531,14.817,-6.1542,1.595,0.16614,-0.33326,0.68753,0.97301,-0.48504
2.9368,-0.16078,-0.22716,-0.086999,-0.56124,-0.13519,-0.86573,0.2159,-0.44326,-7.8006,7.3186,1.0823,0.21822,0.060746,0.57869,-0.11241,-0.57629,-0.44167,3.2062,2.211,-1.3222,0.095725,-1.3411,-1.9699,0.18802,0.99806,-0.47284,-5.6923,17.776,-3.9338,0.83398,-0.37515,-1.3016,0.93036,-0.084084,0.30812,0.14228,11.379,-3.5603,-1.6232,0.76003,1.3502,0.70865,0.95788,-0.4264
