12.964,-4.7579,-10.186,5.8228,-0.003519,0.19363,-0.85603,0.27284,-0.37412,7.0267,5.8203,5.1325,-0.67607,-0.85786,4.6651,-0.076505,-0.41348,-0.51568,1.3883,-20.298,-0.7723,1.3641,-0.75905,3.3601,-0.59332,1.3098,-0.032295,-45.503,-11.194,0.46017,-2.0144,0.80836,-1.3993,0.64304,-0.68912,0.37979,-17.284,3.1835,-7.9708,1.0423,0.81766,-1.137,1.2821,0.32651,-0.22285
27.084,-0.22288,44.893,-6.9961,7.9081,2.7401,-0.79402,0.35846,-0.44361,23.702,26.681,10.934,-1.0976,-1.8592,6.8485,-0.2276,-0.17379,-0.58856,30.498,-35.729,0.23566,3.0904,-1.3507,3.5213,-0.33918,1.4638,-0.053985,-7.913,-23.965,1.747,1.5592,-0.14857,-1.5013,0.68629,-0.64876,0.37227,-28.492,2.7423,-1.378,-0.3553,-0.41527,-3.0306,1.2577,0.38499,-0.19581
24.244,-9.3795,-5.288,1.4964,-1.7435,0.11981,-0.81169,0.33455,-0.4125,24.064,28.035,3.8706,-1.753,-1.5386,3.2117,-0.25895,0.026149,-0.62496,17.908,-15.496,1.4726,0.64905,-0.25839,3.9377,-0.080259,1.3989,-0.18504,-14.31,-11.209,-9.4773,0.55902,-0.05331,-2.1443,0.74043,-0.5975,0.37194,-28.268,6.6406,-1.3786,-0.84819,-0.096002,-3.8913,1.2014,0.53578,-0.202
16.003,-4.2261,0.85314,1.9291,0.97088,-0.18162,-0.80858,0.29822,-0.44295,11.786,10.708,2.5982,1.5221,0.97588,0.10455,-0.16618,-0.010175,-0.58834,15.174,-14.786,0.31377,1.1204,-0.93588,3.4257,0.11966,1.2485,-0.26549,-20.437,-8.3757,-3.9762,0.008311,-0.23654,-3.1134,0.82431,-0.50419,0.37855,-17.03,7.9915,-1.0954,-1.4796,-0.26759,-3.7721,1.1249,0.70191,-0.25952
10.098,-3.2196,3.7247,1.3072,-0.44927,0.20079,-0.80546,0.26647,-0.46565,1.0512,9.4924,3.0129,1.7669,1.5528,0.017342,-0.080944,-0.15993,-0.54822,9.977,-4.9588,-0.24404,1.674,-1.323,2.2609,0.20799,1.102,-0.37438,-18.607,0.67437,0.16232,0.16197,-0.40276,-3.0852,0.90293,-0.37782,0.37696,-11.108,5.6084,-0.43404,0.18339,-0.20443,-3.4437,1.0166,0.84763,-0.35428
6.3173,-1.8373,0.94446,1.066,-0.29671,-0.35332,-0.83001,0.2457,-0.43322,-4.56,7.011,3.3997,1.3172,0.80812,0.47283,-0.009165,-0.28098,-0.48345,5.5413,0.061541,-0.78491,1.2898,-1.64,1.133,0.27117,0.92443,-0.49886,-14.394,6.2424,-0.14924,0.73889,-0.36975,-2.2422,0.95996,-0.2293,0.39571,-5.9357,8.1936,-1.0718,2.2802,-1.1994,-2.7145,0.86776,0.93665,-0.54875
3.8717,-0.60899,0.65039,0.43494,-0.35141,-0.44172,-0.84286,0.20999,-0.42731,-5.8433,3.4651,3.2055,0.5985,0.5936,0.55337,-0.005969,-0.34731,-0.46001,4.2202,2.1383,-1.5256,0.99246,-1.3797,0.019365,0.2451,0.8673,-0.55078,-9.1553,8.7658,-3.168,1.0666,-0.45711,-1.9364,0.97768,-0.11747,0.39142,1.3234,14.97,-4.6662,0.26072,-0.36861,-0.18583,0.76998,0.91912,-0.68178
2.4302,-0.21548,-0.38758,0.52436,-0.15019,-0.31132,-0.84056,0.17967,-0.44027,-6.8583,1.2867,2.4992,0.5544,0.56745,0.21253,-0.020117,-0.37699,-0.47048,3.7453,3.8958,-2.5536,0.15271,-0.81591,-1.0261,0.16816,0.89675,-0.54666,-4.5321,14.575,-3.299,0.15643,-0.48235,-1.2765,0.97823,-0.04861,0.36645,2.0493,4.7112,-2.8289,-1.628,0.59333,1.0699,0.76995,0.93404,-0.62345
1.1542,1.0397,-0.47863,0.19509,-0.11195,-0.35397,-0.84321,0.15838,-0.44062,-7.7022,1.4221,2.1058,1.252,0.70426,-0.09762,0.017006,-0.33996,-0.46277,4.4581,5.9754,-2.5716,-1.14,-0.27592,-2.0117,0.10394,0.92863,-0.52187,-3.0507,15.838,-2.6103,-0.28264,-0.69046,-0.25767,0.98537,-0.025725,0.34387,0.24605,-12.931,-0.95708,-0.77416,2.9539,1.1159,0.85724,0.93944,-0.45087
0.4608,0.95646,-0.49935,0.16019,-0.34499,-0.28834,-0.8413,0.14898,-0.43271,-7.114,7.8903,1.1717,2.2771,0.46874,-1,0.080968,-0.23271,-0.48068,3.9924,5.3143,-1.0025,-1.7781,0.12572,-2.5894,0.0289,0.99766,-0.45177,-4.1225,7.7962,0.31805,-0.85986,-0.65283,0.22551,0.98982,-0.045231,0.3139,-2.3544,-8.0704,5.2352,4.2626,-0.767,0.088396,0.90101,0.90759,-0.36347
5.2965,1.6343,-1.8609,0.30321,-0.42044,-0.84917,-0.84333,0.147,-0.40074,-0.085133,23.008,2.2559,1.6878,0.16398,-2.6749,0.10656,-0.023996,-0.60316,6.5051,0.039025,3.3032,-1.0576,0.38519,-3.2733,-0.061148,1.0661,-0.37288,-7.9175,-1.2771,-7.3339,0.74955,0.28336,0.75508,0.99276,-0.086783,0.29601,-33.557,-17.879,10.778,0.91308,-0.01424,-0.77201,0.93261,0.87059,-0.31973
23.654,-1.1495,-16.997,-4.2575,4.2457,0.8355,-0.81391,0.14593,-0.4402,18.826,37.363,2.8409,-2.1036,-1.5853,-3.7753,-0.063374,0.030004,-0.72653,20.78,-16.536,1.7836,-1.6996,-0.16174,-4.0498,-0.20037,1.1569,-0.2723,-35.475,-4.7184,0.36199,0.6322,0.30961,0.97733,0.98945,-0.11958,0.30723,-10.812,28.304,3.1733,-1.9807,-0.33074,-0.1696,0.91333,0.91327,-0.25272
18.345,3.202,13.498,-1.9045,-2.6671,0.006831,-0.77637,0.13428,-0.50325,20.646,23.776,0.43758,-0.56206,0.004567,-5.0598,-0.12211,-0.13147,-0.65989,27.59,-20.112,4.0712,-3.4746,0.46606,-3.9448,-0.43735,1.2072,-0.1121,-21.572,-18.371,-0.33421,0.47616,0.40967,3.0307,0.96225,-0.21929,0.29699,-13.394,10.434,-10.313,0.41839,0.21298,2.6826,0.92177,0.88135,-0.26472
18.057,2.6391,-0.86233,-0.44153,0.72533,0.31997,-0.81548,0.13541,-0.45251,16.911,15.662,1.792,-0.82447,-0.44066,-4.2774,-0.018352,-0.32756,-0.54894,16.611,-21.936,3.873,-3.4178,1.0079,-1.0519,-0.58903,1.1808,0.067709,-15.736,-11.612,-0.29183,1.8969,1.0636,3.0807,0.88326,-0.3217,0.35908,-25.801,2.3176,1.1018,-0.46642,-0.16626,2.8294,1.0147,0.78638,-0.21727
13.198,1.3021,6.1053,-0.60825,1.2335,0.38669,-0.79066,0.17071,-0.49683,9.9911,6.3568,0.003485,0.009665,-0.45029,-3.2145,0.11424,-0.4372,-0.49814,6.2753,-12.862,2.0231,-0.11256,0.74206,-0.51719,-0.65495,1.114,0.02255,-8.1165,-8.3309,0.58547,-0.28295,0.77752,3.0066,0.78341,-0.39961,0.42683,-19.638,-2.1883,-0.33023,0.16078,0.5946,3.8072,1.1091,0.6616,-0.19204
6.9958,1.55,0.98655,-1.1542,-0.53833,0.12093,-0.80099,0.19143,-0.49953,4.4076,2.8651,-0.73446,0.69099,-0.62807,-1.9581,0.21171,-0.57498,-0.40702,-0.10405,-6.8977,1.6417,-1.4653,0.54327,-0.65816,-0.71285,1.0214,-0.025478,-2.6576,-9.6427,0.22389,-1.9845,-0.40275,2.5989,0.68813,-0.50981,0.44219,-14.951,-9.1126,1.8221,-0.16692,0.16195,3.5066,1.2271,0.52432,-0.13625
3.8567,-0.48388,0.88984,-0.9197,-0.062304,0.11334,-0.81405,0.21001,-0.48837,3.2816,-0.063809,0.29754,-0.30547,-1.163,-0.83824,0.26241,-0.59852,-0.40794,-5.265,-7.2326,2.491,-0.96306,0.29057,-0.25687,-0.71594,0.98189,-0.027277,-0.21951,-12.771,0.93655,0.27606,-0.76634,1.9853,0.64142,-0.57954,0.42163,-5.1738,-15.574,-0.56271,-1.3477,-0.23688,2.2644,1.2851,0.39694,-0.14277
2.352,-0.30896,0.92433,-1.3112,-0.57231,0.69853,-0.82631,0.23878,-0.46185,3.199,-3.1024,-1.0267,-0.50763,-1.032,0.36941,0.28186,-0.55217,-0.47397,-7.5613,-6.5407,2.2608,0.30487,0.24951,0.20317,-0.68726,0.98492,-0.066547,1.5422,-3.4549,-1.2366,1.1254,-0.036141,0.061502,0.64527,-0.57171,0.43428,-2.4465,-16.124,1.2076,-0.69849,-0.66055,1.0568,1.2937,0.31473,-0.20024
1.1166,-0.54644,-0.20571,-1.3759,-1.2569,0.65925,-0.84196,0.29427,-0.41272,3.4024,-5.2961,-0.63208,-0.3171,-0.71591,1.5999,0.2429,-0.54966,-0.4991,-6.6108,-5.8724,0.69888,0.25621,-0.083302,0.89345,-0.68758,1.0128,-0.08279,-4.547,10.626,-2.4472,-1.0139,2.7714,-0.030751,0.64194,-0.58915,0.44756,-1.1602,-17.716,1.8675,-0.39838,-1.0931,-0.018295,1.2992,0.29694,-0.2378
0.35885,-1.088,-2.2145,0.66771,-1.1213,0.30923,-0.85909,0.31723,-0.36504,4.4575,-5.5702,-0.14082,0.30041,-0.29266,2.5807,0.16664,-0.53573,-0.5169,-5.1254,-7.7674,-0.032882,0.41483,-0.39464,1.6228,-0.68323,1.0927,-0.060743,-3.2022,15.053,-5.3061,-2.9162,0.29391,0.54904,0.61356,-0.64692,0.43415,-1.1055,-10.724,-0.30907,0.094777,-1.0771,-1.3511,1.2849,0.32541,-0.27897
1.2357,-1.9595,-2.7955,1.6903,-0.62014,0.24284,-0.85825,0.32469,-0.35407,5.3973,-2.9996,1.6605,0.33799,0.016283,3.7546,0.031291,-0.50628,-0.51789,-1.3767,-13.714,-0.70384,1.0432,-0.71428,3.04,-0.63828,1.2541,0.00525,-20.631,1.0731,-2.0697,-0.62035,0.87284,-1.5931,0.68428,-0.65045,0.353,-8.0671,-4.8366,-6.1483,0.77961,0.22815,-2.1806,1.2561,0.42723,-0.26388
26.612,-5.8229,-25.13,6.4221,1.1213,-0.059701,-0.85047,0.28038,-0.39741,11.154,23.016,2.3176,-0.89969,-0.94454,5.331,-0.10783,-0.36384,-0.5782,13.407,-33.577,-0.96543,2.3088,-0.87879,3.6431,-0.42633,1.4509,0.029497,-8.8646,-26.551,7.5906,0.94712,-0.35851,-1.7112,0.72041,-0.62375,0.33506,-42.687,-0.11403,3.4172,0.79307,0.1855,-1.7349,1.2279,0.47877,-0.21322
22.559,-18.382,30.102,3.2749,0.39279,0.092471,-0.77685,0.35019,-0.48014,21.413,25.16,5.3771,0.34244,-0.31968,6.0047,-0.16919,-0.19537,-0.64328,27.376,-19.677,-0.81709,2.15,0.18275,3.7271,-0.14845,1.4353,-0.12909,-12.054,-9.3852,-2.1185,0.76991,-0.36575,-1.8546,0.76782,-0.57966,0.32602,-26.193,10.45,0.13845,-0.87119,-0.063664,-3.6732,1.1696,0.58566,-0.24426
18.608,-7.7074,-4.5514,1.0322,-0.66246,-0.18689,-0.82693,0.32709,-0.42296,18.801,18.352,0.48412,0.011638,-0.35866,1.9092,-0.1393,-0.11606,-0.64194,18.302,-17.633,0.78968,0.94634,-0.37,3.9607,0.081515,1.286,-0.25183,-17.823,-12.909,-7.8579,0.59279,-0.076578,-2.6811,0.84108,-0.49244,0.33412,-19.431,5.4621,-0.85894,-1.8377,-0.18453,-3.4457,1.0837,0.74675,-0.27467
11.698,-2.9929,4.9618,1.2566,0.69565,-0.49161,-0.81953,0.2758,-0.46627,5.0369,14.785,1.9971,2.8836,1.8555,0.26723,-0.057314,-0.24892,-0.58701,11.207,-6.3982,0.085703,1.6649,-0.41182,2.9784,0.21208,1.1265,-0.36771,-21.602,-0.2589,-1.9077,0.12583,-0.42417,-2.9382,0.91834,-0.3714,0.33431,-11.404,3.3323,-0.68424,-0.50952,0.15083,-3.0396,0.97564,0.88944,-0.3203
8.1525,-2.7214,1.5943,0.83045,-1.0286,-0.14238,-0.81097,0.27158,-0.48614,-5.311,9.529,4.6047,1.1389,0.9606,0.42556,-0.030072,-0.37115,-0.52415,4.5862,-1.6929,-0.069624,0.80034,-0.89864,1.8825,0.32791,0.96604,-0.48433,-16.373,4.7937,0.067678,0.56018,-0.018534,-2.7288,0.97625,-0.20784,0.36319,-8.6121,7.0644,-1.4338,2.2235,-0.4172,-2.0892,0.84892,0.97016,-0.4537
4.9413,-1.4247,0.56366,0.93019,-0.10578,-0.32438,-0.82385,0.23815,-0.47823,-8.9307,4.5138,3.0213,0.67508,0.30116,0.541,-0.03637,-0.44269,-0.48791,2.957,1.1851,-1.2495,0.66743,-0.98964,0.52275,0.33364,0.90219,-0.52589,-10.342,10.675,-1.6258,0.9733,-0.34184,-1.8504,0.99267,-0.089344,0.36026,-1.038,13.86,-4.6344,1.9587,-0.89049,-0.80833,0.74194,0.92364,-0.62495
3.3313,-1.1182,1.2398,-0.067874,-0.4108,-0.24338,-0.85253,0.19682,-0.4489,-7.1463,2.9324,2.6143,-0.06244,-0.12897,0.31634,-0.0323,-0.48504,-0.47045,2.7462,3.6081,-1.8767,0.25144,-0.71154,-0.93775,0.26198,0.90512,-0.522,-5.8487,13.601,-3.0843,0.49193,-0.48384,-1.161,0.9951,-0.026297,0.3216,0.97911,8.9542,-1.3862,-1.5652,0.10236,0.87869,0.72246,0.91262,-0.62086
1.0489,0.52419,-1.0349,0.4612,-0.147,-0.34074,-0.85993,0.18025,-0.43527,-7.5691,1.7223,3.1675,-0.12485,-0.14719,-0.12807,-0.025676,-0.44387,-0.48925,3.083,6.2488,-2.2207,-0.93482,-0.10637,-1.9426,0.19949,0.93279,-0.51018,-3.2692,12.249,-1.838,-0.035428,-0.73569,-0.4369,0.99673,0.005151,0.299,0.59521,-6.4106,0.704,-0.48564,2.2206,1.0611,0.79723,0.91911,-0.49047
0.041065,1.7622,-1.0792,0.25941,0.027487,-0.38925,-0.85642,0.16516,-0.4377,-6.7828,3.0746,1.7885,1.0227,0.1441,-0.66921,0.008289,-0.35665,-0.52866,3.3756,6.0087,-1.8992,-1.9428,0.49941,-2.626,0.12248,1.0059,-0.4369,-2.4333,10.131,-0.43837,-0.5437,-0.24391,0.13524,0.99587,-0.002807,0.27507,-2.1934,-16.317,0.28652,1.5134,2.3473,0.49606,0.87265,0.90098,-0.33544
1.3958,1.4399,-1.0114,-0.30372,-0.042732,-0.53551,-0.83472,0.17125,-0.45138,-5.035,14.615,-0.73386,1.1964,-0.12553,-1.8618,0.009713,-0.17129,-0.6637,4.693,3.2954,1.5713,-1.6045,0.86081,-3.3137,0.024657,1.1048,-0.3525,-5.4995,2.8053,-5.579,0.59258,-0.16104,0.87016,0.9949,-0.045786,0.26225,-9.8614,-19.532,-7.6661,2.3466,2.5987,0.45666,0.89995,0.84496,-0.33923
22.903,5.5551,-17.385,-2.2099,0.27625,-2.0154,-0.83544,0.14344,-0.44062,9.6558,38.945,3.346,-1.2578,-0.58748,-2.6917,-0.12777,-0.07827,-0.85588,9.586,-7.8831,1.2923,-0.8034,0.6524,-4.0936,-0.13315,1.2183,-0.24663,-28.773,0.64633,-2.788,1.238,0.67995,0.027695,0.99708,-0.084722,0.28084,-14.402,19.504,1.2974,-1.6276,-0.32512,-0.89747,0.87328,0.86815,-0.27843
23.322,-4.594,30.19,-1.4016,2.9033,-1.004,-0.79351,0.15171,-0.51088,26.844,26.869,0.38036,-0.75556,0.81706,-4.7314,-0.19636,-0.17139,-0.80361,39.588,-27.526,-1.6176,-1.0714,0.54209,-5.142,-0.39357,1.3045,-0.090026,-23.43,-16.599,1.0296,-0.34186,0.017022,2.4707,0.98384,-0.16586,0.27108,-11.091,15.154,-6.7865,-0.68681,-0.85926,1.673,0.87677,0.85653,-0.26922
20.819,0.19961,-4.0207,-0.69934,-0.67364,0.15148,-0.8443,0.16409,-0.44084,18.565,19.975,0.28595,0.43455,0.19178,-4.8474,-0.09763,-0.36315,-0.64584,22.244,-26.563,2.6257,-3.0331,0.81783,-1.1301,-0.61831,1.2759,0.080698,-19.487,-14.808,1.6771,1.6509,0.90234,3.5979,0.90917,-0.29412,0.31793,-23.355,7.4764,-3.6227,-0.010584,0.57314,2.812,0.95928,0.78106,-0.23957
15.231,1.0751,3.1946,-1.0384,2.1126,0.64776,-0.82043,0.19081,-0.47843,12.756,11.79,0.49484,-0.58265,-0.19459,-3.9806,0.056918,-0.48669,-0.53654,7.2405,-16.397,3.2385,0.55091,0.85981,-0.41118,-0.67163,1.1811,-0.008948,-9.7979,-9.8059,0.19315,0.38626,1.0478,3.1856,0.79643,-0.3879,0.39168,-19.758,-0.15589,-4.5925,-0.48752,0.43049,3.5977,1.0516,0.67438,-0.20022
8.7381,1.9821,2.45,-1.6605,-0.57651,0.018517,-0.79899,0.22403,-0.52608,6.3093,2.422,-0.41861,-0.41525,-0.54384,-2.5333,0.1465,-0.57646,-0.45815,0.464,-7.0242,1.5303,-0.4859,0.59259,-0.60821,-0.69847,1.0787,-0.12926,-6.3637,-9.3432,0.40421,-1.6146,-0.043826,2.9458,0.67885,-0.48125,0.4317,-19.303,-9.0996,1.7859,-0.16903,0.27841,3.4008,1.1546,0.54173,-0.13425
6.8512,-0.30419,1.8239,-1.0381,0.71327,0.06095,-0.80216,0.24704,-0.52476,2.7211,2.5532,-0.3817,-0.32939,-0.99689,-1.2762,0.2194,-0.60573,-0.44258,-3.5156,-6.9737,2.1292,-0.9878,0.12851,-0.30087,-0.67527,1.0291,-0.1431,-1.518,-10.359,0.45765,-0.58983,-0.64028,2.3025,0.60445,-0.55499,0.41786,-7.6238,-11.89,0.19025,-0.22397,-0.033704,2.6755,1.2157,0.40198,-0.13686
2.8699,-0.95171,1.2971,-1.9673,0.02215,0.41059,-0.82008,0.27033,-0.49426,2.9049,-2.5558,-0.75385,-1.2612,-1.3004,0.095015,0.27455,-0.58048,-0.49419,-5.0396,-4.9411,2.1734,0.087888,0.16166,-0.30687,-0.63288,0.99826,-0.17983,2.9032,-4.5505,0.19503,0.65005,-0.088682,0.5321,0.58135,-0.56136,0.43453,-4.7334,-13.066,1.3416,-0.95419,-0.6179,1.538,1.2383,0.29801,-0.18606
0.44407,-1.0513,-0.423,-1.8197,-1.3457,0.56955,-0.83649,0.32535,-0.44195,3.8587,-4.6898,-1.1709,-0.74526,-1.1635,1.057,0.24097,-0.57352,-0.53402,-7.0837,-3.4779,1.6964,-0.047272,-0.029464,0.1885,-0.64221,0.99746,-0.1956,-2.3051,6.5227,1.699,-0.63434,1.4833,0.30018,0.57508,-0.57835,0.43033,0.57667,-17.675,0.73156,-0.33145,-0.87395,0.45254,1.242,0.25774,-0.22896
-0.011546,0.043741,-1.0311,-0.59246,-1.3469,0.32313,-0.85731,0.36427,-0.38018,4.3781,-6.2406,-0.86371,0.25533,-0.80551,1.8233,0.17399,-0.56978,-0.55488,-7.3439,-4.9544,1.2635,-0.44509,-0.082998,1.0532,-0.65765,1.0431,-0.18263,0.4612,9.7925,-2.8258,-0.59421,1.0135,0.27608,0.55472,-0.61252,0.42591,0.65232,-12.549,0.29842,0.24,-0.67122,-0.78329,1.2314,0.26003,-0.26501
-0.78587,-0.86079,-3.0125,1.2546,-1.0783,0.38631,-0.86289,0.38355,-0.35386,5.5119,-4.2437,-1.2073,0.49435,-0.36141,2.467,0.039398,-0.55961,-0.56428,-5.414,-9.8342,-0.27512,0.28983,-0.51145,1.9948,-0.70796,1.1776,-0.12252,-4.482,12.25,0.26847,-0.74674,-1.414,-1.053,0.61833,-0.63466,0.34631,-4.8981,-4.3184,1.6761,0.11559,-0.6207,-1.6497,1.2005,0.34406,-0.26504
13.715,-7.3204,-8.1672,5.9614,0.15389,-0.57466,-0.86266,0.35529,-0.38555,8.2116,3.0642,2.0408,0.2547,0.15962,3.8498,-0.081711,-0.49313,-0.59965,3.1121,-22.566,-0.362,1.7667,-0.88884,2.9896,-0.69557,1.4266,-0.099086,-27.252,-14.508,6.8629,-0.43228,-0.04689,-2.1641,0.64144,-0.64403,0.31392,-24.465,2.2088,-3.7617,0.29759,0.92956,-0.6101,1.18,0.40669,-0.22602
30.82,-13.833,67.558,-6.8352,5.5113,2.6204,-0.81683,0.38133,-0.4397,25.922,35.966,5.1576,1.788,-0.015774,6.8041,-0.17749,-0.38369,-0.6575,36.339,-35.591,-1.2772,3.5983,-1.3575,2.9654,-0.48451,1.6257,-0.17057,-8.2269,-21.074,-4.7975,1.5488,0.034333,-1.6868,0.68275,-0.60198,0.3134,-23.801,7.5846,0.41768,-1.9136,-0.064821,-3.3307,1.1506,0.47745,-0.2109
22.718,-8.3526,-7.0761,1.935,-0.94122,0.21343,-0.87498,0.34631,-0.37391,20.922,23.866,-0.23591,1.8296,1.3744,1.965,-0.18334,-0.3409,-0.68609,14.872,-15.227,3.5025,0.59561,0.017801,3.7677,-0.1596,1.4745,-0.31398,-17.549,-10.706,-7.262,-0.29622,-0.1193,-2.3086,0.76477,-0.53383,0.30908,-23.491,5.7072,-1.4424,-1.7014,-0.02345,-3.6277,1.0747,0.64005,-0.18903
14.734,-6.2866,3.6802,1.4968,0.69134,-0.29414,-0.86533,0.30567,-0.41479,4.1433,21.279,2.7163,2.4685,1.7556,0.39358,-0.078737,-0.43142,-0.632,13.444,-13.754,1.0862,1.6773,-0.44889,3.2026,0.071929,1.2756,-0.39332,-21.039,-5.9776,-0.48705,-0.31537,-0.41527,-3.2032,0.85749,-0.4286,0.29007,-13.462,4.5745,-0.70072,-0.75831,-0.056474,-3.3886,0.97771,0.78298,-0.21707
10.391,-3.1547,-0.15235,1.6368,-0.54335,-0.031984,-0.84629,0.27589,-0.45458,-6.5338,8.4949,5.3823,0.64369,0.81308,0.82333,-0.071521,-0.49933,-0.56087,6.5035,-2.7069,-0.51189,1.3406,-0.61209,2.0175,0.23261,1.1303,-0.49715,-18.281,4.0055,0.21028,-0.045887,-0.318,-2.9216,0.93482,-0.25842,0.30368,-9.9281,3.6616,-0.70324,1.3576,-0.27016,-2.9111,0.85463,0.89681,-0.29142
6.267,-1.6721,0.46765,1.0695,-0.33232,-0.11243,-0.85285,0.24438,-0.45327,-8.2183,4.5672,2.4912,0.65066,0.29294,0.57773,-0.066375,-0.5483,-0.5103,2.9882,-0.063382,-1.0855,0.29296,-1.201,0.70371,0.25385,1.0383,-0.53034,-12.205,8.2829,-1.7656,0.64061,-0.18424,-2.4515,0.96551,-0.12645,0.30008,-4.2036,11.336,-4.9188,2.7713,-0.98675,-1.3277,0.74177,0.90758,-0.46193
3.4373,-1.109,0.58416,0.34784,-0.17646,-0.39523,-0.8774,0.2074,-0.42381,-7.3206,2.1207,2.522,0.27384,0.10601,0.56721,-0.04086,-0.59501,-0.46603,3.5944,2.0085,-1.8067,0.56198,-0.93693,-0.49088,0.20235,0.95234,-0.55602,-7.2806,13.435,-2.4526,0.87714,-0.3729,-1.499,0.97189,-0.048321,0.26932,0.36164,11.783,-1.9493,-1.3029,-0.13643,0.31763,0.71135,0.89229,-0.51169
1.7947,0.88684,-0.58668,0.49237,0.067256,-0.4163,-0.88055,0.18383,-0.42109,-7.4168,1.3871,1.8255,-0.61734,0.040228,0.38645,-0.039232,-0.56374,-0.48791,4.5081,5.5589,-3.2824,-0.28886,-0.36934,-1.4033,0.14808,0.94762,-0.56344,-4.3346,15.326,-3.4159,0.11016,-0.53818,-0.38463,0.97096,-0.002685,0.2534,2.295,-2.0446,-0.22822,-0.71697,1.4368,0.79403,0.74197,0.91463,-0.40557
0.39458,1.2378,-0.32642,0.21066,-0.070547,-0.1116,-0.87524,0.17308,-0.42697,-6.5984,2.5572,1.0144,0.18215,0.14288,0.065019,-0.029457,-0.49349,-0.54635,4.1974,6.0255,-2.6889,-1.7543,0.11159,-2.0964,0.08154,1.0032,-0.50945,-2.3246,10.91,-0.13691,-0.52538,-0.4623,0.077413,0.97103,-0.013026,0.22754,-0.19896,-17.053,3.3349,1.06,2.1218,0.50024,0.80423,0.90227,-0.29645
1.7278,1.4879,-2.5753,-0.20451,-0.34476,-0.3116,-0.86323,0.17839,-0.42707,-5.014,11.488,0.58374,1.9507,-0.061299,-1.1229,-0.057128,-0.39995,-0.66056,4.8293,3.6258,1.1031,-1.9711,0.42745,-2.6508,-0.017579,1.1547,-0.39536,-3.9121,2.9681,-3.5365,-0.076743,-0.20673,0.70928,0.96483,-0.051897,0.22353,-1.4927,-14.755,-6.8932,3.6458,0.76488,0.49965,0.83746,0.83621,-0.31883
21.757,4.3213,-14.059,-1.1419,0.15435,-1.6158,-0.86032,0.16223,-0.42309,5.0087,37.163,0.39794,-0.56954,-0.17403,-2.9364,-0.10458,-0.36807,-0.79441,9.0544,-5.0062,1.5862,-1.3493,0.57324,-3.1899,-0.15159,1.28,-0.28333,-22.496,-1.5015,-6.9513,0.83001,1.1385,0.15002,0.96883,-0.1,0.24249,-30.871,9.2996,-2.0579,-2.6175,0.12933,-0.46636,0.83819,0.8351,-0.26216
23.608,-4.3276,29.679,-1.3838,3.3165,-0.84518,-0.82729,0.15364,-0.48286,30.185,32.552,-3.7556,-2.9517,-0.8059,-4.3116,-0.14511,-0.36298,-0.77859,35.753,-21.192,-2.5903,-0.44594,0.056982,-5.3194,-0.38472,1.36,-0.15402,-25.498,-15.481,0.91179,-0.80498,-0.35129,2.096,0.96381,-0.16953,0.23572,-10.183,16.834,-1.1203,-1.5047,-1.7931,0.97371,0.83652,0.8516,-0.23852
21.806,0.89537,-3.9937,-0.11347,-0.24177,0.014655,-0.86533,0.16696,-0.42426,19.386,18.605,-1.1977,-0.30675,-0.32516,-4.8921,-0.06396,-0.44572,-0.64881,23.036,-22.869,3.8497,-3.2941,0.52255,-1.8935,-0.68291,1.344,0.030273,-18.161,-16.147,0.18958,1.3491,0.8016,3.5227,0.89805,-0.30114,0.26618,-23.351,12.017,-7.4668,-0.46961,0.35013,2.938,0.90555,0.79811,-0.20905
14.066,0.77166,3.6166,-0.92495,1.5713,0.5945,-0.84556,0.18563,-0.45874,14.1,11.17,-0.6225,-0.27398,-0.39682,-4.1771,0.076821,-0.5436,-0.54036,9.6658,-17.777,2.1111,-0.46694,0.65784,-0.50845,-0.76623,1.2191,0.013854,-10.22,-9.1323,0.12392,0.81217,1.1116,3.016,0.79604,-0.3859,0.34922,-20.766,-3.386,-2.5773,-0.26315,0.44014,3.3157,1.0086,0.69163,-0.17014
8.8876,1.8861,2.0774,-1.4746,-0.40912,-0.033027,-0.82074,0.21087,-0.50861,7.6927,2.8622,-1.2222,0.12266,-0.59446,-2.8454,0.16466,-0.58514,-0.47125,2.8032,-8.3101,1.236,0.10023,0.60594,-0.80921,-0.79041,1.1182,-0.095954,-7.0875,-8.8422,1.8972,-1.8608,0.18829,2.7358,0.68956,-0.47386,0.39605,-17.171,-6.8283,2.8979,0.0399,0.31978,3.225,1.1028,0.56486,-0.12975
5.6445,-0.44074,1.3364,-0.74936,0.75246,-0.048412,-0.82281,0.23139,-0.50669,3.987,2.0377,-0.59986,-0.69811,-1.0717,-1.3339,0.23806,-0.60417,-0.45675,-2.7619,-5.7039,1.4462,-1.4669,0.64847,-0.46604,-0.76023,1.0412,-0.12861,-2.1648,-11.465,2.5167,-0.53102,-0.85213,2.2621,0.62377,-0.55525,0.37056,-7.9067,-10.672,0.32474,-0.37629,-0.035978,2.8496,1.1706,0.43303,-0.13096
2.2454,-0.97361,0.6133,-1.5781,-0.23016,0.40481,-0.83733,0.25087,-0.48019,4.2852,-3.9657,-0.52095,-1.2302,-1.1546,-0.023564,0.2894,-0.60333,-0.49205,-5.7039,-6.6414,1.7382,-1.1856,0.56673,0.001274,-0.69922,0.98316,-0.14755,2.8172,-2.8069,-0.75398,1.302,0.10512,0.65028,0.60628,-0.55962,0.39352,-4.6628,-14.976,0.5323,-0.6662,-0.49194,1.5056,1.2046,0.33639,-0.16469
1.4363,-0.63833,-0.099431,-1.6123,-1.2353,0.45641,-0.85178,0.29873,-0.43646,4.6683,-5.4172,-1.1838,-0.27993,-0.84403,1.0558,0.25938,-0.59683,-0.51897,-8.0638,-5.9643,1.8031,-0.41095,0.25718,0.68451,-0.68222,0.99328,-0.13906,-2.8617,8.9675,-4.1972,0.394,2.5119,0.24766,0.58745,-0.56895,0.42918,0.57864,-17.309,2.6615,-0.85958,-0.79516,0.37299,1.2128,0.30302,-0.19379
1.9706,-0.86972,-2.6037,0.51989,-1.2725,0.16026,-0.87357,0.32025,-0.3809,4.5628,-5.7847,-0.88723,0.44672,-0.35606,2.2057,0.19406,-0.5963,-0.53579,-7.1698,-6.722,0.82743,-0.28898,-0.13852,1.4586,-0.67406,1.0508,-0.12634,-0.7184,7.5607,-1.1064,-1.0781,0.43916,0.5276,0.56945,-0.60366,0.44839,-1.3895,-11.486,2.2256,-0.88394,-0.93031,-0.73972,1.2111,0.3202,-0.22096
-0.068744,-0.99618,-3.9481,3.1269,-0.29662,0.1557,-0.87622,0.30102,-0.39119,6.1821,-2.3273,0.02066,0.84459,0.18213,3.1255,0.053871,-0.56966,-0.55721,-3.9991,-10.63,-0.4892,0.39381,-0.73339,2.3322,-0.69472,1.2186,-0.045831,-4.5434,20.104,-5.4286,-2.4521,-0.68492,-1.1544,0.64683,-0.62317,0.34539,-4.5518,-6.1872,-0.77191,-0.069876,-0.42845,-1.7303,1.183,0.39851,-0.22411
15.569,-6.1718,-8.2651,3.993,0.42686,0.10387,-0.86226,0.26761,-0.43853,7.7199,16.367,2.6283,-0.10254,0.26953,4.161,-0.066258,-0.49966,-0.60737,5.2547,-26.215,-2.4126,1.4514,-1.3042,3.5495,-0.61813,1.4476,-0.004979,-21.343,-16.563,8.8896,-0.64836,0.050899,-2.1966,0.67737,-0.62792,0.31071,-25.64,-1.4092,-3.612,0.91386,0.86421,-1.2192,1.1579,0.47185,-0.19253
16.087,-15.095,19.54,1.2762,0.4699,0.31452,-0.8241,0.32481,-0.46519,18.593,20.349,2.5965,-1.4233,0.003331,5.7521,-0.14266,-0.3941,-0.66926,32.212,-30.473,-2.837,3.2803,-1.1874,3.59,-0.33567,1.5373,-0.093911,-7.5965,-21.255,-3.8993,1.467,-0.15334,-1.7111,0.73343,-0.58871,0.30537,-23.676,6.5883,-1.1069,-0.7112,-0.18284,-3.2765,1.1279,0.54649,-0.20217
19.205,-7.3001,-3.8578,0.80805,0.39365,0.10021,-0.85768,0.29576,-0.42943,16.897,18.362,1.8674,0.74736,0.87222,1.9787,-0.14707,-0.2995,-0.70534,14.368,-16.389,0.12896,1.0827,-0.81405,3.9148,-0.031182,1.3898,-0.23622,-19.496,-9.9909,-7.8572,-0.16285,-0.13607,-2.1886,0.80848,-0.51837,0.30348,-22.907,5.9161,-2.1491,-1.2941,-0.18453,-3.3333,1.0476,0.69249,-0.21554
13.834,-4.8458,2.7277,1.7193,0.41776,-0.086645,-0.84349,0.25068,-0.47051,3.7274,17.134,2.9864,3.639,2.6671,0.46019,-0.041831,-0.41157,-0.64809,12.283,-11.074,-0.62099,2.2035,-0.96806,2.9053,0.15281,1.2081,-0.34659,-21.071,-4.8461,-2.0871,-0.2874,-0.38361,-3.1287,0.89382,-0.4041,0.2929,-13.141,4.6293,-1.8456,-1.1932,-0.14591,-2.9922,0.95372,0.82146,-0.23831
9.346,-2.2805,1.9494,1.3896,-0.24976,0.053998,-0.82922,0.23732,-0.49894,-5.5933,9.9995,4.0923,1.1662,1.2459,0.71318,-0.006077,-0.47547,-0.59245,5.7122,-1.3616,-1.0607,1.4146,-1.0532,1.6633,0.29116,1.0774,-0.45223,-18.281,4.6459,1.32,0.089,-0.18613,-3.0044,0.96406,-0.22947,0.31721,-9.4766,5.1856,-1.319,1.0678,-0.02861,-2.3022,0.84144,0.91439,-0.30145
6.254,-1.0365,0.87458,0.94033,-0.27648,-0.38275,-0.83799,0.19767,-0.49673,-7.0939,4.9507,2.3881,1.0034,0.70132,0.70707,0.007953,-0.53247,-0.53955,3.0484,0.29283,-0.87806,0.61938,-1.435,0.37953,0.29026,1.0019,-0.49581,-12.587,8.7741,-1.2261,1.0557,-0.34809,-2.1481,0.98645,-0.098775,0.31598,-3.1256,10.221,-3.5141,2.8486,-1.2789,-1.0589,0.75358,0.91256,-0.46125
3.7222,-0.61585,0.81335,0.50019,-0.032431,-0.27611,-0.85356,0.14568,-0.4849,-6.8072,2.2991,1.2453,0.34863,0.18354,0.5084,0.034092,-0.5903,-0.49051,3.3816,2.3368,-1.4978,0.42761,-1.1039,-0.71398,0.21638,0.9392,-0.53171,-5.4867,14.271,-3.3103,0.62274,-0.44034,-1.4553,0.99021,-0.029752,0.27526,0.64991,10.516,-3.4405,-0.77744,0.059024,0.57444,0.72463,0.89516,-0.51516
0.95023,0.43384,-0.46919,0.52997,-0.014282,-0.16793,-0.8542,0.12546,-0.48251,-7.3117,1.1143,1.5916,0.048813,-0.11094,0.37034,0.034659,-0.56894,-0.50501,3.7632,4.5307,-1.9898,-0.55992,-0.69076,-1.6483,0.15191,0.94894,-0.52701,-3.6834,11.355,-2.0705,-0.056956,-0.50673,-0.59873,0.98873,0.013355,0.2584,-0.12147,-5.9204,2.4787,-0.14999,1.8828,0.95339,0.77921,0.89495,-0.42162
0.051904,1.2408,-0.38122,-0.31218,-0.30712,-0.10404,-0.85094,0.12224,-0.47914,-6.7151,2.2325,0.97334,1.1789,-0.012693,0.007895,0.040232,-0.51679,-0.5509,3.6292,5.8739,-1.893,-1.467,-0.23381,-2.2551,0.076911,1.0025,-0.47642,-2.6341,11.643,0.14119,-0.52372,-0.47978,-0.013421,0.99315,0.009731,0.23707,0.77029,-16.523,-2.2339,0.92093,2.6119,0.38305,0.84435,0.88464,-0.30208
1.0517,1.117,-1.0758,-0.2421,-0.30125,-0.17139,-0.84245,0.15414,-0.4667,-6.3859,9.6722,-2.2714,2.8376,-0.35567,-0.70908,0.015213,-0.44855,-0.67085,4.7301,4.7095,0.93601,-2.0267,0.069876,-2.746,-0.011171,1.1342,-0.36032,-5.7618,2.7031,-2.9131,0.28914,-0.41587,0.53847,0.98992,-0.016179,0.22266,-2.8899,-20.225,-8.8949,2.0675,1.4773,0.40692,0.86503,0.8263,-0.3205
25.239,6.8222,-16.568,-0.000532,-0.96625,-1.7314,-0.8474,0.12209,-0.44522,4.0689,33.556,-2.108,0.10188,-0.77519,-1.6476,-0.060286,-0.48219,-0.81735,9.5942,-4.6557,2.2191,-1.4754,0.41177,-3.472,-0.13437,1.2558,-0.22542,-24.434,-2.3029,-3.6505,1.2395,0.66644,0.24917,1.0011,-0.06034,0.22999,-26.173,14.699,-1.6935,-1.9543,-0.072795,-0.76651,0.83993,0.85685,-0.25687
19.338,-5.6487,23.998,-1.5016,3.759,-1.4317,-0.79702,0.14493,-0.52678,34.373,33.432,-6.2193,-1.6169,-1.2781,-3.5054,-0.12769,-0.50421,-0.81442,42.114,-23.968,-4.7022,-0.36033,0.3441,-5.5521,-0.34709,1.3294,-0.079938,-23.322,-13.874,-1.1021,-0.70251,-0.2539,2.1842,0.99855,-0.1338,0.21756,-9.1736,15.215,-7.501,-0.98496,-1.3862,1.398,0.84614,0.86797,-0.22465
21.245,-0.6676,-2.9039,-0.7325,-1.7459,-0.19409,-0.84642,0.15636,-0.45588,19.785,20.176,-3.1541,-0.71377,-1.1644,-4.7774,-0.061251,-0.5422,-0.66126,23.326,-23.508,2.2467,-3.1602,0.9531,-1.2265,-0.61572,1.3366,0.11525,-20.806,-15.888,0.43628,1.0675,0.59641,3.532,0.93836,-0.27124,0.24699,-22.29,8.8403,-4.124,-0.36572,0.28753,2.8592,0.92615,0.80256,-0.18917
13.603,2.0809,3.1888,-1.2081,1.9726,0.56683,-0.83066,0.16784,-0.48564,14.123,11.386,-0.20581,-1.217,-1.0701,-4.0973,0.063081,-0.5892,-0.53172,9.2417,-17.643,1.9948,0.095722,0.92445,-0.3422,-0.71787,1.2492,0.049112,-11.482,-9.3391,-0.043764,0.7595,1.0852,3.3158,0.83755,-0.37691,0.32133,-19.926,-2.5353,-3.2571,0.051381,0.27026,3.4653,1.0232,0.69405,-0.16171
10.072,1.4219,4.6499,-1.0364,0.19091,-0.25913,-0.78866,0.201,-0.55366,6.7875,4.0568,-1.5553,-0.57522,-0.8826,-2.7416,0.13385,-0.59908,-0.46607,1.4474,-6.0929,0.81262,-0.67156,0.95843,-0.4598,-0.75865,1.1481,-0.07359,-7.2474,-9.0603,0.063513,-1.3857,0.4836,3.0175,0.71957,-0.4785,0.38224,-17.705,-8.2153,3.0928,0.18797,0.30458,3.1515,1.1194,0.55615,-0.12159
4.1984,-0.82669,0.71114,-1.2749,-0.8109,-0.092755,-0.81724,0.22044,-0.51524,3.2427,0.89818,0.40376,-0.58391,-1.1868,-1.4931,0.20538,-0.61843,-0.44065,-2.1022,-6.632,1.3036,-1.1524,0.64972,-0.054016,-0.72394,1.0813,-0.10856,-1.4528,-11.112,1.1125,-1.0004,-0.85515,2.7685,0.63491,-0.5617,0.37372,-9.1179,-9.6359,0.52968,-0.24087,0.18242,2.6233,1.18,0.43021,-0.125
3.8418,-1.0795,-0.18851,-1.1694,0.040685,0.69615,-0.83962,0.23818,-0.47845,3.5095,-1.9343,-0.932,-1.2177,-1.1717,-0.16234,0.26885,-0.62825,-0.45707,-4.0912,-4.9836,1.6213,-0.4263,0.43072,-0.1353,-0.67839,1.0235,-0.16017,3.2164,-9.7435,1.2124,1.6452,-0.3935,1.069,0.59883,-0.58705,0.3868,-5.1357,-11.163,0.25666,-0.93041,-0.54345,1.7483,1.2111,0.33405,-0.15312
2.0873,-0.095193,-0.13573,-1.7056,-0.25519,0.56523,-0.83957,0.28787,-0.46084,3.8533,-4.6118,-1.2483,-0.80661,-0.85852,0.95335,0.24832,-0.61764,-0.48989,-6.9882,-5.1611,1.7712,-0.26503,0.096572,0.28199,-0.67698,1.0222,-0.16471,0.41574,4.0485,-3.1056,0.25532,1.7236,0.38756,0.59121,-0.59668,0.40604,-0.78353,-16.297,1.6013,-0.40481,-0.51783,0.86269,1.2284,0.27841,-0.18164
0.88068,-0.099104,-0.44334,-1.6633,-1.1794,0.61473,-0.84644,0.33826,-0.41777,4.4479,-7.1651,-1.198,0.32452,-0.37035,1.9752,0.18784,-0.61594,-0.51049,-7.3258,-7.1819,1.745,-0.13888,-0.20646,1.1079,-0.67907,1.0676,-0.14602,-1.3772,12.594,-0.1047,-0.18255,1.6987,0.097241,0.57795,-0.61387,0.43988,0.074358,-14.422,2.48,-0.60213,-0.71411,-0.49351,1.2311,0.2736,-0.20255
-0.17709,-1.3107,-2.8915,0.11687,-0.58795,0.38635,-0.85519,0.38466,-0.36992,5.0854,-6.6883,-0.56493,0.76878,0.23311,2.9317,0.058177,-0.59244,-0.54152,-6.9991,-9.8144,1.1528,-0.046931,-0.51441,2.0434,-0.6875,1.2219,-0.057225,-6.1069,20.073,-3.2541,-2.4767,-2.1167,-0.5448,0.61655,-0.66065,0.34708,-3.7365,-7.5399,0.43353,-0.17366,-0.64779,-1.73,1.2041,0.34492,-0.21076
14.153,-7.4928,-4.8225,6.174,-0.38913,-0.17238,-0.85089,0.36131,-0.39773,6.416,4.1893,3.0361,0.52062,0.36298,4.3661,-0.067399,-0.53849,-0.59699,1.2998,-22.404,-1.3238,1.0198,-0.81608,2.9178,-0.62892,1.46,0.03063,-17.364,-20.481,-1.0577,-0.37172,0.26661,-1.8753,0.64586,-0.65702,0.31573,-21.562,0.35643,-3.6116,0.31771,0.67544,-1.3484,1.1822,0.42488,-0.18297
13.808,-1.7076,12.835,-13.718,4.8821,2.2449,-0.82554,0.35567,-0.44857,30.252,28.384,1.8444,2.2393,0.72385,6.2321,-0.15676,-0.48295,-0.66307,31.415,-31.584,-1.0743,3.2218,-0.89197,3.0762,-0.37587,1.5913,-0.028117,-7.7877,-22.034,-4.3525,0.5665,0.21292,-2.1173,0.68535,-0.62952,0.31621,-24.806,7.5486,-0.95756,-0.71962,-0.14764,-3.0605,1.1584,0.49946,-0.17517
22.621,-8.0873,-6.5379,1.4771,-1.3665,-0.22218,-0.85247,0.3227,-0.41856,18.291,28.371,-0.20231,0.007858,1.4171,1.1605,-0.13465,-0.43877,-0.71115,16.064,-14.487,1.8672,0.22114,0.029245,3.4269,-0.092321,1.4502,-0.17971,-20.233,-10.763,-4.9975,0.054748,-0.024882,-2.036,0.76407,-0.56412,0.30767,-27.625,6.1591,-1.4497,-1.8849,-0.033691,-3.497,1.0863,0.65447,-0.16497
14.729,-4.7675,5.4433,1.7222,0.67112,-0.11304,-0.83744,0.27669,-0.46389,5.4767,17.645,0.063798,1.7671,2.3061,0.023154,-0.022113,-0.48712,-0.64665,14.528,-13.231,0.34049,1.2009,-0.59397,2.7896,0.093763,1.2797,-0.26319,-20.097,-9.8518,-5.8061,-0.005792,-0.16109,-3.1098,0.85139,-0.4607,0.30431,-15.426,4.5774,-1.2105,-0.87587,-0.26138,-3.5589,0.99129,0.80772,-0.19354
10.702,-1.9397,2.9318,1.2561,-0.45052,0.074937,-0.82769,0.2294,-0.50808,-4.8485,8.8193,3.4669,0.94967,1.0215,0.45941,0.010806,-0.54896,-0.56398,6.9293,-3.6411,-0.67988,1.2168,-0.93616,1.7023,0.23987,1.1588,-0.36444,-19.514,2.6221,-0.14314,0.18289,-0.40759,-3.0452,0.94081,-0.28821,0.32742,-10.339,4.8984,-1.5495,1.1315,-0.25833,-3.0035,0.86277,0.93273,-0.287
5.8072,-0.92944,0.94649,0.98398,-0.4628,-0.20318,-0.84207,0.19633,-0.49326,-8.984,4.4999,1.903,1.3216,0.32468,0.47262,0.021813,-0.61126,-0.47927,3.4576,0.42208,-0.98412,0.88312,-1.5104,0.44251,0.24682,1.0692,-0.42454,-13.121,7.1616,0.070417,0.88257,-0.11717,-2.5059,0.97569,-0.15356,0.32611,-4.1302,10.385,-4.3285,2.883,-1.5001,-1.6498,0.73856,0.95139,-0.4692
4.7653,-0.79375,0.59628,0.25969,-0.48034,-0.26075,-0.8619,0.1729,-0.45996,-7.6598,2.7786,1.3735,0.28979,-0.090195,0.54647,0.047576,-0.66006,-0.41162,3.7131,2.1794,-1.3678,0.40333,-1.3205,-0.56423,0.17263,0.99385,-0.47176,-8.2284,14.409,-3.1255,1.1504,-0.45737,-1.607,0.98532,-0.066406,0.29719,0.98394,12.86,-3.318,-0.69678,-0.15112,0.36997,0.68989,0.94165,-0.54168
1.4629,0.25073,-0.16806,0.11693,0.027223,-0.1066,-0.86465,0.16237,-0.45168,-6.7591,1.5449,1.767,-0.73008,-0.44903,0.59031,0.032474,-0.63772,-0.42816,3.9096,4.523,-2.1635,-0.21988,-0.76468,-1.5209,0.10723,0.99095,-0.47817,-3.505,16.159,-4.5781,-0.15728,-0.50495,-0.58728,0.9853,-0.016167,0.2817,0.92225,0.27872,1.5777,-0.016029,1.6911,1.0342,0.73779,0.93831,-0.45998
0.34247,1.106,-0.59626,0.16814,-0.097675,-0.14622,-0.86126,0.15793,-0.45098,-5.9059,2.1193,1.2986,-0.3407,-0.42953,0.2104,0.028666,-0.57574,-0.49004,3.2556,4.829,-1.7264,-1.3247,-0.13295,-2.0633,0.031478,1.0316,-0.43013,-1.374,11.682,-0.76391,-0.54255,-0.61251,-0.12826,0.9896,-0.016631,0.25168,-0.37001,-15.764,2.297,0.67849,2.0601,0.61655,0.80741,0.92202,-0.35984
1.2634,1.7674,-1.1296,0.10388,-0.28499,-0.39895,-0.85393,0.15244,-0.45146,-6.4255,6.2892,-1.6091,0.99821,-0.60372,-0.59967,-0.00556,-0.4822,-0.61044,2.7608,5.6738,-0.37216,-1.3995,0.30556,-2.6667,-0.056963,1.1418,-0.3339,-4.0046,4.4737,-1.3641,-0.46428,-0.37345,0.47909,0.98607,-0.038079,0.24184,-0.062333,-11.662,-4.7166,2.2888,0.027822,0.66555,0.85502,0.85072,-0.35036
14.606,3.5575,-5.0233,-1.2192,-0.32286,-1.1755,-0.8523,0.15008,-0.44092,2.1822,27.554,0.66966,0.003832,-0.74276,-2.2452,-0.058173,-0.44403,-0.76674,6.1325,-1.0062,2.3916,-1.4467,0.57269,-3.4325,-0.18016,1.2389,-0.21424,-13.708,-2.3804,-7.2389,0.88752,0.75062,0.55361,0.9952,-0.087169,0.2374,-34.688,1.6029,-0.51453,-1.993,0.12661,-0.50024,0.85537,0.84734,-0.29008
12.851,-3.6357,-1.5395,-1.1149,2.3401,-0.36535,-0.83159,0.16254,-0.47558,29.566,36.975,-4.3662,-2.7915,-1.8397,-3.6982,-0.11419,-0.41656,-0.81051,41.245,-19.464,-1.1998,-0.03954,-0.7136,-4.9479,-0.35748,1.2996,-0.066826,-29.997,-9.9881,-0.5126,-0.94906,-0.12734,1.6611,0.99989,-0.13998,0.23433,-8.7112,16.135,4.7298,-1.2666,-0.24972,1.2434,0.85265,0.87231,-0.2413
23.88,0.49793,0.48101,-1.1615,-1.9657,-0.21424,-0.83156,0.18958,-0.46666,15.738,19.287,-0.80868,-0.75821,-0.3905,-4.8519,-0.065956,-0.42989,-0.69251,26.699,-17.374,5.3034,-3.5197,0.94555,-2.635,-0.64606,1.287,0.10619,-25.005,-18.284,0.85721,0.47624,0.54024,3.5947,0.95303,-0.26791,0.24583,-20.236,10.184,-4.4592,-0.10562,0.12719,2.6232,0.91453,0.82001,-0.21401
16.743,0.43169,5.4625,-1.3184,1.0993,0.24979,-0.8266,0.19605,-0.47871,13.822,14.434,0.21697,0.13406,-0.42729,-4.1669,0.054071,-0.51417,-0.5533,14.418,-20.762,1.5749,-3.3966,1.2018,-0.39834,-0.82352,1.1908,0.22454,-14.248,-10.065,0.44166,1.2067,1.2172,3.4085,0.85212,-0.38681,0.31612,-22.65,-0.022227,-4.9608,-0.31046,0.16858,3.378,1.0105,0.72171,-0.17674
10.744,1.2864,3.8409,-1.2013,0.36405,0.017169,-0.81554,0.21799,-0.51114,8.2712,6.0706,-1.8869,-0.6288,-0.61358,-2.9722,0.13177,-0.55654,-0.48019,3.5155,-12.907,1.185,-0.70245,0.68839,-0.61854,-0.8798,1.0959,0.12847,-8.9422,-9.1205,0.30714,-0.92336,0.55683,2.8937,0.73304,-0.47253,0.3864,-22.134,-9.0298,2.5093,-0.43925,0.55496,3.5249,1.1092,0.58347,-0.11212
8.3476,0.14928,0.27145,-1.2453,0.44152,0.14765,-0.82358,0.23964,-0.49579,2.3896,2.0392,-0.38122,-0.060086,-0.65443,-1.17,0.20818,-0.5844,-0.44515,0.012047,-9.0855,1.4101,-0.19046,0.30035,-0.19458,-0.84167,1.0184,0.026343,-2.4835,-11.146,1.0919,-1.2331,-0.5536,2.2924,0.64236,-0.54644,0.38612,-12.357,-11.146,0.71147,0.091912,0.31976,3.1858,1.1807,0.43537,-0.11477
3.2874,-0.74148,1.615,-1.3251,-0.20268,0.056821,-0.83194,0.25022,-0.48681,2.7979,-0.36147,-0.29247,-0.9585,-1.0948,0.40335,0.26701,-0.60994,-0.43275,-2.5901,-6.6135,1.824,0.50828,0.12485,-0.002109,-0.79013,0.95391,-0.076471,1.3151,-9.5358,-0.056549,1.7565,-0.49036,1.2731,0.594,-0.58407,0.39458,-5.226,-11.975,1.6963,-0.98684,-0.59985,1.8061,1.2264,0.32387,-0.15156
0.39841,-0.90543,0.23416,-1.3651,-1.5457,0.30294,-0.85548,0.28131,-0.43621,2.8978,-4.6232,-0.88241,-0.41989,-0.89406,1.4264,0.23883,-0.61683,-0.45673,-5.6255,-4.3067,2.1144,0.24968,0.073906,0.31567,-0.76794,0.94871,-0.12023,1.7948,0.60095,-2.3989,-0.21824,0.80092,0.24449,0.59333,-0.57278,0.42973,-0.53685,-11.839,1.4472,-0.74389,-0.89775,1.0163,1.2394,0.27172,-0.19567
-0.59139,-0.30228,-2.2688,-1.611,-1.1901,0.49787,-0.87802,0.32134,-0.36661,3.7336,-6.1525,-1.0106,0.53945,-0.39865,2.0195,0.17607,-0.62522,-0.46378,-7.0697,-3.1088,1.6609,-0.45194,0.19378,1.0011,-0.76064,0.98048,-0.12465,-1.2035,10.667,-3.6255,-0.47709,1.9559,0.24668,0.57609,-0.60085,0.43648,1.2985,-14.759,-1.2938,0.016982,-0.7147,0.11402,1.2421,0.24337,-0.23406
-0.18293,-0.38875,-1.841,0.32111,-0.012078,0.50461,-0.87672,0.35698,-0.34617,2.3616,-7.8849,-0.69889,0.77261,0.16202,2.6621,0.049374,-0.60652,-0.49832,-7.0836,-5.2122,-0.44441,-0.77893,-0.12259,1.5934,-0.7676,1.1063,-0.047012,0.039585,7.2883,-3.4318,-1.9281,-0.54971,0.36162,0.58226,-0.63552,0.39875,-1.9114,-10.085,1.9352,0.55775,-0.55624,-1.2091,1.217,0.27635,-0.25092
2.9408,-3.5467,-2.0393,2.7157,-0.51764,0.29502,-0.87249,0.35696,-0.357,4.625,-2.3423,1.1484,0.47924,0.59834,3.6426,-0.056196,-0.55408,-0.54113,-2.3671,-15.134,-2.1073,0.37563,-0.74197,2.6572,-0.79098,1.3058,0.044504,-28.308,-1.822,-7.5629,-0.8626,2.0714,-1.1097,0.62651,-0.66613,0.32194,-9.2591,-1.4276,-5.3076,0.84571,0.13838,-1.774,1.1984,0.33638,-0.24614
29.901,1.1577,-19.24,-0.35902,1.6529,0.31265,-0.87336,0.29225,-0.40791,18.541,40.024,6.832,-0.25036,0.21393,4.6722,-0.14818,-0.45966,-0.62479,15.137,-32.489,-0.68431,2.0995,-0.54391,3.078,-0.70096,1.5725,0.12312,-7.928,-23.947,8.2368,1.4006,-0.31015,-1.6715,0.64524,-0.66101,0.31256,-38.457,2.9957,3.5494,0.29855,-0.45759,-2.1398,1.1927,0.36881,-0.21125
17.963,-10.423,1.5141,0.20919,-3.6052,-0.24817,-0.84415,0.376,-0.39851,26.112,29.553,2.8305,-1.053,0.45519,4.454,-0.22311,-0.33908,-0.71916,24.74,-19.604,-1.692,2.0853,0.41797,3.1987,-0.33268,1.5859,-0.03365,-9.219,-13.096,-8.8553,0.42127,-0.28535,-2.1518,0.71017,-0.59379,0.32886,-27.817,7.3067,-0.18134,-1.9501,-0.015722,-3.6984,1.1288,0.52236,-0.21071
18.179,-3.8042,-1.5673,1.604,0.62839,-0.3574,-0.86426,0.34136,-0.38109,17.166,14.959,-1.1939,1.015,1.1442,0.12615,-0.1704,-0.29269,-0.72347,17.306,-16.247,-0.1419,1.2148,-0.37566,3.6694,-0.032576,1.3903,-0.20631,-21.683,-10.254,-4.4344,-0.21298,-0.1282,-2.9137,0.79982,-0.51385,0.3229,-19.253,5.032,-2.03,-1.4708,-0.17722,-3.595,1.0468,0.67976,-0.22103
12.354,-4.665,4.9559,1.9114,-0.046133,0.17094,-0.84705,0.27413,-0.45634,1.7217,14.245,3.7945,2.3739,2.0568,-0.098004,-0.083721,-0.38705,-0.67081,10.915,-5.8921,-0.9666,1.2819,-0.67142,2.5508,0.15987,1.2762,-0.30538,-21.106,-1.5695,-0.095525,0.17823,-0.49759,-3.1154,0.9026,-0.35889,0.32211,-12.743,4.1427,0.072275,0.28732,0.037235,-3.1467,0.93525,0.81132,-0.26007
8.1348,-1.2235,-0.60455,1.6508,-0.47705,-0.26316,-0.85971,0.22496,-0.44978,-6.2054,6.7705,3.0531,0.61773,0.93544,0.51718,-0.040281,-0.47978,-0.58116,3.7761,-1.0771,-0.024162,0.78786,-1.3736,1.2728,0.21546,1.1532,-0.37281,-16.177,4.6282,0.3569,0.63591,-0.29858,-2.6399,0.95289,-0.21982,0.31771,-8.2137,8.2524,-2.044,2.0178,-0.56076,-2.5837,0.82547,0.86784,-0.38956
4.6143,-0.86187,1.2662,0.94011,0.085262,-0.3206,-0.86135,0.20452,-0.44354,-8.3988,3.0316,2.1915,1.1853,0.60479,0.5534,0.009048,-0.56807,-0.49204,3.0722,1.7535,-0.41169,1.0561,-1.4945,-0.12425,0.19602,1.0099,-0.46361,-10.754,9.0566,-2.4801,1.0418,-0.3551,-2.0255,0.96638,-0.12028,0.30667,-2.2677,13.502,-5.2837,1.7084,-1.0737,-0.88798,0.72976,0.86833,-0.53665
2.4958,-0.26247,0.11995,0.47716,-0.18781,-0.34675,-0.86691,0.17607,-0.44101,-7.416,2.7073,1.0708,1.0609,0.40179,0.1115,0.014249,-0.59613,-0.45831,3.5262,3.4634,-1.8721,0.57359,-1.0874,-1.2135,0.13822,0.97862,-0.49919,-4.2063,13.386,-3.9739,0.66716,-0.51324,-1.4402,0.97137,-0.029685,0.29369,1.1598,10.453,-3.1273,-2.266,0.026317,0.65904,0.72085,0.88075,-0.52178
0.73551,0.93789,-0.10942,0.026504,-0.010104,-0.19142,-0.86684,0.16203,-0.43769,-7.2057,3.0506,1.2608,0.5393,0.22137,-0.18829,0.030059,-0.58283,-0.46314,3.5323,5.7856,-2.421,-0.35249,-0.59391,-2.0205,0.057649,0.98786,-0.49995,-3.198,13.569,-3.6012,-0.63097,-0.6189,-0.54448,0.9722,0.008464,0.27445,1.1516,-5.7276,1.3562,-0.36521,1.963,0.90138,0.77647,0.89619,-0.40942
-0.54252,1.2778,-1.042,-0.014632,-0.2234,-0.09861,-0.86965,0.14714,-0.43085,-6.8802,4.466,0.36768,0.64107,-0.12618,-0.74828,0.004789,-0.49899,-0.54903,3.4435,6.1785,-1.9646,-1.6257,-0.1339,-2.5633,-0.063891,1.1116,-0.40731,-2.6335,11.568,0.2013,-1.0533,-0.43613,-0.26641,0.97273,0.014181,0.24898,0.036721,-16.332,-2.4564,0.86592,2.7933,0.49414,0.83545,0.85552,-0.30122
2.3435,1.2137,-1.9308,0.10058,0.026544,-0.29263,-0.86084,0.15183,-0.42572,-4.0113,13.524,-0.70826,1.9198,-0.68778,-2.1019,0.006983,-0.45914,-0.65957,5.6828,3.2281,1.14,-1.4499,0.33432,-3.03,-0.17662,1.2071,-0.30701,-5.7704,0.78226,-4.5169,-0.24878,-0.30432,0.63933,0.98443,-0.027679,0.22256,-12.964,-24.223,-1.3078,1.3244,1.1765,-0.2189,0.8397,0.81746,-0.32424
24.363,7.3908,-19.943,-1.1668,0.50521,-1.3984,-0.85752,0.13547,-0.42413,9.833,41.246,0.18615,-1.7871,-1.8485,-3.1562,-0.010346,-0.47056,-0.74482,14.779,-8.8248,0.10382,-1.1559,0.087093,-3.5745,-0.30559,1.2731,-0.19492,-27.379,-1.0482,-1.5877,1.758,0.48417,0.14074,1.0018,-0.070527,0.22361,-13.65,21.853,-0.37342,-1.7559,0.16052,-0.86907,0.82798,0.86934,-0.23036
23.753,-1.8874,26.801,-1.684,2.584,-0.90998,-0.78711,0.14779,-0.52628,24.33,25.81,-1.1247,-1.9976,-1.0883,-4.6786,-0.049674,-0.41712,-0.70546,31.92,-23.103,-1.2583,-1.7595,1.4918,-4.1181,-0.55746,1.3646,0.006891,-23.506,-14.542,-1.2101,-0.053932,-0.023956,2.3137,0.9866,-0.15399,0.22493,-11.395,13.315,-8.1786,-0.20026,-0.21941,1.8391,0.85762,0.85682,-0.18255
21.124,2.1131,-3.3046,-0.81636,-0.28007,0.20447,-0.82896,0.15911,-0.46902,15.102,17.406,0.27242,0.51561,-0.44666,-4.5661,0.042562,-0.49141,-0.56083,21.071,-21.359,1.74,-4.1864,1.4122,-0.66195,-0.78598,1.3158,0.20987,-20.992,-15.066,-0.83637,1.2238,0.88148,3.5729,0.9167,-0.29138,0.26336,-24.345,6.9861,-3.073,-0.41523,-0.10713,3.0006,0.94775,0.77907,-0.13816
15.106,-0.43049,5.7504,-1.362,1.5486,0.40996,-0.81093,0.18187,-0.51084,9.4604,10.035,-0.44228,-0.58528,-0.93892,-3.2171,0.11595,-0.54538,-0.48088,8.2251,-15.719,1.5449,-1.2464,0.87722,-0.20528,-0.87777,1.2264,0.1826,-11.217,-10.54,-1.3877,0.004922,1.1036,3.4249,0.80302,-0.40281,0.34828,-19.566,-6.6461,-3.2904,0.10305,0.52316,3.6423,1.0228,0.66071,-0.13688
9.8082,0.82875,1.5777,-1.2615,0.19115,-0.011574,-0.80929,0.19767,-0.51732,4.0915,4.3487,-1.675,-0.53629,-0.71728,-1.9519,0.20723,-0.56908,-0.43835,1.5276,-8.8227,0.92246,-0.91386,0.83257,-0.53123,-0.83862,1.1074,0.05271,-7.8829,-9.9965,0.95963,-1.7296,0.21234,2.9458,0.68693,-0.50047,0.38272,-20.016,-5.7242,2.8528,0.47594,0.31548,3.3346,1.1067,0.52184,-0.12657
5.4361,-0.2327,1.6048,-1.403,-0.21371,0.020513,-0.81414,0.22659,-0.50954,2.5405,1.3366,-0.48557,-0.59751,-1.1161,-0.17575,0.29213,-0.59815,-0.39983,-2.2089,-6.9153,1.2091,-1.1281,0.55092,-0.43666,-0.78692,0.99448,-0.024502,0.14958,-12.353,-0.031884,-0.85066,-0.83691,2.62,0.60665,-0.5814,0.37415,-8.6256,-10.715,0.61131,-0.69616,-0.14876,2.642,1.1967,0.38975,-0.11726
2.5086,-0.76597,0.027242,-1.5152,-0.31653,0.41986,-0.82703,0.26174,-0.48456,2.724,-1.9278,-0.25633,-0.68375,-1.0753,0.97183,0.2815,-0.61087,-0.41431,-4.9162,-5.9277,2.2658,-0.87188,0.44118,-0.15732,-0.76441,0.96504,-0.031797,3.4041,-8.5735,-2.2215,2.935,-0.028291,1.1017,0.5764,-0.58161,0.42423,-2.4709,-12.584,1.2556,-1.0118,-0.74404,1.368,1.2253,0.30766,-0.14983
0.26945,-0.079721,-0.35832,-2.2995,-0.58592,0.56292,-0.83316,0.31183,-0.45004,3.9914,-4.2983,-1.4016,-0.53554,-0.91462,1.6436,0.23298,-0.61894,-0.43835,-7.145,-4.8039,2.0095,-0.53676,0.35019,0.53831,-0.75496,0.97219,-0.033773,1.0687,5.8272,-0.97857,-0.66081,1.8849,0.61849,0.56466,-0.58918,0.45838,-0.22064,-14.89,0.18771,-0.34573,-0.79559,0.59444,1.2342,0.26618,-0.1925
-1.9767,0.4015,-1.3347,-0.46379,-1.0085,0.5378,-0.85511,0.34459,-0.38974,5.228,-6.042,-1.8151,0.14492,-0.5588,2.1858,0.1186,-0.60136,-0.49448,-7.5029,-5.6881,0.6577,-0.34931,0.070472,1.2532,-0.74855,1.0699,0.0072,1.0393,13.071,-0.6419,-0.038506,1.7715,0.51424,0.54176,-0.60398,0.47337,-0.12015,-13.655,1.3283,0.41174,-0.47042,-0.64357,1.2112,0.25844,-0.23951
-0.48819,-0.43732,-2.0525,0.34202,-0.89056,0.52114,-0.85897,0.36825,-0.36365,4.2323,-4.5185,-0.020748,0.20686,-0.35906,3.0605,0.022669,-0.56415,-0.51742,-5.6394,-10.459,-0.39479,0.42741,-0.49028,1.9913,-0.77055,1.1964,0.037866,-1.9728,-3.265,3.8472,-0.6417,-2.1741,-0.90435,0.56554,-0.65698,0.40734,-3.1111,-3.9748,5.7041,0.18573,-0.73006,-1.3194,1.1963,0.30104,-0.2543
7.8085,-5.231,-5.6169,3.2241,-0.99191,0.13384,-0.8593,0.38481,-0.34931,8.4823,2.2112,2.4395,0.3567,-0.24985,4.3447,-0.067209,-0.4875,-0.53415,1.0213,-17.202,-2.5089,1.6076,-1.1014,2.8282,-0.78852,1.4039,0.064308,-50.614,-4.1886,-0.80561,-1.967,0.8085,-0.9036,0.57871,-0.69678,0.3735,-15.627,3.8093,-7.5676,-0.097777,0.15313,-1.6758,1.1985,0.37513,-0.22139
22.906,-0.44981,-5.1357,-7.372,4.6973,1.5448,-0.81571,0.36696,-0.45926,25.562,31.013,6.5034,0.3651,-0.99379,6.1972,-0.20022,-0.31546,-0.62475,30.418,-36.916,-0.94777,3.1879,-1.6081,3.3786,-0.55881,1.713,0.090293,-10.253,-25.155,7.9063,1.1864,-0.22404,-1.2758,0.61228,-0.66833,0.36463,-29.539,0.093751,-3.0912,-0.66008,-0.35767,-2.8073,1.1811,0.42459,-0.19343
22.107,-7.2567,-2.0002,0.49628,-3.1474,0.1464,-0.81545,0.39111,-0.4286,21.3,31.497,5.94,-0.18333,-0.2745,3.1674,-0.21303,-0.19523,-0.67745,18.654,-15.503,0.51102,1.5652,-0.51463,3.7971,-0.1834,1.5574,-0.12619,-11.204,-10.964,-9.4902,0.58017,-0.23781,-1.9498,0.67675,-0.60246,0.38262,-28.489,9.0462,-1.1293,-0.9944,-0.39732,-3.7012,1.1122,0.57847,-0.20671
