7.3027,0.15524,0.94906,-1.8777,-0.41468,0.29091,-0.83794,0.20813,-0.50389,2.5578,1.9577,-0.047874,0.096478,-1.113,-1.0262,0.32002,-0.59235,-0.42783,-0.26204,-5.6632,1.5176,-0.52334,0.66674,-0.62496,-0.50766,1.0116,-0.24819,-3.7769,-10.161,0.67556,-1.7359,-0.3078,2.5311,0.74244,-0.52233,0.32657,-15.948,-8.9201,1.1065,0.062847,0.32757,3.4353,1.1367,0.49442,0.029432
4.3673,-0.70231,-1.0335,-1.4275,0.20277,-0.004302,-0.85027,0.23886,-0.47873,2.224,0.12312,0.29894,-0.48816,-1.1149,0.020402,0.33021,-0.61214,-0.42017,-3.9556,-4.7912,2.1774,-1.4393,0.41575,-0.5904,-0.50219,0.99175,-0.23191,0.24782,-11.568,0.097687,0.70225,-0.86612,1.8254,0.69528,-0.57978,0.31712,-5.8741,-13.207,0.084825,-0.52745,-0.28796,2.2343,1.1844,0.36928,0.034613
1.3165,-0.62358,0.22713,-1.5282,-0.35573,0.45645,-0.85912,0.26393,-0.45608,2.1681,-2.6597,-0.28764,-1.0513,-0.86879,1.0085,0.32048,-0.61931,-0.45271,-6.2659,-3.562,2.9034,-1.007,0.27692,-0.36376,-0.4801,0.99293,-0.18463,2.2794,0.034963,0.25344,-0.53902,0.69185,0.43638,0.68945,-0.58653,0.3308,-2.0797,-15.557,0.71037,-0.49474,-0.7809,1.3122,1.1959,0.28471,-0.025676
0.93943,-0.48331,-0.75218,-1.8379,-0.6446,0.57575,-0.86526,0.31477,-0.41675,2.6585,-5.1291,-0.52435,-0.46138,-0.32865,1.827,0.26979,-0.61832,-0.48675,-7.1963,-3.6151,2.6457,-0.5362,0.252,0.33153,-0.4915,1.0032,-0.15878,-2.3379,7.9882,-4.905,0.32501,2.4778,0.078064,0.67331,-0.6088,0.3602,1.638,-14.351,1.1051,-0.054269,-0.76524,0.25123,1.2085,0.25264,-0.064214
-0.86236,-1.2016,-2.7924,0.34229,-0.34389,0.26614,-0.87067,0.34331,-0.38448,3.1581,-5.8551,-0.32532,0.74367,0.22536,2.294,0.20458,-0.61911,-0.5069,-6.8482,-5.6396,1.4931,-0.53394,0.14627,1.0237,-0.50055,1.0418,-0.12107,0.52048,6.4466,-3.0002,-1.2614,0.44036,0.89639,0.64846,-0.64858,0.38595,-1.789,-8.9194,3.3479,0.50207,-0.74662,-0.91002,1.2132,0.26655,-0.10253
0.027624,-2.0761,-2.6421,2.1957,0.24903,-0.037507,-0.85616,0.33862,-0.41308,5.3902,-2.1458,1.6252,1.6295,0.49995,2.8537,0.10357,-0.60823,-0.53313,-3.553,-11.862,-1.1162,0.61524,-0.4006,1.9799,-0.53936,1.1297,-0.067329,-18.004,8.0928,-5.3099,-0.089511,1.6456,-0.88199,0.70033,-0.668,0.33006,-6.9174,0.7496,-3.3616,0.3926,-0.34765,-1.5854,1.2014,0.35037,-0.11375
31.717,-7.6694,-25.597,2.0473,0.062028,-0.11717,-0.85868,0.28688,-0.43452,11.78,28.584,1.0368,0.18619,0.38124,2.993,0.004706,-0.58084,-0.61242,9.3327,-33.679,-0.41908,1.5834,-0.97637,2.7215,-0.49378,1.2985,0.006015,-9.873,-23.295,9.6235,0.85217,-0.25681,-1.6635,0.72863,-0.64068,0.33646,-38.234,-4.12,-0.22824,-1.2407,0.20273,-0.21117,1.1973,0.3811,-0.077307
21.662,-6.1356,11.417,1.1101,-3.734,-0.02462,-0.81936,0.32598,-0.48216,23.578,30.674,-4.6604,-0.88495,1.3274,4.6789,-0.079197,-0.53755,-0.69261,29.398,-24.801,-0.7193,2.6551,-0.63453,3.0522,-0.29206,1.3919,-0.064332,-9.1654,-14.885,-4.7022,1.044,-0.41032,-1.9407,0.77781,-0.59184,0.338,-25.952,4.9625,-3.4925,-0.35747,-0.095022,-3.4295,1.166,0.47186,-0.10706
19.144,-6.0452,4.9229,1.0844,0.11136,0.1452,-0.83772,0.30262,-0.46154,13.987,23.535,1.6567,2.8733,1.7782,0.41354,-0.028169,-0.54266,-0.68181,14.413,-17.473,0.60815,1.3446,-0.59037,3.2001,-0.043158,1.3099,-0.2175,-21.754,-9.9206,-7.5416,0.41331,-0.064893,-2.4876,0.85592,-0.51436,0.33807,-23.416,7.5229,-4.2048,-0.54117,-0.14884,-3.5844,1.0952,0.62719,-0.13106
12.623,-2.6335,2.2098,1.5197,0.043627,0.017735,-0.84147,0.25143,-0.47847,2.7666,17.404,0.92069,1.1805,1.5014,-0.22502,0.070206,-0.61374,-0.56169,12.002,-8.9257,-0.77021,1.4399,-1.0033,2.2085,0.1043,1.1725,-0.33465,-21.059,-3.1993,-1.7426,0.49161,-0.4298,-3.1777,0.94185,-0.38643,0.33235,-13.528,5.829,-0.85231,-0.27211,-0.13671,-3.3316,1.0047,0.76592,-0.17634
9.0998,-1.0975,1.2381,1.2313,-0.58366,-0.18733,-0.84015,0.23012,-0.48443,-3.3155,6.6192,0.25574,0.49788,1.3914,0.15716,0.10451,-0.64659,-0.47458,5.254,-1.8397,0.026177,0.40923,-1.3866,1.1252,0.20428,1.0723,-0.4361,-15.767,5.2019,-0.57995,0.57293,-0.14238,-2.6755,1.0101,-0.22378,0.34043,-8.733,7.4481,-2.4404,1.5823,-0.56647,-2.6222,0.89221,0.88659,-0.27877
4.7609,-0.097258,0.64463,0.94812,-0.64257,-0.51256,-0.85576,0.19122,-0.47298,-5.5936,4.5566,0.17889,0.4838,1.1363,0.36687,0.11968,-0.69142,-0.3936,3.3598,0.4218,-0.58464,-0.48995,-1.4879,-0.069531,0.19187,1.0301,-0.44833,-10.49,9.4833,-2.4819,0.64876,-0.32247,-2.032,1.0332,-0.11076,0.32889,-2.2524,12.512,-2.235,2.0802,-1.6869,-1.4907,0.79171,0.90812,-0.44506
1.9964,-0.067286,0.54926,0.05486,-0.22594,-0.32798,-0.87686,0.15217,-0.44928,-7.2899,1.4424,0.46047,-0.38786,0.72651,0.24578,0.13792,-0.71998,-0.3392,3.1003,1.4052,-1.1827,-0.12205,-1.0076,-0.96541,0.12041,1.0012,-0.4306,-4.6399,13.275,-3.2614,0.48697,-0.24019,-1.4044,1.0344,-0.03518,0.30089,2.2859,12.397,-3.1672,-2.2971,-0.73165,0.50789,0.75119,0.91889,-0.4772
-0.038813,0.81298,-0.60196,0.23565,-0.082822,-0.47449,-0.88218,0.13188,-0.44197,-7.2385,-0.21399,0.56258,-0.43561,0.42349,-0.040201,0.15086,-0.70082,-0.35051,2.7833,4.781,-2.0628,-0.20947,-0.24008,-1.3735,0.061581,1.0025,-0.42877,-3.2207,14.098,-1.433,-0.39122,-0.59835,-0.65673,1.0364,0.00478,0.28512,1.7089,-7.6418,0.76584,-1.0728,2.3444,0.66132,0.79655,0.93119,-0.36241
-0.5284,1.4383,-0.37778,0.44809,-0.25637,-0.61027,-0.88087,0.11239,-0.43803,-7.9048,-1.0119,1.1162,-0.29476,-0.001872,-0.32127,0.18502,-0.64377,-0.39387,2.0508,5.7637,-2.2817,-1.3377,0.36006,-1.5185,0.011489,1.0341,-0.38518,-2.6311,12.15,0.44172,-0.77269,-0.32663,-0.056935,1.0434,0.004408,0.26533,0.87401,-15.912,-4.2236,0.18386,3.1896,0.18876,0.85251,0.92251,-0.21212
0.31663,2.2425,-3.1192,0.51382,-0.37367,-0.59693,-0.87597,0.10319,-0.4292,-7.9511,1.2424,0.23192,-0.24252,-1.0275,-0.40247,0.20068,-0.51045,-0.53349,4.0707,3.3992,-0.2785,-1.9897,0.81832,-1.9013,-0.049497,1.1247,-0.2802,-3.9032,1.9056,-0.96826,0.64014,-0.47374,0.63799,1.04,-0.029994,0.2504,-2.2304,-9.6121,-3.0414,1.5753,-0.26996,0.44559,0.85325,0.89306,-0.23264
20.995,3.5512,-8.8032,-0.43554,-0.36544,-1.0287,-0.86854,0.093267,-0.43286,0.23353,29.314,4.2233,-0.06558,-0.75594,-1.0151,0.18882,-0.3647,-0.7631,10.62,-5.371,0.28631,-1.8266,0.7864,-2.5502,-0.14629,1.2044,-0.13008,-22.461,0.67658,-8.0925,1.6551,0.93467,0.15024,1.0438,-0.06059,0.2684,-30.721,9.4599,-1.4617,-3.3063,0.26377,-0.78036,0.84125,0.91287,-0.15724
15.721,-4.0572,18.66,-1.521,0.88144,-1.1462,-0.8378,0.11433,-0.47923,38.375,42.141,-4.4224,-3.2237,-1.6667,-2.8434,0.10497,-0.24031,-0.89986,32.692,-26.761,-2.3564,0.26541,0.65413,-4.7306,-0.31838,1.2216,-0.00413,-24.063,-12.473,-3.7136,-1.6883,-0.37944,2.1794,1.0327,-0.13305,0.26174,-6.8669,14.565,-6.3416,-0.83532,-1.485,1.3074,0.83654,0.92209,-0.14734
23.031,0.22077,-6.2877,-0.83257,0.10234,0.070609,-0.88076,0.12639,-0.40557,13.913,20.331,0.076521,0.080571,-0.46273,-4.6408,0.11304,-0.25845,-0.75394,24.211,-24.883,1.5555,-3.0347,1.1207,-0.82494,-0.49724,1.1641,0.10678,-23.14,-16.633,-1.7548,-0.41379,-0.001165,3.7679,0.97326,-0.28817,0.26246,-23.353,9.2248,-3.9227,-0.443,0.15402,2.9893,0.91871,0.84397,-0.10306
16.716,-0.078229,3.4064,-1.077,2.1193,0.57125,-0.85355,0.15107,-0.45546,11.362,13.01,0.33122,1.3023,-0.66055,-4.0113,0.17086,-0.39299,-0.57566,8.1356,-18.034,-0.11778,-0.29397,1.3152,-0.43224,-0.53952,1.1018,0.064839,-11.443,-10.767,-1.5336,0.34562,0.68664,3.4982,0.87804,-0.40921,0.30718,-19.535,0.33902,-5.8096,-0.54043,0.2982,3.4865,1.0146,0.73096,-0.073473
10.607,2.1759,0.32324,-1.2514,-0.4212,0.34505,-0.84068,0.2016,-0.47541,5.5365,6.4009,-1.917,0.71118,-1.0438,-2.5895,0.19872,-0.48838,-0.48684,2.311,-8.1102,0.83392,-0.89279,1.0526,-0.70533,-0.57948,1.0439,-0.018768,-7.0373,-9.5358,0.52684,-1.5139,0.068503,2.5692,0.77325,-0.51842,0.3451,-22.643,-9.4515,3.9429,0.52577,0.42184,3.8467,1.1215,0.5743,-0.003319
6.7828,-0.14655,-0.35503,-1.4535,0.9689,0.3912,-0.84195,0.23436,-0.47301,2.772,1.6057,0.04175,-0.84989,-1.3653,-1.018,0.24795,-0.54218,-0.44607,-3.7362,-7.3016,1.5203,-1.3359,0.83775,-0.41294,-0.56573,1.0106,-0.035438,-0.11858,-10.433,-0.75125,-0.81298,-0.87267,2.0875,0.71034,-0.58239,0.32967,-10.054,-13.26,-0.30719,-0.7637,-0.063751,3.1934,1.1882,0.42512,0.002253
2.0253,-0.50293,0.12884,-1.5735,0.01612,0.47949,-0.84814,0.25155,-0.46078,3.3533,-3.3323,-0.59937,-1.6644,-1.2032,0.23206,0.29584,-0.5787,-0.43175,-6.2694,-3.9544,2.2988,-0.30416,0.60999,-0.37202,-0.53701,0.98356,-0.065903,2.8666,-7.2912,-1.3249,2.1883,-0.4563,0.61404,0.68679,-0.59903,0.33873,-3.4577,-14.906,-0.10305,-0.34989,-0.67275,1.646,1.2205,0.31341,-0.043863
0.005804,-1.0675,-0.99435,-1.7404,-1.2033,0.42495,-0.86234,0.297,-0.41517,3.9451,-6.102,-1.3958,-0.57688,-0.70509,1.0577,0.27064,-0.58267,-0.46235,-8.1127,-3.0484,1.9128,-0.20298,0.4206,0.25788,-0.53971,0.98323,-0.074815,0.078363,4.9346,-0.53141,-0.5922,1.2598,0.34784,0.68507,-0.6068,0.36456,0.85514,-15.844,-0.36142,0.3894,-0.37894,0.86092,1.2367,0.25833,-0.082388
-0.75422,-0.12258,-2.3518,-0.48257,-0.31015,0.47652,-0.87208,0.33265,-0.37133,3.646,-8.1982,-1.0985,0.69774,-0.12253,1.8041,0.22185,-0.58888,-0.4745,-7.5209,-4.0314,1.4352,0.053827,0.27244,0.9221,-0.5407,1.0089,-0.069321,-2.4,16.671,-2.5298,0.14081,2.0386,0.68749,0.65602,-0.62973,0.409,0.55276,-10.168,2.6072,-0.015628,-0.5383,-0.32588,1.2441,0.24153,-0.11116
-0.69937,-1.0353,-2.0888,1.2386,-0.20401,0.24949,-0.8561,0.35562,-0.38627,3.4179,-5.3693,-0.51106,1.0237,0.30092,2.4727,0.11104,-0.54884,-0.53784,-5.4627,-7.0496,-0.089797,0.28127,-0.000393,1.5757,-0.57018,1.0841,-0.020278,-3.2099,7.1371,0.54058,-1.216,-2.2429,0.065432,0.65779,-0.6781,0.35319,-2.8453,-4.6572,3.5806,-0.072035,-0.69298,-1.3077,1.2278,0.29416,-0.12912
7.9019,-5.1048,-3.9451,2.6145,-0.45156,0.81119,-0.84611,0.36193,-0.39906,4.6521,3.4217,3.8916,0.042482,0.11099,3.6461,0.013148,-0.49041,-0.60806,0.64981,-20.782,-2.2593,0.87971,-0.82921,2.831,-0.56471,1.2279,0.054961,-37.424,-21.17,-2.7571,-0.94628,1.6326,-1.2685,0.67712,-0.68178,0.33492,-13.302,2.6076,-9.2094,-0.31883,0.4154,-1.3208,1.2197,0.36025,-0.10791
22.527,-7.0336,15.671,-1.5183,2.7007,1.7191,-0.80852,0.37865,-0.445,22.733,32.974,9.7731,-1.6977,-0.53418,6.6467,-0.069077,-0.39865,-0.69177,21.113,-35.999,-0.070583,3.3279,-1.3838,2.9395,-0.43323,1.3946,0.071899,-6.2591,-19.235,5.1749,0.84579,0.036175,-1.6998,0.69688,-0.6663,0.34081,-29.822,2.0082,-3.7004,0.56412,-0.52492,-2.5418,1.2149,0.3878,-0.086154
22.155,-11.153,-7.6664,0.51148,-0.13715,0.11307,-0.83901,0.37063,-0.4034,25.412,25.744,5.2582,-1.8031,-0.59336,2.976,-0.11594,-0.26293,-0.75336,20.78,-18.487,0.15998,1.5743,0.072088,3.0577,-0.16661,1.3913,-0.10305,-15.922,-9.799,-7.7622,0.16882,-0.12969,-2.1212,0.77274,-0.60056,0.32884,-30.317,9.7908,-2.6418,-0.35666,0.056083,-3.7668,1.155,0.53979,-0.10576
17.121,-6.6874,-0.87874,2.735,0.34591,-0.42771,-0.83476,0.33001,-0.43282,11.379,12.029,2.1738,1.948,1.4998,0.14913,-0.043241,-0.31422,-0.69502,15.711,-14.497,-0.98868,1.1843,-0.7572,2.5096,0.035969,1.2615,-0.23076,-16.639,-9.9055,-8.0841,0.67622,0.098157,-3.2746,0.85393,-0.50641,0.33638,-18.171,7.687,-2.5992,-0.12238,0.086799,-3.9372,1.0739,0.7023,-0.15078
9.0157,-2.5758,2.4365,1.8106,-0.50309,-0.036405,-0.81996,0.28194,-0.48736,1.2244,10.246,2.7206,1.8538,1.8597,-0.66467,0.011588,-0.40178,-0.64762,8.6058,-4.1101,0.12626,0.25184,-1.3063,1.6594,0.16253,1.1736,-0.30069,-20.081,1.8095,-0.50539,0.27188,-0.54172,-3.3001,0.96358,-0.33167,0.35388,-11.183,6.4831,-0.90803,1.111,-0.38741,-3.2771,0.95643,0.84736,-0.23141
6.2608,-0.08415,-0.089995,1.5268,-0.82613,-0.26554,-0.83703,0.232,-0.47857,-7.0005,5.4676,2.7942,1.1617,0.80607,0.078491,0.051366,-0.50711,-0.56068,4.147,-1.6603,0.54904,0.57596,-1.7212,0.84972,0.19088,1.0956,-0.3422,-14.679,6.2362,0.64877,0.24579,-0.1062,-2.4562,1.0075,-0.20237,0.34381,-5.4224,10.262,0.32009,2.3182,-1.4532,-2.5501,0.83223,0.9107,-0.40506
3.1948,0.50646,-0.84056,0.50738,-0.024316,-0.43212,-0.85797,0.18617,-0.46204,-8.509,3.1208,2.8131,0.10493,0.16591,0.14723,0.092475,-0.60089,-0.46623,3.0871,1.603,-0.46264,1.0438,-1.6294,-0.20316,0.16094,1.0037,-0.41391,-9.7848,11.908,-2.3428,0.88571,-0.24715,-1.6692,1.021,-0.1202,0.32426,1.2274,15.277,-2.8262,0.036989,-0.73871,-0.18946,0.76069,0.91786,-0.53261
1.6976,-0.15425,0.6658,-0.015546,-0.11142,-0.23922,-0.85647,0.17013,-0.46187,-7.8016,0.041076,1.9479,-0.45795,0.12454,-0.030075,0.10043,-0.5923,-0.46608,3.5169,3.2836,-1.9525,0.8552,-1.0025,-0.86682,0.11387,0.97303,-0.46012,-2.783,16.355,-0.86393,0.2577,-0.6885,-1.1086,1.0281,-0.05865,0.30762,3.2194,0.76939,-1.2031,-0.92629,1.1097,0.92301,0.7843,0.92556,-0.49577
0.31842,0.75051,-0.51758,-0.16623,-0.1521,-0.16189,-0.85828,0.16735,-0.45348,-7.0836,-0.23974,1.3532,0.2759,0.095872,-0.19982,0.1217,-0.54383,-0.47877,2.9904,5.2474,-2.8503,-0.25209,-0.11325,-1.306,0.064378,0.97585,-0.46525,-1.6969,11.276,-1.3093,0.24713,-0.41477,-0.11866,1.0285,-0.03122,0.28338,1.0663,-10.804,0.066623,-0.45434,1.8153,0.6024,0.84988,0.92616,-0.39019
0.13722,1.5103,-1.2004,0.36919,-0.40628,-0.5258,-0.85609,0.16516,-0.44494,-6.7763,2.2601,0.32154,1.3293,-0.039292,-0.59832,0.12163,-0.41524,-0.55554,4.1261,6.1362,-2.12,-1.8122,0.15235,-1.9022,-0.00941,1.0637,-0.38798,-4.2282,5.164,1.5202,-0.075424,-0.76655,0.57581,1.0227,-0.047698,0.27185,-1.9738,-2.972,3.2861,1.5547,-0.40174,0.076334,0.88874,0.88328,-0.31398
2.3411,2.2956,-1.9247,0.66117,-0.17623,-0.56084,-0.85431,0.14479,-0.43722,-4.547,18.991,-1.2263,2.2669,-0.69639,-1.5557,0.14139,-0.29746,-0.67481,6.3628,0.074002,1.7845,-1.3501,0.39842,-2.2535,-0.090097,1.1355,-0.283,-6.9249,-1.0714,-9.3991,1.3568,0.41552,0.78186,1.0295,-0.084972,0.26121,-29.303,-22.745,3.436,1.4082,1.611,-0.76143,0.89587,0.86339,-0.28738
31.552,-1.8306,-14.346,-3.0145,1.6939,0.27457,-0.84317,0.13666,-0.45642,21.902,43.74,0.18139,-2.4914,-3.0848,-2.0716,0.08763,-0.24185,-0.79439,25.305,-23.41,1.5658,-1.1182,0.26824,-4.0998,-0.19476,1.166,-0.18549,-38.235,-1.8806,-3.3796,-0.26691,0.23766,0.87345,1.0303,-0.11518,0.2767,-8.3191,28.188,2.5233,-0.91915,0.077335,-0.40754,0.87388,0.92297,-0.21065
22.192,3.2487,7.0955,-2.0913,-3.7552,-0.23759,-0.80921,0.12754,-0.50608,15.933,21.19,1.3347,-0.54699,-0.30988,-4.364,0.054232,-0.26278,-0.71135,23.75,-23.184,6.7509,-1.1968,0.28807,-2.538,-0.40096,1.1353,-0.14107,-24.501,-19.204,-1.4417,-0.75643,0.19236,3.2552,0.99183,-0.2344,0.27386,-14.619,10.674,-7.0808,0.34483,0.25073,2.5136,0.92549,0.87871,-0.17473
18.815,0.20446,-1.127,-0.87347,1.31,0.39534,-0.83702,0.1395,-0.4688,13.622,16.981,0.82738,0.22079,-0.49373,-4.0708,0.11404,-0.38345,-0.57054,13.855,-18.011,4.3693,-2.3472,1.2343,-0.42617,-0.47357,1.0905,-0.10362,-14.022,-14.202,-0.40374,0.73219,0.80695,3.2541,0.91377,-0.36191,0.3169,-25.715,2.2816,-1.912,0.098615,0.39156,2.9972,1.0211,0.77586,-0.1488
11.541,1.0762,6.7246,-0.88086,1.7311,0.34306,-0.79453,0.17272,-0.53985,7.6501,7.1006,0.18911,-0.012259,-0.88045,-2.8258,0.15031,-0.45131,-0.52984,3.8363,-12.311,0.84212,-1.0795,1.0814,-0.49172,-0.50615,1.0599,-0.11471,-6.58,-8.2828,0.84979,-0.2447,0.49295,2.9273,0.81679,-0.45009,0.39156,-19.289,-3.5284,-0.33986,-0.76327,0.96001,4.1402,1.1071,0.63245,-0.098798
5.6711,0.68398,1.6862,-1.8899,-0.68226,0.26092,-0.80495,0.2058,-0.52629,2.5167,1.5422,-0.83984,0.56226,-1.0636,-1.695,0.21786,-0.51081,-0.4842,-2.5376,-6.0216,1.9319,-1.3249,0.64113,-0.26274,-0.49874,1.0266,-0.13271,-2.8734,-9.5922,1.8261,-1.4606,-0.62023,2.372,0.74738,-0.53351,0.39243,-11.811,-11.551,0.18321,-0.70081,0.28895,3.1412,1.1855,0.47685,-0.066065
3.2452,-0.89134,0.32954,-1.5121,-0.21329,0.21164,-0.81974,0.23504,-0.50229,1.7364,1.8654,-0.48348,-0.65323,-1.4232,-0.61642,0.29664,-0.56817,-0.41985,-5.8438,-4.786,1.9238,-0.90041,0.36224,-0.15766,-0.47205,0.9925,-0.14418,0.93303,-7.8046,1.2403,1.409,-0.5842,1.1744,0.7174,-0.58287,0.38733,-5.2841,-14.323,0.22626,-0.99588,-0.37008,1.8168,1.2411,0.37347,-0.055859
1.6132,-0.7605,0.52692,-1.4247,-1.118,0.33588,-0.83401,0.26763,-0.46839,2.4245,-4.5625,0.12324,-1.645,-1.2078,0.47343,0.28691,-0.56233,-0.45988,-7.3822,-3.0844,2.3892,-0.31704,-0.018161,-0.060903,-0.47147,0.98747,-0.13271,0.54905,1.3876,-2.0187,-0.60773,1.2084,0.22137,0.71274,-0.59781,0.38925,-1.5273,-16.718,0.79128,-0.57037,-0.61512,0.9379,1.2589,0.31673,-0.081702
1.3202,-1.147,-2.2831,-1.3618,-1.1055,0.5692,-0.85474,0.30874,-0.40746,2.8771,-4.2645,-0.33922,-0.54887,-0.80422,0.97883,0.2491,-0.54629,-0.49738,-7.5037,-3.2585,2.3708,-0.059714,-0.12853,0.43811,-0.47823,1.0009,-0.117,-3.5372,8.7503,-1.7337,-0.31932,2.4125,0.21557,0.68943,-0.61288,0.43512,1.1257,-11.78,1.4023,0.096423,-0.91159,-0.059324,1.2666,0.29604,-0.11769
-0.23005,-0.84076,-1.6512,-0.27522,-0.59097,0.33671,-0.86723,0.35787,-0.34962,3.5653,-4.4663,0.24733,0.13396,-0.42124,1.6191,0.14993,-0.49997,-0.56939,-6.3265,-4.5917,1.8984,-0.039552,-0.18815,1.0247,-0.4887,1.0592,-0.062225,-0.75329,4.9581,-1.5686,-1.8741,-1.2424,0.30733,0.69373,-0.64951,0.40162,-2.9922,-6.8044,2.5713,0.34078,-0.72694,-1.1207,1.2423,0.32826,-0.1602
0.78807,-1.8169,-2.2766,2.192,-0.080645,0.23213,-0.86177,0.35266,-0.36008,3.9114,-0.45417,0.80241,0.2165,-0.28144,2.4326,0.068995,-0.44847,-0.60045,-2.7924,-15.072,-0.68212,0.65987,-0.9344,1.9505,-0.47455,1.1429,0.017693,-28.7,-7.8498,-8.9289,-0.86304,2.4611,-0.97032,0.73533,-0.66304,0.34314,-8.0208,0.19957,-4.8161,-0.007177,0.074284,-1.6716,1.2291,0.39102,-0.15728
39.533,-3.7518,-20.536,1.0978,2.7539,-1.4567,-0.84966,0.29791,-0.42018,11.315,29.605,4.8831,-0.34796,-0.75685,4.2346,-0.010986,-0.36785,-0.62785,14.924,-37.11,1.4686,4.3523,-1.0832,1.9785,-0.39568,1.2355,0.012841,-8.6805,-24.125,6.5722,1.5966,-0.088742,-1.8991,0.75826,-0.63935,0.35205,-43.368,-2.3665,0.81034,-0.46995,0.078222,-1.4273,1.2357,0.41571,-0.10923
22.683,-5.5188,3.267,1.3422,-3.744,-0.11301,-0.81715,0.33946,-0.44024,18.098,23.575,0.88738,0.47329,-0.22973,4.9956,-0.097601,-0.27721,-0.67317,27.185,-19.586,0.23216,2.8229,0.20072,2.9427,-0.20983,1.2602,-0.1944,-11.768,-10.237,-8.5411,0.57217,-0.28879,-1.8614,0.81689,-0.57088,0.35898,-26.976,5.4414,-2.3282,-0.47966,0.24096,-3.4211,1.1884,0.55248,-0.11992
18.245,-5.8936,4.0293,1.4121,-0.028274,0.023911,-0.82974,0.31811,-0.43415,13.86,12.624,3.4311,0.083043,0.4263,1.173,-0.056722,-0.22923,-0.67297,16.781,-16.443,-0.5572,0.48976,0.026711,3.3813,-0.00811,1.19,-0.31381,-20.927,-10.574,-6.4138,0.021023,-0.14513,-2.9419,0.89604,-0.4907,0.35187,-19.175,7.7673,-2.855,-0.95876,-0.10666,-3.3987,1.118,0.70834,-0.14311
10.649,-3.3341,3.5332,1.4713,-0.24878,-0.29221,-0.83753,0.24148,-0.47008,2.8856,14.948,1.4546,3.6034,2.3268,-0.15285,0.008178,-0.32403,-0.63227,10.54,-5.912,-0.99639,-0.077675,-0.26688,2.5208,0.14188,1.1207,-0.37228,-20.703,-2.198,-0.52102,0.49186,-0.45184,-3.0567,0.992,-0.32896,0.34719,-11.484,5.1319,-0.75989,0.36138,-0.24658,-3.0055,1.0158,0.85249,-0.1902
8.2876,-1.7969,-0.10069,1.1839,-0.324,-0.18868,-0.85575,0.20231,-0.45738,-5.9999,8.0335,2.6079,1.5644,1.7038,0.27966,0.083092,-0.45204,-0.53922,4.172,-1.7785,0.04783,-0.32521,-0.75388,1.4751,0.20493,1.0541,-0.38811,-13.933,6.2568,0.010963,0.30332,0.0596,-2.6263,1.0374,-0.19889,0.33666,-7.0514,8.1324,0.45865,2.1848,-0.62717,-2.2485,0.91715,0.93637,-0.3321
4.1089,-0.87021,0.72419,0.61612,-0.44522,-0.1072,-0.86104,0.19,-0.43928,-8.7927,2.9303,2.1154,1.4187,1.1183,0.29966,0.14817,-0.56133,-0.44744,2.3944,0.57179,-0.29383,0.2116,-0.87667,0.25374,0.2124,0.98407,-0.4151,-9.6355,9.4746,-1.3768,0.79955,-0.25427,-1.8621,1.0518,-0.11158,0.32372,-0.21778,12.724,-5.7561,0.19018,-0.91729,-0.69863,0.84099,0.95882,-0.48542
2.399,-0.54091,-0.39083,0.34616,-0.068769,-0.48149,-0.86584,0.16739,-0.43234,-6.8644,2.6986,1.8686,0.5723,0.50883,0.15963,0.15769,-0.5881,-0.41273,2.8002,3.4918,-2.1452,0.047051,-0.53487,-0.89876,0.18072,0.9652,-0.43577,-4.7114,18.234,-3.6433,0.42529,-0.52585,-1.018,1.0562,-0.038272,0.30351,2.9,2.7754,-1.9352,-1.054,0.42102,1.0056,0.8397,0.97159,-0.45359
0.18685,1.2926,-0.56729,0.053276,0.14505,-0.56505,-0.86476,0.14756,-0.43537,-7.0805,0.68302,1.547,-0.45049,-0.098,-0.24631,0.16977,-0.55391,-0.43006,3.0649,6.9046,-2.2911,-0.56061,-0.1305,-1.8379,0.1193,0.97823,-0.42273,-2.6332,13.445,-0.79023,-0.052946,-0.66743,-0.19318,1.0611,-0.012205,0.27633,0.677,-11.074,0.85869,-0.82381,2.222,0.83777,0.90253,0.96297,-0.32006
-0.018426,1.41,-1.7394,0.091187,-0.14697,-0.64225,-0.86489,0.1231,-0.4336,-6.3928,0.21736,0.58188,0.43943,-0.33882,-0.60879,0.14936,-0.43202,-0.50809,3.7192,6.7135,-0.59576,-1.7528,0.20686,-2.4178,0.020941,1.0589,-0.34424,-4.7687,7.9871,0.25324,-0.52245,-0.49111,0.53588,1.0597,-0.024023,0.25578,-1.9953,-7.8945,5.3419,3.3112,0.14318,0.027954,0.92568,0.91704,-0.24311
4.4887,2.5159,-2.0487,-0.1051,-0.24127,-0.63618,-0.86036,0.11634,-0.42895,-5.53,18.261,-1.5225,1.7922,-0.89232,-1.6714,0.14287,-0.3207,-0.62039,6.8189,-0.46041,2.1065,-1.2897,0.43615,-3.1285,-0.09416,1.124,-0.24132,-8.3966,-0.72034,-8.6488,1.1798,0.6067,0.90864,1.0623,-0.068047,0.24812,-28.65,-8.3426,2.4922,-0.26971,0.76087,-0.47534,0.9206,0.89246,-0.23697
23.741,-2.1029,-8.3491,-3.1657,1.6812,-0.078093,-0.85809,0.11851,-0.41883,16.546,39.8,0.84259,-1.8767,-2.2124,-2.2842,0.086761,-0.27669,-0.72796,22.783,-23.44,-1.3787,-0.55576,0.13197,-4.1946,-0.2328,1.1461,-0.15972,-35.281,-2.0752,-2.4647,-0.53819,0.13633,0.98381,1.0598,-0.10598,0.27504,-9.4432,18.532,3.442,-0.66444,0.16716,0.72757,0.931,0.91448,-0.16381
23.958,0.56173,-0.74993,-0.64241,-1.6079,-0.454,-0.83658,0.11585,-0.45374,12.421,23.525,1.2217,-1.0309,-0.83677,-4.0803,0.068716,-0.29636,-0.67222,23.651,-20.91,6.2209,-2.3738,0.7715,-2.5311,-0.43421,1.1055,-0.1078,-24.645,-18.331,-0.65772,-0.68501,0.009445,3.4906,1.0222,-0.23455,0.27069,-15.932,13.351,-6.0723,-0.28046,0.36001,2.6991,0.98285,0.86194,-0.12973
17.726,0.82055,6.3594,-0.89482,1.5436,0.14836,-0.82541,0.12803,-0.47925,9.4569,15.623,0.020398,-0.84604,-0.28232,-3.4901,0.13791,-0.3651,-0.56425,13.336,-21.114,2.8065,-2.0725,1.0742,-0.45486,-0.49644,1.0631,-0.045253,-14.517,-12.358,-0.55076,1.3299,0.84366,3.6333,0.93804,-0.36841,0.32029,-24.189,2.1481,-4.2324,-0.54317,0.31497,3.3711,1.0761,0.74125,-0.081246
10.876,0.95835,4.1597,-1.1521,0.32873,0.36494,-0.81719,0.15478,-0.50203,6.4653,6.5842,-2.7222,0.39249,-0.10743,-2.2118,0.17878,-0.42904,-0.51456,1.9444,-11.861,1.3408,-0.015941,0.5113,-0.42859,-0.53584,1.0311,-0.0899,-7.1481,-8.8341,-0.5866,-0.09436,0.66895,2.8419,0.83344,-0.45874,0.40012,-22.914,-8.6039,1.1914,0.19303,0.71677,4.2077,1.1578,0.5678,-0.049667
6.9347,0.84229,0.3091,-1.5423,-0.037815,0.24227,-0.83069,0.18615,-0.48121,1.9789,2.0102,-0.3501,0.70429,-0.20669,-0.67441,0.24008,-0.49515,-0.45632,-4.4632,-5.7555,2.3257,-0.60399,0.061932,-0.6169,-0.53931,0.99658,-0.12435,-3.2141,-9.3772,0.31837,-1.7619,-0.49835,2.2334,0.75952,-0.54431,0.39803,-11.402,-13.13,0.52953,-0.81157,0.37768,3.4757,1.2289,0.39673,-0.033331
3.5756,-0.56639,-0.083645,-1.3233,0.34225,0.37004,-0.82783,0.21533,-0.48184,2.0959,-0.88409,0.026233,-0.51167,-0.39165,0.66806,0.29625,-0.54053,-0.41014,-6.5819,-4.0955,3.2598,-0.57,-0.10801,-0.33505,-0.51915,0.96676,-0.13589,0.66107,-7.1686,1.3542,0.70749,-0.34903,1.1479,0.71391,-0.60716,0.3842,-3.4227,-16.746,0.60977,-0.80543,-0.66968,1.6182,1.2756,0.28947,-0.027323
0.68192,-1.0909,-0.19106,-1.5919,-0.81026,0.43816,-0.83524,0.25073,-0.45934,2.572,-4.3397,-0.80803,-1.1582,-0.3862,1.6013,0.26536,-0.54596,-0.43131,-6.4032,-3.1642,3.3147,-0.085702,0.031634,-0.04969,-0.53179,0.96647,-0.12236,1.5422,-0.41948,-2.9872,0.45748,0.67588,0.52877,0.70249,-0.60983,0.41785,-0.00666,-15.605,-1.2195,-0.037505,-0.57635,0.55983,1.287,0.24369,-0.064584
-0.36152,-0.38681,-1.9029,-2.0838,-0.98807,0.54661,-0.85168,0.30426,-0.40034,3.5792,-7.8686,-1.0586,-0.4412,-0.29275,2.4875,0.20056,-0.52411,-0.46625,-5.8484,-2.4105,2.6108,0.006124,0.20593,0.57807,-0.53911,0.98725,-0.10789,-2.6109,12.05,-0.75826,-0.51794,2.0457,0.67958,0.67585,-0.64732,0.43141,0.94707,-10.625,0.47598,0.61995,-0.82435,-0.36391,1.2941,0.22827,-0.10215
-0.90444,-0.035025,-1.7108,0.34757,-0.28072,0.3453,-0.85493,0.34419,-0.35976,3.7704,-6.2406,0.15299,0.91338,-0.089516,3.0957,0.070494,-0.46318,-0.53219,-5.3197,-5.7412,0.93111,-0.47131,0.2063,1.3087,-0.55977,1.0593,-0.028323,0.21955,14.517,-5.1609,-2.202,-0.88602,0.26213,0.66718,-0.69522,0.37379,-3.762,-5.6118,2.2029,0.5171,-0.72617,-1.4781,1.2615,0.2814,-0.15367
6.5639,-3.2501,-1.8989,2.5103,-1.2625,0.40144,-0.85287,0.34711,-0.35353,5.9563,7.1561,5.1852,0.66121,-0.52421,4.0261,-0.046887,-0.34823,-0.62228,2.1542,-23.766,-0.21892,1.1869,-0.67543,2.5951,-0.51092,1.1765,0.07022,-33.259,-22.47,-3.775,-0.53616,2.0225,-1.4639,0.68959,-0.69783,0.34659,-17.125,2.9715,-5.6124,-0.38275,0.72523,-0.87903,1.2459,0.33684,-0.12588
27.265,6.2052,4.1539,-7.5134,6.3846,1.7648,-0.82795,0.3338,-0.40753,26.242,25.991,0.31651,1.5357,-0.36659,5.6254,-0.12711,-0.21965,-0.73676,29.897,-34.296,1.507,3.2671,-0.52223,3.1822,-0.33685,1.2859,0.038165,-8.8948,-18.551,0.70191,1.0778,0.11966,-1.8042,0.72502,-0.66536,0.36054,-29.936,4.5724,-1.9622,-0.44337,-0.43866,-2.6058,1.2495,0.36994,-0.080337
23.954,-10.063,-9.6751,1.5972,-2.4437,-0.010397,-0.83266,0.33419,-0.39566,18.819,27.902,0.59077,-1.058,0.51358,0.7696,-0.063148,-0.13793,-0.79488,18.459,-20.624,-0.28318,1.4447,0.35284,3.7929,-0.10191,1.2819,-0.13634,-16.85,-13.464,-7.3792,0.24512,-0.092534,-2.3175,0.79651,-0.60253,0.35534,-30.58,4.8316,-2.57,-0.77692,0.1469,-3.8996,1.1968,0.53643,-0.077952
18.359,-5.6487,3.6736,2.3394,0.56195,-0.13331,-0.82303,0.29079,-0.43436,9.2055,17.197,-0.5888,2.108,1.9476,-1.0162,0.055266,-0.22834,-0.67175,13.356,-13.766,-1.5018,0.78927,-0.37004,2.9421,0.080258,1.1832,-0.26181,-20.5,-9.8481,-7.5315,0.37936,-0.10025,-3.2626,0.88494,-0.49393,0.35622,-19.833,8.0816,-2.1406,-0.090379,-0.15992,-4.2421,1.1179,0.71903,-0.12991
10.224,-1.9364,3.1511,1.4377,-0.62352,0.18539,-0.82613,0.2343,-0.46677,-2.4581,9.883,2.1034,1.2867,1.8201,-0.53732,0.11891,-0.35768,-0.5526,7.7331,-3.6999,-0.14367,0.081396,-0.78069,1.6662,0.20216,1.108,-0.33635,-21.138,1.3823,0.21664,0.20451,-0.43547,-3.3046,0.98914,-0.32033,0.35821,-12.48,5.8839,-0.86432,0.90319,-0.33141,-3.5868,0.99982,0.88789,-0.24152
6.1552,-0.085227,0.39415,1.0939,-0.4598,-0.040608,-0.84236,0.19673,-0.45186,-5.6558,3.6136,1.1366,1.163,1.1301,-0.11726,0.14504,-0.46903,-0.44349,2.972,-0.88833,-0.22075,0.12948,-1.1691,0.4509,0.21709,1.0464,-0.36971,-15.453,5.8132,0.61116,0.43966,-0.12466,-2.6196,1.0322,-0.18342,0.35479,-5.9961,12.418,-0.26651,2.7269,-1.3023,-2.8339,0.86065,0.96981,-0.45288
3.0767,-0.061705,0.69178,0.33085,-0.40993,-0.29021,-0.85508,0.17538,-0.43064,-6.5867,2.705,1.535,0.34817,0.59151,0.067704,0.18272,-0.56751,-0.33424,3.1515,1.3898,-1.0254,0.27736,-1.0892,-0.44403,0.17138,0.98791,-0.39248,-8.8712,10.051,-2.2924,1.2265,-0.34324,-1.875,1.0358,-0.089329,0.34001,2.8332,18.311,-5.3085,-0.60676,-1.0507,-0.32742,0.77157,0.97935,-0.60332
1.3907,0.47575,-0.653,-0.24056,-0.3043,-0.34456,-0.86473,0.16348,-0.41164,-5.6609,0.56442,1.4726,-0.51251,0.076304,0.034569,0.18168,-0.56797,-0.32729,4.35,3.4837,-2.1047,-0.072712,-0.69163,-1.0542,0.12227,0.97657,-0.40258,-3.7592,17.823,-3.0535,0.14997,-0.62195,-1.1238,1.0414,-0.013771,0.32116,5.8633,0.82591,-1.6737,-1.139,0.94305,1.0858,0.79554,0.99621,-0.54183
0.46747,0.70519,-0.59882,0.012962,-0.15839,-0.13608,-0.86456,0.16584,-0.40334,-5.919,0.009458,1.4296,-0.79078,-0.31689,-0.089843,0.19104,-0.5143,-0.35783,4.3752,5.5852,-1.6079,-0.4729,-0.25819,-1.6754,0.067114,0.99294,-0.38531,-1.7596,15.157,-0.32436,-0.015111,-0.33601,-0.21435,1.0436,0.015512,0.30173,2.4752,-14.303,-0.95743,-0.75642,2.3471,1.0024,0.88704,0.98926,-0.39959
0.51883,1.4877,-1.8691,0.19281,0.010314,-0.49135,-0.8582,0.15018,-0.40486,-6.2522,0.66972,-0.68861,0.30929,-0.41521,-0.3013,0.17698,-0.35746,-0.46803,4.1249,7.9806,0.98239,-0.44383,0.12353,-2.5329,-0.018845,1.0576,-0.34599,-5.1196,9.8862,1.3396,-0.14941,-0.72531,0.82061,1.0382,-0.004344,0.29088,-3.2184,-2.9921,2.1295,3.0053,-1.3812,0.055918,0.91581,0.91944,-0.34072
5.85,2.4763,-4.1501,-0.37334,0.20946,-0.42413,-0.84774,0.1449,-0.4091,-3.1422,21.391,-2.0743,1.4911,-1.3237,-1.2169,0.18318,-0.20295,-0.61841,6.8856,0.49365,2.0151,0.033434,0.39719,-3.3054,-0.1319,1.1082,-0.31019,-8.607,-2.4338,-9.8366,0.71063,0.58973,0.9372,1.0399,-0.051781,0.28187,-38.796,-24.344,12.005,1.4894,1.0401,-0.75284,0.92502,0.87701,-0.32425
20.767,-1.4638,-10.3,-3.6268,3.122,0.28042,-0.82315,0.16344,-0.44083,20.789,41.344,-0.76471,-1.6592,-1.5497,-2.8284,0.10799,-0.1364,-0.74183,32.7,-22.428,1.7735,0.11799,-0.19282,-4.4937,-0.2744,1.1384,-0.24546,-36.622,-7.3641,0.17015,-0.39915,-0.012512,1.4742,1.0362,-0.10343,0.30443,-7.8376,28.577,4.1238,-1.4073,0.19526,-0.28094,0.91839,0.93623,-0.24834
21.686,2.0406,4.5322,-1.928,-4.0279,0.11288,-0.80016,0.14515,-0.48106,13.983,21.81,-1.0488,-1.3118,-0.66957,-4.0754,0.064199,-0.19816,-0.62582,21.076,-21.593,4.3992,-3.6506,1.1608,-1.8851,-0.46498,1.1325,-0.15256,-24.376,-19.763,-0.57572,-0.29555,0.18144,3.6821,0.99571,-0.23229,0.3052,-15.038,11.996,-8.4738,0.26974,0.41759,2.922,0.96817,0.88895,-0.21615
17.161,1.1607,0.20965,-1.4337,1.5268,0.77935,-0.82051,0.1704,-0.45109,10.346,14.249,-0.69247,0.4877,-0.31424,-3.4373,0.1263,-0.35232,-0.47959,12.181,-20.59,1.186,-2.1227,1.3565,0.067384,-0.51508,1.1075,-0.069342,-12.962,-15.198,0.14385,1.4258,0.97472,3.5101,0.90878,-0.36322,0.35637,-27.23,0.34003,-0.075116,-0.1889,0.58445,3.3084,1.0694,0.76816,-0.1621
11.796,0.56272,4.9176,-0.95875,1.3133,0.32552,-0.78613,0.21569,-0.51612,6.5818,6.8039,-1.5734,-0.41347,-0.54192,-1.9709,0.15588,-0.44326,-0.447,3.2787,-9.837,1.0522,-0.62327,1.0919,-0.27738,-0.53884,1.0725,-0.11775,-7.0905,-8.6294,-1.0509,0.010259,0.65646,2.8577,0.80685,-0.44322,0.44485,-20.365,-7.6036,2.2532,-0.44845,0.61618,3.8257,1.1574,0.62058,-0.13106
5.9017,0.42394,1.4102,-1.4823,-0.72892,0.20149,-0.79878,0.24484,-0.49954,3.1921,1.0867,0.068689,-0.32573,-0.54649,-0.68898,0.21193,-0.50683,-0.41592,-3.6301,-5.5062,1.9454,-1.8563,0.60431,-0.1948,-0.52498,1.0387,-0.12713,-2.8995,-9.0655,1.4048,-1.8945,-0.51072,2.0534,0.73532,-0.52936,0.44668,-11.936,-10.088,0.85742,-0.82268,0.3058,3.1995,1.2375,0.46979,-0.12092
3.5906,-0.30901,0.36579,-1.08,0.044458,0.26589,-0.80845,0.26522,-0.48492,2.9355,-0.11537,-0.028291,-0.37984,-0.59305,0.26157,0.27828,-0.56466,-0.36105,-5.98,-5.3552,2.8118,-1.4392,0.27264,-0.24336,-0.4975,1.0073,-0.11039,2.3595,-14.33,2.6266,1.7792,-0.61879,1.2955,0.70397,-0.57947,0.43494,-4.1235,-14.409,-0.11296,-0.4878,-0.53743,1.794,1.2985,0.36006,-0.13298
1.4887,-0.72663,-0.28703,-1.4145,-0.38045,0.55611,-0.81426,0.30003,-0.4649,3.03,-3.6655,-0.87019,-1.2117,-0.46553,1.3952,0.2575,-0.57582,-0.38311,-7.5911,-3.7741,3.0435,-0.5143,-0.02917,0.070305,-0.50316,1.0063,-0.083048,2.9105,2.3744,-2.6176,-0.21951,1.1874,0.2284,0.70399,-0.57936,0.46255,0.065757,-17.656,-0.15552,0.27575,-0.85335,0.80962,1.3159,0.3026,-0.18363
0.11669,-0.75363,-0.04394,-1.6966,-0.77572,0.63482,-0.81771,0.354,-0.42763,3.247,-7.4152,-0.57978,-0.34826,-0.30374,2.0661,0.20559,-0.5613,-0.41578,-7.6335,-4.5212,2.7722,-0.19767,-0.018009,0.88756,-0.50108,1.0324,-0.056327,-4.4952,11.258,-3.3463,-0.20414,2.3345,0.30021,0.67456,-0.60586,0.4962,1.5925,-11.506,3.5176,0.078471,-0.90477,-0.2358,1.315,0.28292,-0.22628
-1.8194,-1.4491,-1.9657,1.2727,-1.28,0.11907,-0.8372,0.3787,-0.37177,3.1717,-4.375,0.43245,0.56786,0.013607,2.5141,0.096639,-0.4992,-0.48149,-8.5879,-6.7859,1.0416,-0.43068,-0.30408,1.6281,-0.49562,1.1198,0.036862,-0.96162,7.0259,-3.0306,-2.445,-1.5781,-0.051178,0.68145,-0.66053,0.42816,-3.2947,-4.212,2.8795,-0.15977,-0.66117,-1.4102,1.2808,0.32754,-0.25129
3.9843,-6.0525,-3.6377,3.0036,-0.28021,0.68564,-0.82957,0.37236,-0.38415,4.688,4.8917,4.7223,0.36223,-0.29415,3.4495,0.011281,-0.40196,-0.53593,-1.9884,-19.842,-2.0785,0.87777,-1.293,2.2695,-0.43995,1.2403,0.15875,-37.797,-13.2,-0.71745,-0.65879,1.777,-1.234,0.72144,-0.64082,0.4104,-14.697,0.39758,-7.6626,-0.93157,0.25555,-1.3287,1.2619,0.40182,-0.21507
29.33,7.9268,10.448,-6.0159,5.5174,1.6699,-0.79846,0.35174,-0.44736,20.062,24.927,2.8741,1.5905,-0.12296,5.2205,-0.021449,-0.3054,-0.58034,24.093,-40.201,-0.87909,3.3438,-1.7145,3.3464,-0.24615,1.3425,0.14936,-9.1852,-21.792,-2.9619,0.82324,0.19895,-2.1001,0.75461,-0.60674,0.41675,-30.421,0.95127,-1.8457,0.1253,-0.3028,-2.6466,1.2601,0.45185,-0.15317
23.524,-7.1537,-8.3164,1.2098,-1.7782,0.2654,-0.80333,0.35285,-0.43859,17.133,33.19,1.0712,0.10186,0.3698,0.67791,-0.004213,-0.24907,-0.6206,18.631,-19.935,-0.27055,1.8154,-0.55806,4.0786,0.013543,1.299,-0.073063,-14.973,-12.69,-7.7475,-0.095573,-0.11328,-2.3547,0.82512,-0.54326,0.39493,-27.967,8.4794,-2.4712,-0.36991,-0.071333,-3.7397,1.1931,0.61764,-0.17962
16.163,-6.1248,4.8849,1.7574,0.058788,-0.1768,-0.79471,0.31646,-0.47336,6.8909,16.624,1.6788,0.91399,1.2833,-0.63684,0.058021,-0.34371,-0.54053,16.349,-16.635,-1.8564,1.7947,-0.86511,3.6334,0.19455,1.1672,-0.2294,-20.84,-7.036,-5.9657,0.098897,-0.13304,-3.2199,0.90337,-0.4437,0.38983,-16.016,6.1837,-2.8283,-1.1873,-0.29379,-3.8765,1.0986,0.79576,-0.23478
9.1956,-2.0167,3.0532,1.1475,-0.43686,-0.14423,-0.79951,0.25817,-0.50529,-1.1346,8.3753,1.5117,1.2721,0.96318,-0.53909,0.074024,-0.43918,-0.47944,9.5577,-1.7164,-0.89358,1.1724,-0.71637,2.1276,0.321,1.0562,-0.35812,-20.708,2.4155,1.042,0.45236,-0.44639,-3.1165,0.99157,-0.27499,0.38386,-10.249,4.5566,-0.24003,0.82805,-0.10303,-2.7123,0.97703,0.93001,-0.31799
6.935,-1.7259,1.5458,0.82407,-0.54734,-0.19556,-0.81708,0.22365,-0.49273,-5.2844,3.6336,1.0077,1.4337,0.92655,-0.32236,0.092432,-0.53687,-0.39822,4.3442,0.24376,-0.23412,0.2336,-1.2335,0.75697,0.33116,0.98468,-0.40664,-13.589,5.9,-0.44692,0.98277,-0.036481,-2.5547,1.02,-0.14102,0.38487,-5.6002,7.9077,-1.3328,2.7109,-0.90915,-1.129,0.87671,0.94572,-0.4973
3.7956,-0.90484,0.75144,0.26706,-0.44206,-0.46522,-0.8377,0.19902,-0.46201,-5.9437,2.2147,1.6436,0.39874,0.31705,-0.19733,0.11963,-0.62279,-0.31531,2.8745,2.3849,-1.2227,0.8683,-0.89989,-0.43234,0.27983,0.91756,-0.46133,-7.9135,13.704,-3.1025,1.3875,-0.37195,-1.7104,1.0156,-0.053375,0.37657,0.77107,12.599,-5.4409,-0.3041,-0.37135,0.20666,0.82779,0.92023,-0.59591
0.55094,-0.31996,-0.06021,-0.26246,-0.47323,-0.52269,-0.85021,0.18498,-0.44418,-4.8036,0.56587,1.6479,-0.24249,-0.044585,-0.025944,0.11581,-0.62491,-0.31444,3.4016,5.3153,-2.4686,-0.15612,-0.55378,-1.3456,0.22715,0.91395,-0.48489,-3.1565,15.165,-3.5637,0.23589,-0.70144,-0.78966,1.0175,0.013276,0.35626,2.9431,0.51176,0.21102,-1.2241,0.80859,0.88932,0.83747,0.92989,-0.50954
-0.20405,0.95195,0.18108,0.30147,0.064926,-0.46407,-0.85011,0.16944,-0.44286,-5.3647,-0.25302,1.5435,-0.68891,-0.2829,-0.24071,0.11855,-0.58703,-0.3457,2.5815,5.9014,-2.0658,-1.5633,-0.020552,-2.014,0.16338,0.95663,-0.44344,-1.9853,12.197,-1.211,-0.37274,-0.76596,-0.19154,1.0239,0.020675,0.32183,-0.94028,-13.4,5.9649,0.29736,2.3445,0.48217,0.89041,0.92179,-0.36944
-0.37872,1.519,-0.48803,0.56758,-0.75467,-0.54047,-0.85003,0.14552,-0.4372,-6.1008,-1.1759,0.41935,-0.68542,-0.59483,-0.53879,0.10105,-0.46119,-0.44826,2.5107,4.2005,-1.2134,-1.1082,0.38484,-2.3767,0.088258,1.0616,-0.35215,-4.7912,4.7299,2.5673,-0.74144,-0.67575,0.33636,1.0198,0.006437,0.29814,-2.682,-9.5631,2.7783,1.8342,1.1128,0.058303,0.92944,0.86111,-0.27233
8.1097,1.706,-3.1531,-0.76619,-0.80177,-0.43011,-0.85186,0.14125,-0.41151,-5.1517,7.2554,-3.8256,1.0189,-0.55637,-1.1312,0.083382,-0.33737,-0.57113,6.5982,0.74638,1.4,-0.49155,0.31667,-3.0218,-0.001413,1.1452,-0.28572,-9.0272,-3.1513,-9.0264,1.4024,0.50104,0.91801,1.0292,-0.031027,0.27803,-42.778,-12.665,9.9367,-0.14917,0.86393,-0.8907,0.90932,0.84054,-0.26039
18.684,-9.3287,-14.217,-1.491,2.8237,-0.69826,-0.85074,0.16096,-0.40478,7.2285,49.746,-1.5264,-1.2443,-1.6953,-2.1616,0.008914,-0.31305,-0.69581,26.264,-18.88,-0.70113,-2.0866,-0.086099,-4.6193,-0.13786,1.2185,-0.18011,-37.932,-1.9786,-4.784,-1.2213,0.006774,1.6764,1.0257,-0.087934,0.27616,-4.463,26.364,4.2197,-1.516,0.30023,0.18712,0.88685,0.89133,-0.20433
18.416,4.1401,4.7896,-3.1252,-3.3869,-0.69066,-0.82304,0.12647,-0.45999,17.654,29.447,-2.0194,-0.61514,-0.093255,-3.9359,-0.014754,-0.37616,-0.64151,28.239,-28.296,1.9742,-4.3763,0.48863,-3.0597,-0.39881,1.2608,0.050987,-27.428,-19.752,-2.4078,-1.1645,-0.016703,3.7513,0.98268,-0.24161,0.26017,-17.044,12.211,-7.6406,-0.17883,-0.20127,2.6893,0.9353,0.85337,-0.1705
19.599,2.5959,-0.50116,-0.81584,1.0436,0.0885,-0.85124,0.13185,-0.41772,10.185,16.629,0.47662,0.60054,-0.52887,-3.905,0.093296,-0.49599,-0.50441,14.706,-22.678,-0.18677,-1.5347,1.3532,-0.50017,-0.53446,1.2077,0.14165,-15.738,-14.897,-0.99269,0.86462,0.68472,3.8761,0.88931,-0.39332,0.2915,-22.566,-1.7164,-7.8461,-0.75873,0.53766,3.2233,1.0352,0.74657,-0.12299
11.987,0.30661,5.5964,-0.92832,1.7925,0.088248,-0.81873,0.16353,-0.48554,8.7309,7.0831,-0.70837,-0.17939,-0.91186,-2.2429,0.16869,-0.5511,-0.46154,1.6057,-11.556,0.62893,-0.16629,0.83766,-0.92625,-0.61389,1.1428,0.050068,-7.9777,-11.479,-0.25525,-0.3709,0.54846,3.272,0.76565,-0.5022,0.36127,-18.902,-5.6018,0.34839,-0.13526,0.76232,3.8306,1.1151,0.60564,-0.078275
6.4817,0.11569,1.3753,-2.3508,-1.4244,0.002704,-0.8327,0.18791,-0.46884,3.0321,1.7805,0.9579,0.28322,-0.69925,-0.87255,0.23852,-0.59319,-0.41377,-4.4312,-7.0755,1.7966,-1.9099,0.20637,-0.65883,-0.63014,1.07,0.023967,-1.9851,-11.028,1.5603,-0.96784,-0.52427,2.7571,0.665,-0.58327,0.37908,-15.555,-6.862,1.6492,-0.010078,0.27305,3.3317,1.1902,0.44822,-0.068167
4.1155,-0.62431,-1.5124,-1.2766,0.11469,0.2142,-0.84897,0.20677,-0.44281,2.4615,-0.99711,0.81048,-0.000726,-1.0171,0.37071,0.29188,-0.63482,-0.359,-4.8843,-7.7896,3.1053,-1.0649,0.28823,-0.30023,-0.617,1.0081,0.009963,2.6521,-9.1801,1.8016,1.2246,-0.30752,1.183,0.61155,-0.62396,0.39454,-6.541,-13.338,0.13297,-0.61377,-0.68927,2.2484,1.2464,0.32328,-0.076651
1.0095,-0.8514,0.38746,-2.2928,0.45505,0.64159,-0.84082,0.25477,-0.44364,2.8552,-2.2676,-0.16984,-0.60979,-0.88894,1.2761,0.26529,-0.64887,-0.37174,-6.675,-3.8476,3.3469,0.13044,0.18412,-0.065168,-0.62086,0.99988,0.002971,2.2914,0.04763,-0.97684,-0.46705,0.86764,0.26549,0.60108,-0.63056,0.40944,-0.32111,-16.341,0.32708,-0.34363,-0.71666,1.382,1.269,0.24252,-0.12113
-0.016221,-0.41964,0.069136,-1.5555,-0.81837,0.38896,-0.84215,0.30886,-0.41166,2.5695,-6.364,-0.3507,-0.34858,-0.57617,2.0531,0.20236,-0.64981,-0.40006,-7.0871,-3.4905,3.0851,0.094899,0.25029,0.77122,-0.6244,1.026,-0.002343,-0.75562,10.477,-3.0902,0.017393,2.2382,0.16692,0.58032,-0.64599,0.4298,2.5887,-14.278,0.26975,0.20161,-0.49963,0.36408,1.2746,0.19803,-0.14666
-1.377,0.18172,-3.1007,1.2941,-0.73772,-0.001751,-0.8664,0.3226,-0.35509,2.4659,-5.3016,-0.43883,0.39976,-0.13386,2.2059,0.076261,-0.62577,-0.45902,-6.8111,-4.1527,0.79775,-0.32277,0.1115,1.3684,-0.63082,1.1328,0.086006,-1.845,8.133,-1.3689,-1.663,-0.75338,0.65735,0.57833,-0.6812,0.39495,-2.6406,-7.6387,3.5611,0.043231,-0.72077,-0.88758,1.2519,0.20649,-0.18018
3.2698,-3.827,-2.9572,1.766,-0.063602,0.60736,-0.86067,0.32185,-0.36799,4.5183,1.2172,2.5635,0.53134,0.029197,2.9442,-0.038923,-0.58792,-0.50052,-1.9707,-16.224,-1.8672,0.90177,-0.81081,2.0854,-0.61932,1.2942,0.18616,-38.996,-6.7127,-7.2312,-0.20796,2.4759,-0.96157,0.61811,-0.70104,0.32706,-8.9246,1.6752,-4.7676,0.13558,0.099452,-1.618,1.2403,0.2668,-0.16469
26.111,0.33645,-19.245,-2.5104,2.0359,-0.40727,-0.84906,0.29129,-0.40926,19.148,34.849,3.74,0.9372,-0.034203,4.9306,-0.14705,-0.53546,-0.53582,20.053,-34.799,-0.34468,3.7765,-1.4486,2.9061,-0.47426,1.4775,0.179,-5.6946,-20.925,6.4336,1.5461,-0.12514,-1.658,0.62808,-0.68798,0.3459,-37.411,2.4933,2.3361,-0.54731,-0.51464,-1.9214,1.2356,0.30883,-0.11003
16.625,-6.6281,3.8481,0.15973,-4.5078,0.040355,-0.8161,0.36024,-0.41489,22.272,27.898,-0.69065,-0.60502,1.636,2.4566,-0.22338,-0.43895,-0.60322,23.258,-18.043,-3.7758,2.0712,0.36644,3.0747,-0.20688,1.4629,-0.071257,-12.19,-10.862,-8.3388,-0.69886,-0.21244,-2.3516,0.69858,-0.62512,0.35052,-28.391,6.3468,-3.022,-1.1,-0.12901,-3.5426,1.1932,0.44828,-0.12008
17.643,-5.8774,-2.5631,2.0766,0.65384,-0.2366,-0.84221,0.32818,-0.38969,10.775,18.311,-0.33836,2.4154,1.9427,-0.36563,-0.13783,-0.45088,-0.58042,16.75,-14.81,-2.4784,0.86654,-0.33435,2.9325,-0.00672,1.3208,-0.21983,-19.491,-12.715,-4.2593,-0.4509,-0.12759,-2.9907,0.78348,-0.55346,0.33883,-21.102,6.5661,-2.8385,-1.0545,0.071703,-3.6261,1.1318,0.6063,-0.13865
11.27,-2.8624,6.5999,1.6316,-0.51414,0.2055,-0.82991,0.27489,-0.45126,-0.33704,12.448,0.52421,1.3136,1.9509,-0.23295,-0.055757,-0.49319,-0.52199,9.4715,-5.5577,-0.57378,0.69259,-0.42163,2.0424,0.14542,1.2288,-0.29323,-21.649,-2.4284,-0.13462,0.32533,-0.42652,-3.0847,0.88559,-0.39847,0.35379,-12.93,5.7681,-1.313,0.095842,-0.088081,-3.5558,1.0347,0.76445,-0.20162
7.4956,-1.5979,-1.9706,1.3075,-0.48903,-0.21624,-0.85225,0.23865,-0.42562,-4.3825,5.0795,-0.18312,1.2074,1.7559,0.2391,0.010853,-0.55254,-0.43144,4.1614,-0.96688,-0.37738,0.53828,-0.99125,0.8124,0.17989,1.1344,-0.3469,-14.136,5.1299,0.26322,0.3466,-0.060143,-2.7367,0.93719,-0.2596,0.36351,-7.8624,7.9936,-1.5053,1.7584,-0.40717,-2.7377,0.92342,0.85435,-0.33927
4.4936,-0.70127,2.1756,0.73177,-0.45254,-0.094125,-0.85605,0.21206,-0.42518,-6.5362,3.2631,0.46611,0.61843,1.3278,0.39846,0.078156,-0.61204,-0.34007,2.7361,0.62459,-0.99388,0.41783,-0.88291,-0.25817,0.14484,1.0363,-0.40049,-9.6986,7.3211,-1.2031,0.87217,-0.11628,-2.0592,0.95149,-0.16836,0.3591,-1.1728,14.037,-4.0505,1.9805,-1.4925,-1.3776,0.82539,0.87321,-0.49759
2.154,-0.21381,-0.18166,-0.043238,-0.56445,-0.20447,-0.86799,0.2,-0.40412,-6.7523,0.87969,0.50008,-0.070894,0.75563,0.37939,0.086089,-0.61968,-0.31928,2.6911,3.0446,-1.7359,-0.010192,-0.65097,-1.1429,0.095765,1.0171,-0.4125,-3.147,16.956,-5.1411,0.40402,-0.58059,-1.3991,0.96129,-0.075832,0.34961,2.5695,11.7,-2.9701,-2.554,-0.5419,0.45995,0.78677,0.89821,-0.49598
0.30334,0.80918,-0.33826,0.2744,-0.28906,-0.47168,-0.87524,0.1855,-0.39024,-6.8929,-0.31612,0.61526,-0.48992,0.20973,0.057856,0.092993,-0.59048,-0.34458,2.7179,4.3259,-1.4449,-0.6277,-0.38788,-1.634,0.031563,1.0333,-0.39016,-3.6418,15.476,0.46281,-0.64707,-0.84759,-0.48427,0.96616,-0.054737,0.32113,1.2275,-9.1356,1.3364,0.08517,2.4449,0.80324,0.83328,0.90862,-0.39119
-0.063486,1.6893,-1.0814,-0.18588,-0.14651,-0.21031,-0.88132,0.17571,-0.36937,-5.854,1.5984,-0.23963,0.70929,0.009706,-0.57333,0.066199,-0.51403,-0.41693,2.6248,3.9888,-0.16907,-0.63951,0.0217,-1.7887,-0.046642,1.1197,-0.32085,-4.5091,10.182,1.1489,-1.0025,-0.38871,0.096728,0.96573,-0.053586,0.29771,-0.20053,-13.908,-3.3922,1.8426,3.608,0.26748,0.89,0.85514,-0.2837
0.78663,1.5215,-1.6058,0.49986,0.06331,-0.67625,-0.87593,0.16815,-0.3687,-5.0319,16.097,-3.3131,1.9079,-0.72424,-1.5668,0.068995,-0.45424,-0.51041,5.8315,1.4872,1.8496,-0.2649,0.19804,-2.0982,-0.11932,1.1791,-0.27432,-4.4538,0.29456,-3.6637,1.228,-0.072784,0.96775,0.97646,-0.10624,0.25679,-5.0917,-13.451,-12.229,2.8949,1.8543,0.81694,0.8957,0.80583,-0.33076
30.662,8.2345,-24.927,-2.1524,0.9366,-0.6661,-0.86733,0.16365,-0.37771,9.6111,38.546,-3.3929,-0.045392,-2.0237,-2.9729,0.047633,-0.4511,-0.58149,18.289,-14.647,-1.4775,-1.2653,0.15563,-2.0055,-0.19154,1.2307,-0.20329,-30.854,0.19369,-4.5841,1.2481,0.38309,0.13348,0.98467,-0.1526,0.2544,-21.187,10.295,3.4455,-2.695,-0.45538,-0.67878,0.89807,0.84267,-0.21236
24.601,-8.1727,37.122,3.5141,5.0157,-2.4149,-0.79149,0.127,-0.51181,17.091,27.438,-3.6019,-0.81571,-1.7851,-4.0103,0.040296,-0.48438,-0.517,20.95,-21.402,4.0615,-2.5097,1.8001,-2.2967,-0.3375,1.2928,-0.076777,-24.095,-15.423,-1.4001,-0.38414,-0.36477,2.8815,0.96094,-0.25055,0.23879,-7.4872,19.826,-6.3006,-0.84944,-1.3416,1.0371,0.90194,0.85331,-0.17223
23.098,-0.9116,-8.5626,-1.2102,-1.0127,0.3374,-0.84959,0.16362,-0.41815,9.6166,18.018,-3.788,-0.51943,-1.4586,-3.4561,0.11814,-0.53008,-0.40794,14.934,-22.5,0.19499,-2.6636,1.4447,-0.072865,-0.43443,1.2889,0.062416,-16.354,-18.083,-0.071224,0.94347,0.51927,3.6132,0.8787,-0.39626,0.25393,-26.931,6.7501,-4.9386,0.44363,0.80996,3.5196,0.98472,0.77256,-0.1438
13.627,-1.1734,5.5992,-1.3293,2.567,0.55507,-0.81814,0.19177,-0.47861,7.2875,8.1192,-2.3164,-1.339,-1.0835,-2.0352,0.17838,-0.56592,-0.36872,4.9175,-13.351,0.89616,-0.17033,1.1998,-0.41163,-0.48421,1.2523,0.031408,-8.725,-10.145,-0.63187,0.80187,0.86936,3.0337,0.7658,-0.48419,0.34454,-18.873,0.34288,-3.5199,-0.69401,0.6942,3.4821,1.055,0.65048,-0.13026
7.9724,0.74391,2.4651,-1.5128,-0.56466,0.28035,-0.81406,0.21519,-0.48652,3.1833,2.6923,-1.0395,-0.12812,-0.71796,-0.70022,0.24337,-0.59308,-0.34313,-1.5439,-6.7292,1.1377,-1.1299,0.70243,-0.61632,-0.4977,1.1763,-0.025352,-5.4902,-8.5073,-0.028434,-1.5645,0.28755,2.0468,0.67296,-0.55275,0.37925,-17.85,-9.1796,3.0908,0.10462,0.36154,3.5792,1.1469,0.49287,-0.10846
4.5467,0.106,0.26383,-0.89823,-0.37836,0.017268,-0.82508,0.23573,-0.47223,1.718,0.63522,0.2034,-0.32086,-0.74036,0.43448,0.30286,-0.61786,-0.31115,-4.298,-6.7362,1.9225,-1.49,0.36967,-0.53254,-0.50182,1.1001,-0.032939,0.081972,-10.652,1.5114,0.38714,-0.57332,1.8392,0.61586,-0.60462,0.38549,-6.0837,-12.62,-0.81362,-0.65286,-0.30111,2.3097,1.2298,0.36926,-0.10245
2.3372,-0.76461,0.099658,-1.2003,-0.28869,0.53422,-0.83251,0.26365,-0.4553,2.9654,-2.0406,0.016565,-0.82687,-0.68626,1.6845,0.2749,-0.63555,-0.32817,-6.4619,-4.0747,2.3641,-0.53752,0.12482,-0.35391,-0.51145,1.0786,-0.014628,3.7628,-2.486,-3.5106,2.3423,0.2263,0.92143,0.60022,-0.58521,0.44939,-2.2336,-13.382,0.45963,-0.65774,-0.70816,1.3031,1.2549,0.29661,-0.13785
0.69548,0.24254,-0.2196,-2.0204,-0.45161,0.69781,-0.83735,0.31146,-0.42421,3.9404,-5.502,0.33238,-1.249,-0.691,2.5075,0.20697,-0.62849,-0.37092,-8.0125,-3.2841,1.8452,-0.10702,-0.15391,0.23562,-0.52414,1.0879,-0.0045,-3.8264,9.1747,-3.0755,0.58068,2.3515,0.084643,0.58668,-0.59365,0.48322,0.24344,-15.257,1.3481,-0.24384,-0.77287,0.37622,1.2647,0.25592,-0.17233
