10.521,1.0976,4.7843,-0.26194,0.36214,0.007012,-0.5377,-0.4477,0.010418,11.186,3.9589,1.4807,-0.85955,-0.28386,0.62638,-0.58097,0.28418,0.27628,10.232,-5.382,0.77716,-0.89936,0.22351,-0.50191,-0.51234,0.015973,-0.44894,-12.005,6.3977,-5.017,-0.33444,0.13984,-0.49268,0.63446,0.26876,-0.22105,-11.969,-10.533,4.1395,-0.35382,0.44221,-0.33633,0.53522,-0.012944,0.48687
9.4888,-0.099735,4.3361,-0.15872,0.16791,0.25953,-0.54134,-0.44496,0.00319,11.931,3.8033,1.5672,-1.2392,-0.24842,0.46353,-0.57329,0.28617,0.29664,11.088,-5.5998,0.75969,-1.1623,0.36068,-0.48052,-0.50797,0.024152,-0.45364,-13.143,5.7176,-1.2283,-0.17852,-0.055528,0.20843,0.63483,0.2742,-0.21657,-11.946,-2.9446,-0.26865,-0.57186,0.38755,-0.43965,0.5315,-0.003388,0.49401
11.657,1.4605,4.3627,0.17905,-0.68493,0.29311,-0.55003,-0.43804,0.012236,13.229,2.9485,1.3575,-1.2512,-0.28497,-0.21493,-0.5706,0.27307,0.317,11.186,-6.7769,1.6322,-0.56318,-0.12905,-0.6823,-0.50713,0.030681,-0.45354,-15.628,4.4884,-0.13667,0.087515,-0.44837,1.2292,0.64309,0.25496,-0.2256,-11.479,2.2319,1.105,-0.083398,0.056054,-0.42537,0.52876,-0.008143,0.49811
11.717,1.468,4.2065,0.028775,-0.48686,0.071352,-0.55256,-0.43396,0.026512,12.564,2.3411,1.1684,-1.201,-0.10538,-1.0789,-0.57872,0.2388,0.33542,11.31,-6.6953,1.8038,0.87977,-0.30529,-0.6474,-0.51402,0.009346,-0.4486,-12.164,-2.4959,-3.2552,0.83382,-0.29278,1.2692,0.65556,0.21063,-0.24267,-11.78,4.8635,-5.6074,-0.94839,0.21895,0.2254,0.52806,-0.013003,0.50189
12.791,2.4317,5.6154,-0.11201,-0.54775,-0.19099,-0.55194,-0.43468,0.039253,12.292,2.0304,1.2649,-0.64618,0.007975,-1.5676,-0.59246,0.19552,0.34533,11.552,-4.6289,2.0673,1.2599,-0.40395,-0.3272,-0.51927,-0.02174,-0.43983,-13.798,1.1825,-4.0121,0.71725,-0.1046,0.80537,0.66232,0.17924,-0.25352,-12.152,-5.1676,-0.77107,0.004265,0.18361,0.1719,0.52171,-0.036466,0.50774
11.506,1.2606,4.6731,-0.53899,0.42111,-0.17224,-0.5489,-0.44222,0.032092,12.975,2.6264,1.3204,-0.38376,0.022761,-1.477,-0.60462,0.14832,0.34877,12.062,-3.3325,1.8887,-0.085519,-0.076248,-0.016041,-0.52368,-0.036615,-0.43363,-11.79,1.1767,-4.3094,-0.50555,-0.21838,0.94382,0.66609,0.15358,-0.25955,-11.643,0.85968,-3.5395,0.64704,0.31992,0.23494,0.51768,-0.023459,0.51135
9.7755,0.8009,4.5525,-0.51075,0.19837,-0.014575,-0.54843,-0.44453,0.01354,11.583,3.1852,1.0715,-0.44562,0.076931,-1.1242,-0.61416,0.11018,0.34907,10.794,-3.9502,2.0049,-1.5359,0.33329,0.16377,-0.52244,-0.015103,-0.43548,-9.5749,-0.45499,-2.9053,-0.8145,-0.16622,0.92971,0.67101,0.13572,-0.26081,-10.598,1.4577,-0.80165,-0.22334,0.4023,0.50128,0.50851,-0.030613,0.52208
8.1748,0.9188,4.2129,-0.42789,-0.28515,-0.032619,-0.54814,-0.44397,0.006479,9.3331,2.8267,1.0828,-0.83365,-0.15505,-0.96619,-0.61891,0.073734,0.35234,8.7391,-5.0332,2.567,-1.4719,0.33204,0.13754,-0.51522,0.018402,-0.4459,-8.7223,-0.11218,-1.5833,-0.62641,-0.10866,1.0114,0.67428,0.11373,-0.26112,-10.047,-0.53336,-0.30476,-0.53506,0.15831,0.46769,0.50243,-0.049738,0.52543
7.461,0.97859,3.6559,-0.36101,-0.36904,-0.083335,-0.54854,-0.4463,0.008836,8.4465,2.9294,0.92963,-1.3564,-0.32557,-0.9167,-0.61822,0.032398,0.36298,7.8935,-4.7298,2.258,-0.59061,0.31386,-0.02155,-0.50673,0.037075,-0.45032,-8.1244,0.21607,-0.61142,-0.7968,-0.24779,0.96816,0.67702,0.096042,-0.263,-8.5919,-3.2394,-1.602,-0.42102,0.2455,0.43125,0.49719,-0.070241,0.52756
7.5123,0.81501,3.7075,-0.32547,-0.3217,-0.078016,-0.54541,-0.44784,0.008704,8.2222,2.6481,0.95613,-1.8994,-0.29597,-0.83567,-0.61449,-0.015309,0.37078,7.0735,-3.4522,1.4681,0.11003,0.36735,-0.16734,-0.50139,0.036204,-0.45749,-7.3331,0.26438,-0.65559,-0.47861,-0.17924,0.64922,0.67786,0.079998,-0.26816,-7.8811,-3.9917,-1.0169,0.43395,0.41308,0.24276,0.48828,-0.07521,0.53518
7.7641,0.37657,3.5573,-0.25153,-0.47025,0.051316,-0.54642,-0.44823,0.014296,8.1004,2.1258,0.71005,-1.9724,-0.26857,-0.64118,-0.61037,-0.067349,0.3733,6.4928,-2.9176,1.4598,-0.021436,0.34715,-0.28158,-0.49404,0.029698,-0.46562,-8.0401,1.2139,-0.67082,0.14481,-0.14191,0.5068,0.67585,0.064754,-0.2737,-8.9442,-4.9959,1.3898,1.0531,0.34429,0.045053,0.48057,-0.059243,0.54528
8.1219,0.28573,3.3282,-0.29059,-0.2073,0.19425,-0.55126,-0.44591,0.019331,8.4487,1.8172,1.3449,-1.5466,-0.16208,-0.42001,-0.60567,-0.10518,0.37022,7.5753,-3.0331,0.59339,-0.53823,0.53842,-0.44309,-0.48581,0.027632,-0.4755,-6.8913,1.5773,-0.39309,0.21964,-0.53878,0.29231,0.6746,0.052121,-0.28267,-9.6398,0.071903,1.2124,0.53639,0.13193,-0.044532,0.47729,-0.037747,0.55184
8.2736,0.87711,3.3183,-0.13854,-0.060714,0.16924,-0.5545,-0.44268,0.017353,8.3578,1.5641,1.0783,-0.88374,0.033574,-0.38536,-0.6047,-0.13388,0.36467,8.0202,-3.7338,0.30435,-0.81991,0.63061,-0.57917,-0.47526,0.032185,-0.48738,-5.4606,3.3178,-1.0564,0.19575,-0.52041,-0.25613,0.66796,0.053604,-0.30034,-9.2087,-1.3908,0.28964,-0.44243,0.045213,0.059354,0.47563,-0.039032,0.55181
8.3628,1.0452,3.7229,-0.17841,-0.31622,0.0627,-0.55618,-0.4399,0.017793,8.0045,1.9107,1.0826,-0.23809,0.14729,-0.41854,-0.60428,-0.15216,0.35989,8.0596,-4.2521,0.8468,-0.76289,0.53514,-0.69769,-0.46461,0.03612,-0.49972,-7.2917,4.2924,-2.7596,0.86921,0.19334,-0.40975,0.66626,0.057281,-0.30132,-8.884,-3.6741,-0.78653,-0.031679,0.034004,0.006645,0.47645,-0.047029,0.55287
8.6291,0.65009,3.8118,-0.15456,-0.3101,-0.011147,-0.55712,-0.4407,0.024961,7.8966,2.254,1.2536,-0.22326,0.098569,-0.32463,-0.60456,-0.16496,0.35461,7.7155,-4.0835,1.1466,-0.72983,0.44783,-0.57162,-0.45633,0.039615,-0.50867,-9.0077,5.4402,-2.7203,1.128,0.32881,0.031814,0.66831,0.04848,-0.29686,-8.4483,-3.0197,-0.54587,0.2837,0.14018,0.065151,0.47378,-0.041495,0.55602
8.0775,0.36021,3.3134,-0.25611,-0.006946,-0.030006,-0.55782,-0.44181,0.024026,7.6916,1.9684,1.1927,0.10417,0.10731,-0.078384,-0.60364,-0.1711,0.35189,7.5954,-3.5704,0.99411,-0.93224,0.38987,-0.74506,-0.4482,0.045447,-0.51541,-7.908,6.6282,-2.4519,0.77453,0.073504,0.059346,0.67266,0.034101,-0.2942,-8.4991,-2.1987,-0.31299,0.3822,0.16408,-0.010915,0.47068,-0.033918,0.5572
7.8405,-0.3829,4.3959,-0.071515,0.49377,0.16874,-0.55837,-0.44071,0.016014,7.4563,2.2008,1.2433,0.63413,0.081669,0.10384,-0.60686,-0.16439,0.35148,7.0527,-4.2365,1.6818,-1.0374,0.44215,-0.41764,-0.43837,0.061515,-0.52463,-7.3931,5.5774,-1.7128,-0.15647,0.070869,-0.050352,0.6738,0.030218,-0.29082,-8.6095,-1.4088,0.3744,0.084878,0.1016,0.056357,0.46938,-0.026732,0.56189
7.6878,0.006751,3.5767,-0.20305,0.18132,0.07501,-0.56241,-0.43998,0.008655,7.3498,2.7459,1.3011,0.84624,0.011058,0.34719,-0.61133,-0.14773,0.35519,8.0206,-4.459,1.2458,-0.92558,0.53173,-0.38881,-0.43163,0.076177,-0.53023,-7.3495,3.2353,-1.0342,-0.67408,-0.05197,-0.44171,0.67415,0.045152,-0.28982,-8.534,-0.70496,-0.24233,-0.37879,0.012424,0.029696,0.46814,-0.03258,0.56157
7.9566,0.18929,3.6993,-0.13236,0.14149,0.004181,-0.56338,-0.43793,0.002583,7.1021,3.1502,1.4131,0.53484,-0.13481,0.60508,-0.61315,-0.12629,0.36246,7.7376,-4.3124,1.4858,-0.84035,0.55638,-0.41611,-0.42279,0.086592,-0.53994,-7.1643,1.7695,-1.7941,-0.17291,0.064097,-0.80298,0.67341,0.068741,-0.28966,-8.8364,-2.0606,-0.90088,-0.52113,0.004725,0.155,0.4692,-0.044896,0.56336
8.2535,-0.013507,3.8047,-0.086812,0.16764,-0.035968,-0.56529,-0.43881,-0.001541,7.4454,3.2313,1.6756,0.11966,-0.27339,0.86393,-0.61474,-0.10311,0.36983,7.8984,-4.24,1.2792,-0.73638,0.45242,-0.38877,-0.41389,0.097341,-0.54593,-7.9942,2.0872,-1.466,-0.035216,0.17342,-0.92034,0.67326,0.093369,-0.28742,-8.9097,-1.2922,-0.54901,-0.22623,-0.052997,0.083342,0.47078,-0.055913,0.56195
8.5064,0.10131,4.225,-0.014305,0.3334,-0.084867,-0.56481,-0.44106,-0.007397,8.3565,3.0513,1.7799,-0.032255,-0.24477,1.0629,-0.61519,-0.077881,0.3751,8.2325,-4.4601,1.2734,-0.57475,0.39357,-0.3904,-0.4075,0.10483,-0.55136,-8.7487,3.5764,-1.4528,0.38186,0.15481,-0.90599,0.67367,0.11613,-0.28209,-9.2038,-2.4857,-0.5796,-0.4291,-0.019226,0.27781,0.47125,-0.064791,0.56148
8.4038,0.56083,4.3615,0.098864,0.29073,-0.13833,-0.56392,-0.44434,-0.012837,8.7047,2.8136,1.8029,0.19941,-0.13883,1.0776,-0.61666,-0.051292,0.38055,8.3474,-4.5281,0.9635,-0.4409,0.33664,-0.38415,-0.40227,0.10988,-0.55569,-8.8186,4.3313,-0.9299,0.40362,-0.001791,-0.83278,0.6718,0.13523,-0.28158,-8.8224,-2.8689,-0.43976,-0.21458,-0.1415,0.13702,0.4746,-0.074632,0.55805
7.7329,0.49228,4.3262,0.094681,0.52348,-0.15035,-0.5622,-0.44707,-0.020213,8.7247,2.6874,1.8243,0.65547,-0.047214,0.80752,-0.61943,-0.020162,0.38334,8.2101,-3.9786,0.87365,-0.40182,0.24127,-0.49998,-0.40068,0.109,-0.5604,-8.9106,4.5505,-1.4571,0.17904,0.14469,-0.74881,0.66695,0.15339,-0.28517,-8.9691,-1.4066,0.20402,-0.55089,-0.19664,0.2189,0.47689,-0.085749,0.55397
8.8103,0.052283,4.7641,-0.02572,0.38421,-0.12973,-0.56128,-0.4496,-0.030108,9.7643,3.0385,1.3755,0.84541,0.069416,0.48846,-0.62006,0.007573,0.38344,7.8652,-4.9396,1.6086,0.15535,-0.072407,-0.50107,-0.40236,0.1045,-0.56253,-12.451,6.5256,-3.7508,0.21961,0.21076,-0.39233,0.66855,0.16496,-0.27784,-10.768,-2.4907,0.79809,-0.58402,-0.44556,0.12411,0.48542,-0.10552,0.54383
10.409,0.41284,4.0028,0.002099,0.43861,-0.22282,-0.55757,-0.45489,-0.036867,11.706,3.0876,1.2127,0.85211,0.1808,0.43777,-0.62179,0.031887,0.38092,10.263,-4.6928,0.80718,0.56248,-0.17144,-0.42149,-0.40833,0.088386,-0.56358,-9.2478,7.2523,-2.337,-1.2304,0.30392,0.20746,0.67187,0.17061,-0.26992,-13.259,-4.4461,-0.5787,-0.28043,-0.73565,-0.35315,0.50199,-0.10931,0.53033
10.098,0.65379,3.6439,-0.004966,0.036685,-0.31234,-0.55391,-0.46104,-0.044537,11.932,2.0671,1.2046,0.8844,0.05002,0.14149,-0.62301,0.047836,0.37969,11.421,-4.1913,0.77446,0.48439,-0.14951,-0.024609,-0.41371,0.070497,-0.56252,-12.023,0.55698,-3.3607,-0.47186,0.36402,0.25514,0.67789,0.17426,-0.25242,-12.448,-2.3156,-2.1949,0.18845,-0.89137,-0.86142,0.52322,-0.095265,0.5132
11.485,0.001172,4.7691,0.1636,-0.15564,-0.16702,-0.5496,-0.46587,-0.039758,12.126,3.656,1.9419,0.65072,-0.096087,0.27451,-0.62284,0.065591,0.37639,11.553,-5.037,2.1893,0.65926,-0.59067,0.41886,-0.42235,0.063718,-0.55867,-11.979,0.17386,-1.349,-0.012709,0.30879,0.043035,0.68468,0.1703,-0.24201,-13.816,-0.57383,-2.9229,0.63489,-0.63075,-0.70739,0.54464,-0.06625,0.49772
12.82,0.3589,5.2515,0.32892,0.092238,-0.005355,-0.54939,-0.46856,-0.033187,12.922,2.6931,1.5488,0.27262,-0.14645,0.50321,-0.61881,0.080773,0.38183,12.458,-4.2684,1.5492,1.157,-0.72452,0.68268,-0.43819,0.051078,-0.54864,-11.745,-2.6365,-3.2916,0.34356,0.080829,-0.23363,0.68499,0.17074,-0.24072,-12.697,0.22753,-0.76574,1.1392,-0.39516,-0.4742,0.55648,-0.034855,0.49074
12.223,0.51063,5.5538,0.48067,0.036767,0.019675,-0.55145,-0.46988,-0.025142,12.318,1.9941,1.7605,0.46956,-0.080991,0.36213,-0.61869,0.096009,0.37969,11.517,-4.01,2.1562,0.80363,-0.5845,0.7141,-0.4513,0.045034,-0.53961,-11.612,0.15709,-4.1772,0.25929,0.089566,-0.42718,0.68463,0.17539,-0.24126,-11.9,1.3409,0.17685,0.67454,-0.38275,-0.29428,0.56323,-0.008953,0.48191
10.373,1.0772,4.6409,0.40399,0.24185,0.015742,-0.55207,-0.46876,-0.019545,11.851,1.887,1.8544,0.83956,-0.025796,0.072074,-0.61667,0.11292,0.38049,11.837,-4.2002,1.805,0.7869,-0.5104,0.70372,-0.46281,0.040785,-0.5302,-10.25,0.40986,-2.3572,-0.013194,0.09987,-0.47468,0.68213,0.18706,-0.23898,-11.407,0.7392,0.70638,0.1366,-0.40843,-0.30417,0.57188,0.008211,0.47278
9.0316,1.0662,4.5262,0.41211,0.18983,-0.025202,-0.55021,-0.46974,-0.016457,10.322,1.6414,1.5693,1.1062,0.10372,0.000903,-0.61623,0.12776,0.37476,9.8584,-3.9403,1.8365,1.0702,-0.57308,0.72546,-0.47249,0.032505,-0.52034,-10.624,0.48362,-2.4173,0.13997,-0.041071,-0.6221,0.67973,0.2016,-0.23976,-9.5052,0.35038,0.42376,0.1707,-0.60552,-0.72158,0.58234,0.024011,0.46181
8.2262,0.7114,4.1075,0.42984,-0.072165,-0.010484,-0.55111,-0.47005,-0.008636,9.3452,2.0936,1.7986,0.812,0.13628,0.070979,-0.61833,0.14167,0.3659,9.6924,-3.6064,1.5789,1.3827,-0.57108,0.80265,-0.48429,0.021196,-0.50931,-9.1786,1.2379,-2.0965,0.3818,-0.038493,-0.55488,0.67333,0.21542,-0.24353,-8.7108,0.74299,0.28887,0.2522,-0.5391,-0.72081,0.59268,0.047963,0.44698
7.555,0.43635,3.847,0.34367,0.13364,0.074151,-0.55341,-0.47245,-0.002686,8.2033,1.5977,1.6412,0.59413,0.14827,0.22996,-0.62084,0.15516,0.35853,7.7153,-2.5884,1.2184,1.4691,-0.4415,0.9686,-0.49369,0.007846,-0.50122,-8.3875,2.4736,-2.7796,0.62254,-0.060244,-0.43129,0.66841,0.22147,-0.25015,-7.7069,0.73731,0.57468,0.21533,-0.51137,-0.65767,0.60065,0.069223,0.43263
7.0796,0.63383,3.5762,0.45593,-0.21281,0.11313,-0.55452,-0.4675,0.006268,8.3886,1.8062,1.6092,0.50914,0.14392,0.31961,-0.62023,0.16942,0.35119,8.2815,-3.2078,1.228,1.4197,-0.53247,0.99318,-0.50234,0.001,-0.48991,-8.7177,2.8464,-2.5991,0.026508,-0.045168,-0.33583,0.66638,0.22889,-0.25448,-7.9626,0.35133,0.22576,-0.008592,-0.30473,-0.46386,0.60508,0.085583,0.42377
7.6679,0.37844,3.2806,0.45979,-0.16247,0.12299,-0.55845,-0.46507,0.021153,8.4323,1.6665,1.4315,0.36677,0.16737,0.24709,-0.62155,0.1819,0.34491,8.1255,-2.7687,0.51891,1.0591,-0.23937,0.90153,-0.51301,-0.005957,-0.48556,-8.5673,1.3314,-2.3619,-0.1993,0.043069,-0.3126,0.66336,0.23773,-0.25272,-7.2437,0.10814,0.46131,-0.29197,-0.060163,-0.14165,0.60693,0.088159,0.42122
8.0914,0.33637,3.6938,0.39621,-0.16778,0.1467,-0.56089,-0.46128,0.032028,8.4429,1.3612,1.4156,0.39592,0.15886,0.18986,-0.62175,0.19228,0.33821,7.5889,-2.553,0.83944,1.0278,-0.16834,0.76814,-0.51503,-0.009256,-0.48232,-8.7365,2.2606,-2.3963,-0.16663,0.026422,-0.27369,0.6612,0.24736,-0.25271,-7.544,-0.8803,1.5888,-0.36776,0.011644,0.052766,0.60746,0.084092,0.42259
8.2045,0.63905,3.719,0.34655,0.01315,0.10575,-0.56391,-0.45835,0.041971,8.5213,1.4045,1.4868,0.40148,0.1008,0.21976,-0.62198,0.20224,0.33315,8.375,-3.4401,0.61258,0.73377,-0.14083,0.67262,-0.52175,-0.007931,-0.47871,-8.2416,2.1549,-1.7411,-0.10076,-0.016086,-0.20693,0.65878,0.25392,-0.25028,-8.4083,-2.4057,1.0921,-0.69142,0.068002,0.18101,0.60688,0.068841,0.42426
7.8097,0.78948,3.9408,0.34121,0.000947,0.061992,-0.56647,-0.45621,0.048141,8.2768,1.3705,1.5094,0.35503,0.094452,0.30364,-0.62183,0.21357,0.32834,7.8835,-3.6704,0.49182,0.6248,-0.083554,0.59386,-0.52529,-0.006805,-0.47952,-8.4296,3.3733,-2.7964,-0.13194,-0.039672,-0.083357,0.65735,0.25784,-0.25112,-8.852,-3.1708,0.49253,-0.44882,0.077648,0.20603,0.60538,0.05216,0.42912
7.6907,0.95999,4.1424,0.33583,0.004406,0.04647,-0.56736,-0.45389,0.056206,8.4404,1.2888,1.3594,0.35722,0.12355,0.39093,-0.61976,0.2278,0.32257,7.4987,-3.7558,0.4777,0.30253,-0.064013,0.60401,-0.52779,-0.002018,-0.47869,-8.3956,2.4598,-3.0723,-0.51411,0.041863,0.098755,0.65818,0.25977,-0.24637,-8.0817,-4.0947,0.95864,-0.017877,0.039616,0.29576,0.60566,0.041752,0.42944
7.512,0.82186,3.8492,0.30669,0.15161,0.056704,-0.56949,-0.45196,0.06043,8.4621,1.1974,1.2036,0.50504,0.17853,0.4309,-0.61703,0.24419,0.31531,6.9245,-4.3216,0.82103,0.13637,-0.13722,0.49393,-0.53092,0.005124,-0.47567,-6.7911,-1.1823,-2.0534,-0.17249,0.095171,0.040165,0.66001,0.26102,-0.24373,-8.4499,-4.547,0.48814,0.046431,0.38587,0.030367,0.6022,0.037731,0.43619
7.0764,0.51107,4.6495,0.32117,0.025029,0.11197,-0.57041,-0.44949,0.062865,7.8841,1.4107,1.2278,0.69775,0.14138,0.46995,-0.6147,0.26423,0.30595,5.9112,-4.5063,1.1022,0.25649,-0.19869,0.38589,-0.53465,0.011176,-0.47277,-9.862,5.8729,-3.008,-0.047855,0.031488,0.11711,0.66226,0.25992,-0.24171,-7.6107,-5.0034,1.7409,0.083451,0.23082,-0.22526,0.59497,0.042566,0.44203
7.1853,0.97337,3.6612,0.30921,0.20783,0.18776,-0.57616,-0.44528,0.068114,8.464,1.8823,0.93468,0.69352,0.15117,0.55289,-0.61152,0.284,0.29365,6.5642,-4.6824,1.318,0.47515,-0.27542,0.1733,-0.54198,0.00953,-0.46683,-7.7971,0.71002,-0.072771,-0.82148,-0.028935,0.59479,0.66747,0.25472,-0.23432,-8.0792,-2.8491,1.455,-0.10909,0.468,0.051879,0.59085,0.043977,0.45122
7.1022,0.88406,3.936,0.15689,0.0065,0.19845,-0.58068,-0.43933,0.069208,8.3957,1.8821,0.96827,0.64863,0.14598,0.56122,-0.60662,0.30571,0.28328,6.8221,-4.3213,0.95635,0.45899,-0.13056,0.084487,-0.54754,0.000897,-0.46181,-7.9986,-2.0976,-3.0894,0.48345,-0.045966,0.059326,0.6713,0.24575,-0.23603,-7.3222,-2.5315,1.4387,-0.041183,0.44669,0.23573,0.58313,0.037735,0.46082
8.4333,0.82481,4.9751,0.17192,-0.047961,0.177,-0.58541,-0.43481,0.076457,7.9895,2.23,1.2079,0.57481,0.032297,0.49896,-0.60144,0.3258,0.27321,6.8556,-4.2473,1.5104,0.1744,-0.13031,0.11949,-0.55224,-0.000815,-0.45899,-8.4531,5.0822,-2.6487,0.046939,0.060553,0.01654,0.67042,0.24385,-0.2385,-7.7242,-0.76473,0.81681,0.28775,0.54045,0.63543,0.57348,0.030445,0.47217
7.8801,1.7355,4.313,0.017487,0.43659,0.014135,-0.58733,-0.43216,0.072308,8.1305,2.2915,1.022,0.4965,0.010674,0.43194,-0.59455,0.34318,0.26677,7.6745,-4.4553,1.5069,-0.004804,0.033712,0.061546,-0.5549,-0.000372,-0.45637,-7.1553,0.10414,-1.6195,0.30627,-0.024869,0.14908,0.67368,0.23923,-0.23604,-8.532,-0.23137,1.0212,0.041639,0.48838,0.92909,0.56591,0.013906,0.48388
7.142,1.8143,4.6212,-0.25251,0.23281,-0.2207,-0.58908,-0.4347,0.063751,7.8848,2.9427,1.2081,0.44965,-0.046148,0.40007,-0.59117,0.35894,0.25992,7.05,-3.9545,1.452,-0.42573,0.26444,0.035796,-0.55134,0.005479,-0.46044,-7.1786,3.6447,-3.7618,0.63752,0.032614,-0.13048,0.67418,0.23371,-0.24238,-11.944,-3.4711,2.9415,-0.044567,0.53675,0.726,0.55432,-0.007485,0.49428
9.5125,1.907,4.4757,-0.51364,0.18311,-0.22609,-0.58449,-0.44199,0.051281,11.57,4.4845,1.0531,-0.20614,-0.18108,0.52653,-0.582,0.37144,0.26018,9.6436,-4.9484,1.5551,-1.0401,0.16132,-0.26388,-0.54894,0.016929,-0.46316,-12.432,5.3899,-4.7094,0.071974,0.064262,0.23991,0.67667,0.23276,-0.24099,-11.773,-9.6833,4.272,0.45896,0.20498,-0.16185,0.54668,-0.01144,0.50359
10.265,-0.015251,3.9094,-0.35437,0.010974,0.073984,-0.58452,-0.44349,0.040558,13.504,3.7918,0.90628,-0.9188,-0.10389,0.10445,-0.57644,0.37193,0.27546,10.951,-5.6827,1.2577,-1.115,0.22873,-0.39247,-0.54667,0.030738,-0.46607,-12.877,4.2545,-2.5717,-0.069181,0.035964,0.70461,0.68186,0.21673,-0.23804,-12.389,-4.4553,0.90732,-0.43211,0.24205,-0.4841,0.54589,0.008089,0.505
13.132,1.264,4.2677,-0.065626,-1.031,0.34277,-0.59106,-0.43593,0.053344,14.064,2.3289,1.6562,-1.1786,-0.24949,-0.90974,-0.58034,0.34836,0.29491,11.41,-6.8819,2.6274,-0.40276,-0.34138,-0.67103,-0.549,0.034149,-0.46423,-15.278,2.0855,-2.5725,-0.008553,-0.1669,1.197,0.68905,0.19012,-0.23956,-8.6758,5.5797,-3.1331,0.20471,-0.22833,-0.68631,0.54924,0.007247,0.5032
12.895,1.7241,4.5225,0.15439,-0.20453,0.25197,-0.59527,-0.42919,0.067927,12.752,2.0106,1.3405,-1.2492,-0.15358,-1.7483,-0.59825,0.29819,0.31496,11.164,-6.4569,1.9245,1.1097,-0.39618,-0.54578,-0.55625,0.012781,-0.45426,-12.982,-0.49559,-3.6038,0.28714,-0.070906,0.97994,0.69651,0.15771,-0.24323,-13.407,-0.13688,-6.6865,-1.1601,0.38191,0.31837,0.54588,0.0044,0.50609
12.997,1.8232,5.4862,-0.062758,0.10281,0.10267,-0.5976,-0.42559,0.070954,13.314,2.1103,1.2764,-0.75212,0.092303,-1.8719,-0.61843,0.24015,0.32617,12.493,-4.7544,1.7293,0.99896,-0.22716,-0.56799,-0.56343,-0.022198,-0.44536,-12.862,1.2566,-2.8982,-0.005984,-0.12621,0.6049,0.69902,0.13421,-0.24638,-11.208,-4.7236,-0.85848,0.84922,0.4582,0.092519,0.5369,-0.0049,0.51546
11.357,1.3065,4.6125,-0.51763,0.41064,0.1461,-0.60043,-0.42344,0.056826,13.498,2.628,0.98352,-0.38699,0.087667,-1.6561,-0.63741,0.18835,0.32784,11.739,-3.6435,1.6228,-0.85391,0.11835,-0.47678,-0.56261,-0.034253,-0.44343,-11.698,2.8958,-2.8916,-0.4539,-0.15504,0.9041,0.70277,0.11608,-0.25012,-11.997,2.617,-1.5392,0.62161,0.44979,0.36985,0.52892,0.013869,0.52409
9.512,1.6783,4.228,-0.80225,0.22737,-0.000519,-0.6023,-0.42276,0.036071,11.244,3.1214,0.74845,-0.43531,-0.072136,-1.3919,-0.6481,0.14334,0.32882,10.344,-4.5884,1.8332,-1.9924,0.46668,-0.2341,-0.5563,-0.010873,-0.45302,-9.6096,0.90547,-1.9173,-0.47491,-0.22293,0.89437,0.70286,0.093716,-0.25288,-10.361,-0.27897,-0.01063,0.003504,0.28667,0.50806,0.52015,0.002548,0.5326
7.7038,0.61135,4.2447,-0.93328,0.048862,-0.04392,-0.60187,-0.42417,0.016726,8.6814,4.4186,0.72894,-1.7522,-0.50117,-1.0689,-0.64918,0.094507,0.34025,8.1965,-4.9047,1.569,-1.914,0.60915,-0.060356,-0.54603,0.024148,-0.46538,-8.0714,1.1346,-1.4665,-0.41131,-0.26867,0.81819,0.70301,0.074613,-0.25947,-9.2847,-1.4612,-0.83215,0.17294,0.17348,0.38795,0.5155,-0.001705,0.53509
6.7702,-0.075868,3.8527,-0.95752,-0.058984,0.019303,-0.60244,-0.42527,0.000743,7.5555,3.7368,1.3894,-4.098,-0.80558,-0.90026,-0.64243,0.025745,0.36369,7.2707,-4.7858,1.4943,-1.0402,0.39453,0.064486,-0.53675,0.05273,-0.47352,-7.1397,0.32581,-0.81681,-0.6578,-0.31901,0.74353,0.70076,0.057627,-0.26846,-8.3589,-2.9955,-1.1791,-0.32022,0.24694,0.31241,0.51158,-0.011821,0.54155
7.142,-0.25648,3.817,-0.65198,-0.16858,0.021132,-0.60275,-0.42183,-0.010156,8.2695,1.0401,0.66241,-4.2827,-0.33172,-0.81823,-0.63384,-0.063402,0.37323,7.2306,-4.0083,1.1722,-0.53699,0.32532,-0.10458,-0.52992,0.066156,-0.47969,-7.2209,1.1842,-1.7496,-0.51962,-0.11161,0.45923,0.70029,0.048457,-0.27344,-8.9282,-3.6165,-0.11493,0.19377,0.29868,0.20235,0.50525,-0.0184,0.5471
7.931,-0.42613,3.8746,-0.37376,-0.32757,-0.012416,-0.60454,-0.42313,-0.012465,8.779,0.1691,0.82918,-2.3077,0.062036,-0.57723,-0.62921,-0.13233,0.36109,7.333,-3.804,0.73022,-0.61287,0.40941,-0.48597,-0.52367,0.071203,-0.48794,-7.4904,1.6597,-0.95283,-0.018802,-0.11209,0.42764,0.70039,0.03667,-0.27533,-8.6726,-3.3205,0.35325,0.70891,0.22905,0.12633,0.50021,-0.010235,0.55192
8.2608,0.1038,4.0596,-0.13815,-0.30333,-0.033115,-0.6041,-0.42524,-0.00903,8.8788,0.88234,1.1902,-0.141,0.46568,-0.79465,-0.62952,-0.1625,0.345,7.7136,-4.2723,0.89568,-0.71164,0.42985,-0.92139,-0.51829,0.06921,-0.49436,-6.5203,2.1848,-0.086235,0.067064,-0.3716,0.11623,0.69767,0.030579,-0.28182,-8.8288,-2.5573,0.15848,0.5395,0.17589,0.09658,0.4971,0.002005,0.55737
8.0741,0.11935,4.2522,-0.07899,-0.051676,-0.018621,-0.60421,-0.42532,-0.006153,8.5652,1.729,1.0415,0.77999,0.45841,-0.98895,-0.63113,-0.17755,0.33544,7.5439,-4.8205,1.13,-0.38821,0.35538,-1.233,-0.51238,0.057802,-0.5023,-6.2582,2.8813,-1.417,0.80861,-0.24261,-0.1554,0.69448,0.02689,-0.28898,-8.9407,-2.1976,-0.044101,0.26858,0.14461,0.10431,0.49143,0.00929,0.56026
7.5999,0.28185,3.4589,-0.04302,-0.073835,0.045281,-0.60379,-0.42407,-0.005622,8.2502,2.27,0.95457,0.6972,0.43658,-1.0693,-0.62854,-0.19293,0.3296,7.3681,-4.7034,1.3159,-0.013324,0.32065,-1.3272,-0.50703,0.034893,-0.50935,-6.931,4.7058,-0.84738,0.69339,-0.22375,-0.40545,0.69266,0.026976,-0.29749,-9.0162,-2.5632,-0.038893,0.17043,0.12098,0.14876,0.49056,0.012687,0.56299
6.9281,-0.060208,3.2875,-0.16297,-0.19379,0.009979,-0.6069,-0.42286,-0.002608,7.2195,2.6284,1.0519,-0.016725,0.28889,-0.95672,-0.62486,-0.21583,0.32171,7.6404,-4.3795,1.2728,0.11626,0.31134,-1.1283,-0.50314,0.00981,-0.51654,-7.9959,3.8939,-1.3555,0.51653,-0.25044,-0.59817,0.68762,0.030552,-0.30475,-7.93,-2.7348,0.59143,-0.057408,0.030194,0.017991,0.48915,0.010391,0.56273
7.2362,-0.70288,4.0913,0.2401,0.15554,0.19056,-0.60869,-0.42015,0.00084,6.929,2.4199,1.0735,-0.36745,0.16179,-0.57401,-0.62126,-0.23825,0.31456,7.6543,-3.9133,1.1965,-0.19397,0.22855,-0.71365,-0.4967,-0.008186,-0.52355,-8.5094,4.5336,-2.4092,0.50331,-0.10592,-0.70648,0.68675,0.042062,-0.30864,-8.0846,-1.1432,0.60805,-0.5672,-0.066957,-0.08451,0.48847,0.006191,0.5633
8.0126,-0.18467,4.4586,0.16534,0.15593,0.29545,-0.61481,-0.41538,-0.000997,6.3616,2.1436,1.5668,-0.31629,0.068724,-0.16513,-0.61992,-0.24949,0.30721,7.6351,-4.0782,1.1551,-0.40953,0.20755,-0.47197,-0.4931,-0.011484,-0.52918,-7.8967,4.8549,-1.5421,-0.55207,-0.13474,-0.67667,0.68418,0.063775,-0.31111,-8.1064,-0.13797,-0.62943,-1.1309,-0.25687,-0.069968,0.49353,-0.013131,0.55689
8.727,-0.008097,5.1813,0.28494,-0.03804,0.23363,-0.61815,-0.40863,0.002756,6.482,2.259,1.7697,0.27138,-0.081957,0.27476,-0.61993,-0.24874,0.30707,8.6145,-3.8465,0.54018,-0.56166,0.23501,-0.19446,-0.49074,-0.007697,-0.53302,-7.3541,4.3727,-0.48044,-0.89452,0.012504,-0.62279,0.68166,0.089506,-0.3109,-9.2747,-3.5846,-2.3613,-0.96191,-0.16763,0.033966,0.49916,-0.034242,0.55271
8.658,0.57482,4.0209,0.23185,0.14388,-0.055456,-0.62066,-0.40437,0.009831,7.0463,3.0305,2.0901,0.56287,-0.18526,0.71928,-0.624,-0.22974,0.31651,8.1973,-3.6681,0.98538,-1.0901,0.30151,-0.2339,-0.48228,0.007538,-0.54048,-8.6532,1.0717,-1.2981,0.051234,-0.022582,-0.77364,0.68005,0.11389,-0.30835,-8.7045,-3.7038,-1.0674,0.088795,-0.007963,0.037642,0.50086,-0.042088,0.55175
8.1731,0.53369,4.1661,0.27863,0.18526,-0.15228,-0.61957,-0.408,0.008196,7.7126,2.9842,1.6396,0.67624,-0.19625,1.0696,-0.63006,-0.1972,0.32623,8.6419,-4.4278,1.0542,-0.93601,0.14523,-0.3753,-0.48051,0.024835,-0.54375,-9.4313,1.5169,-0.92415,0.46576,-0.037713,-0.83888,0.67791,0.13077,-0.30849,-9.6181,-3.6701,-0.9483,-0.086987,0.064569,0.098667,0.49929,-0.039565,0.55178
8.2256,0.5632,4.0921,0.24911,0.038723,-0.20185,-0.6174,-0.4124,0.011975,8.16,3.1392,1.6577,0.94262,-0.17383,1.2348,-0.63772,-0.15657,0.33534,7.9283,-4.8429,1.6519,-0.18323,0.047639,-0.53121,-0.47709,0.028937,-0.54562,-9.2459,2.0623,-0.26088,0.82454,-0.11833,-0.84457,0.67316,0.14564,-0.31423,-8.8004,-3.3181,-0.18666,-0.1682,-0.14513,0.039206,0.50131,-0.040667,0.54917
8.5235,0.56056,4.154,0.12954,0.1506,-0.28728,-0.61343,-0.41877,0.012694,8.2095,3.2302,1.8649,1.0848,-0.2318,1.2992,-0.64207,-0.10939,0.34689,7.9268,-3.9885,1.6712,0.39879,-0.037067,-0.54919,-0.48077,0.011624,-0.54665,-11.066,6.8059,-4.9086,0.49083,0.12419,-0.59591,0.66884,0.15532,-0.31802,-9.825,-2.312,-0.30581,-0.35463,-0.24294,0.18415,0.50549,-0.051127,0.54463
10.177,0.38366,4.3589,0.034777,0.26761,-0.47193,-0.60621,-0.42783,0.008601,10.725,3.5397,0.97069,0.94217,-0.21518,1.2715,-0.6452,-0.061377,0.35536,10.174,-4.8306,2.023,0.86121,-0.20535,-0.38242,-0.48381,-0.010217,-0.54224,-10.093,8.788,-2.7907,-0.90885,0.61886,-0.094421,0.67197,0.17088,-0.30451,-12.419,-3.6119,-1.0403,-0.067154,-0.53529,-0.048848,0.51551,-0.057058,0.53634
11.178,0.71845,3.8316,-0.055378,0.3108,-0.51775,-0.59854,-0.44011,0.002435,11.235,3.0577,1.3895,0.48084,-0.58726,1.301,-0.64393,-0.017673,0.36339,11.761,-3.3998,1.0909,0.98299,-0.057336,0.21831,-0.48854,-0.032618,-0.53765,-11.137,-0.51678,-0.35607,-0.96212,0.53845,-0.025261,0.67949,0.18262,-0.28007,-12.642,-3.5114,0.43505,0.16807,-0.73315,-0.43232,0.52975,-0.047044,0.52316
12.466,-0.36368,5.1323,-0.007033,-0.15431,-0.32037,-0.59011,-0.44835,0.00085,13.338,3.4787,1.4796,0.81162,-0.34199,1.2448,-0.64077,0.023563,0.37119,11.8,-4.0549,2.0928,0.49244,-0.35314,0.69134,-0.49381,-0.038154,-0.53415,-10.922,0.85926,-1.0734,-0.1288,0.13776,0.16284,0.68421,0.18008,-0.27027,-15.016,-2.6,-0.71543,0.24565,-0.90313,-0.99613,0.5488,-0.025258,0.5039
12.157,-0.17222,4.1763,0.080938,0.60216,-0.040855,-0.588,-0.4521,-0.001268,14.228,3.1891,1.6975,0.88575,-0.42275,0.99671,-0.63191,0.063998,0.38243,13.55,-4,0.51009,0.55311,-0.22408,1.0366,-0.50421,-0.031803,-0.524,-10.828,-4.5906,-4.9289,0.44483,0.16486,0.11059,0.68594,0.17651,-0.26546,-12.968,-0.17425,-0.84607,0.71373,-0.72026,-0.78633,0.56535,0.006131,0.48721
10.99,-0.20697,5.9575,0.31842,-0.5451,0.008149,-0.58916,-0.45171,-0.001053,11.944,2.765,1.7326,0.88973,-0.37746,0.58121,-0.62323,0.095239,0.38858,11.669,-3.8612,1.4128,0.50131,-0.35624,1.1241,-0.50972,-0.021754,-0.51793,-11.548,2.1078,-4.388,0.46215,0.13589,-0.5341,0.68422,0.17737,-0.26784,-11.408,0.23419,-0.11657,0.96518,-0.60045,-0.47029,0.57681,0.03631,0.47294
10.432,1.0253,4.5147,0.58246,0.3495,-0.092125,-0.588,-0.45284,0.013116,11.09,2.2791,1.9875,1.1501,-0.34498,0.22068,-0.6169,0.11927,0.39398,11.381,-3.9564,1.1755,0.55791,-0.31496,1.1489,-0.51736,-0.009289,-0.51058,-10.095,-0.78956,-2.2852,-0.50837,0.22542,-0.44938,0.6829,0.19373,-0.26091,-10.837,1.1568,0.13456,0.45125,-0.49261,-0.35282,0.58775,0.060512,0.4594
8.7026,0.91989,4.7023,0.48394,0.19559,-0.096324,-0.58652,-0.45445,0.011351,9.6209,2.6623,1.9876,1.2774,-0.056528,0.11338,-0.61408,0.14192,0.38973,10.524,-3.9911,1.2756,0.76355,-0.35832,1.0463,-0.52256,-0.001887,-0.50057,-9.4135,0.60567,-1.763,0.37082,0.069043,-0.52777,0.68209,0.20691,-0.25613,-8.8601,1.1252,0.12306,0.44498,-0.58902,-0.56961,0.59515,0.07835,0.44369
7.7571,0.81116,4.1498,0.48541,0.12013,-0.078795,-0.5855,-0.45571,0.020824,9.1953,2.353,1.8013,1.4965,0.21855,0.081794,-0.61553,0.16295,0.38004,8.3442,-2.8781,1.3014,0.86842,-0.30014,1.0125,-0.52676,0.001534,-0.49233,-8.9434,1.9364,-2.1526,0.50111,0.063476,-0.35726,0.67838,0.21246,-0.25963,-7.706,1.1773,0.7626,0.38937,-0.56683,-0.59607,0.60408,0.1005,0.43039
7.2216,0.6628,3.4213,0.4571,0.32594,0.044217,-0.5865,-0.45547,0.021701,7.8613,2.8417,2.0189,1.5654,0.22332,0.2696,-0.61931,0.18989,0.36274,7.0003,-3.2789,1.1927,1.0055,-0.33353,0.99275,-0.5323,0.004533,-0.48691,-9.1237,1.7964,-2.9287,0.14788,0.071036,-0.32994,0.6762,0.21866,-0.26128,-7.3761,1.1968,1.1641,0.28213,-0.48257,-0.39369,0.61046,0.12061,0.41525
6.914,0.36767,3.7527,0.29752,-0.010844,0.11656,-0.58836,-0.45493,0.026077,8.1106,3.3089,1.6484,1.1789,0.22547,0.13685,-0.62285,0.21349,0.34477,7.6655,-3.1406,0.72861,1.1978,-0.39114,0.68042,-0.53953,-0.001221,-0.47881,-9.3167,2.2245,-1.4627,-0.18159,0.088346,-0.32879,0.67341,0.22815,-0.25709,-7.2644,0.88292,1.0606,-0.20022,-0.31353,-0.18881,0.61349,0.12656,0.40461
7.7332,0.38975,3.9977,0.19533,-0.10411,0.17711,-0.59045,-0.4507,0.033823,9.0263,3.1776,1.7044,0.51282,0.22743,-0.061138,-0.62434,0.22401,0.33252,8.5404,-2.9933,0.086703,0.99949,-0.14148,0.59619,-0.54548,-0.00996,-0.47429,-8.6627,2.723,-1.7202,-0.27051,0.045054,-0.25227,0.67254,0.23733,-0.25523,-7.9636,-0.68966,1.0296,-0.58829,-0.003223,0.14745,0.61746,0.12002,0.40139
8.2985,0.28069,4.2396,0.11976,-0.20336,0.14287,-0.59365,-0.44593,0.040881,8.768,2.5675,1.5567,-0.007547,0.19365,-0.15142,-0.62968,0.22427,0.32636,8.6526,-3.1544,0.25986,0.70505,-0.12311,0.5959,-0.55039,-0.011052,-0.47077,-8.2923,2.819,-2.8081,-0.34211,0.029977,-0.21713,0.67079,0.24682,-0.25163,-8.8195,-2.2638,1.6606,-0.79431,-0.2728,0.35826,0.6202,0.10354,0.40267
8.3296,0.45909,4.0172,0.077363,-0.052589,0.067379,-0.5941,-0.44388,0.044776,8.3828,2.2373,1.6938,-0.10505,0.17933,-0.17036,-0.63228,0.22127,0.32153,8.6137,-3.188,0.17186,0.48487,-0.10042,0.62925,-0.55341,-0.00886,-0.46833,-8.2993,2.7958,-2.6582,-0.49461,0.09976,-0.14959,0.67015,0.25468,-0.24453,-9.1242,-4.6182,0.40934,-1.0855,0.015763,0.35931,0.62422,0.078052,0.40402
8.0461,0.53426,4.3139,0.12564,-0.007444,0.048088,-0.59583,-0.44114,0.046785,8.3131,1.557,1.5202,-0.003389,0.1468,-0.030989,-0.63659,0.21508,0.31953,7.8316,-3.1625,0.34044,0.21308,-0.12026,0.57215,-0.55401,-0.001062,-0.46569,-8.9998,2.2778,-3.1668,-0.56259,0.024472,-0.12375,0.66926,0.26315,-0.2368,-8.3463,-5.8809,1.629,-0.6042,-0.059633,0.10409,0.6234,0.057359,0.40334
7.5694,0.48693,4.1384,0.14463,0.16719,0.059161,-0.59913,-0.44014,0.048615,8.4069,1.7812,1.2788,0.2284,0.24639,0.063706,-0.63877,0.21541,0.31142,7.4933,-3.5621,0.75044,-0.061427,-0.10363,0.38802,-0.55714,0.008928,-0.46275,-7.3953,2.977,-2.0776,-0.63096,0.16484,0.14826,0.67027,0.268,-0.22988,-7.9106,-4.8201,0.98945,-0.18332,0.091971,-0.004723,0.62517,0.052027,0.40554
6.5585,0.80062,3.6628,0.10553,-0.062394,0.056333,-0.60072,-0.43766,0.050894,7.7904,1.8248,1.3093,0.3162,0.29231,-0.011565,-0.64218,0.22209,0.3025,6.524,-3.8686,1.0759,0.024527,-0.15273,0.20754,-0.56027,0.015206,-0.45994,-7.1148,-0.44369,-1.4756,-0.22833,0.098161,0.17979,0.67146,0.26541,-0.22114,-7.4888,-3.5686,1.3734,-0.19555,0.21928,-0.080054,0.61984,0.049025,0.40952
6.8307,0.31485,4.1988,0.11547,-0.19062,0.11348,-0.60183,-0.43567,0.057251,7.701,1.9785,1.1005,0.3236,0.25385,-0.066962,-0.64506,0.22282,0.29322,6.0269,-3.7933,1.1062,0.15265,-0.22626,0.059032,-0.56327,0.017367,-0.45425,-9.5448,2.372,-2.8928,-0.14972,0.024407,0.18163,0.67565,0.25932,-0.21965,-6.784,-3.1688,1.4237,0.048227,0.25998,-0.008356,0.61693,0.049076,0.4157
8.1735,0.51972,3.9865,0.20215,0.10816,0.092379,-0.60363,-0.43334,0.060438,8.2674,2.0139,0.80046,0.11546,0.26907,0.004286,-0.64906,0.2238,0.28387,7.0561,-4.5999,1.2923,0.30785,-0.21732,-0.1905,-0.56804,0.010179,-0.44792,-7.8796,1.0505,-2.6778,-0.34392,0.1435,0.10096,0.67747,0.25873,-0.21127,-8.3388,-1.2489,1.2607,0.32129,0.36236,0.2383,0.61103,0.049722,0.42319
8.6122,0.7352,4.7969,0.046134,-0.004788,-0.019432,-0.6045,-0.43045,0.061301,8.4547,1.7416,0.96313,0.22899,0.15428,0.032972,-0.65054,0.22656,0.27775,7.8166,-4.7735,1.2066,0.10806,-0.036658,-0.37298,-0.57046,-0.001167,-0.44303,-8.3411,6.6263,-2.4156,0.12926,0.12026,-0.025068,0.67657,0.26006,-0.20634,-8.3399,-1.816,1.1173,0.15039,0.42853,0.48158,0.60577,0.042613,0.43301
7.5417,0.95388,4.1188,-0.049713,0.14361,-0.069581,-0.6035,-0.43252,0.057951,8.3639,2.2395,1.2369,0.37315,0.04976,0.23314,-0.65184,0.23458,0.27104,7.5729,-4.6993,1.1258,-0.27499,0.12246,-0.32546,-0.56901,-0.005775,-0.44572,-8.047,-0.27868,-0.57182,-0.30821,0.025904,0.52175,0.68109,0.2518,-0.20049,-8.2866,-1.639,1.6937,0.28527,0.50699,0.65994,0.59631,0.031277,0.44253
6.7786,0.35941,4.2733,-0.1881,0.20228,-0.02907,-0.60326,-0.43402,0.052342,7.9893,2.2713,1.1911,0.21928,0.037307,0.413,-0.64767,0.24648,0.26892,6.75,-4.8305,0.83213,-0.31408,0.18403,-0.16223,-0.56652,-0.005091,-0.44923,-7.6028,-0.25525,-2.1758,0.9833,-0.092601,-0.11439,0.68127,0.24007,-0.21054,-7.9473,-0.56699,2.2401,0.042229,0.52193,0.74004,0.58896,0.017406,0.4542
7.4265,0.50799,4.7193,-0.02958,0.15485,0.11098,-0.60545,-0.43332,0.045578,7.7446,1.7175,1.43,0.41163,0.021962,0.52149,-0.64245,0.26282,0.26379,6.0186,-4.5357,0.93324,-0.27856,0.063441,-0.064582,-0.5636,-0.000225,-0.45138,-8.6886,2.64,-3.431,0.26373,-0.20384,-0.12435,0.67983,0.23931,-0.21661,-11.805,-5.3309,2.7596,-0.73279,0.70512,0.53979,0.57664,-0.003645,0.46891
10.313,1.0191,4.4685,-0.069864,0.098599,0.12513,-0.60703,-0.42851,0.045485,11.065,2.3554,1.2686,1.1711,0.055424,0.72414,-0.63639,0.28514,0.25434,9.5913,-5.3497,0.8451,-0.33485,-0.13299,-0.34144,-0.56479,0.000161,-0.44832,-11.255,6.1563,-3.9665,-0.12643,-0.10166,-0.032886,0.67614,0.24174,-0.22048,-11.783,-10.036,2.7249,-0.52708,0.26837,-0.2178,0.56469,-0.020098,0.48049
9.8384,-0.51527,3.8507,-0.12865,0.37748,0.27055,-0.61034,-0.42568,0.034737,12.051,3.1147,0.62704,1.6419,0.22187,0.57913,-0.63002,0.31822,0.23336,11.106,-5.2286,0.77796,-0.35419,0.15059,-0.46055,-0.56644,-0.002385,-0.44761,-12.052,5.4094,-1.8062,0.086109,-0.31046,0.78539,0.67736,0.22843,-0.22538,-10.318,-2.1491,0.76927,0.057717,0.34111,-0.43321,0.56083,-0.009249,0.48427
11.457,1.9721,4.6624,0.10347,-1.24,0.37022,-0.61803,-0.41535,0.047984,13.26,4.7527,1.672,0.83257,-0.32933,0.059585,-0.6248,0.3386,0.21703,11.482,-5.6032,1.4403,-0.19169,-0.35017,-0.52316,-0.56688,-0.006216,-0.44657,-15.84,3.4074,-3.6355,0.2168,-0.44576,1.5606,0.68196,0.18969,-0.23899,-10.28,3.9996,-1.9247,0.43931,-0.015111,-0.795,0.55641,-0.002483,0.49016
12.821,1.6228,4.0737,0.1788,-0.48404,0.14829,-0.61843,-0.41005,0.072931,12.618,4.1546,1.092,-1.1447,-0.36807,-0.60745,-0.62759,0.32478,0.23062,11.793,-5.7513,1.8925,0.77706,-0.35999,-0.43633,-0.571,-0.022494,-0.43694,-12.402,-0.45872,-4.7025,-0.16855,-0.070531,1.1837,0.68832,0.15005,-0.24588,-13.059,1.6662,-5.8915,-0.83308,0.17511,0.1007,0.55566,0.006014,0.49024
14.468,2.4631,5.5089,-0.26105,-0.20449,-0.094924,-0.61678,-0.41036,0.079541,13.278,2.9807,0.73113,-1.8069,-0.16862,-1.0554,-0.63511,0.28712,0.25525,12.931,-4.3953,1.9301,1.0996,-0.44038,-0.25727,-0.57889,-0.048582,-0.42267,-12.859,0.62675,-2.9049,-0.9274,-0.064416,0.43307,0.69242,0.13553,-0.24273,-12.139,-1.7013,-0.98557,0.46687,0.26558,0.15216,0.54855,-0.007571,0.49807
12.846,1.1,5.0999,-0.66886,0.37232,-0.16659,-0.61627,-0.41332,0.066754,13.631,2.7187,1.2568,-1.6082,-0.11199,-1.1153,-0.64551,0.23929,0.27778,13.2,-3.5937,2.1695,0.004181,-0.21069,-0.15988,-0.58289,-0.061278,-0.41277,-12.773,1.6965,-2.2292,-0.86275,0.043824,0.5135,0.69253,0.13285,-0.24106,-12.119,1.905,-2.7979,0.13822,0.29317,0.33026,0.54282,-0.000815,0.50366
10.667,0.42182,4.9153,-0.58284,0.57271,-0.10559,-0.61573,-0.41929,0.043768,11.913,2.612,1.3187,-1.0039,-0.12739,-0.92065,-0.65436,0.19869,0.29078,11.574,-3.0028,2.1297,-1.8358,0.31366,0.07714,-0.58249,-0.043325,-0.41456,-10.336,0.28416,-1.061,-0.54231,-0.035067,0.73502,0.69461,0.1223,-0.23992,-10.812,-0.66079,-1.289,-0.33965,0.29624,0.54626,0.53604,-0.0168,0.51039
8.3719,0.17532,4.4786,-0.44698,0.09295,0.004922,-0.61518,-0.42037,0.026646,9.637,2.8936,1.272,-0.77712,-0.133,-0.86599,-0.65807,0.16544,0.30029,8.7509,-4.7709,2.455,-2.2992,0.54495,0.092012,-0.5745,0.00133,-0.4291,-9.2175,0.76653,-0.58897,-0.18776,-0.099392,0.76468,0.69773,0.10353,-0.2396,-10.169,-1.6208,-0.99689,0.042476,0.25867,0.57738,0.53046,-0.031749,0.51599
7.2579,0.66823,3.8468,-0.23959,-0.29904,-0.012388,-0.61567,-0.42127,0.02742,8.3024,2.4091,1.2519,-0.65775,-0.070547,-0.9443,-0.66248,0.13297,0.30838,7.6178,-5.8815,2.3203,-1.178,0.43646,-0.29771,-0.56611,0.026755,-0.44045,-8.0674,1.1127,0.21392,-0.50226,-0.27822,0.72466,0.69905,0.084323,-0.24384,-8.8963,-2.2183,-0.57369,-0.002505,0.34882,0.58659,0.52224,-0.043688,0.52299
7.0808,0.871,3.5036,-0.22008,-0.10333,-0.10808,-0.61494,-0.42225,0.026276,7.6778,2.4873,1.1416,-0.36623,0.061026,-1.0012,-0.66719,0.10016,0.31072,6.9738,-5.0249,1.6015,0.43143,0.41486,-0.50796,-0.55767,0.020974,-0.45107,-7.2725,0.2928,-0.21931,-0.26234,-0.27028,0.50039,0.69642,0.072125,-0.25057,-8.7761,-2.5134,0.36114,0.15315,0.32492,0.53356,0.51459,-0.053839,0.52934
0,0,0,0,0,0,0,0,0,0,0,0,0,0,0,0,0,0,0,0,0,0,0,0,0,0,0,0,0,0,0,0,0,0,0,0,0,0,0,0,0,0,0,0,0
0,0,0,0,0,0,0,0,0,0,0,0,0,0,0,0,0,0,0,0,0,0,0,0,0,0,0,0,0,0,0,0,0,0,0,0,0,0,0,0,0,0,0,0,0
0,0,0,0,0,0,0,0,0,0,0,0,0,0,0,0,0,0,0,0,0,0,0,0,0,0,0,0,0,0,0,0,0,0,0,0,0,0,0,0,0,0,0,0,0
0,0,0,0,0,0,0,0,0,0,0,0,0,0,0,0,0,0,0,0,0,0,0,0,0,0,0,0,0,0,0,0,0,0,0,0,0,0,0,0,0,0,0,0,0
0,0,0,0,0,0,0,0,0,0,0,0,0,0,0,0,0,0,0,0,0,0,0,0,0,0,0,0,0,0,0,0,0,0,0,0,0,0,0,0,0,0,0,0,0
0,0,0,0,0,0,0,0,0,0,0,0,0,0,0,0,0,0,0,0,0,0,0,0,0,0,0,0,0,0,0,0,0,0,0,0,0,0,0,0,0,0,0,0,0
0,0,0,0,0,0,0,0,0,0,0,0,0,0,0,0,0,0,0,0,0,0,0,0,0,0,0,0,0,0,0,0,0,0,0,0,0,0,0,0,0,0,0,0,0
0,0,0,0,0,0,0,0,0,0,0,0,0,0,0,0,0,0,0,0,0,0,0,0,0,0,0,0,0,0,0,0,0,0,0,0,0,0,0,0,0,0,0,0,0
0,0,0,0,0,0,0,0,0,0,0,0,0,0,0,0,0,0,0,0,0,0,0,0,0,0,0,0,0,0,0,0,0,0,0,0,0,0,0,0,0,0,0,0,0
0,0,0,0,0,0,0,0,0,0,0,0,0,0,0,0,0,0,0,0,0,0,0,0,0,0,0,0,0,0,0,0,0,0,0,0,0,0,0,0,0,0,0,0,0
0,0,0,0,0,0,0,0,0,0,0,0,0,0,0,0,0,0,0,0,0,0,0,0,0,0,0,0,0,0,0,0,0,0,0,0,0,0,0,0,0,0,0,0,0
0,0,0,0,0,0,0,0,0,0,0,0,0,0,0,0,0,0,0,0,0,0,0,0,0,0,0,0,0,0,0,0,0,0,0,0,0,0,0,0,0,0,0,0,0
0,0,0,0,0,0,0,0,0,0,0,0,0,0,0,0,0,0,0,0,0,0,0,0,0,0,0,0,0,0,0,0,0,0,0,0,0,0,0,0,0,0,0,0,0
0,0,0,0,0,0,0,0,0,0,0,0,0,0,0,0,0,0,0,0,0,0,0,0,0,0,0,0,0,0,0,0,0,0,0,0,0,0,0,0,0,0,0,0,0
0,0,0,0,0,0,0,0,0,0,0,0,0,0,0,0,0,0,0,0,0,0,0,0,0,0,0,0,0,0,0,0,0,0,0,0,0,0,0,0,0,0,0,0,0
0,0,0,0,0,0,0,0,0,0,0,0,0,0,0,0,0,0,0,0,0,0,0,0,0,0,0,0,0,0,0,0,0,0,0,0,0,0,0,0,0,0,0,0,0
0,0,0,0,0,0,0,0,0,0,0,0,0,0,0,0,0,0,0,0,0,0,0,0,0,0,0,0,0,0,0,0,0,0,0,0,0,0,0,0,0,0,0,0,0
0,0,0,0,0,0,0,0,0,0,0,0,0,0,0,0,0,0,0,0,0,0,0,0,0,0,0,0,0,0,0,0,0,0,0,0,0,0,0,0,0,0,0,0,0
0,0,0,0,0,0,0,0,0,0,0,0,0,0,0,0,0,0,0,0,0,0,0,0,0,0,0,0,0,0,0,0,0,0,0,0,0,0,0,0,0,0,0,0,0
0,0,0,0,0,0,0,0,0,0,0,0,0,0,0,0,0,0,0,0,0,0,0,0,0,0,0,0,0,0,0,0,0,0,0,0,0,0,0,0,0,0,0,0,0
0,0,0,0,0,0,0,0,0,0,0,0,0,0,0,0,0,0,0,0,0,0,0,0,0,0,0,0,0,0,0,0,0,0,0,0,0,0,0,0,0,0,0,0,0
0,0,0,0,0,0,0,0,0,0,0,0,0,0,0,0,0,0,0,0,0,0,0,0,0,0,0,0,0,0,0,0,0,0,0,0,0,0,0,0,0,0,0,0,0
0,0,0,0,0,0,0,0,0,0,0,0,0,0,0,0,0,0,0,0,0,0,0,0,0,0,0,0,0,0,0,0,0,0,0,0,0,0,0,0,0,0,0,0,0
0,0,0,0,0,0,0,0,0,0,0,0,0,0,0,0,0,0,0,0,0,0,0,0,0,0,0,0,0,0,0,0,0,0,0,0,0,0,0,0,0,0,0,0,0
0,0,0,0,0,0,0,0,0,0,0,0,0,0,0,0,0,0,0,0,0,0,0,0,0,0,0,0,0,0,0,0,0,0,0,0,0,0,0,0,0,0,0,0,0
