15.982,0.16645,4.1535,2.2283,0.34239,0.40042,-0.70275,0.028442,-0.55176,0.21087,13.744,-6.9109,1.8547,3.7351,0.17096,0.12229,-0.63213,-0.11162,8.4366,-16.573,0.66141,0.82591,-1.931,1.7926,0.15616,0.99965,-0.41994,-22.687,4.8539,-1.0748,0.13969,-0.49575,-3.1009,0.67339,-0.43322,0.37067,-18.339,4.0744,3.5318,0.81359,1.4409,-1.8573,0.9568,0.75459,-0.018414
9.679,0.55934,3.7799,1.8649,0.19253,0.10355,-0.69413,-0.026783,-0.55729,-3.9191,11.726,-4.8482,1.7134,3.4486,0.097641,0.1665,-0.63204,-0.012067,6.8109,-9.0997,0.2158,0.91075,-1.403,1.1891,0.18381,0.91736,-0.48851,-16.728,1.3046,3.2279,0.5146,-1.5767,-2.2171,0.75093,-0.31638,0.3562,-11.714,9.7936,4.0326,2.158,0.81297,-0.54749,0.89965,0.79687,-0.12512
4.0981,1.1038,1.0996,1.214,-0.062547,0.077548,-0.68807,-0.070552,-0.55209,-4.9073,8.2509,-2.1143,0.4911,2.7524,0.050078,0.16466,-0.64559,0.088059,5.8257,-2.5859,-0.68016,0.69971,-1.0615,0.72269,0.18523,0.85643,-0.52576,-6.9515,3.8494,-7.8178,0.85315,-1.9788,-1.3016,0.78614,-0.22199,0.33246,1.596,14.441,3.1793,3.3914,-1.51,-0.51255,0.86359,0.77948,-0.30729
-2.5081,2.3382,-1.5989,0.4579,-0.18708,0.266,-0.68936,-0.088984,-0.54655,-8.5562,2.578,0.86053,0.044872,2.1927,0.061895,0.15206,-0.67153,0.17125,5.5346,2.5641,-1.2534,0.95603,-0.58279,0.4294,0.17914,0.80302,-0.54992,-1.4847,19.885,-4.4692,-0.80104,-0.00656,-1.7083,0.78491,-0.15262,0.33499,2.1983,7.9274,2.1709,-1.5025,-1.0426,1.6001,0.85865,0.78657,-0.36261
-3.5915,1.151,-2.7192,0.084622,0.10118,-0.19742,-0.68522,-0.097214,-0.54551,-12.979,-0.093657,3.4166,-0.33757,0.29649,-0.18087,0.1496,-0.66649,0.18423,7.212,5.0943,-1.9272,0.8553,0.49292,0.29621,0.18472,0.77432,-0.56916,-1.2092,16.81,1.1819,-1.7523,-0.23848,-0.12555,0.79112,-0.15221,0.32204,-0.76326,-16.341,-13.79,-3.2576,1.2112,0.72521,0.93935,0.79387,-0.19165
-0.27677,1.3127,-1.6185,-0.8389,0.15376,-0.2505,-0.67993,-0.08273,-0.55263,-10.632,0.36719,1.8438,-1.1065,-1.2474,-0.29793,0.17674,-0.63729,0.13571,6.3201,4.906,-1.4167,-0.23682,0.70834,-1.1551,0.18385,0.78395,-0.57387,-2.3135,7.4663,3.3382,-0.034037,-0.71272,1.6025,0.79645,-0.20705,0.28019,-3.3793,-8.663,3.033,0.070253,-0.25877,-1.902,0.92643,0.81391,-0.073127
5.9399,1.6468,-1.2931,-1.3287,-0.12095,-0.95613,-0.68214,-0.050664,-0.54982,-8.1384,3.4667,-4.3164,-0.95728,-2.3667,-0.34534,0.20895,-0.55429,0.008514,7.4629,-2.5313,-0.52428,-1.6106,1.0189,-1.8947,0.15432,0.86782,-0.52792,-9.2724,5.0238,-7.4906,-0.33107,0.21885,2.5259,0.79814,-0.29939,0.22306,-9.2451,-9.4769,-12.771,1.0962,0.38883,0.53348,0.93103,0.80495,-0.062629
24.011,0.98531,1.8841,-0.86332,-0.37241,-0.58404,-0.69133,-0.038959,-0.53608,-6.4616,28.905,-15.259,-1.0281,-3.1589,-1.0835,0.24639,-0.4364,-0.1452,13.826,-24.988,1.6303,-2.3561,1.9785,-2.4062,0.11369,0.98872,-0.41967,-29.593,-2.7352,-0.66514,-0.15165,-0.79982,1.9499,0.77185,-0.41362,0.19115,-12.411,24.987,0.95409,0.044054,-0.19211,0.80828,0.91043,0.82088,-0.013451
21.169,3.4144,4.1841,-1.6243,0.41304,-0.4937,-0.69564,-0.020717,-0.53734,8.2417,28.466,-23.949,-1.8496,-5.575,-1.5836,0.18055,-0.38316,-0.24498,9.4187,-25.291,3.9403,-2.0724,1.3158,-1.4494,0.056628,1.049,-0.32863,-28.532,-8.9386,-1.2298,0.35945,-0.074971,3.3302,0.70474,-0.52185,0.16413,-23.557,6.6292,1.9414,0.54977,-0.43758,1.6189,0.96438,0.75062,0.011927
19.434,3.0659,5.87,-1.8757,-0.020063,-0.7148,-0.69445,-0.001444,-0.5448,10.29,19.429,-13.479,-0.17706,-3.8101,-2.1007,0.11213,-0.47082,-0.21358,4.4673,-20.425,5.5311,-0.93451,1.3269,-0.96864,0.012915,1.0658,-0.24747,-20.048,-5.6795,-1.333,1.0105,0.27033,3.1054,0.59876,-0.60486,0.21023,-23.338,6.7571,-5.032,-0.26047,-0.97817,2.8797,1.0153,0.67871,0.010654
14.76,2.1238,4.4256,-2.1236,0.14293,-0.45832,-0.69388,0.019848,-0.55366,11.495,10.337,-9.5426,-0.16978,-3.3522,-1.05,0.12003,-0.58355,-0.14476,0.78256,-14.338,5.1885,-0.20575,1.4829,-1.1428,-0.027253,1.0455,-0.2364,-12.783,-9.5646,-1.5805,-0.6128,1.0828,1.2181,0.50889,-0.64376,0.26576,-23.63,-5.484,1.1157,-1.3577,-1.3823,3.0053,1.0762,0.56311,0.003497
9.4738,0.8094,2.795,-1.7574,0.2747,-0.25931,-0.69673,0.049139,-0.56012,8.9764,6.0595,-4.4791,0.31109,-2.4786,-0.30772,0.12422,-0.65705,-0.1209,-2.1268,-9.4842,3.857,-0.9311,1.817,-1.0585,-0.07762,1.0271,-0.20808,-4.4103,-11.105,-2.0333,-1.0337,1.0291,-0.17536,0.45814,-0.65886,0.31285,-14.806,-8.3259,-1.2082,-1.6511,-1.7208,2.2192,1.1373,0.44994,-0.044175
2.7077,-0.024448,0.69373,-0.9453,0.4332,0.13612,-0.68959,0.070079,-0.57309,8.2412,0.80507,-0.89634,-0.21512,-1.6854,0.52438,0.14453,-0.70326,-0.10792,-4.5531,-5.3823,3.4213,-1.1551,1.8383,-0.87355,-0.10081,1.0127,-0.1742,5.0612,-15.624,0.78794,2.0439,-1.5453,-0.17832,0.47349,-0.63746,0.34919,-3.1842,-11.585,-7.6769,-0.65473,-1.2933,1.4303,1.1599,0.39172,-0.1183
-3.4358,-1.3027,-0.83862,-1.0592,0.014109,0.8192,-0.68185,0.099728,-0.58214,8.1581,-5.2759,1.1556,-0.1217,-0.81115,0.96496,0.17204,-0.74034,-0.091738,-7.9318,-1.6696,3.3739,0.1522,1.2001,-0.31932,-0.10346,1.0023,-0.17706,-1.0465,4.4925,1.8588,1.9529,0.6434,-2.2817,0.51557,-0.57185,0.40529,2.953,-18.836,-8.0933,0.49521,-1.0365,1.3272,1.1618,0.35008,-0.1926
-3.1733,-3.3442,-2.2229,-0.5108,-0.000502,0.49888,-0.68444,0.14079,-0.57599,7.1071,-5.8877,2.342,0.064962,0.32225,0.90165,0.14041,-0.74034,-0.099692,-10.134,1.7486,1.8141,0.89355,0.081579,0.8059,-0.091661,1.0025,-0.2125,-13.052,22.257,5.4923,1.2814,0.26124,0.25842,0.5246,-0.56634,0.3956,3.6863,-13.322,-2.7022,1.7629,0.34167,-0.37307,1.1709,0.31005,-0.21233
0.29772,0.090844,-1.0773,0.15313,-0.079624,0.037352,-0.68676,0.15062,-0.57342,8.2404,-1.8798,0.76822,0.51912,1.569,1.5561,0.078729,-0.71926,-0.11124,-5.5782,-0.009885,0.28549,0.68328,-0.86643,1.3463,-0.056755,1.0195,-0.24835,0.5056,-5.1012,5.4568,3.494,-0.36497,1.4032,0.48235,-0.5771,0.4301,-1.6656,-3.611,0.087356,0.047699,0.28892,-1.6551,1.1692,0.34433,-0.18617
10.868,-4.7604,1.3815,2.638,-0.17711,-0.64364,-0.69613,0.13362,-0.56903,8.6027,8.06,-6.0203,0.31653,2.182,1.0608,-0.02237,-0.6497,-0.17532,-3.9395,-8.7575,-0.53008,-0.073234,-1.1416,1.3171,-0.018846,1.0701,-0.25663,-19.051,-0.012961,-3.1648,-0.27231,3.4332,0.017122,0.49925,-0.59133,0.39316,-11.256,2.5043,-5.5714,-1.1088,1.3012,-2.4899,1.1495,0.42897,-0.097365
20.892,-0.56619,3.3428,1.3855,-0.45478,0.89468,-0.71552,0.12109,-0.54625,11.998,25.212,-15.134,0.31577,3.4416,1.6927,-0.04265,-0.58439,-0.25638,1.2265,-31.896,0.67451,1.4045,-1.9266,1.358,0.021587,1.1258,-0.26468,-9.3836,-22.216,-0.50801,-0.6095,0.17998,-1.0463,0.5068,-0.6052,0.37716,-19.321,-5.303,-5.161,-0.04624,-0.10481,-2.3985,1.0999,0.53255,-0.050075
21.64,-3.4432,6.1354,2.0906,-0.24838,0.95689,-0.71022,0.1021,-0.55177,5.9979,25.516,-12.768,2.2065,3.4055,-0.047317,0.010026,-0.58312,-0.25169,9.464,-25.741,0.3842,0.23128,-2.0042,2.1957,0.098213,1.1158,-0.32864,-21.597,-8.0001,-7.469,0.34495,-0.48546,-2.8903,0.57905,-0.56607,0.35922,-28.661,1.6893,-1.2957,-0.37677,1.3702,-3.3788,1.042,0.64458,0.012535
18.602,0.096173,5.3593,2.2355,0.31766,0.77933,-0.69802,0.078254,-0.56052,2.1342,15.976,-7.324,1.4266,3.3116,-0.39178,0.098281,-0.60835,-0.17787,5.1563,-20.955,1.6341,-0.052348,-2.3445,2.0809,0.1801,1.0605,-0.33555,-19.752,-2.4248,-8.1883,-0.081717,-0.25417,-2.7659,0.66868,-0.47377,0.36176,-21.796,2.3921,2.1839,0.24959,1.3912,-2.4001,0.96523,0.76373,0.015018
12.462,-0.10956,4.2742,2.2834,0.28279,0.18061,-0.68615,0.025833,-0.57372,-2.4482,11.323,-5.767,1.6029,3.3991,-0.37815,0.15195,-0.63681,-0.066652,7.7871,-12.966,0.60592,0.92825,-2.0784,1.5312,0.22506,0.97457,-0.39233,-21.483,2.4597,4.0915,0.12747,-0.97562,-2.7039,0.73331,-0.36109,0.36348,-14.403,6.3603,2.5287,1.8439,0.84403,-0.85542,0.9192,0.82408,-0.074075
7.4157,0.15479,2.014,1.7896,0.26341,0.0791,-0.67406,-0.025319,-0.57533,-4.5226,9.6471,-3.5321,1.4848,2.8666,-0.54415,0.185,-0.66,0.045023,6.3057,-4.6938,0.7427,0.3932,-1.7608,0.87802,0.24151,0.89313,-0.45095,-12.969,1.9968,-0.9215,1.7432,-2.265,-1.9846,0.79836,-0.21628,0.35387,-4.3287,11.383,0.96431,3.8975,-0.19925,-0.18027,0.88371,0.82317,-0.26553
0.28337,1.1804,0.71303,0.80577,-0.14424,0.20554,-0.66985,-0.054758,-0.57372,-5.3463,5.4938,-0.52813,0.58374,2.341,-0.42812,0.18306,-0.67066,0.12942,5.6882,0.25838,0.39291,0.80751,-1.3738,0.29051,0.22545,0.84937,-0.48569,-0.023064,22.853,-11.781,-0.70545,-0.58338,-1.7968,0.82373,-0.12728,0.32678,3.7801,19.685,6.4875,-1.2768,-0.92678,0.8584,0.83845,0.8122,-0.39309
-3.1382,1.4688,-1.572,0.30794,-0.24016,0.11363,-0.6753,-0.068967,-0.56701,-10.841,-0.16745,3.0868,0.19459,1.6001,-0.25709,0.17262,-0.67223,0.18262,5.8607,5.3467,-0.86167,1.0419,-0.66829,-0.15411,0.20014,0.81871,-0.51701,-1.0374,19.461,3.966,-2.6457,-0.082644,-0.63741,0.80585,-0.12771,0.32057,1.7004,-16.499,-5.9715,-4.4604,0.80361,2.0197,0.91544,0.79779,-0.30016
-3.9468,2.2022,-1.7748,-1.2622,-0.42024,-0.15867,-0.68281,-0.062364,-0.55508,-11.49,0.49245,3.9922,-0.65448,-0.68924,-0.40368,0.18886,-0.65644,0.16742,6.2622,5.7529,-1.024,0.39748,0.28227,-0.88402,0.1859,0.8133,-0.53027,-2.5032,9.4607,3.3097,0.25794,-0.7606,1.4332,0.80988,-0.17122,0.28847,-4.6403,-20.019,-3.5183,-1.1547,0.77834,-0.78227,0.93446,0.80107,-0.16297
0.88521,1.1111,-1.7005,-0.15888,-0.39474,-0.24437,-0.68888,-0.043124,-0.54373,-8.4412,0.81604,0.2505,-1.0263,-2.0701,-0.27412,0.22409,-0.61714,0.083417,7.876,0.62203,-0.010562,-1.3353,0.79844,-1.8503,0.1524,0.87177,-0.50101,-4.5043,3.5104,-3.3266,-0.11476,-0.50371,2.3688,0.80604,-0.25726,0.23657,-8.9182,-4.6144,8.3441,1.1897,1.1965,0.55668,0.90762,0.81972,-0.11722
32.881,6.9745,0.087544,-6.7786,-1.7838,-2.3269,-0.70324,-0.034788,-0.52512,-9.4404,15.586,-12.106,-0.95988,-2.8963,-0.71505,0.26098,-0.53363,-0.079274,12.604,-19.769,-2.3175,-3.3382,2.3094,-2.1389,0.12109,0.99367,-0.38477,-32.358,0.060323,-1.0163,0.21856,0.65215,2.6861,0.78253,-0.39028,0.21861,-28.19,25.773,10.924,0.10942,0.29446,-0.71089,0.92322,0.81339,0.020429
23.802,4.1741,1.5824,-1.592,-0.46955,-0.59002,-0.72749,-0.012421,-0.49582,-1.6346,34.504,-23.061,-2.9049,-5.2242,-0.58864,0.22903,-0.44598,-0.24543,11.105,-26.479,1.0478,-1.4401,1.9517,-1.394,0.062909,1.0674,-0.27333,-28.875,-6.3879,-1.7196,-0.81007,-0.30473,3.4323,0.72466,-0.50218,0.18023,-20.287,7.6966,4.2333,0.39692,-0.79144,2.5398,0.96983,0.75047,0.0375
20.51,3.1349,4.9981,-2.0209,-0.0379,-0.64919,-0.72884,-0.007678,-0.50041,11.24,24.165,-20.12,-0.42822,-4.832,-1.9701,0.13511,-0.46137,-0.26818,5.1624,-21.672,4.517,-1.3389,1.5799,-0.82718,0.025865,1.0979,-0.17941,-23.523,-8.4518,-1.6774,1.0582,0.24297,3.3165,0.61949,-0.60013,0.18313,-22.449,9.2725,-3.5161,-0.036431,-0.61003,2.4524,0.99941,0.67932,-0.003887
16.078,2.192,5.0927,-2.4017,0.003313,-0.42236,-0.73116,0.012809,-0.50761,11.006,13.169,-10.675,-0.10169,-3.9451,-1.3647,0.12539,-0.56574,-0.18857,1.0699,-15.339,4.6283,-0.068595,1.3093,-0.93635,-0.0116,1.0816,-0.16203,-12.983,-8.0995,-0.61068,-0.15339,0.65314,1.8137,0.51543,-0.65112,0.24419,-23.614,-6.5275,-3.8623,-1.4705,-0.90875,2.9417,1.0564,0.5684,-0.009404
10.772,0.95536,2.5969,-1.8892,0.082567,-0.16643,-0.73487,0.040091,-0.51246,11.227,6.2523,-5.7816,0.08417,-2.9957,-0.54298,0.16576,-0.65319,-0.13267,-2.7011,-9.5967,3.2757,-0.091542,1.5959,-0.99546,-0.046678,1.0548,-0.18241,-7.5644,-10.333,-1.1146,-0.98177,0.70859,0.12449,0.45873,-0.66258,0.28876,-15.539,-7.5274,-2.1298,-1.5939,-1.5916,2.6426,1.1011,0.46793,-0.057436
4.5394,-0.71851,0.12108,-1.0979,0.56338,0.1902,-0.72995,0.072254,-0.52587,10.144,-0.38496,-2.0031,-0.092928,-1.8148,0.43034,0.15354,-0.72826,-0.098805,-5.4308,-4.6062,2.441,-1.0188,1.5334,-1.0473,-0.083358,1.0147,-0.17964,3.3971,-14.981,-0.32662,0.28402,-1.0152,-0.54875,0.43743,-0.65842,0.32879,-4.9744,-12.298,-6.3569,-0.61215,-1.244,1.7995,1.1484,0.38426,-0.10332
-2.4259,-1.6552,0.069632,-0.99146,0.23732,0.89142,-0.71722,0.10609,-0.54552,8.2509,-4.4511,1.053,0.11203,-0.92545,1.055,0.14119,-0.75448,-0.097316,-7.9891,-2.4297,3.5721,-0.49754,0.84968,-0.36504,-0.10338,1.0116,-0.15522,2.6204,-8.8824,0.53649,2.5354,1.0167,-1.8743,0.46939,-0.60136,0.37697,-0.31133,-14.976,-5.2768,-0.046382,-0.83479,1.4398,1.1552,0.32945,-0.16518
-3.6649,-2.8397,-1.4175,-0.63558,0.18001,0.65845,-0.71372,0.1373,-0.54752,8.401,-6.4522,1.7301,0.080116,0.17433,1.1267,0.14149,-0.74877,-0.11217,-9.0545,-0.18597,2.4754,1.238,-0.19563,0.8288,-0.092697,1.0291,-0.17526,-14.58,43.905,-9.2677,-0.25386,2.548,0.44038,0.50322,-0.57137,0.36301,6.5415,-15.868,-4.7824,0.94309,0.072236,0.043804,1.1451,0.29028,-0.21821
-0.286,-0.96745,-2.0662,0.47165,0.062829,0.10178,-0.71358,0.14526,-0.54976,9.4573,-2.9662,0.79017,0.62904,1.6531,1.5709,0.078076,-0.73289,-0.11854,-5.9824,-0.41185,0.77534,1.4431,-1.0369,1.3263,-0.05413,1.0425,-0.24347,-1.2214,4.4796,-6.0227,3.1301,1.8771,1.5341,0.46164,-0.58299,0.38285,0.25118,-7.4977,-1.8331,0.37056,0.33254,-1.5768,1.1436,0.31674,-0.19785
8.6641,-5.019,0.064696,2.6658,-0.60459,-0.83266,-0.72454,0.12016,-0.54223,9.1074,5.8435,-4.9264,0.60984,2.6144,1.4695,-0.005166,-0.68631,-0.15091,-3.3048,-9.6258,-0.15818,-0.066841,-1.3961,1.3714,-0.011347,1.0843,-0.2775,-13.34,2.9996,-0.74997,-0.99892,2.4883,0.61634,0.44568,-0.61041,0.36329,-9.3883,0.36472,-7.1593,0.28974,1.5478,-2.4961,1.1271,0.38588,-0.11897
23.604,-1.2544,-0.46911,1.8866,-0.85453,0.63996,-0.74921,0.096959,-0.51207,13.108,25.82,-15.567,0.77092,3.7713,1.7229,-0.069895,-0.6276,-0.2291,1.8039,-31.821,0.54015,2.0689,-2.2676,1.435,0.048554,1.1212,-0.32369,-9.3107,-28.366,-2.233,-0.23998,0.38569,-1.8173,0.44586,-0.62248,0.34287,-20.864,-0.9871,-4.7123,-1.2773,-0.10395,-2.1507,1.0822,0.48944,-0.030793
20.27,-4.0336,4.5915,2.2517,0.22933,0.75145,-0.73791,0.075205,-0.52989,7.9203,26.82,-14.685,2.2849,3.3963,-0.17915,-0.022446,-0.62387,-0.24405,8.9639,-26.429,-0.34242,1.0345,-2.1185,2.2881,0.12908,1.0787,-0.43048,-19.746,-6.0601,-6.9087,-0.27067,-0.13581,-2.4604,0.55139,-0.56538,0.31674,-31.086,1.2118,1.7697,-1.1856,1.615,-3.2465,1.0084,0.60784,0.068092
17.728,0.701,4.0807,2.3475,0.39777,0.55649,-0.7289,0.032151,-0.5329,2.8368,15.288,-8.3823,2.0522,3.5432,-0.43661,0.07051,-0.63955,-0.18698,5.7123,-18.927,-0.099268,0.33293,-2.1703,2.0768,0.18678,1.0196,-0.45848,-20.887,-2.356,-7.776,-0.05214,-0.11394,-3.1813,0.63399,-0.49551,0.31744,-21.916,1.7684,3.3904,0.56626,1.3309,-2.4274,0.93129,0.71278,0.074665
12.946,0.87647,3.1426,2.271,0.3627,-0.0158,-0.71303,-0.021721,-0.54252,-3.1315,11.211,-5.9442,1.9199,3.4627,-0.32187,0.12353,-0.66353,-0.060597,6.422,-12.288,-0.094021,0.27528,-1.8018,1.513,0.21605,0.93757,-0.48705,-20.38,2.5661,2.9881,-0.11657,-0.7928,-2.6939,0.70055,-0.38716,0.32083,-14.371,6.6091,3.9792,1.7864,0.79318,-1.0483,0.88233,0.77784,0.000602
6.9556,0.62508,2.0584,1.6014,0.27958,0.055034,-0.70122,-0.074443,-0.5444,-5.2707,10.108,-3.6294,1.4732,2.9268,-0.30906,0.13539,-0.67649,0.058402,6.6488,-5.5321,0.17083,0.58698,-1.5713,1.0394,0.21645,0.86948,-0.51485,-11.986,1.6808,0.26154,1.3282,-1.8776,-2.0931,0.73135,-0.28334,0.31416,-5.6311,10.431,3.8383,3.67,-0.29769,-0.18513,0.86625,0.78671,-0.15946
1.0812,0.9098,0.075596,0.86917,0.16844,0.15781,-0.68546,-0.095645,-0.55494,-6.5489,5.7077,-0.605,0.73618,2.294,-0.29554,0.13353,-0.70028,0.1828,6.6153,1.3941,-0.46362,1.0514,-1.0885,0.42159,0.21376,0.78592,-0.55908,-1.9993,18.906,-9.5879,-0.33426,-0.751,-1.8162,0.77433,-0.16239,0.31196,6.6749,18.1,-3.2468,-1.1595,-1.3414,0.025463,0.82115,0.78954,-0.32206
-3.0162,1.8033,-2.0688,0.39036,0.049745,0.26571,-0.68202,-0.10077,-0.55177,-10.376,1.8182,3.0622,0.12144,1.1245,-0.5121,0.12873,-0.69708,0.21913,5.7831,5.3258,-1.1461,0.82114,-0.24343,0.093777,0.1997,0.74909,-0.584,-1.6977,22.128,2.2017,-2.479,0.015786,-1.0245,0.78135,-0.13235,0.31615,0.97691,-11.574,-3.4828,-3.9427,1.3753,2.1852,0.88927,0.78953,-0.20296
-2.7353,1.1868,-2.2573,-0.29989,-0.14891,0.056771,-0.69258,-0.10772,-0.53877,-10.363,0.86656,3.8137,-0.87248,-0.88312,-0.6143,0.14706,-0.6653,0.17332,6.0886,6.1593,-1.0631,-0.096225,0.14382,-0.94582,0.17987,0.76902,-0.59086,-2.046,10.602,3.3177,-0.10347,-0.63898,1.2472,0.7767,-0.17511,0.27748,-6.8616,-23.271,-1.951,-0.88619,1.229,-0.81675,0.90831,0.78901,-0.098773
1.155,1.3319,-1.891,-0.89937,0.053719,-0.20716,-0.69037,-0.086054,-0.54252,-7.8741,1.1309,0.29916,-1.3213,-2.2214,-0.45286,0.1893,-0.63109,0.079303,7.8793,0.087554,0.14059,-1.0638,0.83024,-1.6928,0.1594,0.8253,-0.55985,-3.7957,4.7023,-4.319,-0.22253,-0.41065,2.3449,0.78223,-0.25875,0.21972,-8.6982,-2.7682,16.316,1.3902,1.1802,0.054925,0.88025,0.81526,-0.086267
27.635,7.8271,19.872,-3.6969,-0.30381,-1.8635,-0.68714,-0.063188,-0.54228,-8.6732,14.763,-11.751,-1.2533,-3.1106,-0.70841,0.22326,-0.55689,-0.0747,13.314,-20.477,-1.7614,-2.4587,2.3929,-1.9256,0.14787,0.9336,-0.47801,-30.006,-0.37288,0.79458,-0.058038,0.52826,2.7839,0.7635,-0.38256,0.18059,-24.054,28.859,7.2971,0.12964,0.76808,-1.2163,0.88019,0.81284,-0.045881
22.464,3.7925,-0.35539,-1.8433,-0.36328,-0.48071,-0.70797,-0.033631,-0.52723,0.77552,35.102,-23.432,-2.955,-5.3978,-0.31478,0.20506,-0.47795,-0.2538,10.648,-24.736,1.2795,-1.5303,1.9478,-1.4506,0.12322,1.009,-0.38736,-28.906,-8.1432,0.12735,-0.1506,-0.3804,3.3054,0.72216,-0.50594,0.1379,-20.313,5.5748,4.3541,0.46263,-0.70491,2.6398,0.94045,0.75361,0.051318
20.214,3.7369,5.1042,-2.1824,-0.11592,-0.66915,-0.70837,-0.007523,-0.53371,14.05,20.784,-20.984,-0.75171,-4.5761,-1.5241,0.10533,-0.48711,-0.26559,5.606,-21.703,4.4435,-1.8798,1.7477,-0.9077,0.092848,1.0571,-0.26798,-24.267,-7.4666,-1.2357,1.5222,0.1857,3.5423,0.61279,-0.60883,0.16435,-21.785,11.449,-2.9686,0.47407,-0.47304,2.3649,0.99552,0.69412,0.043332
16.362,1.9712,4.1532,-2.5264,0.01768,-0.68345,-0.71497,0.00817,-0.53231,8.0439,13.415,-9.3553,-0.095232,-3.7651,-1.2895,0.070533,-0.55275,-0.20477,1.5127,-16.232,4.3181,-0.43235,1.7684,-1.1371,0.049019,1.072,-0.21427,-14.26,-8.1496,-0.59127,-0.12244,0.78941,2.0388,0.50448,-0.65878,0.21629,-23.657,-4.792,-4.5008,-1.334,-0.82101,3.0866,1.0454,0.59457,-0.013679
10.695,0.46628,2.7722,-1.9873,0.10128,-0.2989,-0.71596,0.037858,-0.53952,8.924,7.0716,-7.148,-0.27177,-2.9307,-0.51779,0.10451,-0.63605,-0.14658,-1.98,-10.772,2.9771,-0.3436,2.0772,-1.2464,0.006594,1.0523,-0.21062,-7.0219,-9.8879,-1.3218,-0.85963,1.0656,0.17824,0.4422,-0.67453,0.26769,-17.83,-7.3734,-0.39012,-1.4107,-1.5926,2.7988,1.0945,0.4899,-0.056996
5.3725,0.99057,0.91455,-1.1704,0.44932,0.022962,-0.71222,0.059425,-0.55004,9.2608,-0.28633,-3.787,0.074057,-1.8684,0.17685,0.13835,-0.69173,-0.12427,-5.2339,-5.5024,2.0317,-1.348,2.068,-1.3698,-0.036438,1.0403,-0.18135,1.918,-14.028,1.8035,0.38828,-1.1007,-0.40427,0.43728,-0.67208,0.30652,-6.6883,-11.303,-6.5774,-0.54008,-1.4069,2.0341,1.1252,0.41311,-0.12946
-1.677,-1.3611,-0.88536,-1.5662,0.66621,0.68637,-0.69027,0.099153,-0.57715,7.4696,-3.137,0.5682,-0.18916,-1.2106,0.64433,0.15336,-0.76782,-0.061175,-6.9791,-2.9755,3.1641,-0.86118,1.4831,-0.71189,-0.07352,1.014,-0.14885,4.5971,-11.467,0.001292,2.6747,0.74981,-1.6412,0.45846,-0.61257,0.38186,-0.28693,-14.329,-4.3483,-0.63827,-0.84936,1.5397,1.1478,0.34709,-0.16508
-5.1326,-3.8394,-0.4352,-1.7623,0.16039,0.90402,-0.68039,0.17181,-0.58056,8.0793,-6.5133,1.3679,-0.259,-0.3567,0.98953,0.12491,-0.77619,-0.075487,-8.5917,-0.091245,2.5052,0.95177,0.39093,0.39882,-0.076248,1.014,-0.16318,-13.48,44.466,-13.275,-1.2131,2.1962,0.17214,0.48972,-0.57638,0.37799,5.8074,-15.993,-4.6009,0.3236,-0.10497,0.2905,1.1542,0.30661,-0.19759
-0.40272,-0.77121,-2.7373,0.39776,-0.025062,0.14306,-0.68675,0.19369,-0.56937,9.443,-3.2417,0.64762,0.71332,0.93737,1.3928,0.067954,-0.73398,-0.12562,-7.6312,0.50691,0.81749,1.3291,-0.84519,1.086,-0.052455,1.0394,-0.20249,-2.5371,3.9948,-4.308,2.1691,1.7348,1.6293,0.46861,-0.58937,0.37585,0.55022,-8.4743,-0.66526,0.077302,0.17192,-1.57,1.1482,0.32991,-0.21395
4.5785,-2.5814,-1.0249,1.4527,-0.73908,-0.14557,-0.69975,0.18479,-0.56136,9.1429,5.5027,-3.64,0.84313,1.9607,1.3591,-0.007387,-0.69297,-0.14243,-4.2906,-5.8788,-0.38012,0.027111,-1.2747,1.1952,-0.019514,1.0774,-0.22724,-3.7083,-4.135,-25.301,-1.2678,1.8764,-0.54509,0.46011,-0.61222,0.34483,-6.3691,-0.087579,-5.7499,-0.12416,1.2003,-2.2781,1.1392,0.39883,-0.1474
25.821,-0.92994,-4.5691,1.5328,-1.8776,0.95215,-0.74426,0.10741,-0.52069,11.597,24.821,-13.573,0.73285,3.5651,1.366,-0.055043,-0.63859,-0.20509,-2.9584,-30.501,2.0195,0.67208,-2.0064,1.3002,0.021599,1.1337,-0.21919,-9.2659,-25.329,-1.8753,-0.56781,0.39138,-0.43311,0.4582,-0.63385,0.32695,-30.353,1.8565,0.1553,0.7539,-0.63065,-2.4499,1.0999,0.48709,-0.076216
22.864,-4.3893,6.8176,2.3098,0.032083,0.82569,-0.73935,0.094195,-0.52572,7.002,24.612,-13.279,1.9738,3.6591,-0.11352,-0.022192,-0.63301,-0.20701,9.1585,-27.751,-0.17955,1.6636,-2.2785,2.5127,0.12231,1.1052,-0.35209,-21.108,-11.419,-7.2303,0.29549,-0.17659,-2.6753,0.52032,-0.60326,0.31433,-28.891,2.4782,-0.13957,-1.0164,1.5322,-3.1825,1.0437,0.60433,0.026429
19.935,-0.63646,4.3126,2.1733,0.53139,0.77656,-0.72339,0.069082,-0.53773,3.5,15.924,-8.5819,1.5923,3.6772,-0.56351,0.064385,-0.64616,-0.16013,4.9825,-21.572,1.075,0.3545,-2.0414,2.4104,0.21331,1.0299,-0.40819,-19.022,-4.3057,-9.6721,0.17432,-0.47409,-2.7008,0.61549,-0.51751,0.32174,-24.703,1.5823,2.6705,0.032131,1.5688,-2.6539,0.96545,0.7161,0.06379
13.299,0.62916,5.0017,2.2621,0.47315,0.021224,-0.70189,0.022953,-0.5585,-2.3397,12.14,-6.2364,1.8589,3.7987,-0.34511,0.1328,-0.64733,-0.097036,8.6976,-15.223,0.3754,0.76806,-1.6082,1.8411,0.25634,0.95075,-0.44303,-21.632,4.209,1.7006,0.029084,-0.77497,-2.975,0.70983,-0.40062,0.33402,-16.622,4.6923,3.9733,1.7027,1.1435,-1.2002,0.91093,0.77528,-0.003993
8.6669,0.48167,2.9957,1.7651,0.32561,-0.09247,-0.68956,-0.033904,-0.56347,-4.8333,10.965,-3.8464,1.3292,3.0302,-0.25467,0.15811,-0.66191,0.018975,6.9623,-6.4002,0.063549,0.5779,-1.233,1.1178,0.2712,0.86846,-0.4884,-15.432,1.1986,1.1157,1.2743,-1.817,-2.2286,0.7523,-0.29197,0.33143,-7.8481,10.177,4.5024,3.5716,0.26015,-0.35019,0.8857,0.78218,-0.15889
1.6412,1.3777,0.5306,0.7018,-0.07037,0.014605,-0.6838,-0.068776,-0.56108,-6.5522,5.7385,-1.4311,0.68439,2.3931,-0.002945,0.15385,-0.66885,0.099421,6.1436,-0.70427,-0.20444,0.59671,-1.0612,0.42344,0.26156,0.81974,-0.51552,-3.7654,16.547,-6.5972,0.65452,-1.4721,-1.6573,0.77621,-0.19807,0.31777,6.6912,19.884,-5.1467,1.2308,-1.7573,-0.33062,0.84449,0.76403,-0.35193
-2.498,1.2786,-1.5908,-0.011788,0.14699,-0.077198,-0.67805,-0.088062,-0.56071,-11.03,2.1958,2.7173,0.61806,1.1134,-0.082388,0.1363,-0.68327,0.19391,6.1415,3.5653,-0.76285,0.9619,-0.61826,0.053355,0.24296,0.76364,-0.54602,-1.3641,20.315,0.2296,-1.5076,0.061668,-1.2469,0.77122,-0.14012,0.33169,0.61953,-2.7065,-1.0146,-2.688,0.31933,2.2092,0.88491,0.77665,-0.33712
-3.5013,1.7252,-1.9611,-0.62879,-0.24038,-0.25979,-0.67806,-0.089963,-0.55851,-10.191,2.6434,3.3685,-0.77408,-1.0905,-0.18558,0.14885,-0.66863,0.1819,7.2702,4.9983,-1.4357,0.82864,0.14534,-0.53826,0.23807,0.74463,-0.56583,-1.3764,13.319,1.8126,-0.49962,-0.59854,0.89492,0.78027,-0.16337,0.30175,-6.1592,-26.239,-14.908,0.61673,2.1273,-0.31464,0.95284,0.78623,-0.17164
0.22332,1.5158,-1.5387,-0.52052,-0.1045,-0.027282,-0.68395,-0.064761,-0.55361,-7.5685,1.7257,0.61481,-1.2326,-2.6231,-0.30354,0.17241,-0.62687,0.076613,7.9421,1.8381,-0.001381,-0.099237,0.67796,-1.7051,0.21479,0.78207,-0.56608,-3.5034,5.3274,0.74313,-0.37371,-0.5918,2.1711,0.79813,-0.23306,0.24768,-3.4736,3.7187,-0.072841,0.055314,-0.88175,-1.4318,0.92443,0.82132,-0.11539
16.345,4.1088,-6.0708,-1.6066,-0.79246,-2.0672,-0.69534,-0.057625,-0.53556,-7.611,8.6338,-7.8984,-0.98416,-3.4086,-0.58649,0.19068,-0.558,-0.052382,8.0375,-9.5157,-0.090874,-1.324,1.3155,-2.2476,0.18441,0.85964,-0.53455,-22.55,3.8546,-2.324,-0.29745,0.68889,3.254,0.78195,-0.35077,0.19895,-15.929,12.765,1.534,1.0925,2.4429,-1.2594,0.93752,0.80395,-0.07735
24.436,4.2291,1.3786,-1.7098,-0.35263,-0.421,-0.71646,-0.03319,-0.51092,-3.1623,36.804,-17.842,-3.5572,-4.6204,-0.43224,0.15108,-0.46926,-0.20409,8.9476,-27.195,3.1057,-0.90135,1.6294,-2.6542,0.13229,0.96251,-0.45502,-25.854,-6.0257,0.62155,0.009852,-0.38216,3.0887,0.74294,-0.45125,0.16772,-16.686,10.638,4.2423,0.025519,-0.48008,2.4578,0.95955,0.77415,-0.031651
19.318,4.1541,6.3388,-2.0283,0.098064,-0.4747,-0.71477,0.000833,-0.52379,13.417,21.78,-23.272,-1.9823,-4.6686,-1.7039,0.083916,-0.45342,-0.26065,7.7256,-24.444,4.6016,-1.7426,1.6908,-1.6395,0.068962,1.0265,-0.36616,-25.133,-7.2332,-0.48809,1.4215,0.27957,3.5095,0.63997,-0.5882,0.17292,-20.182,11.441,-2.8594,0.4347,-0.56776,2.0561,0.99684,0.72314,-0.022108
17.631,2.7279,5.0706,-2.3831,0.24757,-0.47793,-0.71429,0.028939,-0.53148,7.0286,13.687,-10.298,0.84198,-2.3705,-2.0476,0.085519,-0.55806,-0.17756,2.1619,-16.791,4.2447,-1.2043,1.718,-1.4162,0.019333,1.0395,-0.29524,-16.714,-6.2818,-1.2053,0.4678,0.74608,2.4326,0.52769,-0.65001,0.23781,-22.948,-0.36163,-7.7639,-0.61633,-1.1429,3.1238,1.0543,0.63204,-0.028108
11.977,0.63253,3.0964,-2.0155,0.43146,-0.32027,-0.70902,0.055935,-0.54374,8.232,8.5153,-7.8674,-0.21764,-2.5868,-0.7013,0.10854,-0.63413,-0.12671,-1.9875,-12.535,3.9049,-1.049,1.7905,-1.6171,-0.028587,1.0337,-0.25058,-9.0031,-9.7291,-1.7069,-0.84268,1.1099,0.63394,0.46064,-0.65841,0.29998,-19.075,-4.6984,1.0603,-1.4983,-1.3728,2.6816,1.1178,0.52639,-0.04489
5.9949,0.66335,1.8275,-1.3715,0.26679,-0.020206,-0.70174,0.080812,-0.55632,7.9449,1.3873,-4.8907,0.1567,-2.0201,0.2189,0.14487,-0.69019,-0.10879,-4.1774,-8.2899,3.1304,-0.98175,1.7295,-1.6121,-0.080184,1.0193,-0.21665,-1.8002,-11.589,1.516,-0.7608,0.4078,-0.35616,0.44014,-0.65461,0.34936,-10.598,-7.0608,-5.4516,-1.3652,-1.3484,2.0155,1.1522,0.44585,-0.10354
0.68149,-0.37436,-0.3835,-0.87549,0.41261,0.37862,-0.69543,0.10354,-0.56702,6.8688,-2.2637,-0.98682,0.34711,-1.282,0.91782,0.14826,-0.72374,-0.099955,-5.9689,-3.889,3.3616,-0.78191,1.2937,-1.113,-0.12061,1.0077,-0.19052,10.287,-22.234,-2.6037,2.3141,-0.387,-0.97047,0.47637,-0.61837,0.38298,-2.0208,-11.87,-4.5577,0.021789,-0.91452,1.6278,1.1623,0.38986,-0.17824
-3.6435,-1.6673,-1.8872,-0.92136,0.008109,0.80291,-0.68906,0.14288,-0.56855,6.3134,-5.4311,1.2068,0.092187,-0.65516,1.0997,0.15275,-0.7671,-0.082072,-7.8952,-0.49531,3.7134,-0.38856,0.42832,-0.022896,-0.13924,0.99099,-0.18121,-3.3635,25.064,-7.4537,-1.8475,-0.22935,-1.1301,0.52508,-0.54704,0.40791,6.2735,-19.559,-4.3412,0.61864,-0.46858,1.2207,1.1607,0.31245,-0.24696
-1.2896,-2.0559,-2.0883,0.08233,0.23443,0.084873,-0.68918,0.16477,-0.56994,7.048,-4.4766,1.3396,0.5503,0.25952,1.2478,0.099,-0.76445,-0.084297,-8.0648,-0.4948,2.6449,0.59095,-0.5491,1.2427,-0.11626,1.0029,-0.18916,-6.7584,7.6861,0.36004,-0.16339,1.245,0.97294,0.51448,-0.56223,0.39224,2.3373,-9.6732,-1.983,0.75109,0.022465,-1.0036,1.166,0.29689,-0.24624
2.0847,0.32381,0.079396,0.99004,0.010761,0.073003,-0.68959,0.16287,-0.57267,8.2983,1.1472,-0.45942,1.0681,1.4926,1.5481,0.000529,-0.72439,-0.10016,-5.04,-3.249,1.4551,0.91883,-1.0599,1.7531,-0.073755,1.0363,-0.20864,-0.084925,-3.8471,-8.1292,-1.9971,-0.69015,-0.1405,0.49372,-0.56769,0.41173,-2.9775,-3.2549,-1.7343,-0.65986,0.52349,-1.9118,1.1696,0.34631,-0.20313
25.117,-5.4003,6.843,1.4455,-1.4727,0.12256,-0.70201,0.13455,-0.56723,10.954,18.999,-9.9195,0.15059,2.5156,0.95816,-0.074914,-0.67088,-0.14751,-4.7958,-19.515,2.5951,0.26418,-1.4666,1.5575,-0.017031,1.0806,-0.22783,-23.714,-14.616,8.717,0.56673,-1.4078,0.92355,0.48363,-0.61121,0.37792,-31.95,3.306,-4.2156,0.29926,1.673,-3.2106,1.14,0.44263,-0.094218
22.007,-3.7843,1.726,2.2552,0.50681,0.74939,-0.71489,0.11855,-0.54975,10.562,23.7,-15.366,1.3701,3.2669,0.80227,-0.096561,-0.62335,-0.22586,6.9636,-30.792,2.5515,2.8635,-2.4685,2.1471,0.046036,1.0948,-0.3139,-15.729,-19.087,-4.9531,-0.11772,0.017382,-3.0136,0.53202,-0.59389,0.35786,-25.489,-1.0324,-0.53232,-1.5141,1.3672,-2.9631,1.0879,0.54025,-0.059593
20.835,-2.2037,5.3389,2.1318,0.048539,1.024,-0.70864,0.085346,-0.56086,7.0067,21.427,-10.509,1.9294,3.2449,-0.61352,-0.007519,-0.6329,-0.20421,6.7347,-22.556,2.7054,0.723,-2.0906,2.3572,0.15446,1.0369,-0.42861,-17.603,-5.0108,-8.3073,0.31717,-0.30942,-2.6839,0.61333,-0.52307,0.3644,-27.478,0.84064,0.55972,-0.55691,1.3973,-3.0919,1.003,0.69342,0.00906
15.48,1.5755,4.8304,2.4445,0.12206,0.38072,-0.69466,0.045033,-0.56984,0.5741,12.932,-6.5941,1.9156,3.8703,-0.52332,0.083777,-0.65068,-0.1279,7.4382,-17.034,0.84256,0.33758,-1.9015,1.8095,0.21458,0.96036,-0.47371,-23.306,2.1917,0.056066,0.09381,-0.44609,-3.0958,0.68904,-0.41946,0.37452,-18.542,3.1764,4.2431,0.54289,1.2668,-1.646,0.93339,0.78157,-0.007492
10.458,1.059,3.2518,2.2066,0.12003,-0.057943,-0.68334,-0.003046,-0.57286,-3.9443,10.708,-5.7328,1.8527,3.6771,-0.44487,0.13179,-0.66439,-0.032413,6.7877,-9.7138,0.12834,0.2669,-1.3641,1.1795,0.2274,0.89261,-0.50427,-17.811,0.29225,3.9725,0.90672,-1.7475,-2.1928,0.75628,-0.30491,0.37006,-11.311,9.2792,3.2014,2.8077,0.52191,-0.52226,0.90191,0.8008,-0.12062
5.155,0.82825,1.1805,1.2944,0.14249,0.15348,-0.67598,-0.048243,-0.57388,-4.8045,8.9144,-2.9199,1.0825,2.8831,-0.30258,0.14767,-0.67435,0.072764,5.9184,-2.8492,-0.34167,0.39343,-1.1576,0.69741,0.22574,0.83916,-0.52783,-8.1937,5.7849,-10.944,1.4144,-2.127,-1.4709,0.78658,-0.20176,0.34397,1.7905,15.959,0.10887,3.4405,-1.7149,-0.46448,0.86715,0.77527,-0.31742
-1.3992,0.82908,-0.70485,0.4886,-0.25071,0.18069,-0.67517,-0.067978,-0.56961,-7.4667,2.7931,0.48422,0.1778,2.156,-0.31354,0.14655,-0.67272,0.1338,5.7776,2.915,-1.246,0.92606,-0.7602,0.33549,0.21431,0.798,-0.5555,-0.28994,21.523,-4.1618,-1.759,0.26522,-1.7238,0.80291,-0.13167,0.33827,1.2094,7.8577,2.0494,-2.3304,-0.85362,1.8616,0.8564,0.79163,-0.34174
-4.5529,1.3793,-2.2922,0.63427,-0.21987,0.098302,-0.67915,-0.092449,-0.55867,-12.391,-0.249,4.4448,-0.094741,0.3402,-0.39253,0.14033,-0.67324,0.18008,6.2169,5.7675,-2.1838,0.98099,0.12725,0.0269,0.20761,0.76441,-0.56896,-2.6641,14.56,3.331,-1.9574,-0.23213,-0.058768,0.78176,-0.14526,0.32473,-1.2793,-18.418,-17.308,-2.4279,1.5346,0.50671,0.94616,0.78163,-0.17864
-0.45341,1.759,-1.7064,-0.65938,0.18181,-0.26862,-0.67936,-0.075642,-0.55703,-8.767,0.5702,2.4416,-1.2133,-1.3652,-0.47886,0.17265,-0.65063,0.12835,5.9647,4.7184,-1.4506,-0.39345,0.29521,-1.3982,0.18914,0.78352,-0.57622,-2.4723,6.6609,3.8986,0.22937,-0.89074,1.6585,0.78816,-0.20034,0.27874,-2.5189,-10.499,-2.9488,-0.012746,-0.36554,-1.8125,0.92393,0.79839,-0.088263
5.2666,2.3148,-2.0922,0.055227,-0.33565,-0.77283,-0.68108,-0.055658,-0.55547,-7.7319,2.4234,-3.1598,-0.98849,-2.4542,-0.43822,0.20814,-0.60256,0.007835,7.9417,-3.2377,-0.6123,-1.5775,0.66174,-1.9925,0.15926,0.85094,-0.55243,-8.9149,5.2352,-7.4837,-0.12636,0.21846,2.5939,0.80135,-0.28276,0.23025,-7.6638,-4.8396,-12.284,1.2539,0.5772,0.45025,0.92375,0.79824,-0.036547
24.005,1.9861,-0.10921,-1.1168,-0.50284,-0.72069,-0.69262,-0.040621,-0.54239,-6.886,27.945,-14.353,-0.52909,-2.8353,-0.75904,0.21459,-0.52827,-0.15205,14.015,-27.712,2.1207,-2.0826,1.8221,-2.4859,0.11408,0.97667,-0.44468,-30.016,-2.2528,-1.627,-0.052728,-0.9158,2.2228,0.77126,-0.39801,0.20289,-13.389,21.957,1.3776,0.30662,-0.15971,1.2815,0.91205,0.79855,0.024579
21.865,5.3824,3.4858,-1.8791,0.16113,-0.50198,-0.70456,-0.009207,-0.53122,5.347,30.458,-23.691,-2.5134,-5.4778,-0.90395,0.12222,-0.48047,-0.27673,10.053,-25.298,3.5735,-2.4491,1.4798,-1.2763,0.057338,1.0463,-0.33957,-28.427,-8.6997,-0.85281,0.32867,-0.25264,3.5373,0.69365,-0.51975,0.17016,-24.09,9.3148,3.6878,0.82286,-0.59022,1.6409,0.97064,0.71907,0.042869
19.263,2.8545,5.3599,-2.2753,0.31732,-0.89012,-0.70563,0.013554,-0.54521,9.553,18.118,-15.109,-0.30273,-4.0537,-1.7778,0.078082,-0.53564,-0.24098,4.4912,-19.897,4.9796,-1.3592,1.5271,-0.93509,0.001685,1.0877,-0.22305,-20.179,-6.4887,-1.6499,0.84566,0.13156,3.2048,0.56151,-0.62635,0.20774,-23.653,6.6113,-5.6354,-0.10643,-1.2099,3.1258,1.009,0.62878,-0.037962
13.588,0.31639,4.8153,-2.0923,-0.01164,-0.31094,-0.7048,0.036817,-0.55408,9.2323,11.639,-9.0259,-0.3704,-3.6715,-0.93838,0.093715,-0.62817,-0.15723,0.35269,-13.617,4.9225,-0.37654,1.6855,-1.14,-0.038842,1.0674,-0.19907,-11.449,-8.7512,-1.1419,-0.50087,0.83554,1.2253,0.46077,-0.65715,0.26668,-23.808,-8.7922,1.044,-1.2199,-1.5769,3.1901,1.0687,0.50801,-0.05617
8.5632,0.15989,2.1422,-1.6207,0.30127,0.034279,-0.70281,0.066351,-0.56158,9.2114,4.9386,-5.2825,-0.30988,-2.8096,-0.26287,0.11753,-0.70339,-0.10818,-3.9188,-8.5661,3.3689,-1.0099,1.9659,-1.3519,-0.065425,1.0296,-0.18793,-3.9559,-12.028,-1.3929,-0.7252,0.87715,-0.024797,0.41653,-0.65819,0.32663,-13.007,-6.3221,-4.1457,-1.4857,-1.4333,2.3275,1.1254,0.41717,-0.063523
2.111,-0.12343,0.70349,-1.1154,0.32299,0.19831,-0.69559,0.08804,-0.57305,8.8978,-2.2895,-1.6649,-0.265,-1.683,0.3856,0.14513,-0.74261,-0.10271,-6.3476,-4.542,3.0152,-1.5546,1.8135,-1.1341,-0.10658,1.0204,-0.14383,7.5461,-16.856,0.16394,1.7856,-1.6193,-0.21981,0.42863,-0.63667,0.36779,-0.80122,-15.744,-7.1697,-0.56166,-0.9543,1.3735,1.1404,0.35645,-0.13017
-4.0025,-1.7841,-1.6072,-1.3698,0.10368,0.7435,-0.68932,0.1294,-0.57624,8.0182,-5.9498,1.166,-0.076324,-0.95063,0.69682,0.13987,-0.76123,-0.11223,-8.5359,-2.0219,3.8036,-0.34546,1.004,-0.18803,-0.12398,1.0167,-0.11473,-1.9556,4.589,3.0334,1.8143,0.60265,-2.3507,0.46951,-0.56425,0.41045,2.5702,-16.04,-5.9407,-0.2373,-0.68706,0.93433,1.1409,0.31561,-0.17437
-2.3083,-3.0414,-1.8562,-0.8826,-0.17936,0.3734,-0.68929,0.18067,-0.56897,8.3395,-6.9733,1.2484,0.25567,0.2099,0.97228,0.12523,-0.7615,-0.12934,-8.5199,0.68049,2.5124,1.0617,-0.109,1.0074,-0.1159,1.0273,-0.15417,-12.972,23.131,6.5359,0.50793,0.071138,0.095786,0.49063,-0.54926,0.38007,3.0577,-12.721,-3.0697,1.0323,0.16419,-0.51511,1.1312,0.28519,-0.22253
0.2538,0.077774,-1.4285,0.27284,-0.031753,0.069206,-0.69556,0.19127,-0.56411,8.6012,-2.2163,0.17594,0.89047,1.6572,1.574,0.056055,-0.74504,-0.12807,-5.2813,0.048702,0.60192,1.1783,-0.94624,1.4819,-0.073259,1.0519,-0.20869,-3.0906,-4.0187,3.2075,2.4573,-0.55497,1.042,0.4475,-0.56033,0.40626,-1.011,-5.5214,-1.3411,0.013724,0.48866,-1.8692,1.1244,0.32647,-0.19164
19.83,-4.6013,6.629,4.1037,-1.443,-1.4713,-0.71422,0.15958,-0.55357,9.6103,10.914,-8.5965,0.47566,2.6602,1.0892,-0.039601,-0.71034,-0.15028,-4.8154,-13.419,-1.0319,-0.32278,-1.3466,1.1956,-0.031599,1.1017,-0.21738,-32.173,-6.8771,8.171,-0.98453,0.6371,1.1381,0.43275,-0.60773,0.36477,-21.473,3.4937,-7.8182,0.21198,1.9848,-3.1082,1.111,0.4099,-0.07377
22.59,-2.671,0.081095,2.2733,-0.35254,0.58714,-0.7469,0.13429,-0.51594,11.179,26.605,-16.989,1.3784,3.8511,1.3464,-0.079601,-0.66728,-0.22165,4.3693,-33.784,-0.62881,2.1897,-2.6366,1.299,0.005524,1.1582,-0.24884,-11.325,-21.454,-1.5757,-0.066632,0.42748,-2.6044,0.46589,-0.60735,0.33971,-20.215,-4.2499,-1.7518,-1.7513,1.5077,-2.8191,1.0546,0.50936,-0.029265
22.783,-3.6397,4.7922,2.4041,0.17703,1.0376,-0.73837,0.11074,-0.52457,6.7998,25.183,-13.217,2.2177,3.6297,-0.50496,-0.01694,-0.67436,-0.21575,8.9534,-27.714,0.25433,0.36768,-2.3568,2.1577,0.096668,1.1309,-0.31923,-17.971,-6.5668,-9.6035,0.58834,-0.22512,-2.5998,0.56896,-0.53681,0.33232,-29.367,0.050236,0.54061,-0.48505,1.451,-3.3975,0.97444,0.63461,0.041777
17.928,1.9228,3.8513,2.6497,0.56099,0.5836,-0.72789,0.053091,-0.53861,0.93396,14.623,-7.2694,1.9911,3.943,-0.62109,0.088163,-0.67774,-0.14736,6.9171,-19.582,-0.064731,0.85898,-2.4158,2.2811,0.18867,1.0561,-0.37793,-22.733,0.37761,-5.0099,-0.05484,0.20046,-3.2243,0.66091,-0.44401,0.33773,-19.875,3.5438,3.5044,0.21565,1.3658,-2.1143,0.88077,0.75566,0.047654
11.668,0.2619,3.7632,2.3206,0.42374,-0.10822,-0.71022,-0.008837,-0.55287,-4.5022,11.024,-5.4966,2.05,3.9823,-0.45736,0.1454,-0.68952,-0.017474,8.3763,-10.713,-0.61255,1.0919,-1.6818,1.6933,0.23342,0.9505,-0.44898,-19.729,3.3244,5.2287,0.1463,-1.1585,-2.4668,0.71888,-0.33221,0.33467,-13.694,8.565,3.4132,2.2748,0.64729,-0.68091,0.84026,0.79588,-0.042213
6.5401,0.62411,1.2792,1.7115,0.2865,0.19005,-0.69371,-0.043692,-0.56015,-5.5518,9.653,-3.2322,1.1467,2.9561,-0.42724,0.16652,-0.70226,0.10527,6.4445,-2.6136,-0.53828,0.35934,-1.323,0.9286,0.24811,0.86496,-0.48999,-11.514,2.8357,-6.4679,1.4954,-2.0101,-1.6177,0.75424,-0.22404,0.33005,0.55477,15.318,1.5206,3.9307,-1.3494,-0.48887,0.82243,0.77951,-0.21602
-0.44464,0.99884,-0.60696,0.20562,0.29181,0.51369,-0.68494,-0.061178,-0.55927,-6.8961,3.9302,-0.51318,0.23442,2.1553,-0.12705,0.15764,-0.6996,0.17375,6.2572,1.0841,0.074218,0.84861,-1.1072,0.39291,0.23412,0.82076,-0.51369,-1.226,21.219,-5.891,-1.0105,-0.26004,-1.8246,0.7681,-0.14887,0.31964,1.5667,14.363,4.0901,-1.7816,-0.82415,1.813,0.80613,0.78587,-0.29258
-4.0899,1.7743,-1.9429,0.75147,0.25139,0.12752,-0.67921,-0.061641,-0.56381,-12.019,0.89875,4.2096,-0.21576,0.52037,-0.14568,0.15392,-0.69555,0.18953,7.4947,4.7639,-1.3549,1.3996,-0.22609,0.039269,0.22108,0.78107,-0.55354,-0.79756,18.443,1.9987,-1.8948,-0.38633,-0.15976,0.77159,-0.14617,0.31494,1.291,-16.997,-10.522,-4.5048,1.0067,1.1548,0.88905,0.78786,-0.12661
-3.266,2.5539,-2.1554,-0.012844,0.15895,-0.24238,-0.67485,-0.088391,-0.5644,-9.8353,1.1748,3.2424,-1.2718,-1.4563,-0.14801,0.14893,-0.67049,0.1471,7.1697,5.3606,-1.4142,0.32632,0.55909,-1.1174,0.19741,0.78667,-0.57426,-2.8134,8.5913,2.8543,0.026357,-0.75119,1.7586,0.75875,-0.21118,0.26663,-5.4011,-18.043,-3.6603,-0.93672,0.67893,-1.3132,0.89985,0.78218,-0.059896
1.6309,1.1573,-1.7841,-1.2768,-0.67882,-0.51091,-0.67903,-0.071203,-0.56073,-7.5479,2.096,-0.72969,-1.18,-2.6153,-0.03893,0.1834,-0.63188,0.037034,7.9993,-0.41862,0.41526,-1.0456,1.0825,-2.0667,0.16683,0.84763,-0.54692,-5.5295,2.9005,-5.5224,-0.58222,-0.17514,2.5932,0.75123,-0.31025,0.20738,-10.919,-10.313,-6.4071,0.083497,-0.71049,1.0342,0.88289,0.79585,-0.051962
27.37,5.0556,13.077,-1.0696,-1.7258,-1.6336,-0.6992,-0.038422,-0.53353,-7.8712,21.537,-10.981,-1.5238,-3.2178,-0.63364,0.21261,-0.57316,-0.1141,11.499,-19.764,-0.3295,-2.5581,2.2195,-2.6375,0.14574,0.9428,-0.47273,-38.612,-2.9058,1.1121,0.13115,-0.19349,2.221,0.7333,-0.42353,0.17822,-18.98,26.614,5.9723,-0.31945,0.14199,-0.26287,0.87023,0.81401,0.057083
23.337,4.8321,1.0086,-1.5768,0.30009,-0.44927,-0.71422,-0.024494,-0.51704,2.6332,34.424,-24.513,-3.6133,-5.4616,-0.89993,0.13956,-0.47704,-0.27969,8.3779,-25.966,2.8116,-1.5418,1.6754,-1.7381,0.076977,1.0233,-0.38186,-28.543,-6.8745,-1.6224,-0.090659,-0.22121,3.5978,0.65937,-0.54022,0.13962,-22.766,3.5926,4.1131,0.64263,-0.70749,2.2697,0.92673,0.74244,0.084551
19.868,3.8307,6.4453,-2.0915,-0.20474,-0.43787,-0.71092,0.000512,-0.528,12.902,19.441,-18.98,-0.47677,-3.6992,-2.1738,0.066067,-0.50267,-0.26422,4.0052,-21.992,4.8546,-1.2068,1.3863,-0.98676,0.033202,1.0508,-0.29937,-21.62,-8.4941,-2.3219,1.1022,0.23404,3.304,0.54108,-0.62833,0.17571,-23.508,11.022,-2.5282,1.0103,-0.58124,2.6513,0.98196,0.68128,0.056761
15.583,1.4624,5.1289,-2.1666,0.13761,-0.15457,-0.7244,0.029663,-0.5252,8.3328,12.518,-9.3285,0.85509,-2.8605,-1.8012,0.086314,-0.58878,-0.19223,0.37016,-15.141,4.7023,-0.28112,1.4038,-1.0196,-0.022915,1.0691,-0.24501,-12.069,-8.7326,-0.7867,0.002909,0.99198,1.3694,0.42847,-0.68313,0.24543,-23.812,-4.9349,-1.8741,-1.6653,-1.1087,3.1101,1.0498,0.5564,0.005555
9.5116,0.37606,1.7627,-1.638,0.40832,-0.026314,-0.72009,0.059299,-0.53739,8.8469,6.9116,-5.6911,0.002156,-2.7581,-0.61516,0.1364,-0.66731,-0.12975,-2.9621,-9.7276,3.8413,-0.44602,1.622,-1.0304,-0.051642,1.0431,-0.24148,-4.8004,-10.947,-2.3714,-0.65299,1.1993,-0.45648,0.39751,-0.68604,0.30259,-15.388,-6.5407,-2.528,-1.9022,-1.5285,2.3687,1.1016,0.45336,-0.040219
3.2511,-0.50053,0.075418,-0.85568,0.52126,0.27722,-0.70535,0.083258,-0.55785,9.9984,-1.6112,-2.6002,-0.16303,-2.1844,0.40384,0.1711,-0.73635,-0.086812,-5.0117,-5.0008,3.2414,-0.99655,1.5392,-0.92529,-0.059834,1.0004,-0.23717,4.7106,-14.112,1.1394,1.2711,-1.8426,-0.3407,0.41994,-0.6611,0.34817,-3.4636,-13.304,-7.0288,-0.27368,-1.3297,1.5984,1.1324,0.38821,-0.075198
-2.3307,-1.0141,-1.1268,-0.79142,0.24154,0.7202,-0.6941,0.10887,-0.56987,8.5756,-5.2215,0.92999,0.18235,-1.0584,0.80827,0.1663,-0.76171,-0.086607,-7.0455,-1.3293,3.3814,-0.42617,1.0099,-0.2989,-0.07282,0.99591,-0.21536,-2.5667,1.1915,2.4546,1.8877,1.0497,-2.7365,0.47645,-0.593,0.38764,1.6753,-18.007,-6.1254,0.22239,-0.90543,1.4668,1.1446,0.33129,-0.14518
-3.7797,-3.579,-1.5724,-0.45335,0.17811,0.61762,-0.69217,0.15388,-0.57039,7.646,-6.9835,2.3063,0.12598,0.090901,0.92565,0.13111,-0.76544,-0.09158,-8.9255,1.0897,2.9001,0.71855,-0.003742,0.89411,-0.058352,0.99614,-0.23019,-11.608,23.372,5.6927,1.3728,0.50396,-0.26118,0.50296,-0.5734,0.37599,3.7982,-13.487,-2.8949,1.0872,0.023165,-0.39891,1.156,0.29867,-0.1712
0.72925,-0.25214,-1.4046,0.40618,0.31121,-0.24304,-0.69079,0.15196,-0.57264,9.1427,-2.4933,0.77582,0.93255,1.552,1.3749,0.058539,-0.72665,-0.12918,-5.913,-0.00059,1.3707,1.1843,-1.02,1.576,-0.018046,1.024,-0.26106,0.92334,-1.0997,1.2742,4.0487,0.86777,0.86537,0.48657,-0.57293,0.40328,-1.3158,-4.5666,-0.55178,-0.55105,0.17671,-1.7721,1.1439,0.35272,-0.18449
13.312,-4.3701,2.6263,3.1163,-0.16416,-1.1954,-0.69824,0.10336,-0.57381,9.0601,8.9622,-6.079,0.79581,2.5558,1.011,-0.010069,-0.68597,-0.15053,-4.0806,-9.7606,1.2553,0.025765,-1.3664,1.5339,0.031001,1.0586,-0.29054,-28.913,9.2626,4.1148,-1.7043,2.4004,1.0166,0.48737,-0.61482,0.35673,-12.143,1.3025,-6.7551,-0.79497,1.4502,-2.6846,1.1291,0.43664,-0.097099
22.612,-1.7894,1.9226,1.9343,-0.79226,0.74008,-0.71507,0.094963,-0.55382,9.9247,25.594,-14.931,0.19966,3.5832,1.6549,-0.053824,-0.65595,-0.19545,1.6971,-31.917,3.0193,2.6537,-2.1315,1.4218,0.083907,1.0739,-0.34602,-8.0563,-28.04,-1.683,-0.19997,0.54247,-2.0615,0.47983,-0.62741,0.34946,-17.365,-4.5279,-5.1184,-0.37745,0.41975,-2.339,1.0953,0.52619,-0.032512
20.757,-3.9124,6.6554,2.1432,0.15889,1.019,-0.70287,0.074339,-0.56492,6.623,25.276,-13.305,1.8273,3.2164,-0.22831,-0.009951,-0.64262,-0.21737,8.0901,-23.024,2.8783,1.4202,-1.86,2.0665,0.15359,1.0191,-0.4711,-19.989,-3.2627,-8.9124,0.29637,-0.62164,-2.7492,0.58398,-0.55422,0.3429,-29.395,1.9599,-0.79941,-0.27222,1.5382,-3.2093,1.0319,0.64678,0.03598
17.79,1.7408,5.1773,2.4169,0.30453,0.70482,-0.68985,0.04239,-0.57126,2.1256,14.573,-7.9963,2.1886,3.8014,-0.56461,0.081299,-0.65825,-0.14395,5.1828,-18.293,2.2679,0.039421,-1.9166,1.6476,0.20012,0.95682,-0.50637,-20.691,-2.1059,-6.4293,0.062852,0.20113,-2.9849,0.66718,-0.46098,0.34999,-20.673,1.94,1.7833,0.55781,1.2085,-2.2614,0.95892,0.75584,0.02528
12.154,0.96675,4.3983,2.2087,0.46247,0.030185,-0.68869,-0.013686,-0.56672,-3.3654,11.589,-5.419,1.7327,3.6629,-0.48463,0.14805,-0.65303,-0.065012,6.4496,-12.165,1.5105,0.52557,-1.6431,1.0367,0.21133,0.90287,-0.52887,-19.76,1.5595,3.9695,0.51565,-1.1168,-2.4846,0.74999,-0.34918,0.33447,-13.293,6.5905,3.579,1.7543,0.91676,-0.76929,0.89899,0.82891,-0.063303
7.0618,1.1053,2.1817,1.4676,0.30996,0.038338,-0.67869,-0.063477,-0.56923,-4.775,9.3987,-3.7997,1.1638,3.1835,-0.32116,0.16852,-0.65932,0.044364,6.3574,-4.8074,0.35917,0.8149,-1.3538,0.61617,0.20149,0.83825,-0.56773,-10.67,2.1414,-4.6419,1.7678,-2.1518,-1.8287,0.78631,-0.24075,0.31953,-4.6214,10.59,1.8612,3.4743,-0.18364,0.001944,0.88078,0.82063,-0.23
-0.34945,1.0174,0.12514,0.50064,-0.066006,0.083393,-0.66621,-0.090818,-0.57536,-7.4857,4.4042,-0.74793,0.60168,2.5747,-0.21859,0.17031,-0.67673,0.15836,6.3113,1.2042,-0.66785,0.50124,-0.92282,0.10678,0.18319,0.78422,-0.59978,-0.78045,19.999,-9.7747,-0.59423,-0.27323,-1.7263,0.79225,-0.1539,0.32537,4.9402,16.351,3.4054,-0.82166,-1.3367,0.27886,0.85555,0.80786,-0.35411
-4.8367,1.3954,-2.0256,0.10564,-0.23347,0.008251,-0.66931,-0.095076,-0.56754,-12.963,1.9384,3.8343,-0.12433,0.72733,-0.20493,0.16711,-0.66825,0.18678,5.9535,3.9116,-1.0284,0.43542,-0.22728,-0.13635,0.16566,0.76533,-0.60843,-0.78235,21.471,2.4684,-2.9289,-0.1662,-0.87063,0.80165,-0.13405,0.3234,0.68417,-16.511,-3.2471,-4.0754,1.4483,1.7413,0.92714,0.81119,-0.22305
-1.005,1.528,-2.1225,-0.65072,-0.13899,-0.096773,-0.67537,-0.080638,-0.55875,-9.491,1.1015,2.3645,-1.3725,-1.4455,-0.37295,0.19077,-0.64943,0.13929,6.1936,4.773,-1.365,0.17915,0.47174,-0.98026,0.15879,0.76914,-0.61517,-2.4551,9.0241,3.7313,-0.41923,-0.56869,1.5209,0.81264,-0.18417,0.28378,-4.6061,-19.72,0.62177,-0.75206,0.77688,-1.0021,0.94032,0.82286,-0.091896
4.7,2.2307,-2.1717,-0.34108,-0.65129,-0.56597,-0.68814,-0.060654,-0.54316,-8.0531,1.8009,-1.8326,-1.3469,-2.6526,-0.29133,0.20412,-0.5829,-0.004432,7.9329,-1.1063,-0.36836,-1.2646,0.98081,-1.8553,0.13059,0.84316,-0.58532,-8.7702,3.9245,-5.9862,-0.16897,0.016015,2.5684,0.81727,-0.28368,0.21828,-11.476,-8.7109,-4.5147,0.76951,0.53224,-0.20173,0.91852,0.81882,-0.10601
26.637,2.7579,-2.0169,-0.44142,-0.63955,-0.82296,-0.70536,-0.054124,-0.51988,-7.5017,23.974,-12.416,-1.208,-3.3208,-0.80449,0.22236,-0.48902,-0.17274,14.599,-20.692,0.29594,-3.3247,2.1558,-2.1997,0.098743,0.96993,-0.47729,-31.913,-3.5074,2.4778,0.79529,-0.65717,1.9608,0.79278,-0.39377,0.19169,-12.467,27.588,0.4671,0.21295,0.094258,0.6686,0.90674,0.82967,-0.065846
20.768,4.2707,2.0525,-1.8948,0.60792,-0.4932,-0.70293,-0.029939,-0.52937,5.1,33.865,-24.345,-2.8421,-5.4169,-0.99283,0.15045,-0.42662,-0.28261,11.141,-25.973,3.1446,-2.1709,1.8136,-1.2821,0.063347,1.0412,-0.36774,-27.945,-8.0681,-0.78378,1.1163,-0.2663,3.3644,0.73826,-0.49561,0.18164,-24.879,3.7041,2.8077,0.45894,-0.30468,1.8079,0.97075,0.7595,-0.024276
19.048,3.5866,6.1391,-2.4262,0.061846,-0.63839,-0.70025,-0.000552,-0.54148,12.195,16.561,-17.615,-0.6075,-3.8463,-2.0709,0.076119,-0.49443,-0.24206,4.6414,-19.154,4.5337,-1.4846,1.6691,-0.92599,0.030612,1.0647,-0.26813,-21.684,-5.4631,-0.82589,0.77912,0.20107,3.1809,0.62496,-0.58825,0.22034,-23.93,9.8128,-2.2323,-0.20643,-0.88938,3.0504,1.0212,0.68278,-0.015557
