22.411,0.46831,3.0374,2.8617,0.80861,0.67639,-0.79835,-0.092618,-0.44924,8.365,23.456,-14.903,1.4289,3.2255,0.81033,-0.11604,-0.65078,-0.1909,10.763,-26.707,2.1005,1.5756,-2.5592,2.0604,0.038713,1.1592,-0.30214,-21.069,-10.126,-7.7117,0.34423,-0.19439,-3.2066,0.53229,-0.56575,0.33998,-27.686,1.7685,-1.1715,-0.091481,1.5358,-3.3282,0.99932,0.61599,0.001408
18.255,5.5952,2.1438,3.0832,0.88215,0.66515,-0.78087,-0.15142,-0.44894,3.7418,16.581,-9.062,2.2513,3.5662,-0.23746,-0.027485,-0.65492,-0.15918,4.4825,-20.362,1.8387,0.092429,-2.897,2.1451,0.12486,1.0969,-0.36,-20.642,-2.376,-6.0384,-0.091759,-0.21918,-2.8989,0.6344,-0.48389,0.32807,-20.093,3.7791,1.166,0.092026,1.0847,-2.2552,0.90663,0.73311,0.013729
13.128,4.3384,2.4848,2.243,1.0104,-0.10953,-0.75768,-0.19794,-0.45804,-1.0594,12.051,-5.7974,2.3673,3.7342,-0.27801,0.042143,-0.67556,-0.064022,8.2234,-14.522,0.59091,1.3021,-2.3368,1.69,0.16722,1.0042,-0.43369,-19.803,4.3508,3.92,0.70756,-1.2656,-2.5205,0.69454,-0.3685,0.33966,-13.892,6.2539,2.9134,1.4073,0.96087,-0.56714,0.85942,0.76615,-0.044433
7.611,3.078,0.80807,1.7722,0.54319,-0.17177,-0.73286,-0.22701,-0.46147,-4.3108,7.938,-3.96,2.1449,3.6179,-0.31077,0.079156,-0.68634,0.030202,6.4857,-6.6241,-0.81974,1.4688,-1.502,1.1711,0.17436,0.91108,-0.50516,-11.428,2.1946,-3.4198,1.6434,-2.5362,-1.3851,0.73512,-0.25639,0.33632,-4.8065,12.228,-0.076972,3.9083,-0.25328,0.11068,0.84728,0.73753,-0.18625
0.27613,1.4946,-1.7053,1.4821,0.45908,-0.050502,-0.7205,-0.26464,-0.44981,-5.5471,5.0829,-1.6671,1.3798,2.8415,-0.077064,0.081441,-0.68744,0.12506,5.9487,-0.3713,-0.98558,0.78859,-1.0471,0.68333,0.16786,0.84614,-0.55251,-0.6318,19.054,-12.975,-1.0887,-0.67318,-1.8126,0.75521,-0.18048,0.31703,2.0604,14.716,9.7201,-0.7029,-1.3608,0.99433,0.81175,0.73755,-0.31335
-4.2357,-0.79529,-1.7843,0.10594,0.1318,-0.50384,-0.70991,-0.28328,-0.45007,-10.125,0.26989,1.0143,0.51886,1.7635,-0.1749,0.073668,-0.68311,0.16634,7.2617,2.7915,-1.4119,0.87706,-0.61388,0.53927,0.16197,0.80528,-0.58016,-0.14636,20.363,2.9394,-3.474,0.55269,-0.82903,0.76115,-0.17109,0.32436,2.5931,-14.885,-8.8552,-4.7833,0.35846,1.8378,0.88622,0.74115,-0.22909
-2.8964,2.0609,-1.6958,-0.79069,0.25046,-0.37402,-0.69789,-0.30398,-0.4568,-12.222,1.4067,2.5862,0.17834,-0.75063,-0.23545,0.073642,-0.67445,0.18895,8.927,4.4886,-3.196,1.1982,0.59981,0.042915,0.16083,0.76281,-0.62071,-3.5994,6.3561,6.0665,-0.011331,-0.78757,1.5135,0.75092,-0.22406,0.27656,-4.5652,-21.058,-2.6727,-1.7967,0.76578,-0.83057,0.91664,0.73692,-0.12203
0.1054,1.4897,-1.9977,-1.3938,-0.27959,-0.1443,-0.70158,-0.2774,-0.46654,-9.1638,3.4214,-1.4102,-0.75308,-2.6764,-0.063952,0.11002,-0.65818,0.10603,8.1483,4.1481,-0.86951,0.32467,0.8797,-1.6465,0.1627,0.76539,-0.64116,-5.0367,3.3097,-2.1672,0.50203,-0.91953,2.2493,0.75194,-0.30005,0.20588,-10.243,-4.4556,-0.54251,1.4054,0.59164,0.65562,0.89806,0.75626,-0.071963
15.93,15.022,-4.9759,-0.19126,-2.6282,-2.8812,-0.70955,-0.27853,-0.44587,-7.6885,14.135,-14.674,-0.9296,-3.4293,-0.4973,0.1287,-0.63618,-0.051976,11.151,-13.387,0.004309,-1.2701,1.4205,-2.4146,0.14893,0.8385,-0.61179,-33.924,-1.2728,2.7495,1.0459,0.84593,2.8072,0.73217,-0.41169,0.18267,-20.838,22.21,12.23,-1.3499,-0.28492,-0.75058,0.89654,0.76397,0.044294
21.436,9.4991,-2.239,-1.6965,-0.62393,-0.8212,-0.73853,-0.2813,-0.4,-2.9418,35.448,-22.665,-2.6988,-5.3105,-0.07931,0.056308,-0.62319,-0.19256,11.043,-27.074,5.424,-0.68468,1.6494,-2.7178,0.091982,0.93554,-0.56322,-27.957,-6.7327,-0.591,0.35058,-0.29845,3.4842,0.65593,-0.52184,0.15314,-22.683,8.8548,1.487,0.85873,-0.86225,2.4649,0.94557,0.71486,0.048487
19.361,11.158,2.1884,-2.8375,-0.58621,-0.44711,-0.74276,-0.26075,-0.4198,12.891,20.572,-23.53,-2.5189,-5.8485,-1.0575,-0.051431,-0.61002,-0.19225,6.9443,-21.572,6.0631,-1.7758,1.7121,-1.8355,0.034015,0.99236,-0.49257,-22.26,-8.5182,-2.2453,1.4151,0.39968,3.3668,0.52525,-0.60958,0.19178,-24.158,6.7664,-1.7409,0.32537,-0.60685,2.5754,1.0014,0.64921,0.046328
14.377,7.0173,2.646,-3.1427,-0.97278,-0.18018,-0.76165,-0.23519,-0.42482,11.802,11.039,-12.217,0.29996,-3.4537,-1.1208,-0.032201,-0.67267,-0.089117,0.65888,-15.103,5.8847,-1.5634,1.7652,-1.6774,-0.036853,1.0382,-0.40847,-13.466,-7.4494,-1.9947,0.1659,0.70862,1.8696,0.38988,-0.66638,0.27548,-24.3,-6.604,-1.8317,-0.46444,-1.1618,3.0102,1.0592,0.53278,-0.013382
10.237,3.3471,0.48648,-2.455,-0.56439,0.16674,-0.77529,-0.19608,-0.43245,10.477,7.5464,-8.0048,-0.97003,-2.6755,-0.27801,0.028281,-0.73762,-0.013048,-2.3889,-10.231,3.9787,-1.1836,2.1548,-1.7047,-0.080056,1.0292,-0.3573,-6.7219,-8.6229,-1.918,-1.1877,1.2772,0.075574,0.34044,-0.67446,0.35024,-16.107,-7.0881,-2.5312,-1.1537,-1.6478,2.5292,1.1035,0.43649,-0.083411
4.8082,0.734,-0.30293,-1.7538,-0.02253,0.43465,-0.77575,-0.15106,-0.45446,7.706,-0.19401,-4.6671,-1.0927,-1.7002,0.27094,0.076241,-0.78849,0.018083,-4.7432,-4.9275,2.4327,-1.4237,2.2893,-1.6086,-0.10885,1.0072,-0.31219,5.6505,-16.342,1.3252,0.3372,-0.79715,-0.85125,0.35097,-0.65971,0.39107,-3.13,-11.375,-7.4035,0.29735,-1.1446,1.617,1.1256,0.37279,-0.14061
-2.8156,-2.5378,-0.57602,-1.6732,0.027401,1.3219,-0.77784,-0.092697,-0.47377,5.4824,-3.1898,-0.84989,-0.60901,-1.185,0.20499,0.10205,-0.81177,-0.001549,-7.2932,-1.4233,2.5165,-0.76288,1.9136,-0.91925,-0.13641,1.0071,-0.27517,0.018941,-8.0302,0.85033,2.5569,1.2829,-2.1971,0.39809,-0.59138,0.43703,0.16334,-14.177,-4.9947,0.55608,-0.73556,1.6412,1.1293,0.30465,-0.20691
-4.2234,-4.2878,-1.1055,-1.2756,0.050546,1.1507,-0.78389,-0.020495,-0.48298,6.4265,-5.0739,0.17525,-0.87091,-0.47927,0.03389,0.10957,-0.81927,-0.026617,-8.7143,1.5993,2.6208,0.26088,0.83036,0.16413,-0.14057,1.0122,-0.27527,-14.321,43.735,-11.131,-1.1134,1.959,-0.1174,0.43632,-0.54882,0.41788,4.7501,-14.231,-2.0562,1.0152,0.075594,0.275,1.1352,0.24698,-0.23473
-0.39468,-1.8118,-1.717,-0.040193,-0.029963,0.50566,-0.79288,0.005351,-0.47289,8.375,-5.1784,0.17458,0.1345,0.75445,0.13476,0.093924,-0.80904,-0.086923,-6.3272,0.78158,2.4047,1.223,-0.39732,0.52719,-0.13843,1.0337,-0.32036,-3.4279,3.7033,-3.3133,2.2413,1.4889,1.7165,0.42324,-0.57763,0.39034,-0.043066,-6.1798,0.37223,-0.51315,0.019379,-1.7322,1.1245,0.2758,-0.24512
6.5296,-3.3126,-1.5922,2.0159,0.48584,-0.36041,-0.80025,-0.001911,-0.47381,9.0091,2.9383,-2.2244,0.48396,1.8025,0.25333,0.047852,-0.78682,-0.076147,-4.7787,-7.0645,2.6845,0.42216,-1.1769,0.88117,-0.13966,1.0794,-0.36455,-7.2057,-2.6363,-13.594,0.44155,2.5961,-0.11915,0.40265,-0.60298,0.36898,-7.572,-0.19254,-3.4591,-1.1976,0.98142,-2.5332,1.116,0.35971,-0.1724
24.382,3.3999,-2.2116,2.0436,-0.38966,0.93217,-0.80804,-0.033192,-0.466,12.658,24.858,-11.329,0.12774,3.865,1.3475,-0.012943,-0.74904,-0.071771,2.2874,-32.343,5.7888,1.8052,-1.5501,0.81089,-0.13577,1.1428,-0.3919,-10.71,-22.342,-0.009907,-0.22786,-0.15378,-0.47341,0.37714,-0.62211,0.36456,-28.529,3.4059,-0.47915,0.89786,-0.8756,-2.5035,1.0872,0.44988,-0.089204
22.414,0.73157,2.0393,2.7109,0.42715,0.78358,-0.79961,-0.057452,-0.4663,9.7193,21.279,-12.44,0.54163,3.6213,0.90779,-0.042942,-0.69792,-0.13918,9.3731,-21.931,4.5904,0.41629,-1.7044,1.7879,-0.094529,1.147,-0.48737,-21.025,-10.451,-8.6859,-0.48159,-0.19581,-2.822,0.47784,-0.5798,0.33694,-31.4,2.6744,-1.06,-0.55446,1.4739,-3.4326,1.0276,0.5548,-0.019027
19.704,4.8703,2.6575,2.4609,0.59189,0.51339,-0.78659,-0.083451,-0.46723,4.0343,19.116,-8.8372,2.1299,4.26,0.54124,0.006568,-0.67585,-0.14075,3.6315,-21.183,4.1383,-1.3244,-2.8712,2.0902,-0.017987,1.144,-0.43525,-20.003,-4.2238,-8.3645,-0.56518,-0.10923,-3.3037,0.58937,-0.49078,0.32898,-24.46,3.4531,1.9579,-0.11703,1.3534,-2.7231,0.94495,0.65704,0.01332
12.935,4.1061,1.6759,2.1139,0.58443,-0.037723,-0.76877,-0.14965,-0.46577,-2.3193,13.461,-6.5375,1.5302,4.36,0.53068,0.063383,-0.65873,-0.11091,8.6507,-17.325,2.3576,1.8118,-2.4622,1.9004,0.045987,1.0797,-0.47384,-20.997,4.121,3.9187,-0.49167,-1.0226,-3.1119,0.68878,-0.37553,0.32407,-15.225,6.2114,4.0562,0.57015,1.1331,-1.3891,0.86816,0.72861,-0.013058
8.1964,1.2244,1.8153,1.7283,0.49584,-0.13783,-0.75006,-0.19632,-0.46742,-5.7527,8.2534,-4.4535,1.0265,3.704,0.60211,0.091442,-0.66229,-0.032708,7.9884,-6.1654,-0.85629,2.0115,-1.5336,1.6597,0.091319,0.95398,-0.57131,-13.086,3.1856,1.9554,1.2253,-2.0703,-1.9902,0.72696,-0.26866,0.31407,-7.9002,9.145,5.54,2.7366,0.23509,-0.14208,0.84384,0.72967,-0.10995
0.57065,1.8174,0.36593,1.1082,0.31672,0.12849,-0.73263,-0.21255,-0.47165,-6.6252,4.1182,-2.6551,0.96859,2.782,0.45918,0.10493,-0.67753,0.053967,6.9685,-1.1462,-0.93708,0.24637,-0.70486,1.1641,0.11864,0.8631,-0.60638,-1.1502,15.971,-11.497,-0.15291,-1.0162,-1.3619,0.73627,-0.1889,0.30869,8.113,18.371,-5.2209,1.4902,-1.7948,-0.60803,0.82066,0.70928,-0.27632
-4.0386,0.34858,-1.0441,0.60077,0.18133,-0.099278,-0.72445,-0.22979,-0.46902,-9.5506,1.9102,-1.2517,0.78491,1.7266,0.015036,0.10316,-0.67524,0.095749,6.8486,0.17135,-0.18679,0.71118,-0.30762,1.0763,0.14136,0.82186,-0.61233,-0.32958,21.423,0.36862,-2.4381,0.23352,-0.9705,0.74408,-0.16657,0.31935,-2.0324,-5.4382,2.4473,-3.4649,0.7034,2.3579,0.86716,0.72071,-0.23804
-2.4274,0.20551,-1.8536,-1.2107,-0.30073,-0.6659,-0.72384,-0.22825,-0.46778,-12.287,2.2446,0.32719,0.37985,-0.19914,-0.2537,0.11479,-0.66109,0.095738,7.8257,3.5925,-1.476,1.1759,0.15615,0.61209,0.16544,0.7786,-0.64152,-2.3624,9.142,4.6178,-0.98815,-0.54055,1.3903,0.75476,-0.21739,0.27528,-4.8116,-29.973,-10.097,0.91641,1.6726,-0.48078,0.91149,0.73143,-0.11377
-0.19175,3.1385,-2.3921,-0.20894,-0.18317,-0.57264,-0.72909,-0.23499,-0.45459,-8.3442,3.9577,-2.9969,0.064519,-2.5905,-0.59113,0.11874,-0.62709,0.01666,10.24,4.0011,-1.8914,0.72876,0.67044,-0.56128,0.17564,0.77282,-0.65892,-6.072,1.786,-1.0759,0.35643,-0.7902,2.4194,0.74826,-0.31308,0.19866,-7.2325,-4.9414,-0.22401,0.52817,0.22666,-0.69187,0.88701,0.74724,-0.12145
16.567,11.696,-6.3656,-1.092,-1.8945,-3.5834,-0.73293,-0.2633,-0.43138,-8.6432,15.505,-11.286,-0.45175,-3.5678,-1.0185,0.13592,-0.59174,-0.107,8.6189,-6.472,0.33214,-0.68582,1.0396,-2.1463,0.16425,0.83039,-0.64984,-32.111,-2.8118,4.8284,1.1242,0.53512,2.7272,0.71462,-0.43102,0.1604,-20.35,14.472,11.246,-1.3773,-0.11249,0.15339,0.88678,0.74271,-0.014972
20.706,10.16,-1.2105,-2.0366,-0.47341,-0.5323,-0.7633,-0.24917,-0.388,0.38356,34.361,-20.486,-3.0639,-5.782,-0.71855,0.082203,-0.56865,-0.22087,13.701,-18.788,3.9656,-1.3193,1.23,-3.3687,0.11671,0.91741,-0.61694,-28.605,-5.9681,-1.115,0.62175,-0.27211,3.4422,0.65601,-0.52849,0.13573,-20.882,7.2972,0.16107,0.88175,-0.52781,2.0069,0.92968,0.71278,0.026473
19.512,9.9198,2.0621,-2.5036,-0.00775,-0.30509,-0.76015,-0.23167,-0.41443,12.075,21.953,-20.97,-0.7832,-4.9397,-1.7142,-0.005561,-0.59575,-0.17874,11.622,-21.775,6.9615,-3.2093,0.9541,-3.1675,-0.000969,1.0258,-0.50298,-23.789,-7.1777,-1.4221,1.2709,0.22646,3.4947,0.53369,-0.61935,0.17569,-24.454,8.8298,-1.8225,0.25853,-0.6335,2.7708,0.99002,0.65176,0.025563
15.12,7.8212,2.0599,-2.9464,-0.24213,0.14169,-0.76531,-0.19438,-0.43589,10.878,14.731,-11.714,0.088583,-3.5005,-1.2416,0.043302,-0.68482,-0.046579,6.3174,-23.35,7.664,-1.0955,1.2141,-2.2124,-0.11667,1.0629,-0.39531,-14.31,-5.648,-1.3234,0.15399,0.7892,1.8618,0.42149,-0.65561,0.25767,-26.065,-5.0592,-1.185,-0.24111,-1.3078,3.259,1.0563,0.55236,-0.021766
10.502,3.9503,2.91,-2.4973,-0.17198,0.070317,-0.77431,-0.15414,-0.45316,9.0066,6.5118,-6.631,-0.41285,-2.6462,-0.4144,0.094254,-0.75,-0.015279,-0.55322,-13.625,4.1878,0.73205,1.8181,-1.6695,-0.20449,1.0458,-0.39896,-6.6717,-9.1079,-0.67846,-1.2538,0.97632,0.089312,0.35264,-0.68001,0.32986,-14.491,-7.569,-3.8948,-1.1506,-1.7231,2.7197,1.1242,0.43381,-0.13214
3.7854,0.070049,-0.82241,-1.9672,0.097299,0.53948,-0.77716,-0.11339,-0.46692,6.4884,-0.13691,-2.4531,-0.52059,-2.0378,0.43501,0.14695,-0.78889,-0.018915,-6.0734,-5.4881,3.2585,-0.64355,1.8379,-1.6418,-0.23218,1.0013,-0.41256,3.426,-15.902,-0.31063,0.4125,0.074308,-0.86802,0.36177,-0.67471,0.37654,0.41447,-14.541,-8.2486,-0.21947,-1.0396,1.5867,1.1398,0.36591,-0.2126
-4.8162,-4.466,0.20215,-1.3778,0.057826,1.7889,-0.76888,-0.047739,-0.49717,6.3349,-4.7464,0.13002,-0.53052,-1.5034,0.80015,0.19844,-0.8168,-0.01428,-9.1676,-1.454,3.1952,-1.8479,1.3961,-0.83996,-0.23167,0.96352,-0.38508,2.1667,-9.6695,2.1182,2.5261,1.1757,-1.7641,0.41384,-0.61187,0.43048,-2.1704,-12.976,-3.5891,0.31342,-0.59334,1.4249,1.1305,0.32323,-0.24885
-3.4202,-2.2356,-2.6978,-0.67688,-0.17017,0.62906,-0.77819,0.010837,-0.49197,8.2449,-7.1491,0.58763,-0.49719,-0.72613,0.7409,0.17675,-0.82735,-0.039212,-12.054,-0.59446,3.2,-0.87047,0.37268,0.51224,-0.22435,0.98178,-0.33649,-13.083,40.047,-14.006,-1.778,1.5744,-0.082238,0.44722,-0.56568,0.41542,4.1261,-11.339,-1.663,0.14916,-0.072535,-0.070107,1.1361,0.28585,-0.27362
1.4057,-1.8094,-0.36019,0.28955,0.10903,0.13731,-0.78271,0.025808,-0.49471,8.729,-4.3197,0.55492,0.36551,0.75757,1.1272,0.1247,-0.82384,-0.039417,-7.969,-2.0501,1.9475,0.55815,-0.80205,1.9097,-0.1831,1.0076,-0.33862,-3.5466,7.0791,-1.8112,1.2026,1.4534,1.5863,0.4116,-0.5955,0.40202,0.49909,-8.5628,-0.34221,-1.1069,-0.11424,-1.7553,1.1281,0.33366,-0.26075
4.0022,-2.0828,-2.051,1.8092,0.24876,0.1043,-0.79243,0.015108,-0.48412,9.4765,3.2216,-2.6625,0.19154,1.907,1.2265,-0.004931,-0.78489,-0.06627,-4.7836,-5.9678,0.57743,0.72157,-1.2153,2.6939,-0.11038,1.0748,-0.34998,-3.9901,-2.1427,-17.401,-1.3583,1.1271,-0.87445,0.40464,-0.60015,0.37838,-5.7463,-1.6367,-3.0661,-1.0966,0.96799,-2.3932,1.1229,0.41095,-0.19282
33.531,9.9627,2.1015,3.0734,-0.95255,1.065,-0.79999,-0.063106,-0.47105,14.304,23.165,-13.524,0.4377,4.0405,1.6739,-0.083262,-0.72106,-0.11134,-4.9422,-24.734,4.74,-0.67388,-1.9709,1.8887,-0.035132,1.1416,-0.34575,-7.6498,-31.113,-1.537,-0.89757,-0.14177,0.40881,0.37592,-0.63426,0.35719,-37.094,5.143,1.2858,2.6618,-0.48589,-2.7239,1.0883,0.49427,-0.12858
22.87,0.11462,3.4863,3.027,0.57958,0.71414,-0.79157,-0.086046,-0.47654,11.52,25.67,-14.538,1.4671,4.0308,0.84629,-0.094168,-0.67368,-0.14684,17.743,-31.246,3.1875,1.5131,-2.7238,2.5137,0.05004,1.1334,-0.41009,-19.532,-14.586,-8.6363,-0.20641,0.15304,-3.379,0.43793,-0.61979,0.33293,-31.549,3.8384,-2.6432,-0.82384,1.4346,-3.3834,1.0347,0.58116,-0.07573
19.69,4.7542,2.0746,3.0693,0.67044,0.6926,-0.773,-0.12267,-0.48044,5.0041,20.553,-10.198,1.9325,4.1954,0.03423,-0.016626,-0.65955,-0.14336,7.6161,-22.819,3.8653,0.051306,-2.5461,2.2471,0.13403,1.0666,-0.46329,-19.767,-4.6325,-7.2564,-0.17061,-0.6192,-2.8608,0.55893,-0.53655,0.32531,-25.207,4.1429,2.2161,-0.68719,1.1987,-2.7857,0.94267,0.67605,-0.037861
13.927,3.3003,2.9616,2.3884,0.89701,0.050819,-0.74646,-0.16894,-0.49023,-1.6484,14.065,-6.6691,1.6761,4.1294,0.030492,0.063785,-0.66881,-0.069299,9.6862,-13.66,0.69099,0.62004,-2.1162,1.6019,0.16965,0.97092,-0.51602,-24.157,7.4949,4.7744,0.03617,-1.3035,-3.3442,0.64845,-0.41804,0.33578,-16.152,5.9778,5.8552,0.24672,1.3339,-1.1559,0.87594,0.7178,-0.044464
8.1618,3.2857,1.5001,1.6841,0.53394,0.082692,-0.72327,-0.21612,-0.48937,-5.1041,9.0198,-4.5335,1.2461,3.6777,0.032177,0.095368,-0.66854,-0.006629,6.1228,-6.8463,-0.49376,0.61766,-1.4398,1.0377,0.17469,0.89557,-0.5464,-13.789,6.1232,1.863,0.66904,-2.6835,-1.8456,0.72415,-0.28994,0.32828,-6.957,12.121,7.6259,3.4843,-0.12626,-0.092575,0.82591,0.70955,-0.15747
0.57434,2.147,-0.53478,1.2482,0.32902,0.27269,-0.71141,-0.24115,-0.4815,-5.9519,5.1984,-2.4613,0.92738,2.8613,0.19523,0.09421,-0.68027,0.075296,6.0345,-1.9372,-1.3115,0.92175,-0.79119,0.7572,0.16917,0.83456,-0.57673,-0.1592,18.497,-10.114,-0.34505,-0.55512,-1.3246,0.74773,-0.21476,0.32003,6.3461,19.361,2.2075,0.72054,-1.1263,0.45291,0.79218,0.69185,-0.3463
-5.0344,0.58178,-1.7814,0.33136,0.26551,-0.07916,-0.70146,-0.26045,-0.48628,-10.3,0.61789,0.2639,0.67197,1.9424,0.08621,0.091475,-0.69599,0.15604,6.2021,2.8974,-1.931,0.70291,-0.1123,0.73324,0.17503,0.77908,-0.60826,-1.6502,17.303,1.427,-1.9,0.16671,-0.7052,0.73155,-0.20449,0.32567,1.2921,-9.5863,-7.7871,-4.8041,0.014474,2.4058,0.86495,0.69979,-0.31346
-4.3028,0.66627,-2.1484,-1.1922,0.086113,-0.22542,-0.69736,-0.24763,-0.49534,-14.22,-0.35703,2.3861,-0.087394,-0.29766,-0.25456,0.097476,-0.68615,0.16111,7.2735,3.4997,-2.2944,0.17037,0.63435,0.63561,0.20119,0.75906,-0.60321,-1.1456,11.062,2.1192,-0.25235,-0.67609,1.1567,0.7355,-0.23994,0.29121,-5.7792,-27.985,-6.985,-1.43,1.4715,-0.46872,0.91235,0.72159,-0.16154
0.41305,1.6672,-2.5165,-0.45523,-0.007303,-0.34482,-0.69569,-0.24379,-0.49693,-9.3362,1.3519,-0.6187,-0.58973,-2.1049,-0.54004,0.13169,-0.65806,0.10243,7.5421,1.8423,0.2665,0.36608,0.96317,-0.68751,0.23431,0.76385,-0.59963,-3.1922,4.1217,2.7083,-0.12508,-0.94405,2.2282,0.72762,-0.32433,0.21843,-1.8405,8.5104,23.032,1.6323,1.669,-1.0747,0.8907,0.75595,-0.091094
8.5902,6.7662,-2.6527,-1.5626,-1.5541,-2.2894,-0.70784,-0.21974,-0.48751,-10.019,6.2902,-6.4473,-0.30485,-3.1174,-0.81593,0.15485,-0.59589,-0.037311,7.8952,-5.3184,0.83164,0.19638,1.3025,-1.705,0.23352,0.82022,-0.58733,-26.228,1.8454,-2.0962,0.25957,1.0239,3.5321,0.694,-0.45647,0.16212,-14.362,-3.902,-16.687,0.40434,3.9591,0.23719,0.94025,0.71946,0.007388
21.967,5.8672,-6.6611,-1.9287,-1.4699,-0.48439,-0.75131,-0.2409,-0.41183,-5.0952,39.817,-15.781,-1.4143,-4.0068,-0.60272,0.14433,-0.53634,-0.19309,10.507,-18.465,4.6597,-0.98228,1.337,-3.7117,0.18046,0.92074,-0.55398,-27.973,-5.5567,1.5532,-0.58472,-0.50478,3.6313,0.62163,-0.56808,0.11901,-17.637,14.615,5.1139,1.7619,-0.51167,1.645,0.95145,0.70192,0.0505
20.757,9.2302,3.4102,-2.0952,-0.27184,-0.45553,-0.75429,-0.23529,-0.41908,11.245,27.83,-23.905,-2.7536,-5.4931,-1.5056,0.044022,-0.51376,-0.25464,11.918,-21.932,5.9443,-3.2729,0.9543,-3.5261,0.070991,1.0193,-0.46456,-23.775,-9.2824,-0.26411,1.5798,0.062308,3.4297,0.50248,-0.65456,0.13014,-25.769,7.3992,-3.268,0.34449,-0.34766,2.7749,0.99409,0.6395,0.022879
15.707,7.7921,2.6163,-2.5157,-0.3745,0.026193,-0.75962,-0.20809,-0.43147,12.506,20.036,-12.842,0.34694,-3.7057,-1.9481,0.031785,-0.61606,-0.14474,5.9848,-23.194,5.8666,-2.2962,1.2394,-2.7949,-0.063113,1.0826,-0.31989,-12.727,-6.1978,-2.8816,0.93003,0.78205,1.8095,0.40059,-0.68991,0.23226,-25.253,-2.3665,-3.2707,-0.95365,-1.4042,2.9738,1.0561,0.55237,-0.006705
11.031,5.0021,1.9359,-2.1927,-0.28426,0.084022,-0.7685,-0.16949,-0.44655,12.308,7.0257,-7.6825,-0.87646,-2.7148,-0.76424,0.10306,-0.71371,-0.078218,-0.6727,-15.011,4.2664,-0.26817,1.4106,-2.0496,-0.15971,1.0628,-0.29051,-6.6849,-7.6502,-3.1338,-1.4548,1.3972,0.067706,0.36359,-0.70413,0.29897,-16.156,-8.7104,-4.2397,-1.4032,-1.6905,2.7159,1.1041,0.4612,-0.072879
5.2475,0.58276,-0.41997,-2.0245,-0.005383,0.22084,-0.76897,-0.13477,-0.46657,8.8715,-0.89675,-3.7859,-0.63564,-1.6968,-0.19328,0.11688,-0.76658,-0.085541,-4.1678,-7.9047,2.3857,-0.32973,1.4764,-1.4528,-0.24596,1.0511,-0.27049,1.9764,-15.942,2.6464,0.16976,-0.22651,-0.93348,0.36075,-0.71185,0.34119,-1.8429,-12.85,-6.0709,-0.4471,-1.1659,1.5186,1.144,0.39974,-0.15823
-3.3491,-3.1658,0.050104,-1.4017,0.091707,1.4515,-0.76635,-0.082219,-0.4866,8.1894,-4.7897,-1.939,-0.15415,-1.3845,0.20929,0.14353,-0.78873,-0.099066,-7.0385,-3.1127,1.6182,-0.9075,1.486,-0.73578,-0.27343,1.0319,-0.2593,2.7724,-12.253,-0.17017,2.5023,1.7965,-2.1072,0.41248,-0.64553,0.40153,-0.91371,-13.336,-4.8015,0.32583,-0.85647,1.2769,1.15,0.35315,-0.22829
-3.9718,-3.2804,-1.5522,-0.90136,0.076376,1.132,-0.77328,-0.020289,-0.48978,8.9845,-5.5429,-0.66418,-0.067935,-0.64554,0.45978,0.18372,-0.80005,-0.099368,-10.951,-1.7618,1.2958,-0.57695,1.0157,0.45761,-0.24681,1.0135,-0.26758,-9.7489,37.343,-18.895,-2.0768,0.75091,-1.319,0.48434,-0.59027,0.3741,5.6476,-14.178,-3.7367,0.65104,-0.13027,0.22887,1.1462,0.31321,-0.27209
-0.2004,-1.5625,-1.4602,0.11632,0.20402,0.37358,-0.77411,0.003499,-0.49434,9.2935,-3.9508,-0.028035,0.36831,0.50058,0.81204,0.14224,-0.7915,-0.1018,-8.9489,-2.7278,0.898,0.32613,-0.23215,1.8096,-0.19991,1.0378,-0.2675,-3.8803,10.264,-3.292,1.6596,2.0743,1.3733,0.46189,-0.60959,0.36365,0.23757,-8.1129,-0.46494,0.021137,-0.070914,-1.5985,1.1504,0.34144,-0.27142
1.9444,-0.1728,-1.2483,1.7058,0.084505,-0.30563,-0.78344,-0.009097,-0.48672,9.3781,2.3554,-1.5346,0.75597,1.6999,1.3025,0.065126,-0.75973,-0.098859,-4.2317,-6.6868,0.54696,0.45686,-0.90918,2.8789,-0.10797,1.0799,-0.28406,-0.48245,-7.2874,-14.114,0.40193,1.5533,-0.081745,0.43711,-0.62091,0.37313,-5.3637,-1.1221,-3.3272,-0.75446,0.76259,-2.2401,1.1519,0.40812,-0.21246
34.411,7.4023,3.2556,2.4458,-0.95091,0.82071,-0.79347,-0.067511,-0.46599,12.111,22.004,-10.624,0.93508,3.6994,1.4764,-0.047349,-0.68511,-0.13707,-2.7497,-22.299,3.1564,0.3002,-1.1788,2.0495,-0.00331,1.1533,-0.25753,-16.465,-17.487,3.0129,0.097926,-0.28296,-0.031762,0.44593,-0.62382,0.35193,-39.797,4.5507,3.3751,1.3969,-0.043364,-2.9716,1.1182,0.50193,-0.13055
23.24,-0.05456,4.2939,2.6145,0.56083,0.75203,-0.78915,-0.087245,-0.46199,9.0038,23.898,-12.719,1.4221,3.9595,1.3018,-0.060885,-0.62131,-0.20162,10.32,-26.995,4.2234,0.62481,-2.15,2.2984,0.086068,1.1586,-0.30057,-16.414,-18.661,-10.31,0.51147,-0.006646,-2.6443,0.51454,-0.58907,0.33855,-31.835,1.7033,-0.47984,-0.75338,1.4547,-3.2873,1.0624,0.59453,-0.089103
19.899,5.5631,3.1933,2.4594,0.58584,0.65302,-0.77703,-0.1235,-0.46234,4.295,21.761,-10.425,2.5471,4.1958,0.37422,0.017754,-0.61685,-0.18432,7.954,-24.012,4.3655,-0.39417,-2.1258,1.9833,0.18134,1.1032,-0.3368,-22.695,0.71511,-8.2814,-0.56923,-0.62531,-3.1421,0.61016,-0.52393,0.33659,-25.987,3.7142,1.9627,-0.008865,1.2066,-2.7544,0.9899,0.68299,-0.075474
14.055,4.5937,1.6279,1.9372,0.56753,-0.28583,-0.75672,-0.1663,-0.46681,-2.1908,15.131,-6.3298,1.8536,3.8242,0.54142,0.082335,-0.63868,-0.089409,9.4076,-16.675,2.1084,1.5523,-2.1526,1.6572,0.22685,1.0066,-0.41285,-23.489,5.3902,4.7526,-0.029623,-1.0026,-3.1272,0.68364,-0.41185,0.34974,-16.094,5.7952,4.6082,0.61918,1.3002,-1.3868,0.92209,0.73158,-0.11912
9.165,1.4147,2.3089,1.5503,0.25577,-0.11229,-0.74012,-0.21417,-0.4624,-5.4917,10.56,-3.6953,1.3581,3.0859,0.5031,0.095775,-0.65939,0.016902,6.7029,-5.85,0.079576,1.2536,-1.6082,1.0825,0.232,0.90539,-0.50166,-14.465,2.2676,1.3659,1.4144,-2.7142,-1.896,0.72315,-0.30102,0.33678,-8.2682,9.2256,4.3388,2.3109,0.48204,-0.092199,0.88864,0.71928,-0.21261
1.5841,1.7649,0.34343,1.2364,0.18737,0.29804,-0.72597,-0.22759,-0.46201,-5.596,5.1264,-1.6284,0.69659,2.0761,0.42599,0.090312,-0.68251,0.10333,4.7742,-0.45786,-0.86985,0.62237,-1.1505,0.45031,0.21732,0.83056,-0.53671,1.1314,18.31,-14.499,-0.21122,-1.2076,-1.5871,0.77615,-0.18012,0.3205,8.0396,19.748,-6.0402,1.7913,-1.7113,-0.35046,0.8371,0.69134,-0.38954
-3.5892,0.85609,-1.015,0.45295,0.43162,0.035393,-0.71785,-0.24041,-0.46269,-8.2144,0.78404,0.44028,0.34333,1.2847,0.16405,0.074495,-0.68458,0.14067,4.976,3.0026,-1.6654,1.0152,-0.66752,0.21369,0.20046,0.79236,-0.5699,-3.2515,16.724,2.1757,-2.9213,0.52427,-0.96929,0.77715,-0.1641,0.33414,-2.4598,-1.2457,2.5111,-3.344,0.31276,2.5983,0.87233,0.71843,-0.35587
-3.7002,-0.98525,-1.677,-1.7852,-0.18346,-0.4047,-0.7163,-0.24531,-0.46681,-11.171,-0.14514,1.6233,-0.039599,0.043933,0.012381,0.069329,-0.67292,0.1381,6.9782,5.3667,-2.6883,0.87882,0.053765,-0.10389,0.19015,0.76978,-0.60006,-2.4645,6.8667,7.0116,-0.44862,-0.78342,0.99828,0.76796,-0.21627,0.28861,-4.5971,-24.293,-15.397,0.67761,0.89692,0.14194,0.92827,0.73087,-0.21923
-0.90902,2.553,-2.7521,0.54576,-0.17286,-0.38298,-0.72109,-0.24689,-0.455,-9.9291,2.7048,-1.1071,-0.16169,-1.6722,-0.51719,0.098422,-0.64882,0.086979,7.7414,4.0772,-0.78887,-0.074835,0.75159,-1.3073,0.1928,0.77703,-0.61244,-2.4567,4.2076,4.3887,1.308,-1.2755,1.9685,0.76332,-0.28269,0.21778,0.25824,4.9346,-1.8787,0.74289,0.33385,-1.7456,0.91071,0.74751,-0.15771
9.2888,7.0048,-4.459,-1.0379,-0.51024,-2.15,-0.71932,-0.24369,-0.45741,-8.9019,10.949,-8.6501,-0.25296,-3.1238,-1.0504,0.14041,-0.60142,-0.027909,10.085,-7.221,-0.38318,-1.4323,1.2574,-2.1163,0.17288,0.85829,-0.57281,-21.08,4.1549,-6.1068,0.40255,0.95682,3.4788,0.73024,-0.39131,0.16327,-18.585,-1.8507,-18.733,-0.53213,4.2777,0.49848,0.92918,0.70637,-0.05749
23.691,8.0218,-0.4556,-1.4964,-0.99606,-0.65673,-0.74719,-0.24766,-0.40617,-3.388,37.606,-16.354,-1.8512,-4.8072,-1.0862,0.14262,-0.5558,-0.18985,12.049,-23.83,5.0552,-0.98778,1.1282,-3.313,0.1006,0.97758,-0.49376,-23.229,-4.828,0.37226,-0.028539,-0.57313,3.3608,0.67232,-0.51308,0.13633,-14.325,14.078,6.9837,1.8458,-0.52864,1.2886,0.95809,0.7131,0.070728
20.136,11.094,1.8207,-2.3446,-0.12155,-0.36722,-0.75211,-0.22625,-0.41865,12.495,21.852,-22.647,-1.7739,-5.7167,-1.9325,0.039991,-0.53359,-0.23457,9.8477,-23.684,5.8994,-1.9572,0.75247,-2.0852,0.00415,1.0507,-0.40558,-24.114,-7.8831,-1.638,1.3391,0.15265,3.637,0.55504,-0.61762,0.15283,-25.021,11.057,-3.619,-0.085162,-0.47397,2.8217,1.0183,0.65451,0.060912
16.967,7.9442,2.806,-2.7912,-0.34601,-0.37726,-0.75833,-0.22186,-0.42315,10.15,18.413,-12.489,0.097143,-3.6063,-1.747,0.016557,-0.60399,-0.13713,4.0489,-19.317,5.1903,-0.89137,1.0796,-1.7313,-0.070472,1.0812,-0.33882,-15.878,-6.466,-2.7045,0.69952,0.7578,2.3529,0.43935,-0.66593,0.2259,-24.503,-2.5615,-1.9138,-0.069074,-1.2239,3.054,1.0565,0.5657,-0.017515
11.973,4.1351,1.9076,-2.6134,-0.2797,-0.013179,-0.76206,-0.18652,-0.4459,10.166,8.624,-10.201,-0.86816,-2.8527,-0.76971,0.086877,-0.68801,-0.0691,0.4176,-11.128,3.6017,-1.1013,1.5824,-1.6698,-0.1303,1.0609,-0.30841,-8.312,-8.1122,-3.6011,-1.04,1.447,0.4298,0.38545,-0.68123,0.29995,-18.562,-6.2812,-1.435,-1.2867,-1.8278,2.7501,1.1102,0.47202,-0.090993
5.78,1.0278,2.1016,-2.0802,-0.10033,0.13108,-0.75799,-0.14952,-0.46971,6.9858,1.6066,-5.475,-0.21371,-2.0768,-0.23527,0.16198,-0.74251,-0.05815,-3.1852,-7.1069,2.8854,-1.6532,1.8518,-1.6828,-0.18175,1.0448,-0.25634,0.48289,-13.871,0.99356,-0.58001,0.60348,-0.84617,0.3902,-0.68691,0.33976,-5.0807,-13.233,-7.5012,-0.93778,-1.4028,1.7214,1.1333,0.40381,-0.17332
-2.1463,-3.0825,-0.9625,-1.4398,0.37623,1.3883,-0.75182,-0.077308,-0.50868,5.4981,-0.90037,-1.4955,-0.24598,-2.0109,0.16411,0.20744,-0.80362,-0.00329,-5.9101,-3.7712,2.6541,-1.2202,1.5932,-1.3212,-0.23056,1.0085,-0.21184,9.0692,-18.152,-3.8112,2.6539,0.6739,-1.2457,0.43143,-0.62586,0.4143,-0.40416,-13.956,-3.4349,0.28909,-0.87071,1.2994,1.1607,0.34577,-0.22662
-4.8254,-2.7016,-1.9205,-0.9863,-0.28773,1.0923,-0.75918,-0.01536,-0.51241,7.8663,-5.7636,-0.12769,-0.56217,-1.5995,0.27895,0.21391,-0.81857,-0.02996,-9.0085,-1.3802,2.3161,-0.46224,0.834,-0.37755,-0.25684,1.0058,-0.18925,-5.9876,28.928,-13.423,-2.5875,0.91875,-1.4623,0.48817,-0.56537,0.40987,4.9145,-13.509,-3.9041,0.46535,-0.11986,0.27944,1.1675,0.3003,-0.27104
-0.63224,-1.6613,-1.8223,0.066346,-0.071267,0.073676,-0.77164,-0.004416,-0.49419,8.9773,-6.3496,0.68326,0.007326,-0.42014,0.20776,0.20608,-0.79861,-0.089887,-9.5149,-1.2694,1.5486,0.16571,-0.35987,0.85882,-0.25668,1.0403,-0.18332,-6.5489,9.5184,3.903,0.35481,1.3717,1.5363,0.48461,-0.58647,0.37541,-0.92919,-7.1895,-0.22817,-1.2637,-0.041091,-1.4988,1.1503,0.33836,-0.27982
1.8916,0.062009,-0.56819,1.1389,-0.036111,-0.037727,-0.78099,-0.010964,-0.48661,8.8245,-1.0577,0.32738,0.55862,1.2487,1.0931,0.14435,-0.79198,-0.074896,-5.3049,-6.4278,1.267,0.12501,-1.1848,2.1667,-0.20781,1.0849,-0.1763,1.2891,-6.626,-5.5632,-0.4566,0.95357,-0.066969,0.44319,-0.60304,0.38701,-2.5559,-3.7397,0.21682,-0.56682,0.54555,-1.7945,1.1546,0.39514,-0.22575
41.897,7.492,8.4541,2.5205,-0.51258,0.12227,-0.78413,-0.068574,-0.47896,12.356,14.678,-9.8587,0.41933,2.8542,1.3276,0.038121,-0.75425,-0.075729,-5.572,-22.803,2.2373,0.024688,-1.4761,2.3763,-0.11363,1.1457,-0.15057,-22.651,-10.916,3.9844,1.1399,-1.1892,0.52655,0.42922,-0.63508,0.36362,-41.691,4.1929,-2.8733,2.132,1.4822,-3.2247,1.1365,0.46719,-0.14148
22.894,0.87873,1.3275,2.4688,0.92554,0.58869,-0.78184,-0.078372,-0.48207,10.194,24.608,-14.565,1.4375,4.0903,2.1412,-0.050044,-0.69546,-0.095368,8.8761,-31.674,1.6718,0.83226,-2.3726,2.7001,0.010045,1.1615,-0.18913,-16.516,-20.528,-3.4823,-0.55901,0.46926,-2.9958,0.47354,-0.63538,0.3256,-30.013,-0.53312,-2.1061,-1.1605,1.6901,-3.252,1.0978,0.56602,-0.087444
20.662,2.3164,2.0214,2.8872,0.86404,0.72528,-0.76368,-0.1077,-0.48822,6.7754,24.461,-12.628,2.0606,4.2115,0.5471,-0.026965,-0.656,-0.11139,8.7419,-24.559,1.6291,-0.28112,-2.4361,2.8124,0.14565,1.1113,-0.23336,-19.892,-3.8797,-8.055,-0.091879,-0.56484,-3.1233,0.58651,-0.55491,0.3193,-27.329,3.5139,1.2372,-0.46897,1.1245,-3.115,1.015,0.67027,-0.060029
14.605,4.1456,1.4277,2.5845,1.0474,0.15625,-0.7421,-0.15251,-0.49194,-0.98768,14.995,-7.9221,1.6599,4.1792,0.31031,0.030816,-0.63317,-0.10101,9.2576,-17.527,-0.23596,1.4501,-2.5459,2.5023,0.22959,1.0307,-0.31041,-23.405,4.2797,3.1424,-0.35847,-0.70489,-3.3143,0.68613,-0.44719,0.33015,-16.5,4.4069,4.8291,-0.14251,1.4422,-1.4959,0.9391,0.71659,-0.093843
8.9337,3.0463,2.3699,1.9706,0.6983,-0.047013,-0.71551,-0.20202,-0.49843,-4.9283,9.4904,-5.5801,1.4387,3.8986,0.22746,0.076411,-0.63966,-0.014802,7.8175,-8.2457,-1.9547,1.9573,-1.7445,1.7791,0.26337,0.91697,-0.43004,-16.933,1.2714,4.1085,0.58163,-2.117,-2.3286,0.73708,-0.33906,0.32992,-10.245,9.2632,4.7836,2.1928,0.65624,-0.3431,0.90453,0.71245,-0.17603
2.9579,2.5964,0.88904,1.4798,0.28082,0.19784,-0.70267,-0.23864,-0.4903,-5.733,6.4837,-2.5319,1.1929,3.1487,0.24458,0.086514,-0.64844,0.074933,5.5621,-1.5564,-2.3595,0.99701,-1.1176,1.1116,0.2696,0.83648,-0.49701,-4.2894,15.777,-12.79,0.48714,-2.521,-1.7191,0.7727,-0.24852,0.29835,5.6738,17.198,0.053733,3.2783,-2.0215,-0.51413,0.86185,0.68008,-0.37744
-3.8977,1.9471,-0.85354,0.81544,0.1343,0.041739,-0.68994,-0.26666,-0.48918,-8.0178,1.6071,-1.2705,0.22289,2.3924,0.24129,0.10388,-0.67143,0.16248,5.8973,1.5,-1.7084,1.2218,-0.68455,0.83754,0.27169,0.75014,-0.55625,-0.39701,16.821,-0.38552,-1.9562,0.57867,-1.119,0.77598,-0.19566,0.3242,-3.2403,4.6372,-1.8788,-2.9556,-0.48461,2.6021,0.88601,0.70755,-0.4044
-4.6457,-0.84356,-1.8623,-1.2394,-0.12107,-0.46451,-0.68577,-0.26833,-0.48723,-12.179,-0.52902,0.83281,0.025567,0.94846,0.19159,0.096203,-0.66492,0.16763,8.0063,5.6829,-3.133,1.3752,-0.083622,0.48316,0.2792,0.70136,-0.59241,-2.9621,10.407,6.5101,-0.2406,-0.80827,0.63176,0.77977,-0.21286,0.29597,-2.9538,-25.666,-17.935,-0.44758,1.5005,0.65092,0.97975,0.74827,-0.23139
-1.5,0.92405,-1.827,0.16043,-0.17665,-0.049773,-0.69474,-0.24558,-0.48449,-10.852,1.7692,-0.6504,-0.11547,-1.3607,-0.22008,0.094461,-0.62745,0.11082,8.5746,6.1195,-1.89,0.36821,0.64096,-0.69626,0.29403,0.70535,-0.59502,-3.2442,5.8061,3.3882,0.79377,-1.2921,2.0198,0.78576,-0.27741,0.22629,0.71162,2.3438,-9.2738,1.3544,-0.95396,-2.5365,0.96885,0.76696,-0.20499
6.9532,5.879,-5.4168,-0.96029,-0.48472,-1.5156,-0.7004,-0.23806,-0.4785,-9.2634,8.5694,-7.0034,-0.67483,-2.9073,-0.95271,0.1384,-0.58043,0.000834,10.18,-4.3695,0.089398,-0.56965,0.84544,-2.0753,0.28517,0.76325,-0.57577,-16.126,2.5306,-5.7504,0.20697,0.27467,2.7377,0.75682,-0.38292,0.15624,-12.064,12.369,-24.404,0.73833,2.0793,0.20303,0.99757,0.73639,-0.15103
32.869,7.2768,11.861,-0.62531,-1.4809,-0.53431,-0.72618,-0.25974,-0.42432,-5.5844,33.601,-16.288,-1.1374,-4.0627,-1.2518,0.14001,-0.51878,-0.16686,12.417,-23.228,4.0674,-1.2211,1.5613,-3.8633,0.23421,0.88349,-0.518,-20.561,-2.9356,-1.2719,0.42312,-0.88075,2.9212,0.7051,-0.48732,0.1188,-18.681,10.754,8.4326,0.33719,-0.38188,1.5849,1.0118,0.7142,-0.047596
19.811,11.932,2.249,-1.9998,-0.29621,-0.31582,-0.73796,-0.22503,-0.4354,9.7959,26.493,-23.604,-1.9502,-5.6124,-1.7312,0.07402,-0.49421,-0.25388,8.7286,-27.691,6.358,-1.8794,1.2061,-2.939,0.13355,0.98487,-0.42583,-25.552,-7.8147,0.38136,1.7911,0.16609,3.6726,0.58946,-0.6149,0.11643,-22.633,14.458,-2.9868,0.89216,-0.65753,2.115,1.05,0.6662,-0.032271
17.588,8.8262,3.3238,-2.7858,-0.71148,-0.38195,-0.74335,-0.20201,-0.44886,10.309,19.346,-14.346,0.23032,-3.9784,-1.8904,0.031004,-0.58505,-0.13695,3.0754,-22.105,6.6617,-1.211,1.3226,-2.1512,0.041247,1.0347,-0.33778,-16.825,-5.2407,-2.4698,0.97026,0.73528,2.7201,0.47222,-0.67568,0.20072,-24.562,-0.51348,-4.3298,-0.48301,-1.0503,3.1103,1.1032,0.59287,-0.044019
12.817,4.5579,1.9466,-2.8287,-0.41279,-0.041984,-0.75237,-0.17075,-0.45925,10.293,11.899,-10.516,-1.0319,-3.4981,-0.86115,0.049651,-0.66633,-0.064686,-1.0171,-13.386,4.7145,-0.55723,1.6141,-1.8269,-0.033742,1.0511,-0.2935,-9.6326,-8.5125,-0.58854,-0.47543,1.2149,0.81834,0.40059,-0.69243,0.27866,-21.053,-5.4454,0.019235,-0.92409,-1.5989,2.978,1.1568,0.50696,-0.10469
7.6487,1.7571,1.2475,-2.105,-0.08796,0.22326,-0.75729,-0.13273,-0.47375,7.7408,2.7764,-6.2281,-0.55663,-2.4934,-0.4727,0.13402,-0.72947,-0.056173,-4.1353,-7.087,2.5969,-1.0309,1.926,-1.9181,-0.093973,1.0372,-0.26857,-2.5591,-12.455,0.13559,-1.4526,1.0552,-0.54272,0.3858,-0.70039,0.31796,-7.7399,-9.5874,-6.087,-1.0652,-1.4774,2.2713,1.1851,0.42373,-0.18896
-1.0415,-2.228,-0.082998,-1.4721,0.30889,1.1789,-0.75446,-0.086318,-0.49509,6.8658,-1.9154,-1.7007,-0.41513,-1.9453,-0.065251,0.19034,-0.75818,-0.06769,-6.782,-3.6878,2.0037,-1.2978,1.8865,-1.7148,-0.15132,1.0306,-0.22862,12.083,-22.757,-2.8303,3.2271,-0.2945,-0.70455,0.4227,-0.66088,0.37308,-1.5618,-15.664,-4.8038,0.003252,-0.57918,1.3008,1.1855,0.37355,-0.25794
-5.348,-3.645,-0.22933,-1.0591,-0.2522,1.4259,-0.75787,-0.003728,-0.5104,9.2787,-6.5016,0.0307,-0.65199,-1.3584,0.11662,0.25396,-0.80622,-0.059818,-9.6557,-1.838,2.1578,-0.73204,1.1315,-0.75371,-0.18341,1.0006,-0.21686,-3.3644,17.6,0.51438,-0.73893,0.20106,-2.459,0.49007,-0.56068,0.42764,3.7881,-15.184,-3.8978,0.65796,-0.16926,0.70613,1.1782,0.31129,-0.30288
-1.2441,-2.0547,-2.2772,-0.1891,-0.011821,0.18971,-0.7675,0.023089,-0.50199,9.5648,-6.7653,0.41765,-0.062653,-0.007495,0.27459,0.24104,-0.80765,-0.076545,-10.279,-0.87776,1.9312,-0.12078,-0.26364,0.72426,-0.18355,1.018,-0.20706,-8.5537,12.827,3.6191,-1.9269,0.75541,0.65368,0.48898,-0.59232,0.36895,1.2281,-7.0868,-0.4305,-0.14158,-0.12353,-1.4543,1.175,0.32043,-0.30183
0.99378,-0.55429,-0.28053,0.69115,-0.42215,0.034361,-0.77876,0.027993,-0.48939,9.06,-1.474,0.18841,0.54456,1.585,1.1475,0.16075,-0.77493,-0.098764,-5.3278,-4.3586,1.0595,0.14306,-1.336,1.9396,-0.15866,1.075,-0.18165,1.3454,-10.922,-0.54542,0.71928,-0.50833,1.0279,0.45231,-0.61078,0.38142,-2.1525,-4.0983,-0.31521,-2.228,0.33139,-2.0579,1.1731,0.39348,-0.25685
24.717,-3.3541,3.7986,3.6179,-0.067723,-1.875,-0.78771,-0.023731,-0.47847,8.6767,8.6563,-6.8832,0.51033,2.9151,1.4405,0.060129,-0.7402,-0.096906,-7.1211,-18.437,1.1893,0.061938,-1.6375,2.0351,-0.082102,1.1322,-0.16892,-37.526,-6.881,15.123,1.432,-0.72561,0.91463,0.4361,-0.64528,0.34942,-29.287,1.2307,-5.4657,1.2265,1.8441,-3.3405,1.1484,0.48365,-0.15158
23.371,2.87,-1.0586,2.5785,0.88439,0.33731,-0.7994,-0.068001,-0.45028,11.718,25.337,-13.554,0.56254,4.0952,2.6432,-0.039483,-0.67148,-0.14712,5.5834,-31.849,2.9305,2.5328,-2.8265,2.4228,0.011708,1.162,-0.22624,-10.115,-21.876,-6.7436,0.067646,0.49231,-1.821,0.46965,-0.63125,0.33314,-21.944,-3.5941,-2.6951,-0.78798,1.9172,-2.7945,1.0967,0.55735,-0.13543
21.927,2.0373,2.5813,2.7137,0.74712,0.70562,-0.78397,-0.10826,-0.45973,7.9521,25.372,-14.007,1.6837,3.8879,1.0209,-0.014926,-0.63217,-0.15736,9.7923,-23.733,2.4815,1.3707,-2.2386,2.762,0.15908,1.0916,-0.36965,-22.541,-2.9898,-8.1542,-0.56203,-0.42812,-2.8803,0.55258,-0.58035,0.32878,-26.469,2.7494,0.80146,-0.20325,1.3555,-3.0765,1.018,0.67783,-0.06708
16.214,4.7856,3.0558,2.736,0.62604,0.16765,-0.76486,-0.1502,-0.4663,0.88003,18.59,-9.712,2.4691,4.1035,0.24709,0.058863,-0.6314,-0.11554,10.513,-18.896,1.3423,0.96691,-1.9586,2.187,0.23439,0.99181,-0.45588,-21.784,-1.8174,-0.80244,-0.5268,0.25897,-3.3726,0.64601,-0.48104,0.33686,-17.528,4.4937,2.7203,-0.16438,1.3714,-1.731,0.94092,0.74321,-0.075112
10.454,3.0261,2.5306,2.2346,0.69686,-0.18785,-0.73886,-0.19115,-0.47341,-4.162,12.373,-6.6315,1.7837,3.8599,0.024837,0.10025,-0.63556,-0.049279,8.5195,-9.4237,0.15951,0.39962,-1.1802,1.3033,0.25176,0.90447,-0.51129,-19.116,4.5319,4.3087,0.52034,-1.5227,-2.6494,0.72881,-0.3545,0.34752,-12.961,7.2536,4.1794,1.694,0.68805,-0.094349,0.90075,0.73941,-0.14136
5.4977,2.1026,0.68124,1.6025,0.1753,0.17224,-0.72393,-0.23071,-0.46436,-5.7047,8.034,-4.2306,1.1239,3.1993,0.11043,0.11026,-0.6504,0.054276,5.5507,-4.3522,-0.49204,0.16266,-0.99822,0.73433,0.25155,0.84808,-0.53093,-8.381,7.595,-7.8362,0.90491,-2.4772,-1.6001,0.76147,-0.25564,0.32759,2.606,17.704,2.7748,3.5473,-1.6926,-0.50939,0.85993,0.71387,-0.30899
-1.6945,1.2922,-0.84855,0.50779,0.28387,0.38652,-0.72022,-0.246,-0.45893,-7.539,2.8514,-1.8937,0.97141,2.6186,0.005374,0.097494,-0.65709,0.12823,5.4405,0.43503,-1.0269,1.0425,-0.91806,0.5169,0.23871,0.80531,-0.56177,0.95746,21.168,-5.7126,-1.3921,0.24238,-1.562,0.77972,-0.20027,0.32281,-1.4772,5.4525,-0.2631,-1.8984,-0.94727,2.5142,0.86276,0.72586,-0.36226
-4.9235,-1.0948,-1.478,-0.68843,-0.012285,-0.42047,-0.71364,-0.26377,-0.46072,-12.751,0.18078,1.4522,0.55639,1.0987,-0.11786,0.097623,-0.67845,0.2179,6.0573,5.0695,-2.2864,0.97998,-0.42034,0.3339,0.22357,0.75301,-0.58568,-2.7809,14.774,4.2731,-1.4468,-0.24992,0.20045,0.75826,-0.20407,0.31539,-0.62472,-19.944,-12.561,-2.011,1.5003,0.97555,0.95071,0.73268,-0.22
-2.9202,2.9827,-2.4213,0.53993,-0.046034,-0.11193,-0.71468,-0.25911,-0.45739,-12.079,0.90053,1.0052,-0.37277,-1.7054,-0.39437,0.1195,-0.66575,0.18924,7.6182,4.1387,-2.1365,0.72737,0.24879,-0.37739,0.2319,0.73808,-0.59764,-2.3479,6.2779,4.4261,0.24531,-0.9751,1.6568,0.76001,-0.26087,0.26292,-3.8315,-11.321,-4.6511,0.10854,-0.056549,-1.859,0.94331,0.75338,-0.12929
2.2406,3.1601,-3.4182,-1.4541,-0.10713,-0.72678,-0.71776,-0.23652,-0.46081,-8.572,4.9225,-2.9768,-0.75076,-3.2566,-0.58431,0.14676,-0.62404,0.071319,7.864,-1.1022,0.32751,-0.45876,0.62192,-1.5072,0.22535,0.77856,-0.60277,-9.8304,4.0724,-6.1959,-0.12821,0.09078,2.8335,0.7637,-0.34757,0.20301,-7.154,3.8266,-12.66,0.76467,-0.051041,0.59675,0.93847,0.76182,-0.076328
36.061,12.789,9.086,1.313,-3.1647,-1.1488,-0.73521,-0.25548,-0.41804,-9.6267,22.243,-15.223,-1.0715,-4.1642,-1.1066,0.15098,-0.58044,-0.092021,12.47,-18.999,1.7453,-1.3342,1.6253,-2.9161,0.19709,0.87688,-0.55878,-31.261,-1.8198,-0.25007,-0.066813,-1.1648,2.3392,0.71606,-0.46463,0.16645,-19.354,17.505,5.6679,0.30242,-0.44114,1.0419,0.94765,0.73851,0.028553
21.513,10.716,-1.0217,-1.9259,-0.11125,-0.35029,-0.75542,-0.24649,-0.39779,3.474,35.622,-24.158,-3.1691,-6.2224,-0.74254,0.061427,-0.55497,-0.20311,10.813,-27.211,6.4742,-1.8046,1.4217,-2.5757,0.1158,0.97741,-0.48154,-27.501,-8.2454,-0.70025,0.897,-0.3106,3.8862,0.61484,-0.58123,0.13995,-21.945,11.852,-0.016439,0.7147,-0.80734,1.8067,1.0007,0.68438,0.010363
17.353,8.907,2.1287,-2.8674,-0.63327,-0.2393,-0.76235,-0.22356,-0.4173,12.979,16.696,-18.76,-0.70626,-4.6035,-1.7936,0.04174,-0.60833,-0.15547,5.2499,-21.459,6.9352,-1.8033,1.256,-1.6515,0.031618,1.0475,-0.36678,-17.522,-6.0995,-2.2277,1.4961,0.32314,2.9589,0.47147,-0.67372,0.1898,-23.614,1.8576,-4.3372,-0.17807,-1.1204,2.9711,1.0376,0.60239,-0.037169
14.042,5.2878,2.2516,-2.9617,-0.18364,-0.032045,-0.76869,-0.18771,-0.43811,9.3659,11.417,-10.184,0.43684,-3.3387,-1.3946,0.098613,-0.69666,-0.052123,-0.22865,-12.768,4.7059,-0.81324,1.5029,-1.5313,-0.023966,1.0473,-0.31675,-9.6929,-7.3913,-1.5438,0.02099,0.90184,0.93727,0.38659,-0.69343,0.27604,-20.614,-7.1206,-0.022686,-0.72032,-1.3801,2.7798,1.0878,0.50606,-0.079252
8.769,2.2227,1.1396,-2.2395,-0.26027,0.11268,-0.76911,-0.14916,-0.45952,9.2268,4.9866,-7.0789,-0.84203,-2.3423,-0.48946,0.14642,-0.75003,-0.019532,-4.5493,-7.2452,2.6031,-1.3046,1.9251,-1.7993,-0.073572,1.0345,-0.28553,-3.8559,-10.856,-1.4828,-1.4845,0.86142,-0.27554,0.35396,-0.69502,0.33625,-11.79,-4.7701,-4.6932,-1.2711,-1.2773,2.2739,1.1396,0.43394,-0.11235
1.0435,-1.0883,-0.24632,-1.7724,0.50701,0.83684,-0.76713,-0.10271,-0.48172,6.5644,-1.8297,-2.3437,-0.36687,-1.7928,0.2899,0.19464,-0.78023,-0.034959,-6.6343,-4.7039,2.2241,-1.4431,1.9854,-1.4269,-0.12396,1.0315,-0.23227,8.8859,-17.29,-0.37949,2.0376,-1.7151,-0.19083,0.37927,-0.67583,0.37645,-0.34046,-14.551,-6.4386,0.31766,-0.79494,1.5295,1.148,0.37184,-0.19024
-4.9262,-4.2195,-0.088095,-1.1851,-0.097208,1.4132,-0.76577,-0.041329,-0.50213,7.5979,-4.1637,-0.066141,-0.25699,-1.4977,0.64617,0.19757,-0.79757,-0.050911,-9.2079,-1.3612,1.8091,-0.64927,1.4999,-0.38793,-0.14552,1.033,-0.20076,-4.3941,4.5913,4.0717,1.6809,0.98947,-2.8961,0.42242,-0.59507,0.4311,3.3046,-17.166,-4.6957,0.83228,-0.57868,1.1537,1.1485,0.30892,-0.24127
-2.9879,-3.1851,-1.4023,-0.039956,0.043717,0.56798,-0.77247,0.006043,-0.50165,9.2087,-6.6702,0.79014,-0.22604,-0.50639,0.82099,0.2033,-0.80939,-0.083501,-10.224,0.73605,0.97243,0.050157,0.58779,0.59744,-0.13923,1.04,-0.20817,-13.831,28.803,5.4614,-0.22928,0.39843,0.086587,0.45529,-0.58699,0.37561,2.153,-9.3918,-0.45097,0.85977,-0.041185,-1.0585,1.1332,0.27815,-0.2815
0.91128,-1.2679,-1.3901,1.0161,-0.073748,-0.13276,-0.78213,0.00648,-0.49468,9.6523,-2.6932,0.59231,0.49222,0.91986,1.0723,0.14233,-0.80442,-0.078399,-6.8641,-2.2335,1.0408,-0.22924,-0.82978,1.3527,-0.11112,1.08,-0.19882,-1.956,-7.7949,0.082618,1.4165,-0.04005,1.1732,0.41703,-0.61056,0.36758,-2.0172,-3.74,-0.41654,-1.7561,0.36611,-2.1096,1.124,0.35075,-0.23873
27.594,1.0315,5.5875,3.2431,0.55353,-0.99117,-0.78296,-0.036317,-0.49631,10.391,10.308,-8.4545,0.19061,2.8676,1.1241,0.030818,-0.772,-0.075156,-5.8697,-20.853,1.6366,-0.84609,-1.5737,1.8665,-0.056557,1.1507,-0.15582,-28.991,-5.8811,6.4475,0.13166,-0.28139,0.7636,0.38922,-0.63437,0.35899,-27.661,0.77322,-4.9912,-0.068271,1.8143,-3.5761,1.1099,0.44227,-0.10975
24.534,1.1316,1.4908,2.6682,0.37091,0.74839,-0.79081,-0.057392,-0.48176,6.6751,31.71,-12.567,-0.78103,3.9562,2.0204,-0.041338,-0.712,-0.14311,4.6955,-32.475,2.5172,2.781,-2.8776,2.2143,0.037039,1.1906,-0.21231,-12.291,-19.653,-6.0619,-0.39737,0.11685,-2.5431,0.43248,-0.62446,0.32928,-23.623,-4.4078,-2.7407,-1.2714,1.9998,-3.0733,1.0524,0.53617,-0.067458
24.209,1.5174,3.8936,2.5551,0.43923,0.72707,-0.78195,-0.083571,-0.47931,6.7253,21.677,-11.12,0.48312,3.5349,0.81935,-0.030778,-0.67098,-0.20383,8.0388,-27.195,2.877,1.4917,-2.7517,2.6261,0.15636,1.1308,-0.34578,-20.136,-6.0838,-8.4927,-0.013397,-0.58232,-2.8574,0.54538,-0.5534,0.32445,-27.22,1.8654,0.39792,0.025271,1.6067,-3.0279,0.97123,0.6392,-0.018027
15.802,5.4301,2.0346,2.5714,1.0143,0.18575,-0.75814,-0.14767,-0.48989,0.12879,15.606,-4.8917,2.1078,3.726,0.42194,0.043342,-0.66337,-0.17144,9.368,-20.031,1.0855,1.4355,-2.4702,2.3521,0.24835,1.017,-0.45312,-25.296,2.493,1.7633,-0.49408,-0.31316,-3.4628,0.63963,-0.45372,0.3323,-17.715,4.9284,2.5838,0.22834,1.3085,-1.6862,0.8792,0.73295,-0.017148
9.9322,3.0969,2.542,2.0802,0.53079,-0.28224,-0.73141,-0.20691,-0.49657,-4.0157,10.279,-3.2331,2.2762,3.7298,0.26623,0.095898,-0.68085,-0.078053,8.3529,-9.9847,-0.55938,0.88484,-1.4157,1.6336,0.2774,0.89594,-0.53158,-17.838,3.2589,5.0561,0.61413,-1.8666,-2.4491,0.6949,-0.33935,0.33214,-11.647,8.253,5.0186,1.5084,0.75191,-0.24785,0.83716,0.7431,-0.075646
4.5972,2.2591,0.42172,1.6046,0.36142,-0.10955,-0.71101,-0.23465,-0.49393,-4.9835,7.5122,-1.6842,1.7394,3.3084,0.18432,0.12002,-0.69413,0.019003,6.013,-3.5761,-1.2516,0.55366,-0.84484,1.0533,0.27833,0.80486,-0.57655,-6.7518,9.857,-5.5851,1.215,-2.7106,-1.5491,0.7295,-0.24066,0.31583,2.0358,16.71,3.6216,3.7562,-1.6066,-0.33445,0.81623,0.71132,-0.22601
-2.6319,1.5966,-0.99545,0.81622,0.040428,0.18178,-0.70473,-0.25811,-0.48397,-5.4145,2.364,-0.93997,0.60771,2.6737,0.26775,0.11846,-0.69646,0.083136,6.0043,1.706,-1.8301,1.0586,-0.51895,0.82361,0.27834,0.7475,-0.60431,-0.22526,19.715,-3.604,-1.9426,0.786,-1.4719,0.73823,-0.19262,0.32504,-0.017743,8.8723,0.36841,-2.0201,-0.95913,2.1536,0.81514,0.71815,-0.29398
-5.174,-0.39661,-1.4008,-0.72925,0.39316,-0.34931,-0.69617,-0.26063,-0.49124,-9.5297,-1.7824,0.2601,0.42743,1.444,0.049806,0.11319,-0.69082,0.10629,7.4465,5.2362,-2.9968,0.62647,-0.11293,0.7099,0.28535,0.70581,-0.62287,-3.4229,12.017,4.6834,-1.4281,-0.39042,0.3366,0.73877,-0.21602,0.30913,-0.05252,-18.123,-12.719,-2.5331,0.91197,0.8794,0.88753,0.73021,-0.1391
-1.5833,2.1334,-2.0884,0.29728,0.003084,-0.076788,-0.69541,-0.26009,-0.49231,-10.727,0.13614,0.13028,0.83576,-0.87029,-0.16146,0.11471,-0.67488,0.11333,8.0742,5.4869,-2.4293,0.31668,0.67031,-0.3997,0.30504,0.70667,-0.60115,-1.7658,6.4891,4.6927,0.83388,-1.2525,1.7458,0.7185,-0.27572,0.24934,-2.8575,-12.816,-1.5758,-0.25456,0.4488,-1.9058,0.8874,0.73834,-0.074219
1.9549,2.8716,-2.9521,-1.5837,-0.3588,-0.5745,-0.69717,-0.256,-0.49214,-8.042,5.0066,-3.8262,0.45001,-2.4959,-0.3651,0.14527,-0.64788,0.051494,8.1028,-0.98645,0.10907,-0.403,0.88475,-1.6292,0.30441,0.75782,-0.58317,-8.0642,3.2782,-6.4896,0.12309,-0.12341,2.883,0.70268,-0.37081,0.17726,-9.4723,-1.9387,-14.276,0.76877,-0.75253,0.96234,0.88878,0.7369,-0.055643
33.16,17.2,8.6898,0.5492,-3.804,-1.1864,-0.71824,-0.25158,-0.45772,-9.5866,23.503,-14.118,-0.12404,-3.3901,-0.75796,0.1546,-0.62789,-0.078784,10.719,-17.688,0.27309,-1.5149,1.7421,-3.229,0.28994,0.84354,-0.56022,-34.103,-1.9569,1.156,-0.018228,-1.1318,2.2973,0.66677,-0.4821,0.14347,-16.219,19.393,6.1219,-0.45374,-0.41921,0.23558,0.8781,0.74079,0.066869
22.503,9.9225,0.93565,-1.6836,-0.1356,-0.35607,-0.74824,-0.23854,-0.42767,0.87649,34.112,-22.278,-3.0534,-5.7595,-0.6207,0.070974,-0.61329,-0.18754,9.1338,-24.741,5.2175,-2.1702,1.3052,-3.3396,0.18616,0.97738,-0.4724,-26.805,-7.6379,-1.8499,0.82577,-0.079512,3.6743,0.56281,-0.59058,0.1239,-23.331,12.153,-0.91309,1.0677,-0.74924,2.1524,0.93181,0.68983,0.045999
