7.8169,1.2414,5.7563,0.008411,-0.002891,-0.00571,-0.79141,-0.074357,0.12542,0.40978,6.0124,7.6885,0.006756,-0.020742,-0.000778,-0.55431,-0.57535,-0.1957,3.2403,-8.5507,3.568,-0.0146,-0.016011,-0.019189,-0.64681,0.33971,0.077538,-3.4857,9.0263,-0.97964,-0.001555,0.0132,-0.013534,0.72918,-0.25313,-0.037786,-2.7692,-9.0861,2.635,-0.00965,-0.004123,-0.009402,0.73868,0.30216,-0.056609
7.8315,1.2336,5.831,-0.010653,0.001037,0.008843,-0.79109,-0.073929,0.12381,0.39011,6.0656,7.7032,0.022724,-0.018852,0.015999,-0.55523,-0.57509,-0.19576,3.2768,-8.5533,3.5588,-0.009931,-0.017146,-0.028891,-0.6471,0.33841,0.079324,-3.5009,9.0712,-0.98,-0.010723,-0.007899,-0.003084,0.73053,-0.2521,-0.038252,-2.7992,-9.1009,2.642,0.002993,-0.000483,-0.009394,0.73889,0.30111,-0.057648
7.8763,1.2333,5.8015,-0.000775,-0.024265,-0.001975,-0.79041,-0.074785,0.12654,0.46121,6.0196,7.701,0.010331,-0.009163,0.009046,-0.55356,-0.57668,-0.19407,3.2988,-8.5752,3.5497,-0.013001,-0.011241,-0.010331,-0.64592,0.33709,0.077658,-3.553,9.0558,-0.921,-0.010623,0.013251,-0.006464,0.72832,-0.25308,-0.038618,-2.7992,-9.086,2.6495,-0.008971,-0.00378,0.006893,0.73957,0.30031,-0.055747
7.8618,1.2561,5.6971,0.006475,-0.029793,-0.007419,-0.79093,-0.07349,0.12678,0.46842,6.0294,7.6743,0.00858,-0.016308,-0.000757,-0.53332,-0.56859,-0.17201,3.3304,-8.5243,3.5298,-0.010072,-0.009726,-0.022675,-0.64632,0.33799,0.07988,-3.5605,9.0707,-0.90616,-0.006828,0.023808,-0.016975,0.72942,-0.25081,-0.03778,-2.7992,-9.0859,2.6345,-0.007176,-0.000151,0.008722,0.73849,0.30164,-0.057537
7.8917,1.2413,5.6226,-0.011678,-0.033161,0.000777,-0.78952,-0.075352,0.12805,0.44871,6.0779,7.6744,0.031031,-0.005735,-0.000883,-0.55905,-0.57412,-0.19416,3.3499,-8.5269,3.5448,-0.01263,-0.017172,-0.027987,-0.64714,0.33777,0.078584,-3.5305,9.0558,-0.90554,0.003678,0.016742,-0.009968,0.73007,-0.25383,-0.040115,-2.7992,-9.0859,2.6196,0.003674,0.005268,0.008731,0.73948,0.29978,-0.055208
7.9365,1.2632,5.6305,-0.013336,-0.00996,-0.009351,-0.79239,-0.0751,0.12942,0.46344,6.0537,7.6696,0.019438,-0.002197,-0.002548,-0.5591,-0.57384,-0.19495,3.3451,-8.5511,3.5207,-0.002794,-0.02618,-0.027998,-0.64631,0.33604,0.080062,-3.5304,9.0408,-0.90553,-0.003486,0.006189,-0.008281,0.72888,-0.25221,-0.038066,-2.8142,-9.0709,2.6194,0.000179,-0.004821,-0.002175,0.73873,0.30163,-0.056065
7.929,1.2263,5.5929,-0.006017,-0.004787,-0.020311,-0.79039,-0.074278,0.13191,0.44874,6.0803,7.6842,0.020262,-0.00659,0.00098,-0.56178,-0.57473,-0.19651,3.3475,-8.5366,3.5253,-0.009354,-0.016774,-0.013853,-0.64622,0.33667,0.081812,-3.5455,9.0558,-0.90584,6.3e-05,0.004431,-0.008289,0.72996,-0.25143,-0.038544,-2.8142,-9.0858,2.6193,-0.007108,-0.011048,0.00142,0.73876,0.30176,-0.055667
7.9593,1.2563,5.4441,0.001268,0.016923,0.00149,-0.79037,-0.074289,0.13231,0.45849,6.0803,7.6745,0.028351,-0.010186,-0.005328,-0.56046,-0.5755,-0.19643,3.3646,-8.5536,3.5308,0.00669,-0.005732,-0.013809,-0.64592,0.33642,0.080197,-3.5454,9.0408,-0.91333,0.00178,0.009712,-0.004726,0.72945,-0.25286,-0.038038,-2.7992,-9.0859,2.6345,0.004813,0.012109,-0.007506,0.73982,0.30164,-0.055764
7.8619,1.1974,5.5475,-0.022239,0.016028,-0.011313,-0.78963,-0.07478,0.131,0.45857,6.0585,7.6793,0.006121,0.002152,-0.012196,-0.56041,-0.5752,-0.19773,3.3377,-8.4782,3.4948,-0.009533,0.002518,-0.006745,-0.64652,0.33591,0.08081,-3.5306,9.0559,-0.92805,-0.003243,0.00178,-0.019781,0.72986,-0.25135,-0.037363,-2.7842,-9.086,2.6348,-0.018825,-0.01293,-0.000386,0.73699,0.30214,-0.056131
7.9067,1.256,5.6228,0.02284,-0.004587,0.010735,-0.79097,-0.074636,0.13095,0.44877,6.0561,7.6743,0.014269,0.014512,-0.012199,-0.55583,-0.57435,-0.18994,3.3695,-8.5512,3.5113,-0.013007,-0.005805,-0.010297,-0.64684,0.33542,0.079549,-3.5604,9.0558,-0.92115,0.009492,0.009718,0.008513,0.72925,-0.2523,-0.039235,-2.7917,-9.086,2.6496,-0.003364,-0.004953,-0.007604,0.73915,0.29978,-0.05615
7.9959,1.2329,5.6756,0.003991,0.025063,0.003297,-0.79125,-0.073466,0.13093,0.46099,6.0899,7.694,0.016758,0.000456,-0.002506,-0.55657,-0.57405,-0.19155,3.3695,-8.5853,3.5412,0.033146,0.003949,0.00037,-0.64685,0.33646,0.079266,-3.5605,9.0708,-0.92867,0.001856,0.011478,-0.008238,0.72982,-0.25105,-0.038288,-2.8142,-9.1008,2.6193,0.000255,0.012171,-0.00387,0.73917,0.30164,-0.057382
7.9663,1.2261,5.5783,-0.004033,0.044758,-0.000455,-0.79014,-0.073625,0.13165,0.45364,6.0851,7.6891,0.004196,-0.01018,-0.007797,-0.55967,-0.57485,-0.196,3.3109,-8.4659,3.5016,-0.022114,0.012519,-0.003213,-0.64653,0.33604,0.08068,-3.5454,9.0408,-0.92083,0.017681,-0.00527,-0.0013,0.73015,-0.25161,-0.037349,-2.8141,-9.0709,2.6343,-0.012509,-0.012898,-0.000389,0.73945,0.30112,-0.05723
7.9665,1.2411,5.5336,0.033232,0.075951,0.006756,-0.78963,-0.073872,0.131,0.44155,6.039,7.6937,-0.004758,0.004073,0.004793,-0.55885,-0.57422,-0.19519,3.3452,-8.5851,3.5262,-0.002379,0.025263,-0.008465,-0.64564,0.3372,0.0783,-3.5456,9.0709,-0.92837,-0.000356,0.004443,0.011125,0.72991,-0.25203,-0.039863,-2.7692,-9.0861,2.635,-0.006875,0.010191,-0.011122,0.73925,0.30111,-0.056305
7.9512,1.2994,5.8025,0.019693,0.076768,-0.012404,-0.79117,-0.072986,0.12743,0.44887,6.039,7.6888,-0.001182,-0.001262,0.00118,-0.56034,-0.57388,-0.19398,3.3012,-8.5364,3.554,-0.010733,0.034669,0.005667,-0.64663,0.33853,0.078715,-3.5307,9.0561,-0.96557,-0.000229,0.013233,0.006769,0.73026,-0.25261,-0.038264,-2.7842,-9.0561,2.6274,-0.016032,-0.009445,-0.005798,0.73863,0.30164,-0.0574
7.9063,1.2186,5.727,-0.003807,0.074055,-0.024291,-0.79046,-0.074045,0.12801,0.42424,6.0851,7.6816,0.001375,-0.002926,0.013601,-0.55741,-0.57545,-0.19287,3.3208,-8.5996,3.5358,-0.013244,0.007216,0.000309,-0.64637,0.33774,0.078877,-3.538,9.0559,-0.9282,0.008801,0.001779,-0.001249,0.7294,-0.25231,-0.038964,-2.7992,-9.1008,2.6196,-0.007853,-0.007691,-0.009416,0.73832,0.29951,-0.056571
7.8169,1.2121,5.6815,0.008726,0.061689,-0.00052,-0.79092,-0.074012,0.12691,0.47811,6.0585,7.6697,0.012117,-0.010036,0.009034,-0.55675,-0.57357,-0.19483,3.306,-8.4878,3.5263,-0.001683,-0.005365,0.002069,-0.64556,0.33757,0.079931,-3.538,9.0409,-0.92819,0.001935,-0.00262,-0.012755,0.72954,-0.2513,-0.038565,-2.8292,-9.0858,2.6191,-0.005097,0.001253,-0.011159,0.73704,0.30162,-0.057317
7.8319,1.2562,5.7267,0.030426,0.056178,-0.000462,-0.79091,-0.074212,0.12463,0.45865,6.0221,7.6742,0.023027,0.000461,-0.00079,-0.55929,-0.57517,-0.19403,3.2915,-8.5703,3.5471,0.001345,0.003322,-0.014702,-0.64584,0.33722,0.076777,-3.5379,9.0407,-0.89067,0.003669,0.011464,-0.010007,0.7287,-0.2523,-0.039129,-2.7917,-9.071,2.6347,-0.008712,0.016538,-0.007448,0.74021,0.30098,-0.056005
7.8914,1.2556,5.7719,0.008528,0.024067,-0.002169,-0.79237,-0.073947,0.12498,0.3999,6.0777,7.7106,0.016849,0.009244,-0.006029,-0.55897,-0.57306,-0.19483,3.3354,-8.5754,3.5503,0.010123,-0.014607,-0.006768,-0.64573,0.3372,0.078925,-3.5381,9.0708,-0.90571,0.008699,0.014987,0.004141,0.7286,-0.25271,-0.038342,-2.7842,-9.0935,2.6348,-0.000606,-0.005915,-0.011238,0.73884,0.30124,-0.056454
7.8616,1.2558,5.7642,-0.013303,0.011778,0.00697,-0.79057,-0.075028,0.12599,0.40961,6.0609,7.679,0.0195,0.003952,-0.005191,-0.55852,-0.57251,-0.19612,3.2963,-8.5363,3.5197,-0.013206,0.001726,-0.001469,-0.64532,0.33795,0.079681,-3.5005,9.0261,-0.93492,-0.000201,-0.002626,0.004006,0.72996,-0.2508,-0.038282,-2.7843,-9.1233,2.6048,-0.001559,-0.004927,-0.006706,0.73877,0.30124,-0.057388
7.8392,1.2339,5.7415,-0.003325,0.009834,0.001516,-0.79223,-0.074208,0.12498,0.43169,6.056,7.6888,0.001575,0.000437,-0.005948,-0.55724,-0.57579,-0.19455,3.2866,-8.546,3.5246,-0.000718,0.003654,-0.001455,-0.64653,0.33749,0.078119,-3.5455,9.0558,-0.92085,0.007246,-0.000862,-0.011856,0.72912,-0.2518,-0.038847,-2.8142,-9.1008,2.6193,-0.008666,0.01468,-0.011067,0.7382,0.30123,-0.056075
7.8765,1.2336,5.7269,0.001173,-0.00103,-0.004812,-0.79174,-0.075226,0.12407,0.45863,6.0463,7.6865,0.013046,-0.008302,0.006363,-0.55785,-0.57426,-0.19357,3.3012,-8.5533,3.5372,0.008507,-0.0021,-0.015584,-0.64731,0.33727,0.077581,-3.5455,9.0559,-0.92835,0.01065,0.020264,-0.002885,0.73046,-0.25051,-0.039313,-2.8142,-9.0934,2.6492,-0.000646,0.003148,-0.006641,0.73801,0.30123,-0.05688
7.8915,1.241,5.7047,0.008521,0.011337,-0.014886,-0.79166,-0.075139,0.12568,0.444,6.0366,7.6937,0.005133,0.002239,-0.001522,-0.55839,-0.57477,-0.19398,3.3207,-8.5559,3.5302,0.003822,0.012659,-0.005838,-0.64629,0.33749,0.07788,-3.538,9.0484,-0.92819,-0.015032,0.009727,-0.008256,0.72926,-0.25422,-0.039625,-2.8141,-9.086,2.6642,-0.000745,-0.008412,-0.002196,0.73974,0.30018,-0.055207
7.8692,1.2412,5.7045,-0.020477,0.015247,-0.004913,-0.79078,-0.074991,0.12464,0.44874,6.0658,7.6744,0.012219,0.001422,0.006422,-0.55841,-0.57398,-0.19439,3.2988,-8.5607,3.5593,-0.003277,-0.004702,-0.006773,-0.64633,0.33827,0.0771,-3.5305,9.041,-0.95055,-2.2e-05,0.011467,-0.002952,0.72953,-0.25167,-0.038827,-2.7992,-9.1158,2.627,-0.01256,0.001586,0.006939,0.73806,0.30123,-0.056212
7.9063,1.2186,5.7121,0.001281,0.027782,0.005098,-0.79185,-0.073427,0.12472,0.43899,6.0512,7.6743,0.007018,0.007488,-0.007733,-0.55918,-0.57477,-0.19429,3.3061,-8.5509,3.5274,-0.005747,-0.014955,-0.015625,-0.64651,0.33762,0.078621,-3.538,9.0484,-0.9357,0.008861,0.01146,-0.002949,0.73071,-0.25099,-0.036929,-2.8292,-9.0858,2.6266,-0.004341,0.005977,0.000629,0.73732,0.30123,-0.057168
7.8919,1.2269,5.533,-0.018604,0.024167,-0.004044,-0.7923,-0.074757,0.12619,0.45369,6.056,7.6817,0.005116,0.007601,0.004735,-0.55759,-0.57529,-0.1938,3.3085,-8.5412,3.5199,-0.000474,-0.01118,-0.012076,-0.64636,0.338,0.079122,-3.5455,9.0558,-0.92085,0.003645,0.01675,-0.008204,0.72871,-0.25244,-0.038864,-2.8142,-9.0708,2.597,-0.001607,-0.000345,-0.002141,0.73899,0.29939,-0.056547
7.8768,1.2708,5.6973,0.018391,0.000637,-0.004796,-0.79216,-0.074566,0.12378,0.42928,6.0415,7.6887,0.006907,0.007591,0.004714,-0.55873,-0.57305,-0.1952,3.3549,-8.5512,3.5208,0.001322,0.006962,-0.013791,-0.64646,0.338,0.079621,-3.5604,9.0557,-0.90614,0.010925,0.00618,-0.0171,0.73,-0.25173,-0.037487,-2.7842,-9.0711,2.6348,-0.012669,-0.001857,0.014144,0.73798,0.30018,-0.057393
7.9215,1.2558,5.6528,0.008716,0.048974,-0.015047,-0.79075,-0.07565,0.12505,0.42919,6.0561,7.6742,-0.001158,-0.006628,-0.005964,-0.55842,-0.57463,-0.19451,3.3061,-8.5704,3.5351,0.011855,-0.001799,-0.004981,-0.64754,0.33753,0.078192,-3.5305,9.0558,-0.89804,0.010798,0.000888,-0.011843,0.72844,-0.25307,-0.039007,-2.7992,-9.1008,2.6196,-0.008752,0.005805,-0.00661,0.74024,0.29979,-0.055849
7.8619,1.2709,5.6972,-0.018567,0.036778,-0.002267,-0.79238,-0.074847,0.12471,0.45351,6.1046,7.6697,-0.000351,-0.013658,-0.002441,-0.55822,-0.57343,-0.19543,3.3158,-8.4829,3.4995,0.001294,-0.003887,-0.012051,-0.64578,0.33825,0.078011,-3.5455,9.0559,-0.93586,0.019603,0.011448,-0.006476,0.72946,-0.25237,-0.037512,-2.8292,-9.0858,2.634,-0.004379,0.014135,0.005206,0.73949,0.30138,-0.056702
7.8914,1.2113,5.6826,-0.007697,0.041262,0.000433,-0.79228,-0.075132,0.12432,0.46846,6.0366,7.689,0.011407,0.004012,-0.000671,-0.58246,-0.58357,-0.21962,3.3256,-8.5631,3.5108,-0.002576,0.020066,0.001236,-0.64528,0.33823,0.078037,-3.5607,9.0785,-0.9662,0.00883,0.014992,-0.001154,0.72837,-0.25288,-0.040592,-2.8517,-9.1006,2.6336,0.000249,-0.004025,-0.007579,0.74024,0.30019,-0.055723
7.869,1.2555,5.7871,0.006839,0.038252,-0.018681,-0.79054,-0.073008,0.12182,0.4683,6.0585,7.6647,-0.00204,0.005835,0.003009,-0.55408,-0.57578,-0.19386,3.2817,-8.5581,3.5541,-0.011619,0.007427,0.007369,-0.64655,0.33828,0.077844,-3.5305,9.0409,-0.92804,-0.000959,0.00971,-0.001198,0.72844,-0.25231,-0.038614,-2.8216,-9.071,2.6491,-0.008887,-0.007506,-0.000358,0.73798,0.3011,-0.057277
7.869,1.263,5.7872,0.010472,0.047307,-0.009595,-0.79129,-0.073803,0.12274,0.4097,6.0463,7.6911,0.009615,-0.002232,-0.006034,-0.55358,-0.57674,-0.19681,3.311,-8.5898,3.5551,0.00255,0.005852,0.012687,-0.64651,0.33775,0.078491,-3.5381,9.056,-0.95071,-0.003484,0.00179,-0.00831,0.73104,-0.25295,-0.036382,-2.7992,-9.086,2.6495,-0.028588,0.002986,-0.009294,0.73716,0.30202,-0.057321
7.8466,1.2336,5.7644,-0.004117,0.033159,-0.001351,-0.7924,-0.07533,0.12203,0.4195,6.0559,7.7009,0.008601,-0.008346,0.001948,-0.55183,-0.57411,-0.19285,3.2622,-8.5337,3.5485,0.002695,0.003872,0.005609,-0.64522,0.33863,0.076643,-3.5007,9.0486,-0.94995,0.006841,0.001768,0.00757,0.72857,-0.2523,-0.039003,-2.7917,-9.086,2.6347,-0.011497,0.006743,-0.003888,0.73819,0.3011,-0.056205
7.8467,1.2411,5.7421,0.020394,0.040991,-0.005912,-0.79216,-0.073632,0.12149,0.40967,6.0391,7.6789,0.016639,-0.004767,0.008121,-0.54941,-0.57413,-0.19155,3.2866,-8.5703,3.5397,-0.000451,-0.000306,-0.01383,-0.64513,0.33887,0.078405,-3.5306,9.0559,-0.93556,-0.001542,0.032589,-0.013389,0.72995,-0.25168,-0.038676,-2.7693,-9.086,2.6052,-0.004378,-0.013776,-0.000435,0.73762,0.3007,-0.056749
7.8616,1.2557,5.7721,-0.002186,0.053709,-0.005994,-0.7927,-0.073886,0.12147,0.40967,6.0802,7.7082,0.005189,-0.006738,-0.016686,-0.55126,-0.5749,-0.19215,3.2768,-8.5362,3.5487,0.006521,0.005397,-0.006744,-0.64643,0.33892,0.07758,-3.5231,9.0559,-0.9279,0.00337,0.011465,0.004112,0.72928,-0.25258,-0.038706,-2.7842,-9.0859,2.6049,-0.014121,-0.000585,-0.01117,0.73953,0.29992,-0.056407
7.839,1.2408,5.8316,-0.003279,0.023346,0.001431,-0.79277,-0.075017,0.12013,0.4196,6.0365,7.713,0.014062,-0.005775,-0.006088,-0.55742,-0.57582,-0.19795,3.2866,-8.5387,3.5562,-0.000564,-0.005629,-0.008539,-0.64543,0.33902,0.077377,-3.5305,9.0559,-0.92055,0.000945,-0.001739,-0.008334,0.72971,-0.25311,-0.03842,-2.7692,-9.071,2.6052,-0.014344,-0.00205,0.005094,0.73921,0.30204,-0.056723
7.8318,1.256,5.757,-0.006895,0.012419,-0.01221,-0.79141,-0.07465,0.12045,0.44879,6.0416,7.6694,0.026656,-0.006715,-0.012417,-0.55764,-0.57707,-0.19989,3.3061,-8.5607,3.5398,-0.00972,0.007298,0.002079,-0.64489,0.3386,0.078173,-3.5455,9.0483,-0.92084,0.005208,0.013232,0.001476,0.7293,-0.25234,-0.038046,-2.8141,-9.0709,2.6343,0.005626,0.006849,-0.002111,0.73765,0.3015,-0.058094
7.8467,1.2338,5.7122,0.015791,0.023962,-0.00767,-0.79195,-0.071794,0.12055,0.38227,6.1436,7.6306,0.010447,-0.008392,-0.004288,-0.55157,-0.57566,-0.1932,3.2671,-8.5605,3.5441,0.003144,-0.007568,-0.014728,-0.64504,0.33887,0.077779,-3.5381,9.056,-0.95071,0.001875,-0.00526,-0.010124,0.72982,-0.25207,-0.038681,-2.7842,-9.101,2.6348,-0.021473,0.006778,-0.000248,0.7382,0.30044,-0.056193
7.8317,1.2558,5.7868,0.012222,0.029266,-0.016815,-0.79051,-0.073215,0.11981,0.4294,6.0268,7.7081,-0.019991,-0.009254,-0.004937,-0.55198,-0.57584,-0.19595,3.2793,-8.546,3.5587,0.015295,0.003832,0.000328,-0.64615,0.33891,0.078225,-3.5531,9.0709,-0.93603,0.002928,0.027312,-0.015187,0.72972,-0.25223,-0.037763,-2.7992,-9.0859,2.6345,-0.00671,0.009046,-0.023779,0.7373,0.30307,-0.05707
7.8614,1.2627,5.8692,0.008516,0.024095,-0.004935,-0.79127,-0.074914,0.12059,0.43416,6.027,7.6741,0.012203,-0.008352,0.001027,-0.55288,-0.57411,-0.19304,3.2769,-8.5703,3.5591,0.003979,-0.007498,-0.012076,-0.6449,0.33912,0.077905,-3.5231,9.056,-0.93541,-0.008036,0.008834,-0.002967,0.72874,-0.25182,-0.038074,-2.7992,-9.0858,2.6047,-0.014196,-0.00497,-0.00667,0.73779,0.30071,-0.058075
7.8465,1.2849,5.8916,-0.000561,0.019668,-0.00584,-0.79346,-0.07435,0.1197,0.41459,6.0511,7.6935,-0.00027,-0.004853,-0.004186,-0.55474,-0.57675,-0.19661,3.3012,-8.5558,3.5592,-0.000493,-0.002088,-0.012062,-0.64544,0.33863,0.077262,-3.5305,9.0558,-0.90554,0.016118,0.013205,-0.009992,0.72876,-0.25286,-0.037807,-2.7992,-9.0859,2.6345,-0.003291,0.002146,-0.011171,0.73866,0.30071,-0.057115
7.8319,1.3002,5.8021,-0.014887,0.043836,-0.014176,-0.79294,-0.073056,0.11958,0.4392,6.022,7.7081,0.006931,0.011123,0.004732,-0.55679,-0.57632,-0.19842,3.2963,-8.5218,3.5439,-0.017774,-0.007274,0.003807,-0.64612,0.33942,0.078842,-3.5231,9.0485,-0.9354,-0.001606,0.006179,-0.012693,0.72927,-0.25105,-0.038182,-2.8142,-9.0859,2.6268,-0.014202,-0.000467,-0.005728,0.73822,0.30125,-0.059402
7.8243,1.2559,5.7868,0.022925,0.0106,0.001519,-0.79226,-0.073456,0.11974,0.41211,6.0488,7.6838,0.013258,-0.001405,-0.012283,-0.55278,-0.57506,-0.19627,3.3013,-8.6262,3.5604,-0.005839,0.001504,-0.012067,-0.64618,0.33852,0.077604,-3.5454,9.0408,-0.92083,7e-06,0.011475,-0.004714,0.72998,-0.25209,-0.038278,-2.7842,-9.0859,2.6049,-0.012588,-0.001966,0.008716,0.73854,0.3015,-0.056868
7.8764,1.2408,5.7647,0.010342,0.016758,-0.014937,-0.79134,-0.072936,0.11937,0.40965,6.0802,7.7034,0.014014,-0.003059,0.001044,-0.55244,-0.57458,-0.19457,3.2671,-8.5411,3.5682,0.000955,-0.00347,0.003826,-0.64507,0.33924,0.079657,-3.5307,9.0859,-0.92059,0.003466,-0.014942,-0.003125,0.72969,-0.24978,-0.037771,-2.8142,-9.1007,2.6044,-0.005149,0.006738,-0.005702,0.73794,0.30163,-0.057688
7.8617,1.2705,5.7573,0.006615,0.01713,0.012415,-0.79112,-0.0735,0.12099,0.42921,6.0609,7.684,0.013221,0.011097,0.002016,-0.55214,-0.57564,-0.19401,3.2987,-8.512,3.5315,-0.005855,0.00333,-0.012053,-0.64661,0.33829,0.076581,-3.5454,9.0409,-0.93584,-0.001078,0.006199,0.004072,0.72915,-0.25093,-0.037793,-2.8142,-9.1008,2.6342,-0.008882,-0.007507,-0.000361,0.73885,0.30229,-0.056073
7.8318,1.2561,5.7346,-0.004161,0.03422,0.012322,-0.79072,-0.0735,0.12088,0.46355,6.027,7.6792,0.015899,-0.003126,-0.007862,-0.55519,-0.57556,-0.19757,3.3061,-8.5412,3.5492,0.003905,-0.011055,-0.00854,-0.6457,0.33877,0.077118,-3.5606,9.0858,-0.93619,-0.001601,0.025564,-0.011666,0.7301,-0.25119,-0.038275,-2.8221,-9.0865,2.6357,-0.007042,-0.002215,-0.007539,0.73753,0.30052,-0.058368
7.8542,1.3001,5.8022,0.007631,0.026772,-0.00495,-0.79181,-0.074649,0.12057,0.44145,6.056,7.6816,0.00693,0.002232,-0.002424,-0.55612,-0.5773,-0.19589,3.311,-8.5631,3.5497,0.001302,-0.007533,-0.012069,-0.64619,0.33855,0.074831,-3.553,9.0559,-0.95101,-0.007218,0.009729,0.000569,0.72963,-0.25342,-0.0404,-2.8295,-9.0865,2.6505,-0.007925,-0.002254,-0.009343,0.73907,0.29972,-0.055774
7.8691,1.2705,5.7499,0.015713,0.019662,0.005121,-0.79173,-0.074884,0.11964,0.39005,6.0754,7.6935,0.006942,0.00932,0.001164,-0.55354,-0.57598,-0.19604,3.2866,-8.546,3.5637,0.000979,0.006483,0.002085,-0.64544,0.33953,0.077362,-3.5156,9.0485,-0.93525,0.001854,0.016737,-0.007325,0.73079,-0.25043,-0.038112,-2.8146,-9.1014,2.6208,-0.005362,-0.004715,0.001482,0.73815,0.3033,-0.058533
7.8094,1.2708,5.7868,-0.002409,0.015255,0.001463,-0.79187,-0.072289,0.11961,0.41448,6.0609,7.6717,0.005038,-0.001228,0.006461,-0.55273,-0.57457,-0.19511,3.2817,-8.5412,3.5684,-0.000769,0.005514,0.000314,-0.64485,0.33898,0.07892,-3.5155,9.041,-0.92773,-0.001737,0.018503,-0.005549,0.72997,-0.25094,-0.038018,-2.7846,-9.0717,2.6065,0.000212,-0.002235,-0.009384,0.73801,0.30277,-0.058661
7.8168,1.2707,5.8167,0.004869,0.023293,0.002353,-0.79091,-0.073214,0.11993,0.40488,6.0317,7.7007,0.026473,-0.012786,0.002661,-0.55407,-0.57598,-0.1962,3.2695,-8.5508,3.5635,-0.006076,0.00179,-0.001471,-0.64607,0.33904,0.077217,-3.5455,9.0484,-0.92834,-0.003427,-0.00613,-0.011895,0.72947,-0.25314,-0.037509,-2.7846,-9.0866,2.6064,-0.016152,-0.009317,-0.002155,0.7383,0.30065,-0.057014
7.8317,1.2705,5.8317,-0.017701,0.031419,-0.005919,-0.79307,-0.074351,0.11958,0.40481,6.0608,7.7033,-0.014637,-0.00124,0.003065,-0.55529,-0.57661,-0.19716,3.2914,-8.5363,3.5636,-0.017818,-0.003591,0.005578,-0.64621,0.33853,0.077099,-3.5306,9.0708,-0.90556,-0.00612,0.007952,-0.010027,0.72897,-0.25204,-0.039116,-2.7996,-9.0866,2.6361,-0.001493,0.001199,-0.016585,0.7383,0.30065,-0.057014
7.8168,1.2634,5.7868,-0.002367,0.024231,0.002337,-0.79178,-0.074337,0.11855,0.42436,6.0318,7.6741,0.012327,0.000421,-0.006042,-0.5543,-0.57522,-0.19544,3.2915,-8.5703,3.5666,0.001221,0.008913,-0.009392,-0.64516,0.33889,0.075379,-3.4932,9.0487,-0.94981,0.001805,-0.002639,-0.006579,0.72914,-0.25398,-0.039104,-2.7921,-9.1015,2.6063,-0.00159,0.006761,-0.007506,0.7384,0.30039,-0.057539
7.8318,1.2707,5.772,0.006636,0.011585,-0.000331,-0.79175,-0.073966,0.11923,0.43166,6.0609,7.684,-0.004695,0.002229,-0.004108,-0.55341,-0.5752,-0.19591,3.2573,-8.541,3.5632,-0.000434,-0.005778,-0.01473,-0.6443,0.33988,0.077411,-3.538,9.041,-0.9507,-0.000783,0.019391,-0.00819,0.72972,-0.25261,-0.038026,-2.8146,-9.0866,2.6358,0.002796,-0.003845,-0.001246,0.7382,0.3013,-0.056364
7.8542,1.2559,5.7273,-0.004262,0.004484,-0.000316,-0.79219,-0.07271,0.12095,0.4342,6.0318,7.6887,0.015799,-0.001258,0.004593,-0.55359,-0.57492,-0.19671,3.2866,-8.5266,3.5487,-0.01135,-0.001988,-0.00501,-0.64494,0.33991,0.077251,-3.5306,9.056,-0.95056,0.001968,0.025543,-0.011674,0.73005,-0.25164,-0.036432,-2.8146,-9.0716,2.6209,-0.006911,-0.008711,-0.018441,0.7382,0.30158,-0.058233
7.8467,1.2633,5.7572,0.004835,0.018861,0.006932,-0.79127,-0.073361,0.12072,0.4415,6.056,7.6937,0.001415,-0.016314,-0.001588,-0.53126,-0.56688,-0.17219,3.2816,-8.5627,3.5397,-0.00049,0.005413,-0.008517,-0.64457,0.33866,0.076792,-3.5165,9.0405,-0.96497,0.005427,0.021907,-0.009832,0.72948,-0.25268,-0.0374,-2.7996,-9.0866,2.6361,-0.007224,0.001658,0.006949,0.73798,0.3021,-0.057451
7.847,1.3152,5.7426,0.010244,0.009789,0.001507,-0.79142,-0.073093,0.12044,0.42437,6.0415,7.6838,0.010388,-0.006554,0.004609,-0.55746,-0.57341,-0.19591,3.2816,-8.5506,3.5541,-0.011425,-0.007117,0.002927,-0.64683,0.33952,0.077029,-3.5614,9.0777,-0.9209,-0.010661,0.007869,-0.008155,0.72805,-0.25135,-0.03813,-2.7995,-9.0567,2.6361,0.000179,-0.002195,-0.007568,0.73794,0.30382,-0.057617
7.8538,1.1963,5.8015,-0.004223,0.007992,-0.007625,-0.7924,-0.074229,0.11961,0.40972,6.0414,7.6935,-0.008221,-0.00317,-0.014784,-0.55875,-0.57459,-0.19583,3.2962,-8.5726,3.567,-0.00053,0.003629,-0.006752,-0.64579,0.33857,0.077614,-3.5314,9.0553,-0.93527,-0.011513,0.000811,-0.009976,0.72898,-0.2526,-0.039533,-2.7996,-9.1016,2.636,-0.014327,-0.003949,-0.00302,0.73829,0.30157,-0.056899
7.8468,1.3001,5.8022,0.003034,0.015186,-0.002171,-0.79151,-0.073499,0.12111,0.4196,6.0341,7.7105,0.006873,-0.003067,-0.00068,-0.56059,-0.5744,-0.19854,3.2621,-8.5262,3.5485,-0.002288,-0.003668,-0.007657,-0.64568,0.33973,0.077208,-3.5315,9.0554,-0.95028,-0.004407,0.006084,-0.009057,0.72918,-0.25291,-0.038073,-2.7921,-9.0717,2.6213,0.003825,-0.004031,-0.010306,0.73762,0.30183,-0.056925
7.8615,1.2409,5.7721,0.022016,0.006979,-0.002112,-0.79183,-0.073993,0.1203,0.39993,6.0487,7.6983,0.00861,0.001433,0.00911,-0.56136,-0.57415,-0.19832,3.3061,-8.6333,3.5779,-0.002472,-0.010718,0.002045,-0.646,0.33976,0.075931,-3.5464,9.0702,-0.92059,0.01582,0.019277,0.00163,0.72828,-0.25335,-0.039828,-2.7846,-9.1016,2.6213,-0.015202,-0.000389,-0.003905,0.73874,0.29972,-0.056583
7.8617,1.2633,5.7274,-0.011422,0.024301,0.003238,-0.79073,-0.071685,0.12086,0.43912,6.0656,7.7181,0.0107,-0.00154,-0.02826,-0.56093,-0.57455,-0.19777,3.2596,-8.5165,3.5581,0.00476,0.003759,-0.004101,-0.64552,0.33894,0.077995,-3.5007,9.056,-0.91995,-0.006953,0.013218,-0.01176,0.729,-0.25232,-0.038588,-2.7996,-9.0866,2.6361,-0.004573,0.007156,0.012406,0.73844,0.30051,-0.056874
7.8317,1.2411,5.7569,0.015744,0.024111,0.003274,-0.79157,-0.073214,0.12017,0.43411,6.0367,7.6693,0.009664,0.005747,-0.004211,-0.55353,-0.57257,-0.19271,3.306,-8.5555,3.5204,-0.01123,0.005362,-0.006755,-0.64574,0.33843,0.078502,-3.553,9.0559,-0.95101,0.005354,0.015872,-0.004681,0.73015,-0.25212,-0.03748,-2.7996,-9.0866,2.6286,-0.014366,-0.009289,-0.001247,0.73763,0.30169,-0.056789
7.8318,1.2634,5.7571,-0.004097,0.034913,-0.004095,-0.79157,-0.073214,0.12017,0.46104,6.056,7.6841,0.021074,-0.010063,0.008068,-0.55483,-0.57439,-0.19301,3.2889,-8.5725,3.5595,-0.002185,-0.007433,-0.012077,-0.6455,0.33974,0.075831,-3.5455,9.0409,-0.95085,-0.001742,0.000912,-0.006554,0.72873,-0.25283,-0.038599,-2.7996,-9.0866,2.6361,-0.000656,0.012105,-0.009278,0.73978,0.30053,-0.056831
7.8617,1.2633,5.7274,0.008564,0.023952,-0.013149,-0.7928,-0.07345,0.11972,0.41449,6.0658,7.679,-0.00194,0.007494,-0.007662,-0.55815,-0.57456,-0.19671,3.2792,-8.5603,3.5469,-0.005635,-0.011232,-0.017389,-0.64488,0.33879,0.078032,-3.5379,9.0408,-0.90568,-0.001816,-0.011412,-0.004874,0.72943,-0.25145,-0.037911,-2.7846,-9.0867,2.6363,-0.00176,-0.011003,0.000513,0.73795,0.30276,-0.057731
7.8319,1.2708,5.7422,0.001271,0.013221,-0.014939,-0.79148,-0.074487,0.11924,0.42929,6.0463,7.6936,0.006928,-0.006674,-0.009588,-0.55842,-0.57495,-0.19698,3.2864,-8.5312,3.5661,-0.004063,-8e-05,-0.008529,-0.6453,0.34062,0.077328,-3.5231,9.056,-0.95041,0.002573,0.016744,0.000618,0.7275,-0.2527,-0.038262,-2.7996,-9.0865,2.6062,-0.019634,0.001282,-0.009304,0.7401,0.30118,-0.056035
7.8318,1.2412,5.7345,0.017594,0.027619,-0.0013,-0.79278,-0.073846,0.11999,0.39005,6.0464,7.6739,0.019403,0.004049,0.006364,-0.55869,-0.57391,-0.19701,3.267,-8.5699,3.5469,-0.013747,-0.003928,-0.013855,-0.64531,0.33985,0.077098,-3.5155,9.0334,-0.92022,-0.001725,0.014982,-0.006457,0.72874,-0.25094,-0.037549,-2.7697,-9.0866,2.5992,-0.014183,0.012049,-0.009259,0.73911,0.30078,-0.056858
7.8317,1.2706,5.8093,-0.015897,0.022321,-0.014998,-0.79124,-0.072531,0.1187,0.39992,6.0584,7.7032,0.024739,-0.008395,-0.000855,-0.55476,-0.5737,-0.19419,3.2767,-8.5433,3.5588,-0.006674,-0.003804,-0.011192,-0.64573,0.33985,0.078714,-3.5389,9.0553,-0.93542,0.00211,0.03424,-0.02033,0.72903,-0.25176,-0.037951,-2.7846,-9.0866,2.6214,-0.003598,0.005253,0.006957,0.73683,0.30196,-0.058551
7.8317,1.2558,5.8018,-0.010556,0.00801,-0.009458,-0.7931,-0.073558,0.11904,0.42929,6.0463,7.6936,0.003481,-0.008584,-0.026465,-0.55561,-0.57452,-0.19318,3.267,-8.57,3.5567,0.002182,0.007258,-0.008515,-0.64509,0.33842,0.076394,-3.5015,9.0405,-0.94966,-0.012264,0.009596,-0.015214,0.72901,-0.25276,-0.03874,-2.7846,-9.0867,2.6363,-0.003562,0.002489,0.003321,0.73773,0.30091,-0.057437
7.8168,1.256,5.7718,-0.013293,0.005364,-0.006717,-0.79116,-0.072833,0.12032,0.41207,6.0512,7.6741,0.026514,-0.011925,-0.000889,-0.55841,-0.57301,-0.19649,3.2865,-8.5603,3.5519,0.0003,-0.003543,-0.003234,-0.64543,0.33881,0.077247,-3.5465,9.0777,-0.9281,0.003293,0.00521,0.00418,0.73012,-0.25265,-0.038688,-2.7995,-9.0567,2.6287,-0.006991,0.005808,-0.009306,0.73689,0.30156,-0.057876
7.8318,1.2707,5.772,-0.006024,0.011615,-0.004908,-0.79281,-0.074221,0.11945,0.42433,6.0705,7.6937,0.008744,0.012876,0.002952,-0.55964,-0.57539,-0.1956,3.2913,-8.5604,3.552,-0.005528,-0.009555,-0.022682,-0.64557,0.33947,0.076969,-3.5164,9.0404,-0.93496,-0.007963,-0.004482,-0.010016,0.72792,-0.25339,-0.038659,-2.7996,-9.0866,2.6211,-0.008023,-0.005699,-0.002143,0.73888,0.30158,-0.057945
7.8616,1.2557,5.7572,-0.010613,0.010032,0.008774,-0.79121,-0.073712,0.11924,0.43414,6.0705,7.6986,-0.002107,-0.017265,-0.009566,-0.55657,-0.57508,-0.19648,3.2621,-8.5262,3.5338,-0.020252,-0.007295,-0.001502,-0.6468,0.33938,0.077538,-3.524,9.0629,-0.93513,-0.009148,0.004334,0.004168,0.73096,-0.25114,-0.037861,-2.7696,-9.0942,2.6216,-0.005332,-0.003868,-0.000342,0.73802,0.30157,-0.057041
7.8615,1.2556,5.7871,-0.00604,0.015316,0.003287,-0.79187,-0.075721,0.12192,0.43421,6.0511,7.7034,0.016798,0.002189,-0.005175,-0.55703,-0.57356,-0.1951,3.2962,-8.5653,3.5693,-0.006058,-0.005284,0.002056,-0.64555,0.33882,0.077367,-3.5389,9.0627,-0.92043,0.00335,0.004325,0.001523,0.72929,-0.25327,-0.03899,-2.7921,-9.0866,2.6212,-0.019593,0.012016,-0.01014,0.7393,0.30157,-0.055934
7.8471,1.2638,5.6154,0.022999,0.016752,-0.004897,-0.79128,-0.07381,0.12301,0.42908,6.0755,7.6597,0.006855,0.002312,0.006469,-0.55687,-0.57409,-0.19469,3.2914,-8.5579,3.5397,-0.000218,-0.004005,-0.020897,-0.64555,0.33895,0.077237,-3.5305,9.0409,-0.92804,-0.010555,0.015879,-0.009097,0.72885,-0.25282,-0.038989,-2.7921,-9.0866,2.6212,-0.007007,0.015739,-0.005624,0.73738,0.30103,-0.056785
7.8316,1.2042,5.7343,-0.042208,0.0163,-0.007718,-0.79149,-0.073639,0.12152,0.42935,6.0365,7.7033,-0.005635,0.000488,-0.000556,-0.558,-0.57496,-0.19656,3.2865,-8.5409,3.5394,-0.001994,0.001417,-0.021771,-0.64438,0.33903,0.077925,-3.5456,9.0783,-0.92088,0.006997,0.01323,0.0006,0.72838,-0.25199,-0.036773,-2.8146,-9.094,2.6358,0.005607,-0.002189,-0.008478,0.73789,0.3029,-0.058534
7.8469,1.315,5.7873,-0.00423,0.015303,0.00329,-0.79306,-0.074551,0.12227,0.41214,6.0463,7.6911,0.00854,-0.00116,0.015322,-0.55839,-0.57438,-0.19399,3.306,-8.5556,3.5399,-0.013006,-0.003752,-0.006776,-0.64516,0.3401,0.077476,-3.5305,9.0261,-0.96554,0.003692,0.009697,-0.010027,0.73039,-0.25336,-0.038783,-2.7846,-9.0717,2.6289,-0.005357,0.005172,0.003342,0.73914,0.29999,-0.056576
7.906,1.2255,5.8171,0.015731,0.017777,-0.003985,-0.79192,-0.074143,0.1211,0.40963,6.0754,7.6936,0.010543,-0.012061,-0.018538,-0.55809,-0.57472,-0.19579,3.289,-8.6332,3.5557,0.001547,-0.009405,-0.019148,-0.64537,0.3401,0.078348,-3.5456,9.0708,-0.92087,-0.014294,0.004453,-0.002111,0.73013,-0.25273,-0.03827,-2.7846,-9.0867,2.6363,-0.008875,0.012218,-0.002028,0.73806,0.30183,-0.056378
7.8618,1.2854,5.735,-0.013281,0.017182,0.006003,-0.79136,-0.075068,0.12153,0.44153,6.0608,7.7035,0.01031,-0.020723,0.000984,-0.55799,-0.57458,-0.19618,3.2864,-8.5069,3.5486,-0.000315,-0.022059,-0.015632,-0.64565,0.33856,0.077747,-3.5455,9.0558,-0.92085,0.007214,0.00266,-0.010067,0.72848,-0.25272,-0.037952,-2.7996,-9.0866,2.6361,-0.010616,0.01752,-0.0056,0.73911,0.30078,-0.056858
7.8543,1.2413,5.6825,0.006634,0.006141,-0.003959,-0.7916,-0.074297,0.12192,0.4488,6.0415,7.6718,-0.000288,-0.012827,-0.007781,-0.55822,-0.57511,-0.19579,3.3206,-8.5726,3.5209,-0.003205,-0.016361,-0.005022,-0.64513,0.3375,0.078182,-3.5454,9.0259,-0.95083,-4.3e-05,-0.00261,-0.003052,0.72888,-0.2517,-0.037804,-2.8146,-9.1165,2.6507,-0.006991,-0.000499,-0.011148,0.73798,0.30183,-0.057446
7.8542,1.2706,5.7573,-0.002412,0.011626,-0.002166,-0.79158,-0.074308,0.12233,0.45365,6.0585,7.6719,0.019576,0.002111,-0.014976,-0.55741,-0.57408,-0.19511,3.3059,-8.5361,3.5347,-0.007563,-0.016531,-0.010327,-0.6453,0.33775,0.079805,-3.5614,9.1,-0.89091,-0.00362,0.019307,-0.00454,0.72915,-0.25123,-0.03821,-2.822,-9.0716,2.6357,-0.016022,0.004885,-0.009279,0.73881,0.30224,-0.057028
7.8468,1.2928,5.7872,0.001219,0.009746,-0.007623,-0.79029,-0.073327,0.12398,0.41451,6.0609,7.679,0.023054,-0.003145,-0.007925,-0.55786,-0.57568,-0.19407,3.3377,-8.5995,3.5558,0.006522,-0.010742,-0.001465,-0.64476,0.33775,0.077942,-3.5538,9.0403,-0.95071,0.014192,0.007833,-0.005516,0.72984,-0.25251,-0.038702,-2.7996,-9.0866,2.6361,-0.010605,0.004898,-0.009302,0.73877,0.30118,-0.057675
7.8913,1.2407,5.7574,-0.007905,0.002756,0.001515,-0.79164,-0.074087,0.1238,0.41451,6.0899,7.701,0.005053,0.005862,0.009171,-0.58259,-0.58396,-0.21975,3.2572,-8.514,3.5164,0.006596,-0.012614,-0.005015,-0.64618,0.33804,0.079751,-3.5014,9.018,-0.93463,-0.004498,0.027199,-0.002741,0.7307,-0.25127,-0.03761,-2.7697,-9.0866,2.5768,0.002859,-0.009324,-0.005826,0.73844,0.30065,-0.056877
7.8243,1.2413,5.7419,0.001104,-0.020853,-0.015706,-0.79135,-0.074616,0.12409,0.41444,6.0196,7.6815,0.010371,0.000569,0.008352,-0.55491,-0.5768,-0.19578,3.3108,-8.5507,3.5448,-0.007447,-0.0194,-0.015632,-0.64604,0.33767,0.077627,-3.5463,9.0552,-0.90556,-0.004567,0.009618,-0.00197,0.72874,-0.25288,-0.038753,-2.7696,-9.0718,2.6217,-0.005303,-0.002113,-0.00214,0.7388,0.3009,-0.055538
7.8764,1.2408,5.7572,-0.009822,-0.019665,-0.000217,-0.79126,-0.073884,0.12583,0.39968,6.0752,7.7011,0.012193,-0.009274,-0.005048,-0.55456,-0.5771,-0.19419,3.2864,-8.5409,3.5491,0.010248,-0.021787,-0.008557,-0.64636,0.33858,0.078844,-3.5163,9.0403,-0.90494,0.001982,0.007826,-0.016987,0.72901,-0.25187,-0.038347,-2.7921,-9.0867,2.6362,0.000167,0.001424,-0.005737,0.73843,0.30091,-0.057015
7.8915,1.2556,5.7276,-0.008911,-0.02333,-0.005671,-0.79034,-0.074599,0.12802,0.42418,6.0559,7.6939,0.021192,-0.009319,-0.009567,-0.55078,-0.57547,-0.19141,3.3109,-8.5556,3.5253,-0.010214,-0.004775,-0.012073,-0.64616,0.33726,0.080278,-3.5465,9.0628,-0.95059,-0.001675,0.011367,-0.011665,0.72931,-0.25074,-0.037545,-2.7921,-9.1015,2.6212,0.000207,0.009474,-0.006588,0.73797,0.30078,-0.057826
7.8916,1.2558,5.6828,-0.01164,-0.016886,0.007063,-0.78983,-0.074335,0.12764,0.43883,6.0559,7.6843,0.009574,-0.006647,-0.009455,-0.55072,-0.5755,-0.19023,3.306,-8.5798,3.5306,-0.02881,0.004891,-0.019143,-0.64496,0.33813,0.079055,-3.5389,9.0404,-0.95041,-0.00366,-0.000952,-0.002932,0.72881,-0.25333,-0.040594,-2.7996,-9.0866,2.6211,0.005621,0.004996,-0.007532,0.73957,0.30052,-0.056039
7.9289,1.2335,5.6233,-0.003384,-0.009991,-0.009371,-0.79158,-0.073857,0.12985,0.45346,6.0511,7.6673,0.010317,-0.004704,0.010113,-0.55038,-0.57495,-0.19114,3.2913,-8.5457,3.5273,-0.000483,-0.012758,-0.007666,-0.64509,0.33682,0.081354,-3.5539,9.0627,-0.92073,-0.010683,0.014908,-0.006345,0.73124,-0.2528,-0.038371,-2.8146,-9.0866,2.6358,9.3e-05,0.001541,-0.000299,0.73958,0.30106,-0.057647
7.8991,1.2411,5.638,0.004752,-0.015475,-0.012986,-0.79029,-0.074947,0.13139,0.45359,6.0486,7.6989,0.022972,0.002266,0.001155,-0.55862,-0.57718,-0.19702,3.3401,-8.5557,3.5209,0.008711,-0.020296,-0.020023,-0.64666,0.33572,0.080296,-3.5464,9.0553,-0.93558,-0.004556,0.021941,-0.001004,0.73006,-0.25182,-0.039879,-2.8146,-9.0866,2.6358,-0.003558,0.012394,0.005209,0.73967,0.30052,-0.056569
7.9362,1.2259,5.6531,-0.007858,0.009908,0.001483,-0.7911,-0.073642,0.13135,0.44116,6.0802,7.6698,0.012279,0.004905,-0.002299,-0.55757,-0.57744,-0.19696,3.3303,-8.5435,3.5254,-0.001947,-0.016812,-0.022679,-0.64688,0.33689,0.080881,-3.5312,9.0253,-0.92023,-0.005036,0.01312,-0.020484,0.7304,-0.25138,-0.038151,-2.7846,-9.1016,2.6363,-0.014392,0.00245,0.003348,0.7382,0.30158,-0.058233
7.9516,1.2632,5.5491,0.032913,0.011395,0.00153,-0.79051,-0.07484,0.13232,0.43379,6.0899,7.6698,0.005146,0.004883,-0.005797,-0.553,-0.57509,-0.19141,3.3498,-8.546,3.5111,-0.015552,-0.014838,-0.012087,-0.64685,0.33639,0.079007,-3.5538,9.0552,-0.92072,0.012391,0.013119,-0.004592,0.72815,-0.25297,-0.039571,-2.8146,-9.0865,2.6209,0.000246,0.006718,-0.010214,0.73988,0.29946,-0.05561
7.8768,1.2267,5.5706,-0.018581,0.027732,-0.009562,-0.79029,-0.074173,0.13152,0.43398,6.0462,7.6891,0.010451,-0.004852,-0.005898,-0.55304,-0.57585,-0.19231,3.3449,-8.5338,3.5083,-0.005716,-0.005703,-0.013824,-0.64602,0.33712,0.080541,-3.5463,9.0402,-0.92055,-0.003698,0.004335,-0.001129,0.72956,-0.25301,-0.038977,-2.8145,-9.0716,2.6284,-2e-05,-8.5e-05,0.00783,0.73839,0.30131,-0.057423
7.9514,1.2557,5.5938,0.018407,0.007899,-0.000297,-0.78948,-0.072755,0.13154,0.43128,6.1093,7.6699,0.019283,-0.010082,0.002901,-0.55251,-0.57482,-0.19191,3.3475,-8.58,3.5214,0.001368,-0.016471,-0.010309,-0.64611,0.33686,0.0813,-3.5314,9.0552,-0.90526,0.008142,0.028953,-0.012424,0.72969,-0.25123,-0.038448,-2.7846,-9.0867,2.6363,0.002769,-0.005609,0.000538,0.73919,0.30343,-0.057038
7.9659,1.196,5.6681,0.008499,0.024191,0.005095,-0.79213,-0.075078,0.13212,0.42911,6.0534,7.7012,0.006885,0.002251,-0.002273,-0.55626,-0.57737,-0.19441,3.3547,-8.5461,3.5209,-0.003876,0.006949,-0.017327,-0.6465,0.33584,0.081057,-3.5464,9.0702,-0.90558,-0.00729,-0.008863,-0.001214,0.72969,-0.25237,-0.038973,-2.7846,-9.0867,2.6363,-0.012571,-0.000269,0.001515,0.7387,0.30025,-0.056994
7.8918,1.2341,5.5559,0.001254,0.016955,-0.000368,-0.79052,-0.074966,0.13219,0.4583,6.0561,7.6552,0.019504,0.000397,-0.012164,-0.55571,-0.57732,-0.1962,3.3303,-8.5264,3.4909,-0.025642,-0.001858,0.000289,-0.64643,0.33608,0.082314,-3.5312,9.0253,-0.92023,0.005306,0.001672,-0.006444,0.7288,-0.25192,-0.036907,-2.7996,-9.0867,2.651,-0.001764,0.001603,0.003317,0.73889,0.30026,-0.058053
7.8991,1.2264,5.6156,-0.005905,0.036764,0.001365,-0.79122,-0.074037,0.13162,0.46088,6.0269,7.6697,0.013111,-0.002142,0.000321,-0.55537,-0.57613,-0.19217,3.345,-8.5265,3.4911,0.001118,0.000181,0.000328,-0.64604,0.33596,0.080196,-3.5614,9.0777,-0.9359,-0.002752,0.018424,-0.002788,0.72901,-0.25365,-0.039002,-2.8145,-9.0866,2.6582,0.003654,-0.004684,0.00146,0.73879,0.29906,-0.056037
7.9514,1.2556,5.6161,-0.000555,0.015137,-0.005825,-0.79048,-0.073947,0.13285,0.47297,6.0802,7.67,0.007003,0.018176,-0.002179,-0.55298,-0.57691,-0.19151,3.3645,-8.5607,3.536,0.003822,0.003782,-0.001426,-0.64599,0.33711,0.081173,-3.5463,9.0477,-0.92056,0.000824,0.006088,-0.004644,0.72903,-0.25239,-0.038213,-2.8445,-9.0715,2.6577,-0.008933,0.012308,0.001617,0.7389,0.30105,-0.057802
7.9513,1.226,5.6085,-0.009634,0.011635,-0.003999,-0.79178,-0.07415,0.13119,0.46822,6.0486,7.6844,-0.002123,0.011236,0.012082,-0.55417,-0.57658,-0.19418,3.3255,-8.5362,3.5081,0.006514,-0.005272,-0.00145,-0.6457,0.33813,0.081915,-3.5612,9.0401,-0.90584,0.005455,0.004324,-0.01348,0.72928,-0.25186,-0.03873,-2.7996,-9.1015,2.6285,-0.007003,-0.006776,-0.011197,0.73807,0.30158,-0.058104
7.9214,1.2114,5.5933,0.000453,0.033017,-0.00773,-0.7915,-0.074997,0.12879,0.4143,6.056,7.6695,0.015892,0.002195,-0.007686,-0.55689,-0.57661,-0.19381,3.3352,-8.5217,3.5251,0.003038,0.003651,-0.006731,-0.64803,0.33694,0.080695,-3.5313,9.0477,-0.91275,0.00542,0.006071,-0.011703,0.72885,-0.2521,-0.039013,-2.7696,-9.0868,2.6366,-0.014413,0.003378,0.005155,0.73918,0.30158,-0.057536
7.9064,1.2335,5.6679,-0.006817,0.034051,-0.002269,-0.79146,-0.074759,0.12959,0.429,6.0584,7.6745,0.008693,0.009363,0.002196,-0.5563,-0.57658,-0.19495,3.345,-8.5849,3.5215,0.022448,0.007724,0.003895,-0.6473,0.33769,0.080081,-3.5239,9.0404,-0.93511,0.006146,-0.004493,-0.004721,0.72942,-0.25085,-0.038198,-2.7846,-9.0941,2.6288,-0.008978,0.001574,0.003328,0.73818,0.30143,-0.056633
7.9213,1.2554,5.7129,-0.020358,0.031263,-0.018687,-0.79102,-0.074656,0.13042,0.41918,6.0753,7.6794,0.010526,-0.004929,-0.01479,-0.55479,-0.57751,-0.19368,3.2962,-8.5457,3.5151,-0.000587,0.022784,-0.004943,-0.64608,0.33752,0.079393,-3.5165,9.0553,-0.91997,0.013296,0.011339,-0.005488,0.72914,-0.25287,-0.03913,-2.7846,-9.0867,2.6288,-0.009022,0.007043,0.007887,0.74047,0.30093,-0.056417
7.9063,1.2112,5.6901,-0.009556,0.031409,-0.000437,-0.79078,-0.075159,0.12976,0.42912,6.0389,7.6939,0.010481,0.000456,-0.004982,-0.55431,-0.57593,-0.1942,3.3109,-8.5701,3.5402,-0.003459,0.002104,0.005611,-0.6468,0.33754,0.080111,-3.5314,9.0553,-0.92777,-0.003516,0.021928,-0.008063,0.73033,-0.25322,-0.037227,-2.8146,-9.0866,2.6358,-0.008809,0.002221,-0.009318,0.73915,0.30091,-0.056326
7.9064,1.2334,5.6828,0.004061,0.02391,-0.018626,-0.7905,-0.075818,0.13004,0.41914,6.0826,7.6745,-0.003896,-0.003033,-0.002211,-0.55423,-0.57649,-0.19275,3.3059,-8.5337,3.5298,0.001209,0.010059,-0.004963,-0.64651,0.33716,0.078373,-3.5465,9.0703,-0.93559,0.003384,0.011369,0.000691,0.72977,-0.25334,-0.04068,-2.7921,-9.0866,2.6287,-0.007095,-0.004839,-0.003952,0.73874,0.30144,-0.056349
7.9215,1.2557,5.6532,-0.000416,0.042004,-0.007765,-0.79137,-0.076032,0.12867,0.40454,6.0511,7.6743,0.010407,-0.004809,-0.000567,-0.55478,-0.57629,-0.19565,3.306,-8.5409,3.5201,0.001219,0.005513,-0.004973,-0.6461,0.33779,0.07888,-3.5314,9.0553,-0.93527,0.00167,0.001679,-0.00291,0.72899,-0.25223,-0.039138,-2.7846,-9.0867,2.6363,-0.004359,0.005028,-0.003896,0.73884,0.30039,-0.056992
7.8915,1.2336,5.6752,0.01493,0.042058,0.005021,-0.7909,-0.074453,0.1276,0.42411,6.0705,7.6842,0.006764,-0.008304,0.003008,-0.5558,-0.57643,-0.19531,3.3255,-8.5557,3.5549,-0.000552,0.005462,-0.005855,-0.64591,0.33881,0.080121,-3.5239,9.0478,-0.92011,-0.007167,0.011369,-0.004609,0.73019,-0.25118,-0.036448,-2.7921,-9.1015,2.6212,-0.003332,0.021057,-0.009215,0.73741,0.30196,-0.058
7.8992,1.2707,5.6382,0.023074,0.021974,-0.018593,-0.78985,-0.07471,0.1271,0.41906,6.09,7.66,0.012371,0.015492,-0.004024,-0.5541,-0.57714,-0.19286,3.3059,-8.5362,3.5542,0.003634,0.013103,0.006527,-0.64597,0.33765,0.07889,-3.5463,9.0478,-0.93557,4.5e-05,0.011367,-0.00902,0.72886,-0.25211,-0.038881,-2.8146,-9.0866,2.6358,-0.017711,-0.005204,-0.020199,0.73835,0.30183,-0.056103
7.8762,1.1816,5.7419,-0.02941,0.040422,-0.0078,-0.79153,-0.075246,0.12839,0.42907,6.051,7.689,0.009552,-0.003069,-0.004103,-0.55397,-0.57707,-0.19533,3.3352,-8.5362,3.5254,-0.000746,0.000256,0.003855,-0.64582,0.33738,0.07941,-3.5613,9.0551,-0.91336,-0.008865,-0.006218,-0.010023,0.72997,-0.25174,-0.038698,-2.7921,-9.0866,2.6212,0.007453,-0.002244,-0.011207,0.73808,0.30143,-0.056237
7.8915,1.2703,5.765,0.015888,0.049155,-0.002298,-0.79106,-0.075734,0.12706,0.42416,6.0559,7.689,0.022966,-0.003072,-0.002435,-0.52958,-0.56784,-0.17098,3.2962,-8.5166,3.5342,-0.003984,-0.00017,-0.012057,-0.64692,0.33809,0.077569,-3.5313,9.0403,-0.92025,0.012399,0.004305,-0.00554,0.72995,-0.25121,-0.038963,-2.8146,-9.0866,2.6358,-0.007268,-0.004575,0.008723,0.73766,0.30103,-0.056509
7.9062,1.2184,5.7424,0.037663,0.050697,-0.009573,-0.79166,-0.074139,0.12582,0.39474,6.0753,7.6889,0.010399,-0.010154,-0.005039,-0.55649,-0.5748,-0.19343,3.3134,-8.6188,3.5558,0.013685,0.000196,-0.003209,-0.64613,0.33779,0.078374,-3.5614,9.0702,-0.92089,0.001553,0.005219,0.002414,0.72924,-0.25297,-0.039915,-2.7846,-9.0718,2.6363,-0.014406,-0.002032,0.003316,0.73857,0.30104,-0.05688
7.8916,1.2705,5.6979,0.000431,0.031248,-0.007718,-0.79065,-0.074638,0.12465,0.41922,6.0801,7.694,0.003457,0.011001,-0.012867,-0.5566,-0.57423,-0.19527,3.2912,-8.4948,3.5509,0.00645,0.002058,0.000325,-0.64658,0.33871,0.079459,-3.5315,9.0628,-0.93528,-0.001683,0.0096,-0.011677,0.72985,-0.2515,-0.038177,-2.7846,-9.0867,2.6363,0.000127,-0.003919,-0.003967,0.73743,0.30196,-0.057733
7.8913,1.2186,5.7124,-0.000449,0.043932,0.002257,-0.79145,-0.074373,0.12475,0.42884,6.0803,7.6503,0.017331,-0.018807,0.015315,-0.56103,-0.576,-0.19809,3.3157,-8.5532,3.5376,0.013578,0.017572,0.000366,-0.64764,0.33889,0.078391,-3.5464,9.0554,-0.95808,0.017731,-0.000977,-0.005575,0.72972,-0.25253,-0.03818,-2.7996,-9.0866,2.6211,0.005478,-0.00199,0.001466,0.73754,0.30157,-0.058121
7.869,1.2408,5.7572,0.008694,0.045389,-0.019623,-0.79106,-0.073855,0.12463,0.45357,6.0365,7.6843,0.013959,-0.004775,0.002968,-0.56001,-0.57624,-0.19855,3.3108,-8.5459,3.5496,-0.000643,0.003763,-0.001445,-0.64522,0.33789,0.078796,-3.5614,9.0852,-0.9209,-0.005506,0.01579,0.000726,0.73113,-0.25079,-0.036932,-2.7921,-9.0717,2.6213,-0.007188,-0.003795,0.00329,0.73836,0.30197,-0.057703
7.8915,1.2557,5.7052,0.024917,0.043721,-0.000442,-0.79129,-0.075945,0.12531,0.39963,6.0753,7.6865,0.008782,0.01282,-0.005792,-0.56026,-0.57573,-0.19831,3.3011,-8.5507,3.5471,-0.006617,-0.002061,-0.013832,-0.64554,0.33895,0.07749,-3.5389,9.0552,-0.92042,-0.005244,-0.002715,-0.012646,0.72862,-0.25354,-0.038493,-2.7996,-9.0792,2.6361,-0.014323,0.001447,-0.00208,0.73879,0.30145,-0.057413
7.8616,1.2411,5.7124,0.023194,0.055285,-0.007793,-0.79157,-0.073537,0.12259,0.40945,6.0704,7.6914,0.005054,-0.01195,-0.009449,-0.55437,-0.57429,-0.19254,3.3035,-8.5459,3.5544,0.002991,0.009162,-0.004965,-0.64563,0.33791,0.078145,-3.5389,9.0552,-0.92042,0.007138,-0.00625,-0.010023,0.72986,-0.25278,-0.038437,-2.7696,-9.0942,2.6216,-0.008797,-0.004102,-0.011189,0.73786,0.30223,-0.057191
7.8317,1.2338,5.7419,0.004959,0.038499,0.001372,-0.79326,-0.074325,0.12361,0.37468,6.2015,7.6554,-0.016436,-0.001247,-0.00209,-0.55501,-0.57404,-0.19232,3.306,-8.5944,3.5479,-0.00604,-0.010743,0.002045,-0.64663,0.33874,0.075927,-3.524,9.0703,-0.92764,0.003383,-0.009768,-0.001221,0.72889,-0.25277,-0.038483,-2.7697,-9.1017,2.6216,0.007371,0.010482,-0.002086,0.73955,0.30092,-0.056314
7.8616,1.2705,5.7722,-0.002287,0.036728,-0.002272,-0.79234,-0.074454,0.12324,0.41702,6.046,7.7327,0.047244,0.008343,-0.006132,-0.5596,-0.57528,-0.19555,3.2815,-8.5166,3.534,0.014737,-0.016333,-0.010306,-0.64487,0.33904,0.078278,-3.524,9.0629,-0.93513,0.014188,0.011341,-0.005487,0.72944,-0.25201,-0.038063,-2.7696,-9.0718,2.6217,0.007392,0.001445,-0.005766,0.73995,0.3025,-0.055931
7.8392,1.2706,5.7945,-0.00599,0.016965,-0.007665,-0.79095,-0.073905,0.12154,0.4047,6.0074,7.6838,0.008706,0.000444,-0.005866,-0.55787,-0.57471,-0.19715,3.2865,-8.5531,3.5616,-0.013149,-0.011752,0.000267,-0.64661,0.3391,0.078816,-3.5014,9.0404,-0.91965,-0.00735,0.026328,0.0052,0.73125,-0.25103,-0.037453,-2.7996,-9.124,2.636,-0.007353,0.007256,0.017842,0.73797,0.30276,-0.057464
7.8466,1.241,5.757,0.008527,0.024072,-0.00403,-0.79185,-0.074694,0.12232,0.44872,6.0413,7.6988,0.00869,0.000462,-0.004964,-0.55864,-0.57601,-0.1973,3.2962,-8.5531,3.5642,-0.00771,0.005435,-0.004988,-0.64538,0.33855,0.078139,-3.524,9.0554,-0.93512,0.002064,0.01927,-0.019553,0.7301,-0.25263,-0.039085,-2.7846,-9.0717,2.6289,-0.00703,0.008566,-0.005676,0.73827,0.3021,-0.057176
7.8615,1.2336,5.7422,0.00673,0.023129,-0.008588,-0.79223,-0.074504,0.12015,0.40456,6.0583,7.6841,0.016791,0.002181,-0.008584,-0.55719,-0.5744,-0.19413,3.2865,-8.5725,3.5472,-0.00048,-0.001867,-0.008532,-0.64595,0.33806,0.076864,-3.5315,9.0703,-0.92029,-0.005198,0.014886,-0.013403,0.72918,-0.25304,-0.038205,-2.7996,-9.094,2.6062,-0.01052,0.006582,-0.014718,0.73879,0.30171,-0.057418
7.8615,1.2335,5.7571,0.003133,0.031271,-0.004979,-0.79222,-0.076261,0.12285,0.42422,6.051,7.6987,0.012219,-0.011959,-0.009508,-0.55612,-0.57402,-0.19355,3.3011,-8.5604,3.5448,-0.004247,0.005602,0.000317,-0.6457,0.33831,0.07687,-3.5464,9.0627,-0.92058,-0.000311,-0.000946,0.005898,0.72774,-0.25322,-0.03959,-2.7696,-9.0867,2.6216,-0.005362,0.010582,0.005181,0.73885,0.30039,-0.056859
7.8464,1.2334,5.8167,-0.004224,0.018018,0.005101,-0.79121,-0.075462,0.12168,0.43881,6.0584,7.6818,0.00323,-0.011901,-0.004984,-0.55841,-0.57438,-0.19511,3.2718,-8.5384,3.544,-0.000253,-0.007591,-0.019142,-0.64593,0.33948,0.077329,-3.5464,9.0553,-0.93558,-0.010845,0.006106,0.00065,0.72876,-0.25176,-0.0377,-2.7846,-9.1016,2.6288,-0.010734,0.001493,-0.000286,0.7394,0.30197,-0.056338
7.854,1.2408,5.8018,0.001297,0.029537,-0.002237,-0.79126,-0.072587,0.12085,0.42899,6.056,7.6721,0.00316,-0.010049,0.004805,-0.55808,-0.57512,-0.19638,3.3108,-8.5507,3.5399,-0.006009,-0.010788,0.000285,-0.64631,0.33895,0.079844,-3.5464,9.0553,-0.93558,0.003656,0.011361,-0.011665,0.7299,-0.25206,-0.037119,-2.8145,-9.0716,2.6358,-0.009121,-8e-06,0.01328,0.7375,0.30248,-0.056675
7.8319,1.2561,5.7272,-0.016818,0.027857,-0.001348,-0.7922,-0.073355,0.12082,0.42901,6.0584,7.6794,0.004962,-0.023418,-0.007729,-0.55867,-0.57593,-0.19535,3.2865,-8.5457,3.5346,-0.006732,0.001721,-0.008529,-0.64538,0.33881,0.078132,-3.5165,9.0405,-0.96497,-5.8e-05,0.000791,-0.004686,0.7296,-0.25382,-0.038183,-2.8145,-9.0716,2.6358,0.005453,0.016049,0.00702,0.73879,0.30169,-0.055553
7.8392,1.2559,5.7571,0.024728,0.00424,-0.003923,-0.79135,-0.074682,0.12167,0.40211,6.0656,7.6889,0.01401,-0.003064,-0.002364,-0.55619,-0.57489,-0.19497,3.3061,-8.6163,3.5654,-0.010282,-0.007418,-0.008553,-0.6467,0.33912,0.077047,-3.539,9.0704,-0.95795,0.014059,0.011351,0.00069,0.73127,-0.25257,-0.03758,-2.7696,-9.0867,2.6216,-0.005246,0.000503,-0.00574,0.73612,0.30247,-0.057252
7.8765,1.2408,5.7423,0.015859,0.032847,-0.015,-0.79118,-0.075995,0.12222,0.40957,6.0654,7.7182,0.010438,0.005821,0.00305,-0.55721,-0.57516,-0.19477,3.2718,-8.5554,3.5687,0.013839,-0.012704,-0.010307,-0.646,0.3382,0.075849,-3.5314,9.0627,-0.90527,0.007085,-9e-05,-0.007331,0.72926,-0.25299,-0.039519,-2.7697,-9.1017,2.6216,-0.003427,0.004991,-0.005714,0.73861,0.30091,-0.056343
7.8467,1.2411,5.7346,-0.002386,0.018834,0.001448,-0.7918,-0.073355,0.1207,0.42162,6.0705,7.6745,-0.001229,-0.003905,-0.00046,-0.55713,-0.57358,-0.19531,3.3011,-8.5215,3.5148,0.001244,0.012747,-0.006724,-0.64553,0.33713,0.077794,-3.5314,9.0553,-0.92027,-0.011558,-6.7e-05,-0.008216,0.72956,-0.25174,-0.038585,-2.8146,-9.0716,2.6209,-0.010649,0.013977,-0.003808,0.73806,0.30235,-0.056255
7.8393,1.2413,5.7122,0.006785,0.036618,-0.00409,-0.7913,-0.073088,0.12018,0.44867,6.0365,7.6842,0.02742,-0.004825,-0.000701,-0.559,-0.57305,-0.19621,3.3157,-8.5556,3.545,0.00305,-0.003621,-0.006755,-0.64626,0.33923,0.078201,-3.5613,9.0552,-0.92837,0.016906,0.007833,-0.008159,0.73104,-0.25184,-0.036275,-2.7921,-9.1016,2.6361,-0.007964,0.006809,-0.003872,0.73775,0.30143,-0.057047
7.8468,1.2854,5.7722,0.00494,0.023975,-0.014064,-0.7926,-0.074388,0.12081,0.43868,6.0754,7.6601,0.014015,-0.006608,-0.005043,-0.55716,-0.57486,-0.1962,3.2767,-8.5336,3.5489,-0.011443,-0.008911,0.003807,-0.64562,0.3392,0.07836,-3.5314,9.0403,-0.93526,0.002549,-0.006244,-0.002968,0.72935,-0.25256,-0.037143,-2.822,-9.0866,2.6506,0.005552,0.001489,-0.003927,0.739,0.30198,-0.058082
7.8391,1.2631,5.8168,-0.000563,0.018773,-0.004017,-0.79315,-0.072822,0.12064,0.39477,6.0656,7.6889,0.015751,-0.005689,0.001164,-0.55733,-0.57426,-0.1944,3.3133,-8.5799,3.5404,0.008401,0.001882,-0.00674,-0.64572,0.33842,0.078881,-3.5316,9.0778,-0.9353,-0.008806,0.005208,-0.011705,0.7297,-0.25047,-0.037922,-2.7696,-9.0868,2.6366,-0.004334,0.004986,-0.005712,0.73836,0.30169,-0.055967
