5.7149,-0.82933,2.6836,-0.21797,-0.37803,0.19312,-0.67419,0.13126,-0.57128,0.3968,7.3045,5.2094,-0.21356,0.16093,-0.22555,0.014298,-0.18288,-0.62434,0.88981,-6.2163,6.1131,0.053115,0.13355,0.39129,0.38748,0.82545,-0.67057,-8.8114,0.77537,-2.2027,0.36154,-0.63008,-1.2336,0.70242,-0.42662,0.45453,-7.2881,0.60958,-1.4552,0.32163,0.059729,-2.5747,0.71227,0.80172,-0.25486
7.1585,-0.85894,3.4927,-0.19776,-0.64277,0.20541,-0.68312,0.14241,-0.5613,0.30146,7.2561,5.2037,-0.16695,0.21418,-0.59558,0.02152,-0.17194,-0.62724,0.88868,-6.8812,5.9462,-0.1441,0.60708,0.58186,0.41648,0.82526,-0.65646,-8.959,0.20682,-2.6852,0.39148,-0.53145,-1.1572,0.74613,-0.36619,0.44,-6.7481,1.4464,-2.2431,-0.98548,-0.16764,-1.9229,0.63545,0.8487,-0.26368
9.1999,-0.75861,3.949,-0.19526,-0.94876,0.061955,-0.70164,0.15725,-0.53117,-0.37116,8.3822,5.4672,-0.10404,0.26862,-0.81451,0.030004,-0.16072,-0.6306,-0.28557,-7.4257,6.8302,-0.32601,0.86771,0.47227,0.4516,0.82547,-0.62742,-9.6969,-1.4616,-2.5331,0.50689,-0.36753,-1.1581,0.77846,-0.3173,0.43123,-6.5613,0.80075,-1.5544,-1.5735,-0.002251,-1.3913,0.5816,0.8969,-0.21716
9.9624,-0.64314,3.1796,0.048663,-0.289,-0.080041,-0.71594,0.16821,-0.50712,-0.01313,8.4078,5.6663,0.080714,0.22178,-0.89535,0.040602,-0.15138,-0.63096,-0.5888,-7.1878,7.6063,-0.2776,0.84049,0.28319,0.48377,0.82604,-0.59729,-10.372,0.39698,-2.8713,0.056174,-0.49522,-1.3104,0.81066,-0.27193,0.42102,-4.6402,-10.969,-0.53777,0.67858,0.65598,-0.78593,0.55168,0.93214,-0.18238
11.343,-1.8251,3.2868,0.20267,-0.12536,-0.12056,-0.72007,0.16941,-0.49715,-0.81183,8.409,5.45,0.25456,0.13139,-0.78003,0.048532,-0.15001,-0.63197,-1.0799,-6.8007,8.3597,-0.11376,0.4803,0.226,0.50615,0.82649,-0.57028,-10.546,3.2794,-3.6507,-0.41851,-0.25334,-1.3153,0.83605,-0.22324,0.40306,-3.8143,-10.771,-7.112,0.033464,1.1715,-0.35717,0.53684,0.94022,-0.1679
12.057,-1.5749,4.122,0.15158,0.24205,-0.047305,-0.71771,0.16625,-0.49543,-1.1907,8.5334,6.2939,0.24525,-0.12504,-0.67109,0.050232,-0.15673,-0.63034,-1.5075,-6.287,8.7697,0.17435,-0.12677,0.21794,0.51624,0.81954,-0.56869,-11.013,1.0139,-3.9428,0.23622,-0.18877,-1.1749,0.85617,-0.18022,0.39165,-6.1607,-5.0667,-3.192,1.1682,0.73084,0.57051,0.53314,0.92472,-0.14003
13.449,-0.51883,4.0051,0.16224,0.42477,-0.009605,-0.70998,0.15769,-0.50041,-1.4221,7.6605,5.3359,0.15197,-0.19994,-0.36235,0.048412,-0.15155,-0.63208,-0.47636,-7.2558,7.3378,0.095534,-0.41255,0.10445,0.51714,0.81803,-0.57586,-13.229,1.7514,-4.8584,1.4572,-0.1397,-0.69344,0.86947,-0.12366,0.38927,-7.8808,-12.469,-3.0244,3.1884,0.93415,1.7972,0.56458,0.86823,-0.18842
12.395,0.049099,3.031,0.22598,0.7464,0.12029,-0.6957,0.14988,-0.51741,-1.2821,10.17,5.3239,0.45421,-0.33011,0.13367,0.039794,-0.16193,-0.63107,-0.5958,-8.0444,6.1737,-0.032932,-0.50344,-0.42058,0.50392,0.81983,-0.59233,-11.151,8.2793,-5.469,1.4466,0.19635,0.49254,0.87357,-0.09717,0.39904,-13.139,0.71546,6.0061,2.9553,-0.006755,0.78944,0.59354,0.80332,-0.25971
12.612,1.3841,2.2131,0.28146,0.86163,-0.013254,-0.6829,0.14332,-0.53702,-1.8795,9.2127,5.2284,0.030725,-0.28237,0.50175,0.033278,-0.16886,-0.62872,-0.68929,-7.9387,6.9919,0.015309,-0.45631,-0.86029,0.47454,0.82765,-0.60918,-10.586,8.156,-0.53577,0.009788,0.57231,2.1074,0.86633,-0.13797,0.42135,-9.3434,9.016,-3.7905,-0.76421,0.54214,1.5146,0.6244,0.77403,-0.27329
10.029,2.4944,0.19388,-0.14669,0.4658,-0.27328,-0.67302,0.12624,-0.55693,-0.49365,8.3171,5.3908,0.066999,-0.39819,0.57565,0.022539,-0.17609,-0.62582,0.3832,-6.8373,7.1259,0.018769,-0.38645,-0.95689,0.43193,0.83365,-0.62516,-13.792,-4.0872,-2.6576,-0.30497,0.10778,2.6584,0.84041,-0.24793,0.42366,-14.698,-4.0238,-3.7816,-1.2995,0.67475,2.2813,0.71661,0.73418,-0.22538
8.8937,-0.090587,2.3768,-0.35902,0.22721,-0.27446,-0.66385,0.12276,-0.56989,-1.0081,8.2406,5.2026,0.067378,-0.49117,0.66575,0.009082,-0.1827,-0.62295,-0.37676,-5.4928,6.9517,0.007256,-0.36144,-0.84389,0.39278,0.84215,-0.63452,-16.63,-3.0592,-3.6911,1.1247,1.2315,2.8298,0.78445,-0.34727,0.4527,-9.498,-3.4401,-2.482,-0.49967,0.17423,1.617,0.78946,0.69539,-0.21907
8.2246,-1.1463,2.8125,-0.34349,0.45626,-0.010117,-0.6514,0.11804,-0.59098,0.38819,7.7942,5.2261,-0.26505,-0.50341,0.80198,-0.010084,-0.18625,-0.6202,0.78255,-6.3816,6.5031,-0.036183,-0.26851,-0.59797,0.35257,0.85489,-0.63994,-13.052,-0.77408,-1.5509,0.34293,1.5871,2.3712,0.68781,-0.43565,0.51995,-7.2479,-1.7779,-2.32,-0.61826,0.11488,1.8365,0.85791,0.6592,-0.21834
6.7269,-1.4281,2.195,-0.1723,0.16138,0.33684,-0.6418,0.12668,-0.60028,0.61795,7.9371,5.2501,-0.30184,-0.36887,0.61277,-0.024416,-0.18065,-0.62186,1.1532,-6.5534,6.4848,-0.054163,-0.10552,-0.47392,0.32964,0.859,-0.64285,-9.7013,0.14361,-0.81688,-1.7853,0.81199,2.6111,0.59273,-0.53052,0.52865,-8.896,-1.7544,-2.5644,-1.4441,-0.019558,2.0066,0.92045,0.61778,-0.20588
5.0757,-0.51257,2.5615,0.08412,-0.004018,0.31954,-0.63758,0.13759,-0.60073,0.32754,7.3037,4.3973,-0.32101,-0.18034,0.13183,-0.033327,-0.1759,-0.62359,0.71101,-5.7275,6.1972,-0.024671,0.23955,-0.16323,0.32368,0.85998,-0.64181,-7.9876,-0.62956,-4.4204,-2.5842,1.4387,2.5877,0.4932,-0.62241,0.49997,-7.9095,-3.6752,-1.4548,-1.8592,-0.40631,1.7659,0.96995,0.58077,-0.19076
4.9143,0.2429,2.9233,0.2837,-0.39253,0.17924,-0.64036,0.14178,-0.59286,0.66974,6.6077,4.4254,-0.1484,0.023562,-0.38072,-0.033673,-0.16517,-0.62574,0.80771,-5.2934,6.2107,-0.016583,0.43595,0.11369,0.3342,0.85913,-0.63425,-8.2901,-1.4459,-1.372,-2.074,1.2163,2.2958,0.37664,-0.7095,0.4585,-8.5778,-4.6128,-1.5882,-1.0527,-0.26048,1.4216,1.0058,0.55123,-0.16597
6.3442,0.18587,3.2023,0.39388,-0.6164,-0.056606,-0.64923,0.13933,-0.57451,0.45928,7.8188,4.6483,-0.11718,0.29925,-0.68348,-0.030354,-0.15488,-0.62936,0.26189,-6.075,7.6391,0.065155,0.51446,0.37423,0.3593,0.85375,-0.62248,-6.7498,-2.2005,-2.3831,-1.2781,0.89132,2.0331,0.275,-0.7676,0.41062,-8.6724,-2.5557,-2.2864,0.051755,-0.3178,1.4383,1.0318,0.51106,-0.16034
8.9273,0.072318,4.191,0.36972,-0.88894,-0.072493,-0.66514,0.13894,-0.55351,0.21846,8.7044,5.0154,0.11254,0.60162,-0.72813,-0.012026,-0.14874,-0.63286,-0.16582,-6.5554,7.3036,-0.017729,0.46255,0.63618,0.39191,0.85014,-0.60121,-6.7194,-5.2149,-2.4843,0.51644,0.50832,1.3937,0.19306,-0.81498,0.37628,-10.271,-0.046603,-2.0751,0.43227,-0.092436,1.501,1.0542,0.45911,-0.15119
10.996,1.0046,4.0337,0.41589,-0.76958,0.064995,-0.68326,0.13681,-0.52404,-0.27964,8.6909,5.3039,0.26956,0.67292,-0.61709,0.010255,-0.15144,-0.63159,-0.36093,-6.6303,7.6638,0.16989,0.35405,0.66966,0.42355,0.84154,-0.5921,-6.4534,1.5762,-1.3759,0.51269,0.65232,0.74316,0.15755,-0.81462,0.39951,-10.581,-2.2574,-1.7352,-0.40637,-0.048924,1.5868,1.0754,0.39933,-0.14206
10.437,1.8806,2.8266,0.18699,-0.16891,0.12129,-0.69336,0.13889,-0.50617,-1.8734,7.7433,5.7661,-0.002042,0.54849,-0.47541,0.027447,-0.14961,-0.633,-0.48729,-6.7581,7.537,0.03103,0.20373,0.66738,0.45236,0.83053,-0.58931,-5.8943,9.4009,-6.8651,0.32316,0.67562,0.20107,0.13554,-0.80192,0.42909,-10.018,-5.862,-1.3171,-0.18951,0.4256,1.0069,1.0939,0.3485,-0.1324
11.251,1.0713,3.4989,-0.13525,0.14763,0.00011,-0.69344,0.14311,-0.50513,-0.79804,8.7187,6.0615,0.14156,0.35041,-0.29593,0.03942,-0.1467,-0.63292,-0.13052,-7.3329,7.4986,0.03763,0.076399,0.70603,0.47938,0.82034,-0.58489,-5.5403,4.6167,-6.6727,-1.5175,0.30199,-1.0645,0.14771,-0.81351,0.40726,-11.505,-3.8993,-0.93349,-0.23438,0.3882,1.0959,1.1032,0.30929,-0.10355
12.72,0.01255,4.115,-0.24312,0.22974,-0.12245,-0.69578,0.1478,-0.50646,-1.1444,8.631,5.6677,0.0099,0.25461,-0.15227,0.048056,-0.14625,-0.63297,-0.78977,-6.6044,7.7764,-0.17224,-0.12964,0.50565,0.49915,0.81172,-0.58522,-9.1072,2.6531,-3.171,-2.1922,-0.36485,-2.0125,0.21021,-0.84027,0.32356,-12.104,-3.7001,-1.5556,-0.63226,0.067226,0.887,1.1105,0.26936,-0.08564
13.527,-0.12385,3.2548,-0.19079,0.59787,-0.041855,-0.69204,0.14383,-0.51869,-1.9667,9.6809,5.1669,0.080862,0.18389,0.26379,0.057166,-0.15071,-0.63226,-1.6153,-7.9197,7.1218,-0.21627,-0.32745,0.17189,0.50632,0.81054,-0.58457,-15.226,3.5689,1.6118,-1.4742,-1.001,-1.0272,0.28006,-0.85324,0.24721,-11.269,-6.1993,-1.4512,-0.6822,-0.17143,0.19061,1.1101,0.24771,-0.066741
11.316,-0.51326,1.3181,-0.021929,1.2394,-0.16692,-0.67665,0.13266,-0.54991,-1.734,8.7449,5.198,0.1746,0.083629,0.74078,0.061075,-0.15877,-0.62816,-1.2071,-7.4905,7.5924,-0.19792,-0.51822,-0.27258,0.49514,0.81747,-0.59284,-5.8082,-5.5381,-3.2459,1.8568,0.18326,-1.2328,0.30648,-0.83708,0.25922,-9.4494,-7.9666,1.6749,-0.887,-0.40008,-1.7214,1.0946,0.28942,-0.072462
9.2316,-1.9764,0.88245,-0.20877,0.33886,-0.050492,-0.6669,0.12555,-0.57203,-0.19445,9.017,6.0349,0.17821,-0.037429,1.0214,0.056686,-0.16969,-0.62536,-0.040633,-6.8738,7.0492,-0.11245,-0.57072,-0.34638,0.4756,0.82498,-0.60293,-13.804,0.67165,-3.6608,1.6728,-0.23202,-2.0372,0.3643,-0.78762,0.31799,-11.875,-1.4632,-0.67919,0.23013,-0.67501,-2.4831,1.0657,0.36644,-0.096989
9.4426,-0.65063,2.3848,-0.041167,-0.32847,0.17527,-0.66877,0.12518,-0.5721,-0.73988,6.9647,5.3175,-0.23992,-0.03914,0.98267,0.054602,-0.17571,-0.62201,-0.53556,-6.6819,7.0115,0.031379,-0.58572,-0.3128,0.45031,0.82942,-0.61809,-10.391,-0.67879,-3.8909,0.74696,-0.48927,-1.5718,0.42743,-0.73933,0.35184,-14.986,2.1854,-1.7677,0.12772,-0.21921,-2.4822,1.0204,0.45556,-0.1237
10.001,0.84174,2.2794,-0.028429,0.18897,0.11662,-0.67043,0.12767,-0.57325,-0.44931,8.2915,4.1978,0.28506,-0.066429,0.92772,0.046536,-0.18483,-0.62009,0.81427,-6.4737,6.4711,0.18344,-0.4391,-0.37727,0.42562,0.82929,-0.63853,-8.8793,0.41218,-3.299,0.40211,-0.51961,-1.8454,0.48955,-0.68785,0.37235,-14.392,-0.83501,-1.8107,-0.59601,-0.087046,-2.5855,0.96789,0.54562,-0.13122
8.4352,0.76445,2.5206,-0.185,0.48851,-0.21152,-0.65733,0.12058,-0.59244,0.84815,9.2694,4.966,0.16605,0.24061,0.82756,0.040744,-0.20101,-0.61792,-0.029125,-6.6554,7.2243,0.095053,-0.31621,-0.38799,0.39756,0.83216,-0.6538,-9.1322,-1.3352,-3.5423,0.81105,-0.53065,-1.904,0.56003,-0.61357,0.41795,-11.963,-0.5523,-0.45412,0.66389,-0.11034,-2.6016,0.8936,0.65991,-0.14933
6.4347,0.15753,2.6955,-0.3656,0.14386,-0.30899,-0.65029,0.11595,-0.6052,0.47461,7.8591,4.8406,0.085633,0.36169,0.53162,0.046767,-0.21126,-0.61327,0.96995,-6.5043,6.8261,0.092357,-0.20352,-0.30797,0.38045,0.8342,-0.66548,-8.7038,2.8923,-2.6005,1.4233,-0.45749,-1.7455,0.6193,-0.53113,0.4505,-10.33,-0.13128,-1.277,1.2477,0.3476,-2.731,0.82314,0.72119,-0.19485
5.2856,-0.45334,2.1457,-0.32702,0.074879,-0.038853,-0.65219,0.11895,-0.60583,0.12281,6.562,5.3453,0.033398,0.27999,0.1028,0.056507,-0.21577,-0.61046,0.48013,-6.268,6.4331,-0.003325,0.024412,-0.055128,0.37678,0.83563,-0.66621,-8.2612,2.4895,-2.6812,0.32481,-0.5195,-1.4302,0.66584,-0.47257,0.43416,-7.612,-0.62968,-1.2324,0.83696,0.13234,-2.6277,0.75486,0.75534,-0.23336
5.3558,-0.89488,3.1281,-0.07535,-0.18128,0.093959,-0.65444,0.1297,-0.60279,0.36461,7.2494,5.0753,-0.094728,0.18242,-0.48163,0.063815,-0.21275,-0.61076,0.97434,-5.8522,6.0814,-0.01919,0.38717,0.33526,0.38859,0.83348,-0.66292,-8.1364,-0.17797,-3.1484,0.24414,-0.51234,-1.196,0.7073,-0.42401,0.42399,-6.4642,0.65126,-1.6578,-0.26512,0.018105,-2.3007,0.68091,0.80461,-0.24751
6.6738,-0.8188,3.6907,-0.19003,-0.55279,-0.0385,-0.66292,0.13882,-0.58931,0.14947,7.2105,5.1078,-0.10493,0.10616,-0.811,0.070496,-0.19867,-0.61594,0.57558,-6.5649,6.5424,-0.052699,0.65642,0.55462,0.42042,0.82906,-0.64741,-8.9708,-0.1702,-2.2049,0.40794,-0.3668,-1.0838,0.74279,-0.3739,0.41562,-6.4494,0.69673,-1.8666,-1.4021,-0.10871,-1.8086,0.61541,0.85468,-0.22148
9.3833,-1.0295,4.635,-0.15676,-1.6148,-0.008956,-0.69176,0.15348,-0.55318,-0.4518,8.8442,5.1966,0.023325,0.1401,-0.94869,0.079308,-0.18928,-0.61834,-0.26248,-6.9699,7.214,-0.13238,0.70165,0.56228,0.45574,0.82649,-0.62465,-9.827,-0.87693,-2.5964,0.5955,-0.34288,-1.0669,0.77495,-0.31629,0.42611,-6.3318,-1.2049,-0.79401,-1.3906,0.22776,-1.3902,0.55339,0.91226,-0.16975
10.41,-0.45512,3.4304,0.042918,-0.47446,-0.020822,-0.71398,0.16076,-0.51807,-0.58,8.6666,4.8354,0.15112,0.20529,-0.95657,0.087601,-0.18117,-0.62101,-0.67896,-7.2062,7.4832,-0.10228,0.62455,0.45073,0.48866,0.82335,-0.59975,-10.41,0.39768,-3.0747,-0.01678,-0.37711,-1.2126,0.80589,-0.26837,0.41284,-5.5416,-11.737,-2.0192,0.89099,0.6225,-0.72566,0.52348,0.93811,-0.14925
11.62,-1.1935,4.1137,0.008946,-0.40267,-0.067558,-0.7242,0.16553,-0.49995,-1.2832,8.8361,5.3835,0.31706,0.030773,-0.85047,0.093183,-0.17596,-0.62183,-0.8649,-7.1656,8.2767,-0.027262,0.30808,0.28937,0.51561,0.81987,-0.58402,-9.8794,1.5497,-3.6655,-0.014622,-0.31582,-1.3125,0.8335,-0.22616,0.38992,-4.8689,-10.426,-6.0681,0.60513,0.96089,-0.12253,0.51211,0.93998,-0.1369
12.02,-1.6263,4.0841,0.15926,0.26059,-0.13311,-0.72412,0.16311,-0.49593,-1.2986,8.8937,6.4747,-0.10024,-0.16133,-0.62216,0.093701,-0.17167,-0.62343,-1.4522,-6.8192,7.7336,0.017719,-0.12962,0.21951,0.52499,0.81577,-0.58168,-11.664,-0.24754,-4.2096,0.67159,-0.32288,-1.2388,0.857,-0.17294,0.38098,-7.9163,-6.927,-2.883,1.5205,0.84715,0.56134,0.51484,0.91828,-0.13944
12.867,0.31338,2.6856,0.30269,0.49981,-0.12839,-0.71964,0.15326,-0.49969,-1.8965,7.8509,5.5745,-0.10425,-0.35188,-0.27574,0.085639,-0.16106,-0.62755,-0.55376,-7.5899,7.1886,0.053782,-0.24112,0.09322,0.52641,0.81244,-0.58851,-13.994,2.2734,-4.8893,1.1952,-0.27209,-1.0119,0.87188,-0.11321,0.3784,-10.179,-8.4991,-1.0131,3.2591,0.76399,1.4133,0.53898,0.86729,-0.20024
12.197,0.57055,2.7046,0.066237,0.64205,0.0822,-0.70144,0.14391,-0.52293,-0.69334,9.7669,5.4059,0.38587,-0.55653,0.092175,0.067988,-0.16606,-0.62803,-0.39734,-7.5896,6.6335,-0.0629,-0.18866,-0.33686,0.51279,0.8161,-0.59544,-11.184,9.9394,-6.1467,0.86901,0.27793,0.23043,0.87304,-0.079945,0.39233,-8.7366,0.95926,3.0258,1.8983,0.46801,0.84925,0.57466,0.80329,-0.2804
11.643,0.87675,1.3371,0.22482,0.49604,0.14403,-0.69253,0.1399,-0.53563,-1.3501,9.5096,4.9997,-0.10667,-0.55749,0.42774,0.052517,-0.17289,-0.62669,-0.63178,-7.3459,6.7578,-0.008028,-0.16957,-0.74395,0.48795,0.82647,-0.60138,-10.117,8.1748,-0.99152,-0.46784,0.4705,1.9928,0.86279,-0.13103,0.41113,-10.936,6.1609,-3.332,-1.3535,0.58004,1.5696,0.62392,0.78356,-0.26009
10.021,1.0556,0.60972,0.18392,0.1151,-0.043357,-0.68818,0.12902,-0.54419,-0.73499,8.0001,4.7901,0.11466,-0.58782,0.52079,0.038461,-0.17767,-0.62505,0.17231,-6.1732,7.1798,-0.039292,-0.28969,-0.79248,0.46094,0.83563,-0.60564,-13.497,-3.0685,-2.0976,-0.56368,0.1379,2.6006,0.84992,-0.22785,0.40893,-13.956,-4.4657,-2.2912,-1.4409,0.33477,1.8214,0.68994,0.76256,-0.20692
9.6265,-1.1561,2.4426,-0.23271,0.21833,0.07052,-0.68577,0.13015,-0.54891,-1.1103,8.18,4.6938,0.20016,-0.55194,0.60027,0.021702,-0.1874,-0.62179,-0.74577,-6.594,7.4373,0.23931,-0.33155,-0.54526,0.43243,0.84283,-0.61481,-17.019,-4.0912,-2.9775,0.94744,1.2363,2.8923,0.79573,-0.33488,0.4382,-9.7525,-3.0559,-3.068,-0.56621,0.06452,1.6491,0.75982,0.72855,-0.2008
9.0619,-0.86191,2.2612,0.19488,0.21964,0.27897,-0.67583,0.13007,-0.55973,0.261,9.0035,4.8372,0.074843,-0.44658,0.66624,0.004437,-0.19451,-0.62028,0.30317,-7.0646,6.9822,0.11275,-0.30207,-0.54597,0.40425,0.84329,-0.63264,-13.537,-0.9543,-1.9581,0.45181,1.3409,2.666,0.71058,-0.41459,0.49464,-7.8934,-1.77,-3.7353,-0.78505,0.11203,1.8453,0.8266,0.69249,-0.2013
7.69,-0.96969,2.3247,0.28169,0.072842,0.36714,-0.66932,0.1295,-0.56481,0.78443,7.9932,4.6803,-0.063002,-0.31083,0.59691,-0.005478,-0.2024,-0.61655,0.83205,-6.8354,6.3652,-0.061571,-0.10625,-0.58003,0.37219,0.85148,-0.63764,-10.847,0.47955,-1.538,-1.5905,0.82125,2.8989,0.60094,-0.54849,0.50496,-9.0617,-2.0507,-3.0685,-1.4947,-0.026702,2.0131,0.90569,0.65518,-0.16134
5.6747,-0.027383,2.2931,0.25078,0.11388,0.22995,-0.66164,0.13182,-0.568,-0.0409,6.7974,4.3295,-0.18527,-0.11253,0.23764,-0.008586,-0.20248,-0.6144,0.5774,-6.035,6.1959,0.075528,0.18406,-0.3779,0.3562,0.85542,-0.63682,-9.3875,-1.3337,-4.1551,-1.9757,1.1747,2.8796,0.48799,-0.66247,0.47154,-8.2687,-3.4041,-1.6096,-1.5171,-0.21498,1.9402,0.95933,0.61381,-0.13367
4.8354,0.71924,2.5229,0.30824,-0.26297,0.098453,-0.6589,0.1315,-0.56642,0.53901,6.8627,4.3431,-0.077621,0.054556,-0.26198,-0.013273,-0.19731,-0.61668,1.1982,-5.8492,6.427,0.035579,0.40833,0.0166,0.35873,0.85347,-0.63138,-7.5131,-1.5099,-1.4689,-1.8133,1.3125,2.375,0.37469,-0.7165,0.445,-8.9261,-2.8064,-0.75252,-1.0682,-0.45005,1.8383,0.99602,0.56255,-0.1288
6.3464,0.52028,2.9359,0.24214,-0.3991,-0.10517,-0.66562,0.13005,-0.5528,-0.001378,7.735,4.4507,-0.12088,0.23883,-0.61096,-0.00981,-0.1867,-0.62236,0.66702,-6.3973,7.5237,0.07495,0.56372,0.4177,0.37931,0.84925,-0.62046,-7.0618,-2.0636,-1.3392,-1.051,0.65805,2.1789,0.2696,-0.7695,0.40868,-8.8215,-2.1142,-2.3176,-0.24043,-0.49559,1.6477,1.0325,0.51159,-0.12855
8.3105,0.3301,3.9493,0.12179,-0.74241,-0.15834,-0.67558,0.13277,-0.53479,0.13606,8.8925,4.729,0.006679,0.49347,-0.7883,-0.000838,-0.1779,-0.62668,-0.37134,-5.9956,7.1587,-0.064055,0.53113,0.62566,0.40856,0.84236,-0.60639,-5.9877,-5.0925,-2.3421,0.21879,0.51803,1.384,0.19275,-0.79544,0.39603,-9.6133,-0.60768,-2.7154,0.14446,-0.1812,1.6899,1.0612,0.45162,-0.13415
10.421,0.39705,3.3465,0.10842,-0.7579,-0.003073,-0.69344,0.13372,-0.50533,-0.055037,8.7713,5.2182,-0.1536,0.62695,-0.78986,0.021381,-0.16739,-0.62901,-0.41434,-6.7515,7.6797,-0.068662,0.40992,0.726,0.44494,0.83313,-0.58989,-5.756,2.3155,-1.7528,0.3142,0.68483,0.79466,0.14368,-0.81177,0.39977,-10.472,-3.5867,-1.9685,-0.013339,-0.029502,1.633,1.0864,0.38542,-0.11611
10.792,1.4846,2.9461,0.091321,-0.12919,0.083628,-0.69931,0.14111,-0.4904,-1.4899,8.5349,5.4999,-0.17375,0.51215,-0.63586,0.040502,-0.15946,-0.63185,-0.4823,-6.6775,7.2374,-0.047857,0.27447,0.68335,0.47596,0.82491,-0.57819,-6.0146,9.3128,-7.4376,-0.14742,0.8946,0.28459,0.11473,-0.82193,0.40183,-10.055,-6.237,-0.81073,0.09299,0.44942,1.0697,1.1009,0.33201,-0.096946
11.684,1.4297,3.7806,-0.23601,-0.092097,-0.031759,-0.70275,0.14859,-0.47978,-1.3585,8.8275,6.1363,-0.16901,0.22948,-0.41147,0.050375,-0.15059,-0.6338,-0.71133,-7.0614,7.9887,-0.10885,0.074082,0.6227,0.50221,0.81704,-0.5715,-6.3669,3.7487,-4.3176,-1.7991,0.17432,-1.0707,0.12908,-0.82875,0.37814,-11.727,-2.2678,-1.5155,-0.4962,0.30609,1.0237,1.1097,0.2882,-0.080364
12.96,0.31369,4.2829,-0.31579,0.24191,-0.060549,-0.70587,0.15321,-0.4782,-1.0123,8.6238,5.6515,-0.21136,0.07438,-0.18251,0.056689,-0.14254,-0.63489,-0.69129,-6.8701,6.9808,-0.35434,-0.045489,0.43498,0.52099,0.81357,-0.56394,-8.7715,3.6344,-4.3657,-1.7922,-0.31103,-2.0835,0.19915,-0.85149,0.29661,-12.284,-3.0921,-2.1546,-1.084,0.044565,0.99655,1.1185,0.24434,-0.057744
13.797,-0.11589,2.5705,-0.23427,0.94041,-0.045218,-0.70313,0.15097,-0.49196,-2.2224,9.4844,4.7221,0.15905,0.051025,0.23923,0.060626,-0.14254,-0.63364,-1.9175,-7.8738,6.8648,-0.2856,-0.18337,-0.012554,0.52816,0.81556,-0.55838,-16.639,2.5428,1.7496,-1.6454,-1.1128,-0.95927,0.26442,-0.85127,0.23396,-11.091,-6.7825,-1.5319,-0.52785,-0.24785,0.10826,1.1221,0.21935,-0.055334
11.698,-0.30785,1.0537,-0.044489,1.1066,-0.1244,-0.68622,0.13994,-0.52951,-1.8351,10.044,5.2665,0.23134,0.028738,0.73129,0.061999,-0.15346,-0.62924,-1.7034,-8.0316,7.5847,-0.26782,-0.27802,-0.43397,0.51524,0.82606,-0.55634,-5.8862,-4.6409,-2.6557,2.0743,0.33972,-1.2642,0.29778,-0.84987,0.23265,-9.7489,-7.665,1.2673,-0.92461,-0.39058,-1.8695,1.1035,0.27206,-0.057419
10.099,-1.7441,0.32352,-0.23479,0.56776,-0.04415,-0.67209,0.13286,-0.55934,-0.035538,8.4439,6.218,-0.10076,-0.044534,0.98095,0.063134,-0.16503,-0.62458,-0.28261,-6.8542,7.7129,-0.07167,-0.47726,-0.51314,0.48845,0.83691,-0.56351,-13.844,1.2187,-3.6097,1.5031,-0.11565,-2.1651,0.36353,-0.80464,0.29609,-12.176,-2.0579,-1.1192,0.48924,-0.42641,-2.6936,1.0712,0.37748,-0.069967
9.8293,-1.1993,1.7276,-0.14224,-0.29962,0.14216,-0.67278,0.13275,-0.5647,-0.93629,7.0035,5.8122,-0.14166,-0.22801,0.83768,0.061722,-0.17414,-0.62126,-0.8629,-6.2184,6.8911,0.087961,-0.69363,-0.36423,0.46229,0.84407,-0.57843,-10.182,-0.72264,-3.9692,0.76604,-0.54572,-1.5528,0.4172,-0.7522,0.34488,-14.732,1.564,-1.6904,0.26227,-0.27876,-2.5671,1.0331,0.46102,-0.10659
9.4775,0.43099,2.3026,-0.055737,0.17683,0.14484,-0.67078,0.13401,-0.56957,-0.74096,6.5602,4.7616,0.20394,-0.42551,0.71368,0.049771,-0.18225,-0.61945,0.64856,-6.6704,6.8901,0.49736,-0.64052,-0.31911,0.43707,0.83991,-0.60961,-8.6399,0.19693,-3.6091,0.61478,-0.47772,-1.7622,0.47649,-0.70123,0.37307,-14.392,-0.84875,-2.1543,-0.44567,-0.037644,-2.7402,0.97978,0.55552,-0.11632
8.1932,0.047359,2.6335,-0.011281,0.28486,-0.19586,-0.66741,0.12792,-0.579,-0.12461,8.6566,4.8721,0.092177,-0.43543,0.54155,0.029751,-0.1891,-0.61874,-0.062425,-6.8728,6.7288,0.18244,-0.51854,-0.36536,0.41397,0.83663,-0.63345,-9.3913,-0.38346,-3.6236,0.71012,-0.43528,-1.8432,0.54057,-0.63961,0.39469,-12.098,-0.74577,-0.48681,0.47684,-0.019769,-2.6982,0.91592,0.64186,-0.12807
6.1365,-0.01685,2.4384,-0.082342,0.28262,-0.29648,-0.65936,0.12061,-0.58798,1.1927,8.2885,4.7716,-0.10776,-0.13276,0.32624,0.016542,-0.18917,-0.61972,0.5174,-6.6615,6.399,0.17538,-0.32234,-0.29589,0.38951,0.83455,-0.65703,-8.6534,1.6268,-3.0182,1.4983,-0.33089,-1.7272,0.61386,-0.55865,0.42112,-10.437,-0.40239,-2.6466,1.5781,0.45865,-2.8884,0.83438,0.72209,-0.17954
5.1956,-0.43896,2.436,-0.24819,-0.077773,-0.021667,-0.65878,0.12097,-0.59209,0.70908,7.4997,4.4686,0.035751,0.14279,0.13782,0.017496,-0.19014,-0.62132,0.53558,-6.0551,6.6943,0.017614,-0.10758,-0.028849,0.37905,0.83297,-0.66602,-8.4349,2.9081,-2.5351,0.60753,-0.47928,-1.4351,0.66366,-0.48665,0.43944,-8.848,-0.38326,-1.6934,1.2064,0.25565,-2.819,0.75145,0.77882,-0.22536
5.8348,-0.48355,3.0449,-0.24942,-0.22677,0.077559,-0.659,0.12629,-0.59361,0.55348,7.5515,4.7692,0.018622,0.34478,-0.20332,0.023712,-0.19235,-0.61888,0.7989,-5.944,6.2808,0.019274,0.23282,0.29695,0.38652,0.83329,-0.66177,-8.602,0.53794,-2.6184,0.14054,-0.58589,-1.1964,0.69886,-0.43627,0.44096,-7.4959,1.6409,-1.314,0.45963,0.093242,-2.3649,0.68032,0.81315,-0.25779
7.2339,-0.54934,3.7265,-0.28409,-0.48505,0.007658,-0.66492,0.14045,-0.58193,0.17427,7.3237,5.2689,-0.071577,0.39153,-0.5074,0.036797,-0.18839,-0.61953,0.4973,-6.4872,6.7404,-0.12436,0.59762,0.48463,0.41352,0.83022,-0.64755,-8.9561,-0.41504,-2.827,0.13846,-0.43783,-1.1549,0.73767,-0.39039,0.42858,-6.7923,1.7898,-2.1234,-1.0623,-0.12145,-1.7099,0.61426,0.85476,-0.24988
9.0812,-0.56543,4.0463,-0.40452,-1.2193,-0.04387,-0.68955,0.15541,-0.54924,-0.54748,7.7632,5.6334,-0.11166,0.35982,-0.68069,0.046711,-0.18049,-0.62326,-0.037443,-7.2226,6.7206,-0.28883,0.74736,0.41211,0.44668,0.83247,-0.62291,-9.7152,-0.86125,-2.6542,0.5256,-0.33231,-1.1216,0.77226,-0.34046,0.42174,-6.1115,0.28593,-0.18866,-1.5221,0.11129,-1.1837,0.56898,0.89976,-0.20015
9.6195,-0.63324,3.2442,-0.11178,-0.34394,-0.11289,-0.71022,0.17214,-0.51693,-0.25405,8.6508,5.5615,0.003225,0.23746,-0.82884,0.06126,-0.1677,-0.62631,-0.68786,-7.5846,7.2745,-0.35992,0.7131,0.22979,0.48029,0.83246,-0.59169,-10.025,0.9549,-3.2476,0.16461,-0.37046,-1.1771,0.80496,-0.29116,0.40177,-4.7785,-12.737,-1.0977,0.95737,0.67242,-0.56207,0.54069,0.92577,-0.18078
11.21,-1.6611,3.2869,0.029929,-0.3115,-0.18931,-0.71632,0.1747,-0.50411,-1.0958,8.9503,5.8201,0.28438,0.000841,-0.83874,0.06618,-0.16505,-0.62789,-0.95558,-6.7592,8.0677,-0.19787,0.44258,0.16229,0.4981,0.83693,-0.5634,-9.9386,3.8486,-4.6895,0.14818,-0.079072,-1.0651,0.83003,-0.24418,0.39553,-4.8389,-9.9756,-6.7686,0.45104,1.1336,-0.021541,0.53722,0.92542,-0.17431
11.595,-1.6969,4.0655,0.27043,-0.004456,-0.18293,-0.71969,0.16762,-0.49766,-1.0933,8.3335,6.0166,-0.001233,-0.21151,-0.69799,0.064996,-0.16184,-0.62776,-1.1338,-6.6469,8.2049,0.1522,-0.020717,0.17406,0.50871,0.83494,-0.55905,-11.419,1.641,-3.6515,0.47644,-0.17638,-0.90733,0.84761,-0.19954,0.39977,-7.2599,-4.1666,-2.7898,1.4335,0.65715,0.67384,0.54291,0.90852,-0.17146
13.24,-0.87702,3.2179,0.35105,0.26374,-0.070742,-0.71643,0.16009,-0.49654,-1.2684,8.166,5.5676,0.18156,-0.30605,-0.36928,0.059156,-0.15706,-0.62997,-0.50584,-7.2117,7.3539,0.040874,-0.19367,0.10483,0.51179,0.83156,-0.56754,-13.129,2.6573,-4.3922,1.3477,-0.15,-0.46036,0.86065,-0.15847,0.4021,-9.3232,-11.843,-0.63419,2.9183,1.0024,1.5764,0.57151,0.85816,-0.22346
12.457,-0.22777,1.7389,0.47087,0.68555,0.2184,-0.70499,0.14944,-0.5119,-0.68935,9.8574,5.2387,0.42669,-0.40752,0.15666,0.046652,-0.1658,-0.62895,-0.53748,-7.947,5.9995,-0.037926,-0.29245,-0.31944,0.5021,0.83587,-0.57617,-11.116,8.9671,-4.9138,0.96481,0.21807,0.43459,0.86547,-0.14182,0.41219,-11.41,0.32221,5.0706,2.2814,-0.005274,0.5226,0.59558,0.80352,-0.28236
12.179,0.57683,1.1601,0.46154,0.48903,0.28031,-0.68928,0.1453,-0.53181,-1.3591,8.89,4.7879,-0.33662,-0.26791,0.46399,0.037769,-0.17298,-0.6275,-0.6708,-7.4018,6.9097,0.1552,-0.37431,-0.73007,0.47338,0.83763,-0.59469,-11.085,5.2264,0.13263,-0.40517,0.18035,1.8852,0.85236,-0.19968,0.41876,-8.2365,7.536,-2.8569,-1.2848,0.58694,1.2318,0.63009,0.77531,-0.27996
10.026,2.1592,0.6617,0.36834,0.36031,-0.1189,-0.67813,0.12959,-0.54541,-0.58747,8.1297,5.0516,0.052741,-0.26282,0.48841,0.032483,-0.17244,-0.62496,0.50491,-6.8327,7.0937,0.030737,-0.35461,-0.71831,0.43829,0.84494,-0.60281,-13.597,-4.0434,-2.2035,-0.26965,0.10752,2.4167,0.82803,-0.29879,0.41369,-14.129,-4.3734,-2.8317,-1.7262,0.46657,2.0049,0.71334,0.75145,-0.22199
9.2063,-0.17468,2.401,-0.091419,0.41164,-0.15174,-0.66772,0.12447,-0.55991,-1.162,8.927,5.1295,0.062841,-0.23753,0.56227,0.025505,-0.1769,-0.62358,-0.49718,-6.4878,7.1556,0.060256,-0.36173,-0.59667,0.41071,0.85364,-0.61097,-16.373,-2.5906,-4.3391,1.2588,1.0735,2.6232,0.77976,-0.38039,0.44291,-9.7088,-3.6755,-3.2482,-0.98214,-0.047078,1.35,0.77202,0.73835,-0.20505
8.8002,-0.72155,2.8868,-0.066293,0.37144,0.082811,-0.65658,0.1193,-0.57332,0.18242,8.2293,5.4796,-0.1584,-0.27336,0.65475,0.018231,-0.17981,-0.62263,0.47826,-6.7542,6.7643,0.063565,-0.27585,-0.49996,0.38377,0.85477,-0.62376,-12.599,-0.21778,-1.4374,0.52413,1.4176,2.3552,0.6966,-0.43993,0.50525,-7.4609,-2.9073,-3.7609,-0.71274,0.072883,1.6322,0.82714,0.71544,-0.2042
7.4827,-0.59075,2.4598,0.16012,-0.001282,0.32169,-0.6508,0.12262,-0.57952,0.1,7.5591,5.216,-0.17206,-0.33437,0.5495,0.009821,-0.18146,-0.621,1.0515,-6.7411,6.0198,0.00257,-0.028912,-0.49316,0.36144,0.85927,-0.62966,-10.169,0.73748,-1.5997,-1.8289,0.7489,2.6496,0.60147,-0.53351,0.51003,-8.9715,-1.827,-3.0813,-0.90963,0.048963,1.8828,0.88352,0.67748,-0.19252
5.7042,-0.072275,2.3453,0.18929,-0.047027,0.22874,-0.6445,0.12428,-0.58115,-0.047523,7.0067,4.6585,-0.10824,-0.2597,0.20069,0.001065,-0.18409,-0.62117,0.6086,-5.7973,6.2655,0.14106,0.22018,-0.23288,0.34936,0.85768,-0.63085,-8.5761,-0.99873,-4.5744,-2.1792,1.2976,2.4375,0.48458,-0.65338,0.47514,-8.4251,-3.0835,-1.2229,-1.2835,-0.27165,1.7982,0.94315,0.63462,-0.16594
5.1549,0.58279,2.6587,0.22063,-0.35305,0.148,-0.64704,0.12681,-0.5738,0.60856,7.0668,4.7479,-0.080083,-0.12563,-0.24686,-0.004389,-0.1795,-0.62104,0.92451,-5.7203,7.0758,0.11819,0.35699,0.11366,0.35368,0.85516,-0.62706,-7.5288,-1.3675,-1.4543,-1.9721,1.207,2.1881,0.37231,-0.73076,0.44193,-8.3582,-3.4652,-1.0883,-1.2351,-0.28243,1.6135,0.98343,0.59575,-0.14216
6.3019,0.58725,2.9509,0.17948,-0.37166,-0.026035,-0.64872,0.12995,-0.56521,0.15504,7.7014,4.3738,-0.1209,0.16506,-0.5642,-0.006648,-0.16847,-0.62511,0.76409,-6.016,7.2105,0.034672,0.44753,0.47401,0.37167,0.8499,-0.61799,-7.3183,-1.4582,-1.0899,-1.1942,0.80441,2.0195,0.28286,-0.77932,0.40072,-8.2535,-3.0742,-1.967,-0.57678,-0.41342,1.4409,1.008,0.56268,-0.12948
8.355,0.27057,3.9269,0.22816,-0.79983,-0.10505,-0.66102,0.13202,-0.54622,0.46272,8.5213,4.7658,0.12214,0.4543,-0.70765,0.003205,-0.16035,-0.62755,-0.35701,-5.972,7.447,0.070342,0.43989,0.64329,0.4023,0.8429,-0.61147,-6.2343,-3.6163,-2.3037,0.27888,0.59558,1.4299,0.21197,-0.80427,0.3903,-9.256,-2.2473,-2.1236,0.22891,-0.27789,1.4221,1.0339,0.51201,-0.12996
10.248,0.4321,4.1959,0.20394,-0.80087,0.03922,-0.67943,0.13627,-0.51948,-0.045818,8.8904,5.1556,0.079639,0.61731,-0.64777,0.021028,-0.15838,-0.62919,-0.43852,-6.6681,7.3112,-0.057484,0.33767,0.66935,0.43684,0.83571,-0.59925,-6.2256,0.78291,-1.5505,0.8596,0.53296,0.81718,0.17268,-0.80304,0.4187,-10.527,-0.92048,-1.7605,0.10447,-0.16325,1.4255,1.0521,0.46074,-0.12935
10.569,1.5532,2.9299,0.14064,-0.37556,0.12486,-0.69305,0.13918,-0.49789,-1.2388,8.2842,5.7044,0.054303,0.56463,-0.46316,0.043354,-0.15471,-0.63075,-0.64669,-7.3367,7.0703,0.076007,0.25489,0.65685,0.47269,0.82528,-0.59087,-5.8,11.099,-7.5253,0.4334,0.80581,0.36466,0.1428,-0.7995,0.42994,-10.635,-3.0027,-2.1415,0.2429,0.079668,1.5318,1.0738,0.39512,-0.12326
11.954,1.4003,3.1931,-0.12033,-0.035511,0.11772,-0.69935,0.14807,-0.49099,-1.7078,8.6769,6.2137,-0.051142,0.2945,-0.32325,0.05687,-0.15281,-0.63095,-0.59032,-6.5885,7.9872,-0.06147,0.029903,0.65895,0.4965,0.81456,-0.5856,-5.5334,6.0949,-6.8393,-1.1859,0.43024,-0.825,0.14195,-0.81229,0.41429,-11.94,-4.5244,-1.0023,-0.36452,0.41161,1.3825,1.0926,0.33729,-0.099802
12.471,0.58781,3.4006,-0.15576,0.37356,-0.026325,-0.69818,0.15347,-0.49125,-0.96185,8.1798,5.7299,-0.29421,0.12928,-0.17803,0.064403,-0.14734,-0.63141,-0.51232,-6.3866,7.5497,-0.08455,-0.045151,0.57668,0.51644,0.80761,-0.58251,-7.1684,0.068902,-3.8795,-2.503,-0.54493,-1.8406,0.18826,-0.84096,0.34613,-12.166,-4.6938,-1.4099,-0.99281,0.046798,1.1809,1.1054,0.28853,-0.078802
13.183,-0.60822,2.8014,-0.18199,0.86425,-0.075892,-0.69303,0.15171,-0.50958,-1.8703,9.678,4.7835,0.094574,0.14016,0.10517,0.070143,-0.14516,-0.62985,-2.035,-7.9427,7.6466,-0.20015,-0.24511,0.24702,0.53098,0.80552,-0.5822,-17.498,6.056,0.12293,-1.836,-0.69351,-1.5848,0.25977,-0.84944,0.26854,-11.594,-7.4977,-1.4078,-0.78934,-0.26432,0.48441,1.1111,0.25326,-0.07482
12.561,-0.50853,1.3425,0.024961,1.0752,-0.10766,-0.68061,0.1393,-0.53663,-1.5463,9.8386,5.1313,0.19416,0.18872,0.61865,0.075395,-0.15419,-0.62733,-1.5745,-8.0669,7.8977,-0.24869,-0.43902,-0.19138,0.52245,0.81142,-0.58756,-6.2989,-5.9602,-3.1952,1.6702,0.35719,-1.1364,0.29183,-0.83576,0.26675,-9.3312,-8.2317,0.4063,-0.85585,-0.39865,-1.3959,1.1022,0.27644,-0.08551
10.427,-1.5258,0.64824,-0.006868,0.72452,-0.011626,-0.66499,0.12878,-0.56851,-0.27543,8.9834,5.9565,0.055821,0.05771,0.96956,0.075767,-0.16879,-0.62059,0.014676,-6.8264,7.6289,-0.11659,-0.68581,-0.3996,0.49659,0.81936,-0.60386,-13.088,-0.18325,-2.9928,1.8264,-0.072353,-2.0557,0.37221,-0.79297,0.31172,-11.535,-3.5082,-1.6575,0.17806,-0.3804,-2.615,1.067,0.3737,-0.091301
9.3877,-1.1621,2.5825,-0.011182,-0.001483,0.10641,-0.65881,0.12432,-0.58251,-1.366,6.5909,6.4104,-0.07911,-0.20872,0.85671,0.074005,-0.18278,-0.61746,-0.70218,-6.1682,6.8927,-0.04585,-0.82885,-0.27187,0.46709,0.82694,-0.62284,-10.617,-0.6623,-4.4657,0.87112,-0.56337,-1.7206,0.43739,-0.73967,0.35413,-14.522,1.3578,-0.67895,0.17438,-0.33169,-2.504,1.0201,0.47023,-0.11794
8.9996,0.46261,2.7692,-0.070901,0.051475,0.14625,-0.65903,0.12096,-0.58677,-0.64013,6.5613,5.5107,-0.090068,-0.4242,0.73304,0.06504,-0.1919,-0.61547,0.73204,-6.8083,6.4317,0.31598,-0.79658,-0.24719,0.43976,0.82847,-0.64878,-8.8591,0.55744,-3.944,0.67948,-0.5376,-1.8402,0.48465,-0.68177,0.40573,-14.773,-0.74477,-1.4732,-0.12616,-0.098794,-2.6363,0.97161,0.5608,-0.13532
7.4331,0.22268,2.9273,0.22148,0.40334,-0.048362,-0.65185,0.11364,-0.59964,0.43702,8.9602,4.7603,0.046133,-0.4019,0.50934,0.046234,-0.1964,-0.61577,0.18683,-6.9846,6.1258,0.071127,-0.47449,-0.24344,0.41732,0.82513,-0.66934,-8.7606,0.30265,-3.8967,0.47269,-0.40717,-1.9241,0.54691,-0.61909,0.42009,-12.173,-0.56698,-0.24854,0.36714,-0.089784,-2.8159,0.90427,0.64882,-0.14945
5.7555,0.11713,3.0482,0.061211,0.1991,-0.30687,-0.64564,0.10158,-0.61333,0.38561,7.4567,4.3327,0.15667,-0.11109,0.23322,0.038014,-0.20083,-0.61588,0.47797,-6.2284,6.0388,0.059442,-0.29384,-0.21467,0.39821,0.82696,-0.67837,-8.373,0.91494,-2.8843,1.3439,-0.37837,-1.7401,0.60434,-0.54727,0.44411,-10.272,-0.47964,-2.136,1.2133,0.49412,-3.0122,0.82464,0.7187,-0.19094
4.6126,-0.59884,2.8334,-0.20255,-0.39054,-0.058607,-0.65404,0.098906,-0.6063,0.78921,7.3548,4.8305,0.047748,0.11737,-0.033139,0.03173,-0.20012,-0.61507,0.467,-6.2408,7.4691,-0.012723,-0.025622,0.12844,0.39395,0.82385,-0.686,-8.6135,2.5051,-3.1759,0.8198,-0.5534,-1.3775,0.66212,-0.471,0.43763,-8.4721,0.2863,-1.4163,0.64525,0.31005,-3.0309,0.72513,0.78306,-0.21905
5.656,-0.51885,2.9687,-0.10465,-0.76605,0.11653,-0.67125,0.10841,-0.58942,0.5339,7.6796,4.8571,-0.049891,0.28652,-0.40668,0.039149,-0.19799,-0.61587,0.80078,-5.8575,6.7414,-0.022973,0.18418,0.43635,0.4067,0.82179,-0.68142,-8.2009,0.63265,-3.3682,0.34877,-0.50182,-1.1076,0.70361,-0.41893,0.4328,-7.0334,0.73638,-1.7419,-0.11699,0.27603,-2.5198,0.63806,0.83644,-0.22647
7.9863,-0.65875,3.642,-0.32463,-1.0712,0.12236,-0.68763,0.11944,-0.56679,-0.073105,7.3843,5.2628,0.019981,0.31367,-0.6002,0.052034,-0.19636,-0.61584,0.50018,-6.7446,6.7547,0.010632,0.45665,0.65227,0.43056,0.81834,-0.6701,-8.753,-0.79568,-3.0776,-0.14316,-0.3179,-1.186,0.7352,-0.37236,0.44185,-6.8672,1.805,-2.0947,-1.077,0.19763,-1.7493,0.56987,0.88612,-0.20302
10.311,-0.53021,3.8843,-0.21429,-1.1387,0.040061,-0.71539,0.13311,-0.52793,-0.49249,7.9049,5.4011,-0.080602,0.36105,-0.74583,0.063416,-0.18669,-0.61836,0.19652,-7.2431,6.705,-0.15479,0.6363,0.57902,0.46859,0.81223,-0.65073,-10.668,-1.4427,-2.6052,0.42601,-0.37406,-1.2411,0.77023,-0.3212,0.43268,-5.4737,-0.022034,1.5842,-0.67623,0.30105,-0.98309,0.52223,0.92157,-0.15121
10.77,-0.52074,2.4405,-0.13672,-0.27748,-0.12225,-0.73125,0.14021,-0.50325,-0.92369,8.2559,5.5264,0.032185,0.29663,-0.80848,0.074298,-0.17869,-0.62088,-0.73376,-7.6322,6.9128,-0.12679,0.68368,0.3501,0.50154,0.81142,-0.62776,-10.418,1.6745,-3.5264,0.17461,-0.40208,-1.359,0.80185,-0.26636,0.42203,-4.568,-11.425,-2.7489,0.94588,0.80196,-0.18598,0.50765,0.93054,-0.15092
11.897,-1.2512,3.1456,-0.10749,0.008102,-0.30662,-0.74387,0.14533,-0.48763,-1.0768,8.7674,5.5351,0.080786,0.22502,-0.7034,0.080513,-0.16476,-0.62518,-0.78835,-7.5561,7.8886,-0.13489,0.5267,0.055641,0.52947,0.80733,-0.60496,-10.216,2.9082,-4.2439,0.10256,-0.27008,-1.3914,0.82797,-0.2195,0.39446,-6.7105,-10.888,-3.9789,0.24205,0.90094,0.10496,0.50785,0.91749,-0.11443
12.418,-1.2272,3.5152,-0.069414,0.3963,-0.29722,-0.74232,0.13775,-0.48872,-1.0565,8.8487,5.7689,0.10589,0.13763,-0.48176,0.084638,-0.15904,-0.6266,-0.92064,-7.0988,7.8004,-0.32817,0.1778,-0.15107,0.53552,0.81388,-0.58659,-11.21,1.2706,-4.5547,0.88791,-0.24237,-1.2185,0.84644,-0.16412,0.3875,-6.2633,-3.7216,-3.205,1.3457,0.6488,0.9087,0.5105,0.8956,-0.1108
12.576,-0.14096,2.0239,0.068206,0.58395,-0.24406,-0.7338,0.12392,-0.4991,-2.296,9.9889,5.6474,0.15546,-0.002861,-0.045489,0.087771,-0.16031,-0.62615,-1.5363,-7.7422,8.12,-0.1797,-0.12338,-0.31603,0.5256,0.82509,-0.57703,-13.073,5.612,-6.1199,1.3017,0.068382,-0.33832,0.85695,-0.10861,0.4039,-16.824,-11.422,4.1182,3.183,0.76133,1.3081,0.53827,0.85276,-0.17465
12.646,-0.018225,0.82408,0.38293,0.80451,-0.044902,-0.71956,0.11099,-0.52193,-1.1718,9.4416,5.4914,0.29994,-0.073256,0.38699,0.084701,-0.16874,-0.62475,-1.0531,-7.7771,7.3652,-0.053613,-0.36775,-0.5176,0.50275,0.83426,-0.58571,-10.525,11.426,-2.3988,0.47703,0.47429,1.1993,0.85345,-0.11843,0.42188,-7.0999,6.1022,-2.371,1.0766,0.2247,0.58814,0.55736,0.81064,-0.24366
10.276,1.3791,0.7182,0.42738,0.48882,0.006481,-0.70423,0.097145,-0.54446,-0.4199,8.2152,5.4054,0.14279,-0.19859,0.57253,0.081253,-0.17966,-0.62125,0.015159,-6.9521,7.3279,0.10441,-0.49213,-0.64977,0.46955,0.84146,-0.60362,-12.108,-1.7838,0.48733,-0.23866,-0.049693,2.5485,0.83786,-0.21209,0.42828,-10.784,3.1289,-3.7709,-1.547,0.54529,2.0104,0.6125,0.79005,-0.20607
9.9054,0.55025,1.2546,-0.42216,0.22277,-0.09389,-0.70088,0.091638,-0.55163,-1.1251,8.1095,5.2377,0.080334,-0.27091,0.59564,0.074859,-0.19088,-0.6174,0.40395,-6.0302,6.7066,0.051708,-0.47423,-0.6072,0.43567,0.84885,-0.62506,-15.523,-4.6463,-3.3295,0.35607,0.56555,2.8133,0.80141,-0.32634,0.41929,-13.619,-4.1992,-2.0457,-1.009,0.32463,1.7786,0.70243,0.74326,-0.17269
9.1164,-0.77037,1.4863,-0.22662,0.5947,-0.046086,-0.69117,0.088398,-0.56924,-0.53478,7.7705,5.1329,-0.11165,-0.31187,0.6184,0.064459,-0.19744,-0.61527,0.4844,-7.0147,5.835,0.081917,-0.30402,-0.50972,0.41102,0.85491,-0.63725,-14.619,-0.64999,-4.0284,0.77922,1.508,2.5295,0.72744,-0.41256,0.46192,-8.2536,-2.5626,-3.0114,-0.51199,0.036785,1.4428,0.76774,0.70977,-0.17118
8.3676,-0.97603,2.5536,0.061306,0.13265,0.28002,-0.67863,0.092763,-0.57852,-0.77303,8.5351,5.446,-0.030389,-0.40105,0.64578,0.053327,-0.20064,-0.61414,-0.031478,-7.5224,6.0707,0.048921,-0.09143,-0.47949,0.3881,0.85749,-0.64237,-12.128,0.80656,-2.0443,-1.0358,1.0059,2.6735,0.64549,-0.50142,0.49259,-8.305,-1.5889,-3.6969,-0.94558,0.091057,1.8955,0.82324,0.68683,-0.14904
6.8652,-0.33412,2.5091,0.18097,0.22414,0.37724,-0.66878,0.096848,-0.58591,0.39307,7.4849,5.0061,-0.15272,-0.36058,0.37317,0.040261,-0.20071,-0.61485,0.46124,-6.5152,6.2416,0.13143,0.11057,-0.3551,0.37375,0.85855,-0.64388,-9.6552,-1.2924,-3.5078,-2.5935,0.79527,2.6299,0.54138,-0.61519,0.45749,-8.9272,-2.5464,-2.4849,-1.4143,-0.083949,1.9193,0.88241,0.64596,-0.12829
5.4003,0.37402,2.5026,0.12354,-0.16236,0.21637,-0.6646,0.10301,-0.58712,0.14308,7.1713,4.6969,-0.21628,-0.26518,-0.043813,0.029675,-0.19412,-0.61865,0.93509,-6.0549,6.7933,0.27247,0.3596,-0.046918,0.36804,0.85156,-0.6431,-9.5452,-1.9874,-2.3492,-1.6021,1.512,2.3844,0.42233,-0.7076,0.42486,-8.5449,-2.8652,-1.553,-1.0665,-0.24253,1.778,0.93375,0.60126,-0.11114
5.6918,0.69658,2.768,-0.033692,-0.22715,0.028618,-0.6637,0.11144,-0.57994,0.66101,7.3584,4.594,-0.20603,-0.054514,-0.4268,0.022712,-0.18335,-0.62387,1.1246,-6.0352,7.4217,0.10008,0.37897,0.16581,0.37998,0.84645,-0.63972,-7.8125,-1.4899,-1.3095,-1.6548,0.95492,2.2853,0.29893,-0.76799,0.38769,-8.5447,-2.6704,-1.7168,-0.84055,-0.39516,1.5901,0.97616,0.5478,-0.11669
7.2678,0.23651,3.5081,-0.041102,-0.70981,-0.12235,-0.67419,0.11943,-0.56173,-0.026434,8.0764,4.5396,-0.11019,0.23701,-0.61634,0.027422,-0.17297,-0.62561,0.14668,-6.6945,6.8756,0.015039,0.47932,0.39787,0.4043,0.84436,-0.62392,-6.5414,-1.9553,-1.7937,-0.52542,0.54951,2,0.20291,-0.80379,0.35879,-8.8959,-1.8449,-2.3331,0.15438,-0.33764,1.5863,1.0077,0.49864,-0.11925
9.2635,0.071092,3.8206,0.059494,-0.84334,-0.10867,-0.68916,0.12134,-0.53537,-0.43239,8.6294,5.0038,0.046309,0.37012,-0.7165,0.038593,-0.16621,-0.62538,-0.54833,-6.4437,7.0465,-0.14599,0.48906,0.49998,0.42956,0.83826,-0.6097,-6.8151,-3.5423,-0.95716,0.28235,0.36859,1.2273,0.14897,-0.82353,0.34953,-10.548,-0.22454,-2.0877,0.17713,-0.11305,1.6753,1.0381,0.44678,-0.11208
10.088,0.7186,3.264,0.026819,-0.40766,0.011699,-0.70135,0.12759,-0.51414,-0.76983,8.2587,5.4472,-0.13301,0.45137,-0.62576,0.052486,-0.1579,-0.62942,-0.33829,-6.9116,7.4123,-0.045852,0.47131,0.49035,0.46041,0.83129,-0.59355,-5.8713,6.1183,-3.9197,0.28194,0.71814,0.62626,0.11462,-0.8303,0.3516,-10.389,-3.3931,-1.9068,-0.054504,0.17499,1.5187,1.0634,0.38471,-0.10514
10.88,1.4807,3.7674,-0.15186,-0.27089,-0.003595,-0.70695,0.13421,-0.49919,-1.0944,8.6538,5.9597,0.006148,0.31339,-0.50137,0.064556,-0.1519,-0.62938,-0.82777,-6.9914,7.2694,-0.057552,0.34016,0.5491,0.48736,0.8245,-0.58047,-5.3515,5.2194,-7.292,-0.005856,0.5468,-0.2436,0.10041,-0.83292,0.35837,-10.069,-4.8888,-1.8382,-0.69343,0.40638,1.0333,1.0801,0.33827,-0.07487
11.846,0.80702,3.5614,-0.21093,-0.091274,0.050335,-0.71911,0.14341,-0.48238,-0.95949,8.5423,5.96,-0.13286,0.13586,-0.31087,0.073512,-0.1477,-0.63,-0.87351,-6.2593,7.9527,-0.039786,0.08536,0.47092,0.51348,0.81698,-0.56892,-5.5428,0.47176,-3.772,-1.7093,-0.073115,-1.5954,0.14473,-0.83695,0.32772,-11.893,-3.225,-0.96812,-0.95903,0.10591,1.0906,1.087,0.28899,-0.06114
13.265,-0.39541,3.1466,0.034236,0.40765,0.07414,-0.71923,0.14553,-0.48454,-1.3088,8.3513,5.3641,-0.021155,0.046227,-0.034941,0.080635,-0.14273,-0.63099,-0.6274,-7.2788,7.187,-0.066459,-0.066744,0.36635,0.53006,0.81273,-0.56545,-13.191,14.223,-4.9759,-1.6441,0.17675,-2.2718,0.23047,-0.84683,0.26878,-12.617,-5.3989,-2.1067,-1.1618,-0.11843,0.8349,1.0986,0.24874,-0.04677
12.813,-0.026686,2.6158,0.21465,0.8651,-0.06535,-0.70862,0.14024,-0.50797,-1.3386,8.7898,4.9479,0.00366,0.07152,0.42564,0.081638,-0.1447,-0.62948,-0.95807,-7.7971,7.4061,-0.11391,-0.37413,-0.1114,0.53051,0.81199,-0.57141,-8.2268,-6.1288,2.9037,-1.0999,-1.1333,-0.53243,0.27406,-0.85964,0.19353,-10.148,-8.1729,-0.36183,-0.45765,-0.29804,-0.37198,1.1032,0.23871,-0.040007
11.502,-0.82414,0.87731,0.01162,0.76239,-0.082756,-0.69654,0.1278,-0.53383,-1.4695,9.3149,5.6299,0.080443,0.056133,0.81446,0.082577,-0.15457,-0.62577,-0.7734,-7.263,6.9253,-0.2102,-0.56355,-0.44033,0.51143,0.82001,-0.58237,-8.0582,-3.7643,-2.85,1.9454,0.16979,-1.7441,0.31013,-0.8352,0.24366,-10.459,-7.2149,1.6674,-0.61349,-0.44818,-2.2104,1.0835,0.30358,-0.048913
9.7276,-1.2384,0.58512,-0.10328,-0.053414,0.02618,-0.69148,0.12101,-0.54653,-0.74714,8.3231,5.659,0.1026,-0.052863,0.87415,0.08271,-0.1686,-0.62099,-0.28169,-7.0472,7.0488,0.012846,-0.63465,-0.44006,0.48292,0.82996,-0.59673,-15.089,3.3735,-3.7193,1.5493,-0.44239,-1.7662,0.38231,-0.78537,0.31158,-13.394,-0.49881,-1.0235,0.75432,-0.65168,-2.4673,1.0483,0.40333,-0.073398
10.106,0.62044,1.8311,-0.071372,-0.12172,0.058598,-0.693,0.11475,-0.55282,-0.86052,6.5277,5.4557,0.071694,-0.20876,0.73993,0.077278,-0.18381,-0.61675,-0.31774,-6.9776,6.3356,0.16995,-0.57683,-0.44064,0.45029,0.83461,-0.61829,-9.0973,0.34481,-3.6857,0.82861,-0.60628,-1.5935,0.4412,-0.72619,0.34939,-15.06,2.8597,-2.2453,0.26186,-0.22163,-2.5839,0.99834,0.49513,-0.1162
9.1947,0.49271,2.256,-0.06817,0.37417,-0.12509,-0.68766,0.11026,-0.56512,-0.3199,7.4588,5.4147,0.42044,-0.32979,0.56946,0.064383,-0.19356,-0.61599,0.28851,-6.9281,6.7596,0.25722,-0.33048,-0.49727,0.42224,0.83559,-0.6385,-8.6802,0.3189,-4.27,0.41135,-0.47855,-1.928,0.50467,-0.66914,0.37099,-13.746,-0.24069,-1.7384,-0.79309,-0.063181,-2.6883,0.94266,0.5866,-0.12332
7.4054,0.30711,2.2413,-0.1243,0.20293,-0.33346,-0.68323,0.10551,-0.57212,0.6591,8.4791,4.9347,-0.086951,-0.21601,0.5249,0.051174,-0.1981,-0.61602,0.4103,-6.785,6.5242,-0.050506,-0.17312,-0.46722,0.40239,0.83848,-0.64723,-8.4614,-1.4213,-3.9936,1.1245,-0.40996,-1.7919,0.5651,-0.61544,0.39428,-11.275,-1.3546,-0.51937,0.82169,-0.001129,-2.6269,0.88505,0.66609,-0.1337
5.9868,-0.23729,2.2867,-0.22589,-0.048714,-0.13295,-0.68308,0.10216,-0.57689,0.44753,8.2824,4.5194,0.01993,-0.04012,0.23767,0.046046,-0.20135,-0.61598,0.50619,-6.0163,6.7812,0.035087,-0.047119,-0.22831,0.38601,0.84209,-0.65192,-8.6463,3.3327,-2.1868,1.2107,-0.44142,-1.6305,0.62313,-0.53206,0.43017,-10.062,-0.45208,-1.7514,1.4118,0.3174,-2.9217,0.81025,0.72941,-0.18057
5.4324,-0.79653,2.4579,-0.19599,-0.053307,0.094134,-0.68253,0.10947,-0.57626,0.49848,7.63,4.5751,-0.015554,0.15723,-0.03405,0.048201,-0.20343,-0.61467,0.82258,-5.8481,6.8662,0.095098,0.077353,0.17308,0.38808,0.83868,-0.65297,-8.8936,1.9157,-2.5204,0.25517,-0.43993,-1.3255,0.66766,-0.47186,0.4355,-8.0535,-0.3288,-1.2391,0.88976,0.18323,-2.6526,0.73023,0.78173,-0.22517
6.3561,-0.55448,3.0633,-0.20319,-0.40827,0.058389,-0.68118,0.11716,-0.57573,0.069873,7.422,4.9749,-0.075235,0.30091,-0.36722,0.053968,-0.19703,-0.61666,0.23156,-6.3668,6.6756,0.064559,0.24074,0.4761,0.40627,0.83437,-0.64991,-8.2401,-0.41985,-2.9399,0.20715,-0.47891,-1.2116,0.7136,-0.41385,0.42395,-6.7936,0.9679,-2.0509,-0.16637,0.0483,-2.25,0.64924,0.82515,-0.25033
8.1353,-0.54973,3.8677,-0.16924,-0.85468,0.024092,-0.69658,0.13169,-0.55454,0.017364,7.5484,5.4028,-0.051097,0.32116,-0.66785,0.063943,-0.1907,-0.61959,0.43266,-7.0596,6.5733,-0.13754,0.53066,0.57096,0.43483,0.83088,-0.6396,-9.2679,-0.83033,-2.5999,0.42405,-0.3325,-1.1162,0.74882,-0.36385,0.41556,-6.7937,1.2314,-2.6478,-1.4509,-0.076814,-1.6489,0.58602,0.87277,-0.22406
10.066,-0.52758,3.7183,-0.15593,-0.77461,-0.049008,-0.71695,0.14493,-0.52194,-0.38927,7.8412,5.5135,-0.026613,0.25921,-0.76444,0.076498,-0.18199,-0.6197,0.02138,-7.5292,6.9371,-0.143,0.62201,0.44379,0.46544,0.82675,-0.62342,-10.39,-0.5492,-2.7428,0.32942,-0.37936,-1.1032,0.78185,-0.32101,0.41153,-5.6013,-4.337,1.0177,-0.5992,0.4448,-1.1594,0.54136,0.91765,-0.17496
10.641,-0.83943,2.7358,0.13205,-0.15234,-0.14523,-0.7257,0.14821,-0.50616,-0.85717,9.3888,5.8506,0.19868,0.045189,-0.84465,0.082749,-0.17711,-0.62255,-1.0568,-7.1364,7.4909,-0.1537,0.44767,0.23472,0.48916,0.82489,-0.60215,-9.703,1.8281,-3.872,-0.27866,-0.27697,-1.3527,0.81084,-0.27264,0.39751,-4.0892,-10.598,-4.9274,0.47937,1.0082,-0.70834,0.51973,0.93505,-0.16152
11.536,-1.4817,4.0594,0.31505,-0.067291,-0.09873,-0.72692,0.14472,-0.49925,-1.1244,8.2484,5.5546,0.15273,-0.20081,-0.77733,0.085177,-0.17554,-0.6227,-0.2244,-6.8137,7.9331,0.098409,0.21862,0.17385,0.50336,0.82222,-0.59359,-10.91,1.3128,-3.7457,-0.015394,-0.2151,-1.3488,0.83682,-0.2236,0.38727,-6.3675,-7.5289,-3.74,0.68054,0.77604,0.14618,0.50794,0.93251,-0.13585
12.075,-1.0487,3.9992,0.39436,0.30023,0.005653,-0.72559,0.13692,-0.49701,-1.4579,8.672,5.6954,0.21396,-0.35986,-0.65597,0.079483,-0.17243,-0.62488,-1.0331,-6.8774,7.8388,0.023043,-0.10145,0.048348,0.51284,0.8208,-0.58932,-11.876,0.31955,-3.869,0.9551,-0.13477,-1.1101,0.85472,-0.16428,0.3847,-4.8929,0.37971,-3.0065,2.6357,0.21637,1.724,0.5311,0.89373,-0.16093
12.92,0.027526,1.7744,0.37659,0.77469,0.11486,-0.71285,0.13065,-0.50781,-2.0668,9.3003,5.6386,0.3227,-0.44335,-0.27319,0.069436,-0.17417,-0.62488,-1.5049,-8.1958,6.5735,-0.007841,-0.1066,-0.1533,0.51058,0.82093,-0.59444,-13.694,4.6294,-5.0131,1.6305,-0.11496,-0.43842,0.86572,-0.11311,0.39096,-21.976,-15.733,4.916,2.9404,1.3484,1.4643,0.58095,0.82635,-0.208
13.059,0.5708,0.86879,0.53333,0.67258,0.21947,-0.69727,0.12323,-0.52544,-1.0021,9.8879,5.4267,0.13849,-0.49819,0.26537,0.056885,-0.1793,-0.62405,-1.0278,-8.3627,7.5127,0.10947,-0.2183,-0.55779,0.49005,0.82514,-0.60448,-10.209,10.462,-3.0813,0.85764,0.43296,1.1266,0.86502,-0.11083,0.40501,-6.0156,8.7593,-1.0457,0.81074,0.20727,0.19736,0.59281,0.78425,-0.28761
10.707,1.3892,1.0055,0.28144,0.52132,0.068183,-0.68161,0.1159,-0.5464,-0.11394,8.5465,5.0664,-0.046378,-0.55215,0.51554,0.042128,-0.18489,-0.62114,1.0234,-6.8657,7.7426,-0.026655,-0.35235,-0.88163,0.45402,0.83303,-0.6163,-11.455,1.5788,0.29453,-0.47353,0.15791,2.4518,0.8493,-0.19243,0.41594,-11.122,2.2034,-3.5251,-1.9265,0.45625,2.2796,0.65622,0.76989,-0.23662
