10.281,0.27924,1.6752,1.0354,0.4848,0.66778,-0.7692,-0.029961,0.37234,4.6369,8.8043,8.052,2.7886,1.0284,-3.35,-0.31695,-0.47286,-0.55232,-5.6469,-8.3697,3.149,-0.9805,-0.1672,0.008806,0.34715,0.7787,0.082325,-11.338,7.3225,-2.326,-0.15587,-0.06316,1.223,0.66208,0.090004,0.13879,-1.8069,-3.2614,-0.62358,-0.47543,-0.24701,1.671,0.46723,0.629,-0.14169
9.9671,0.85877,0.02761,1.7017,2.0019,0.40672,-0.78731,0.004515,0.33706,0.67379,7.8696,5.4642,3.4188,0.6274,-3.3751,-0.22759,-0.5845,-0.48977,-5.8091,-8.1966,4.4541,0.095339,-0.29988,0.090965,0.35139,0.77495,0.088245,-11.525,5.6295,-3.0032,-0.35638,-0.080173,1.7254,0.67885,0.054616,0.14684,-4.0145,-5.6071,-1.9822,-0.96321,-0.44049,2.3441,0.50808,0.58545,-0.14008
7.354,5.7664,-10.384,0.95525,2.485,0.45226,-0.81517,0.032101,0.26523,-5.8037,4.9035,3.8165,3.7232,-0.10693,-2.4548,-0.14977,-0.67672,-0.39544,-4.7157,-6.8197,5.3049,0.52728,0.12724,0.20316,0.3558,0.77451,0.075017,-12.041,6.9122,-3.5252,-0.56703,0.11422,2.1011,0.69482,0.005101,0.15728,-7.493,-6.9715,-2.3883,-1.5234,-0.2904,2.5498,0.54918,0.52777,-0.12501
9.1046,0.69517,1.9226,0.47599,1.3675,0.57194,-0.8282,0.053525,0.21389,-7.7339,5.7676,2.2021,3.3224,-0.29702,-1.6,-0.080794,-0.7381,-0.28263,-4.2311,-5.9311,6.6293,0.47732,0.7122,-0.11257,0.3548,0.77439,0.077891,-12.206,5.6137,-3.4671,-1.1268,0.060617,2.4243,0.7086,-0.063652,0.16819,-10.118,-8.6027,-2.3848,-1.0876,-0.58194,2.5507,0.59303,0.45715,-0.12602
9.0643,-0.17462,4.6177,-0.40413,0.3582,0.31982,-0.83389,0.06839,0.18613,-8.0371,4.7247,0.29974,3.3396,-0.68178,-0.74882,-0.050031,-0.7752,-0.17686,-4.2229,-6.5917,4.1617,0.44685,0.98825,-0.13325,0.34796,0.77967,0.073191,-9.9589,3.221,-3.1342,-1.738,-0.31642,2.482,0.71442,-0.13767,0.16665,-10.51,-9.3734,-3.6562,-0.77678,-0.71307,2.3819,0.61437,0.39726,-0.14331
8.6765,-1.2603,2.6827,-0.68576,-0.17012,0.39997,-0.83579,0.084697,0.18134,-7.9872,5.9269,1.3628,3.2737,-0.7858,-0.1084,-0.051917,-0.80097,-0.076925,-6.8845,-8.1923,2.5257,0.26078,0.65674,-0.34874,0.33824,0.78081,0.074431,-7.229,1.5406,-2.2671,-1.6572,-0.38858,1.9534,0.71659,-0.20406,0.15045,-9.9904,-12.002,-4.566,-0.78664,-0.57118,1.9631,0.62287,0.35726,-0.1575
9.2477,-0.49228,2.1548,-0.43795,-0.24328,-0.071732,-0.83511,0.084099,0.18894,-6.0114,6.9214,4.6776,1.7649,0.064359,-0.21447,-0.045504,-0.8076,0.005669,-6.0005,-6.4287,2.3861,0.83403,0.47465,-0.45932,0.32287,0.79152,0.054518,-4.1093,-0.29656,-1.227,-1.0808,-0.25902,1.5472,0.71544,-0.25877,0.13273,-6.6862,-15.029,-6.4161,-0.62507,-0.38559,1.0544,0.62964,0.32901,-0.17478
9.7602,0.63071,1.9048,0.03727,-0.3522,0.07173,-0.83134,0.085034,0.20151,-6.0204,7.0493,1.8539,1.4908,0.50489,0.039049,-0.044912,-0.80535,0.055242,-5.6681,-5.4928,2.2184,-0.80966,0.45304,-0.61739,0.30504,0.79653,0.066408,0.11571,-1.5048,1.1403,-0.57407,-0.14051,0.96625,0.71056,-0.2991,0.12437,-6.0096,-14.455,-4.849,0.47858,0.22216,0.17268,0.63253,0.31721,-0.18147
8.3838,1.0868,1.7854,0.31028,-0.44928,0.08516,-0.82355,0.085475,0.23127,-4.8371,6.3544,1.632,1.2892,0.39637,0.30433,-0.054064,-0.79278,0.10329,-5.0478,-9.2896,2.6019,-1.0377,0.42873,-0.51985,0.28259,0.79983,0.11242,3.0809,-2.3898,2.1613,0.064284,0.16476,0.002861,0.70196,-0.31633,0.1155,-6.7758,-12.097,-3.2717,1.3973,0.29964,-0.50716,0.63511,0.31304,-0.191
9.8914,0.48522,2.8301,-0.072132,-0.3591,0.22214,-0.81791,0.094733,0.24386,-3.2967,8.0635,1.1583,0.95833,0.34697,0.40331,-0.069535,-0.78699,0.13997,-6.0405,-9.0673,3.2628,-0.17156,0.83201,-0.1668,0.26841,0.80103,0.13858,1.3048,-0.27034,1.2379,1.0065,0.82046,-1.0147,0.70004,-0.29786,0.13661,-6.3304,-10.412,-2.6768,1.3195,0.042497,-0.96571,0.63194,0.32027,-0.19783
12.222,-2.1401,-1.2059,3.7221,-2.6706,-0.93744,-0.8041,0.10398,0.28326,-4.3571,7.9738,-0.2899,0.95419,0.10493,0.51386,-0.083853,-0.78893,0.16282,-5.5591,-6.9812,3.1066,0.70064,1.2198,-0.15142,0.25955,0.80337,0.13412,-2.8896,1.2858,0.003856,1.8157,1.2267,-1.8091,0.69637,-0.25443,0.17882,-6.3615,-10.528,-3.6639,1.0461,-0.04609,-1.3084,0.62753,0.34038,-0.19566
9.612,-0.4699,-0.48363,-0.43403,0.37616,-0.43745,-0.79784,0.099194,0.29948,-4.7597,8.769,1.2157,0.82639,0.22327,0.42137,-0.10206,-0.77964,0.19088,-5.3321,-7.1765,3.0645,0.20474,1.8287,-0.32292,0.24442,0.8072,0.13665,-7.9558,3.6951,-1.6088,1.9677,0.94786,-2.3355,0.69129,-0.18019,0.21849,-7.0115,-9.84,-3.0753,0.41859,-0.083082,-1.7844,0.61846,0.37596,-0.19528
9.8156,0.27036,2.9848,0.20319,-0.29484,-0.63138,-0.80268,0.083356,0.289,-5.1165,10.055,-1.4979,0.27507,0.38138,-0.030256,-0.11113,-0.77534,0.20289,-6.2016,-8.3334,2.1546,-0.089048,2.0289,-0.34437,0.21986,0.81294,0.15338,-11.69,2.9946,-2.6435,1.4716,0.28123,-2.4108,0.67935,-0.10172,0.23526,-7.4935,-11.226,-3.3786,0.024973,0.025639,-2.014,0.60003,0.4242,-0.18804
9.9387,0.864,2.4971,-0.32415,-0.21728,-0.4555,-0.79488,0.066861,0.31848,-5.7717,9.3568,-2.4116,0.21768,0.21451,-0.32167,-0.10749,-0.77068,0.21048,-6.9213,-8.938,1.5161,-0.016647,1.6353,-0.26939,0.20441,0.81447,0.1646,-13.279,3.6001,-3.6816,0.85755,-0.33085,-2.5483,0.66744,-0.014205,0.23289,-8.5185,-10.82,-2.7298,0.14414,0.15458,-2.2726,0.57225,0.48355,-0.17781
9.4049,1.3215,2.1827,-1.3108,-0.075364,-0.3955,-0.79307,0.042655,0.32629,-5.2942,9.374,-2.953,0.090397,0.024707,-0.44339,-0.094803,-0.77228,0.21463,-7.7902,-7.4157,0.11205,-0.37925,0.71669,-0.10219,0.19046,0.81381,0.18016,-13.598,4.4332,-4.0941,0.55136,-0.52736,-2.3474,0.65375,0.047541,0.20793,-6.564,-7.382,-1.5818,0.63245,0.15224,-2.225,0.53945,0.53956,-0.17401
9.5744,1.5717,0.39487,-0.13626,-0.028739,-0.49174,-0.79729,0.019411,0.31467,-5.2558,10.2,-3.2067,0.13491,-0.3471,-0.32113,-0.082923,-0.77635,0.21799,-7.8978,-8.5222,-0.031697,-0.60693,-0.45634,-0.089978,0.18365,0.81016,0.20622,-15.602,7.815,-3.9729,0.87523,-0.19733,-2.0055,0.63941,0.092709,0.18138,-3.7255,-3.2263,-1.6944,0.12783,0.52497,-1.9207,0.50814,0.58577,-0.16284
8.9625,2.6317,-0.36393,-0.4551,-0.31831,-0.36606,-0.79258,0.003865,0.32416,-3.7329,8.2571,-0.71497,0.065368,-0.5062,-0.10438,-0.069946,-0.7779,0.22032,-5.4086,-7.1972,1.4231,-0.27199,-0.95792,-0.064212,0.18872,0.80927,0.21095,-14.543,10.939,-3.94,0.26478,-0.36111,-1.1696,0.62716,0.12746,0.1612,-5.3286,-4.0308,-0.20699,-0.44122,0.5512,-1.647,0.47444,0.62637,-0.13764
9.1586,1.982,0.52123,-0.71908,-0.43957,-0.19896,-0.78696,-0.010699,0.33556,-3.3826,9.7605,-2.7159,0.21673,-0.60444,-0.061477,-0.066331,-0.77603,0.22927,-4.4925,-8.4155,1.2308,-0.57471,-0.74732,0.031403,0.19567,0.80487,0.22033,-12.244,11.94,-2.3942,-0.030263,-0.31366,-0.21962,0.62415,0.14001,0.14695,-2.2817,-1.2846,0.83814,0.038629,0.40846,-1.1296,0.44467,0.6572,-0.12304
9.4141,3.5886,-3.4582,2.534,0.15199,0.17217,-0.77873,-0.020497,0.35312,-3.3459,9.6463,-2.167,0.12898,-0.93028,0.067338,-0.057647,-0.77222,0.23545,-3.3801,-7.6779,1.1028,-0.36741,-0.53007,0.080164,0.21029,0.79903,0.22533,-11.263,9.0228,-1.681,-0.58418,-0.33235,0.54641,0.63036,0.13666,0.14407,0.20025,-0.35818,1.7866,0.24826,0.065306,-0.16031,0.42548,0.66721,-0.12923
8.6007,2.3486,0.74323,1.7348,0.64529,-0.096341,-0.79086,-0.004668,0.33077,-3.516,8.0631,-1.6964,-0.36733,-0.94009,0.11382,-0.050901,-0.77415,0.23154,-3.5323,-7.2506,1.5674,-0.84257,-0.23761,0.077557,0.21651,0.79157,0.24289,-10.813,6.9722,-2.3451,-0.30578,-0.22978,0.9111,0.64333,0.11981,0.14473,0.41292,-2.2815,0.31315,0.13638,-0.36272,0.84104,0.43386,0.65644,-0.14168
8.9209,3.0664,2.1829,0.34028,0.19899,0.1619,-0.79316,0.018611,0.31876,-3.8373,8.2217,-2.3806,-0.16003,-0.70388,0.26804,-0.04904,-0.77604,0.22931,-3.8833,-7.3953,1.9387,-0.60843,0.14631,-0.13789,0.21328,0.78812,0.26188,-11.117,7.5141,-3.0871,-0.13353,0.005338,1.2323,0.65911,0.097141,0.15044,-1.7863,-4.2094,-0.87982,-0.45125,-0.40093,1.5886,0.4581,0.63413,-0.14397
9.6021,1.7593,1.605,-0.42248,0.2081,0.25292,-0.7958,0.023236,0.3124,-3.5265,9.0886,-1.1838,-0.31516,-0.15037,0.29026,-0.05479,-0.77816,0.21959,-5.6558,-10.807,1.5653,-0.032119,0.34693,0.054907,0.20786,0.78467,0.27517,-12.02,5.594,-3.9586,-0.3563,-0.070286,1.736,0.67559,0.062793,0.15861,-3.1438,-4.5725,-2.0543,-1.1526,-0.45154,2.2002,0.4956,0.59187,-0.14007
11.229,2.28,1.5163,-0.42838,0.25364,0.41523,-0.7991,0.028904,0.30629,-4.1498,8.7306,-1.8358,-0.18739,0.10087,0.14187,-0.061682,-0.7807,0.21047,-6.0281,-8.2331,1.3119,0.8985,0.25071,0.41891,0.2135,0.7879,0.25606,-11.935,6.5247,-4.0254,-0.48161,0.064694,2.0231,0.69129,0.011603,0.16532,-6.849,-6.5674,-3.4224,-1.8005,-0.29601,2.5067,0.53747,0.54139,-0.12241
9.5377,1.1931,2.5112,-0.16758,0.49345,0.26027,-0.80698,0.039572,0.29023,-4.5056,8.9758,-1.8879,0.32974,0.1316,0.099512,-0.06654,-0.7789,0.21055,-6.6333,-9.0797,1.2001,-0.047968,0.34828,0.3745,0.22338,0.78321,0.25556,-12.512,5.5597,-3.4131,-1.1819,-0.006113,2.3383,0.70275,-0.053064,0.17904,-9.609,-8.542,-3.3548,-1.1981,-0.57791,2.5969,0.58294,0.47246,-0.11587
8.1971,0.74936,1.3043,0.36869,-0.2455,0.71723,-0.80694,0.063512,0.29181,-4.6892,8.9696,-0.63009,-0.052538,0.009548,0.063777,-0.069068,-0.77924,0.21698,-6.5423,-8.1234,1.1458,0.91579,-0.030054,0.38024,0.23325,0.78613,0.2396,-10.049,3.3993,-2.806,-1.7371,-0.36217,2.4296,0.7122,-0.12662,0.17435,-10.825,-9.7291,-4.0809,-0.46946,-0.75465,2.4787,0.60879,0.41101,-0.13245
9.7176,-0.922,1.208,0.036809,0.13655,0.39238,-0.80575,0.069958,0.28911,-4.0099,7.7023,0.67101,0.017453,-0.18142,0.083504,-0.068619,-0.78031,0.21781,-6.7928,-7.2367,1.6204,0.5237,-0.12988,0.26831,0.24374,0.78985,0.21844,-7.197,1.4627,-1.5611,-1.785,-0.47989,2.0507,0.71477,-0.19416,0.15751,-9.9601,-11.463,-5.1319,-0.29049,-0.4733,2.0131,0.62144,0.36546,-0.14989
8.9423,0.53735,0.95042,-0.15284,-0.24808,0.22502,-0.80531,0.080681,0.29257,-3.7678,11.307,-0.62591,-0.27041,-0.18302,-0.001665,-0.070792,-0.77937,0.22134,-6.4087,-6.2828,0.79545,0.14778,-0.3388,0.085729,0.25193,0.791,0.20206,-4.8859,-0.12187,-0.68753,-1.1455,-0.24263,1.6541,0.71484,-0.25282,0.13721,-6.8335,-14.046,-5.5343,-0.49935,-0.4561,1.1342,0.63014,0.33325,-0.16906
10.838,0.46732,-0.16979,0.13433,-0.13185,0.13658,-0.80158,0.083397,0.30188,-3.4515,7.7514,-0.44577,-0.1411,-0.41459,0.036513,-0.068393,-0.78418,0.20688,-5.5597,-6.9429,0.93961,-0.12674,-0.44654,-0.21315,0.25138,0.79288,0.19867,-0.87156,-1.0607,1.6302,-0.35709,-0.041554,1.2053,0.70859,-0.29751,0.13118,-6.0678,-13.65,-4.4145,0.38025,0.018135,0.3814,0.63138,0.32026,-0.18008
8.7656,-0.69065,0.8441,-0.015851,-0.47036,-0.1086,-0.7954,0.092257,0.31449,-2.7449,8.5624,-0.71238,-0.19281,-0.38426,0.23384,-0.069792,-0.78408,0.20286,-5.0793,-8.5918,1.0147,-0.40791,-0.57052,-0.43984,0.24438,0.79323,0.20338,2.3095,-1.6686,2.9479,0.091056,-0.038942,0.20637,0.69964,-0.32288,0.12444,-6.7325,-13.038,-3.4154,1.3089,0.34976,-0.23072,0.63106,0.31077,-0.19687
9.3853,-0.002477,1.6666,0.010223,-0.54895,-0.66442,-0.79044,0.079448,0.32883,-2.6116,9.6063,-0.96685,-0.39603,-0.18461,0.17894,-0.07564,-0.7853,0.1939,-3.9441,-5.4356,0.78872,-0.84053,-0.34468,-0.69626,0.23071,0.79511,0.21202,1.2595,-0.091345,1.4394,0.93523,0.43781,-0.79941,0.69788,-0.31111,0.13335,-6.4946,-10.309,-2.2011,1.4218,0.11737,-0.78539,0.63427,0.31217,-0.20057
11.321,0.12308,-0.28028,0.020268,-0.15873,-0.84108,-0.78677,0.051717,0.34107,-3.2724,8.4112,-0.51944,-0.87717,-0.000531,-0.22986,-0.07303,-0.78845,0.1764,-4.7223,-9.3466,1.1017,-0.64665,0.069115,-0.6631,0.20988,0.79434,0.23993,-1.469,0.95481,-0.21486,1.7668,0.94723,-1.5421,0.69778,-0.2719,0.16592,-6.3602,-10.052,-3.1097,0.95385,-0.051803,-1.1744,0.63377,0.32737,-0.19737
10.46,0.5499,2.1857,-0.21284,-0.22192,-0.19904,-0.78427,0.037134,0.34451,-3.2465,7.1239,-1.0477,-0.62318,0.43768,-0.41031,-0.063153,-0.79339,0.15015,-5.0844,-8.0562,0.26935,-0.45133,0.67148,-0.44699,0.18971,0.7918,0.25801,-6.1836,3.3126,-1.7228,2.283,0.90802,-2.0729,0.69224,-0.20339,0.20585,-7.5203,-9.3736,-3.3292,0.51548,0.023742,-1.5811,0.62437,0.35638,-0.19539
10.202,1.775,0.17711,-0.33414,-0.40157,-0.39368,-0.77917,0.023928,0.359,-3.6088,6.7984,-1.9045,0.21766,0.39849,-0.32866,-0.053139,-0.79686,0.14107,-4.9587,-8.4387,-0.6292,-0.93933,1.1303,-0.37947,0.16495,0.78568,0.286,-10.305,3.44,-3.8167,1.8587,0.30301,-2.2518,0.68421,-0.12845,0.22839,-7.8004,-10.993,-3.4653,0.099185,0.03744,-1.8928,0.60996,0.4,-0.18928
9.4224,2.5831,3.4744,-1.5421,0.33821,-0.035425,-0.77879,0.00258,0.35781,-3.9445,9.4873,-1.3887,0.66044,0.41106,-0.243,-0.047017,-0.79414,0.1529,-6.4014,-9.7036,-0.76598,-0.44089,1.0361,-0.30366,0.13938,0.77903,0.31803,-12.996,3.2758,-4.771,1.1724,-0.25126,-2.4058,0.67535,-0.039917,0.22908,-8.6688,-10.983,-2.8673,0.25804,0.10986,-2.16,0.58657,0.45968,-0.18161
10.05,0.35261,-1.4076,-1.794,-0.21455,0.36945,-0.77656,-0.024761,0.3608,-4.4997,8.94,-1.0204,0.29795,0.46014,-0.11364,-0.044065,-0.79391,0.16381,-6.332,-7.4354,-1.0293,-0.48343,0.82762,-0.40458,0.11687,0.77847,0.33009,-13.644,4.331,-4.8152,0.60947,-0.59179,-2.4803,0.66296,0.028559,0.21133,-7.9759,-9.3319,-1.8201,0.90656,0.091916,-2.3538,0.55645,0.51361,-0.18199
8.3532,-1.515,0.32078,0.047096,0.56683,-0.25352,-0.78321,-0.031569,0.34464,-5.5263,8.4527,-0.99486,0.82054,0.3278,0.22256,-0.049165,-0.79019,0.18379,-6.6993,-11.005,-0.19528,-0.42603,0.25947,-0.445,0.09776,0.77298,0.35174,-14.461,6.4711,-4.3762,0.37131,-0.27393,-2.1194,0.64675,0.07509,0.18722,-4.4165,-4.3741,-1.5374,0.66046,0.254,-2.1315,0.52232,0.56282,-0.18093
8.6513,2.4853,1.6478,-0.52315,-0.79345,-0.30844,-0.77649,-0.048397,0.35644,-4.597,10.05,-1.3416,0.89849,0.019014,0.2482,-0.057572,-0.78298,0.21336,-4.7589,-8.3184,1.895,0.47896,-0.2127,-0.35232,0.089961,0.77833,0.3433,-14.655,9.4535,-3.8656,0.12932,-0.32152,-1.5437,0.63373,0.11364,0.16659,-4.3385,-3.0029,-0.66566,-0.29523,0.56102,-1.7509,0.48759,0.60804,-0.16702
10.509,3.5083,-0.39082,1.0301,-0.52808,0.26538,-0.76837,-0.040428,0.37752,-4.5037,9.363,-1.7427,0.86656,-0.6218,0.32588,-0.063094,-0.77555,0.24544,-3.5521,-6.9246,1.2974,-0.49068,-0.082941,-0.2467,0.082146,0.77875,0.34454,-12.657,11.016,-2.5066,-0.15943,-0.34003,-0.73002,0.62569,0.13461,0.14837,-3.1532,-2.6694,0.64784,-0.40141,0.54416,-1.3949,0.45589,0.64464,-0.14101
9.0277,1.9,-0.97957,2.5244,1.4038,0.027239,-0.78273,0.008349,0.35255,-3.5623,11.118,-0.14429,-0.26697,-0.73304,0.37064,-0.071038,-0.77434,0.25128,-2.9455,-6.2552,0.11395,-0.70422,-0.040119,-0.31284,0.072396,0.76954,0.36272,-12.078,10.579,-1.549,-0.33299,-0.17224,0.22935,0.62606,0.13836,0.142,-0.75268,-1.2349,1.686,0.19009,0.22783,-0.63076,0.42779,0.66704,-0.13804
8.8177,-0.97266,6.4167,0.72897,-0.003019,-0.005387,-0.79432,0.024177,0.32521,-3.5529,8.3321,0.29511,-0.44272,-0.41558,0.29872,-0.075015,-0.77667,0.23562,-3.1858,-8.9615,-1.1018,-0.65052,0.18596,-0.2137,0.062911,0.75948,0.38615,-10.662,7.0509,-1.2916,-0.55317,-0.24806,0.78219,0.63563,0.12366,0.14196,0.56369,-2.0903,1.0036,0.12168,-0.24043,0.34074,0.42605,0.6667,-0.14697
10.082,1.7679,0.28853,0.38341,-0.20169,-0.21668,-0.79025,0.029328,0.33602,-3.9978,9.5349,-1.2139,-0.47448,-0.098751,0.11399,-0.07809,-0.77809,0.22944,-4.5539,-9.6584,-1.3109,-0.96505,0.66004,0.084982,0.054727,0.74634,0.41266,-10.251,6.7334,-2.1234,-0.25972,-0.11999,1.0512,0.65075,0.10327,0.14618,-0.65502,-4.4332,-0.34577,-0.15102,-0.39315,1.1415,0.44155,0.65177,-0.14781
10.937,2.7397,0.12972,-0.088224,1.0674,0.20141,-0.79493,0.028389,0.32394,-4.1972,8.2647,-1.7604,-0.12272,0.0445,-0.023531,-0.076797,-0.78059,0.21671,-4.6929,-7.7181,-2.271,-0.28811,0.62904,0.34551,0.052182,0.74086,0.4226,-11.218,6.7506,-3.5535,-0.1731,-0.074654,1.303,0.6621,0.080504,0.15594,-2.3267,-4.5411,-1.4278,-0.83357,-0.40562,1.7706,0.47231,0.62096,-0.14905
10.075,1.9397,3.6845,-0.25134,0.29001,0.52652,-0.80338,0.039537,0.29988,-4.507,8.3075,-2.0684,0.25949,0.28623,-0.012999,-0.079256,-0.78037,0.22207,-5.8626,-10.5,-2.3088,-0.88895,0.56587,0.43772,0.052054,0.72771,0.44508,-12.589,5.9057,-3.7152,-0.32918,0.048841,1.8005,0.67829,0.042193,0.16237,-4.0382,-5.7823,-3.1038,-1.4635,-0.31987,2.2819,0.51266,0.57745,-0.13615
9.9163,2.3911,2.2835,-0.448,-0.78083,0.61287,-0.79583,0.040949,0.3226,-4.877,8.2718,-2.2021,0.27791,0.38536,0.11535,-0.083694,-0.78151,0.21975,-6.1748,-10.399,-2.127,0.015503,0.16334,0.68249,0.064617,0.71703,0.45976,-11.793,6.4874,-3.94,-0.57303,0.072638,1.9754,0.69578,-0.014634,0.17303,-7.7335,-6.9222,-3.3337,-1.6155,-0.31089,2.4342,0.55852,0.51664,-0.12463
9.7741,0.8422,2.6902,-1.1634,-1.1805,0.79231,-0.78294,0.054374,0.35248,-5.0366,7.8834,-2.5986,0.44997,0.13505,0.11429,-0.088799,-0.78,0.22967,-5.9242,-8.6246,-2.4475,-0.074464,-0.2447,0.69063,0.085817,0.71546,0.45684,-12.046,5.0143,-3.4707,-1.365,-0.085387,2.2555,0.70579,-0.075003,0.1803,-10.149,-8.6436,-3.4837,-0.74087,-0.53901,2.5673,0.59287,0.45579,-0.12304
9.7476,0.98009,1.6015,-2.2057,-2.0869,0.79291,-0.75993,0.059215,0.39755,-4.2314,9.0481,-1.8057,0.72128,-0.36135,0.16841,-0.093222,-0.77174,0.25563,-5.5868,-9.6745,-1.6001,0.36008,-0.68855,0.63102,0.11156,0.71451,0.45325,-9.263,3.125,-2.8275,-1.8377,-0.41086,2.393,0.71111,-0.14151,0.17287,-10.616,-9.9988,-4.1229,-0.17572,-0.64303,2.4081,0.61243,0.40238,-0.13405
9.0961,-0.40495,-2.7698,-1.3396,-0.98219,0.42422,-0.7351,0.042838,0.44568,-3.5029,9.4618,-1.1382,0.88078,-0.50781,0.21098,-0.094423,-0.76597,0.28261,-4.3514,-5.541,-1.399,0.28045,-0.64253,0.13364,0.13546,0.72132,0.43854,-6.1636,1.1798,-1.0823,-1.6816,-0.47179,1.9122,0.71398,-0.2124,0.15513,-9.7366,-12.692,-4.2722,-0.39059,-0.39948,1.8772,0.62533,0.35594,-0.15726
8.9098,1.0869,-3.0306,-0.43403,-0.43557,0.21158,-0.72333,0.031031,0.46412,-2.3597,9.766,-0.91111,0.19306,-0.60098,0.13992,-0.092928,-0.76178,0.30111,-4.4043,-7.7909,-0.55383,-0.31113,-0.2184,-0.21968,0.13914,0.71776,0.44087,-4.2275,-0.068995,-0.14912,-0.99099,-0.15519,1.4977,0.71073,-0.2645,0.13784,-5.6497,-13.947,-5.3945,-0.34735,-0.41733,0.78349,0.63121,0.33132,-0.17679
9.7043,-0.70143,-2.0662,0.96482,0.10933,-0.18095,-0.71316,0.030432,0.48303,-2.1509,8.8516,-1.3466,0.14133,-0.59276,0.1563,-0.090585,-0.75811,0.30629,-4.8231,-8.5481,-2.195,-0.19883,-0.28475,-0.2693,0.13828,0.71619,0.44405,-0.59191,-0.40553,1.2749,-0.39029,0.084992,1.0228,0.70033,-0.31583,0.13029,-5.7224,-13.09,-4.6014,0.6056,0.19489,0.17924,0.63178,0.31175,-0.20158
9.7647,-0.20786,-1.4806,2.3337,1.0088,-0.32334,-0.72623,0.050309,0.46076,-2.1688,9.1625,-1.9432,0.15967,-0.50487,0.19043,-0.090419,-0.75651,0.3144,-4.5282,-7.4482,-1.6717,-0.48413,-0.22347,-0.29759,0.13539,0.71048,0.45207,1.4672,-0.72556,2.6373,0.16228,0.18843,0.13228,0.69273,-0.33374,0.13184,-6.8422,-11.469,-3.3309,1.3005,0.34877,-0.27865,0.63548,0.30686,-0.20339
10.279,0.81307,3.4395,0.5863,1.9239,-0.34939,-0.75627,0.081501,0.40124,-2.4448,9.1962,-2.3871,0.28835,-0.43437,0.082983,-0.087355,-0.75359,0.32304,-4.6287,-8.5649,-1.512,-0.4989,0.084112,-0.28652,0.12497,0.70208,0.46956,1.214,0.16231,1.7233,0.92064,0.46859,-0.9509,0.69383,-0.31733,0.14778,-6.51,-10.525,-2.2468,1.1831,0.16037,-0.74289,0.6351,0.31319,-0.19289
9.0061,-1.1353,2.2532,-0.071931,1.3785,-0.3336,-0.78126,0.071586,0.35168,-2.721,8.8272,-1.3065,0.33479,-0.20786,0.053506,-0.08625,-0.74998,0.33432,-5.3448,-8.1948,-2.6858,0.079589,0.23527,-0.13378,0.11624,0.69949,0.4754,-2.0397,1.6563,0.095566,1.7621,0.892,-1.6711,0.69365,-0.26882,0.17846,-6.7793,-9.8109,-3.1684,1.2498,0.10533,-1.1314,0.63375,0.32696,-0.19588
9.7034,0.40036,0.32854,-0.32637,0.56888,-0.19,-0.78992,0.062779,0.33303,-3.2276,9.0544,-1.1384,-0.19089,0.098002,-0.20023,-0.082808,-0.74971,0.33503,-6.386,-9.029,-3.0294,0.84571,0.15561,0.1068,0.11228,0.70969,0.46245,-7.0569,3.2188,-1.6352,2.158,0.87336,-2.1332,0.68911,-0.19918,0.21591,-7.2795,-9.3639,-2.1521,0.56861,0.02854,-1.5243,0.62756,0.3548,-0.19445
10.486,0.65427,3.7986,-0.047161,1.2155,-0.23959,-0.80848,0.053718,0.28808,-3.5468,9.8772,-0.81094,-0.16833,0.37961,-0.32334,-0.078648,-0.75331,0.32903,-6.6096,-8.2278,-2.4183,0.93843,0.005414,0.1066,0.11625,0.72313,0.43559,-10.423,3.377,-3.2112,1.7654,0.31117,-2.1776,0.68223,-0.10992,0.23781,-7.9493,-10.808,-2.8248,0.058553,0.015919,-1.8421,0.61292,0.39686,-0.19357
10.267,0.34637,1.5566,0.5318,0.49467,-0.23767,-0.81364,0.050145,0.27223,-4.39,8.8639,-1.8051,-0.057676,0.57241,-0.48448,-0.072502,-0.75409,0.32152,-6.5833,-8.3996,-1.5347,0.47756,-0.05885,-0.042465,0.11585,0.73586,0.41767,-12.381,3.059,-4.3608,1.163,-0.32888,-2.2299,0.6739,-0.042672,0.23021,-8.7727,-10.716,-2.3379,0.16498,0.083803,-2.102,0.59252,0.4504,-0.18285
9.7902,1.1087,2.7144,0.38392,0.46901,-0.24046,-0.81716,0.047918,0.25913,-4.3963,9.4601,-1.7562,-0.21644,0.25774,-0.4163,-0.064094,-0.75782,0.31654,-6.7282,-9.8439,-0.16212,0.89322,-0.41651,0.066589,0.12053,0.74884,0.39479,-13.432,3.993,-4.5104,0.76733,-0.5797,-2.3797,0.6607,0.014903,0.21551,-7.308,-8.8208,-1.4787,0.60513,0.062626,-2.2306,0.56788,0.50499,-0.17472
9.1413,1.0176,2.7164,0.20689,-0.007206,-0.27429,-0.81839,0.042535,0.25115,-3.2857,9.8654,-0.40108,-0.37203,0.49327,-0.28899,-0.058714,-0.75986,0.30678,-5.5809,-9.6678,-0.052439,1.0158,-0.76407,0.11051,0.13663,0.76156,0.36642,-14.326,6.4852,-4.0209,0.58996,-0.37987,-2.0909,0.64532,0.070276,0.19114,-4.9121,-5.134,-1.4731,0.40224,0.24427,-2.1288,0.53172,0.55578,-0.17362
8.9005,1.8219,2.1378,0.13857,-0.39792,-0.43142,-0.81684,0.033169,0.25966,-3.2901,9.686,-0.3922,-0.68924,0.82773,-0.2864,-0.057815,-0.7666,0.2861,-4.7124,-10.511,0.47419,1.6334,-0.99078,0.19923,0.15426,0.77816,0.32327,-14.715,9.6555,-3.807,0.62729,-0.25429,-1.4655,0.63115,0.11144,0.17072,-4.5427,-4.2277,-0.4931,-0.2769,0.42022,-1.806,0.49613,0.60151,-0.15841
8.7184,0.93569,1.8024,0.4786,-0.80457,-0.34901,-0.81002,0.023932,0.28108,-3.797,8.8099,-1.6875,-1.2059,0.97494,-0.31005,-0.058692,-0.77479,0.25184,-3.9551,-6.8874,-0.56763,1.2983,-1.0256,0.16226,0.173,0.7947,0.26684,-12.39,10.931,-3.4466,-0.26259,-0.40877,-0.80205,0.62445,0.13589,0.14578,-3.6491,-3.5335,0.61471,-0.30172,0.30456,-1.4806,0.45707,0.64399,-0.14164
9.9021,2.0468,1.3704,0.93378,-1.6791,-0.23321,-0.79508,0.02405,0.32081,-3.9947,7.804,-2.245,-0.80405,0.91526,-0.20183,-0.05852,-0.78272,0.21763,-3.2999,-8.3366,-0.033696,0.54533,-1.1101,0.17539,0.1895,0.80186,0.23141,-11.388,9.983,-1.8346,-0.27386,-0.25552,0.048609,0.62602,0.14083,0.13522,-0.63367,-1.5329,1.2987,0.031639,0.12142,-0.81022,0.42966,0.66743,-0.13462
9.6904,3.0879,4.5243,-1.193,2.6493,0.010842,-0.79818,0.002338,0.31003,-3.962,7.2423,-2.4223,-0.56249,0.7702,-0.080181,-0.062311,-0.78786,0.1905,-2.5818,-4.5894,1.6333,-0.042548,-0.92587,-0.017803,0.20432,0.80633,0.21032,-10.836,7.2928,-1.9107,-0.49255,-0.2024,0.62018,0.63366,0.13345,0.13839,0.71383,-1.9118,1.0216,-0.075865,-0.2338,0.13317,0.42238,0.6732,-0.12999
6.8337,2.4792,1.2903,-0.3388,0.15222,0.11986,-0.80291,-0.004439,0.29692,-3.8414,8.1096,-2.2742,-0.42292,0.87769,-0.003254,-0.068013,-0.78973,0.17211,-3.3744,-7.9255,3.5376,-0.31873,-0.17248,-0.16199,0.20657,0.80232,0.22479,-10.277,7.0286,-2.7696,-0.28166,-0.068144,0.88397,0.64563,0.11638,0.14511,-0.60176,-3.9178,-0.39578,-0.20688,-0.43768,0.99023,0.43491,0.6579,-0.13817
10.093,1.8865,2.1543,-0.34111,-0.12137,0.3056,-0.80283,-0.00103,0.30109,-4.11,9.1201,-2.6456,-0.50823,1.0133,-0.077329,-0.073369,-0.79269,0.15508,-4.6857,-6.7931,1.5371,0.4239,-0.012209,-0.005595,0.20262,0.80575,0.20949,-11.346,6.974,-3.3012,-0.2518,0.002923,1.2021,0.65796,0.095395,0.1557,-1.6442,-3.7882,-1.8924,-0.84247,-0.50396,1.6159,0.4617,0.63145,-0.13775
10.373,2.6702,1.9899,-0.52742,0.36159,0.39634,-0.8082,0.002148,0.28639,-4.5099,8.3547,-2.7973,-0.38599,1.0216,-0.10692,-0.074213,-0.79577,0.13909,-5.9523,-8.0672,0.70628,-0.28764,0.067563,0.33155,0.20737,0.79731,0.22548,-11.505,4.5431,-3.2868,-0.51915,-0.17164,1.5745,0.67694,0.052686,0.16056,-3.8817,-5.9682,-3.5798,-1.6205,-0.44556,2.124,0.50665,0.58484,-0.13231
10.077,1.4955,1.7711,-0.57209,0.1436,0.44273,-0.81114,0.008485,0.27947,-5.2594,8.1186,-3.0679,0.016846,0.9775,-0.025284,-0.076779,-0.79542,0.13054,-5.5938,-6.8695,0.74466,-0.54894,0.11897,0.43932,0.2206,0.78989,0.23833,-12.548,6.6108,-3.6701,-0.60593,0.15133,1.8543,0.68995,0.008367,0.17217,-6.8488,-6.2674,-3.7652,-1.4015,-0.37557,2.4861,0.54846,0.53543,-0.11535
9.5815,0.39693,1.4025,-0.60642,-0.10917,0.58226,-0.81,0.019885,0.28624,-5.7487,7.8271,-1.9761,0.415,0.65448,0.017636,-0.081151,-0.79673,0.1294,-6.0464,-7.5241,1.3971,-0.75846,0.34247,0.45965,0.23264,0.78394,0.25259,-12.166,5.2977,-3.2108,-1.3346,-0.18929,2.1463,0.70212,-0.040553,0.17858,-9.9011,-8.1045,-4.1655,-0.80929,-0.45647,2.586,0.58042,0.48121,-0.11019
11.154,1.7648,0.78163,0.77757,-0.3759,0.64383,-0.80664,0.031638,0.29413,-6.1762,8.1916,-2.1205,0.49515,0.23194,0.020921,-0.085005,-0.79505,0.14306,-6.6943,-7.1301,0.25573,-0.97769,0.18069,0.55344,0.24755,0.77029,0.28108,-10.061,3.1501,-2.4234,-1.7156,-0.42564,2.2906,0.70923,-0.11219,0.17205,-10.729,-10.296,-4.4992,-0.21322,-0.62557,2.3894,0.60441,0.41976,-0.13006
8.5229,0.066686,0.88494,0.37045,-0.49858,0.4155,-0.80218,0.052617,0.30767,-6.0578,8.1131,-1.9378,0.29007,-0.30537,-0.007803,-0.085223,-0.79541,0.15578,-6.5242,-7.5294,1.5758,-0.89136,0.15746,0.34151,0.25775,0.75379,0.31182,-7.0509,2.1973,-1.3038,-1.5547,-0.36052,2.0482,0.7145,-0.18301,0.15495,-9.5102,-11.722,-4.1836,-0.15801,-0.33125,1.8444,0.62028,0.37281,-0.15155
9.6272,-0.087235,0.10141,0.11122,-0.3727,-0.049534,-0.79715,0.058536,0.31864,-5.4682,8.3326,-1.2405,0.39231,-0.64763,-0.026324,-0.082939,-0.7933,0.17397,-7.0125,-9.2317,0.44641,-0.59138,0.055052,0.28131,0.26554,0.73789,0.34508,-5.5629,1.1024,0.0779,-1.0337,-0.18068,1.8093,0.71222,-0.25422,0.14399,-6.9586,-13.686,-3.6526,-0.46634,-0.55842,1.0367,0.62897,0.33384,-0.17745
10.488,-0.3204,1.1062,0.14507,-0.43515,-0.25429,-0.79368,0.052715,0.33044,-5.426,9.411,-1.6048,0.26244,-0.81825,-0.17096,-0.075513,-0.79259,0.18775,-6.955,-8.6835,0.55754,-0.56508,-0.40091,0.15771,0.27546,0.72639,0.36029,-2.3368,0.52416,1.509,-0.47049,0.012217,1.3384,0.70362,-0.30069,0.13785,-6.0446,-13.036,-4.8159,0.7057,-0.043397,0.46788,0.62835,0.32035,-0.19539
9.1831,0.12722,-0.76608,0.20596,-0.75833,-0.1983,-0.78453,0.051773,0.35284,-4.7062,9.665,-2.0051,-0.11632,-0.88949,-0.52108,-0.057267,-0.79502,0.18566,-6.6049,-11.501,1.5019,-0.1592,-0.47878,0.26293,0.28862,0.72143,0.36162,1.0493,-0.77994,2.689,-0.10977,0.004324,0.44511,0.6982,-0.32499,0.13592,-6.8957,-12.051,-3.3931,1.1977,0.19163,-0.056903,0.63237,0.31284,-0.20253
9.4822,-0.50331,0.69451,0.43814,-0.49383,-0.44893,-0.77784,0.043251,0.36695,-3.2803,10.182,-2.5481,-0.096678,-0.83287,-1.0719,-0.024636,-0.79688,0.18568,-6.5921,-8.5101,0.38888,0.62631,-0.38784,0.35088,0.30148,0.7241,0.34468,1.3285,-0.45099,1.4111,0.74621,0.28154,-0.4547,0.69696,-0.32243,0.14064,-5.6859,-10.341,-2.5088,1.1203,0.041653,-0.78552,0.6349,0.31531,-0.20787
11.097,-1.2623,0.11984,0.24915,0.057383,-0.5007,-0.77414,0.034712,0.37297,-2.9814,9.1167,-1.9776,0.14851,-0.47445,-1.37,0.020529,-0.79766,0.18755,-6.6393,-7.3589,-0.89352,0.88956,-0.47833,0.48536,0.32129,0.72699,0.3192,-0.99063,1.1792,0.4023,1.6331,0.7608,-1.1842,0.694,-0.28914,0.1691,-5.8208,-10.115,-2.9513,0.95473,0.021937,-1.0222,0.63002,0.32917,-0.20937
10.074,0.35764,0.97321,0.15109,0.27892,-0.40876,-0.77606,0.021268,0.36934,-2.6318,8.8773,-1.6265,0.48234,-0.087634,-1.3502,0.068508,-0.79396,0.19854,-6.0022,-6.9385,-0.22124,0.54165,-0.21005,0.53959,0.34267,0.72636,0.29974,-5.0966,3.0425,-0.6802,2.1252,0.80228,-1.7834,0.68948,-0.22683,0.20777,-7.1912,-9.5838,-3.4811,0.58872,0.080152,-1.373,0.62182,0.3518,-0.21047
9.2139,1.8055,1.9162,-0.15745,0.11913,-0.25436,-0.78062,0.009194,0.35925,-2.6835,9.0873,-0.93563,0.097514,0.090384,-1.2456,0.10934,-0.78637,0.20894,-6.4918,-6.6967,-0.90281,0.28905,0.036654,0.40811,0.35678,0.72515,0.28742,-8.4638,3.0317,-3.0964,1.9495,0.36728,-2.0503,0.68438,-0.15732,0.23178,-7.4995,-10.525,-3.0256,0.44106,0.11626,-1.6002,0.61182,0.38572,-0.20484
10.404,0.96876,1.2632,-0.27108,0.31517,-0.34194,-0.78296,-0.001175,0.35287,-3.8162,7.2893,-0.15847,0.70785,0.29417,-0.52791,0.13555,-0.78061,0.22445,-5.7604,-6.2078,0.49834,0.077078,0.078059,0.19798,0.3661,0.72491,0.27571,-10.932,2.96,-4.4291,1.6265,-0.10305,-2.1798,0.67729,-0.091988,0.23647,-7.9121,-10.837,-3.0484,0.50999,0.24607,-1.9321,0.59917,0.42786,-0.19527
9.853,1.1943,1.544,-0.005559,0.26095,-0.22829,-0.78593,-0.010386,0.34242,-4.7825,9.4516,-1.0052,0.54189,0.26881,-0.12554,0.14055,-0.77019,0.25077,-6.0155,-7.1214,1.5031,-0.2722,0.22479,0.079356,0.36966,0.72078,0.28326,-12.294,3.2717,-4.937,0.89151,-0.39209,-2.4174,0.66873,-0.023229,0.22355,-7.9923,-9.8226,-2.4642,0.5066,0.26251,-2.0912,0.57536,0.48005,-0.18734
9.7939,1.3133,1.5593,-0.13627,0.2255,-0.19731,-0.78791,-0.018003,0.33537,-5.3709,7.5492,-0.69909,0.20542,0.22807,0.055389,0.13967,-0.76632,0.25695,-6.2787,-7.125,1.5285,-0.15232,0.12342,-0.014407,0.36929,0.71782,0.29362,-13.524,5.8594,-4.2892,0.51472,-0.43318,-2.3862,0.65351,0.037765,0.19838,-6.7665,-7.6661,-1.2721,0.6628,0.22661,-2.1892,0.54455,0.53155,-0.18473
8.7984,1.8338,1.2268,-0.1284,0.063418,-0.087265,-0.7897,-0.028453,0.33186,-5.6842,8.3696,-1.3656,0.35947,0.3383,0.14011,0.12872,-0.76129,0.27067,-6.13,-7.2304,1.667,0.061946,-0.022013,-0.18223,0.36452,0.71637,0.29977,-15.337,8.8321,-2.9932,0.49375,-0.31481,-1.9143,0.63785,0.093641,0.16776,-4.8804,-4.5544,-0.6267,0.64319,0.30655,-1.9282,0.50778,0.58194,-0.18459
9.3506,1.8967,1.0673,0.056677,-0.17166,-0.012082,-0.78815,-0.029088,0.33557,-5.8098,8.4113,-3.4175,0.40206,0.311,0.015943,0.12185,-0.7578,0.27993,-6.2517,-7.132,1.3138,0.063676,-0.06408,-0.30068,0.35736,0.72256,0.29629,-13.857,11.226,-3.7315,-0.20484,-0.40836,-1.169,0.62982,0.12651,0.14765,-3.4991,-3.2942,0.33397,-0.022788,0.47796,-1.6403,0.47465,0.62189,-0.17726
9.7684,1.7028,0.53195,0.011426,-0.24423,-0.10029,-0.78346,-0.028017,0.34264,-6.3989,6.2011,-4.1118,0.28185,0.001156,-0.14697,0.12441,-0.75164,0.2894,-6.0559,-7.2749,0.59067,-0.079721,-0.12343,-0.29915,0.3534,0.72666,0.29343,-11.312,10.893,-2.2693,-0.23676,-0.41244,-0.20557,0.62848,0.13944,0.14012,-1.9833,-2.4543,1.6619,-0.12098,0.42078,-1.1491,0.44626,0.65181,-0.16408
8.9587,2.1696,0.30501,0.1273,-0.21402,-0.039231,-0.78157,-0.027455,0.35028,-6.3599,5.9766,-4.3167,0.94354,-0.22035,0.18426,0.12531,-0.7424,0.30987,-5.7833,-7.2965,1.0304,-0.11149,-0.079937,-0.32376,0.34645,0.72966,0.29425,-10.997,7.7675,-2.5897,-0.53552,-0.20411,0.51435,0.63368,0.13355,0.13574,0.46143,-1.1225,2.0953,-0.19952,0.069017,-0.28771,0.43078,0.66536,-0.15784
9.3388,2.2549,0.44275,0.11149,-0.071491,0.012165,-0.77838,-0.025253,0.35458,-6.412,6.7539,-4.5881,0.43634,-0.36874,0.31045,0.11917,-0.73466,0.33077,-5.8611,-7.4761,1.1693,-0.11211,0.020184,-0.21585,0.33841,0.73267,0.29857,-10.395,6.967,-2.5168,0.05149,-0.037737,0.81185,0.64405,0.11772,0.13786,-0.33739,-3.5215,1.2834,-0.37067,-0.33142,0.61497,0.43491,0.66085,-0.15573
9.4134,2.3279,0.54825,0.12645,0.07446,0.0745,-0.77781,-0.021306,0.35795,-6.363,7.127,-3.0622,-0.44578,-0.22831,0.30256,0.11599,-0.73739,0.32487,-6.2123,-7.2995,1.1804,-0.096117,0.099349,-0.049709,0.33174,0.73132,0.30233,-10.623,7.4105,-2.957,0.021502,0.16141,0.94214,0.6579,0.092624,0.14655,-1.3354,-3.7432,-0.19851,-0.55123,-0.52226,1.3345,0.45655,0.63725,-0.15162
10.231,2.0232,1.0001,0.01137,0.12478,0.13806,-0.77956,-0.018485,0.35543,-7.1962,6.4045,-2.5554,-0.51758,0.12406,0.40528,0.10555,-0.74489,0.30974,-6.5619,-8.2016,1.4549,-0.10517,0.15087,0.042931,0.32958,0.73057,0.30733,-11.749,4.4193,-2.6162,-0.44993,-0.20516,1.3643,0.67213,0.066663,0.15724,-2.7411,-5.3946,-2.4831,-1.0927,-0.53995,1.9008,0.49021,0.60243,-0.14731
10.213,1.3708,1.145,-0.080993,0.090168,0.32502,-0.78115,-0.011576,0.35113,-7.3338,5.737,-1.9225,-0.35706,0.33607,0.44144,0.092028,-0.75082,0.2986,-6.8346,-8.2436,1.3244,0.051889,0.19356,0.12526,0.33224,0.72849,0.30968,-11.723,6.0597,-3.8331,-0.56768,-0.06671,1.5967,0.68299,0.038449,0.1634,-5.5205,-5.4406,-2.7095,-1.7102,-0.33469,2.2839,0.52631,0.56248,-0.13462
9.7657,1.5073,1.2768,-0.02109,0.069174,0.26315,-0.78342,-0.001859,0.34935,-6.8035,8.7858,-3.1278,-0.34392,0.27349,0.60153,0.069847,-0.75642,0.29197,-6.6415,-7.1614,1.2327,0.093633,0.20859,0.167,0.33421,0.72738,0.30855,-12.566,6.0099,-3.5048,-1.0508,-0.21418,2.0104,0.69762,-0.013913,0.16715,-8.5275,-6.6477,-3.8544,-1.5797,-0.36764,2.4449,0.5655,0.50692,-0.11951
9.6009,1.2646,1.1546,-0.15182,-0.019959,0.23779,-0.78533,0.002602,0.34897,-6.4125,6.8171,-2.1647,-0.46939,-0.085914,0.43687,0.056551,-0.76408,0.27261,-6.3489,-7.1795,1.0345,0.097936,0.20334,0.1768,0.3349,0.72695,0.30949,-11.521,4.7826,-3.1748,-1.4169,-0.31614,2.3288,0.70904,-0.080219,0.16254,-10.674,-9.0869,-4.1812,-1.0238,-0.65478,2.3812,0.593,0.45109,-0.12025
9.4281,0.91798,1.0988,0.010318,-0.10751,0.35509,-0.78168,0.012133,0.35202,-6.0263,6.837,-2.2886,0.15149,-0.30416,0.5178,0.039302,-0.76631,0.26815,-6.5205,-6.2621,0.44375,-0.050661,0.17705,0.11657,0.3378,0.72355,0.31164,-8.4178,3.2232,-2.1878,-1.7397,-0.41409,2.2492,0.71753,-0.16276,0.14827,-10.004,-11.149,-4.93,-0.37271,-0.6567,2.1749,0.61598,0.39134,-0.13534
9.6304,0.86671,0.54039,0.14446,-0.22997,0.18251,-0.77889,0.021172,0.35923,-4.4931,8.1804,-2.3557,0.17378,-0.41329,0.62151,0.026553,-0.76612,0.27216,-6.7485,-6.7753,0.20961,-0.1961,0.078432,0.003924,0.33755,0.72312,0.31672,-6.1366,1.8094,-0.93987,-1.4679,-0.28369,1.9048,0.71811,-0.22844,0.13093,-7.925,-13.087,-4.8927,-0.40985,-0.38755,1.522,0.62697,0.35182,-0.15766
9.3108,0.84854,0.16478,0.25418,-0.21691,-0.054566,-0.77611,0.027353,0.36605,-3.4274,8.875,-1.6314,-0.17219,-0.27106,0.54628,0.012185,-0.7665,0.27281,-6.5133,-7.7926,0.81769,-0.24516,0.008852,0.009866,0.3379,0.71991,0.32357,-3.2441,0.60839,0.23008,-0.89393,-0.071246,1.5249,0.71197,-0.27797,0.12239,-5.4402,-14.158,-5.3093,-0.27828,-0.41246,0.74889,0.63014,0.33013,-0.18044
9.6595,0.60792,0.3524,0.26096,-0.19288,-0.144,-0.77361,0.026115,0.37251,-3.2036,8.7004,-2.1267,0.05777,0.063713,0.44569,-0.001497,-0.76773,0.2667,-6.3324,-8.0652,0.6687,-0.0539,-0.008271,-0.043795,0.33654,0.71901,0.32683,0.006093,-0.054612,2.232,-0.23938,0.073915,0.89135,0.70631,-0.31565,0.11996,-5.6771,-12.242,-5.8237,0.89192,0.26631,0.066784,0.63288,0.31954,-0.18904
9.8227,0.083216,-0.30638,0.22559,-0.1179,-0.24472,-0.77198,0.023357,0.3776,-4.0969,8.3996,-3.5359,-0.16556,0.12177,0.27777,-0.012961,-0.76941,0.26753,-6.4097,-8.0876,-0.10961,0.063805,-0.17376,-0.19062,0.33342,0.72019,0.32536,1.1873,-0.22992,2.2259,0.12478,0.17262,-0.10775,0.70159,-0.32547,0.12348,-6.4524,-11.238,-3.4731,1.1711,0.27975,-0.33868,0.63495,0.31664,-0.19067
9.8394,0.54925,-0.16145,0.36689,-0.054292,-0.17547,-0.76959,0.019048,0.38191,-4.431,6.2915,-2.8184,-0.12421,-0.048618,0.24241,-0.024713,-0.77002,0.25849,-6.5002,-6.3577,-0.36848,-0.056758,-0.35225,-0.26958,0.33081,0.72438,0.32155,0.3593,0.44683,1.0305,0.93113,0.55788,-0.92905,0.69932,-0.30361,0.13739,-6.232,-9.9957,-2.3304,1.2833,0.1693,-0.67087,0.63228,0.32381,-0.189
10.283,0.1135,0.46583,0.39436,0.02501,0.063231,-0.76804,0.023496,0.38072,-4.4764,7.3105,-2.4616,0.021273,0.096437,0.17721,-0.031169,-0.76986,0.26023,-7.1231,-7.0401,0.039834,-0.14022,-0.43765,-0.2807,0.32608,0.72522,0.32102,-3.0576,2.0124,0.067222,1.7275,0.9692,-1.5452,0.69669,-0.2578,0.17167,-6.8543,-9.3892,-4.0427,1.0945,0.18444,-1.0943,0.63399,0.33519,-0.18943
9.9175,1.4516,0.053923,0.48671,0.22033,0.32698,-0.77048,0.037532,0.37836,-4.5498,7.0543,-2.6285,-0.24488,0.37302,0.13636,-0.037737,-0.77158,0.25478,-6.9533,-6.7794,0.36306,-0.18628,-0.37479,-0.22227,0.32593,0.72669,0.31805,-6.5392,2.8749,-1.4293,2.0317,0.85225,-1.964,0.6941,-0.20012,0.20819,-7.9698,-9.5821,-2.9264,0.35968,0.066719,-1.4717,0.6266,0.35728,-0.18874
9.4513,0.9781,0.83821,0.67373,0.24346,-0.010321,-0.77337,0.048209,0.37006,-5.2035,8.4605,-3.5691,-0.44231,0.259,0.092087,-0.045165,-0.77607,0.24029,-6.2594,-8.5315,1.7489,-0.33071,-0.37121,-0.2286,0.32626,0.72479,0.3246,-9.1393,2.0257,-3.5066,1.7509,0.45751,-2.214,0.68582,-0.12674,0.2274,-8.4356,-10.793,-2.1306,0.31227,0.043546,-1.7247,0.61492,0.39986,-0.18238
9.5907,1.9121,0.43497,0.50794,0.22756,-0.010454,-0.77696,0.058648,0.3612,-5.6373,8.5385,-3.6419,0.31505,-0.11492,-0.004242,-0.047054,-0.77813,0.23891,-6.1238,-7.971,1.614,0.087276,-0.39925,-0.25193,0.32427,0.72806,0.31792,-11.827,2.7615,-4.4468,1.4248,0.099972,-2.3716,0.67333,-0.054831,0.23208,-8.5773,-10.449,-2.162,0.79288,0.059409,-2.0912,0.59399,0.44785,-0.17993
9.7924,0.66372,0.95814,0.31562,0.03955,-0.17771,-0.77662,0.063953,0.35766,-4.7266,9.6877,-2.185,0.21826,-0.43744,-0.32047,-0.037826,-0.77681,0.25461,-6.4254,-8.3093,1.5762,0.057703,-0.40423,-0.36867,0.31938,0.73064,0.31416,-14.521,3.77,-4.2169,0.60713,-0.44168,-2.4422,0.65621,0.024741,0.22509,-7.0313,-9.0005,-1.7285,0.77736,-0.042247,-2.3042,0.56071,0.51085,-0.18126
10.368,2.6014,0.6468,0.00897,-0.073115,-0.19578,-0.7775,0.058718,0.35874,-4.248,9.6437,-0.64618,0.22947,-0.38329,-0.37173,-0.021865,-0.77605,0.26401,-5.5957,-7.3122,1.102,-0.21449,-0.32757,-0.3314,0.31535,0.73606,0.30999,-14.22,6.4535,-3.5235,0.26248,-0.39014,-2.2472,0.64067,0.080387,0.20046,-4.6654,-5.4641,-1.41,0.30286,0.19357,-2.1326,0.52465,0.56392,-0.18195
9.3382,0.62379,0.73805,0.030248,-0.23764,-0.26725,-0.77506,0.050155,0.3612,-4.6918,9.8041,-0.71622,-0.17098,-0.20372,-0.29996,-0.008428,-0.77613,0.26542,-5.0401,-9.123,1.8632,-0.004939,-0.091969,-0.20882,0.31052,0.73713,0.31237,-15.731,10.298,-2.4775,0.45935,-0.41289,-1.5503,0.6269,0.11759,0.17462,-4.5211,-4.5701,-0.88217,-0.22317,0.36182,-1.7803,0.49092,0.6044,-0.17533
9.7388,1.7917,0.592,-0.10149,-0.21645,-0.37324,-0.7748,0.037777,0.36576,-4.572,7.7074,-0.34105,-0.27857,-0.001279,-0.083059,-0.000531,-0.78012,0.25583,-2.9362,-4.682,0.2432,-0.13399,0.33112,-0.31658,0.30203,0.74205,0.31039,-13.095,11.528,-3.3939,-0.2477,-0.41545,-0.75959,0.6218,0.13862,0.15362,-3.0652,-3.7675,0.51934,-0.12651,0.36079,-1.4719,0.45741,0.64108,-0.16109
8.4187,1.3594,0.19119,0.22837,-0.23359,0.042983,-0.77006,0.037127,0.37379,-4.843,10.129,-1.5955,-0.36126,-0.1101,0.054229,-0.000879,-0.77936,0.25199,-3.4008,-9.0201,-0.40231,-0.60816,0.33189,-0.63206,0.27973,0.74244,0.33171,-10.709,9.9193,-2.0911,0.11664,-0.24215,0.2481,0.62574,0.14314,0.14277,-0.49933,-1.8174,1.2852,0.090252,0.23244,-0.77982,0.43179,0.66334,-0.15373
7.3365,4.4344,0.39697,0.40063,-0.29716,0.35631,-0.76616,0.050569,0.38169,-4.3283,8.7055,-1.1613,-0.70074,-0.14411,0.16523,-0.002426,-0.78664,0.2224,-3.3938,-7.8293,0.36194,-0.21772,0.74085,-0.66247,0.25256,0.7432,0.34718,-10.335,6.5727,-3.2355,-0.47735,-0.15161,0.72972,0.6335,0.12885,0.14304,0.97678,-1.525,1.1466,-0.10327,-0.053012,0.13069,0.42157,0.66932,-0.1469
10.201,1.6927,0.34117,-0.61751,0.14943,0.055882,-0.76284,0.056353,0.38853,-4.2713,9.211,-1.8975,-0.84131,-0.20061,0.13058,-0.007299,-0.79334,0.19917,-4.7832,-9.4969,-1.3661,-0.55647,1.2757,-0.54746,0.21797,0.74551,0.36679,-10.323,7.1125,-3.1533,0.11687,0.094202,0.89042,0.64385,0.11304,0.15154,-0.51867,-3.7479,0.054367,-0.35395,-0.37861,1.0597,0.43504,0.65505,-0.14956
10.832,0.66343,2.6597,-2.2877,0.24206,0.16461,-0.76393,0.038593,0.3851,-5.0456,7.491,-2.6733,-0.77261,-0.31316,0.22328,-0.010483,-0.7969,0.17623,-5.4757,-9.8844,-0.056855,0.72761,1.3492,-0.025016,0.19183,0.7504,0.36999,-11.603,6.1782,-3.3656,-0.2518,0.19922,1.0251,0.65587,0.097343,0.1633,-1.5701,-4.4618,-1.624,-0.5925,-0.43553,1.7641,0.46423,0.62722,-0.15697
10.552,1.7539,-2.7075,-1.2492,-0.11937,0.61784,-0.76263,0.017759,0.39355,-5.1739,8.1061,-2.5109,-0.36144,-0.4013,0.5147,-0.020915,-0.80017,0.15971,-5.037,-7.294,0.2837,0.28155,1.7375,-0.11976,0.16543,0.76117,0.36068,-11.39,5.2348,-3.5703,-0.53274,-0.17353,1.4176,0.67102,0.066419,0.16741,-4.0893,-5.3889,-2.3116,-1.4328,-0.25088,2.1457,0.50451,0.58717,-0.14252
10.306,1.5316,-0.34552,-0.76079,-0.25292,0.77056,-0.7614,0.026005,0.39678,-5.0689,8.1588,-1.8975,-0.15438,-0.38159,0.58606,-0.036994,-0.80094,0.15057,-5.7865,-10.909,0.69712,0.47151,1.7597,0.036273,0.13809,0.76426,0.36514,-12.445,5.7688,-3.1119,-0.83973,-0.15123,1.8299,0.68699,0.022544,0.17319,-6.8408,-6.2545,-3.1972,-1.3679,-0.15505,2.4414,0.54629,0.53508,-0.12457
9.8442,0.48615,0.79322,-0.4474,-0.16366,0.62101,-0.76133,0.0289,0.40068,-5.2318,8.6342,-1.9134,0.1793,-0.6346,0.60334,-0.05208,-0.80045,0.1526,-5.6739,-8.1624,0.25004,1.0505,1.5139,-0.09133,0.11359,0.77573,0.34308,-12.839,5.3921,-3.1044,-1.1771,-0.20317,2.261,0.70126,-0.040004,0.17814,-9.593,-7.8466,-3.5618,-0.98656,-0.30027,2.5059,0.58928,0.46799,-0.11652
9.5835,0.37078,0.52189,-0.33596,-0.43867,0.49554,-0.75604,0.037362,0.40908,-4.4671,7.4148,-0.0112,0.35799,-0.74979,0.62439,-0.067526,-0.80045,0.16237,-5.6765,-9.4565,0.16004,0.84245,1.0988,-0.002456,0.093884,0.78558,0.32043,-10.499,3.9282,-2.3655,-1.5239,-0.41499,2.4586,0.7115,-0.11277,0.17282,-10.915,-9.8952,-3.4552,-0.34924,-0.53641,2.4365,0.61467,0.40756,-0.12842
9.0046,1.6536,-4.1897,0.35851,-0.32358,0.58603,-0.74613,0.054995,0.4288,-4.0336,8.3309,0.051544,0.81709,-0.69414,0.56953,-0.081273,-0.79524,0.18735,-5.8508,-8.5762,-0.058411,1.15,0.6366,-0.008312,0.081849,0.79963,0.2936,-6.8285,2.454,-1.4797,-1.4874,-0.3835,2.2202,0.71617,-0.18405,0.1545,-9.7188,-11.274,-3.7899,-0.364,-0.49477,1.9479,0.62728,0.35951,-0.15026
9.5846,-0.62493,1.2616,-0.38825,-0.53662,0.29617,-0.74142,0.058727,0.43383,-3.0974,9.1394,0.30889,0.79803,-0.70361,0.46855,-0.092175,-0.78752,0.2169,-5.6637,-7.9932,-0.63053,0.71661,0.37455,-0.083415,0.072144,0.80994,0.2651,-5.2804,1.121,-0.51673,-1.0767,-0.24943,1.8255,0.71337,-0.24671,0.14097,-7.8871,-13.66,-3.2797,-0.84744,-0.6013,1.2331,0.63255,0.33005,-0.16798
9.8208,-0.95683,-1.4547,0.30132,-0.30821,-0.12716,-0.7357,0.060198,0.44513,-2.8204,9.8602,-0.33262,0.42993,-0.52918,0.32503,-0.10142,-0.7821,0.23569,-5.2035,-9.0464,-0.92797,0.76116,0.11363,-0.052068,0.068156,0.81633,0.24158,-1.7178,0.24609,0.42622,-0.52692,-0.054085,1.3299,0.70687,-0.29475,0.13441,-5.4705,-14.194,-5.6686,0.013821,-0.2515,0.4137,0.63183,0.31737,-0.1854
9.7012,-0.471,-0.42282,0.65742,-0.68554,-0.23261,-0.72677,0.058975,0.45846,-2.7734,9.3939,-1.1584,0.16624,-0.46476,0.26167,-0.10597,-0.77832,0.24888,-4.8478,-9.041,-0.886,0.27014,0.077067,-0.034942,0.069561,0.81932,0.22416,1.3072,-0.39365,2.0334,-0.13315,0.020062,0.46291,0.69714,-0.32812,0.12951,-6.6342,-12.064,-4.2106,1.0881,0.18982,-0.21235,0.6325,0.30706,-0.1981
9.8349,-0.7965,-0.81192,-0.58666,-0.27399,0.01744,-0.71665,0.052149,0.47621,-2.0564,9.3747,-1.227,0.4242,-0.33861,0.15185,-0.10795,-0.77528,0.26118,-4.4435,-8.9169,-0.83313,0.22312,0.017681,0.081586,0.071214,0.8222,0.21667,1.6704,-0.14929,1.3351,0.54633,0.31417,-0.50209,0.69388,-0.32277,0.13359,-6.1727,-10.084,-2.8526,1.0444,0.091278,-0.63104,0.63545,0.30993,-0.20318
9.8828,-0.89474,-2.2895,-0.2571,-0.19229,-0.042725,-0.71023,0.044418,0.48517,-2.2847,9.0566,-1.6066,0.47884,-0.12317,0.036864,-0.1094,-0.76937,0.27397,-4.6839,-8.0124,-0.77916,0.14777,0.044689,0.091287,0.069097,0.82232,0.21249,-0.96325,1.6445,0.36482,1.4895,0.81904,-1.2428,0.69574,-0.29346,0.1591,-6.5701,-10.261,-2.8897,0.97824,0.018042,-0.96403,0.63449,0.32072,-0.19978
9.8676,-0.52736,-1.4889,0.092388,0.83357,-0.11592,-0.71842,0.04423,0.47066,-2.6328,9.0307,-1.7619,0.22151,-0.005001,-0.022699,-0.10878,-0.76675,0.2834,-4.9189,-7.5089,-0.61055,0.13142,0.085317,0.011842,0.071712,0.82251,0.20893,-5.0368,2.9685,-0.844,1.9253,0.9662,-1.8141,0.6921,-0.23646,0.20021,-7.3188,-9.6274,-3.6627,0.84288,0.068244,-1.3466,0.62767,0.3431,-0.20042
10.318,-0.49292,0.11893,0.36771,0.90496,-0.31271,-0.73578,0.042063,0.44566,-2.9684,9.074,-1.1902,-0.050188,0.20902,-0.22565,-0.10455,-0.76752,0.28391,-5.6228,-7.7655,-0.48228,0.060982,0.15213,-0.20471,0.067894,0.82321,0.2063,-7.9831,2.7096,-2.7338,1.8184,0.60747,-2.1352,0.68617,-0.16566,0.22817,-7.6483,-10.198,-2.5192,0.42974,0.014532,-1.665,0.61769,0.37729,-0.19627
10.229,-0.32264,0.32828,0.38793,0.90561,-0.39476,-0.74939,0.031273,0.41992,-3.722,9.2242,-1.6268,0.074115,0.34693,-0.39501,-0.097927,-0.76498,0.28817,-5.7393,-8.2953,0.055754,0.18218,0.177,-0.37065,0.059673,0.82395,0.20204,-10.631,2.6752,-4.1976,1.5527,0.2595,-2.2709,0.67628,-0.078991,0.24382,-8.2105,-10.359,-2.5889,0.44584,0.092249,-2.0396,0.59972,0.42718,-0.19349
9.8345,-0.13525,0.58019,0.36729,0.56111,-0.42798,-0.76102,0.025951,0.39869,-3.8225,9.672,-1.9607,0.33047,0.26003,-0.5007,-0.087118,-0.76403,0.29439,-5.9304,-9.3295,0.46696,0.20956,0.10069,-0.30558,0.047537,0.82694,0.19827,-12.654,3.7258,-4.4495,0.96504,-0.1491,-2.5197,0.66389,-0.009476,0.2363,-7.992,-9.7934,-2.2848,0.54021,0.12762,-2.208,0.57526,0.48033,-0.18856
9.419,0.31974,0.64715,0.5188,0.60098,-0.44803,-0.76968,0.026912,0.38036,-3.7966,9.022,-1.4386,0.40937,0.10926,-0.43464,-0.075834,-0.7624,0.29984,-5.7031,-8.6083,1.1205,0.1337,0.032029,-0.18646,0.037801,0.82998,0.19171,-13.339,4.974,-4.0444,0.35823,-0.48591,-2.4229,0.65033,0.042911,0.21455,-5.8293,-7.1249,-1.3146,0.51245,0.17086,-2.158,0.54526,0.52983,-0.18643
6.8908,-2.0277,-24.346,2.6346,2.1065,-0.56264,-0.79042,0.036443,0.34312,-3.4201,8.4913,-0.038747,0.40324,0.11669,-0.16687,-0.068621,-0.75969,0.30767,-5.1088,-8.6849,1.4853,0.14293,-0.082323,-0.028437,0.036065,0.83061,0.18753,-15.055,7.6801,-3.4816,0.51863,-0.35117,-2.019,0.6356,0.093192,0.19049,-4.844,-4.8665,-1.1649,0.11621,0.3695,-1.9102,0.51035,0.57886,-0.18135
7.2476,0.59027,2.2068,0.38703,0.21102,-0.16577,-0.81239,0.04445,0.27516,-4.5244,8.6624,-1.2697,0.50333,-0.028978,-0.032626,-0.066206,-0.75289,0.3267,-4.5599,-8.996,1.4746,0.3723,-0.1001,0.097328,0.038984,0.83449,0.17995,-15.532,12.863,-3.962,0.046522,-0.38852,-1.2153,0.62371,0.12684,0.16515,-4.1604,-4.3206,-0.068485,-0.24771,0.49438,-1.6836,0.4774,0.62085,-0.16221
9.4839,1.7912,1.2317,0.61911,-0.74911,-0.077213,-0.8075,0.043075,0.2859,-3.1379,11.326,-1.0254,0.015335,0.5235,0.063869,-0.074946,-0.74763,0.33306,-3.8564,-8.438,1.1333,0.50152,-0.073493,0.14283,0.044231,0.83681,0.16313,-11.296,10.692,-2.629,-0.66698,-0.61262,-0.21764,0.62384,0.14249,0.14361,-2.3807,-2.5185,1.3412,-0.044788,0.38289,-1.1819,0.44011,0.65444,-0.15033
9.7071,1.627,1.0831,0.45992,-0.40376,-0.14457,-0.80083,0.044075,0.30481,-3.984,10.323,-2.7657,-0.87084,0.29459,-0.074431,-0.077424,-0.75557,0.30789,-3.4108,-8.1096,0.91914,0.35795,0.011852,0.048501,0.048945,0.83886,0.14832,-10.362,7.776,-2.2318,-0.42362,-0.11031,0.60501,0.63251,0.13285,0.14086,0.17662,-0.91753,1.5456,0.021101,0.034827,-0.38424,0.42294,0.66775,-0.14871
