9.6304,0.40303,-0.4299,-0.067412,-0.022129,-0.010443,-0.76746,-0.018102,0.39107,1.987,1.9416,9.2397,0.023018,-0.007892,0.082503,-0.47021,0.055066,-0.61973,1.0137,-1.1115,9.6964,-0.01255,0.013122,0.073661,-0.46737,0.46709,-0.59831,0.21177,-0.06026,0.32996,1.1712,0.68003,-0.98136,0.69419,-0.30939,0.15626,-6.3907,-10.101,-2.3512,1.1826,0.14652,-0.85695,0.63545,0.32441,-0.19716
10.115,0.67893,0.008333,0.12684,0.028776,-0.078716,-0.76789,-0.020172,0.39053,1.5724,1.7706,9.5037,0.098904,0.090814,0.080538,-0.46859,0.057074,-0.62086,0.8995,-1.4613,10.053,0.12461,-0.006739,0.000402,-0.46659,0.46851,-0.60035,-3.3085,1.488,-0.16265,1.7565,0.94643,-1.6461,0.69218,-0.25905,0.19374,-6.6458,-9.5726,-3.7214,1.0994,0.13981,-1.2221,0.62971,0.34389,-0.20014
10.3,0.94799,0.90686,0.25163,0.20555,-0.29902,-0.76729,-0.020401,0.38906,1.4463,1.3366,9.5131,0.17648,0.1569,0.076613,-0.4647,0.054909,-0.62205,0.47071,-1.4565,9.9436,-0.024754,-0.05145,-0.1042,-0.46766,0.46553,-0.59892,-5.8837,1.9779,-1.4005,1.9008,0.90402,-2.1404,0.6855,-0.19346,0.22857,-7.619,-10.097,-2.0357,0.70231,0.068297,-1.545,0.62097,0.37321,-0.20003
10.225,0.82289,0.84579,0.057727,0.48374,-0.37619,-0.77255,-0.030783,0.37878,1.4531,1.7336,9.651,0.091354,0.17834,-0.011432,-0.4597,0.05038,-0.62733,0.49946,-1.2017,9.9982,-0.042487,-0.11758,-0.19264,-0.47262,0.46387,-0.59646,-9.3209,1.4754,-2.8797,1.754,0.52096,-2.4326,0.67519,-0.10205,0.256,-7.3949,-10.629,-1.7943,0.59738,-0.029193,-1.8204,0.60575,0.41503,-0.19956
9.7494,0.78405,0.39424,0.036359,0.40002,-0.3276,-0.77788,-0.040147,0.36456,1.3678,1.61,9.6427,0.12171,0.13743,-0.033273,-0.45637,0.044965,-0.62953,0.73821,-0.99346,9.6559,0.10198,-0.20689,-0.13957,-0.47865,0.46043,-0.59515,-13.818,3.8768,-3.843,1.473,-0.082188,-2.5792,0.66193,-0.023924,0.25093,-7.304,-10.077,-1.7016,0.40021,-0.14289,-2.0848,0.58225,0.4644,-0.20031
9.3318,0.9194,0.73518,0.098729,0.43269,-0.26201,-0.78577,-0.046095,0.35048,1.6198,1.4651,9.5074,0.14007,0.12553,-0.086819,-0.4535,0.043498,-0.6325,1.0118,-1.3054,9.5237,0.14551,-0.23498,-0.040612,-0.48588,0.45688,-0.59237,-15.666,5.9388,-3.6273,0.47075,-0.63086,-2.3514,0.64716,0.035864,0.23297,-6.7316,-8.4751,-1.2692,0.1772,-0.070166,-2.2035,0.55253,0.51673,-0.1954
9.6787,1.8645,0.83349,0.24179,0.3734,-0.34722,-0.78927,-0.055645,0.33769,1.3497,1.7175,9.4753,0.18547,0.14166,-0.15114,-0.4495,0.03626,-0.63489,1.0165,-1.3277,9.7638,0.19517,-0.19181,-0.074033,-0.49161,0.45161,-0.59252,-12.994,6.4287,-3.4691,0.19002,-0.56995,-1.9936,0.63425,0.084173,0.20171,-4.9442,-5.7264,-1.3586,-0.045586,0.064885,-1.975,0.51668,0.56817,-0.1877
9.5233,2.309,1.171,0.22256,0.15663,-0.35177,-0.78995,-0.062938,0.3323,1.064,1.8423,9.7294,0.10636,0.094711,-0.16322,-0.44528,0.031783,-0.63759,1.2553,-1.3217,9.7917,0.064404,-0.12849,-0.18173,-0.49638,0.44682,-0.59136,-15.189,9.2985,-3.0361,0.76087,-0.34732,-1.3242,0.62209,0.12089,0.17741,-4.4777,-5.0521,-0.40001,-0.12892,0.19424,-1.6712,0.48168,0.61171,-0.1774
9.3,2.2377,0.92258,-0.026628,0.07623,-0.1767,-0.79176,-0.067653,0.32861,0.99376,1.6674,9.8059,0.048433,0.047317,-0.12923,-0.44794,0.026308,-0.63921,1.1214,-1.4182,9.8109,-0.023755,-0.072345,-0.23476,-0.50421,0.44109,-0.59046,-12.878,12.359,-4.5687,0.57229,-0.24728,-0.34187,0.61902,0.14721,0.15331,-2.5857,-3.0925,0.68325,0.008094,0.32523,-1.3071,0.44488,0.64721,-0.16728
9.009,2.1806,0.94985,-0.065902,-0.11808,-0.10754,-0.78951,-0.073725,0.33023,1.435,1.7711,9.4105,0.014019,-0.017835,-0.12744,-0.44708,0.022176,-0.64106,1.2356,-0.97104,9.3208,0.001816,-0.023376,-0.17979,-0.50725,0.43624,-0.59035,-11.25,9.9398,-3.798,-0.61737,-0.34816,0.49774,0.62397,0.14323,0.14347,-0.43891,-0.66814,0.9801,0.068446,0.19608,-0.58917,0.4258,0.66462,-0.16149
8.9512,2.4781,0.7872,-0.039687,-0.23266,-0.007613,-0.78596,-0.076914,0.33594,1.2287,2.1079,9.4715,-0.016279,-0.003814,-0.14133,-0.44616,0.018335,-0.63936,1.0985,-0.64515,9.4157,-0.005309,0.070402,-0.10543,-0.50816,0.43484,-0.59061,-9.973,5.7376,-3.9254,-0.45332,-0.13504,0.71187,0.63488,0.12984,0.14973,0.40701,-1.0158,0.99346,-0.12591,-0.12497,0.36936,0.42292,0.66698,-0.16001
9.5633,2.8352,1.0329,-0.045198,-0.17491,0.070646,-0.78475,-0.076011,0.34086,1.2777,2.2213,9.5768,-0.022096,0.023295,-0.073533,-0.44484,0.018859,-0.63903,1.0059,-0.80065,9.7055,0.057973,0.09857,-0.021439,-0.50646,0.43139,-0.5922,-10.663,6.4821,-3.2422,0.023433,0.20724,0.87509,0.64449,0.11448,0.16057,-0.71351,-2.8284,-0.44995,-0.50703,-0.45205,1.3419,0.44222,0.64714,-0.16144
9.8745,2.793,1.7065,-0.087177,-0.14077,0.17447,-0.78144,-0.072297,0.34732,0.96054,2.0219,9.6955,0.051776,0.020861,0.076041,-0.4455,0.019447,-0.64144,1.0207,-1.0318,9.8858,-0.00999,0.10652,0.027936,-0.50395,0.43156,-0.59296,-11.991,6.1929,-3.5237,-0.48707,-0.034184,1.2819,0.65749,0.088634,0.17214,-2.8,-4.5174,-1.745,-1.0136,-0.50999,2.0312,0.47815,0.61378,-0.15748
9.6501,2.4404,1.3966,-0.36242,-0.020524,0.32766,-0.78092,-0.066428,0.35231,0.81976,1.8175,9.8566,-0.032964,-0.043509,0.088797,-0.44649,0.020123,-0.63784,0.94268,-0.94868,9.8196,-0.032101,0.14337,0.016492,-0.49992,0.43211,-0.59862,-11.931,6.155,-3.3574,-0.78537,-0.12866,1.6633,0.67773,0.039759,0.17826,-5.4712,-6.3378,-3.1623,-1.384,-0.10434,2.4376,0.52654,0.5599,-0.1456
9.6133,2.3238,1.0001,-0.33954,-0.11138,0.39463,-0.77979,-0.061246,0.3534,1.5431,1.8502,9.5865,-0.1317,-0.15765,0.033105,-0.4491,0.023355,-0.63699,1.1965,-0.97583,9.3863,-0.11871,0.21111,0.062534,-0.49513,0.43364,-0.59956,-12.195,5.4544,-2.8892,-0.98514,-0.15791,2.143,0.69357,-0.015521,0.18339,-8.546,-8.1746,-3.6003,-1.2031,0.063998,2.4416,0.56694,0.50455,-0.12721
9.5883,1.7902,1.0711,0.012316,-0.42383,0.33624,-0.77911,-0.053039,0.35878,1.3167,2.2385,9.5286,-0.11173,-0.19985,0.062961,-0.45241,0.028107,-0.63451,0.50613,-0.6761,9.52,-0.07694,0.20661,0.071239,-0.48992,0.43761,-0.60288,-12.627,5.3021,-2.7402,-1.208,-0.18705,2.6192,0.70166,-0.076008,0.18459,-10.391,-9.6304,-3.5308,-0.37159,-0.14952,2.4281,0.5966,0.452,-0.12215
9.6019,1.4718,1.0094,0.068224,-0.42431,0.40197,-0.77374,-0.040432,0.37379,1.2432,2.067,9.4058,-0.1074,-0.17118,0.10928,-0.45704,0.034282,-0.63173,0.67413,-0.72603,9.785,-0.16977,0.22315,0.11183,-0.48269,0.44283,-0.60316,-8.7456,3.2446,-2.0897,-1.7406,-0.43123,2.5781,0.70844,-0.15861,0.17635,-9.5078,-10.136,-3.2034,-0.013057,-0.43469,2.2784,0.619,0.39225,-0.14347
9.3931,1.1055,0.39363,-0.10575,-0.17353,0.30939,-0.77044,-0.030652,0.38292,1.4206,1.5025,9.3119,-0.051327,-0.10045,0.11804,-0.45904,0.039431,-0.62905,0.77693,-1.1741,10.159,0.002775,0.16994,0.18255,-0.4737,0.44788,-0.6064,-4.9223,1.4523,-0.33011,-1.6903,-0.38774,1.8995,0.709,-0.23079,0.15611,-8.4615,-11.997,-2.3689,-0.38239,-0.51249,1.7991,0.63042,0.34658,-0.16837
9.6935,1.2906,-0.18488,-0.18994,-0.11583,0.15582,-0.76733,-0.024427,0.38828,1.6022,1.4608,9.3882,-0.03782,-0.007078,0.082881,-0.46113,0.044628,-0.62809,0.83589,-1.3634,9.9868,-0.031234,0.08815,0.19648,-0.46813,0.45188,-0.6094,-2.632,-0.59598,0.18336,-0.98694,-0.14888,1.3978,0.70432,-0.2945,0.13719,-6.507,-15.809,-4.3111,-0.94962,-0.73112,0.69387,0.63504,0.31687,-0.19137
9.7804,0.85928,0.044276,0.012897,-0.20469,0.041577,-0.76545,-0.026465,0.39554,1.7304,1.3292,9.5269,-0.042919,0.030026,0.08135,-0.46141,0.047502,-0.62789,0.50758,-1.6626,9.8257,-0.073343,0.025447,0.17146,-0.46319,0.45758,-0.60969,0.40018,-1.354,1.3706,-0.14317,0.1264,0.79424,0.69682,-0.32813,0.13532,-5.9213,-14.126,-5.8881,0.52507,0.040782,-0.3026,0.63524,0.31534,-0.19969
9.8547,0.54945,-0.44217,0.034334,-0.21135,-0.10705,-0.76227,-0.02797,0.4019,1.4141,1.9726,9.8536,-0.027449,-0.005248,0.10242,-0.46089,0.04907,-0.62763,0.35085,-1.1516,9.7019,-0.009822,0.0156,0.11852,-0.46185,0.45987,-0.60841,1.3164,-0.81069,1.471,0.41797,0.14047,-0.24676,0.69365,-0.3294,0.14234,-6.2731,-10.469,-4.1434,1.3965,0.18639,-0.61487,0.63418,0.32016,-0.20224
10.046,0.24303,-0.15917,0.008417,-0.046435,0.009878,-0.76053,-0.029744,0.40415,1.5533,1.4849,9.4269,0.016875,-0.026844,0.055645,-0.46204,0.049963,-0.62706,0.97788,-1.6455,9.7983,0.001218,-0.004185,0.063867,-0.4605,0.46163,-0.60687,0.38259,0.16511,0.40818,1.398,0.64787,-1.1615,0.69348,-0.30168,0.16218,-6.4436,-9.919,-3.1884,1.1719,0.19216,-0.90546,0.63383,0.3262,-0.20586
10.464,0.63706,0.51808,0.39857,0.003892,-0.14111,-0.75954,-0.026127,0.40525,1.417,1.5517,9.6621,0.032901,0.022028,-0.004701,-0.46085,0.050613,-0.62661,0.26526,-1.264,10.265,0.028936,-0.050688,-0.028222,-0.4608,0.46087,-0.60762,-3.5169,1.2034,-0.46667,1.969,1.006,-1.8778,0.69167,-0.24383,0.20058,-7.1923,-9.3458,-3.7599,1.0089,0.21731,-1.3243,0.62886,0.34672,-0.20372
10.211,0.89715,0.83124,0.029851,0.44256,-0.24746,-0.76262,-0.028061,0.40054,1.5381,1.5145,9.3176,0.085582,0.039195,-0.065502,-0.46088,0.048546,-0.62762,0.63116,-1.2455,9.8007,-0.072403,-0.12224,-0.12111,-0.46441,0.46057,-0.60361,-6.7496,1.4235,-2.3627,2.0854,0.9137,-2.3549,0.68345,-0.16309,0.24101,-7.1615,-9.7703,-2.042,0.57271,0.083376,-1.5665,0.61607,0.38345,-0.19877
9.8984,0.75345,0.33548,-0.046831,0.63051,-0.29403,-0.76928,-0.036636,0.38166,1.2962,1.5623,9.4694,0.055775,0.11145,-0.084465,-0.459,0.044363,-0.62744,0.34329,-1.1009,9.8867,0.11951,-0.20858,-0.079621,-0.46906,0.45941,-0.60013,-12.081,3.1482,-3.7473,1.9183,0.44635,-2.4821,0.67097,-0.080679,0.2596,-7.3052,-10.651,-2.002,0.41308,0.099182,-1.9069,0.60012,0.42657,-0.19525
9.8899,0.56054,0.4237,0.31904,0.40401,-0.35458,-0.77657,-0.043208,0.36626,1.5342,1.5327,9.5753,0.10584,0.097232,-0.090249,-0.45652,0.040677,-0.63077,0.85068,-1.2315,9.5348,0.077234,-0.2703,-0.05493,-0.47726,0.455,-0.59877,-15.418,4.3642,-3.5231,0.95154,-0.39228,-2.5106,0.65751,-0.009808,0.25056,-7.3489,-9.7988,-2.1798,0.16106,0.042289,-2.1029,0.58137,0.47524,-0.18667
9.7907,1.8272,0.68487,0.3515,0.57884,-0.34247,-0.78179,-0.049104,0.35418,1.3232,1.6589,9.5503,0.13634,0.086395,-0.10836,-0.4537,0.034731,-0.63287,0.63651,-1.5175,9.7957,0.16622,-0.29102,-0.042598,-0.48478,0.45318,-0.5967,-12.976,6.0902,-3.2133,0.15058,-0.83586,-2.2064,0.64578,0.046375,0.2204,-5.6664,-7.4856,-1.5175,0.12347,0.12657,-1.9801,0.5492,0.52778,-0.17834
9.4255,2.0876,1.1539,0.37081,0.40929,-0.41651,-0.7868,-0.054713,0.34103,1.2156,1.7845,9.6522,0.07895,0.043753,-0.13835,-0.45199,0.029922,-0.63373,1.2014,-1.0971,9.4376,0.029672,-0.24,-0.129,-0.49356,0.448,-0.59446,-13.763,6.8872,-2.6222,0.66132,-0.43096,-1.8416,0.63287,0.093663,0.19206,-5.8444,-6.7173,-0.9506,0.25243,0.14549,-1.7794,0.51792,0.57152,-0.17048
8.9802,2.1898,0.56916,0.20249,0.1363,-0.31714,-0.7868,-0.064756,0.33569,1.3041,1.4602,9.5346,0.023705,0.059692,-0.14495,-0.45105,0.02516,-0.63648,1.1046,-1.5875,9.6231,-0.043492,-0.12069,-0.13421,-0.5001,0.44416,-0.5905,-15.29,10.79,-4.6155,1.1905,-0.27556,-1.1197,0.62341,0.13453,0.16045,-4.0122,-4.6223,-0.032354,0.38486,0.2199,-1.554,0.48282,0.61567,-0.17043
9.064,2.4936,0.3927,-0.037815,0.011776,-0.16188,-0.78793,-0.069677,0.33459,1.4453,1.843,9.5907,-0.008964,0.012078,-0.14308,-0.45092,0.020469,-0.6373,1.1867,-1.1167,9.5795,0.014676,-0.066768,-0.10747,-0.50356,0.43998,-0.59106,-11.857,12.353,-5.6512,0.1686,-0.31219,0.081984,0.6228,0.14932,0.14446,-3.1003,-2.0688,1.3049,0.1321,0.25163,-1.1648,0.45267,0.64463,-0.16819
8.9798,2.27,0.89798,-0.09094,-0.005954,-0.043312,-0.7872,-0.072515,0.33302,1.0702,1.9742,9.5453,-0.00778,-0.028352,-0.10957,-0.45157,0.017919,-0.63532,1.1425,-0.83457,9.4394,-0.040793,0.00562,-0.1056,-0.506,0.43966,-0.58902,-10.718,7.8233,-4.7755,-0.83147,-0.16951,0.54612,0.62909,0.14115,0.14518,-0.3622,0.038851,1.6557,0.008524,0.042147,-0.47705,0.43751,0.65529,-0.16713
9.0416,2.5525,0.51229,-0.073997,-0.15707,0.070443,-0.78645,-0.072889,0.33698,1.4494,2.0469,9.5334,-0.060172,-0.073118,-0.093291,-0.45125,0.017108,-0.63437,1.1377,-0.98554,9.6718,0.023655,0.057056,-0.035672,-0.50528,0.43833,-0.58996,-10.154,6.1256,-3.6293,-0.46874,0.06655,0.52984,0.63695,0.12856,0.15195,0.12192,-1.0579,0.59254,-0.26819,-0.30753,0.57845,0.43815,0.65345,-0.16964
9.4974,2.9848,0.82448,-0.090727,-0.15188,0.16988,-0.78487,-0.068841,0.34134,1.3785,2.112,9.611,-0.035637,-0.045083,-0.013317,-0.454,0.01761,-0.63427,1.2105,-0.9865,9.9761,0.013092,0.074259,0.03767,-0.50376,0.43751,-0.59253,-11.381,6.5116,-3.812,-0.45776,0.10079,0.88491,0.64652,0.11104,0.16466,-1.4038,-3.2268,-0.94087,-0.75568,-0.57073,1.4886,0.46007,0.63054,-0.16916
9.9337,2.6889,1.6839,-0.15001,-0.13733,0.26922,-0.78161,-0.065237,0.34699,1.1368,1.8044,9.5546,-0.025518,-0.030234,0.077292,-0.45507,0.021584,-0.63152,1.089,-1.0876,9.8294,-0.002741,0.099408,0.027947,-0.50159,0.43719,-0.59482,-12.185,6.0864,-3.3474,-0.74719,-0.15077,1.3772,0.66528,0.067648,0.17415,-3.5077,-6.3052,-2.2698,-1.2006,-0.3727,2.0184,0.49499,0.59178,-0.15975
9.5228,2.3008,1.3574,-0.30652,-0.043787,0.3652,-0.78232,-0.057712,0.34908,1.0342,1.9636,9.72,-0.090672,-0.08565,0.10244,-0.45687,0.023248,-0.6306,1.1108,-0.94161,9.6266,-0.076006,0.15255,0.030646,-0.49842,0.43838,-0.59507,-12.265,5.9639,-2.8161,-0.94423,-0.14755,1.8078,0.68112,0.024421,0.18032,-5.8092,-6.6486,-3.5574,-1.3127,-0.037267,2.3241,0.53641,0.54635,-0.14408
9.6342,2.1228,1.2004,-0.1807,-0.22916,0.37894,-0.78177,-0.051655,0.3519,1.6366,1.7942,9.65,-0.16549,-0.18453,0.086603,-0.4586,0.029046,-0.62765,1.1576,-1.0821,9.3315,-0.18529,0.24311,0.050142,-0.49265,0.44262,-0.59642,-12.57,5.6343,-3.2196,-1.1516,-0.13272,2.4061,0.69374,-0.025164,0.18727,-8.4795,-8.3444,-4.2571,-1.2387,-0.006866,2.3995,0.57084,0.49593,-0.13069
9.8983,1.2827,1.3761,-0.013787,-0.44755,0.48955,-0.77635,-0.039595,0.36285,1.4049,1.9991,9.3919,-0.10578,-0.19231,0.11361,-0.46555,0.034145,-0.62446,0.36938,-0.46642,9.436,-0.13724,0.28016,0.04834,-0.48419,0.44612,-0.60015,-10.666,4.3658,-2.9999,-1.4741,-0.35666,2.6725,0.7032,-0.10398,0.1846,-10.078,-10.618,-3.5804,-0.48368,-0.32254,2.4054,0.5994,0.43901,-0.13219
9.7494,1.196,1.1431,-0.097054,-0.26968,0.48317,-0.77378,-0.025086,0.37612,1.4711,1.767,9.26,-0.109,-0.16053,0.10756,-0.46953,0.039941,-0.62204,0.87476,-1.2323,9.858,-0.15422,0.24821,0.095126,-0.47689,0.45083,-0.60156,-6.336,2.7861,-1.3654,-1.6995,-0.30054,2.3319,0.70699,-0.18468,0.17183,-8.9097,-10.781,-3.2847,-0.044011,-0.50832,2.153,0.62123,0.38301,-0.15494
9.3338,0.98138,0.049145,-0.27323,0.03774,0.34653,-0.77253,-0.014615,0.37961,1.554,1.3366,9.5016,-0.086737,-0.052777,0.10969,-0.47104,0.046415,-0.61975,0.4409,-1.3717,10.26,-0.060888,0.16521,0.15674,-0.46923,0.45673,-0.60604,-5.3343,1.787,-0.061119,-1.5013,-0.18187,1.7607,0.7046,-0.26463,0.16182,-8.0359,-12.918,-2.267,-0.55487,-0.60813,1.5852,0.63209,0.3341,-0.17711
9.4228,0.74463,-0.21287,-0.22348,0.014558,0.10775,-0.77421,-0.013132,0.37845,1.9522,1.4463,9.383,-0.048678,-0.005075,0.099045,-0.47184,0.051106,-0.61909,0.90673,-1.339,9.7429,-0.067235,0.12281,0.21155,-0.46126,0.46218,-0.60679,-1.3968,-0.80376,0.82369,-0.90845,-0.072224,1.1812,0.70002,-0.30906,0.14896,-5.9513,-14.757,-4.7696,-0.4389,-0.61065,0.53846,0.6337,0.31622,-0.1949
9.8821,0.22171,-0.056097,0.18163,-0.14571,0.052481,-0.77364,-0.011784,0.38158,1.6686,1.6827,9.6351,-0.045329,0.010965,0.12577,-0.47134,0.053988,-0.61899,0.31232,-1.5063,9.8787,0.01499,0.045461,0.21042,-0.45716,0.46531,-0.60858,-0.15121,-1.3438,2.0124,-0.13398,0.11415,0.44213,0.69337,-0.32888,0.14591,-7.011,-12.301,-4.9154,0.63778,0.1059,-0.30562,0.63443,0.3127,-0.20559
9.6455,0.52079,-0.26487,0.11675,-0.15092,-0.032424,-0.77034,-0.010414,0.38779,1.9691,1.4611,9.3321,0.061927,0.011242,0.16047,-0.47086,0.057664,-0.61916,0.39777,-1.3942,9.4672,-0.008737,0.000255,0.15735,-0.45266,0.46801,-0.60766,1.1456,-1.0212,1.4303,0.6026,0.3197,-0.5429,0.69251,-0.32308,0.15435,-6.8879,-10.991,-3.7442,0.98756,0.13862,-0.69257,0.63358,0.31552,-0.20756
9.8534,0.54739,0.080109,0.068648,-0.060315,-0.13407,-0.76663,-0.011073,0.39159,1.4263,1.5837,9.5554,0.089852,0.061512,0.069736,-0.46856,0.055625,-0.62057,0.58519,-1.52,9.9637,0.099959,-0.046517,0.077922,-0.44944,0.47076,-0.60681,-0.98578,0.4147,0.41043,1.5841,0.74414,-1.3319,0.69223,-0.28679,0.18133,-6.8706,-9.947,-3.1583,1.0597,0.12414,-1.1062,0.63082,0.33289,-0.21067
10.106,0.50677,0.46975,0.12789,0.11178,-0.25507,-0.76749,-0.017826,0.39053,1.6665,1.4841,9.5856,0.07097,0.083923,-0.002874,-0.46654,0.054637,-0.62214,0.534,-1.4783,9.9011,-0.016092,-0.065179,-0.044138,-0.45084,0.46872,-0.60682,-4.7313,1.6818,-1.2344,2.0762,1.0116,-1.9368,0.68696,-0.22161,0.21968,-7.3493,-9.3537,-3.4189,1.0944,0.14985,-1.3972,0.62212,0.36297,-0.20452
10.262,0.69724,0.69602,0.14093,0.29885,-0.34702,-0.77159,-0.02506,0.38419,1.5728,1.5961,9.4883,0.1114,0.15671,-0.06151,-0.46354,0.049524,-0.62582,0.32895,-1.3659,10.087,-0.01145,-0.10117,-0.13787,-0.45584,0.46824,-0.60516,-7.8733,1.7517,-2.9934,2.0789,0.83153,-2.2998,0.67879,-0.14503,0.24964,-7.1318,-9.8897,-2.1016,0.48619,0.18459,-1.685,0.61141,0.39799,-0.20081
9.9136,0.90079,0.51563,0.15505,0.38989,-0.3602,-0.77465,-0.03235,0.37465,1.3232,1.5091,9.4378,0.14027,0.19203,-0.054503,-0.45881,0.047921,-0.62815,0.47737,-1.0649,9.7463,0.026565,-0.15689,-0.15906,-0.46147,0.46608,-0.60336,-12.559,3.0879,-4.117,1.814,0.2945,-2.3491,0.66542,-0.071916,0.26701,-7.6808,-10.946,-2.5621,0.43784,0.20562,-2.1041,0.59507,0.43737,-0.19777
9.779,0.88649,0.65628,0.18226,0.38589,-0.37839,-0.77916,-0.041668,0.3633,1.5679,1.601,9.4786,0.1464,0.15837,-0.068904,-0.45376,0.043104,-0.6325,0.75348,-1.401,9.5608,0.07367,-0.20054,-0.10076,-0.46777,0.46249,-0.59964,-13.661,5.1683,-4.0214,0.78998,-0.42461,-2.4861,0.65248,-0.003959,0.24898,-7.0939,-9.6507,-2.1452,0.34091,0.079393,-2.2461,0.56715,0.49213,-0.19352
9.4185,1.8678,0.54054,0.20391,0.35311,-0.40103,-0.78111,-0.050287,0.35422,1.2005,1.6787,9.4645,0.17846,0.16641,-0.14743,-0.45044,0.036659,-0.63535,0.63118,-1.1821,9.648,0.11765,-0.19145,-0.1166,-0.47472,0.45948,-0.5989,-12.504,6.9802,-3.9401,0.17336,-0.60207,-2.3352,0.63977,0.051859,0.21851,-5.83,-6.7152,-1.5555,0.29549,0.16869,-2.1457,0.53173,0.54597,-0.18518
9.7224,1.8331,1.1918,0.19056,0.23603,-0.40139,-0.78672,-0.061406,0.3423,1.0491,1.8256,9.6806,0.10513,0.14757,-0.18249,-0.44442,0.02908,-0.63907,0.98713,-1.3297,9.744,0.050676,-0.13872,-0.15976,-0.4814,0.45528,-0.59773,-14.994,9.1191,-3.002,0.48731,-0.3016,-1.8217,0.62242,0.10444,0.1926,-4.2985,-4.9906,-1.1365,0.12973,0.24284,-1.7521,0.49218,0.60139,-0.17767
9.2207,2.6692,0.62633,0.01093,0.21187,-0.33775,-0.78806,-0.070397,0.33717,1.0891,1.6941,9.7969,0.084819,0.10547,-0.14699,-0.441,0.024085,-0.6422,0.95558,-1.5121,9.957,0.037682,-0.10919,-0.13855,-0.48751,0.45078,-0.5955,-14.543,11.268,-3.4304,0.37474,-0.35393,-0.91894,0.61325,0.13581,0.17138,-3.712,-4.3627,0.092963,0.077957,0.26825,-1.4075,0.46051,0.6352,-0.166
9.4564,2.1921,0.89363,-0.067355,0.037266,-0.23403,-0.78749,-0.077789,0.33508,1.1072,2.027,9.643,0.006306,0.043921,-0.12884,-0.43968,0.020049,-0.6427,0.84547,-1.0738,9.6054,-0.007116,-0.073998,-0.17384,-0.49132,0.447,-0.59533,-11.372,10.584,-3.6962,0.027287,-0.32885,0.19628,0.61769,0.14563,0.16122,-1.7291,-1.9038,1.4182,0.33327,0.33694,-0.86592,0.43918,0.65345,-0.16852
9.0552,2.2709,0.51803,-0.006083,-0.11132,-0.099298,-0.78578,-0.082418,0.33666,1.3514,1.9915,9.4644,0.047708,0.001967,-0.079579,-0.43889,0.018095,-0.64289,1.0797,-1.1352,9.385,0.016131,-0.033529,-0.091531,-0.4955,0.44533,-0.595,-10.651,6.7483,-4.1202,-0.25103,-0.055756,0.68618,0.62563,0.13425,0.16003,0.37122,-0.26264,1.4357,0.073748,0.062835,-0.080322,0.42995,0.6602,-0.17178
9.0197,2.8182,0.83469,-0.021157,-0.11662,0.030237,-0.78401,-0.082051,0.34188,0.97646,2.2313,9.5313,-0.029616,0.011143,-0.042466,-0.43969,0.016536,-0.64356,0.92271,-0.70285,9.7077,0.029366,-0.008692,-0.050849,-0.49631,0.44341,-0.596,-10.538,6.7101,-3.8553,-0.090195,0.15091,0.78647,0.63458,0.11885,0.16859,-0.32117,-1.653,0.47137,-0.24224,-0.23256,0.94724,0.43999,0.64855,-0.17299
9.803,3.2103,1.2386,-0.1559,-0.10961,0.19976,-0.78173,-0.081614,0.34426,1.2141,2.1585,9.5373,0.037601,-0.005853,0.039617,-0.43995,0.016662,-0.64344,1.1134,-1.0243,9.677,0.015334,0.070261,0.019976,-0.49552,0.44091,-0.59792,-11.291,6.4662,-3.63,-0.28843,0.10241,1.0685,0.65113,0.090728,0.17741,-2.1763,-3.7086,-1.0075,-0.79481,-0.48687,1.7302,0.46967,0.61955,-0.1708
9.8145,2.6531,1.6156,-0.30238,-0.1355,0.33283,-0.78041,-0.076463,0.34645,0.61195,1.9622,10.019,-0.044021,-0.067354,0.096752,-0.44044,0.018333,-0.64245,0.90391,-1.2472,9.9956,0.014711,0.11078,0.003191,-0.49196,0.4396,-0.59795,-12.426,6.2084,-4.0577,-0.80899,-0.33011,1.473,0.66569,0.057144,0.18349,-4.4055,-5.7039,-2.1041,-1.3583,-0.25429,2.2172,0.50946,0.57817,-0.16158
9.62,2.33,1.2912,-0.29995,-0.17647,0.3667,-0.77948,-0.06968,0.3513,1.1769,1.6872,9.7148,-0.12492,-0.17165,0.064015,-0.44216,0.023087,-0.63962,1.0285,-1.1644,9.5315,-0.13234,0.18849,-0.004715,-0.48727,0.44243,-0.59817,-12.063,6.0092,-2.6996,-0.93149,-0.28663,1.9851,0.68133,0.017176,0.1895,-7.1667,-7.5005,-3.7918,-1.5029,0.081373,2.4002,0.54706,0.53255,-0.14293
9.8793,1.8251,1.0213,-0.22665,-0.28851,0.47945,-0.77917,-0.060707,0.35748,1.3134,1.8064,9.6311,-0.22567,-0.24396,0.060051,-0.44739,0.027409,-0.63632,0.76779,-1.2994,9.7108,-0.13516,0.21704,0.04206,-0.4819,0.44721,-0.60019,-12.626,5.2097,-2.1698,-0.96126,-0.10816,2.5563,0.69437,-0.047163,0.19107,-9.747,-9.6635,-3.4826,-0.73787,-0.052212,2.4421,0.58362,0.47574,-0.1311
9.8852,1.6167,1.2513,0.017929,-0.32145,0.41609,-0.77324,-0.049616,0.37036,1.363,1.9994,9.3284,-0.075232,-0.2227,0.078514,-0.45499,0.034324,-0.63267,0.43997,-0.68147,9.9543,-0.13014,0.14204,0.05512,-0.47553,0.44961,-0.60234,-9.8349,3.2157,-1.5938,-1.1233,-0.368,2.7269,0.701,-0.12833,0.18959,-9.6875,-10.158,-3.0421,-0.10433,-0.46319,2.4775,0.60924,0.41451,-0.14744
9.4045,0.60692,0.92023,-0.1958,0.079357,0.26077,-0.77347,-0.040043,0.3738,1.2065,1.8302,9.2295,-0.082757,-0.11284,0.11379,-0.4598,0.038633,-0.62882,0.38893,-0.63215,9.7008,-0.051197,0.054589,0.12745,-0.47028,0.45596,-0.60403,-6.3421,3.971,-1.3293,-1.3682,-0.45594,2.1934,0.7074,-0.21416,0.17418,-9.4035,-10.879,-2.3967,-0.42237,-0.53272,2.0762,0.6279,0.35294,-0.16493
9.1254,0.79234,-0.4312,-0.1801,-0.00552,0.11333,-0.77455,-0.036774,0.374,1.7145,1.4757,9.3282,0.015269,0.016673,0.073698,-0.45964,0.041554,-0.63018,0.63568,-1.1341,9.9749,0.1081,0.006013,0.27769,-0.46708,0.45845,-0.60369,-3.2892,0.41016,-0.69384,-1.5086,-0.55894,1.478,0.7071,-0.27286,0.15174,-6.7615,-15.47,-4.7703,-1.1856,-0.8562,0.97049,0.63369,0.32377,-0.18642
9.7499,0.96144,0.49986,0.20262,0.046398,0.0043,-0.77665,-0.034364,0.37255,1.9949,1.3628,9.5895,0.003948,0.068855,0.075888,-0.45833,0.042475,-0.62999,0.89766,-1.8348,9.9519,0.10572,-0.089481,0.31812,-0.46408,0.46175,-0.60464,-1.0169,-1.0233,-0.13639,-0.51,-0.076552,1.0655,0.70167,-0.3083,0.13524,-5.7563,-13.736,-6.4671,0.55273,0.022759,-0.004402,0.63277,0.31722,-0.20357
9.7379,1.3192,-0.020209,0.21111,-0.11213,-0.041534,-0.77438,-0.033462,0.3771,1.177,1.7499,9.7758,0.033711,0.058476,0.12886,-0.45784,0.04328,-0.6305,0.47102,-1.6892,9.894,0.068277,-0.082769,0.23144,-0.46302,0.46431,-0.60377,1.3365,-0.84347,0.35341,0.21451,0.23426,0.22325,0.69588,-0.32546,0.14058,-6.5885,-11.202,-3.68,0.88722,0.17408,-0.33766,0.63399,0.31459,-0.20753
9.4611,1.0844,-0.038757,0.029442,-0.081092,-0.090286,-0.77211,-0.03563,0.37923,1.4115,1.5379,9.5016,0.026562,0.005272,0.096624,-0.45606,0.044885,-0.63122,0.94839,-1.4582,9.7163,0.035228,-0.091002,0.10613,-0.46381,0.46592,-0.60424,1.4556,-0.64905,0.61071,0.96545,0.53551,-0.68781,0.69413,-0.31408,0.1564,-6.1672,-10.504,-2.991,1.1477,0.26462,-0.77115,0.63405,0.32154,-0.20739
9.9435,0.79784,0.26149,0.16075,-0.12661,-0.15735,-0.77035,-0.038326,0.38176,1.1452,1.5953,9.6777,0.02776,0.011041,-0.042104,-0.45554,0.04606,-0.63095,0.64576,-1.2651,9.8648,0.08754,-0.099784,-0.007827,-0.46434,0.46409,-0.60218,-1.6648,1.4643,-0.1296,1.7237,0.91048,-1.6129,0.69042,-0.26587,0.18902,-7.7094,-9.9287,-3.0006,1.38,0.29797,-1.1326,0.62763,0.34256,-0.20287
10.196,0.8233,0.8008,0.072449,0.28294,-0.22848,-0.77109,-0.043502,0.38028,1.7293,1.6398,9.4773,0.064327,0.001571,-0.1295,-0.45475,0.043196,-0.63138,0.87748,-1.3535,9.777,-0.084131,-0.057973,-0.16067,-0.46747,0.46341,-0.6013,-5.5388,1.5906,-1.7233,1.7663,0.85904,-2.2467,0.68667,-0.19724,0.22505,-7.7,-9.9365,-0.78143,0.81537,0.060173,-1.5217,0.61961,0.37056,-0.2042
10.091,0.79487,0.71028,0.13403,0.41983,-0.28008,-0.77426,-0.046499,0.37138,1.3377,1.7316,9.5507,0.011234,0.079199,-0.14204,-0.45437,0.041644,-0.63198,0.53855,-1.2402,9.7992,0.000936,-0.053181,-0.21894,-0.47078,0.46221,-0.5989,-9.28,2.1663,-3.0297,1.6958,0.61955,-2.5306,0.67848,-0.12499,0.24957,-8.092,-11.248,-1.0755,0.61223,-0.1137,-2.0196,0.60896,0.40216,-0.20757
9.8251,1.1826,0.63617,0.15839,0.42903,-0.24362,-0.77815,-0.053448,0.35909,1.3281,1.6687,9.5406,0.086362,0.075628,-0.13468,-0.45181,0.037,-0.63385,0.70886,-1.0344,9.6931,-0.016535,-0.092709,-0.19247,-0.47467,0.45764,-0.59795,-13.718,2.2465,-3.1189,1.2889,-0.074946,-2.5636,0.66486,-0.045886,0.25298,-7.4383,-10.041,-1.1359,0.090259,-0.33911,-2.2463,0.58124,0.45699,-0.21152
9.6707,1.7609,0.83276,0.2906,0.36243,-0.33616,-0.78371,-0.056242,0.34834,1.3964,1.6931,9.5071,0.1483,0.098562,-0.13328,-0.45054,0.032075,-0.6354,0.77754,-1.3677,9.8393,0.094033,-0.19415,-0.13958,-0.48233,0.45347,-0.59594,-15.813,5.3614,-3.8022,0.41502,-0.52175,-2.6322,0.64874,0.025291,0.23346,-6.5515,-8.1314,-1.5193,-0.18371,-0.20172,-2.3031,0.5451,0.51673,-0.20453
9.6789,2.2032,1.3729,0.36542,0.29555,-0.35215,-0.78783,-0.065097,0.33416,1.1881,1.9205,9.5992,0.13898,0.057872,-0.13342,-0.44745,0.024308,-0.63784,0.84541,-1.069,9.664,0.082383,-0.19348,-0.18017,-0.49056,0.44776,-0.59544,-14.356,7.1871,-3.1671,0.12769,-0.46544,-2.1983,0.63131,0.089615,0.19983,-4.8259,-6.2245,-2.2172,-0.28306,0.077095,-2.0812,0.5026,0.58408,-0.18927
9.1659,2.2977,1.0115,0.22771,0.29028,-0.3314,-0.79016,-0.071317,0.32829,0.99082,1.6825,9.6893,0.052311,0.067537,-0.14339,-0.44513,0.019262,-0.63945,1.2406,-1.3601,9.7264,0.012499,-0.15025,-0.16771,-0.49933,0.4452,-0.59277,-15.4,9.9189,-2.7259,0.3684,-0.41188,-1.404,0.61939,0.12674,0.17501,-3.8332,-4.214,-1.672,-0.28472,0.28899,-1.6497,0.46518,0.62727,-0.17177
8.6666,2.0368,0.53594,-0.059954,0.24963,-0.21223,-0.78949,-0.075752,0.32294,1.3369,2.0903,9.5936,0.032485,0.030395,-0.16376,-0.44422,0.015163,-0.63788,1.0012,-0.84838,9.418,0.10244,-0.096501,-0.16398,-0.50336,0.43841,-0.59203,-12.621,12.341,-3.4605,0.68282,-0.36816,-0.46355,0.61406,0.14696,0.15812,-2.1362,-2.7789,0.12386,0.095636,0.40632,-1.2093,0.43855,0.65259,-0.1626
8.653,2.3921,0.65007,-0.11741,0.079366,-0.10395,-0.79096,-0.081417,0.32048,1.3115,1.9295,9.2525,0.058101,0.070028,-0.18069,-0.44338,0.009996,-0.64023,1.1599,-0.97761,9.2808,0.025921,0.030839,-0.13727,-0.50567,0.43458,-0.59254,-11.737,11.618,-3.8697,-0.63702,-0.29688,0.40492,0.6194,0.14569,0.14869,-0.37292,-1.3697,0.70288,0.14514,0.21771,-0.50963,0.41903,0.66749,-0.16136
9.0282,2.9375,0.62662,-0.006016,-0.060557,-0.059364,-0.7902,-0.08427,0.31945,1.1402,2.4781,9.6258,0.038757,0.09169,-0.12345,-0.44007,0.00642,-0.6426,1.2645,-0.96408,9.5462,0.070886,0.083277,-0.16093,-0.50634,0.42954,-0.59587,-10.305,6.4254,-3.7152,-0.48644,0.005073,0.60006,0.63052,0.13199,0.15628,0.29405,-1.3664,0.9906,-0.10755,-0.062741,0.42768,0.41866,0.66641,-0.16108
10.042,3.3411,1.398,0.017268,-0.019735,0.024548,-0.79051,-0.083857,0.31876,1.1354,2.2798,9.5179,0.053117,0.089039,-0.020469,-0.43869,0.003855,-0.64418,1.0596,-0.9902,9.7734,-0.058264,0.14296,-0.13453,-0.5054,0.42808,-0.59743,-10.421,5.632,-4.2269,0.15996,0.48674,0.77711,0.64187,0.11706,0.17225,-0.81909,-3.156,-0.61699,-0.50056,-0.39003,1.3478,0.44112,0.64603,-0.15835
10.054,3.1451,2.2399,-0.094643,-0.009086,0.14842,-0.79072,-0.083756,0.31997,0.61845,2.1179,9.9126,0.088692,0.023085,0.14685,-0.43664,0.004155,-0.64499,0.74494,-0.93084,10.032,-0.034768,0.11048,-0.064887,-0.50296,0.42643,-0.59929,-11.956,4.7716,-4.3919,-0.20384,0.19242,1.1834,0.65238,0.095329,0.18927,-2.9344,-4.3383,-1.5002,-0.81808,-0.47328,1.993,0.47789,0.61403,-0.15547
9.3379,2.6796,1.5003,-0.42008,0.013447,0.29185,-0.79037,-0.077926,0.32156,0.76534,1.9197,9.7813,-0.011555,-0.09685,0.15592,-0.43684,0.005948,-0.6436,1.0008,-0.73716,9.6654,-0.078689,0.075155,-0.008389,-0.50102,0.42517,-0.59864,-12.543,5.9512,-3.6396,-0.78733,0.093338,1.4927,0.66384,0.068748,0.20368,-5.0873,-5.0833,-3.4887,-1.2564,-0.14618,2.4766,0.51826,0.56878,-0.14657
9.2785,2.5039,1.0808,-0.32717,-0.20892,0.34762,-0.79103,-0.072513,0.32448,1.3794,1.6687,9.5239,-0.17126,-0.16988,0.047538,-0.4408,0.01173,-0.64064,1.0745,-0.98729,9.4851,-0.043431,0.094611,0.099441,-0.49781,0.4286,-0.60061,-12.882,5.0933,-3.2928,-1.3932,-0.24505,2.2305,0.68034,0.010796,0.21044,-8.6276,-7.5759,-3.7868,-1.3231,0.07663,2.6418,0.55926,0.51076,-0.12784
9.1273,2.2222,1.4435,0.018423,-0.33054,0.27382,-0.78842,-0.06389,0.33318,1.2231,2.3407,9.4555,-0.082124,-0.18215,0.069921,-0.44441,0.016495,-0.6387,0.72769,-0.58503,9.5608,-0.018274,0.097552,0.12944,-0.49237,0.43117,-0.60371,-11.931,4.0407,-1.7869,-1.592,-0.48094,2.511,0.69421,-0.063415,0.2081,-11.666,-10.942,-2.734,-0.50354,-0.2317,2.538,0.59446,0.44881,-0.12607
9.6017,1.5082,1.1664,0.10296,-0.44936,0.28084,-0.78357,-0.054811,0.34847,1.2281,2.0578,9.2987,-0.076559,-0.1057,0.12092,-0.44943,0.021234,-0.63618,1.0059,-0.96095,9.8552,-0.061644,0.17396,0.1499,-0.48639,0.43682,-0.60343,-9.2494,2.9677,-0.91393,-1.706,-0.59477,2.4729,0.70471,-0.14986,0.19367,-10.108,-10.747,-2.8341,-0.027309,-0.50126,2.1734,0.62019,0.38385,-0.14529
9.4912,1.4523,0.54585,-0.22927,-0.24623,0.29862,-0.78162,-0.045405,0.35741,1.0364,1.8286,9.5541,0.031362,-0.031697,0.12304,-0.45108,0.026538,-0.63427,0.62315,-1.1032,10.309,0.053084,0.15539,0.16488,-0.47953,0.43946,-0.6062,-6.3567,1.5806,-0.088942,-1.4009,-0.60726,2.2237,0.7066,-0.2256,0.17416,-8.4315,-12.155,-2.0326,-0.70385,-0.61539,1.6472,0.62969,0.34271,-0.1698
9.4249,1.5277,0.35185,-0.26435,-0.17873,0.095808,-0.77618,-0.045421,0.36588,1.5825,1.5262,9.42,-0.035899,0.005224,0.075823,-0.4513,0.029585,-0.63553,0.91366,-1.0279,9.5567,-0.066801,0.13644,0.10475,-0.47152,0.44376,-0.60858,-1.8036,-0.18266,0.78483,-0.90105,-0.44505,1.4973,0.70531,-0.28375,0.15168,-5.3998,-15.666,-6.1973,-0.74155,-0.60314,0.52545,0.63133,0.32578,-0.19058
10.05,1.175,0.21998,0.066889,-0.30965,-0.016219,-0.77359,-0.045138,0.37397,1.3115,1.7501,9.7353,-0.075461,-0.009031,0.068952,-0.45005,0.03112,-0.63391,0.47103,-1.6575,9.8152,-0.023553,0.0693,0.092107,-0.46868,0.44667,-0.61017,1.1652,-2.1589,0.86914,-0.046257,-0.071374,0.67,0.70063,-0.31322,0.14197,-6.3092,-13.077,-6.1011,0.78909,0.17219,-0.24073,0.63,0.32075,-0.19848
9.6481,1.1281,-0.21613,-0.041262,-0.19215,0.018632,-0.76779,-0.045459,0.38394,1.5335,1.8332,9.6009,-0.004303,-0.043262,0.096684,-0.45205,0.033467,-0.63406,0.626,-1.017,9.6744,-0.11026,0.033949,0.055831,-0.46627,0.45051,-0.61028,2.2523,-1.5983,0.56772,0.6736,0.13433,-0.28849,0.6967,-0.31468,0.14749,-6.0806,-11.95,-3.8975,0.96016,0.15157,-0.65747,0.63095,0.32425,-0.19959
9.944,0.88685,0.23223,-0.044064,-0.033547,-0.001162,-0.76883,-0.051405,0.38205,1.1883,1.913,9.6478,-0.037637,-0.002191,0.048224,-0.45239,0.035855,-0.63518,0.40666,-1.1134,9.8879,0.06507,-0.013258,0.035547,-0.46552,0.45048,-0.6105,0.34476,0.091519,0.032326,1.6187,0.68625,-1.283,0.69416,-0.28064,0.16614,-6.8347,-10.588,-3.6376,1.5065,0.2309,-1.0071,0.62745,0.33971,-0.19865
10.183,1.1501,0.63121,0.26778,0.085015,-0.1763,-0.76882,-0.049972,0.38217,1.4114,1.4994,9.4431,0.031271,0.029981,-0.009105,-0.45258,0.033989,-0.6341,0.59712,-1.3378,9.8947,-0.050731,-0.03484,-0.054682,-0.46503,0.4502,-0.61097,-4.2699,1.7759,-1.773,2.0999,0.98843,-2.0014,0.6909,-0.21773,0.20512,-7.7079,-8.7767,-3.4532,1.1978,0.24493,-1.4166,0.62143,0.36253,-0.20116
10.167,1.1632,1.0863,0.10721,0.35347,-0.23784,-0.76978,-0.052502,0.37945,1.284,1.456,9.3862,0.024452,0.078598,-0.006152,-0.4508,0.034422,-0.63506,0.29266,-1.3944,9.852,-0.017658,-0.11003,-0.093749,-0.46678,0.44985,-0.60774,-8.234,1.9472,-3.4586,1.8986,0.75261,-2.4362,0.68419,-0.14827,0.23742,-7.3488,-9.769,-2.1573,0.55954,0.065692,-1.7311,0.61359,0.39147,-0.20169
9.905,1.0241,1.1879,0.033712,0.52185,-0.21498,-0.77463,-0.058578,0.36414,1.146,1.6361,9.272,0.13583,0.10301,-0.028282,-0.4477,0.030294,-0.63652,0.55268,-0.87568,9.639,0.027755,-0.1923,-0.086674,-0.47306,0.44772,-0.60623,-11.948,3.1671,-4.5476,1.327,0.12124,-2.6142,0.67165,-0.068761,0.24354,-7.8312,-11.169,-2.8192,0.53863,0.15888,-2.0883,0.5937,0.43854,-0.19595
9.7783,0.82649,0.84242,0.40967,0.26207,-0.33741,-0.77954,-0.063193,0.35288,1.2993,1.7211,9.7278,0.096574,0.08139,-0.07604,-0.44431,0.025505,-0.63768,0.69447,-1.1923,9.7421,0.11235,-0.24664,-0.031923,-0.47852,0.44633,-0.60368,-14.676,5.0586,-3.8616,0.52612,-0.40452,-2.6571,0.65518,0.004925,0.22997,-7.941,-10.013,-2.0633,0.59807,0.13185,-2.369,0.56262,0.49276,-0.19448
9.7372,1.855,1.2517,0.41329,0.45854,-0.33455,-0.78597,-0.067713,0.33858,1.2646,1.8714,9.738,0.13446,0.060557,-0.12891,-0.44278,0.019807,-0.63959,0.78215,-1.2659,9.9403,0.14224,-0.21961,-0.014155,-0.48574,0.44135,-0.6006,-14.37,6.932,-3.1521,0.096427,-0.34232,-2.4648,0.63532,0.078696,0.20854,-5.0504,-6.48,-1.4894,0.39635,0.18358,-2.2575,0.52186,0.56089,-0.19009
9.1917,2.8987,0.71714,0.45146,0.2712,-0.36657,-0.78862,-0.072012,0.32931,1.1404,2.154,9.4663,0.054401,0.034386,-0.20752,-0.4421,0.015954,-0.64211,1.0692,-0.81013,9.5528,0.11437,-0.17916,-0.091693,-0.4928,0.43821,-0.59961,-16.007,9.4604,-1.2669,0.066124,-0.33919,-1.7803,0.62155,0.12358,0.18893,-3.6216,-3.8462,-0.31505,0.2734,0.28132,-1.7688,0.48778,0.60501,-0.18368
9.1752,2.4475,0.56485,0.075195,0.10338,-0.23233,-0.78874,-0.075994,0.32689,0.97132,2.2316,9.4681,0.063275,-0.000313,-0.22914,-0.44094,0.011085,-0.64103,1.1207,-0.93659,9.5191,0.11799,-0.11288,-0.096849,-0.49702,0.43573,-0.59747,-12.887,10.122,-4.1913,0.7628,-0.14743,-0.73338,0.61431,0.1475,0.17114,-3.313,-3.6504,0.96832,-0.12183,0.2833,-1.3275,0.45815,0.63419,-0.17617
9.2282,2.8603,0.98578,0.023679,0.039819,-0.12538,-0.7879,-0.080125,0.32479,1.3304,2.2711,9.3198,0.07813,-0.017614,-0.19728,-0.44026,0.006771,-0.64118,1.4912,-0.97237,9.4716,0.04566,-0.075595,-0.13826,-0.50066,0.43142,-0.59652,-11.599,11.07,-3.6412,0.019059,-0.17107,0.33691,0.61599,0.15299,0.15979,-1.6085,-1.5762,1.5855,0.065341,0.27176,-0.75904,0.43689,0.65596,-0.16811
9.2063,2.6701,0.43223,0.031183,-0.23934,-0.069489,-0.78651,-0.082119,0.33054,1.0188,2.2714,9.7505,0.008382,-0.012534,-0.11402,-0.4411,0.004838,-0.6425,0.98677,-1.1696,9.8292,0.013908,0.024957,-0.079088,-0.50196,0.4316,-0.5971,-11.474,7.2153,-3.5745,-0.34349,-0.1318,0.66638,0.6246,0.13996,0.16089,0.072133,-0.12803,1.7971,-0.086257,-0.012594,0.11417,0.43075,0.66163,-0.16626
9.2288,2.8393,0.68719,-0.069678,-0.15459,0.1179,-0.78334,-0.08147,0.33445,1.1555,2.3082,9.6689,-0.044707,-0.069982,-0.026723,-0.44072,0.003739,-0.64062,0.93226,-0.55951,9.6466,-0.067363,0.066128,-0.080817,-0.50148,0.43055,-0.59781,-11.405,6.8413,-3.7678,-0.036099,0.10728,0.82681,0.63671,0.12353,0.16801,-0.50134,-1.8462,0.40056,-0.36091,-0.39381,1.1446,0.44232,0.64342,-0.16433
9.5414,3.0199,1.213,-0.26449,-0.03168,0.28315,-0.78357,-0.077113,0.33766,0.77901,1.9645,9.5532,-0.049231,-0.072602,0.087892,-0.44331,0.006833,-0.63951,0.86967,-1.0377,9.7274,-0.000682,0.040197,0.019825,-0.49947,0.42943,-0.59818,-11.578,5.4758,-3.8448,-0.51208,-0.16993,1.2887,0.65003,0.099318,0.1776,-2.6407,-3.5483,-1.3512,-0.83389,-0.59029,1.9315,0.47587,0.61262,-0.16481
9.5391,2.5897,1.3445,-0.20784,-0.062605,0.3481,-0.78263,-0.070408,0.34049,1.3226,1.8627,9.522,-0.069556,-0.14833,0.10196,-0.44643,0.010316,-0.63844,1.2547,-0.92267,9.5014,-0.014706,0.072746,0.091537,-0.49786,0.43029,-0.59901,-12.589,6.2201,-3.4082,-0.67928,-0.198,1.684,0.66733,0.064207,0.18182,-4.8722,-6.2643,-3.5928,-1.6271,-0.20433,2.3758,0.51392,0.57203,-0.15715
9.458,2.6801,1.1356,-0.18989,-0.056734,0.40189,-0.78338,-0.062078,0.34176,1.1858,2.2345,9.8583,-0.14033,-0.16088,0.079396,-0.44839,0.015316,-0.6351,1.0253,-0.88317,9.7661,-0.046895,0.14537,0.12956,-0.49342,0.43224,-0.60176,-12.629,5.4609,-3.0705,-0.96049,-0.24573,2.19,0.68658,0.009966,0.18579,-8.2458,-7.7047,-3.7732,-1.5596,0.096421,2.3864,0.55425,0.5193,-0.13207
9.455,2.1898,1.4681,-0.016266,-0.32387,0.34947,-0.7817,-0.05169,0.34825,1.2977,2.0468,9.5567,-0.12757,-0.21166,0.12702,-0.45413,0.020668,-0.63132,0.78606,-0.60506,9.7235,-0.12385,0.1812,0.094177,-0.48677,0.43697,-0.60345,-11.998,4.9376,-2.8772,-1.1111,-0.28077,2.6573,0.69914,-0.062246,0.18603,-10.451,-9.7652,-3.3827,-0.67952,-0.25448,2.3468,0.5841,0.46435,-0.1267
9.8842,1.5417,1.5045,0.007304,-0.26388,0.42132,-0.77958,-0.041001,0.358,1.2162,1.7481,9.166,-0.14301,-0.11779,0.14359,-0.45915,0.026841,-0.62856,0.60379,-0.81756,9.5875,-0.067885,0.16872,0.15244,-0.47828,0.44253,-0.60394,-8.3425,3.3136,-2.0816,-1.4663,-0.48191,2.6343,0.70986,-0.15135,0.17627,-9.8598,-9.9019,-3.5151,-0.19663,-0.57821,2.3432,0.61614,0.3989,-0.14261
9.3622,1.0525,0.73628,-0.23269,-0.040315,0.27765,-0.77925,-0.031576,0.36187,1.4455,1.3208,9.2772,-0.016754,-0.074306,0.08141,-0.46159,0.031231,-0.62694,0.77229,-1.1004,9.7416,-0.085587,0.12836,0.14882,-0.47385,0.44619,-0.60686,-6.1218,2.1833,-0.50507,-1.5919,-0.39417,2.1493,0.70925,-0.2273,0.16009,-9.3904,-12.316,-1.8325,-0.55278,-0.78031,2.0451,0.6301,0.34873,-0.17044
9.3951,1.2705,-0.12758,-0.21992,-0.001707,0.095984,-0.77704,-0.027383,0.36545,1.4753,1.7213,9.6681,-0.088534,-0.021756,0.020998,-0.46155,0.034077,-0.62568,0.74824,-1.4335,10.045,-0.081572,0.068773,0.13099,-0.46891,0.45149,-0.60727,-2.4167,-0.39206,0.0524,-1.2089,-0.22789,1.4581,0.70585,-0.28067,0.14227,-5.2069,-16.592,-6.5551,-0.63402,-0.68869,0.70636,0.62918,0.32488,-0.19791
9.7741,1.0597,-0.051467,-0.024172,-0.04725,-0.002013,-0.77804,-0.028326,0.3669,2.0211,1.6368,9.5982,-0.017571,-0.017445,0.10499,-0.46305,0.036439,-0.6262,0.70474,-1.6689,10.093,-0.007102,0.01645,0.15832,-0.46597,0.45465,-0.60695,0.50819,-2.0136,1.366,-0.23938,0.12119,0.81082,0.69969,-0.31594,0.13861,-5.7997,-13.05,-6.0401,0.80972,0.17054,-0.23017,0.63071,0.31856,-0.20744
9.4977,0.90651,-0.084405,-0.10387,-0.050329,0.000593,-0.77625,-0.030125,0.3701,1.4058,1.8241,9.4932,0.036849,0.03773,0.16966,-0.46249,0.040074,-0.62493,0.71873,-1.122,9.7314,-0.005601,-0.016215,0.088541,-0.46447,0.45669,-0.60744,1.9247,-1.5125,1.2589,0.41143,0.17713,-0.25815,0.69774,-0.32143,0.14331,-6.1247,-11.532,-3.7926,0.94683,0.21014,-0.59554,0.62959,0.32149,-0.20753
9.5702,0.60846,0.19774,-0.08536,0.022928,-0.014277,-0.77714,-0.033665,0.36603,1.5828,1.4171,9.4195,0.074873,0.063194,0.15345,-0.46095,0.036975,-0.62609,0.80245,-1.4836,9.4554,0.049902,-0.007843,0.042691,-0.46387,0.4577,-0.60566,0.48112,-0.26802,0.042961,1.3785,0.71647,-1.1859,0.69279,-0.29065,0.16305,-6.7667,-10.771,-2.6358,1.3732,0.30068,-0.8969,0.62761,0.3343,-0.20649
9.986,0.66153,0.91754,0.23221,0.070576,-0.13344,-0.77561,-0.032789,0.3669,1.2697,1.4677,9.4907,0.080765,0.080345,0.002288,-0.45836,0.037989,-0.62886,0.50464,-1.3322,9.7465,0.021266,0.007772,-0.085446,-0.46374,0.45457,-0.6081,-3.8786,1.5939,-0.92458,1.9508,1.0061,-1.8989,0.69052,-0.23378,0.2001,-7.544,-9.2926,-3.5341,1.2898,0.28188,-1.3334,0.62414,0.35124,-0.20665
10.003,1.2603,1.22,-0.023237,0.31529,-0.28072,-0.7769,-0.03763,0.36282,1.1698,1.3825,9.548,0.038139,0.11739,-0.10923,-0.45606,0.037905,-0.62991,0.37764,-1.2883,9.9834,-0.12431,0.011565,-0.2084,-0.46533,0.45371,-0.60676,-7.7324,2.0291,-2.8333,2.0065,0.79284,-2.293,0.68573,-0.16727,0.23383,-7.3336,-9.8152,-1.791,0.50344,0.12814,-1.6455,0.61736,0.37909,-0.2039
10.107,1.223,1.0863,0.054791,0.34346,-0.278,-0.78,-0.046204,0.35247,1.5065,1.7607,9.5518,0.022142,0.14493,-0.10706,-0.45272,0.033662,-0.63187,0.46452,-0.81769,10.016,0.001913,-0.070488,-0.1854,-0.46919,0.45122,-0.60511,-12.302,2.5471,-3.6911,1.6735,0.34469,-2.4265,0.67259,-0.089634,0.24841,-7.7251,-10.723,-2.2633,0.18227,0.20525,-2.0311,0.59968,0.42722,-0.19379
9.8702,1.374,0.84668,0.17744,0.20396,-0.31648,-0.78385,-0.053565,0.34587,1.2985,1.9323,9.668,0.1058,0.11493,-0.082135,-0.451,0.028781,-0.63484,0.74275,-0.94002,9.7653,0.1016,-0.17249,-0.079438,-0.47472,0.44698,-0.60401,-13.493,4.7096,-3.5898,0.81451,-0.28481,-2.5805,0.65982,-0.017351,0.23622,-7.7916,-10.32,-1.9496,0.17747,0.11678,-2.2379,0.57457,0.48316,-0.18246
9.8103,1.5065,1.1903,0.27881,0.19972,-0.31904,-0.78724,-0.060238,0.3378,1.1566,1.7752,9.5789,0.1006,0.085414,-0.12053,-0.44739,0.023496,-0.6369,0.7139,-1.0658,9.569,0.12296,-0.18937,-0.072399,-0.48194,0.44372,-0.60353,-12.905,6.7585,-3.3176,0.064917,-0.60886,-2.5065,0.64328,0.054217,0.21004,-6.5661,-8.1478,-1.0862,0.4642,0.11802,-2.2971,0.5349,0.54833,-0.17474
9.4267,2.2218,0.92344,0.26191,0.12614,-0.25402,-0.78714,-0.064328,0.33445,1.0541,1.6588,9.5729,0.073901,0.030983,-0.1811,-0.4443,0.019244,-0.63862,1.0456,-1.3959,9.883,0.049893,-0.14056,-0.12355,-0.48708,0.44008,-0.59962,-15.385,8.7225,-1.7863,0.096142,-0.42426,-2.0899,0.62879,0.10439,0.18507,-3.9526,-4.2155,-1.0763,0.34746,0.093712,-1.9365,0.49548,0.59566,-0.17611
9.2573,2.653,0.89511,0.13004,0.1614,-0.30087,-0.78711,-0.06845,0.33232,1.1293,2.155,9.7506,0.05225,0.000798,-0.20234,-0.44357,0.015822,-0.63785,0.90594,-0.99952,9.9718,0.092872,-0.1025,-0.17995,-0.49064,0.43682,-0.59958,-14.824,11.061,-2.7305,0.36134,-0.28166,-1.0808,0.62085,0.13076,0.16127,-4.0029,-3.6819,0.22437,-0.27315,0.15573,-1.5031,0.46551,0.63096,-0.16482
9.2055,2.5953,0.61081,-0.046084,-0.031533,-0.19634,-0.78739,-0.073007,0.33193,1.2103,1.7946,9.5696,-0.014571,-0.000187,-0.12536,-0.44472,0.013453,-0.63774,1.294,-1.1075,9.5443,-0.080322,-0.047469,-0.17286,-0.49609,0.43517,-0.59677,-11.526,11.534,-3.3176,0.31692,-0.25869,0.19348,0.62074,0.1424,0.14942,-1.4514,-1.621,1.3788,-0.056486,0.21231,-0.96995,0.43667,0.65707,-0.15628
8.9067,2.4936,0.69742,0.058749,-0.20173,-0.12618,-0.78439,-0.079253,0.33494,1.2878,1.8875,9.4174,0.006434,0.007466,-0.061452,-0.44452,0.01114,-0.63926,0.7575,-0.87154,9.4758,0.03015,-0.0385,-0.081878,-0.49894,0.43241,-0.59773,-11.028,7.7124,-3.6411,-0.2641,-0.16112,0.72803,0.63076,0.13343,0.14912,0.33352,-0.28406,1.2034,-0.021589,-0.047756,-0.12604,0.42476,0.66603,-0.15535
9.1175,2.9513,0.69454,-0.041439,-0.17724,0.045981,-0.78014,-0.082725,0.34122,1.2179,2.4305,9.4511,0.037968,0.027611,0.022043,-0.44367,0.009811,-0.6384,1.0691,-0.65448,9.4254,-0.002814,0.019501,-0.004851,-0.50022,0.43194,-0.59803,-10.454,6.4395,-3.6432,-0.11608,0.082273,0.82653,0.64038,0.11703,0.15652,-0.066643,-1.5333,0.057589,-0.20119,-0.39722,0.95315,0.43338,0.65464,-0.15755
9.6837,3.1376,1.1403,-0.19378,-0.091646,0.18685,-0.78016,-0.079193,0.34593,0.85227,1.9357,9.4903,0.051485,0.031015,0.12497,-0.44287,0.01007,-0.6381,0.98417,-1.0579,9.7979,0.02512,0.0506,0.064064,-0.49732,0.43079,-0.59849,-11.71,6.5551,-3.7736,-0.2244,0.08145,1.1486,0.65097,0.098053,0.16955,-1.9289,-3.2668,-1.6372,-0.66027,-0.66176,1.8316,0.46351,0.62409,-0.16031
9.6368,2.8108,1.4362,-0.36044,-0.031151,0.26661,-0.77788,-0.074973,0.34843,1.0496,1.8322,9.8119,-0.052831,-0.015643,0.13272,-0.44126,0.012996,-0.63925,1.0598,-1.1555,9.8545,-0.062822,0.12491,0.083556,-0.4938,0.4334,-0.59927,-11.993,6.2544,-3.869,-0.67566,-0.13063,1.5291,0.66665,0.063296,0.17529,-4.2272,-5.9546,-3.3121,-1.4097,-0.23102,2.3114,0.49988,0.58526,-0.15691
9.4271,2.3696,1.0289,-0.32813,-0.064081,0.3169,-0.78137,-0.070379,0.3488,1.1422,1.8231,9.686,-0.15511,-0.12826,0.068952,-0.44455,0.018194,-0.63861,0.92823,-0.94033,9.4405,-0.15147,0.17633,0.056173,-0.49058,0.43591,-0.60095,-12.333,6.0622,-3.0727,-0.90845,-0.12105,2.0075,0.6835,0.016942,0.18124,-7.3012,-7.2156,-3.8979,-1.3371,0.077413,2.4812,0.54388,0.5342,-0.13646
9.552,1.9464,0.98975,-0.187,-0.26932,0.32618,-0.77783,-0.064169,0.35458,1.2486,1.9793,9.4735,-0.12154,-0.18026,0.080881,-0.44843,0.02407,-0.63434,0.63563,-0.92951,9.6339,-0.13817,0.19584,0.099418,-0.48122,0.44027,-0.60174,-12.581,5.0765,-2.5739,-1.0772,-0.06493,2.545,0.69594,-0.05157,0.18678,-9.9575,-10.179,-3.3307,-0.56621,-0.086064,2.418,0.57865,0.47647,-0.12885
9.6454,1.4033,1.3824,0.062244,-0.41274,0.31347,-0.77709,-0.054104,0.36374,1.4438,2.0188,9.3436,-0.067156,-0.096334,0.077359,-0.45176,0.029739,-0.63188,0.70794,-0.64399,9.9675,-0.092005,0.15632,0.1065,-0.47453,0.44476,-0.60533,-9.4402,3.3308,-1.8486,-1.4767,-0.42415,2.6224,0.70444,-0.13667,0.18553,-9.732,-10.205,-2.4976,0.11072,-0.46839,2.4481,0.61051,0.40741,-0.1443
9.8489,1.5671,0.75823,-0.065313,-0.14665,0.17261,-0.77268,-0.047415,0.37578,1.2942,1.5256,9.5495,-0.13802,0.009735,0.081977,-0.45319,0.034221,-0.63322,0.46518,-1.1721,9.9632,-0.085716,0.067923,0.19982,-0.46947,0.44902,-0.60583,-6.4537,2.6189,-0.94742,-1.558,-0.43463,2.0203,0.70749,-0.20951,0.16806,-9.3288,-11.164,-2.1571,-0.19545,-0.49608,2.1193,0.63042,0.3502,-0.16952
9.8769,0.85053,0.18672,-0.16455,0.14671,0.012481,-0.77271,-0.047919,0.3751,1.691,1.5228,9.6054,-0.058932,0.036999,0.069092,-0.45198,0.034996,-0.63251,0.60437,-1.1478,9.5834,-0.020613,0.034471,0.29173,-0.46608,0.4536,-0.60655,-3.6159,0.12296,-0.48249,-1.2751,-0.34163,1.5104,0.70552,-0.26202,0.15124,-6.2821,-15.096,-5.5083,-1.0308,-0.57034,0.94645,0.63285,0.32367,-0.19238
9.9445,1.02,0.27787,0.18364,-0.12368,0.012311,-0.77166,-0.048503,0.37704,1.4256,1.9977,9.674,-0.004462,-0.019149,0.12883,-0.45303,0.037858,-0.6321,0.20208,-1.1267,9.7873,0.088321,-0.03184,0.28984,-0.46091,0.45943,-0.60733,-1.3518,-1.1309,0.17965,-0.37049,0.064264,1.0365,0.70254,-0.30245,0.14509,-5.9422,-13.575,-5.2743,0.58607,0.14084,-0.063298,0.63244,0.31664,-0.19913
9.6468,0.96417,0.02156,0.1961,-0.23061,-0.060215,-0.76912,-0.044153,0.38442,1.3276,1.7659,9.4973,0.054117,-0.06581,0.15828,-0.45254,0.038924,-0.63262,0.73852,-1.2579,9.6558,0.034048,-0.057329,0.24394,-0.45876,0.4638,-0.6076,1.5817,-1.5743,1.3796,0.08977,0.14714,0.14135,0.69706,-0.31848,0.14805,-6.5294,-11.74,-3.5758,1.0428,0.18664,-0.36419,0.63432,0.31602,-0.20296
9.5133,1.1282,0.029077,0.049679,-0.1385,-0.015219,-0.76746,-0.045622,0.38504,1.1529,1.445,9.6698,0.039094,-0.022464,0.070533,-0.45322,0.03919,-0.63292,0.68039,-1.6395,10.019,0.14444,-0.12192,0.1741,-0.45859,0.46482,-0.6066,1.7116,-0.82269,1.1263,1.0332,0.5405,-0.86339,0.69222,-0.30038,0.15919,-6.7294,-11.131,-2.2177,1.3543,0.18969,-0.79719,0.63031,0.32388,-0.20472
10.013,1.1093,0.040201,0.28924,-0.15906,-0.16979,-0.7632,-0.046102,0.39171,1.4048,1.4864,9.6277,-0.001007,-0.042109,-0.067908,-0.45437,0.041775,-0.63199,0.96782,-1.3877,9.642,-0.002162,-0.077443,-0.025464,-0.46101,0.46335,-0.60669,-2.5317,1.4987,-0.20709,1.9293,0.97394,-1.7377,0.69012,-0.25162,0.19402,-7.2585,-9.3051,-2.4758,1.2097,0.14033,-1.2655,0.6267,0.34057,-0.20677
