6.7793,1.5884,-7.5443,0.09051,0.09184,0.005213,-0.99528,-0.10135,0.051289,3.1191,5.9155,6.2827,-0.55246,0.19587,0.008243,0.41092,-0.40691,-0.67673,3.8921,-2.0884,9.5485,0.11196,0.081121,0.14957,0.37695,-0.047541,-0.80475,2.3173,8.9405,-2.9127,-0.061763,-0.037353,0.28439,-0.81982,-0.47233,-0.13184,2.9874,-8.6405,-2.6011,0.25834,-0.055552,-0.17998,-0.83268,0.36057,0.16036
6.4353,1.3539,-7.4738,0.071096,0.058632,0.067306,-0.99423,-0.10154,0.048531,3.0729,4.2467,6.4498,-0.39118,0.16003,-0.006847,0.42003,-0.37912,-0.68993,3.1215,-1.4571,9.0319,0.028951,0.21218,0.059513,0.37982,-0.051922,-0.8026,2.3338,8.8635,-2.4096,-0.34646,-0.2447,0.31117,-0.82632,-0.45806,-0.12746,3.2135,-8.0831,-2.0878,0.37529,-0.11918,-0.10845,-0.83396,0.3594,0.15716
6.2536,0.9684,-7.045,0.069957,0.046608,0.10383,-0.99473,-0.097117,0.046746,3.0694,5.203,6.2209,-0.53328,-0.048311,-0.014665,0.42298,-0.36688,-0.69776,2.6039,-1.6806,7.962,0.28638,0.072065,-0.10931,0.38442,-0.056235,-0.80099,2.8457,8.368,-1.806,-0.43329,-0.28886,0.25076,-0.83242,-0.44682,-0.12437,3.408,-8.2181,-2.1894,0.38604,-0.10322,-0.028862,-0.83573,0.3594,0.15472
6.7598,0.80158,-7.102,0.14043,0.010271,0.096825,-0.99706,-0.092881,0.047959,3.3414,2.9072,4.7102,-0.17009,-0.26289,0.036022,0.41356,-0.36426,-0.70169,2.462,-0.71105,6.6839,0.24769,-0.26979,-0.2769,0.38314,-0.063142,-0.80161,3.1274,8.7297,-1.9508,-0.50753,-0.34971,0.14097,-0.83674,-0.43648,-0.12185,3.8723,-8.325,-2.1371,0.3594,-0.046424,0.087153,-0.83465,0.36138,0.15538
6.641,0.80325,-7.2819,0.15687,-0.012166,0.039468,-0.99693,-0.089351,0.050607,2.5145,2.7817,6.5806,0.69844,-0.32386,0.12535,0.40489,-0.37587,-0.70376,3.1311,-0.81639,7.9257,-0.40969,-0.2494,-0.38344,0.37497,-0.054794,-0.80678,3.4705,8.8508,-1.869,-0.46785,-0.25587,-0.084245,-0.83743,-0.43179,-0.12032,3.7968,-8.6834,-2.0795,0.27083,0.090319,0.26019,-0.83207,0.37066,0.1488
6.924,0.99189,-6.8533,0.16928,-0.084287,-0.001189,-0.99887,-0.088909,0.054129,2.2954,5.0611,8.4658,0.88379,-0.49613,0.18637,0.39091,-0.40435,-0.69469,3.0522,-1.7462,8.0531,-0.77137,-0.36078,-0.3524,0.36718,-0.03022,-0.81189,3.6812,8.507,-1.962,-0.30566,-0.090852,-0.32847,-0.8339,-0.43634,-0.11962,3.6918,-8.9379,-1.7981,0.24035,0.17627,0.39295,-0.8278,0.38351,0.14049
6.8293,1.4962,-6.8134,-0.020451,-0.1872,-0.022883,-0.9999,-0.087503,0.059814,2.5769,5.2429,7.9872,0.49842,-0.64806,0.32128,0.36905,-0.42068,-0.69766,2.9936,-2.9546,7.8288,-0.64789,-0.6115,-0.17097,0.34868,-0.001836,-0.82291,3.6315,8.0415,-1.8949,-0.11252,0.054039,-0.52695,-0.82279,-0.44909,-0.12195,3.5048,-8.9684,-1.3681,0.27354,0.19371,0.53779,-0.82253,0.40114,0.12867
6.8571,1.1177,-6.6814,0.0018,-0.24803,-0.002531,-1.0011,-0.085884,0.067224,2.8121,6.598,8.9912,-0.03424,-0.50998,0.47605,0.34399,-0.4323,-0.70386,2.2901,-2.4967,8.9347,-0.41925,-0.60834,-0.19825,0.32846,0.012684,-0.83313,3.1074,8.3091,-1.8157,0.091991,0.088269,-0.69428,-0.80947,-0.46958,-0.12337,3.2132,-8.7435,-1.223,0.33425,0.091848,0.62573,-0.81303,0.42207,0.12077
6.8031,0.74019,-6.6544,0.002657,-0.37881,0.076447,-1.0018,-0.084774,0.079192,3.068,6.2676,9.1225,-0.72531,-0.41125,0.34622,0.32889,-0.4344,-0.71086,2.3243,-3.2183,10.322,-0.59291,-0.42977,-0.19199,0.31379,0.037256,-0.83784,2.5455,8.6666,-1.7524,0.15467,0.070799,-0.80371,-0.79595,-0.48924,-0.12309,3.2891,-8.304,-0.97396,0.23466,-0.049488,0.74618,-0.80231,0.44288,0.11317
7.0106,0.32469,-6.9092,0.059258,-0.33964,0.019806,-1.0056,-0.080456,0.092617,3.318,5.4032,9.854,-0.35372,-0.19476,0.20999,0.31621,-0.41886,-0.72504,2.5631,-3.9213,11.629,0.33282,-0.14211,-0.11971,0.30651,0.043763,-0.84278,2.5452,8.7935,-1.6175,0.14613,0.022342,-0.90991,-0.77743,-0.51749,-0.12124,2.9375,-8.0785,-0.88965,0.19973,-0.14673,0.90134,-0.78933,0.46981,0.11388
7.5627,0.54206,-6.7991,0.20129,-0.23739,-0.051507,-1.0048,-0.07792,0.10357,3.2121,5.4361,9.088,-0.2274,-0.061203,0.12693,0.31,-0.41723,-0.72955,2.8579,-2.1149,10.907,0.12438,-0.21812,0.032071,0.30108,0.029819,-0.84605,2.8194,12.502,-3.9118,-0.1241,0.30161,-0.81734,-0.75797,-0.54408,-0.12288,3.2404,-9.9059,-2.0848,0.15487,-0.067545,0.92542,-0.77072,0.5014,0.11628
6.9851,1.0232,-7.4121,0.13874,-0.26778,-0.057006,-1.0033,-0.080584,0.11645,3.3046,4.477,8.9019,-0.32369,0.033073,0.081869,0.30826,-0.39846,-0.74163,3.1005,-2.7419,10.54,-0.22988,-0.15707,0.083031,0.29015,0.032578,-0.84894,2.3322,8.7937,-0.046144,-0.090503,-0.040475,-0.76557,-0.73993,-0.56732,-0.12433,2.7915,-10.688,-0.099791,-0.030528,-0.2211,0.67999,-0.7537,0.52614,0.11742
6.9672,0.6802,-6.8027,0.12481,-0.061783,0.051545,-1.0062,-0.076965,0.12178,3.1284,4.713,9.7087,-0.12275,0.28655,0.01223,0.31388,-0.39228,-0.74428,2.7222,-2.9022,11.564,-0.1648,0.099909,0.18594,0.28988,0.036201,-0.84931,3.3125,6.2399,-1.7943,0.026658,-0.1954,-1.002,-0.71867,-0.59344,-0.12223,3.4412,-6.8927,-0.99747,-0.4111,-0.44374,0.95666,-0.73777,0.54824,0.13395
6.9813,0.46562,-6.8936,0.07509,-0.014303,0.095038,-1.0085,-0.072093,0.12325,2.9246,4.7846,8.969,-0.021603,0.44869,-0.03758,0.32387,-0.3973,-0.73743,2.5467,-2.3725,10.56,-0.35405,0.27085,0.27176,0.29701,0.043645,-0.84703,2.6547,7.9752,-1.2992,0.25147,-0.20238,-1.0263,-0.69744,-0.617,-0.11633,3.2087,-7.3866,-0.44243,-0.46082,-0.31974,0.98035,-0.71478,0.57344,0.15144
7.3083,0.18931,-6.9973,0.016248,0.15807,0.081467,-1.0108,-0.064852,0.12258,2.8184,4.9653,8.2255,0.069088,0.58742,-0.14075,0.34196,-0.39698,-0.73037,2.5621,-2.6659,10.333,-0.001254,0.38663,0.37748,0.30783,0.045916,-0.84403,1.8132,10.52,-0.95879,0.029335,-0.52999,-1.096,-0.66971,-0.64561,-0.10135,2.9272,-10.135,-0.11095,-0.18974,-0.54516,1.0354,-0.69023,0.59665,0.1718
7.6229,0.73368,-6.6706,0.23915,0.52005,0.036506,-1.0148,-0.060766,0.11039,2.3217,5.7547,9.4144,0.23437,0.8823,-0.42147,0.37135,-0.39957,-0.71836,2.3228,-2.6511,10.855,-0.047234,0.64348,0.33549,0.32576,0.041692,-0.83673,2.1659,10.229,-0.89136,-0.77672,-0.73951,-1.0826,-0.64176,-0.67113,-0.09357,2.6412,-9.9484,-1.968,0.016428,-0.50811,1.047,-0.6617,0.62453,0.18916
8.2771,0.76992,-5.9268,0.35325,0.97074,0.12785,-1.0218,-0.052359,0.081519,2.6853,8.4967,7.9347,-0.19688,0.83937,-1.1131,0.41266,-0.38628,-0.70314,0.64104,-2.4731,11.078,-0.17093,0.77685,0.26804,0.3508,0.040644,-0.82539,2.8052,8.1374,-0.47859,-0.99092,-0.57232,-1.0907,-0.61006,-0.69712,-0.10158,3.2956,-8.5335,-1.5721,0.32183,-0.6627,0.97975,-0.63124,0.65337,0.20417
9.2449,0.90761,-5.2471,0.73218,1.6723,0.21121,-1.0279,-0.043869,0.034276,2.2589,5.0407,11.627,-1.9195,0.73341,-2.0478,0.46028,-0.31815,-0.70981,-1.3116,-1.6372,13.31,0.084892,0.86867,0.20088,0.37648,0.038922,-0.81362,2.2863,7.6081,0.044257,-0.62318,-0.52244,-1.2378,-0.57744,-0.72043,-0.11321,3.6635,-8.1925,-1.3035,0.27588,-0.66,1.0385,-0.59985,0.68016,0.21342
8.6587,0.40439,-4.1954,0.4148,2.061,0.56658,-1.0311,-0.028654,-0.030372,-0.034995,2.3567,10.228,-0.17258,1.1683,-2.1318,0.51359,-0.2613,-0.69926,-1.1391,-1.8872,11.554,-0.27712,0.68582,0.30967,0.40173,0.040788,-0.79784,2.0255,9.0458,0.35257,-0.22658,-0.51316,-1.3459,-0.54309,-0.74371,-0.11626,3.3463,-9.512,-1.6561,0.13184,-0.48344,1.1922,-0.56829,0.70662,0.2158
8.5022,-1.1802,-4.0577,0.31576,2.5041,0.53712,-1.0296,-0.003426,-0.11585,-1.7511,0.61145,5.7912,0.013037,0.73785,-1.4409,0.55685,-0.22637,-0.67761,1.8568,-5.1103,8.1033,0.88241,0.23625,0.79467,0.41208,0.023691,-0.78931,2.2166,9.8843,0.8957,0.3726,-0.42592,-1.2744,-0.5033,-0.76901,-0.10465,2.4605,-10.756,-1.5175,-0.088361,-0.33469,1.2195,-0.53111,0.73109,0.22567
8.4878,-0.31155,-2.6496,0.58739,2.9886,-0.50233,-1.0181,-0.008298,-0.21966,-2.6614,0.48816,5.7438,0.47589,0.2912,-0.68261,0.581,-0.21156,-0.66608,2.8923,-3.0372,6.8605,1.6293,0.36224,1.2803,0.42236,-0.042628,-0.78239,1.2116,10.497,0.4922,0.84134,-0.31158,-1.2364,-0.46553,-0.79281,-0.077954,2.1307,-10.994,-1.2473,-0.11037,-0.44602,0.9458,-0.49596,0.75146,0.23795
10.725,1.0116,-0.8484,-0.085002,3.1232,0.3921,-0.99864,-0.00549,-0.34482,-2.7606,3.9981,7.8394,0.79019,-0.090619,-0.62358,0.59555,-0.1982,-0.66023,2.2643,-0.52556,6.7021,1.334,0.46426,1.2996,0.43532,-0.11585,-0.76461,-0.26009,11.01,-1.6762,1.2806,-0.46814,-1.1483,-0.42315,-0.81825,-0.029833,1.7634,-11.112,-1.3958,-0.312,-0.30932,0.73754,-0.4672,0.76517,0.25239
9.4984,-1.319,2.7679,-0.10263,2.3049,0.061787,-0.96375,0.008502,-0.44105,-2.1728,5.3347,10.131,0.36008,-0.046216,-0.84175,0.60106,-0.19667,-0.6584,1.9955,1.3505,6.5359,0.56423,0.64722,1.4776,0.44686,-0.17046,-0.74743,-0.27379,12.773,-3.6442,1.1933,-0.29803,-0.87596,-0.38896,-0.83164,0.021018,0.34734,-11.051,-1.8454,-0.56025,-0.39168,0.58989,-0.44354,0.77233,0.27395
9.9384,-0.55988,0.98564,0.22729,1.6498,-0.34718,-0.93032,-0.005257,-0.49821,-3.4137,7.1646,10.759,0.068135,0.18928,-1.3102,0.61116,-0.19121,-0.65251,0.41506,1.2892,8.4566,0.13148,0.73921,1.3285,0.45927,-0.21076,-0.73275,-1.2604,12.183,-5.2389,0.54248,-0.24303,-0.75402,-0.36232,-0.83749,0.051469,-0.37232,-11.015,-2.5298,-0.5037,-0.32626,0.43584,-0.42368,0.77447,0.29362
9.7319,-0.70181,-0.16578,-0.049449,2.0878,-0.074108,-0.89249,-0.012322,-0.55724,-3.0511,4.8784,9.2803,-0.43337,0.23377,-1.4733,0.62832,-0.14774,-0.64797,-0.041328,-1.2561,8.7996,-0.37049,0.57227,1.2583,0.47088,-0.22986,-0.72159,-2.6181,12.093,-4.6809,-0.39226,-0.10356,-0.27834,-0.34552,-0.84391,0.052795,-1.3316,-10.912,-3.2106,-0.35347,-0.17555,0.31298,-0.41087,0.77525,0.31085
10.491,-1.3105,2.3428,0.36102,2.1733,-0.097447,-0.84552,-0.016115,-0.62687,-2.4766,3.6403,7.6232,-0.43734,-0.048755,-1.4838,0.6376,-0.10071,-0.64756,-0.96724,-1.89,10.068,0.003826,0.31527,1.2861,0.47553,-0.25429,-0.71915,-3.1338,11.18,-3.6699,-0.58754,0.10143,0.13327,-0.34291,-0.84395,0.032499,-1.8024,-10.507,-2.7991,-0.012959,0.044392,0.13292,-0.40309,0.77699,0.31583
9.5065,0.54712,2.9144,0.48126,1.2346,-0.1197,-0.80444,-0.037315,-0.66286,-2.3909,3.0618,7.896,-0.35843,-0.47981,-1.4439,0.63988,-0.03749,-0.66171,-2.0582,-1.3473,11.003,0.11038,0.26298,1.2576,0.47025,-0.27423,-0.71685,-2.7862,8.227,-2.1141,-0.21364,0.17129,0.25237,-0.35263,-0.84147,0.01777,-1.6128,-9.4799,-2.0685,0.23375,0.07591,-0.031306,-0.40495,0.77569,0.31209
8.7449,0.28613,3.0188,-0.058848,0.97678,0.11132,-0.77596,-0.042543,-0.69013,-1.1796,4.9074,7.263,-0.075954,-0.7891,-1.7658,0.62567,0.00391,-0.67801,-3.6289,1.1379,10.62,0.72767,0.26601,1.077,0.46449,-0.31378,-0.70951,-2.0074,8.479,-0.66569,0.070691,0.11241,0.066771,-0.35911,-0.83922,0.014712,-1.3128,-9.4226,-1.7794,0.19005,0.042405,0.052561,-0.40388,0.77812,0.30532
8.9519,-0.49774,2.2543,0.03913,1.0331,0.16771,-0.75206,-0.039924,-0.72069,0.14168,4.8848,5.9101,-0.21438,-0.65749,-1.858,0.60239,0.045382,-0.69454,-3.0988,0.98707,9.4037,0.41163,0.52758,0.7453,0.45964,-0.35224,-0.69877,-2.0249,8.8997,-0.83907,0.064019,0.031356,-0.08637,-0.35855,-0.84139,0.01422,-1.3579,-9.354,-2.1087,0.13849,0.002497,0.12479,-0.40239,0.78333,0.29759
9.9903,-0.6169,4.0445,0.014227,1.0718,0.038201,-0.72063,-0.03973,-0.74988,-0.13691,1.2026,5.3278,0.93279,-0.06145,-1.6186,0.58988,0.076114,-0.70278,-3.1769,0.64854,10.142,1.2194,0.51428,0.25508,0.46561,-0.38409,-0.68002,-2.7332,9.4948,-2.1444,-0.18608,-0.034939,-0.10883,-0.35442,-0.84259,0.013893,-1.6289,-9.9113,-2.5929,0.38685,0.044391,0.063095,-0.39911,0.78764,0.28887
9.0554,0.22084,3.9086,0.23508,0.73991,-0.12065,-0.69587,-0.04563,-0.76968,-2.3864,1.7152,8.1037,1.6714,0.061266,-1.3086,0.58998,0.067335,-0.70727,-1.1024,-3.8407,9.6597,1.1034,0.96798,0.143,0.48229,-0.41698,-0.64778,-2.5275,9.918,-2.726,-0.28057,-0.020744,0.071322,-0.35484,-0.84207,0.003793,-1.7358,-11.076,-2.6202,0.71688,0.12127,-0.096297,-0.40092,0.79514,0.26906
8.4085,0.18412,3.2693,0.042861,0.81373,-0.17514,-0.68079,-0.046252,-0.77616,-3.4294,1.5153,14.728,1.745,0.56786,-1.2034,0.59085,0.054962,-0.70764,-1.6066,-1.3624,10.069,1.3364,1.1148,0.7769,0.50209,-0.46253,-0.59823,-2.4202,11.709,-3.9862,-0.38658,0.10092,0.29306,-0.35733,-0.83988,-0.002481,-1.6174,-12.041,-2.4191,1.4268,0.48344,-0.39321,-0.41292,0.80004,0.23308
7.9286,-0.28745,3.5983,0.028285,0.85233,-0.10423,-0.65754,-0.049098,-0.7991,-5.2828,4.4465,15.294,1.0952,1.049,-1.216,0.61353,0.0448,-0.68908,-2.1343,-1.8602,12.724,0.45577,1.6322,1.2739,0.51087,-0.50139,-0.55846,-1.4027,12.371,-1.7307,-0.86295,0.24394,0.62954,-0.37379,-0.83264,-0.025653,-0.12668,-8.6637,-0.33787,0.88688,0.38872,-0.29742,-0.42749,0.80476,0.18377
8.9006,-0.19172,5.5087,-0.14254,0.80702,-0.084014,-0.63426,-0.054722,-0.8191,-5.6651,3.4942,10.777,1.2446,1.1372,-1.49,0.64718,0.043579,-0.66017,-4.8346,5.9743,8.8676,0.62387,2.075,1.4614,0.52215,-0.54881,-0.50879,-1.2413,11.546,-1.6365,-1.0986,0.11041,0.71313,-0.39662,-0.82351,-0.062609,-0.51937,-10.507,-0.42418,0.2452,0.050209,-0.3069,-0.43757,0.80459,0.16026
9.1242,-0.083143,5.6976,0.061741,0.6504,0.037356,-0.6115,-0.055525,-0.83635,-6.3355,3.643,7.1816,1.5347,0.13689,-1.8056,0.65981,0.049263,-0.64807,-6.3291,6.2931,6.2408,-0.5037,2.1495,0.97597,0.53714,-0.5744,-0.46771,-0.90759,9.556,-0.69729,-0.35883,0.1992,0.88815,-0.4226,-0.80981,-0.087289,0.16731,-12.26,0.12058,0.002433,0.008791,-0.65685,-0.45431,0.79802,0.15535
8.8224,-0.6603,6.1392,-0.34416,0.57666,0.21675,-0.59752,-0.042949,-0.84549,-5.6939,-3.8198,3.3215,2.8341,0.078843,-1.7251,0.65507,0.038553,-0.65382,-7.3989,8.9872,-1.7241,-0.22529,1.5225,0.31891,0.55417,-0.57893,-0.43851,-0.94127,10.001,-1.3437,-0.15339,0.081028,0.95975,-0.45546,-0.79273,-0.097247,0.21189,-12.123,-0.53572,-0.28657,-0.23983,-0.88848,-0.47781,0.78195,0.16337
7.1093,-0.47598,6.0901,-0.19571,0.14604,0.16027,-0.5891,-0.02384,-0.84664,-7.8164,-1.4783,5.4334,1.0214,0.43971,-0.65369,0.67471,0.018201,-0.64099,-10.548,7.0539,-1.9851,-0.11574,-0.019132,-0.39438,0.57585,-0.57488,-0.42146,0.22646,10.157,0.090134,0.2272,0.17683,0.90051,-0.4897,-0.77435,-0.10033,1.5296,-11.946,-1.6112,-0.20081,-0.17912,-1.2516,-0.50906,0.75796,0.1819
6.2469,0.45342,6.9775,0.076738,-0.021566,-0.046578,-0.58765,-0.024617,-0.84697,-6.0545,-2.9402,6.847,0.03329,-0.23839,0.78615,0.66914,0.004882,-0.64596,-8.5195,3.6345,3.144,-0.41922,-0.73594,-0.41372,0.57409,-0.55644,-0.44151,2.0255,8.7933,-0.24738,0.064809,0.21132,0.87038,-0.51911,-0.75808,-0.10031,1.7991,-8.1341,-0.55791,-0.32994,0.40186,-1.3381,-0.54896,0.72888,0.18474
6.5286,-0.051276,6.648,-0.31649,-0.44401,-0.068103,-0.59285,-0.022952,-0.84972,-6.8437,4.1137,7.115,-0.23358,0.003049,1.2457,0.66143,-0.033655,-0.64943,-7.471,4.3149,6.4143,0.22879,-0.70749,-0.47444,0.57117,-0.54897,-0.45703,2.7706,9.0817,-0.36777,-0.15408,0.30279,0.88603,-0.54124,-0.74126,-0.10375,2.6037,-6.067,-1.0243,0.077256,0.25386,-0.83765,-0.58006,0.70772,0.1787
8.1834,-0.049196,6.5114,-0.12884,-0.1237,-0.17942,-0.60492,-0.016557,-0.84383,-6.9406,4.8826,8.5274,-0.9668,-0.021701,0.86053,0.65623,-0.038944,-0.65078,-6.5521,4.2683,9.128,0.32514,-0.59801,-0.38912,0.56934,-0.54328,-0.46317,2.0218,9.4834,-0.29322,0.16747,0.27278,0.80743,-0.5662,-0.72445,-0.10914,2.9435,-9.0881,-0.57103,0.4588,0.11961,-0.58626,-0.59889,0.69542,0.16415
8.2719,-0.34542,6.3087,-0.04581,-0.64101,-0.069476,-0.61574,-0.015334,-0.83733,-4.9686,6.8084,7.8119,-0.47993,0.17068,0.41175,0.6571,-0.039629,-0.64917,-5.704,3.7987,9.902,0.010928,-0.35513,-0.23337,0.56794,-0.53802,-0.46865,1.2207,10.76,-1.4286,0.31761,0.27302,0.93473,-0.59309,-0.7061,-0.10718,2.345,-12.623,-1.4722,0.15196,0.33598,-0.65421,-0.61599,0.68433,0.14976
8.5874,-0.40287,5.214,0.11584,-0.72979,-0.037892,-0.64765,-0.01786,-0.81721,-4.7525,6.0033,9.3309,-0.95294,0.31969,0.23501,0.66051,-0.023134,-0.64294,-5.572,2.1494,9.9278,0.22204,-0.26859,-0.082924,0.55613,-0.53155,-0.47897,1.6348,8.9295,-0.92313,0.35951,0.27103,0.98554,-0.62105,-0.68297,-0.10605,1.609,-10.468,0.69512,0.02919,0.32194,-1.1033,-0.64059,0.6574,0.13358
8.47,-0.16359,4.8939,0.11805,-0.65455,-0.03276,-0.66922,-0.018794,-0.80284,-4.6163,5.4825,8.7291,-1.0816,0.40982,0.000852,0.66817,0.001038,-0.6334,-5.618,2.0505,9.7382,0.17773,-0.17015,0.32347,0.54942,-0.53827,-0.47774,2.622,8.7083,-0.87304,0.36839,0.52218,0.80544,-0.6461,-0.66242,-0.10885,2.9708,-6.2871,-0.51819,-0.38375,0.35417,-0.96986,-0.66975,0.63215,0.13152
8.561,-0.073566,4.4251,0.072699,-0.67126,-0.024554,-0.68371,-0.022707,-0.79031,-4.9449,4.6811,8.026,-1.2129,0.40735,-0.098744,0.67939,0.025331,-0.62262,-5.076,1.8039,9.0368,0.20142,-0.097763,0.51633,0.54544,-0.54952,-0.47212,2.6201,9.1723,-0.656,0.20833,0.46256,0.83424,-0.66667,-0.64452,-0.10737,3.1835,-8.8948,-0.62622,-0.50008,0.54506,-0.72589,-0.69114,0.61066,0.12925
9.2034,-0.27478,3.429,0.047644,-0.57254,0.05069,-0.70324,-0.023045,-0.77492,-5.3679,4.4539,7.381,-1.5356,0.36831,-0.06603,0.68545,0.060373,-0.61017,-4.7329,1.987,8.9852,0.39395,0.062483,0.60089,0.53323,-0.5659,-0.46564,2.5142,9.2931,-0.94337,0.029812,0.37834,0.86277,-0.68748,-0.62312,-0.11389,2.9567,-10.69,0.33629,-0.1945,0.23538,-0.85154,-0.71072,0.58644,0.12589
9.2631,-0.22358,3.4745,0.13354,-0.43901,0.022883,-0.71752,-0.023589,-0.76347,-5.829,2.4865,7.6414,-1.5378,0.31615,-0.034621,0.69315,0.10174,-0.5968,-4.5693,3.5218,8.4036,0.67391,0.22306,0.42246,0.52438,-0.5834,-0.4468,2.6198,9.0986,-0.97105,0.003026,0.37476,0.78858,-0.7058,-0.60126,-0.12318,3.558,-9.0469,-0.35136,0.18384,0.22089,-0.92165,-0.7304,0.56079,0.11912
9.189,-0.25182,3.2724,0.035165,-0.52115,0.070507,-0.73361,-0.02421,-0.74836,-6.1899,2.2439,7.1909,-0.97762,0.25887,-0.034314,0.69988,0.13716,-0.58337,-4.6463,4.2844,8.526,0.60261,0.42718,0.14376,0.51736,-0.60292,-0.4268,3.0263,8.5744,-0.75223,0.14217,0.31889,0.72456,-0.72308,-0.58226,-0.13843,3.4851,-7.7084,-0.64034,-0.091106,0.29559,-0.72513,-0.74636,0.53768,0.11267
8.8322,-0.24011,2.9116,0.12543,-0.58914,0.074517,-0.74923,-0.023001,-0.73457,-6.1023,1.9764,6.8695,-0.73117,0.036884,0.07626,0.70136,0.15434,-0.57454,-5.1766,3.8405,8.4035,0.99689,0.52422,-0.10837,0.52587,-0.61399,-0.39472,3.0626,8.8143,-0.70675,0.16809,0.23526,0.78932,-0.74048,-0.56062,-0.14218,3.5518,-8.1871,-0.57327,-0.5912,0.22181,-0.73526,-0.76145,0.51466,0.11288
9.4296,-0.39003,2.1467,0.20783,-0.47589,0.008496,-0.7643,-0.026436,-0.72046,-6.023,1.7286,6.9539,-0.47141,-0.10507,0.25474,0.69966,0.15864,-0.57174,-5.6878,4.5171,6.433,0.781,0.46462,-0.42673,0.54388,-0.6182,-0.36084,3.1137,9.1212,-0.51098,0.21538,0.17706,0.72899,-0.7573,-0.53966,-0.14184,3.7826,-9.1976,-0.28821,-0.3971,0.033723,-0.71806,-0.77608,0.49031,0.11538
11.265,-0.33234,4.429,0.45857,-0.91943,0.074882,-0.7756,-0.031601,-0.70553,-5.7409,1.6596,7.6795,-0.85333,-0.14167,0.46938,0.69702,0.16289,-0.57196,-5.7977,3.4549,6.0537,0.29442,0.00646,-0.57849,0.55875,-0.61028,-0.34451,3.1705,9.4239,-1.1029,0.22512,0.20334,0.6145,-0.77144,-0.5232,-0.14175,3.8864,-9.5777,-0.67595,-0.064009,0.008505,-0.65305,-0.78966,0.46991,0.11851
9.8918,-0.31253,2.2179,-0.16853,-1.3422,0.17774,-0.80358,-0.026815,-0.66637,-5.4935,-0.10343,7.758,-0.60432,0.047721,0.95187,0.7009,0.16124,-0.56745,-5.426,3.2147,5.0122,0.31993,-0.53374,-0.7243,0.56806,-0.59658,-0.34391,3.7523,9.2419,-1.8638,0.18224,0.25238,0.64121,-0.78418,-0.50464,-0.1437,4.0369,-8.9266,-1.2095,-0.06489,0.11082,-0.68865,-0.80198,0.44926,0.12048
10.713,-0.69934,0.96076,-0.16577,-1.8294,-0.19772,-0.83639,-0.031801,-0.61066,-5.3839,2.6348,7.0494,-0.39086,0.006186,1.2473,0.70434,0.13425,-0.56599,-4.6306,1.9357,6.4083,-0.002702,-0.898,-0.72181,0.57672,-0.57617,-0.35621,3.65,8.7003,-1.7299,0.16752,0.12736,0.65534,-0.79629,-0.4873,-0.14671,3.9774,-8.7928,-0.96365,-0.19509,-0.069013,-0.65061,-0.81041,0.42417,0.12426
9.688,-0.053062,0.71845,-0.17919,-1.8999,-0.088086,-0.8663,-0.039946,-0.54829,-3.825,2.552,7.5811,-0.85299,-0.13172,1.5512,0.70587,0.11256,-0.56537,-4.4142,3.6319,6.343,-0.32776,-1.1966,-0.87095,0.57715,-0.55476,-0.38524,3.6668,8.296,-1.8717,0.21754,0.025109,0.56013,-0.81074,-0.46816,-0.14639,4.2775,-8.2849,-1.3233,-0.31454,-0.19987,-0.58261,-0.81729,0.40561,0.13564
9.0725,-0.057909,-0.54708,-0.46155,-2.1908,-0.23782,-0.89842,-0.040266,-0.47938,-3.4566,3.9199,6.9675,-0.39014,-0.3092,1.5004,0.70701,0.084194,-0.56608,-2.978,1.6045,6.3536,-0.42263,-1.5151,-1.2442,0.57397,-0.52485,-0.4285,3.9528,7.9291,-1.753,0.2643,0.008952,0.37288,-0.82022,-0.45654,-0.14189,4.293,-7.9859,-1.4119,-0.204,-0.22255,-0.48447,-0.8264,0.38774,0.14045
9.107,0.015629,-2.3443,-0.3892,-2.0716,-0.23923,-0.92933,-0.046384,-0.40559,-3.2493,2.593,7.1182,-0.42927,-0.60121,1.6617,0.69734,0.048736,-0.5789,-1.5661,2.1306,6.8108,-1.0176,-1.637,-1.5909,0.5724,-0.47722,-0.48232,3.6054,8.581,-1.9408,0.27121,0.1235,0.30498,-0.828,-0.44854,-0.1407,4.2016,-8.7167,-1.6544,-0.26833,-0.052516,-0.35467,-0.83011,0.37317,0.14882
8.9841,0.015319,-3.8822,-0.53522,-1.8549,-0.087239,-0.952,-0.04885,-0.33683,-2.9,4.5432,6.4342,0.23168,-0.84952,1.8216,0.67884,0.001682,-0.59923,0.11609,-1.9209,8.2808,-0.77082,-1.5698,-1.987,0.57503,-0.41737,-0.53727,3.2746,8.9401,-2.0528,0.40579,0.20787,0.088594,-0.83165,-0.44514,-0.14127,3.7512,-9.1394,-1.9471,-0.42985,0.056458,-0.26198,-0.8357,0.36203,0.15388
8.9111,-0.20964,-4.9137,-0.38224,-1.5409,-0.095743,-0.96908,-0.049768,-0.27534,-1.8393,4.6161,7.3427,-0.19385,-1.1114,2.1227,0.65102,-0.049664,-0.6253,-0.62022,0.60102,9.3406,-0.74428,-1.7443,-1.997,0.56812,-0.35409,-0.58956,3.4832,9.1276,-1.8388,0.2294,0.28714,-0.056417,-0.82953,-0.44813,-0.14431,3.5267,-9.2595,-1.4731,-0.42706,0.11607,-0.19725,-0.83383,0.35359,0.15979
8.4912,0.32382,-5.9505,-0.0938,-1.2767,-0.071025,-0.98066,-0.051855,-0.22536,1.3195,6.3305,7.6882,-0.036788,-0.9575,2.4742,0.61236,-0.10586,-0.65148,3.1294,-2.6668,10.677,-1.0877,-2.137,-2.0937,0.54499,-0.28151,-0.6477,2.8705,9.2891,-1.5887,0.089152,0.24712,-0.075171,-0.82648,-0.45198,-0.15188,3.7089,-7.984,-1.1827,-0.35989,0.11558,-0.098057,-0.83589,0.34711,0.16303
8.1852,0.15635,-6.0658,-0.33235,-0.91709,0.031028,-0.99036,-0.05068,-0.18774,4.2379,7.0247,8.4432,-0.51346,-0.84225,2.1762,0.58018,-0.15174,-0.67103,4.5624,-1.7452,11.259,-0.74349,-1.9308,-1.5228,0.51658,-0.22563,-0.69098,2.5469,8.2757,-1.6841,-0.028245,-0.041313,-0.084452,-0.82573,-0.45584,-0.15524,3.7107,-6.7881,-1.3736,-0.5665,0.18009,0.11448,-0.83875,0.34433,0.16153
8.1691,0.27959,-5.3563,-0.15696,-0.96235,-0.20288,-0.99442,-0.05351,-0.15654,5.8477,2.2543,8.7132,0.74901,-0.57528,1.9658,0.5452,-0.19626,-0.68468,6.3545,-0.60174,10.421,-0.52797,-1.9344,-1.2534,0.47286,-0.18376,-0.73176,2.4702,8.3235,-2.421,-0.058053,-0.097612,-0.098989,-0.82552,-0.45781,-0.15405,3.0033,-8.3359,-2.1518,-0.53278,0.075382,0.14663,-0.83727,0.34525,0.16381
7.0141,1.1393,-6.8591,-0.27527,-1.0908,-0.17255,-0.99657,-0.062617,-0.11708,5.0048,5.3159,6.8483,1.2986,-0.40739,1.597,0.51588,-0.26952,-0.67989,6.7683,-0.59508,10.918,-0.11152,-1.2991,-0.4876,0.43148,-0.16143,-0.76109,2.6752,8.9262,-2.8752,0.10479,-0.11904,-0.068149,-0.82354,-0.46331,-0.15158,2.8124,-9.8999,-3.2424,-0.30349,-0.047084,0.069405,-0.83825,0.34717,0.16891
6.9683,0.79961,-7.0258,-0.34752,-1.0472,-0.1601,-0.9967,-0.068089,-0.079702,5.178,5.2302,8.4991,0.386,-0.45468,1.342,0.48304,-0.31735,-0.68094,6.223,1.1992,12.338,-0.72503,-0.49854,0.34793,0.39611,-0.14715,-0.7806,2.7961,8.5823,-3.0299,0.011429,-0.066167,-0.056398,-0.82253,-0.46602,-0.14813,2.8954,-9.4439,-3.4415,-0.063625,-0.084577,-0.054503,-0.83423,0.34688,0.1766
6.7031,1.0714,-7.7795,-0.26976,-1.1075,-0.1835,-0.99688,-0.076111,-0.038174,4.9739,5.3939,7.7501,1.294,-0.43179,0.84376,0.45721,-0.3595,-0.6755,4.502,-0.54756,11.096,-0.6879,-0.15296,0.37279,0.38505,-0.1299,-0.78843,2.4955,8.9412,-3.0439,0.039796,0.044888,-0.006124,-0.82235,-0.46631,-0.1472,3.1828,-8.0801,-2.91,0.029866,-0.11597,-0.1112,-0.83483,0.34502,0.17887
6.3028,1.2693,-8.2961,-0.33068,-0.75863,-0.11583,-1.0001,-0.081432,-0.005452,4.265,7.2788,8.0411,1.7269,-0.3657,0.38809,0.43941,-0.41523,-0.65798,3.0828,-1.8554,9.3661,-0.45368,0.10277,0.026888,0.39027,-0.11719,-0.78927,2.0923,9.2067,-2.347,-0.11562,-0.051428,0.12918,-0.8244,-0.46378,-0.14573,3.5284,-7.5893,-2.7236,0.07556,-0.12129,-0.022879,-0.8368,0.3409,0.18206
6.7621,1.0553,-7.5628,-0.2425,-0.58905,-0.006926,-0.99833,-0.083702,0.016904,4.0368,8.9267,9.656,1.2331,-0.11542,0.16164,0.42993,-0.45435,-0.63682,2.6593,-2.3226,9.7223,-0.063854,-0.12351,0.044365,0.38917,-0.11107,-0.79126,2.5764,8.4028,-1.5561,-0.16071,-0.14573,0.19015,-0.82571,-0.45535,-0.1445,3.5413,-8.6191,-3.0549,0.22637,-0.13191,0.042737,-0.83385,0.34275,0.18464
6.5905,0.79169,-7.9986,-0.029545,-0.42993,-0.051142,-0.99702,-0.085641,0.036574,3.2464,8.606,8.8429,0.38455,0.016516,0.074873,0.4278,-0.47638,-0.62501,3.59,-1.6915,8.6228,-0.15401,-0.10012,-0.033951,0.3844,-0.10868,-0.79383,3.1736,8.3686,-1.7841,-0.19697,-0.30187,0.048716,-0.82995,-0.4495,-0.1383,3.6004,-9.2025,-2.906,0.3315,-0.14575,0.005301,-0.83338,0.34668,0.1863
6.3403,1.3429,-8.258,0.1514,-0.15413,-0.10682,-0.99282,-0.088999,0.045429,2.7557,7.5348,7.7803,-0.50625,0.016321,0.12463,0.42663,-0.47722,-0.62299,3.0529,-1.301,8.9844,-0.19674,-0.060869,-0.30165,0.38899,-0.097886,-0.79465,3.2438,8.9714,-2.3836,-0.40972,-0.35708,0.098703,-0.83155,-0.44144,-0.13067,3.6316,-8.7411,-2.4635,0.43841,-0.14708,-0.03389,-0.83326,0.35037,0.18504
6.769,1.2162,-7.0619,0.05738,-0.031978,-0.030768,-0.99401,-0.090338,0.047926,2.4342,6.1176,6.5859,-0.8661,-0.12241,0.16926,0.42388,-0.46031,-0.63743,2.6701,-0.89985,8.4753,-0.38416,-0.20461,-0.28632,0.3851,-0.084154,-0.79975,3.2586,9.0089,-2.3608,-0.50446,-0.28922,0.045353,-0.83506,-0.43716,-0.12731,3.9328,-8.0871,-1.8963,0.52248,-0.097305,0.024873,-0.83286,0.35383,0.18022
6.5687,1.3369,-7.2044,0.067638,-0.1075,0.033386,-0.99566,-0.090365,0.054531,2.904,5.7354,6.8981,-0.79115,-0.16495,0.16312,0.41541,-0.44028,-0.65884,2.931,-1.6028,9.7115,-0.63248,-0.18359,-0.36606,0.37702,-0.065231,-0.80546,3.2969,8.9849,-1.9699,-0.39624,-0.10112,-0.17832,-0.83395,-0.43516,-0.12635,3.7977,-8.3187,-1.705,0.4447,-0.019029,0.18485,-0.83142,0.3594,0.17553
6.8712,0.85894,-6.8471,0.071234,-0.077336,0.069773,-0.99642,-0.086071,0.057805,2.769,5.5781,7.3267,-0.52993,-0.19822,0.15008,0.41086,-0.42532,-0.67347,2.5763,-2.0765,9.4821,-0.48231,-0.19104,-0.28744,0.37428,-0.041621,-0.80991,3.3073,8.6231,-1.5266,-0.20886,0.15997,-0.35302,-0.82944,-0.44201,-0.13319,3.707,-8.8488,-1.6631,0.24876,0.092553,0.41769,-0.82828,0.37157,0.16984
6.6855,0.84666,-7.1097,0.10943,-0.049886,0.073323,-0.99978,-0.084352,0.062197,2.5142,4.3028,6.3691,-0.27551,-0.37443,0.24462,0.39756,-0.41667,-0.68587,2.6573,-1.9805,8.5795,-0.031925,-0.34145,-0.13439,0.36399,-0.032935,-0.81495,3.3551,8.2911,-1.0076,-0.085319,0.14472,-0.5614,-0.81731,-0.45597,-0.13782,3.5125,-8.7286,-1.6138,0.10576,0.23943,0.61266,-0.82154,0.38827,0.16153
7.0858,0.69296,-6.5257,0.24234,0.0526,0.010201,-1.0008,-0.080238,0.057726,3.0183,5.6614,6.6652,-0.30461,-0.44619,0.20207,0.38119,-0.41243,-0.69849,2.6975,-1.5959,9.2237,-0.011564,-0.3222,-0.09632,0.35386,-0.027203,-0.82177,3.2807,8.2606,-0.94155,0.013582,0.044199,-0.70416,-0.80491,-0.47649,-0.14505,3.3184,-8.6249,-1.0864,0.17795,0.024372,0.68712,-0.81267,0.41221,0.15461
6.8641,0.9772,-6.7643,0.051914,-0.057978,0.16908,-1.0033,-0.076589,0.061739,2.9655,4.4489,6.7104,-0.49735,-0.49455,0.11253,0.36603,-0.40179,-0.71375,2.4631,-1.9175,10.407,0.22538,-0.38473,0.084756,0.34156,-0.029917,-0.82671,3.0543,8.5016,-1.404,0.17481,0.021144,-0.79958,-0.78883,-0.49804,-0.14346,3.4541,-8.0574,-1.2096,0.011829,-0.065237,0.80714,-0.8008,0.43689,0.15613
7.2194,0.54388,-6.563,0.072533,-0.13212,0.12112,-1.0069,-0.066823,0.06833,2.3915,4.6957,7.804,-0.11027,-0.46131,0.065022,0.35328,-0.39804,-0.72164,2.1898,-1.9218,10.843,0.24705,-0.005774,-0.041706,0.33692,-0.042352,-0.82935,2.4664,9.3557,-1.7469,0.20721,0.000271,-0.78454,-0.77199,-0.52383,-0.13816,3.4461,-8.2286,-1.367,-0.045775,-0.20152,0.90135,-0.78615,0.46264,0.15956
7.7402,0.61933,-6.096,-0.058037,-0.21815,0.031103,-1.0087,-0.063254,0.075171,2.0992,5.8959,10.248,-0.24094,-0.28712,0.10811,0.34218,-0.39279,-0.73218,1.3797,-1.8934,12.089,0.066697,0.035743,0.033876,0.3377,-0.046254,-0.82883,2.4407,11.113,-2.4471,0.16251,0.062008,-0.69731,-0.75688,-0.5465,-0.13373,3.2089,-10.885,-2.0356,0.036209,-0.055231,0.75942,-0.76946,0.48854,0.16372
7.7582,0.69771,-7.2144,-0.12112,-0.20587,-0.001007,-1.0082,-0.063645,0.085063,2.1281,5.6139,9.9232,-0.133,-0.033017,0.27392,0.33515,-0.3912,-0.73518,2.5255,-1.9005,11.5,0.12818,0.076631,0.16684,0.33965,-0.050186,-0.82987,2.6595,8.6466,-0.59432,0.2692,-0.29559,-0.72493,-0.7425,-0.56544,-0.12568,3.0773,-9.5809,-0.80916,-0.16407,-0.4276,0.64348,-0.75617,0.50661,0.17256
7.5652,0.97253,-7.0052,0.00134,0.076619,0.074553,-1.0093,-0.060921,0.084601,2.594,4.4172,11.184,0.69514,0.30117,0.23149,0.33219,-0.39644,-0.73331,1.9276,-2.3182,10.589,0.48675,0.10483,0.35259,0.34032,-0.065197,-0.82665,3.5229,7.2899,-1.7534,0.091925,-0.30299,-0.88065,-0.72201,-0.59262,-0.11235,3.7557,-6.5329,-1.7756,-0.11816,-0.42293,0.87089,-0.73737,0.53187,0.19256
7.4717,0.54025,-6.1582,0.05459,0.30251,0.16031,-1.0142,-0.053478,0.077155,2.6633,6.7088,8.6216,1.0855,0.5009,0.012625,0.34559,-0.43296,-0.70718,2.3057,-0.38426,8.9816,0.50948,0.11352,0.29025,0.343,-0.08918,-0.82345,2.6679,8.1398,-1.3514,0.18168,-0.31325,-0.93697,-0.70102,-0.61722,-0.09939,3.2748,-7.6075,-1.443,-0.17175,-0.42306,0.95631,-0.71381,0.55644,0.20691
7.2029,0.27677,-6.4231,0.10218,0.39442,0.1654,-1.0173,-0.046808,0.069119,2.4273,6.1224,8.5641,-0.12667,0.61101,-0.19567,0.3641,-0.44261,-0.69434,1.8763,0.064976,8.8205,0.21368,0.22747,0.1779,0.34545,-0.10259,-0.81981,2.1103,8.9116,-1.7011,0.20445,-0.52432,-1.0265,-0.67681,-0.63976,-0.084455,2.9423,-9.459,-1.3042,0.079434,-0.54399,1.0401,-0.6901,0.58101,0.22138
7.8425,0.092969,-6.2031,0.22109,0.62757,0.15278,-1.0199,-0.038841,0.050557,1.5274,6.1958,9.424,0.23815,0.85067,-0.48651,0.39195,-0.43654,-0.6831,1.6526,-0.54695,9.4341,-0.10834,0.36666,0.038142,0.354,-0.10283,-0.81435,2.0298,9.687,-2.4838,-0.12939,-0.55211,-1.129,-0.64985,-0.66816,-0.068199,2.4704,-9.4345,-1.2822,0.12422,-0.55583,1.0601,-0.66093,0.60973,0.23318
8.7979,0.52909,-6.0289,0.40907,1.1727,0.24292,-1.0259,-0.03047,0.017722,0.45588,7.023,8.8817,0.36086,0.76398,-0.77172,0.42856,-0.43894,-0.66202,1.7693,-0.5286,9.6849,-0.52114,0.40536,-0.19185,0.36597,-0.091967,-0.81091,2.3021,9.6372,-1.0828,-0.68163,-0.60339,-1.1029,-0.61976,-0.69403,-0.065418,2.3302,-8.5246,-0.68446,0.15901,-0.66878,1.052,-0.63118,0.63726,0.24554
9.3593,-0.057008,-5.0809,0.23122,1.917,0.56787,-1.0296,-0.008949,-0.046858,0.45007,6.3856,8.8302,-0.53393,0.49414,-0.93305,0.46409,-0.41909,-0.65203,0.77609,-1.1845,9.96,-1.0407,0.50813,-0.17757,0.38358,-0.060972,-0.80475,2.9318,9.0711,-1.3996,-1.0348,-0.49853,-1.1111,-0.58509,-0.71685,-0.077486,2.21,-8.1995,-1.6419,-0.27671,-0.63784,1.1944,-0.59439,0.66536,0.26342
9.3478,-1.5021,-3.0537,0.70873,2.5088,0.52499,-1.0286,0.018992,-0.13264,0.16341,5.3313,9.2659,-0.72723,0.42917,-1.1916,0.4948,-0.38106,-0.65648,-0.35977,-1.6988,11.438,-0.6107,0.50955,0.15019,0.39805,-0.031685,-0.79631,2.1774,9.1126,-1.2948,-0.68656,-0.38776,-1.2162,-0.55044,-0.74142,-0.09387,2.6284,-8.5582,-2.1438,-0.40752,-0.70622,1.2529,-0.55609,0.68864,0.29204
9.7084,-0.2281,-1.8788,0.54269,2.2635,0.004303,-1.0205,0.018556,-0.21288,1.1724,3.6076,8.2387,-0.50034,0.23714,-1.4267,0.52188,-0.34262,-0.65842,0.59027,-1.4799,11.273,0.086579,0.45895,0.93279,0.41425,-0.031336,-0.7886,1.497,9.921,0.24377,-0.18623,-0.40908,-1.1595,-0.51657,-0.76045,-0.10049,2.7602,-9.9157,-2.9296,-0.10489,-0.61374,1.3369,-0.51513,0.71058,0.31136
9.1051,-1.1247,-0.60599,0.257,2.0243,0.47641,-1.0075,0.031794,-0.29168,-0.59393,2.5588,9.5596,-0.51853,-0.053653,-1.6553,0.54597,-0.29583,-0.66404,0.48827,-2.5024,12.927,0.84666,0.64625,1.6749,0.42901,-0.071601,-0.77479,1.3715,11.313,0.80244,-0.10702,-0.60257,-0.9188,-0.48485,-0.7809,-0.092797,2.7731,-10.945,-3.4103,0.12059,-0.26584,1.3043,-0.47317,0.73579,0.3178
9.4311,-0.67444,1.0109,0.7406,1.9272,-0.16898,-0.98629,0.031346,-0.36647,-2.3095,3.4697,10.224,-0.82541,-0.70403,-1.7435,0.55549,-0.24009,-0.67917,0.31499,-3.323,12.098,1.1347,0.72867,1.9473,0.44682,-0.13628,-0.75525,1.671,10.942,0.24615,-0.016896,-0.43901,-0.70246,-0.45884,-0.79464,-0.087486,1.9615,-12.285,-3.7713,0.12375,-0.08079,1.0491,-0.43698,0.75774,0.31378
9.6381,1.2279,-0.88508,0.2248,1.8324,-0.12734,-0.96096,0.013742,-0.43592,-1.488,2.718,10.719,-1.4944,-0.94142,-1.404,0.54419,-0.16195,-0.71177,-0.087325,-3.204,9.3904,1.3783,0.41305,2.1624,0.45041,-0.22801,-0.73442,1.0034,12.124,-1.5392,0.49753,-0.17875,-0.53278,-0.44002,-0.80521,-0.068774,0.82994,-13.014,-2.9332,0.023445,-0.073139,0.63837,-0.40945,0.77232,0.31704
9.3345,0.28018,-0.40115,-0.42205,2.4247,-0.0013,-0.92701,0.019712,-0.51012,-0.76936,4.6146,10.564,-0.63145,-0.22319,-1.2406,0.5385,-0.10468,-0.73021,-0.94473,-2.2875,7.254,1.5184,0.43042,2.3055,0.44123,-0.31529,-0.71261,-0.7415,13.491,-3.654,0.69207,-0.095388,-0.38283,-0.42456,-0.8119,-0.043027,-0.84196,-13.82,-3.0832,0.11864,-0.11908,0.18999,-0.39608,0.77799,0.31577
10.184,-1.3246,2.7805,-0.32385,2.4043,-0.21794,-0.88103,0.027138,-0.58547,0.20777,7.0852,8.0688,-0.56815,0.43223,-1.5671,0.54727,-0.062024,-0.73039,0.007505,2.0753,7.4615,0.87798,0.86138,1.4673,0.43435,-0.37715,-0.68764,-1.5018,13.017,-4.0214,-0.13472,-0.019741,0.12846,-0.42263,-0.81205,-0.032855,-1.2128,-11.487,-3.3297,0.544,0.15529,-0.23697,-0.39598,0.78241,0.30523
9.6909,-1.1755,3.5313,-0.10167,1.0887,-0.15636,-0.84421,0.022757,-0.63363,-0.77979,4.0636,6.2749,-0.74764,0.65091,-1.8398,0.56852,-0.001658,-0.71921,-1.0088,3.537,7.6016,-0.16247,1.562,0.78296,0.45507,-0.4073,-0.66241,-0.85422,11.221,-2.5884,-0.99875,0.23039,0.47748,-0.43313,-0.80658,-0.058759,-1.4906,-8.4219,-1.436,0.60603,0.31888,-0.22153,-0.40853,0.78643,0.27958
9.0348,-1.715,2.6723,0.20219,0.96619,0.066983,-0.82044,0.024216,-0.65912,-1.478,2.323,6.7682,-1.5471,0.30899,-1.8025,0.58129,0.070821,-0.7095,-1.5037,0.57855,8.203,-0.29723,1.4017,0.81472,0.48407,-0.41217,-0.64462,-1.0584,8.1828,-0.81857,-0.59414,0.4368,0.37959,-0.44558,-0.79953,-0.091566,-1.6529,-7.8816,0.22116,0.038734,0.21786,0.028897,-0.41281,0.78861,0.26509
9.2662,0.11958,2.865,0.44761,0.89874,-0.043561,-0.79135,0.014065,-0.69512,-2.1041,0.55505,6.8875,-2.9449,-0.45707,-1.654,0.57811,0.18347,-0.69571,-2.9365,0.42467,8.6509,0.62257,0.69282,1.3261,0.4874,-0.44488,-0.62083,-1.5921,6.5476,0.54551,0.16379,0.19476,0.089168,-0.45455,-0.79397,-0.10012,-1.7069,-8.868,0.367,0.062626,0.065168,0.094816,-0.41908,0.78673,0.26254
10.231,0.61733,2.4279,-0.21321,1.0275,0.049921,-0.76565,0.011363,-0.71958,-2.1307,-1.9588,5.8552,-0.91516,-0.694,-1.3701,0.54846,0.27351,-0.69227,-3.7306,0.47737,11.083,1.3623,0.011872,1.3801,0.46392,-0.49861,-0.59896,-2.1941,8.7436,0.32845,0.25672,-0.11495,-0.02459,-0.45392,-0.79341,-0.091186,-1.8974,-9.7945,-1.4466,0.14526,-0.086109,0.12355,-0.41418,0.78997,0.2576
10.371,0.74569,3.3997,-0.72455,1.0381,-0.055634,-0.74141,0.022357,-0.74099,-2.3524,0.8082,8.6514,1.008,-0.19882,-1.4184,0.51656,0.30552,-0.70962,-1.2724,2.4278,13.088,2.0655,0.3465,0.88077,0.45059,-0.55737,-0.56212,-2.3744,10.021,-0.50188,0.015191,-0.030093,-0.074968,-0.45241,-0.79494,-0.088624,-1.6514,-9.46,-3.4512,0.099854,-0.14,0.035415,-0.40573,0.79374,0.25754
9.3268,-0.52379,4.3236,-1.1284,0.35993,-0.028745,-0.72231,0.05002,-0.75858,-2.0387,1.8584,11.992,1.2247,0.6805,-1.6349,0.50962,0.30032,-0.71922,-2.3618,1.7073,9.3047,1.4359,0.87651,0.54699,0.4485,-0.60418,-0.51152,-1.5159,8.7787,-0.2732,-0.071482,-0.026943,-0.16523,-0.4497,-0.7962,-0.090065,-1.3892,-9.8222,-2.738,-0.014898,0.056125,0.011587,-0.40536,0.79519,0.25752
8.8665,-2.309,3.3535,-1.0848,0.23807,-0.17515,-0.71625,0.084102,-0.76099,-1.8079,-0.13473,12.038,1.2936,1.52,-1.6161,0.52795,0.2993,-0.70577,-2.9509,3.644,7.5311,0.53538,0.80355,0.52996,0.44978,-0.63555,-0.47096,-0.89601,10.132,-0.4873,0.004007,-0.067801,-0.13791,-0.44464,-0.79939,-0.088773,-1.0449,-10.695,-1.4197,0.10465,0.073333,-0.036632,-0.40553,0.79665,0.25537
8.2773,-2.4079,3.3484,0.22553,0.48897,-0.50646,-0.70248,0.092418,-0.77438,-4.1339,1.2952,12.186,0.84143,1.3116,-1.7186,0.54737,0.28027,-0.68973,-3.98,7.0562,7.2997,-0.272,0.90553,0.28552,0.44837,-0.6562,-0.44914,-0.80123,11.695,-1.2074,0.069583,-0.048519,-0.05366,-0.43995,-0.80098,-0.082265,-1.0153,-11.017,-1.2333,0.34581,0.083271,-0.25152,-0.41457,0.79455,0.24399
9.2267,-1.293,4.2283,0.44569,0.67846,-0.32896,-0.68766,0.070151,-0.78912,-5.4212,1.255,11.531,0.79875,0.75766,-1.8842,0.55334,0.30058,-0.6762,-4.7937,6.3689,5.7346,-1.584,1.0775,0.026214,0.46378,-0.63891,-0.45698,-0.5214,12.031,-2.1925,0.12056,-0.038854,0.31173,-0.44559,-0.79826,-0.077823,-0.73079,-10.935,-1.4897,0.32381,-0.049528,-0.38454,-0.42436,0.79217,0.23312
8.351,-0.20628,4.6913,0.77978,0.41608,-0.19517,-0.67659,0.04118,-0.79688,-5.3521,4.2216,8.7701,1.3401,0.39141,-2.2379,0.5494,0.32968,-0.67928,-6.7428,0.97995,5.173,-2.6508,1.4777,0.34271,0.48706,-0.59631,-0.48808,0.28769,11.316,-2.7757,0.07844,0.081486,0.51885,-0.46007,-0.79122,-0.079304,0.14873,-13.298,-1.9295,0.308,-0.062839,-0.67253,-0.43628,0.78843,0.22566
9.0356,0.82071,3.9944,0.56475,0.094536,0.19449,-0.67558,0.021538,-0.79857,-5.0736,-8.556,5.9795,-1.3945,0.007326,-0.73778,0.53304,0.38405,-0.66617,-9.1534,7.0191,2.3176,0.54626,1.0593,0.37373,0.503,-0.58989,-0.48055,0.47241,10.639,-1.9384,0.21793,0.29601,0.49731,-0.47586,-0.78371,-0.075872,0.66241,-11.242,-0.97397,0.3464,0.10785,-0.95579,-0.46369,0.77656,0.21361
7.6805,-0.082951,4.8362,-0.091736,-0.1195,0.35399,-0.67474,0.02575,-0.79763,-5.8064,-5.9747,5.6539,-0.034951,-0.35384,-0.009098,0.52636,0.40767,-0.65869,-9.5275,10.444,2.5506,-0.44608,0.37947,0.14531,0.51013,-0.5948,-0.46601,0.70161,10.11,-0.90535,0.055802,0.26098,0.58346,-0.49349,-0.77184,-0.078429,0.9643,-9.8315,-1.0995,0.052907,0.2888,-1.0336,-0.49456,0.76068,0.20443
7.5959,-0.5572,5.0414,-0.15494,-0.42292,0.14271,-0.68308,0.034228,-0.79415,-4.295,-3.44,5.8716,-0.27451,-0.62089,0.28639,0.5053,0.39231,-0.67768,-7.1292,4.8679,4.5518,-0.38641,-0.22981,-0.16929,0.51418,-0.57761,-0.48772,1.308,11.357,-0.72946,-0.20056,0.27872,0.70558,-0.51744,-0.75876,-0.084034,1.9704,-8.5595,-0.89981,-0.077885,0.2168,-0.92215,-0.5306,0.73855,0.19786
8.3772,-0.81542,5.0605,0.035974,-0.48374,0.10317,-0.69874,0.039759,-0.78333,-3.4447,-1.6166,6.7892,-0.75903,-0.4825,0.66412,0.49779,0.39669,-0.67947,-6.2731,1.6876,7.1481,0.93243,-0.50684,-0.1658,0.51075,-0.57839,-0.48612,1.6174,9.5706,-0.15108,-0.050046,0.30838,0.83251,-0.54121,-0.74231,-0.093959,1.9684,-9.6045,-1.1193,-0.067157,0.36208,-0.87595,-0.55609,0.71966,0.19448
8.542,-0.52126,5.2726,0.18629,-0.48387,0.096115,-0.71547,0.041386,-0.77039,-2.9979,-1.9918,8.1243,-0.1835,-0.37939,0.63331,0.4988,0.40781,-0.67548,-4.6381,4.9048,9.0777,0.13159,-0.41329,0.016133,0.50494,-0.59337,-0.47446,1.7325,10.077,-0.92211,-0.10733,0.33836,0.93955,-0.56348,-0.72675,-0.10447,1.7729,-10.367,-0.57932,-0.07615,0.3078,-0.90058,-0.58061,0.7021,0.19005
8.8885,-0.34146,4.0678,0.29898,-0.68602,-0.001376,-0.73424,0.037846,-0.75576,-2.9282,0.45085,8.8601,0.52007,-0.16357,0.54989,0.49983,0.38561,-0.68433,-4.6785,2.7459,9.3982,-0.35356,-0.28015,0.013863,0.49792,-0.58654,-0.4868,1.534,8.1922,-0.58643,0.37381,0.41349,0.87356,-0.58892,-0.70748,-0.10701,2.0436,-9.7187,-0.61782,0.1848,0.31527,-0.97368,-0.60783,0.68246,0.17921
8.905,-0.096455,3.8979,0.31225,-0.63158,-0.080933,-0.75218,0.025738,-0.73836,-3.1282,1.0226,9.4496,0.37752,0.013546,0.38223,0.50406,0.36172,-0.69168,-5.0686,2.8182,9.4693,0.038997,-0.20048,0.007307,0.4934,-0.58153,-0.49419,1.7488,9.7252,-1.124,0.20286,0.43207,0.83514,-0.61296,-0.68964,-0.10962,2.2697,-8.7253,-0.88026,-0.000995,0.37385,-0.96484,-0.6357,0.65861,0.16789
9.413,-0.23812,3.1025,0.082391,-0.57384,-0.029506,-0.76936,0.018915,-0.72671,-3.4316,-0.1869,9.8796,-0.23236,0.15945,0.43229,0.50876,0.35132,-0.68786,-5.6093,3.2307,8.4638,0.048061,-0.14877,0.090348,0.48456,-0.5839,-0.49533,2.0359,9.416,-0.42762,0.25413,0.40812,0.84023,-0.64012,-0.66864,-0.11317,2.2996,-8.6199,-1.1634,-0.23426,0.40389,-0.85555,-0.65856,0.63399,0.16139
9.4207,-0.29662,2.8933,0.21493,-0.53754,-0.057765,-0.78606,0.013263,-0.71079,-3.3781,0.088943,9.9882,-0.15705,0.20903,0.45243,0.51901,0.34488,-0.68136,-5.544,2.5425,7.6186,0.077393,-0.27919,0.20402,0.47709,-0.58631,-0.49677,1.8121,9.1694,-0.86701,0.022131,0.47539,0.81326,-0.66169,-0.64918,-0.12209,2.4263,-9.3396,-0.59539,-0.23519,0.39156,-0.79776,-0.68113,0.61042,0.15528
11.711,0.42471,3.169,0.20091,-0.99975,0.11683,-0.80222,0.0112,-0.68966,-3.16,1.3723,10.314,-0.72465,0.29141,0.48356,0.53211,0.34867,-0.67036,-5.4472,3.2108,7.051,0.52386,-0.59256,0.24903,0.46529,-0.59401,-0.4944,1.9484,8.9585,-0.51891,0.048162,0.33442,0.74607,-0.67653,-0.63069,-0.13147,2.6893,-8.9682,-0.35088,-0.13512,0.3136,-0.81132,-0.70204,0.58935,0.15063
9.4433,-0.50979,2.4296,-0.31036,-1.131,0.36082,-0.82522,0.023743,-0.65397,-3.7725,1.7621,10.428,-1.9811,0.69367,0.33595,0.55088,0.37708,-0.6388,-4.658,4.0716,5.586,-0.11083,-1.0504,0.092254,0.44441,-0.59944,-0.50535,2.3382,8.6901,-0.51829,0.20856,0.37979,0.73574,-0.69287,-0.61256,-0.13738,3.0114,-8.8194,-0.59157,-0.10686,0.321,-0.75723,-0.72027,0.56648,0.14411
10.143,-1.0235,1.6631,0.015016,-1.5563,0.22996,-0.85167,0.028992,-0.60849,-4.852,-1.6788,8.615,-2.7465,0.73989,0.27243,0.57204,0.43345,-0.58188,-4.2391,2.5773,8.8162,-0.42097,-1.2621,0.19383,0.41792,-0.59189,-0.53061,2.8148,8.9917,-0.47153,0.082192,0.12885,0.7155,-0.7113,-0.59388,-0.13711,3.2597,-8.2535,-0.41402,-0.23313,0.26898,-0.64433,-0.73656,0.54493,0.13908
9.4446,-0.69152,1.5555,0.20577,-1.7456,-0.15571,-0.87691,0.014174,-0.54841,-4.4751,-3.7325,7.1887,-1.6517,0.37378,0.48084,0.59027,0.46878,-0.53042,-2.6787,1.9086,8.9933,-0.70073,-1.2112,-0.079802,0.38348,-0.57893,-0.56433,3.1698,9.3041,-1.3051,0.003946,0.17536,0.64612,-0.72615,-0.57398,-0.14283,3.6484,-8.6132,-0.60266,-0.21537,0.18307,-0.63697,-0.74865,0.52657,0.13559
9.185,-0.87869,0.70927,-0.095454,-2.3115,-0.25044,-0.9087,0.002837,-0.47635,-4.5864,-3.9516,7.3572,-1.2025,-0.035078,0.691,0.60343,0.48298,-0.49968,-1.5825,0.93962,11.274,-0.017873,-0.8433,-0.18231,0.361,-0.56668,-0.58463,3.0175,8.5598,-1.0222,0.11557,0.14708,0.58491,-0.74183,-0.55736,-0.14661,3.4978,-9.0455,-0.68108,-0.28809,0.076536,-0.62114,-0.76104,0.50696,0.13874
9.0479,-0.89974,-1.172,0.45181,-2.2832,-0.22439,-0.94039,-0.00849,-0.39482,-4.5088,-3.366,7.5839,-0.46573,-0.20703,0.9402,0.61506,0.48126,-0.48595,-2.0928,1.9856,10.358,-0.14485,-0.28977,-0.41451,0.3581,-0.555,-0.59489,3.2326,8.7269,-1.3182,0.11472,0.11878,0.54149,-0.752,-0.54258,-0.14752,3.4681,-8.7455,-0.99454,-0.31749,0.026032,-0.58885,-0.77353,0.48814,0.14253
9.1425,-0.495,-2.5488,0.58032,-2.0136,-0.28196,-0.964,-0.027205,-0.31905,-4.1456,-4.0293,7.3741,0.43478,-0.35372,1.2663,0.62788,0.45161,-0.49336,-1.223,1.0455,9.5633,-0.13825,-0.18976,-0.54925,0.36225,-0.54026,-0.60211,2.9781,8.7936,-1.3609,0.23218,0.16978,0.49952,-0.76429,-0.52848,-0.14682,3.3327,-8.8629,-1.4155,-0.26786,0.016105,-0.51662,-0.78279,0.46988,0.14695
8.8186,-0.19178,-3.6311,0.55861,-1.8424,-0.26638,-0.97952,-0.045983,-0.24883,-3.6404,-0.46665,7.6219,1.2393,-0.46154,1.3468,0.63995,0.39615,-0.51911,-1.5077,1.4404,8.2637,0.017294,-0.27798,-0.71619,0.36906,-0.52797,-0.60625,2.9728,9.6874,-1.6846,0.2885,0.21019,0.48233,-0.77437,-0.51707,-0.1468,3.542,-9.0425,-1.5917,-0.25034,0.036835,-0.46777,-0.7905,0.45242,0.15087
8.9951,0.35919,-4.6856,-0.012425,-1.6318,-0.074745,-0.98991,-0.058618,-0.1794,-3.6507,-0.82973,8.4853,1.3513,-0.54667,1.3508,0.64451,0.32557,-0.55973,-0.7177,1.0548,8.4608,-0.34531,-0.49555,-0.76809,0.37805,-0.51343,-0.61209,3.0147,10.087,-2.0443,0.22157,0.33259,0.46383,-0.78424,-0.5032,-0.15082,3.7655,-9.5204,-1.9628,-0.11267,0.05835,-0.49066,-0.79834,0.43694,0.15355
8.719,-0.31575,-5.7888,0.075005,-1.7582,0.14286,-0.999,-0.058081,-0.1076,-2.4939,0.31708,8.4442,1.8425,-0.3786,1.5018,0.64884,0.24545,-0.59192,0.13229,0.72794,9.5454,-0.48478,-0.61554,-0.84161,0.37806,-0.48913,-0.63183,3.0703,9.6425,-1.6075,0.15035,0.33,0.42667,-0.79258,-0.49089,-0.15845,3.9241,-8.8793,-1.794,-0.19799,0.017228,-0.46731,-0.80554,0.42016,0.15549
8.1511,-0.37248,-5.2787,0.23124,-1.8403,-0.093718,-1.0014,-0.061848,-0.045921,-2.4442,4.2595,8.8805,2.8828,-0.40897,1.3896,0.65233,0.16329,-0.6113,0.83766,1.2676,9.8938,-0.75127,-0.37387,-0.96394,0.37894,-0.45889,-0.65683,3.5207,7.9625,-1.1765,-0.007476,0.079846,0.19516,-0.79903,-0.48185,-0.16139,4.1721,-8.4626,-1.6542,-0.25669,-0.030734,-0.34369,-0.81242,0.40705,0.15896
7.3071,0.055146,-6.7893,0.17814,-1.6326,-0.093005,-0.99659,-0.070622,0.022614,-1.6146,4.3834,8.3223,2.3337,-0.73332,1.4743,0.64163,0.064255,-0.63529,0.27921,-0.40948,10.985,-1.7466,0.077159,-0.96273,0.39524,-0.40783,-0.68176,4.015,7.769,-1.0613,-0.030657,0.029365,0.030629,-0.80156,-0.47936,-0.16518,4.382,-8.3214,-1.725,-0.11796,-0.074368,-0.26483,-0.81718,0.3979,0.16295
7.0987,-0.2223,-7.3895,-0.10243,-1.1614,0.030381,-0.9922,-0.073767,0.072686,-0.25874,10.211,10.486,2.3451,-0.35258,0.91627,0.6258,-0.033054,-0.6486,-0.5734,-4.7173,10.974,-1.2328,0.005229,-1.0018,0.41163,-0.34712,-0.70495,4.2496,8.4019,-1.5375,0.1277,0.079161,-0.053623,-0.80011,-0.48034,-0.16694,4.4565,-8.3805,-2.0078,-0.069064,0.006753,-0.11883,-0.81828,0.39168,0.16674
6.4591,-0.24447,-7.9765,-0.051688,-0.89808,-0.077478,-0.97822,-0.076558,0.11539,-1.9235,6.6609,6.6492,1.1599,-0.17689,0.61398,0.61644,-0.10323,-0.65221,-1.5301,-1.0334,8.1499,0.21737,0.075521,-0.89741,0.43211,-0.33064,-0.70186,3.7343,9.587,-2.0743,0.23658,0.049373,-0.000647,-0.80063,-0.4844,-0.16774,4.681,-8.4182,-2.2058,-0.11351,0.12719,-0.003145,-0.81529,0.39118,0.16764
6.074,-0.046242,-8.6122,0.064471,-0.54299,-0.1236,-0.97133,-0.0835,0.14238,-0.86736,10.902,9.9217,1.5103,-0.47129,0.45566,0.60198,-0.15788,-0.64928,-3.187,-2.7309,8.8585,0.11934,-0.47129,-0.85777,0.43578,-0.31151,-0.70873,3.2143,9.1786,-1.7392,0.16928,0.10957,-0.00734,-0.80249,-0.48646,-0.16704,4.224,-8.7165,-1.7288,-0.22715,0.15354,-0.013319,-0.81788,0.38828,0.16443
5.5974,-0.012505,-8.6828,0.04784,-0.18968,-0.040373,-0.96954,-0.087343,0.15595,-0.6008,6.5802,8.7323,0.61832,-0.083384,0.32222,0.5963,-0.17444,-0.64476,-0.10057,-0.82307,8.6447,-0.065844,-0.64492,-0.92529,0.43073,-0.29629,-0.71669,2.7112,8.633,-0.86337,0.18938,0.17054,-0.032555,-0.80148,-0.4874,-0.16607,3.4375,-8.7656,-1.5928,-0.25162,0.1307,-0.084507,-0.82043,0.38631,0.16187
5.6992,-0.3777,-8.3337,0.05049,-0.029358,-0.056547,-0.96764,-0.090273,0.15911,0.5991,5.6912,9.5278,0.042478,0.12765,0.81904,0.59492,-0.20408,-0.6373,2.8035,0.28944,9.6033,-0.24144,-0.78226,-1.6261,0.42419,-0.26689,-0.7319,2.1264,9.0358,-0.90556,0.20333,0.029139,0.045092,-0.80271,-0.48866,-0.16639,3.0632,-8.7269,-1.4795,-0.28579,0.07415,-0.04393,-0.82264,0.38341,0.16013
