18.365,1.6361,2.4534,0.021732,-1.2152,0.10061,-0.75979,-0.10064,-0.57156,4.9142,7.3109,0.83535,0.12462,0.20858,-0.015305,0.073358,-1.0001,-0.44046,6.7567,-5.1099,6.5016,0.23131,0.32577,0.10318,-0.17596,0.34257,-0.64468,-6.5215,-3.8891,-0.25736,0.047048,0.25372,0.61086,0.87159,-0.51216,-0.45283,-16.626,-7.7306,-1.969,-0.46347,-0.4529,0.46592,0.71949,0.25931,0.52569
21.86,-0.83785,0.86713,0.37491,0.24997,0.17341,-0.77515,-0.10246,-0.55546,6.0831,9.5513,2.7581,-0.4313,0.19425,0.78648,0.060984,-0.9953,-0.45413,6.6891,-4.297,6.9168,-0.49287,0.024822,-0.32391,-0.17399,0.34536,-0.64566,-8.0814,-4.4547,-1.0009,0.14937,0.28507,-0.93142,0.89592,-0.50414,-0.43541,-15.253,-5.0318,-4.3964,-1.2425,0.12401,-0.61988,0.7212,0.24642,0.52492
13.922,-0.27561,2.1834,0.37122,0.54868,0.37935,-0.76288,-0.10313,-0.56924,6.3641,7.8754,3.3355,-0.46657,0.13328,1.5101,0.013324,-0.98519,-0.47428,7.0443,-4.5584,8.0709,-0.095145,-0.55417,-0.88188,-0.18884,0.34691,-0.63966,-9.8139,-1.2408,0.011246,0.5149,0.73911,-1.9775,0.91966,-0.43783,-0.41776,-14.334,0.39424,0.034019,-1.2816,-0.13034,-0.27021,0.72605,0.22478,0.53266
10.403,0.58502,1.5207,0.42548,0.23768,0.27735,-0.76395,-0.10857,-0.5644,6.4986,6.4838,2.3481,-0.83327,0.021867,1.8413,-0.050565,-0.96576,-0.4968,7.459,-2.7781,6.7651,0.022319,-1.1111,-1.0018,-0.22713,0.34284,-0.63282,-13.696,3.6911,2.4939,0.84534,1.0794,-2.3586,0.94154,-0.35698,-0.37921,-12.436,-3.6619,1.7286,-0.92537,-0.19712,-0.54717,0.74802,0.20582,0.52388
8.8681,0.23058,0.59651,0.64323,0.18916,0.15635,-0.7591,-0.11453,-0.56672,7.9267,4.8607,3.9972,-0.4089,0.16267,1.9471,-0.11429,-0.93599,-0.53123,7.6125,-3.4463,5.3316,-0.075555,-1.5252,-0.88088,-0.27888,0.33973,-0.61735,-13.698,3.7464,1.8186,0.40431,0.64041,-1.3999,0.94946,-0.29699,-0.33535,-11.391,-4.7421,-0.54272,-0.33517,0.26081,-1.3944,0.76405,0.22448,0.50265
8.988,0.12033,0.13411,0.61476,-0.041349,0.20745,-0.75325,-0.12111,-0.57035,8.1256,4.614,3.38,0.05842,0.2292,2.0272,-0.17706,-0.9124,-0.54921,7.5235,-2.4468,4.7897,0.023938,-1.7052,-1.0206,-0.32849,0.3308,-0.59972,-10.109,3.175,1.9663,-0.038121,-0.016578,-1.4656,0.93872,-0.24664,-0.3294,-12.031,-3.0419,1.1992,0.39901,-0.1534,-1.8926,0.7762,0.26519,0.47238
7.3677,-0.70262,-0.16705,0.77255,0.21982,0.28933,-0.75519,-0.12793,-0.56661,7.4658,3.3733,2.7676,0.28482,0.37343,1.8924,-0.23589,-0.88992,-0.55001,8.7622,-2.4026,3.7955,0.16158,-1.8601,-1.0981,-0.38731,0.31304,-0.57172,-8.8088,0.87786,0.10417,-0.55441,-0.083765,-1.7959,0.92641,-0.18544,-0.33749,-11.084,-5.4517,1.1788,0.6897,-0.21349,-2.5064,0.79366,0.35168,0.41392
5.5825,-1.2832,0.39761,0.81712,0.40608,0.25376,-0.74907,-0.13627,-0.57277,8.4756,3.2071,3.0136,0.051328,0.36125,1.5557,-0.2813,-0.87304,-0.55153,9.0167,-1.8048,4.1557,0.72251,-1.9022,-0.96671,-0.44019,0.28897,-0.54625,-6.4749,2.7208,-0.78132,0.31972,-0.16509,-1.5384,0.90117,-0.12628,-0.36194,-8.7677,0.33721,0.3595,0.53889,-0.69567,-2.0556,0.81501,0.43867,0.3468
4.7947,-0.34672,1.2259,1.1443,0.086904,0.20998,-0.74978,-0.15465,-0.56405,8.9325,1.8651,3.7466,-0.017224,0.42228,1.0594,-0.31581,-0.85167,-0.55279,8.9806,-0.76512,1.4965,0.8848,-1.7698,-0.52717,-0.49049,0.26266,-0.51226,-6.6456,2.525,-0.75453,0.32376,-0.096993,-1.1427,0.8645,-0.099485,-0.39422,-7.1772,2.6886,-1.2733,-0.50635,-0.62606,-1.7296,0.83406,0.51894,0.27628
4.114,0.40211,0.59142,1.4895,-0.37725,0.29262,-0.75755,-0.18168,-0.5499,9.006,0.93709,3.1256,-0.038246,0.50052,0.2916,-0.32333,-0.83801,-0.56414,8.9904,-0.058294,0.095604,0.91903,-1.3237,0.031164,-0.525,0.24009,-0.48564,-6.9871,3.0311,-1.9324,0.1477,-0.025237,-0.96038,0.85169,-0.054689,-0.40728,-5.0803,-1.4182,-2.4517,-0.21782,-0.014374,-1.7324,0.83432,0.57902,0.23264
5.5495,-0.76138,-0.35282,0.56877,-0.1441,0.77742,-0.76245,-0.1792,-0.53868,9.0455,0.11036,2.6262,-0.10621,0.79896,-0.56356,-0.30838,-0.83024,-0.58717,9.4143,0.40268,-0.81551,0.25453,-0.85091,0.80345,-0.54257,0.23969,-0.46836,-7.6108,3.9417,-1.4657,0.017443,0.21304,-0.77143,0.85064,-0.012492,-0.41361,-7.4152,-1.8295,0.80235,0.12463,0.12492,-1.6661,0.83194,0.62038,0.20229
7.0647,-2.2646,2.0141,-0.54633,0.20322,0.061455,-0.76278,-0.16465,-0.54431,7.9514,1.8998,2.6326,-0.48525,0.93009,-1.376,-0.26012,-0.8391,-0.61091,9.6784,-0.41089,-0.17634,0.027954,-0.38807,1.4065,-0.54266,0.26887,-0.45255,-7.6839,2.6993,-0.36291,-0.082513,0.26873,-0.70771,0.84525,0.023989,-0.41697,-8.1639,-1.2332,0.029282,0.60764,-0.010286,-1.4978,0.82283,0.67129,0.15627
8.8426,-1.3307,2.0336,0.31033,-0.56573,-0.48105,-0.76667,-0.1744,-0.53713,7.8447,4.3214,5.1899,-0.48398,1.1561,-1.5611,-0.19316,-0.84056,-0.64366,9.2233,-2.1373,-0.21676,-0.2489,0.070926,1.6179,-0.52695,0.3069,-0.44613,-8.5096,0.99715,0.56023,0.24789,0.35233,-0.71974,0.83882,0.052059,-0.42207,-7.7151,-1.609,0.095619,0.87032,-0.3097,-1.5007,0.81472,0.71482,0.11174
9.4526,-1.0579,2.995,-0.35554,0.21358,-0.14594,-0.77037,-0.17886,-0.53374,7.0637,4.7954,5.4644,-0.10629,1.1074,-1.4027,-0.11285,-0.85038,-0.66223,8.9366,-4.0568,-0.08502,-0.51703,0.50391,1.4583,-0.4938,0.353,-0.44435,-9.8561,1.2778,0.33029,0.62862,0.26109,-0.49348,0.82555,0.062266,-0.42877,-6.6131,-1.1213,0.1305,1.0436,-0.082312,-1.3083,0.78796,0.75726,0.065037
9.8123,-1.5724,1.2336,0.029017,0.10864,0.090262,-0.76934,-0.17594,-0.53695,7.133,5.48,6.756,-0.46506,0.7839,-0.93008,-0.052802,-0.84568,-0.68453,9.0717,-5.0569,0.66792,-0.28959,0.64545,1.0278,-0.46575,0.38533,-0.44887,-9.9785,0.13962,-0.23366,0.42507,0.12574,-0.60764,0.81812,0.07718,-0.42587,-7.6911,-4.7891,-0.59239,0.44168,0.26847,-1.0217,0.76924,0.77948,0.017243
10.764,-1.5403,2.4199,0.17098,0.091329,0.31321,-0.76629,-0.17297,-0.54251,6.6384,4.5524,6.0682,-0.33677,0.45712,-0.5792,-0.016735,-0.83551,-0.70409,8.8072,-4.7855,1.6763,0.12614,0.59077,0.68014,-0.44393,0.39937,-0.45673,-10.111,-2.3518,-1.8393,0.13404,0.087197,-0.82999,0.81688,0.10016,-0.42059,-10.817,-7.1863,1.2384,-0.1169,0.31067,-0.9977,0.76501,0.79564,0.002453
10.439,-0.9148,2.2797,0.26284,-0.021593,0.30103,-0.77327,-0.16466,-0.53988,6.459,4.6735,6.5878,-0.12326,0.10278,-0.63087,0.00914,-0.82942,-0.71072,8.5616,-3.6673,1.6238,0.1776,0.53183,0.34981,-0.42845,0.40616,-0.46773,-11.193,-3.434,-0.52429,-0.007987,-0.017898,-1.182,0.808,0.12848,-0.41792,-11.462,-12.43,2.08,0.21141,0.17958,-1.6926,0.73448,0.83431,-0.007486
14.362,-2.6352,4.0815,0.16893,-1.0652,0.1982,-0.78695,-0.16278,-0.5224,7.5257,3.3243,6.7923,0.10343,-0.20087,-0.77395,0.027371,-0.8324,-0.71109,8.653,-4.5424,1.9215,-0.16648,0.30664,0.058322,-0.41575,0.40602,-0.47628,-22.958,2.5178,-0.1519,0.084679,-0.26014,-0.71796,0.79581,0.15264,-0.43669,-8.1619,-0.99311,1.8678,-0.19007,-0.014232,-1.4081,0.69339,0.89051,-0.01304
18.131,-3.2634,3.5538,-0.1911,-0.6551,-0.091914,-0.81345,-0.15535,-0.48878,5.1673,7.1625,5.3517,0.21737,-0.44017,-0.63293,0.039577,-0.84176,-0.69891,8.4803,-5.9493,1.6329,-0.045982,0.19975,-0.38794,-0.40767,0.40511,-0.48139,-15.771,0.22737,-1.6106,0.15678,-0.30939,-0.39084,0.7902,0.13833,-0.4611,-7.8106,-0.53302,0.13426,-0.74538,0.12705,0.21571,0.67674,0.90288,0.017958
17.409,-2.458,1.8226,-0.10546,0.47718,-0.33391,-0.80812,-0.16271,-0.49215,5.8937,7.3634,7.8652,0.35759,-0.89929,0.076831,0.02959,-0.84878,-0.6923,9.3355,-5.4912,3.5939,0.21655,0.10289,-1.0977,-0.41908,0.3886,-0.48744,-12.372,1.1828,-2.6689,0.34537,-0.071878,-0.37237,0.78491,0.13868,-0.48895,-8.4302,0.58937,0.43312,-0.34154,0.35199,1.3652,0.70136,0.87589,0.043837
10.947,-1.1517,1.2076,0.047929,0.58965,-0.43787,-0.79273,-0.17802,-0.50812,6.8224,4.5173,6.7788,0.65955,-1.545,0.63262,-0.003725,-0.86418,-0.67092,9.4401,-5.1898,3.1257,0.47052,-0.12493,-1.8291,-0.44141,0.35432,-0.49228,-10.853,2.6389,-1.4995,1.0028,0.02193,0.031888,0.786,0.11571,-0.50119,-9.8754,-2.9106,-0.78112,-0.17253,0.31699,2.23,0.74389,0.82807,0.057787
7.715,-0.73962,0.98435,0.46306,0.15794,-0.12204,-0.77873,-0.19283,-0.51769,7.4553,4.9979,3.7252,0.44147,-1.6923,0.65151,-0.060235,-0.87786,-0.64253,8.4179,-4.285,0.008888,0.70439,-0.34057,-2.0466,-0.47473,0.31134,-0.49479,-12.121,4.0914,-0.296,0.26601,0.13638,0.28539,0.79129,0.09189,-0.49235,-12.474,-7.9848,1.1037,-0.17606,0.74509,1.8797,0.78106,0.75802,0.092711
8.8647,-1.0545,-0.4042,-0.57286,-0.15685,-0.060966,-0.78057,-0.19646,-0.51209,7.4494,4.685,3.2571,0.5335,-1.4882,0.55308,-0.1137,-0.88845,-0.61272,9.3119,-1.7464,0.81444,0.39024,0.022935,-1.8002,-0.49603,0.2549,-0.50703,-14.876,4.4053,0.95383,-0.45213,0.11795,0.91104,0.79888,0.079108,-0.47685,-10.126,-1.841,1.2944,0.35028,0.18202,1.6716,0.80045,0.71518,0.13134
11.242,-1.4245,2.1407,-0.85687,-0.4623,0.054309,-0.77942,-0.17712,-0.51756,7.6671,5.0863,3.496,0.32032,-1.2173,0.77245,-0.17569,-0.8946,-0.58086,9.5345,-1.7505,-0.17966,0.32799,0.52227,-1.7471,-0.50598,0.19265,-0.52709,-10.933,0.28232,0.60985,-0.7642,-0.20225,0.98103,0.80666,0.06121,-0.45541,-9.3116,-1.7102,-0.90283,-0.27154,0.25757,2.0667,0.82735,0.64852,0.17385
9.1788,-0.50365,0.16881,-0.59753,0.42555,0.027773,-0.77886,-0.16398,-0.52409,8.4852,4.1171,2.3543,0.070063,-1.1125,0.96712,-0.22098,-0.89016,-0.56064,9.4424,0.048961,1.2057,-0.64468,0.87493,-1.3667,-0.50156,0.15973,-0.5499,-9.8399,2.4183,0.23183,-1.0431,-0.42836,1.4228,0.82236,0.046203,-0.43834,-11.162,-2.3463,-0.21862,-0.5208,0.17684,2.1726,0.83402,0.59661,0.22633
6.6,-0.17449,0.84527,-0.37193,0.31686,0.095824,-0.77586,-0.14555,-0.53016,8.3958,3.5527,2.2491,0.09159,-0.91397,0.83363,-0.25984,-0.88291,-0.54638,8.8859,1.745,4.5271,-1.394,0.98545,-0.9223,-0.48449,0.16324,-0.56438,-8.4139,-0.113,0.68341,-0.22853,-0.38947,1.6837,0.8404,0.009994,-0.42282,-7.7781,-3.4088,0.014994,0.024296,0.04766,2.026,0.83285,0.5676,0.25766
4.4174,-0.54521,-0.263,-1.2789,0.12111,-0.2204,-0.77384,-0.13047,-0.53692,9.163,2.1342,0.3104,0.23436,-0.62769,0.39371,-0.28808,-0.87874,-0.53109,8.7848,2.8447,3.6801,-1.4543,0.71567,-0.36996,-0.47235,0.17795,-0.57654,-6.1717,-2.771,1.7217,0.74358,-0.48616,1.3852,0.85793,-0.050863,-0.41199,-6.3254,-4.0227,0.60566,0.84313,0.015041,1.5293,0.83044,0.54348,0.28581
3.3671,-0.48454,-0.36011,-1.3949,-0.14694,-1.4562,-0.7687,-0.12898,-0.54614,8.7613,2.979,2.0689,0.55514,-0.47983,-0.1967,-0.30125,-0.88972,-0.50464,8.8359,0.90456,4.8197,-0.94629,0.7979,0.11988,-0.45196,0.20527,-0.58271,-5.6829,0.13336,-0.042304,0.95285,-0.10995,1.391,0.86645,-0.11767,-0.40736,-5.7083,-0.93866,-2.0352,0.045104,-0.033185,1.2447,0.82711,0.52875,0.31016
4.4581,1.3401,-1.2353,-0.72365,0.35688,-1.0943,-0.75202,-0.14253,-0.56557,9.1771,2.3353,2.783,0.078877,-0.57911,-0.79795,-0.30066,-0.9053,-0.48217,8.8601,0.52439,2.9685,-0.31237,0.93214,0.66228,-0.42907,0.22922,-0.59937,-7.1774,1.7096,0.046003,0.29486,-0.034395,1.4245,0.88089,-0.18744,-0.39442,-6.4907,-2.6591,-2.4789,-0.31282,0.20932,1.4122,0.82572,0.48566,0.37046
6.0318,1.0994,3.9531,-1.6715,0.44033,0.15112,-0.73182,-0.14218,-0.59142,9.1759,3.153,1.1828,-0.27763,-0.60103,-1.3775,-0.26918,-0.91904,-0.47549,9.1811,0.93565,2.9173,0.16028,1.1293,1.2056,-0.39419,0.24672,-0.61371,-8.2989,0.56433,0.2348,0.013622,-0.24035,1.4326,0.89268,-0.2342,-0.38692,-7.7536,-1.454,-1.4585,-1.5426,0.90879,1.3824,0.80553,0.4304,0.44446
7.9689,-0.53489,1.1518,0.015807,-0.28897,-0.27664,-0.74075,-0.13168,-0.58257,8.0225,4.7524,0.89134,-0.16794,-0.34833,-1.6589,-0.22623,-0.94171,-0.46748,8.5494,-0.96309,4.5349,-0.10863,1.2258,1.6821,-0.35063,0.26429,-0.62862,-9.0488,1.1684,0.33912,-0.1732,-0.094492,1.4425,0.89871,-0.27001,-0.388,-10.185,-1.1076,0.98161,-0.77628,-0.14309,1.8848,0.78394,0.3585,0.50372
8.3247,0.70671,1.1924,-0.48479,-0.39435,-0.25126,-0.74602,-0.13077,-0.57578,7.5378,5.7928,0.35845,-0.024129,-0.098978,-1.6285,-0.17404,-0.96017,-0.46374,7.4061,-2.1353,4.6993,-0.032816,1.3387,1.4735,-0.30352,0.28523,-0.64319,-9.495,0.84366,0.45806,-0.50071,-0.036579,1.5488,0.90875,-0.314,-0.38834,-9.0385,-4.5006,-0.11384,-0.20352,-0.47565,1.1282,0.78025,0.30161,0.523
10.436,1.2001,1.4205,-0.33331,-0.51695,-0.27035,-0.75471,-0.13141,-0.56778,6.957,6.5614,1.3378,-0.060735,0.12906,-1.3966,-0.12219,-0.97406,-0.46061,7.0384,-4.2456,5.8112,-0.093679,1.2494,1.2406,-0.25018,0.2994,-0.65447,-9.9639,2.041,0.64992,-0.69084,-0.098643,1.4392,0.90079,-0.35174,-0.40479,-9.8332,-4.2533,-1.3966,0.64731,0.13299,0.70269,0.76842,0.27013,0.53756
10.863,1.4292,0.69404,-0.31864,-0.027776,-0.1338,-0.7578,-0.12755,-0.56537,6.8492,6.9955,0.35,-0.43057,0.36854,-0.76364,-0.073507,-0.9788,-0.47816,7.1774,-3.0474,6.1249,0.5461,1.1255,0.89065,-0.19933,0.29739,-0.67273,-11.253,4.4641,1.1016,-0.59547,-0.18171,1.425,0.89351,-0.39444,-0.42645,-10.266,-2.8885,-2.3266,1.1731,-0.053614,0.23628,0.7557,0.25582,0.54672
11.451,1.2898,1.011,-0.54727,-0.12379,0.06701,-0.76041,-0.11511,-0.56866,7.7343,6.379,0.95047,-0.49407,0.4505,-0.093919,-0.053834,-0.97114,-0.50522,7.8922,-2.1283,6.1198,0.28849,0.80221,0.72306,-0.16519,0.28673,-0.68455,-11.875,4.9406,1.3437,-0.52619,-0.25254,1.8226,0.88133,-0.4464,-0.43978,-14.889,1.3471,-2.5427,0.497,0.38265,-0.019532,0.73394,0.26858,0.53914
18.466,2.2682,1.6375,-0.1448,-1.1141,0.22214,-0.7764,-0.10522,-0.5489,7.1087,7.4704,3.8315,-0.55355,0.027573,0.51621,-0.067389,-0.96383,-0.52343,6.7844,-2.2698,8.0761,-0.62014,0.24265,0.3372,-0.14309,0.28693,-0.68442,-7.3339,-0.47312,1.7409,-0.16806,-0.14813,1.4065,0.85058,-0.49716,-0.45451,-16.526,5.3749,1.4,0.50873,-0.46355,0.57238,0.72831,0.27406,0.52331
22.367,2.4039,0.63838,-0.18676,-0.14964,0.14167,-0.79841,-0.086132,-0.52622,6.194,7.4401,4.6035,-0.29977,-0.29057,0.79682,-0.1016,-0.9453,-0.54846,6.3902,-5.5783,8.5824,-0.29588,-0.31554,-0.004025,-0.1451,0.30638,-0.67397,-6.4354,-2.3146,1.746,0.53864,0.15229,-0.26472,0.846,-0.51966,-0.44311,-17.275,-1.7822,-1.695,-0.38557,-0.34347,0.18613,0.73368,0.26701,0.52082
14.999,1.5428,1.0395,-0.51406,0.55067,0.048102,-0.78648,-0.085337,-0.54123,7.4168,5.8647,2.0009,-0.063542,-0.59171,1.0831,-0.14254,-0.93663,-0.54815,6.4398,-2.9159,7.8376,-0.074949,-0.77684,-0.227,-0.16016,0.30716,-0.6696,-9.4638,0.068737,-0.73345,0.71102,0.18428,-1.7288,0.85558,-0.48177,-0.4346,-14.133,-3.0464,-3.2665,-1.0017,0.22931,-0.66647,0.73688,0.25683,0.52815
9.8794,-0.20766,0.70578,-0.16442,0.54751,0.10273,-0.77192,-0.077083,-0.56453,7.7047,5.6453,2.235,-0.40133,-0.63372,1.4858,-0.21174,-0.91293,-0.55763,7.0725,-2.2579,7.425,-0.41988,-1.2994,-0.33773,-0.20017,0.32061,-0.65426,-12.109,3.5193,0.23006,0.703,0.65999,-1.947,0.87655,-0.42481,-0.41023,-11.318,-1.2084,-0.71126,-1.066,-0.15894,-0.57434,0.75593,0.23686,0.52648
9.541,-0.91595,0.65384,0.32412,0.55299,0.24741,-0.76064,-0.074608,-0.57904,8.6378,5.9201,0.079006,-0.36862,-0.27884,1.781,-0.27052,-0.88076,-0.57007,8.1819,-4.4619,5.4508,-0.47103,-1.5923,-0.56169,-0.24578,0.33731,-0.63211,-11.987,3.411,1.1255,0.6916,0.67709,-1.308,0.89061,-0.37701,-0.37275,-10.047,-2.5674,-0.45438,-0.27337,-0.11601,-0.5729,0.77517,0.23791,0.50236
8.7911,-0.40531,0.44256,0.59134,0.19654,0.012118,-0.7482,-0.085602,-0.59005,8.0235,3.9609,0.61068,0.10741,0.25198,1.6568,-0.3177,-0.85635,-0.5717,8.1647,-3.341,3.4262,-0.60249,-1.4292,-1.01,-0.29452,0.34141,-0.6095,-8.9279,1.1218,0.85181,0.32853,0.077433,-1.3525,0.89117,-0.33135,-0.35549,-11.002,-5.0458,0.3446,0.53621,-0.094787,-1.0536,0.78771,0.26611,0.47154
8.2962,0.15014,-0.37829,1.07,0.29556,0.049665,-0.74254,-0.10745,-0.59021,9.0237,2.9283,1.5259,0.15656,0.55281,1.402,-0.34991,-0.83027,-0.58256,7.8019,-4.3836,2.3875,-0.42475,-1.1305,-1.2726,-0.34222,0.34363,-0.58376,-8.6158,0.83623,-0.52217,-0.12957,0.30977,-2.0349,0.89039,-0.27493,-0.35027,-11.63,-4.4235,0.52991,0.72845,-0.002955,-1.9106,0.80295,0.32007,0.42052
9.501,-1.3171,1.0091,0.40427,0.58429,0.63041,-0.73233,-0.11359,-0.59757,9.5622,1.9634,1.4908,0.23019,0.70582,1.0145,-0.37153,-0.81003,-0.59599,8.518,-2.083,3.664,-0.026542,-0.86949,-1.212,-0.38142,0.33265,-0.56995,-12.403,7.4205,1.4654,-0.11227,0.44659,-1.8224,0.88378,-0.19862,-0.35838,-10.728,-2.7474,0.68414,0.65114,-0.48026,-2.0425,0.8266,0.37948,0.35984
6.6785,-1.4357,3.0014,1.3861,0.84723,-0.26878,-0.72145,-0.13134,-0.60764,9.0474,1.7053,1.7343,0.10708,0.93849,0.43864,-0.37836,-0.79055,-0.61522,9.0673,-0.5242,2.2467,-0.11728,-0.68301,-0.72655,-0.41547,0.3216,-0.55411,-7.1101,0.99802,1.6838,0.11729,-0.20759,-1.5672,0.86329,-0.16013,-0.37573,-9.0756,-0.4781,1.0768,0.29786,-0.68459,-2.1298,0.85138,0.4462,0.2762
3.7342,-0.51838,1.8211,2.1463,0.60763,-0.1503,-0.70191,-0.18746,-0.61253,9.3957,1.4965,1.7793,0.05008,1.1537,-0.027433,-0.36006,-0.78462,-0.6366,9.221,0.75463,2.2512,0.17143,-0.61755,-0.047633,-0.4345,0.31804,-0.54086,-5.1846,1.4975,-1.1667,0.23994,-0.34321,-1.1341,0.84951,-0.10987,-0.40016,-6.2996,2.2213,0.89188,-0.071165,-0.96969,-1.8545,0.86763,0.50769,0.19318
2.2548,-0.35367,0.64702,1.0237,0.23412,-0.19967,-0.68632,-0.22556,-0.61569,8.8222,1.3198,2.713,0.03699,1.443,-0.36378,-0.325,-0.78618,-0.65535,9.0823,0.80222,1.8619,0.51059,-0.3058,0.77649,-0.43932,0.31278,-0.54146,-6.6425,2.6368,-2.3902,0.14852,0.12596,-0.97355,0.84622,-0.064444,-0.41619,-4.5806,1.356,-1.7784,-0.46182,-0.48927,-1.7633,0.87382,0.56526,0.141
4.4248,-0.6484,-0.41284,0.56018,0.18243,-0.30663,-0.67968,-0.2488,-0.61257,8.502,3.4656,3.6881,-0.097653,1.6065,-0.67097,-0.27321,-0.78551,-0.68415,9.4482,-0.92403,2.0882,0.34572,0.049489,1.5612,-0.42705,0.32905,-0.54091,-7.9558,5.6577,-1.4445,-0.76569,0.30211,-1.0335,0.84363,-0.007613,-0.42788,-7.2939,-0.98589,0.77679,-0.86001,0.06767,-1.4796,0.86707,0.60451,0.12145
6.8744,0.65482,5.9934,-0.86279,-0.63247,0.33484,-0.67834,-0.2435,-0.6174,8.4614,2.0712,4.2308,-0.026981,1.6731,-0.80121,-0.21811,-0.79178,-0.70613,8.8302,-1.5721,2.3493,0.17779,0.39264,1.9333,-0.39569,0.35269,-0.54476,-8.5149,1.3633,-0.91087,-0.44283,0.67097,-0.6355,0.84146,0.033739,-0.42848,-8.59,-1.1369,0.82919,-0.37044,-0.22662,-1.5166,0.86236,0.64132,0.11277
8.7918,0.53724,1.8812,0.047912,-0.53614,0.42411,-0.70309,-0.24711,-0.58901,7.5195,3.8493,5.56,-0.19436,1.5468,-0.98712,-0.15289,-0.79498,-0.73295,8.06,-4.5243,2.9024,0.22255,0.63141,1.9307,-0.35053,0.38438,-0.5504,-10.417,0.32736,1.0929,0.34099,0.4561,-0.78082,0.83296,0.056373,-0.42183,-8.9218,-2.2695,0.46193,-0.18369,-0.19049,-1.6306,0.83674,0.68303,0.092304
10.483,-0.50394,3.2004,0.10552,-0.3654,0.22393,-0.72177,-0.23712,-0.57205,6.9976,3.3105,5.671,0.021355,1.4477,-0.95402,-0.087052,-0.79655,-0.74805,7.363,-6.1024,3.335,0.2329,0.69439,1.4024,-0.31033,0.39956,-0.55936,-9.7032,0.12031,-0.73831,0.73449,-0.033359,-0.78083,0.82665,0.078872,-0.42258,-9.407,-5.5158,0.17603,0.43413,0.031166,-1.3408,0.8123,0.72327,0.058743
10.719,-1.3036,2.6151,0.39318,0.25331,0.19974,-0.72468,-0.23316,-0.57368,5.6431,4.3648,6.7709,-0.18927,1.0556,-0.79615,-0.028591,-0.79976,-0.75309,7.706,-6.1299,4.1035,0.28613,0.68353,0.73037,-0.2784,0.40247,-0.56966,-9.7108,-1.7133,-1.6969,-0.069797,-0.053538,-0.7991,0.82708,0.10511,-0.4192,-9.1265,-3.8308,0.73815,0.61559,0.08681,-1.276,0.79905,0.76215,0.028489
10.038,-0.34985,2.6086,0.43097,-0.10479,0.26331,-0.72705,-0.23711,-0.57038,6.7254,4.3036,6.8575,-0.37626,0.64565,-0.63478,0.01586,-0.78827,-0.77143,7.742,-4.5084,4.2567,0.30411,0.6102,0.2473,-0.25851,0.39974,-0.58104,-10.259,-5.041,-0.96897,-0.31457,-0.012736,-1.2018,0.81592,0.14216,-0.41495,-9.3259,-6.8193,1.1152,0.13488,0.29823,-1.4577,0.76684,0.80382,0.003556
10.702,0.057858,3.0714,0.71141,-0.085716,0.34215,-0.73544,-0.23881,-0.56195,6.8253,3.9755,6.5236,0.08313,0.29895,-0.60844,0.045612,-0.789,-0.77499,7.8675,-3.9024,4.4486,0.14387,0.36403,-0.1419,-0.24344,0.38864,-0.59269,-13.728,-2.8307,-0.14069,-0.074538,-0.17328,-1.2553,0.79988,0.16166,-0.43521,-9.2493,-6.7137,2.85,0.17999,0.1914,-1.5128,0.73535,0.84949,0.007144
15.922,-1.0797,2.8649,0.29901,-1.1267,0.20973,-0.75552,-0.24726,-0.53415,5.2926,4.7031,7.5043,0.015266,-0.085641,-0.27751,0.053652,-0.7921,-0.7737,7.2587,-5.3511,6.8655,-0.19768,-0.27731,-0.41686,-0.24886,0.38132,-0.59251,-16.693,0.1413,0.17165,0.3163,-0.3971,-0.39928,0.78219,0.16621,-0.46746,-7.7582,-0.75849,0.45578,0.16469,-0.019929,-0.78426,0.69726,0.8849,-0.015735
21.974,-1.2158,2.5368,-0.16656,0.048573,0.075122,-0.77069,-0.24075,-0.51421,6.6225,6.168,6.8702,0.16951,-0.51816,0.24929,0.048756,-0.79455,-0.7708,7.4701,-5.3969,4.8549,-0.019053,-0.59208,-0.97626,-0.27018,0.37662,-0.58717,-15.702,8.4171,-5.0546,0.2295,-0.34105,-0.10983,0.78114,0.15425,-0.491,-8.236,1.4479,-1.8249,-0.26271,0.19369,0.87895,0.69831,0.87806,-0.017169
14.522,-1.2058,2.0178,-0.37977,0.57436,0.011615,-0.76565,-0.23209,-0.52497,5.0672,4.916,7.5962,0.69142,-0.95547,0.61037,0.020783,-0.80901,-0.75397,8.0795,-5.0241,3.8894,-0.21338,-0.8761,-1.3398,-0.30178,0.37501,-0.5779,-14.073,1.1639,-1.555,1.114,0.23834,0.4347,0.78858,0.13209,-0.48613,-11.211,-3.3627,-2.1795,-0.78498,0.73581,1.9834,0.73477,0.84105,0.023098
10.876,-0.46152,1.0549,0.031447,0.48977,-0.055333,-0.75182,-0.23151,-0.54219,7.1583,3.3573,7.9762,0.67304,-1.5846,0.58332,-0.03123,-0.82275,-0.73145,7.7744,-4.0055,5.2754,-0.071606,-0.97545,-1.7771,-0.35046,0.35622,-0.56423,-12.435,0.24721,0.40714,0.84823,-0.035797,0.4335,0.78926,0.10012,-0.47117,-11.663,-6.2537,0.58418,-0.51714,1.0246,1.815,0.77307,0.77421,0.086438
9.9334,0.15524,0.62648,0.007123,-0.064774,-0.09138,-0.74575,-0.23781,-0.54164,7.3191,4.3624,4.7616,0.7034,-1.7853,0.39802,-0.086999,-0.84697,-0.68887,8.7117,-3.2752,1.9175,0.35593,-0.96905,-1.8839,-0.3962,0.32775,-0.55506,-13.221,2.6531,1.8518,-0.19128,-0.12622,0.7581,0.79412,0.079356,-0.46813,-10.215,-1.9497,2.5776,-0.10635,0.38772,1.8252,0.79727,0.72176,0.14547
9.5682,0.20962,0.72852,-0.59833,-0.13181,-0.05182,-0.74098,-0.232,-0.54741,7.2855,4.8945,4.0469,0.47087,-1.7502,0.30591,-0.14746,-0.86437,-0.64512,8.9971,-2.3528,2.5586,0.14212,-0.73459,-1.6751,-0.44495,0.29006,-0.54565,-11.466,3.9964,1.533,-0.60632,-0.050391,1.4859,0.80371,0.047723,-0.45158,-9.6494,-2.4051,-0.37999,0.23208,0.32694,2.4731,0.83873,0.63357,0.19376
7.9884,0.32544,0.87397,-0.45355,0.37387,-0.28559,-0.73644,-0.22665,-0.55521,7.803,4.3694,3.3331,-0.078069,-1.6216,0.56098,-0.19242,-0.86501,-0.61998,9.7581,-1.0369,1.8749,0.10334,-0.27995,-1.5202,-0.47365,0.25427,-0.54409,-10.909,1.6589,1.4642,-0.55404,-0.20035,1.592,0.82739,0.020459,-0.42622,-10.625,-3.5823,0.026194,0.96853,0.50339,2.1022,0.85166,0.57984,0.2187
6.8522,-0.20052,1.2947,-0.27636,0.39904,-0.16883,-0.73616,-0.22089,-0.55726,9.4598,4.4463,1.4577,0.062402,-1.2155,0.85923,-0.23611,-0.85592,-0.60315,9.9209,-0.42923,1.1382,-0.26486,0.1214,-1.4287,-0.48685,0.22805,-0.54566,-9.2823,0.25851,0.69557,-0.36716,-0.57104,1.7426,0.84675,-0.012542,-0.41774,-9.1109,-3.9761,1.6868,0.30048,0.023811,1.7155,0.84491,0.56136,0.22866
4.9173,0.20192,0.87227,-0.29193,0.27313,-0.026238,-0.72922,-0.2175,-0.57033,7.9036,3.5006,1.5362,0.37177,-0.74677,0.69072,-0.28189,-0.84866,-0.57716,8.6133,0.49296,1.0387,-0.87276,0.59899,-1.1099,-0.49174,0.21519,-0.55261,-5.9382,-2.0244,0.98283,0.57003,-0.85233,1.2407,0.86169,-0.065532,-0.41664,-6.4402,-0.75603,0.12693,-0.4465,-0.048739,1.579,0.84423,0.5358,0.25835
4.0037,0.14051,-0.47059,-0.84942,-0.099042,-0.089397,-0.72918,-0.20766,-0.5743,7.169,2.1449,1.1415,0.61331,-0.44329,-0.022224,-0.30274,-0.8551,-0.54771,7.5329,2.2679,1.3729,-1.5842,0.8001,-0.40033,-0.48233,0.23062,-0.56115,-4.5,-1.9234,-0.30142,0.67231,-0.25019,1.3489,0.87031,-0.1257,-0.41741,-5.3647,-0.78609,-3.4036,-0.80588,-0.24126,1.2162,0.83837,0.5103,0.30622
4.2751,-0.72169,-0.31,-0.86136,0.43032,-0.060676,-0.71676,-0.18254,-0.59687,9.0077,1.0922,1.1723,0.30231,-0.1768,-0.76055,-0.28913,-0.87351,-0.52785,6.9316,2.4325,3.2044,-1.0735,1.1073,0.30283,-0.45529,0.25465,-0.57558,-4.4271,-0.19018,-0.39937,0.33292,0.004612,1.3422,0.88506,-0.1992,-0.40813,-7.0909,-3.2463,-2.513,-0.29062,0.00705,1.3242,0.83382,0.4763,0.36305
4.5414,0.58197,2.9386,-0.62538,0.75677,-0.34606,-0.69628,-0.17487,-0.62478,10.067,2.7053,1.4851,-0.46364,0.035519,-1.489,-0.24878,-0.88835,-0.53538,8.6548,0.66044,3.4618,-0.20204,1.367,0.98031,-0.4153,0.27654,-0.59383,-6.5566,1.2722,-0.60132,0.038273,0.32282,1.1683,0.90435,-0.2367,-0.39294,-6.4165,-3.5061,-1.7403,-0.89412,0.44189,1.3247,0.81888,0.4329,0.41282
6.046,-0.01238,2.1851,0.39478,-0.61703,-0.12709,-0.70096,-0.17672,-0.61701,8.9853,3.5145,2.1262,-0.31258,0.27876,-1.9122,-0.19315,-0.90621,-0.54239,10.455,-1.0074,4.9117,0.42596,1.5021,1.606,-0.36585,0.28957,-0.61978,-8.925,0.23996,0.087518,-0.19439,0.09454,1.1807,0.91698,-0.26052,-0.38677,-10.776,-0.37279,1.0035,-1.7928,0.19915,1.575,0.79142,0.36321,0.485
8.7623,1.0601,2.735,0.66283,-0.46588,-0.2146,-0.71162,-0.1937,-0.59888,7.3298,5.3317,1.9202,0.017975,0.59359,-1.8137,-0.12939,-0.92399,-0.54583,8.5731,-1.6523,6.7722,0.16136,1.0805,1.9001,-0.31183,0.30768,-0.63757,-8.7605,1.123,-1.0956,-0.64237,-0.002689,1.2154,0.93205,-0.28674,-0.3927,-8.8027,-1.8387,-1.1486,-0.46307,-0.5389,1.3706,0.78686,0.29307,0.51181
10.365,2.0387,1.1867,0.098068,-0.31079,-0.31259,-0.71586,-0.20535,-0.58833,5.2074,7.9512,1.7709,-0.19153,0.76934,-1.5203,-0.067558,-0.9381,-0.55075,6.3962,-2.5444,6.7205,0.48557,0.53507,1.4217,-0.26992,0.31659,-0.65017,-8.843,1.361,-0.69237,-1.096,0.14215,0.94644,0.93962,-0.29621,-0.41019,-9.8325,-4.0005,-1.0672,0.57635,-0.12217,0.94808,0.77813,0.25012,0.52841
10.654,1.9159,1.6805,-0.26905,-0.036944,-0.35161,-0.71047,-0.22396,-0.58839,4.1382,7.9236,2.486,-0.068917,0.92263,-1.2086,0.007858,-0.93918,-0.57158,7.9553,-3.3156,5.9067,0.69901,0.15484,1.1955,-0.23641,0.30998,-0.66188,-11.848,3.8032,0.7302,-0.89097,0.21211,0.95643,0.96221,-0.30306,-0.41739,-9.8156,-2.5193,-1.698,0.84603,0.092067,0.41694,0.76194,0.22899,0.54529
9.0796,1.6308,2.0248,-0.33021,-0.37025,-0.42063,-0.70883,-0.22769,-0.59032,7.631,7.0778,3.7868,0.076956,1.0039,-0.73752,0.070004,-0.94219,-0.57825,8.0158,-2.8172,5.4002,0.46654,-0.036004,1.0642,-0.22048,0.30566,-0.66649,-15.043,7.8097,0.94676,-0.70991,0.045743,1.5589,0.97618,-0.33713,-0.41955,-10.159,-1.7708,-1.6644,0.77717,-0.14459,0.24561,0.74553,0.23442,0.53855
13.64,1.7031,2.5971,-0.098709,-0.9178,-0.17307,-0.71908,-0.2227,-0.57891,7.168,6.2972,3.7804,-0.10451,0.469,0.13324,0.093079,-0.946,-0.57586,8.2079,-3.6571,4.8162,0.097815,-0.28165,0.72501,-0.2166,0.30638,-0.66215,-10.629,1.1484,1.853,-0.84151,-0.2165,2.1397,0.96515,-0.39689,-0.43451,-21.443,5.2427,-1.2385,0.37331,-0.089707,0.48423,0.72879,0.23763,0.52878
20.706,3.1026,1.548,0.072478,-1.0914,0.24448,-0.75521,-0.21895,-0.53999,3.5912,9.1843,7.4219,-0.3721,0.016071,0.59618,0.073857,-0.93896,-0.5906,6.7152,-6.0892,5.7259,-0.22809,-0.23999,0.28158,-0.21888,0.31782,-0.65477,-6.6518,-2.6354,1.1417,-0.41748,0.27047,0.88658,0.95274,-0.45762,-0.43337,-16.293,2.0617,0.050228,0.00237,-0.045293,0.29965,0.73095,0.23074,0.51888
18.938,2.7904,1.6594,-0.30137,0.33513,-0.031384,-0.75633,-0.21555,-0.5406,5.1806,6.7504,5.3402,0.098888,-0.39152,0.879,0.042606,-0.93898,-0.58842,7.0872,-3.5979,7.2554,-0.46256,-0.36322,-0.13815,-0.2255,0.32449,-0.64811,-7.6456,-3.6626,1.9032,0.43624,0.44489,-0.83205,0.9515,-0.45064,-0.42044,-15.467,-4.1632,-2.5524,-0.5259,-0.020635,-0.28243,0.73874,0.21658,0.51913
11.894,0.73616,1.4882,-0.18898,0.62836,0.1847,-0.74183,-0.21206,-0.56024,8.1341,7.1322,3.5519,-0.11601,-0.84361,1.3795,-0.015133,-0.93093,-0.59319,8.1966,-2.0449,6.1034,-0.31838,-0.87115,-0.4715,-0.24907,0.33232,-0.6397,-9.5335,-0.22297,0.81109,0.78143,0.501,-2.0142,0.96347,-0.41104,-0.39329,-13.648,-0.84263,-1.7956,-1.0249,-0.12218,-0.66,0.74962,0.20958,0.51735
10.114,-0.73808,1.3458,-0.1014,0.41763,0.47915,-0.73291,-0.19902,-0.57599,6.6349,6.8369,3.0067,-0.37169,-0.87401,1.7377,-0.086699,-0.91308,-0.59917,7.9011,-4.2791,5.8224,-0.45719,-1.2327,-0.48506,-0.28334,0.3438,-0.61808,-13.75,3.7325,1.5024,0.93709,0.7282,-2.1387,0.97903,-0.33203,-0.35477,-10.951,-1.4894,0.10851,-0.89077,-0.26148,-0.6172,0.76823,0.20333,0.49773
9.2651,-0.85505,0.80137,-0.005317,0.03077,0.44708,-0.72898,-0.18371,-0.58227,7.3838,4.4797,2.6166,-0.34606,-0.6657,1.9065,-0.15731,-0.89064,-0.60584,8.29,-3.0228,4.3297,-0.33938,-1.5301,-0.63188,-0.3239,0.35084,-0.59615,-12.238,2.7958,0.94855,0.54944,0.2849,-1.1309,0.97398,-0.2729,-0.32781,-11.015,-4.0438,0.078122,-0.21579,0.10308,-1.0577,0.78429,0.21855,0.47802
8.7484,0.039614,0.42275,0.33566,-0.13613,0.35247,-0.73532,-0.17786,-0.5753,8.3832,4.6297,1.6561,-0.14419,-0.38893,1.8051,-0.22367,-0.86252,-0.61485,8.2766,-3.0713,3.0467,-0.10718,-1.4586,-0.7604,-0.36993,0.35257,-0.56728,-9.4311,2.8025,0.19461,-0.10105,-0.055629,-1.4484,0.95326,-0.23457,-0.32717,-11.312,-2.7388,1.145,0.30068,0.024809,-1.6509,0.80064,0.2633,0.44409
7.7944,0.42947,1.1865,0.61317,0.12777,0.11273,-0.74133,-0.18086,-0.56744,8.444,3.5736,1.4572,0.10196,0.085417,1.7183,-0.27934,-0.83926,-0.61484,8.9134,-3.1751,2.3247,0.032954,-1.3202,-0.93375,-0.41183,0.34252,-0.54442,-9.1873,1.4427,-0.81942,-0.59199,0.082844,-1.7231,0.92933,-0.17522,-0.34329,-10.182,-2.98,0.24449,0.38795,-0.16426,-1.785,0.82215,0.32001,0.4028
5.931,0.26752,0.96245,0.51738,0.39707,0.20244,-0.74435,-0.18488,-0.56134,8.684,2.3059,1.8709,0.29215,0.47819,1.3986,-0.32737,-0.81171,-0.62191,8.7768,-1.4348,1.7984,0.004382,-1.0299,-0.96044,-0.45408,0.32703,-0.52093,-6.761,-0.052305,-1.5118,0.25049,-0.048716,-1.4888,0.89717,-0.13245,-0.35739,-9.4861,-3.964,0.84378,0.02927,-0.23484,-2.181,0.84025,0.38906,0.34986
5.0181,-0.31945,1.3695,0.79571,0.31468,0.020684,-0.73807,-0.19466,-0.56708,8.7832,1.7486,1.8034,0.32339,0.89754,0.84919,-0.33903,-0.7955,-0.6325,8.7548,-0.69155,0.46002,0.026308,-0.74653,-0.57114,-0.48294,0.31445,-0.50237,-7.2406,2.1465,-0.48096,0.55477,-0.043367,-1.2544,0.88113,-0.089729,-0.36889,-8.1923,-0.61495,0.57584,-0.061373,-0.54538,-2.0822,0.85628,0.46095,0.28379
4.2259,-1.361,0.34205,0.9617,0.29721,-0.022955,-0.7289,-0.21876,-0.56681,9.2152,1.3736,3.0997,0.22472,1.1929,0.26832,-0.32866,-0.79255,-0.6424,8.7897,0.15527,0.67563,-0.030087,-0.38518,0.12469,-0.49535,0.31159,-0.49309,-6.9882,3.5829,-1.1677,0.027808,0.1632,-1.1716,0.87292,-0.037426,-0.38136,-5.751,-0.10509,-1.0924,0.36456,-0.39936,-2.0021,0.86888,0.53053,0.22323
5.2428,-1.3638,-1.0082,1.2672,0.38686,-0.19617,-0.72154,-0.24729,-0.56551,8.7355,0.35746,3.6559,-0.009352,1.374,-0.24829,-0.29796,-0.78932,-0.66604,9.638,-0.36009,1.2794,-0.006719,-0.11317,0.94239,-0.49399,0.32458,-0.48607,-7.7474,3.7014,0.27998,-0.017278,0.16568,-0.79466,0.86385,0.002226,-0.39239,-6.6718,-0.30613,-0.047599,0.38469,-0.14066,-1.8534,0.86621,0.59496,0.16041
6.6405,-0.012489,2.8761,-0.43268,-0.33656,0.37043,-0.71773,-0.25027,-0.56709,8.4705,1.7211,4.4382,-0.37857,1.3742,-0.66656,-0.2571,-0.7877,-0.69482,9.8941,-0.73614,1.703,-0.011107,0.075455,1.5601,-0.47301,0.35246,-0.48553,-7.8031,2.4678,-0.7327,-0.036248,0.09884,-0.67543,0.85079,0.031902,-0.41042,-7.8767,0.16899,0.27698,0.42288,-0.12909,-1.6159,0.86213,0.64731,0.12169
8.8934,0.57619,3.0611,-0.43497,0.061485,0.045216,-0.73198,-0.24247,-0.55748,8.0702,3.3001,5.7991,-0.30382,1.3185,-0.93761,-0.19997,-0.7866,-0.72829,9.2322,-2.6122,1.7427,0.094726,0.15008,1.7994,-0.44159,0.38733,-0.48314,-8.2927,2.014,-0.28436,0.42319,0.22529,-0.61633,0.83353,0.051406,-0.42337,-7.2931,-0.026532,-0.13205,0.42367,-0.11031,-1.3918,0.85114,0.68797,0.069949
9.2941,-0.12851,2.4776,-0.24864,-0.024592,0.012084,-0.73269,-0.23343,-0.5604,7.2684,3.0862,5.922,0.042204,1.1608,-1.1184,-0.13976,-0.78859,-0.74407,8.4947,-4.5317,1.7943,0.20183,0.30846,1.5495,-0.4102,0.41486,-0.48634,-9.8611,0.35198,-0.68922,1.2472,0.27596,-0.70711,0.8315,0.067253,-0.42324,-7.9316,-1.3473,0.31679,0.39239,0.016042,-1.262,0.83472,0.72053,0.033598
9.4053,-0.4319,2.1631,-0.046746,0.12251,-0.004703,-0.73067,-0.22956,-0.56519,7.0102,4.1153,5.7137,-0.50901,0.87451,-0.78897,-0.09191,-0.7873,-0.75917,7.5911,-5.9687,1.4193,-0.036996,0.36864,1.1268,-0.38471,0.43245,-0.48654,-10.652,-1.4945,-1.1008,1.3949,-0.028559,-0.8746,0.82982,0.074902,-0.43096,-8.6047,-4.9513,0.011811,0.17758,0.16115,-0.88565,0.82628,0.74512,0.015593
9.8283,-0.40882,2.9573,-0.006532,0.008519,0.19109,-0.73118,-0.22574,-0.56712,6.4893,5.1128,6.4976,-0.23356,0.69854,-0.63739,-0.05114,-0.77607,-0.77823,7.4576,-5.5823,2.8384,0.052255,0.52194,0.84194,-0.3591,0.44607,-0.49191,-9.7622,-3.1104,-1.2312,0.1803,-0.20026,-1.3069,0.81825,0.098234,-0.44168,-10.214,-4.8141,1.4044,0.39487,0.19215,-0.82916,0.81405,0.75968,-0.006866
9.5813,-0.84984,2.5795,0.099431,-0.063916,0.34652,-0.73659,-0.21892,-0.56779,5.4668,2.3314,6.6074,0.002108,0.52447,-0.54923,-0.021584,-0.77437,-0.78496,7.9669,-4.3763,3.1723,0.13251,0.4619,0.57898,-0.33491,0.45094,-0.50039,-10.15,-0.21868,-0.80694,-0.4647,-0.32576,-1.0089,0.8011,0.12335,-0.46003,-10.547,-10.951,0.87426,0.40273,0.42741,-1.3428,0.80038,0.78486,-0.007242
12.135,-1.11,3.2389,0.51623,-0.7315,0.31741,-0.74613,-0.22271,-0.55818,7.6759,3.6573,6.627,-0.27395,0.035136,-0.52855,0.001724,-0.77246,-0.79166,8.4556,-4.7488,2.4038,0.21071,0.3205,0.19029,-0.31637,0.44774,-0.51095,-23.852,0.69067,0.10975,-1.2234,0.20829,-1.0081,0.79012,0.14601,-0.46349,-9.3927,-2.9856,2.9174,0.31945,0.059631,-1.5846,0.76252,0.82785,-0.022015
17.645,-2.264,2.8702,0.27257,-1.0783,0.30994,-0.77876,-0.22251,-0.51909,3.9753,6.8507,7.6324,0.1149,-0.27534,-0.3095,0.009329,-0.77489,-0.79106,6.6508,-7.4649,4.1181,0.18018,0.23126,-0.38126,-0.31368,0.4429,-0.51774,-14.867,1.4469,-1.8339,-0.17615,0.011252,0.015719,0.78808,0.14842,-0.472,-8.776,-0.14105,0.41784,-0.37218,0.09526,-0.23724,0.73405,0.85833,-0.027084
20.535,-0.70773,0.62664,-0.035468,0.19729,-0.075125,-0.7897,-0.22075,-0.50299,5.6205,3.6929,9.2904,0.6347,-0.73751,0.29186,-0.003036,-0.78061,-0.78487,8.128,-5.6904,5.5056,0.20773,-0.072669,-1.2786,-0.32514,0.4291,-0.52223,-14.591,2.309,-3.2699,0.39654,0.15996,-0.011341,0.78639,0.15405,-0.48077,-9.374,1.1501,-0.5824,-0.6415,0.20516,1.2351,0.74681,0.85457,-0.002683
14.762,-1.036,1.6775,-0.22947,0.69957,-0.27689,-0.77204,-0.22193,-0.52381,8.5945,3.814,6.2859,0.49675,-1.3333,0.72065,-0.043258,-0.79677,-0.76138,8.7655,-5.4342,3.2224,0.37779,-0.28532,-2.0311,-0.36085,0.39483,-0.52966,-13.805,-1.0593,-0.54933,1.1121,0.061099,0.11097,0.7911,0.12531,-0.47101,-11.03,-3.2476,-1.1601,-0.65387,0.45596,2.0843,0.78214,0.79514,0.036237
12.186,-0.17285,2.2008,0.16605,0.46231,-0.28648,-0.74939,-0.22986,-0.54682,5.8875,5.2339,6.04,0.91881,-1.5058,0.71064,-0.10576,-0.81918,-0.72026,8.3795,-3.9696,1.4942,0.087444,-0.15548,-1.7167,-0.3939,0.36083,-0.53418,-14.612,2.7537,1.5762,0.39027,0.037089,0.19373,0.79308,0.10545,-0.4739,-13.777,-7.8304,1.4108,-0.48722,0.70636,1.9097,0.8193,0.72731,0.10567
11.711,-0.26221,1.4132,-0.71376,0.63931,-0.14717,-0.72985,-0.23275,-0.56245,8.2246,2.9162,4.9768,0.69681,-1.5817,0.83127,-0.17357,-0.83453,-0.67721,9.4124,-2.5645,1.6859,0.10735,0.19099,-1.4294,-0.41886,0.32669,-0.54383,-12.46,2.6125,1.5145,-0.26287,0.026725,0.88088,0.80382,0.077176,-0.46491,-9.9466,-2.1576,1.8793,0.21471,-0.07177,2.0872,0.84799,0.65881,0.1504
7.717,-0.14813,1.2792,-0.87769,0.83723,-0.31189,-0.71106,-0.21557,-0.59157,8.0224,4.3173,3.0669,0.56057,-1.3974,0.82192,-0.22429,-0.84829,-0.63091,10.458,-1.828,2.3442,0.16178,0.50309,-1.423,-0.4301,0.29985,-0.55652,-9.0611,1.9869,0.09789,-0.56079,-0.1205,1.2695,0.82103,0.061393,-0.44488,-8.6431,-1.8257,1.3344,-0.31363,-0.009238,2.2782,0.86539,0.60723,0.17504
4.6426,0.37485,0.78924,-0.93717,0.78048,-0.6513,-0.69064,-0.20703,-0.61801,8.4713,2.8584,2.9172,0.63957,-1.1855,0.80271,-0.27286,-0.84905,-0.5932,10.138,-1.4961,3.5658,-0.58949,0.57127,-1.3549,-0.43225,0.28136,-0.56922,-7.7696,1.5922,-1.1587,-1.0105,-0.26049,1.3989,0.84005,0.050021,-0.42306,-8.0903,-2.0707,0.17768,-0.19423,-0.20509,2.1045,0.86882,0.57527,0.20153
3.1712,-0.33196,0.78841,-0.25025,0.51021,-0.63295,-0.67069,-0.20824,-0.63861,8.7218,2.9118,1.925,0.34588,-0.89268,0.66711,-0.31603,-0.84936,-0.55636,8.6665,-2.0061,3.6942,-1.146,0.47993,-0.93052,-0.43805,0.2882,-0.56909,-6.3404,1.5785,-0.10211,-0.83993,-0.26398,1.4289,0.8625,0.01947,-0.3988,-5.982,-3.6587,-1.4047,0.13038,-0.21314,1.6306,0.87141,0.54202,0.22349
2.9084,0.69386,0.44988,-0.24829,0.49199,-0.22614,-0.6527,-0.21393,-0.65589,8.1611,1.6943,1.0289,0.24397,-0.55858,0.055005,-0.33989,-0.84837,-0.53295,7.3423,2.1213,2.3407,-0.52747,0.4149,-0.61726,-0.43803,0.29237,-0.5711,-4.9861,-1.1962,1.1061,-0.043985,-0.40128,1.2969,0.8793,-0.025998,-0.39317,-6.7321,-3.0796,-3.657,-0.21833,-0.1585,1.2359,0.8706,0.51845,0.25168
3.6765,-0.2943,1.4789,-0.55466,-0.13505,0.16657,-0.64663,-0.20059,-0.66732,9.1774,1.1655,2.0462,0.22757,-0.29856,-0.83699,-0.33078,-0.86347,-0.51171,7.3599,1.8689,2.1889,0.085991,0.48333,0.033594,-0.43085,0.28984,-0.57911,-5.8983,-1.6291,-0.26981,0.592,-0.097943,1.4542,0.90351,-0.088256,-0.38164,-5.9803,-1.8008,-2.9237,-0.48726,0.37968,1.2787,0.87131,0.46889,0.31575
4.5288,0.54912,1.9087,-0.12536,-0.34845,0.086125,-0.65486,-0.19225,-0.66043,9.5336,1.0978,2.9643,-0.29165,-0.24133,-1.6362,-0.29215,-0.88265,-0.51326,7.5707,1.4661,1.5194,0.21456,0.79342,0.86637,-0.40842,0.29379,-0.59245,-7.4789,0.77852,0.010946,0.51075,-0.032745,1.4835,0.92417,-0.14214,-0.36923,-6.4452,-3.0449,-1.1419,-0.26015,0.58109,1.1812,0.85279,0.42515,0.36926
5.8702,0.76619,2.3679,-0.15362,-0.24364,0.24084,-0.66391,-0.18338,-0.65399,8.4763,2.5973,2.7702,-0.58653,-0.12885,-2.0439,-0.24059,-0.90156,-0.52113,9.498,-1.6069,2.2427,0.071098,1.1655,1.6541,-0.36704,0.30872,-0.60802,-9.4734,0.68171,-0.25411,0.14465,0.058587,1.6941,0.93776,-0.18601,-0.36389,-8.5273,-0.005269,1.8493,-0.154,0.55809,1.3336,0.82827,0.38101,0.41727
7.6448,1.3786,3.1464,-0.065589,-0.59421,0.1588,-0.6755,-0.17442,-0.64469,6.828,5.3639,1.3073,-0.44381,0.004025,-1.9963,-0.17811,-0.91618,-0.53096,8.8732,-2.5031,5.2292,0.18972,1.4115,1.7419,-0.30925,0.32282,-0.62879,-9.3579,0.17809,0.12391,-0.3312,-0.038509,1.7798,0.95599,-0.2389,-0.35988,-11.918,1.0465,2.542,0.39435,-0.20357,1.8949,0.81187,0.32812,0.44723
10.97,1.6255,3.2777,-0.023248,-0.52169,0.038505,-0.69697,-0.1685,-0.62485,6.2861,8.1397,2.3689,-0.42907,0.078346,-1.7663,-0.11732,-0.92906,-0.54742,7.1153,-3.5464,5.6584,0.11566,1.47,1.1946,-0.24914,0.32488,-0.64871,-9.5719,-0.44406,-0.16483,-0.61489,0.094693,1.5211,0.96115,-0.2843,-0.37228,-8.713,-2.2744,-0.55058,0.063485,-0.42035,1.1584,0.80996,0.2847,0.46606
12.802,0.93337,2.2276,-0.30603,-0.11322,-0.28637,-0.7125,-0.16824,-0.60945,7.3309,6.8671,3.2639,0.094462,0.34228,-1.2161,-0.049002,-0.93974,-0.56168,6.5907,-5.3925,7.3891,0.23218,1.2111,0.71695,-0.19206,0.32262,-0.66614,-8.9878,0.80973,0.085638,-0.69562,0.011585,1.159,0.96883,-0.32393,-0.38497,-10.297,-2.6448,-3.619,0.32,0.21197,0.66706,0.79129,0.25396,0.49447
11.113,-0.046529,2.4098,-0.6365,0.23686,-0.53476,-0.70154,-0.16392,-0.62493,7.7511,6.6892,2.94,0.3406,0.18123,-0.61253,-0.011174,-0.9478,-0.55684,8.2256,-1.817,8.7013,0.59817,0.64926,0.14557,-0.16293,0.30375,-0.68201,-12.388,5.5129,0.30482,-0.73376,-0.081886,0.84003,0.97955,-0.34002,-0.39546,-9.6979,-3.7899,-1.662,0.3369,-0.19513,0.22633,0.77312,0.24922,0.50354
9.1737,-0.54863,2.1755,-0.78782,0.038726,-0.50697,-0.69366,-0.15762,-0.63529,7.3725,6.8591,3.8911,0.43938,-0.21666,-0.18867,-0.00389,-0.95746,-0.54427,7.931,-2.7626,7.5495,0.19789,0.007856,0.15248,-0.14923,0.2939,-0.68342,-14.898,8.5539,0.67125,-0.98513,-0.14679,1.4791,0.97387,-0.36289,-0.41473,-11.466,-3.029,-3.2737,-0.26562,0.40696,-0.31373,0.75005,0.24765,0.50642
12.339,1.0678,2.8964,-0.099219,-1.008,0.083454,-0.70852,-0.14815,-0.62464,7.1397,7.3366,5.3889,0.83289,-0.66074,0.053879,-0.013134,-0.97089,-0.51314,7.5926,-2.9992,7.7074,-0.10853,-0.69909,-0.077302,-0.1633,0.29349,-0.67947,-9.542,-1.0072,1.8172,-0.80195,-0.15823,1.987,0.95296,-0.43766,-0.43065,-18.403,7.3847,1.6875,0.30928,-0.6617,0.7107,0.73767,0.23632,0.50623
20.509,1.4679,3.1699,0.037606,-0.52525,0.59767,-0.74041,-0.12523,-0.59605,5.4143,5.8437,1.8865,-0.34997,-0.94526,0.47766,-0.046321,-0.97263,-0.49657,6.2103,-3.9439,7.632,0.71575,-1.2564,-0.11154,-0.19134,0.28335,-0.67482,-6.0742,-4.0552,2.2203,0.38427,0.3024,0.48688,0.91858,-0.48568,-0.43491,-17.784,-1.5202,-1.165,-0.18602,-0.18679,0.26922,0.74013,0.22156,0.50805
17.417,0.51897,3.9759,0.056325,0.19411,-0.009425,-0.73746,-0.12312,-0.59851,5.0143,8.6994,0.50207,-0.71439,-0.54936,0.88942,-0.092296,-0.96057,-0.51171,6.575,-3.2502,7.068,-0.011438,-1.3464,0.0254,-0.23452,0.27944,-0.66457,-7.2045,-2.5114,1.4381,1.0399,0.28518,-1.305,0.91818,-0.48225,-0.40971,-14.806,-2.9867,-2.3588,-0.32937,0.21685,-0.61543,0.74555,0.22075,0.50013
11.178,1.124,2.2762,0.1331,0.48992,-0.16631,-0.72678,-0.13403,-0.60716,7.2025,5.4936,2.0247,-0.24012,-0.45779,1.4266,-0.13471,-0.94326,-0.52753,7.711,-2.9477,5.9112,-0.73184,-1.4289,-0.10947,-0.27488,0.30255,-0.64107,-10.959,0.79239,0.57127,1.1288,0.33559,-2.3142,0.93529,-0.41725,-0.3791,-13.363,-1.6644,-0.014904,-0.47263,-0.41777,-0.4816,0.75677,0.22352,0.4813
9.9955,-0.59608,1.2712,-0.005494,0.23678,0.27029,-0.72287,-0.13155,-0.60918,9.418,4.8871,1.0755,-0.66832,-0.32775,1.8117,-0.18413,-0.91728,-0.55328,8.302,-3.5372,2.8131,-0.7438,-1.3588,-0.14273,-0.31056,0.32042,-0.6173,-15.148,4.5597,-0.35735,0.8824,0.44047,-1.635,0.93834,-0.35171,-0.35085,-11.538,-3.0559,0.2662,-0.30166,-0.19143,-0.98869,0.77975,0.22868,0.45975
9.7729,-0.38679,1.2559,0.23003,-0.22391,0.12483,-0.72296,-0.12508,-0.60815,8.0049,5.453,1.8811,-0.29058,-0.063693,1.9983,-0.24993,-0.88257,-0.56981,9.546,-2.128,4.1351,-1.0016,-1.2251,-0.56357,-0.34985,0.34432,-0.58493,-10.619,3.808,-1.0458,0.084042,-0.057993,-1.4932,0.92265,-0.31196,-0.33828,-11.143,-0.92595,1.6009,0.096668,-0.14081,-1.2935,0.79797,0.26053,0.42359
7.6587,-0.18236,0.68911,0.41321,-0.091318,0.2702,-0.73284,-0.12845,-0.59506,8.3458,4.4729,1.9954,-0.010966,0.25445,2.0403,-0.3127,-0.84909,-0.57885,9.5974,-4.8907,3.7781,-0.24018,-1.1678,-1.1943,-0.38969,0.34961,-0.55863,-9.0713,2.0809,-0.87781,-0.28428,0.17299,-1.8512,0.90185,-0.25808,-0.34727,-9.7878,-5.5938,1.6337,0.23446,-0.12623,-1.9924,0.81977,0.30931,0.38657
5.8684,-0.7075,0.35875,0.7917,0.063148,0.051876,-0.72828,-0.1386,-0.59535,8.6404,2.3165,0.72361,0.21685,0.6213,1.7645,-0.36558,-0.81431,-0.59011,8.4233,-2.4718,4.0654,0.3822,-1.13,-1.2872,-0.43953,0.33635,-0.53546,-6.5615,2.2692,-0.46744,-0.055436,-0.041492,-1.813,0.88803,-0.17822,-0.35836,-10.762,-1.1041,0.77763,-0.82693,-0.15645,-2.3289,0.83355,0.38168,0.34075
4.0879,-0.16264,1.0725,0.76471,-0.11046,0.005951,-0.7307,-0.15356,-0.58834,8.7054,1.0587,2.0841,0.58862,1.0278,1.1401,-0.38476,-0.79397,-0.60184,8.4671,-0.44957,2.8866,2.2124,-0.69037,-0.99785,-0.47764,0.2939,-0.53268,-5.7005,3.2557,-0.61628,0.24539,-0.071981,-1.4318,0.87707,-0.12438,-0.36978,-8.2285,0.75602,-0.49687,-0.90662,-0.42854,-2.0026,0.84711,0.44649,0.29958
3.9756,-1.3541,-0.89834,1.4155,0.12038,-0.46489,-0.73418,-0.18491,-0.57412,9.4807,0.060712,1.868,0.58012,1.2956,0.31734,-0.37659,-0.78851,-0.61334,7.9083,2.6661,0.37898,4.6917,-0.48114,-0.63052,-0.50222,0.19885,-0.55269,-6.9921,4.3699,-1.0561,-0.11855,0.10092,-1.1621,0.86715,-0.084695,-0.3848,-5.1383,-1.3954,-0.35334,-0.28652,-0.60913,-1.832,0.8561,0.50516,0.26209
4.6664,-0.43926,-1.3274,1.2353,1.2634,-0.62683,-0.71032,-0.23771,-0.58358,9.5572,0.041121,3.8685,0.21255,1.2787,-0.61509,-0.33926,-0.79902,-0.62776,7.5445,1.9258,-0.051297,3.5147,-0.12945,0.04697,-0.5126,0.10161,-0.56382,-7.8571,4.1484,-0.91569,-0.23258,0.054985,-0.90836,0.86117,-0.034345,-0.39742,-4.9583,-1.713,0.50799,0.75396,-0.032379,-1.7711,0.8557,0.57104,0.20331
5.7318,0.33395,3.2892,-0.47369,-0.76036,0.57825,-0.6991,-0.23961,-0.59442,9.2145,1.1751,4.0198,-0.25353,1.2546,-1.3173,-0.28881,-0.80773,-0.6519,6.8116,-2.7135,0.16746,0.31037,0.43058,1.1372,-0.50066,0.084325,-0.56764,-8.3317,3.2859,-1.3595,-0.26013,0.34936,-0.66119,0.84958,-8.5e-05,-0.41132,-7.0455,-0.13463,0.54421,0.76496,-0.14293,-1.5539,0.85144,0.62626,0.15164
8.2081,-0.32977,1.2519,0.29542,-0.6457,0.009849,-0.73013,-0.23689,-0.56283,8.0303,3.3119,4.3796,-0.27114,1.3329,-1.5478,-0.21359,-0.82178,-0.67849,9.8468,-2.5164,0.82372,-0.77697,0.54676,1.319,-0.46997,0.10586,-0.57979,-8.1718,2.1532,0.64079,-0.012459,0.29087,-0.78702,0.84368,0.040042,-0.41564,-8.1778,-0.54567,-0.028865,0.49824,-0.25524,-1.4051,0.84387,0.66646,0.095765
9.4492,-0.90434,1.6455,0.66507,0.1194,0.012659,-0.72709,-0.25797,-0.55691,6.7622,4.1926,4.2932,-0.09224,1.4054,-1.2858,-0.14427,-0.82803,-0.69747,12.993,-3.0028,4.3003,-0.11039,1.072,1.1538,-0.44297,0.13842,-0.59018,-9.201,1.7302,0.38047,0.072853,0.19984,-0.53887,0.84105,0.070789,-0.41124,-7.6999,-1.4518,-0.023234,-0.02109,-0.11262,-1.3416,0.82637,0.70378,0.0565
9.8895,-0.65671,1.8296,0.46041,0.20101,0.10147,-0.73062,-0.26602,-0.5504,6.3136,4.7854,4.5532,-0.23134,1.5062,-0.88043,-0.083208,-0.82687,-0.71379,8.518,-1.8735,3.2887,-0.14185,1.0823,0.74901,-0.41397,0.16987,-0.60068,-10.456,-0.38409,-1.0005,0.41542,0.062689,-0.39732,0.83721,0.085659,-0.40843,-7.7521,-2.1592,1.5428,-0.024383,-0.10918,-1.1244,0.81296,0.73435,0.042477
9.8333,0.44499,2.4854,0.12503,-0.005979,0.11655,-0.72967,-0.26941,-0.5502,6.5672,4.5496,6.6438,-0.6087,1.2313,-0.59951,-0.026782,-0.81749,-0.73729,8.2886,-2.2193,4.4012,-0.56825,1.1435,0.47916,-0.38357,0.1896,-0.61381,-9.9601,-2.5399,-1.5359,0.47437,0.16248,-0.69535,0.83116,0.10195,-0.40166,-10.974,-6.9621,1.4456,0.018391,0.28827,-1.0678,0.794,0.75558,0.034696
10.832,0.16551,1.8197,0.015181,-0.025977,0.17127,-0.73662,-0.26708,-0.5474,7.1773,4.3306,7.2759,-0.4555,0.90427,-0.3819,0.010353,-0.80499,-0.76074,8.9704,-4.4676,3.8003,-0.21134,0.88532,0.30681,-0.35105,0.20249,-0.62474,-10.558,-3.8032,-1.3215,0.32269,0.065898,-1.0757,0.81949,0.11942,-0.40369,-11.089,-12.62,0.28534,0.34032,0.36156,-1.5381,0.77825,0.78685,0.028824
11.649,-0.18396,2.3533,0.46217,0.35261,0.27522,-0.72773,-0.27335,-0.55925,6.8053,4.5915,7.4644,-0.11308,0.49912,-0.36645,0.039503,-0.80005,-0.77199,8.7049,-2.1783,4.7442,0.17673,0.71562,-0.049779,-0.32452,0.18324,-0.64465,-13.487,-2.8991,0.29939,-0.38258,-0.19332,-1.4054,0.8005,0.14549,-0.41253,-9.2946,-6.6592,2.304,0.45332,0.17607,-1.9649,0.73355,0.84223,0.00669
16.328,-0.66177,5.012,0.48024,-0.63519,0.2819,-0.73804,-0.27462,-0.54646,5.4033,3.8232,8.9154,0.048006,-0.07778,-0.24934,0.050585,-0.79881,-0.77622,8.6756,-3.7524,5.177,-0.40373,0.2187,-0.15143,-0.31393,0.18237,-0.65013,-18.818,0.022333,1.5021,0.2392,-0.52111,-0.72564,0.78774,0.17462,-0.43002,-6.438,0.20531,0.78699,-0.23955,0.19038,-1.0122,0.69135,0.8947,-0.012918
