-2.9845,1.7946,9.2305,-0.00405,0.030902,0.009423,0.32141,0.36372,-0.75317,-1.2009,7.3764,6.3446,0.012032,-0.013581,-0.00015,0.2185,-0.62297,-1.2127,-1.4936,-6.29,7.4399,0.000162,-0.002612,-0.006178,0.020412,0.75661,-0.1948,-1.1168,8.3467,-4.9677,0.0016,0.013518,-0.015603,0.31644,-0.46468,0.72423,-0.96528,-9.3808,-2.6857,0.002862,-0.00472,-0.011907,-0.37559,0.50375,-0.31805
-2.9544,1.8683,9.2611,-0.004932,0.021709,-0.010595,0.32104,0.36423,-0.75251,-1.191,7.3546,6.3397,0.010452,-0.006662,-0.017885,0.21835,-0.62297,-1.213,-1.4863,-6.2779,7.4496,-0.000765,0.005586,-0.005276,0.020664,0.75738,-0.19481,-1.1392,8.3466,-4.9832,0.005199,0.013522,-0.017367,0.31536,-0.46571,0.72471,-0.96527,-9.3809,-2.6783,0.001041,-0.005605,-0.011004,-0.37422,0.50455,-0.31749
-3.1482,1.7448,9.0499,0.00042,0.011016,0.00584,0.32141,0.36398,-0.75317,-1.1813,7.3571,6.3325,0.006761,-0.000312,-3.5e-05,0.21945,-0.62364,-1.212,-1.4936,-6.2778,7.4055,-0.014889,-0.001051,-0.011489,0.020899,0.75686,-0.19516,-1.1468,8.3766,-4.9834,-0.003237,0.010028,0.002027,0.31768,-0.46431,0.72442,-0.96527,-9.3809,-2.6708,-0.009966,-0.010784,0.000747,-0.37487,0.50322,-0.31749
-2.9252,1.7789,9.3353,-0.025788,0.024681,-0.001513,0.32083,0.36506,-0.75375,-1.186,7.4055,6.364,0.01581,-0.001315,-0.009153,0.21933,-0.62241,-1.2128,-1.4985,-6.2923,7.4154,-0.006177,0.015624,-0.002616,0.020415,0.7583,-0.19472,-1.0871,8.3768,-4.9822,-0.009202,0.004718,-0.010366,0.31803,-0.46693,0.72523,-0.96523,-9.366,-2.6558,0.000988,-0.001033,-0.006451,-0.37513,0.50348,-0.31737
-2.9696,1.8239,9.2756,0.01137,0.034351,0.005786,0.32006,0.36557,-0.75283,-1.1807,7.3277,6.4026,0.015874,0.009294,-0.007327,0.21885,-0.62386,-1.2122,-1.4545,-6.346,7.4195,-0.001693,-0.008893,-0.001771,0.019897,0.75728,-0.19497,-1.1914,8.3463,-4.9542,0.010488,0.00386,-0.016549,0.31743,-0.46599,0.72441,-0.98771,-9.3658,-2.6711,0.006303,0.005452,0.002634,-0.37488,0.50336,-0.31762
-2.9546,1.8091,9.2458,-0.001208,0.039578,-0.012493,0.32115,0.36503,-0.75292,-1.1865,7.4037,6.2425,0.010439,0.007645,0.001606,0.21977,-0.62392,-1.2145,-1.4839,-6.273,7.4446,-0.001677,0.00651,-0.00439,0.019914,0.75494,-0.19465,-1.1169,8.3469,-5.0277,0.008461,-0.019937,-0.006132,0.3152,-0.46569,0.72404,-0.98027,-9.3807,-2.7009,-0.00284,0.000207,0.010759,-0.37394,0.50351,-0.31933
-3.044,1.8099,9.2302,0.005901,0.026303,0.006715,0.32023,0.36345,-0.7524,-1.2054,7.3811,6.3881,-0.00221,-0.004751,0.000753,0.21985,-0.62396,-1.213,-1.5277,-6.2776,7.4147,-0.014808,-0.006588,-0.015043,0.02194,0.7559,-0.19457,-1.102,8.3619,-4.9974,-0.004992,0.007366,0.00112,0.31713,-0.46571,0.724,-0.92028,-9.3512,-2.6849,-0.000855,0.003522,-0.001915,-0.37332,0.50351,-0.31811
-3.0142,1.8097,9.2304,-0.003159,0.02365,0.003982,0.32193,0.36432,-0.75111,-1.2152,7.328,6.3489,0.021143,-0.004836,-0.005675,0.22043,-0.6225,-1.214,-1.5276,-6.331,7.3961,-0.014181,0.006474,-0.002655,0.020551,0.75687,-0.19455,-1.0796,8.3769,-4.9895,-0.016302,0.010004,-0.01033,0.31673,-0.46559,0.72438,-0.94283,-9.3959,-2.6854,-0.014531,-0.001714,0.00714,-0.37396,0.50431,-0.31948
-2.9918,1.8242,9.2456,-0.008561,0.023581,-0.005142,0.32284,0.3638,-0.75189,-1.1664,7.3668,6.3348,0.02096,-0.008199,0.012106,0.21969,-0.62252,-1.2133,-1.4961,-6.2875,7.43,0.013889,-0.008363,-0.022071,0.020475,0.75686,-0.19354,-1.1316,8.3315,-4.938,-0.004039,0.017063,-0.001461,0.31677,-0.46512,0.72557,-0.96528,-9.3808,-2.6857,-0.001036,-0.011499,0.007956,-0.37439,0.50482,-0.3179
-2.9548,1.7721,9.2455,0.004084,0.012673,-0.010548,0.32116,0.36516,-0.75265,-1.1666,7.3764,6.3473,0.00672,-0.002946,0.001735,0.21932,-0.62551,-1.2148,-1.44,-6.2732,7.416,-0.009446,-0.002961,-0.015887,0.02019,0.75688,-0.19419,-1.1466,8.3316,-4.9833,0.00507,0.002966,-0.012149,0.31675,-0.4651,0.72504,-0.98024,-9.3583,-2.7009,0.00533,-0.01244,0.004322,-0.37262,0.50458,-0.31931
-2.9697,1.7943,9.2754,-0.01217,0.02903,-0.002432,0.32144,0.36449,-0.75249,-1.201,7.3766,6.3106,0.00856,0.00057,-4.6e-05,0.22024,-0.62434,-1.2144,-1.4887,-6.3118,7.4355,-0.007652,-0.006569,-0.01591,0.019651,0.7569,-0.19485,-1.1468,8.3616,-4.9908,0.001329,0.010018,-0.003271,0.317,-0.4652,0.72426,-0.98022,-9.3508,-2.7009,-0.006247,-0.009119,-0.006482,-0.37379,0.50429,-0.31721
-2.9696,1.8018,9.2605,-0.008609,0.020097,0.002171,0.32114,0.3649,-0.75305,-1.191,7.3763,6.3617,-0.002235,-0.004725,1.7e-05,0.22055,-0.6245,-1.2135,-1.4984,-6.3263,7.4062,0.002957,0.002738,-0.011467,0.019662,0.75794,-0.19462,-1.1093,8.3468,-4.9826,-0.003006,0.017045,-0.007638,0.31698,-0.4648,0.72386,-0.96528,-9.3883,-2.6783,0.000996,-0.000135,-0.006445,-0.37459,0.50403,-0.31896
-2.9846,1.7945,9.2604,-0.014904,0.020905,-0.007875,0.32235,0.36503,-0.75328,-1.2058,7.374,6.3373,0.004975,-0.001215,-0.001805,0.22007,-0.62381,-1.2149,-1.5034,-6.2778,7.4322,0.006369,-0.002508,-0.004405,0.020969,0.75697,-0.19377,-1.1019,8.3468,-4.9824,-0.002197,0.004719,-0.005077,0.31784,-0.46434,0.72496,-0.96527,-9.3809,-2.6708,-0.002721,0.005413,0.002646,-0.37447,0.50468,-0.31723
-3.0143,1.7948,9.2452,0.00598,0.030596,-0.008803,0.32169,0.36542,-0.7529,-1.2032,7.3569,6.3688,0.004882,-0.013593,-0.001871,0.21893,-0.62357,-1.2145,-1.5033,-6.2972,7.4179,-0.006221,-0.018825,0.001728,0.022084,0.75745,-0.19423,-1.1169,8.3618,-4.9902,0.003384,0.015275,-0.015588,0.31896,-0.4641,0.72514,-0.96525,-9.3659,-2.6857,-0.006299,0.007156,0.000857,-0.37346,0.50483,-0.318
-2.9994,1.7947,9.2379,-0.004939,0.021734,-0.006955,0.32242,0.36513,-0.75205,-1.2058,7.3667,6.3397,0.019244,-0.013638,-0.005547,0.22151,-0.62406,-1.215,-1.4887,-6.3021,7.4206,-0.005816,-0.002982,-0.018549,0.021786,0.75734,-0.19513,-1.1169,8.3618,-4.9977,-0.003751,0.0012,-0.015687,0.31698,-0.46633,0.72334,-0.95031,-9.3809,-2.7004,-0.008072,-9.8e-05,-0.002811,-0.37425,0.50431,-0.31976
-2.9844,1.8389,9.2607,0.009549,0.01799,-0.012387,0.32102,0.36674,-0.75266,-1.1813,7.3643,6.3374,0.016629,0.000542,-0.001889,0.21941,-0.6251,-1.2154,-1.4644,-6.2876,7.4207,-0.013378,0.005635,0.000898,0.019528,0.75808,-0.19476,-1.1167,8.3466,-4.9602,0.004806,0.011763,0.000269,0.31675,-0.4651,0.72504,-0.98027,-9.3807,-2.7009,0.009894,-0.003497,0.002562,-0.37485,0.50416,-0.31884
-2.9845,1.8094,9.2455,-0.007716,0.010108,-0.006907,0.3223,0.36525,-0.75178,-1.2108,7.3814,6.3203,0.010211,-0.010871,0.006103,0.21999,-0.62306,-1.2141,-1.4692,-6.2925,7.4159,-0.007681,0.000726,-0.015004,0.020577,0.75647,-0.19403,-1.1393,8.3616,-4.9832,-0.002236,0.006499,-0.003296,0.31653,-0.46642,0.72582,-0.98025,-9.3808,-2.6785,-0.000859,-6.4e-05,-0.002815,-0.37544,0.50389,-0.31965
-2.9845,1.7946,9.2305,0.004021,0.011058,0.004048,0.32289,0.36694,-0.75081,-1.1812,7.357,6.3495,0.006628,-0.011758,0.005241,0.22025,-0.62409,-1.2142,-1.479,-6.3094,7.4282,0.001344,-0.006588,-0.01943,0.020841,0.75789,-0.1938,-1.1318,8.3617,-4.983,0.010219,0.011761,-0.003258,0.31673,-0.46521,0.72451,-0.95026,-9.351,-2.7003,0.004566,0.008948,-0.000974,-0.37528,0.50455,-0.31926
-2.9921,1.765,9.2303,-0.009398,0.025185,-0.019745,0.32146,0.36514,-0.75222,-1.1764,7.3619,6.3399,0.011892,-0.015211,0.014961,0.22002,-0.62411,-1.2136,-1.4838,-6.2924,7.4083,-0.013181,0.000869,-0.007949,0.019702,0.75676,-0.19383,-1.0869,8.3468,-4.9821,0.004745,0.017031,0.003833,0.31698,-0.46519,0.72386,-0.97267,-9.3361,-2.6559,0.006253,0.01452,0.008114,-0.37505,0.50349,-0.31803
-2.9994,1.7947,9.2453,-0.001393,0.013761,0.002204,0.3215,0.36512,-0.7514,-1.1863,7.3765,6.3253,0.013854,-0.015383,-0.004618,0.22,-0.6241,-1.2139,-1.4985,-6.3069,7.4254,0.006445,0.001037,-0.007932,0.020855,0.75697,-0.19352,-1.1168,8.3541,-4.9602,-0.005691,0.011772,-0.007672,0.3187,-0.46589,0.72487,-0.96528,-9.3808,-2.6857,-0.004447,0.006193,-0.002771,-0.37477,0.50455,-0.31778
-2.992,1.7945,9.2603,-0.00668,0.030624,-0.01429,0.32037,0.3666,-0.75214,-1.1764,7.357,6.335,0.01028,-0.004704,0.00347,0.21995,-0.62459,-1.2151,-1.4838,-6.3118,7.4111,-0.003402,0.000997,-0.006173,0.019563,0.75651,-0.19408,-1.1169,8.3618,-4.9977,0.010514,0.002941,-0.017439,0.31778,-0.46492,0.72324,-0.94278,-9.3585,-2.7002,-0.008037,0.003448,-0.004601,-0.3732,0.50364,-0.31838
-2.9921,1.765,9.2452,-0.008673,0.009377,0.005861,0.32084,0.36519,-0.75362,-1.1936,7.3716,6.3252,0.008597,0.009429,0.002669,0.22048,-0.62394,-1.2148,-1.4936,-6.2875,7.4203,-0.00434,0.002857,-0.004405,0.020695,0.75777,-0.19419,-1.1093,8.3468,-4.9826,-0.002417,0.01001,0.005549,0.31668,-0.46439,0.72345,-0.97274,-9.3659,-2.6784,-0.002944,-0.004149,0.017057,-0.37353,0.50312,-0.31931
-2.9696,1.7945,9.2306,-0.001248,0.032423,-0.010641,0.31986,0.36666,-0.75407,-1.1911,7.3813,6.335,0.008467,-0.013587,-0.001896,0.21991,-0.6236,-1.2131,-1.4936,-6.3118,7.4354,-0.005847,-0.008394,-0.016796,0.019574,0.75755,-0.19386,-1.1318,8.3616,-4.968,-0.00218,0.008254,-0.00593,0.31718,-0.46537,0.72519,-0.95779,-9.3809,-2.6856,0.004549,-0.003635,-0.002862,-0.37474,0.50443,-0.31911
-2.9696,1.7945,9.2381,-0.004959,0.029099,0.007608,0.32062,0.36661,-0.75254,-1.1861,7.3618,6.3447,0.004984,-0.006561,-0.007167,0.22041,-0.62397,-1.2136,-1.4668,-6.2974,7.4282,0.013566,0.010181,-0.007895,0.01965,0.75742,-0.19486,-1.1318,8.3617,-4.983,-0.002038,0.01001,-0.012095,0.31646,-0.46521,0.72463,-0.97272,-9.3584,-2.6783,0.004419,-0.00524,0.006178,-0.3745,0.50443,-0.3195
-2.9325,1.8233,9.3654,-0.006853,0.014792,0.005854,0.32006,0.3661,-0.75283,-1.1813,7.3643,6.3277,0.012065,-0.015381,-0.004604,0.22036,-0.62433,-1.2147,-1.4839,-6.2973,7.4304,-0.006109,0.004633,-0.005284,0.019803,0.75676,-0.19433,-1.1317,8.3467,-4.983,-0.002193,0.006494,-0.005064,0.31777,-0.46464,0.72627,-0.95776,-9.381,-2.6557,-0.000976,-0.005302,0.004376,-0.37356,0.50469,-0.31761
-3.0592,1.7214,9.1698,-0.017478,0.046881,-0.007092,0.32051,0.3662,-0.75213,-1.191,7.3521,6.3543,0.006688,-0.015381,-0.004562,0.2194,-0.62491,-1.2131,-1.5082,-6.2826,7.4151,0.00123,-0.018239,-0.013277,0.01903,0.75679,-0.19462,-1.1169,8.3617,-4.9827,-0.00029,0.025847,-0.009338,0.31838,-0.46598,0.7238,-0.98023,-9.3658,-2.686,-0.000822,0.003485,-0.004601,-0.37586,0.50469,-0.31981
-2.9403,1.7346,9.3349,-0.015934,0.005831,0.002227,0.31975,0.36665,-0.75367,-1.1913,7.4008,6.3084,-0.000319,0.004959,-0.00528,0.21911,-0.62593,-1.2139,-1.4936,-6.2924,7.4253,-0.013031,-0.00204,-0.015023,0.020315,0.75778,-0.1942,-1.1019,8.3543,-4.9824,0.001364,0.008235,-0.005051,0.31859,-0.4677,0.725,-0.95027,-9.366,-2.6854,0.009917,-0.003544,0.000739,-0.37547,0.5039,-0.32005
-2.9327,1.7568,9.3053,-0.003202,0.00739,-0.008706,0.31914,0.36715,-0.75233,-1.1833,7.3179,6.4125,0.01017,-0.011746,0.008764,0.2195,-0.62385,-1.2135,-1.4253,-6.3461,7.4199,-0.006241,-0.000665,0.001782,0.021001,0.75697,-0.19314,-1.1614,8.3314,-4.9386,0.001547,0.018823,-0.012919,0.31827,-0.46486,0.72498,-0.96528,-9.3883,-2.6783,-0.000898,-0.005409,-0.001048,-0.37408,0.50417,-0.31935
-2.9325,1.7571,9.2456,-0.003029,0.045099,-0.002487,0.32012,0.36673,-0.75174,-1.1818,7.4157,6.238,0.010478,0.005813,-0.00892,0.21898,-0.62489,-1.2138,-1.5058,-6.268,7.4149,0.01361,0.004695,-0.009681,0.020448,0.75791,-0.19408,-1.1171,8.3844,-5.0203,0.010292,0.006469,-0.006822,0.31856,-0.46577,0.72499,-0.98023,-9.3809,-2.6561,0.006296,-0.016153,-0.002035,-0.37421,0.50549,-0.31898
-2.9919,1.7947,9.2305,0.005007,0.025367,0.002163,0.32034,0.36728,-0.75269,-1.2057,7.3569,6.3591,-0.016487,-0.00478,-0.007874,0.22048,-0.62329,-1.2147,-1.5131,-6.3117,7.4155,-0.00427,-0.015373,-0.006216,0.020503,0.75893,-0.19297,-1.1169,8.3618,-4.9977,0.003122,-0.004084,-0.005135,0.31829,-0.46526,0.72537,-0.95027,-9.366,-2.6854,-0.006254,0.005285,-0.00278,-0.37376,0.5047,-0.31855
-2.9696,1.7797,9.2156,0.000433,0.005506,-0.011437,0.31871,0.36743,-0.75276,-1.2007,7.3568,6.3834,0.006619,-0.011768,0.005238,0.21958,-0.62331,-1.2143,-1.496,-6.3118,7.4207,-0.009615,0.003631,-0.007945,0.019453,0.75768,-0.19374,-1.1019,8.3542,-4.9674,-0.001242,0.024082,-0.006704,0.31718,-0.46537,0.72532,-0.94279,-9.381,-2.6704,0.000154,-0.000238,-0.010976,-0.37513,0.50338,-0.32097
-2.9697,1.7648,9.2379,-0.006736,0.024441,-0.006967,0.31937,0.36585,-0.75313,-1.1863,7.3717,6.3155,0.0123,0.007529,-0.012487,0.21993,-0.62419,-1.2152,-1.4742,-6.2707,7.4545,0.0029,0.000949,-0.009693,0.01989,0.75794,-0.19512,-1.1093,8.3466,-4.9526,-0.000342,0.010001,-0.008568,0.31745,-0.46549,0.72494,-0.95029,-9.3809,-2.678,-0.002767,-0.010724,0.002532,-0.373,0.50484,-0.31906
-2.9547,1.7648,9.2082,0.022312,0.030392,-0.016073,0.31978,0.36755,-0.75299,-1.1861,7.3763,6.3642,0.018272,-0.018908,-0.002005,0.21922,-0.62501,-1.2142,-1.4644,-6.2876,7.4207,0.013529,-0.003394,-0.005272,0.019168,0.75744,-0.19438,-1.1317,8.3466,-4.968,0.000525,0.027616,-0.005798,0.31833,-0.46517,0.72643,-0.9507,-9.3891,-2.684,0.010766,-0.003525,-0.001047,-0.37394,0.50469,-0.3197
-2.9996,1.7797,9.2751,-0.006786,0.020953,0.000343,0.3209,0.36673,-0.75239,-1.1936,7.3523,6.3106,0.008527,-0.004733,-7.6e-05,0.21982,-0.6242,-1.215,-1.5033,-6.3118,7.4352,0.000319,-0.004609,-0.013252,0.020461,0.7579,-0.19382,-1.1319,8.3767,-4.9981,0.011966,0.004717,-0.002422,0.31857,-0.46514,0.72539,-0.96567,-9.3815,-2.6842,-0.008147,-0.001853,-0.003697,-0.37405,0.50416,-0.31956
-2.9697,1.7943,9.2754,0.003149,0.01733,0.002199,0.32091,0.36686,-0.75226,-1.1959,7.3836,6.3641,0.009133,-0.029394,0.010463,0.21935,-0.62346,-1.2138,-1.4741,-6.307,7.4112,-0.002698,0.002138,0.002665,0.019698,0.75897,-0.19389,-1.1318,8.3616,-4.968,-0.000373,0.013533,-0.006775,0.31784,-0.46484,0.72456,-0.95069,-9.3891,-2.6691,0.000964,0.007046,-0.008188,-0.37379,0.5035,-0.31968
-2.9549,1.7573,9.2454,0.004149,0.037978,0.005759,0.32009,0.36595,-0.75228,-1.196,7.3765,6.3325,0.012915,-0.013563,0.001622,0.21914,-0.62329,-1.2153,-1.4644,-6.2974,7.4502,-0.010696,-0.001623,0.000885,0.020435,0.75791,-0.19433,-1.1017,8.3317,-4.9674,-0.005631,-0.012886,-0.012262,0.31786,-0.46409,0.72535,-0.97316,-9.3815,-2.6844,0.003722,-0.009217,-0.01553,-0.37361,0.50495,-0.3189
-3.0145,1.7651,9.26,-0.00493,0.020792,-0.0106,0.32161,0.36658,-0.75196,-1.1935,7.3619,6.3398,0.009637,0.000378,-0.021397,0.21968,-0.62265,-1.2147,-1.4887,-6.2972,7.4156,0.002993,-0.00186,-0.013237,0.020893,0.75686,-0.19529,-1.1168,8.3468,-4.9902,-0.003819,0.004723,-0.012136,0.31678,-0.46564,0.72557,-0.95068,-9.3816,-2.6765,-0.010092,-0.003454,0.00624,-0.37426,0.5047,-0.32051
-2.9845,1.7798,9.2304,0.005987,0.023288,-0.019714,0.32173,0.36685,-0.75209,-1.2057,7.3618,6.347,0.012115,-0.006545,-0.003672,0.22012,-0.62254,-1.2139,-1.5033,-6.3069,7.4254,-0.005891,-0.001977,-0.015019,0.01994,0.75818,-0.19411,-1.102,8.3618,-4.9899,-0.00591,0.002967,0.001972,0.31828,-0.46499,0.72511,-0.96564,-9.3666,-2.6767,-0.016966,-0.009406,-0.020911,-0.37412,0.50536,-0.32026
-2.9695,1.8093,9.2307,0.018589,0.025278,0.002185,0.31944,0.36686,-0.75177,-1.1911,7.3546,6.33,0.003025,-0.004604,0.014198,0.21732,-0.62253,-1.215,-1.5034,-6.2802,7.4298,0.00629,0.001221,-0.000865,0.019546,0.75885,-0.1944,-1.1169,8.3543,-4.9977,-0.004997,0.014416,0.002051,0.31743,-0.46598,0.72428,-0.96568,-9.389,-2.6843,-0.003576,-0.002824,-0.008237,-0.37369,0.50428,-0.31822
-2.9695,1.8093,9.2307,0.004014,0.014729,0.010418,0.32118,0.36502,-0.75237,-1.1862,7.3764,6.335,-0.004036,0.001532,0.007179,0.2192,-0.62422,-1.2143,-1.4937,-6.2536,7.4539,-0.013168,0.006279,-0.009704,0.020497,0.75893,-0.19309,-1.1168,8.3542,-4.9827,0.003113,0.013523,-0.003248,0.31776,-0.46527,0.72588,-0.98062,-9.374,-2.6695,-0.016161,-0.000252,-0.0118,-0.37316,0.50429,-0.31834
-2.9547,1.7942,9.2606,-0.006787,0.011846,-0.01147,0.32027,0.36586,-0.75405,-1.1935,7.3474,6.3251,0.019275,-0.009208,-0.004635,0.21807,-0.62211,-1.2156,-1.4595,-6.3022,7.4211,-0.013873,-0.010292,-0.016799,0.018937,0.75926,-0.19394,-1.1168,8.3467,-4.9827,-0.00211,-0.000558,-0.009525,0.31769,-0.46521,0.72429,-0.95819,-9.3815,-2.6991,0.000882,-0.00632,-0.004657,-0.37269,0.5051,-0.319
-2.9697,1.7944,9.2605,-0.010412,0.01188,-0.010564,0.32169,0.36529,-0.7529,-1.1936,7.3765,6.3301,0.008536,-0.002083,-5.9e-05,0.21865,-0.62382,-1.2148,-1.4765,-6.3022,7.4257,0.006379,-0.006157,-0.004407,0.01925,0.75794,-0.19275,-1.1168,8.3468,-4.9977,0.019503,0.01349,-0.020897,0.31825,-0.46509,0.72432,-0.96565,-9.3816,-2.6693,-0.00989,-0.008263,-0.010067,-0.3738,0.50535,-0.31958
-2.992,1.7798,9.2304,0.005007,0.025366,0.002163,0.32006,0.3657,-0.75283,-1.191,7.3569,6.3592,0.004959,-0.011883,-0.008975,0.2181,-0.62174,-1.215,-1.5058,-6.2923,7.4177,0.008391,-0.008221,-0.015015,0.019738,0.75831,-0.19311,-1.1168,8.3467,-4.9827,-0.010838,0.015293,-0.015592,0.31678,-0.46487,0.7257,-0.97311,-9.3591,-2.6768,-0.006435,-0.003508,0.002622,-0.37228,0.50523,-0.31886
-2.9995,1.7798,9.2452,0.009551,0.018899,-0.010571,0.32113,0.36649,-0.7532,-1.1813,7.357,6.3398,0.013813,-0.004664,0.008776,0.21809,-0.62122,-1.2151,-1.4887,-6.2826,7.4105,0.001095,-0.001738,-0.007938,0.020429,0.75791,-0.19445,-1.1318,8.3542,-4.983,-0.002033,0.011771,-0.012084,0.31797,-0.46445,0.72457,-0.95817,-9.3666,-2.699,0.002573,-0.003441,0.004402,-0.37293,0.50549,-0.31862
-2.9919,1.7947,9.2305,0.000502,0.021673,-0.008771,0.32268,0.36592,-0.75218,-1.1862,7.3812,6.3448,-0.002226,-0.008287,-0.003557,0.21877,-0.62162,-1.2147,-1.4985,-6.3118,7.4353,-0.009841,0.002993,0.002651,0.01994,0.75844,-0.19412,-1.1168,8.3467,-4.9827,-0.007703,0.015301,0.003821,0.31769,-0.46521,0.72416,-0.95069,-9.3816,-2.684,-0.014565,0.009078,0.006335,-0.37371,0.5047,-0.32023
-2.9695,1.7945,9.2157,0.009528,0.021716,-0.00055,0.321,0.36596,-0.7532,-1.1812,7.3521,6.3447,0.003246,0.000512,-0.007116,0.21994,-0.62238,-1.2149,-1.479,-6.2924,7.4328,0.001023,-0.006202,-0.004414,0.020713,0.75841,-0.19382,-1.1317,8.3541,-4.968,0.004845,0.011769,-0.001495,0.31914,-0.46631,0.72542,-0.97315,-9.3815,-2.6769,-0.017023,0.012291,-0.011717,-0.37425,0.50509,-0.32026
-2.9547,1.7944,9.2307,-0.001254,0.030622,-0.011544,0.31972,0.36469,-0.7542,-1.1666,7.3715,6.3473,0.012103,0.000597,0.003488,0.21895,-0.62397,-1.2141,-1.4936,-6.2827,7.4398,-0.001715,0.009289,-0.002622,0.02023,0.75921,-0.19337,-1.1017,8.3317,-4.9674,-0.000374,-0.01289,-0.008732,0.31776,-0.46553,0.72575,-0.97315,-9.3815,-2.6694,0.003604,0.005362,-0.003674,-0.37388,0.50363,-0.31915
-2.9546,1.8607,9.3207,0.013048,0.006525,0.002265,0.32042,0.36638,-0.75378,-1.1838,7.3571,6.3204,0.009329,-0.006423,0.008803,0.21842,-0.6219,-1.2139,-1.5131,-6.3093,7.435,-0.016607,0.004303,-0.015022,0.020198,0.75934,-0.194,-1.1392,8.3466,-4.9832,-0.00225,-0.004064,-0.003372,0.31875,-0.46518,0.72645,-0.95066,-9.3817,-2.6541,-0.008193,0.005403,0.000868,-0.37395,0.50509,-0.31984
-3.0594,1.7432,9.2744,-0.015729,0.039774,-0.003405,0.321,0.36583,-0.75307,-1.1957,7.3471,6.3834,-0.003913,-0.003063,-0.011524,0.21825,-0.62188,-1.2147,-1.4961,-6.2826,7.4153,0.000952,0.00661,-0.001741,0.019598,0.75845,-0.19338,-1.0869,8.3468,-4.9671,-0.00937,-0.005841,-0.003386,0.31895,-0.46384,0.72501,-0.96566,-9.3815,-2.6768,-0.008379,-0.01771,0.009765,-0.37388,0.50508,-0.31891
-2.9326,1.7349,9.2455,0.011287,0.009123,-0.004138,0.32083,0.36717,-0.75377,-1.206,7.3985,6.2912,0.012234,-0.003974,-0.014327,0.21811,-0.62291,-1.2149,-1.4863,-6.2706,7.4397,-0.007819,0.01269,-0.009684,0.019554,0.7582,-0.19426,-1.1019,8.3468,-4.9824,0.0005,0.02144,-0.00496,0.31956,-0.46314,0.72675,-0.94318,-9.3817,-2.6689,-0.006491,0.010074,0.009936,-0.37386,0.50429,-0.31876
-2.895,1.8087,9.2388,0.0133,0.044891,-0.010667,0.32072,0.36649,-0.75322,-1.1466,7.3226,6.4249,0.024788,-0.003154,-0.017979,0.21798,-0.62291,-1.215,-1.435,-6.3558,7.4419,-0.000835,-0.000688,-0.000865,0.020694,0.75842,-0.1942,-1.1914,8.3388,-4.9617,-0.005798,0.003008,-0.003322,0.31711,-0.46594,0.72664,-0.98065,-9.3814,-2.6845,-0.002683,-0.005505,-0.00825,-0.37392,0.50562,-0.31932
-2.9695,1.802,9.2158,0.009527,0.021717,-0.000549,0.31941,0.36556,-0.75245,-1.1915,7.4132,6.2574,0.010342,0.000598,0.001723,0.21943,-0.62188,-1.2145,-1.5034,-6.2243,7.3922,0.000923,0.010278,-0.000847,0.019338,0.75846,-0.19352,-1.0871,8.362,-5.0121,-0.000222,0.004703,-0.0139,0.31807,-0.46493,0.72695,-0.9507,-9.3966,-2.6691,0.00275,0.008882,-0.006371,-0.37284,0.5051,-0.31928
-3.0142,1.8098,9.208,0.000551,0.030625,-0.008812,0.32027,0.36744,-0.75393,-1.2325,7.3374,6.3783,-0.011125,-0.004791,-0.007035,0.21899,-0.62043,-1.2151,-1.5375,-6.3067,7.4395,-0.014584,0.018561,-0.027361,0.020839,0.75867,-0.19382,-1.1021,8.3844,-4.9975,0.002379,0.017033,-0.010278,0.31881,-0.4632,0.7254,-0.92068,-9.3593,-2.6834,-0.006376,0.014403,0.002718,-0.37276,0.50457,-0.32006
-2.9992,1.8097,9.2007,-0.006699,0.032516,-0.005181,0.31947,0.36534,-0.75381,-1.1933,7.3617,6.3835,0.016657,-0.004849,-0.010811,0.21758,-0.62226,-1.2151,-1.5081,-6.3311,7.4111,-0.016523,0.004213,-0.018555,0.020306,0.75921,-0.19437,-1.1018,8.3467,-4.9674,0.008638,0.015264,-0.012061,0.31885,-0.46579,0.7254,-0.95069,-9.3816,-2.684,-0.013683,0.006411,0.007219,-0.37292,0.50709,-0.31998
-2.9846,1.765,9.2303,-0.001291,0.030742,-0.001517,0.32099,0.3661,-0.75334,-1.1839,7.3524,6.2863,-0.000382,-0.004753,-0.004448,0.22037,-0.62169,-1.2163,-1.4668,-6.273,7.4009,-0.004361,-0.00802,-0.002651,0.020206,0.75843,-0.19385,-1.1315,8.324,-4.938,-0.005725,0.013541,-0.0059,0.31822,-0.46494,0.72722,-0.96564,-9.3666,-2.6767,-0.008187,0.001806,-5.5e-05,-0.37319,0.50589,-0.32024
-2.9545,1.824,9.2309,0.009568,0.035252,0.005779,0.32125,0.36538,-0.75606,-1.1665,7.3714,6.3691,0.022852,-0.011003,-0.007333,0.2194,-0.62225,-1.215,-1.4448,-6.3266,7.4364,-0.007161,0.001175,0.002664,0.019869,0.75935,-0.19301,-1.1615,8.324,-4.9686,0.006835,0.018817,-0.010274,0.31887,-0.46376,0.72645,-0.9806,-9.3591,-2.677,-0.006467,0.006445,0.007214,-0.37371,0.50523,-0.32011
-2.9921,1.7723,9.2602,-0.008518,0.030728,-0.006998,0.32219,0.36584,-0.75384,-1.1863,7.3523,6.3106,0.01205,-0.002007,0.008802,0.2179,-0.62378,-1.2166,-1.4863,-6.2875,7.4277,0.000206,-0.006296,-0.007949,0.020292,0.75974,-0.19464,-1.1095,8.3619,-5.0126,-0.00646,0.007363,-0.012998,0.31806,-0.46453,0.72668,-0.97313,-9.3666,-2.6769,-0.000906,0.001742,-0.004592,-0.37429,0.50364,-0.32103
-2.9696,1.7944,9.2456,-0.006709,0.028903,-0.008809,0.3218,0.36636,-0.75345,-1.1811,7.3713,6.3885,0.021016,-0.010078,-0.001979,0.21979,-0.62341,-1.2154,-1.4936,-6.3118,7.4305,-0.004294,-0.001739,-0.006183,0.019959,0.75844,-0.19374,-1.1167,8.3317,-4.9827,-0.006633,0.007372,-0.005061,0.31776,-0.46426,0.7264,-0.95067,-9.3741,-2.6765,0.004538,0.010718,-0.004555,-0.37395,0.50496,-0.31984
-3.0068,1.7948,9.2304,-0.006701,0.032521,-0.005181,0.32227,0.36487,-0.75233,-1.1862,7.3474,6.3252,0.017536,-0.003025,-0.005476,0.2191,-0.62158,-1.2157,-1.5131,-6.2801,7.4272,-0.008765,0.00278,-0.006181,0.01997,0.75948,-0.19351,-1.1093,8.3541,-4.9526,-0.003814,0.015284,-0.012059,0.31911,-0.46425,0.72554,-0.95816,-9.3816,-2.6692,0.009746,0.007449,0.009885,-0.37365,0.5039,-0.31955
-3.0291,1.8024,9.2153,-0.008565,0.024505,-0.001504,0.32211,0.36686,-0.75262,-1.1958,7.3569,6.364,0.007615,-0.013641,-0.007228,0.21904,-0.62363,-1.2171,-1.5033,-6.3044,7.4058,-0.01323,-0.000874,-0.00531,0.019184,0.75964,-0.19406,-1.087,8.3619,-4.9971,0.003045,-0.015539,-0.002569,0.31902,-0.46403,0.72672,-0.94316,-9.3667,-2.6689,0.006261,4.1e-05,-0.001017,-0.37368,0.50549,-0.31971
-3.0142,1.8098,9.208,-0.008495,0.039767,0.000256,0.32347,0.36777,-0.75257,-1.2351,7.3788,6.3444,0.012137,-0.003015,-0.003656,0.21912,-0.62289,-1.2157,-1.4936,-6.2899,7.4301,0.008254,-0.006249,-0.008825,0.019782,0.75807,-0.19475,-1.1094,8.3618,-4.9901,-0.002087,0.002959,-0.010381,0.31976,-0.46434,0.72439,-0.98064,-9.3815,-2.677,-0.001036,0.007343,0.006303,-0.3725,0.50522,-0.3182
-2.9994,1.7947,9.2379,-0.004918,0.021664,-0.012427,0.32236,0.36674,-0.75302,-1.2009,7.3667,6.3373,0.010389,0.002298,-0.00361,0.21879,-0.62337,-1.217,-1.4912,-6.2827,7.4398,-0.002514,-0.004454,-0.006183,0.019704,0.7591,-0.19377,-1.1317,8.3466,-4.968,0.000717,0.017047,-0.015578,0.31859,-0.46452,0.72618,-0.96566,-9.3815,-2.6768,0.007975,0.001994,0.006239,-0.37325,0.50364,-0.31966
-2.9696,1.7945,9.2306,-0.004936,0.027199,-0.000592,0.3221,0.36753,-0.7529,-1.1936,7.3837,6.3301,0.003231,-0.001254,-0.007123,0.21928,-0.62394,-1.2153,-1.479,-6.2876,7.4156,0.002987,0.000865,-0.013228,0.020712,0.75919,-0.19385,-1.1392,8.3466,-4.9607,0.001451,0.017054,-0.008518,0.31932,-0.46571,0.72661,-0.96568,-9.3815,-2.6992,-0.00635,-0.001827,-0.002797,-0.3727,0.50404,-0.31938
-2.9696,1.7797,9.2305,-0.00318,0.012787,-0.005088,0.32342,0.36674,-0.75366,-1.2058,7.3643,6.33,0.008564,-0.008343,-0.008099,0.21982,-0.62342,-1.2148,-1.4742,-6.319,7.4482,0.001281,-0.011746,-0.012372,0.020462,0.75975,-0.19433,-1.1168,8.3467,-4.9677,0.000325,0.011769,0.002033,0.31913,-0.4649,0.72581,-0.95067,-9.3741,-2.684,0.01172,0.005405,-0.0028,-0.37301,0.50497,-0.31981
-2.9995,1.7724,9.2452,0.004114,0.028063,0.002149,0.32267,0.36658,-0.75232,-1.2009,7.3764,6.3398,0.00851,-0.011855,-0.005447,0.21915,-0.62342,-1.2151,-1.5084,-6.2677,7.4102,-0.016813,-0.004304,-0.0009,0.020226,0.76041,-0.19398,-1.1019,8.3468,-4.9824,-0.000365,0.013518,-0.00678,0.31733,-0.4636,0.72612,-0.95065,-9.3667,-2.6765,0.000774,0.000134,0.004428,-0.37286,0.50643,-0.32104
-2.9994,1.7947,9.2304,0.006766,0.016413,0.004027,0.32185,0.36686,-0.75249,-1.2106,7.3425,6.3323,0.008351,-0.01347,0.012324,0.21912,-0.62405,-1.2158,-1.5133,-6.2872,7.4398,0.011809,-0.005976,-0.004407,0.019708,0.75965,-0.19424,-1.1168,8.3468,-4.9977,-0.000443,0.010006,-0.003275,0.31733,-0.46437,0.72599,-0.97315,-9.3815,-2.6769,0.006321,0.016164,-0.0018,-0.37378,0.5055,-0.32105
-2.992,1.7946,9.2454,-0.008631,0.011055,-0.003265,0.32231,0.36742,-0.75398,-1.2302,7.3715,6.3444,0.010401,-0.002175,-0.008973,0.21981,-0.62368,-1.2151,-1.4986,-6.2969,7.4108,-0.005846,-0.001808,-0.013247,0.019454,0.75953,-0.19425,-1.1317,8.3467,-4.983,-0.000383,0.002969,-0.006853,0.31875,-0.46429,0.72684,-0.9507,-9.3815,-2.6989,0.008116,-0.001815,-0.004648,-0.37209,0.50445,-0.32004
-2.9846,1.7797,9.2453,-0.004132,0.009302,0.002221,0.32219,0.36676,-0.75371,-1.1813,7.3644,6.3228,0.002202,-0.00111,0.008891,0.2189,-0.62343,-1.2149,-1.4742,-6.3019,7.4357,0.0033,-0.006567,-0.023839,0.018825,0.76059,-0.19418,-1.1318,8.3617,-4.983,0.003181,0.010007,-0.0068,0.31972,-0.46532,0.72637,-0.96564,-9.3666,-2.6767,0.006148,-0.005183,0.006195,-0.37297,0.50523,-0.31915
-2.9995,1.7945,9.2901,-0.004109,0.012861,-0.000529,0.32156,0.36792,-0.75279,-1.1935,7.3667,6.3446,0.012047,-0.002913,0.007021,0.22019,-0.62496,-1.2154,-1.4645,-6.2923,7.421,-0.00065,0.001133,-0.00616,0.019646,0.75912,-0.19296,-1.1318,8.3616,-4.968,-0.004146,0.020586,0.003862,0.31844,-0.46375,0.72617,-0.97311,-9.3591,-2.6768,-0.006341,0.003552,-0.002758,-0.37235,0.50458,-0.31992
-2.9397,1.809,9.2384,0.013225,0.032379,-0.00697,0.3215,0.36887,-0.75375,-1.1813,7.3861,6.3497,0.022808,-0.006506,0.001583,0.21965,-0.62237,-1.2154,-1.4938,-6.2873,7.4278,0.000304,-0.004375,-0.008827,0.020135,0.75832,-0.19329,-1.1093,8.3468,-4.9826,0.001381,0.017041,-0.004991,0.31869,-0.46525,0.72487,-0.96564,-9.3666,-2.6842,-0.008034,0.003378,-0.010899,-0.37236,0.50537,-0.31993
-2.9694,1.8021,9.1859,0.017406,-0.029376,0.00424,0.32139,0.36755,-0.75347,-1.2059,7.3669,6.3057,0.009447,-0.011882,-0.009014,0.21856,-0.62417,-1.2165,-1.4913,-6.3091,7.4209,-0.014262,0.00858,0.004429,0.018466,0.7593,-0.19379,-1.1317,8.3467,-4.983,0.007497,-0.000558,-0.001583,0.31897,-0.46552,0.72501,-0.97313,-9.3666,-2.6769,-0.01725,0.00183,0.002684,-0.37364,0.50484,-0.32103
-2.9247,1.8311,9.2387,-0.024869,0.025548,-0.001518,0.32057,0.36769,-0.75351,-1.1641,7.3957,6.3668,0.012986,0.002378,0.005272,0.21908,-0.62261,-1.2162,-1.5328,-6.2773,7.4271,-0.009656,-0.006079,-0.001787,0.019094,0.75902,-0.19387,-1.1019,8.3617,-4.9674,0.012144,0.01086,-0.010324,0.31959,-0.46584,0.72649,-0.96563,-9.3666,-2.6693,-0.01526,-0.001149,-0.011815,-0.37251,0.50537,-0.3202
-3.0146,1.7356,9.2299,-0.00682,0.009225,-0.004172,0.32129,0.36819,-0.7528,-1.24,7.357,6.3443,0.008496,-0.01185,-0.003677,0.2186,-0.62418,-1.2158,-1.4596,-6.3117,7.4165,-0.013088,-0.006296,-0.007956,0.019759,0.75925,-0.19321,-1.1167,8.3316,-4.9602,-0.009264,0.020579,-0.005851,0.31944,-0.46442,0.72661,-0.96565,-9.3816,-2.6693,-0.008069,0.005225,-0.008172,-0.37155,0.50485,-0.3199
-2.8727,1.7936,9.2463,0.000599,0.037769,-0.014299,0.32157,0.36792,-0.75251,-1.1862,7.3764,6.3447,0.015695,-0.006544,-0.003696,0.21964,-0.62469,-1.216,-1.4376,-6.3604,7.4471,0.001172,0.017437,-0.008773,0.019656,0.76016,-0.19274,-1.1689,8.3165,-4.9687,0.015575,-0.002313,-0.005128,0.32016,-0.46611,0.72665,-0.96569,-9.3965,-2.6843,0.000993,-0.000192,-0.011848,-0.37357,0.50538,-0.32184
-2.9697,1.7943,9.2679,0.005883,0.016343,-0.003265,0.32042,0.36823,-0.75379,-1.1717,7.4153,6.311,-0.005902,-0.019743,-0.001804,0.21942,-0.6242,-1.2151,-1.5547,-6.2431,7.3772,0.001421,-0.00097,-0.019429,0.019288,0.76069,-0.19252,-1.0945,8.3842,-4.9598,0.00478,0.002951,0.000214,0.31969,-0.46542,0.72557,-0.94317,-9.3667,-2.6838,-0.007437,-0.001561,0.010764,-0.37156,0.50498,-0.32003
-3.0143,1.8022,9.2453,-0.003245,0.011176,0.009507,0.32035,0.36826,-0.75502,-1.2252,7.3086,6.3345,0.005834,-0.004736,0.000824,0.2192,-0.62364,-1.2166,-1.523,-6.3041,7.4106,0.001148,-0.004285,-0.006186,0.018592,0.75956,-0.19379,-1.087,8.3618,-4.9821,-0.002143,0.00471,-0.007722,0.31888,-0.46555,0.72606,-0.96568,-9.3965,-2.6693,0.004373,0.005566,0.006272,-0.37212,0.50419,-0.32057
-2.9621,1.8019,9.2158,0.003089,0.005688,0.004071,0.31962,0.37006,-0.75329,-1.2057,7.3909,6.3593,0.012141,0.005882,0.002622,0.21808,-0.62406,-1.2157,-1.4913,-6.3043,7.4306,0.015491,-0.004271,-0.009694,0.020381,0.75923,-0.19343,-1.1168,8.3542,-4.9677,-0.012996,-0.001418,0.000176,0.31831,-0.46578,0.72551,-0.97317,-9.3889,-2.6844,-0.001025,0.001927,0.004455,-0.37324,0.50524,-0.32103
-2.9399,1.7719,9.2606,-0.012198,0.030953,0.007593,0.32016,0.36874,-0.75339,-1.1813,7.3595,6.3204,0.00682,-0.001256,-0.007154,0.21978,-0.62405,-1.2156,-1.4524,-6.2729,7.4355,-0.013897,0.00538,-0.013227,0.019772,0.75938,-0.19296,-1.1167,8.3466,-4.9527,0.011235,-0.000575,-0.010405,0.31971,-0.46391,0.72662,-0.99563,-9.3889,-2.6698,-0.006354,-0.00813,-0.004634,-0.37208,0.50526,-0.32166
-2.9099,1.8088,9.2461,-0.003117,0.028986,-0.001502,0.31989,0.3698,-0.75341,-1.196,7.3909,6.3569,0.006642,-0.006442,0.00705,0.21797,-0.62407,-1.2153,-1.4742,-6.2922,7.4086,-0.020197,-0.000937,-0.009722,0.019143,0.75942,-0.1954,-1.1617,8.3541,-4.9836,-0.000179,0.000337,-0.016575,0.3185,-0.46367,0.72762,-0.96567,-9.3815,-2.6842,0.000772,-0.008861,0.002566,-0.3724,0.50538,-0.32047
-2.9399,1.7719,9.2531,-0.010366,0.023582,-0.006965,0.32015,0.36823,-0.75366,-1.1765,7.3621,6.2961,0.021073,-0.005641,-0.001959,0.21924,-0.62327,-1.2159,-1.4766,-6.3213,7.4018,0.00096,0.013184,0.00181,0.018946,0.75994,-0.19428,-1.1169,8.3543,-4.9977,0.010168,0.022318,0.000342,0.31987,-0.46342,0.72729,-0.96566,-9.374,-2.6842,-0.000939,-0.001808,-0.00281,-0.37223,0.5055,-0.31993
-2.9325,1.7718,9.2755,-0.010317,0.032529,-0.008825,0.31949,0.36934,-0.75588,-1.1812,7.3812,6.3594,0.013917,-0.012791,-0.010827,0.21675,-0.62289,-1.2161,-1.4596,-6.2996,7.4261,-0.006,-0.000734,-0.006169,0.018958,0.76072,-0.19405,-1.1318,8.3467,-4.9905,-0.005932,0.010024,0.003784,0.3179,-0.46363,0.72667,-0.96564,-9.3666,-2.6842,-0.002723,0.005356,-0.002758,-0.37234,0.50631,-0.32128
-2.9696,1.7944,9.2456,0.006827,0.023501,-0.003295,0.32071,0.36927,-0.75338,-1.1862,7.345,6.3106,0.015671,-0.016292,-0.00731,0.21872,-0.62327,-1.2158,-1.4938,-6.28,7.4155,-0.009598,-0.006161,-0.004426,0.019872,0.76016,-0.19348,-1.1168,8.3467,-4.9827,-0.011051,0.002976,-0.006854,0.31917,-0.46392,0.72713,-0.95818,-9.3815,-2.6841,-0.000779,-0.005653,-0.015502,-0.37208,0.50579,-0.32153
-2.9922,1.7502,9.2451,0.009556,0.031645,0.004877,0.32133,0.36837,-0.75457,-1.1861,7.357,6.3471,-0.003946,-0.001232,-0.005287,0.2191,-0.62379,-1.216,-1.4986,-6.3163,7.416,0.004869,-0.006267,-0.013246,0.018737,0.76007,-0.19341,-1.1168,8.3467,-4.9827,0.014812,0.006462,-0.010357,0.31943,-0.46416,0.72648,-0.95068,-9.3816,-2.6765,-0.006217,-0.012845,-0.01554,-0.37267,0.50458,-0.32073
-2.9547,1.7795,9.2307,-0.00409,0.009165,-0.00872,0.32029,0.36967,-0.75353,-1.1959,7.3714,6.3641,0.016605,0.00055,-0.000111,0.21881,-0.62248,-1.2163,-1.4937,-6.3091,7.4355,0.020756,-0.007751,-0.00528,0.017709,0.76089,-0.19374,-1.1318,8.3617,-4.983,-0.012978,0.007391,0.000239,0.31817,-0.46489,0.7259,-0.95817,-9.3666,-2.699,-0.001083,0.005619,0.009899,-0.37125,0.50645,-0.32098
-2.9548,1.7795,9.2381,0.011386,0.025192,-0.008768,0.31982,0.3697,-0.75464,-1.1912,7.3717,6.3107,0.012226,0.001373,-0.008963,0.21859,-0.62457,-1.2161,-1.4646,-6.2777,7.455,0.008445,0.001886,-0.014979,0.019407,0.76084,-0.19517,-1.1168,8.3468,-4.9902,-0.013671,0.006499,-0.008595,0.31925,-0.46577,0.72832,-0.99559,-9.3665,-2.6698,-0.00455,-2.1e-05,-0.002776,-0.37165,0.50645,-0.321
-2.9249,1.794,9.2608,0.004188,0.039667,-0.003363,0.32026,0.36889,-0.75407,-1.1886,7.3836,6.3496,0.006835,-0.008409,-0.016081,0.21829,-0.62455,-1.2169,-1.4597,-6.2826,7.4503,-0.018382,-0.004617,-0.011489,0.017991,0.75931,-0.19318,-1.1392,8.3466,-4.9607,-0.007203,0.010017,-0.020039,0.3192,-0.46496,0.72726,-0.98062,-9.3665,-2.677,-0.00373,-0.004392,0.002613,-0.37157,0.50512,-0.32017
-2.9698,1.7647,9.2603,0.004107,0.027177,0.002157,0.32109,0.36888,-0.75391,-1.2033,7.3619,6.3324,0.00871,0.011092,-0.008885,0.21842,-0.62416,-1.2167,-1.4937,-6.3261,7.4016,-0.009741,-0.002339,0.002643,0.01819,0.76088,-0.19422,-1.1168,8.3542,-4.9827,0.00335,0.017917,-0.013806,0.31989,-0.46396,0.72782,-0.98064,-9.3815,-2.677,-0.008925,0.01236,-0.009924,-0.37261,0.50499,-0.32153
-2.9697,1.7796,9.2604,0.009604,0.034217,-0.005161,0.3203,0.36993,-0.7534,-1.1911,7.3764,6.3496,0.005048,0.009392,-0.001746,0.21724,-0.62352,-1.2168,-1.4986,-6.2921,7.4352,-0.002431,-0.002509,-0.006179,0.019574,0.76018,-0.19438,-1.1169,8.3618,-4.9902,-0.012856,-0.000542,-0.005994,0.31906,-0.46534,0.72726,-0.96564,-9.3666,-2.6842,0.003423,-0.003363,0.008022,-0.37157,0.50513,-0.3219
-2.9696,1.7945,9.2306,0.000456,0.02183,0.003086,0.32028,0.36915,-0.7538,-1.1862,7.357,6.3349,0.013957,-0.006587,-0.00902,0.21801,-0.62299,-1.2168,-1.4792,-6.2728,7.4351,-0.013372,0.003124,0.004425,0.019373,0.75913,-0.19335,-1.1168,8.3468,-4.9902,-0.01269,0.015298,-0.012063,0.31933,-0.46483,0.72727,-0.96567,-9.3815,-2.6842,-0.009967,0.013469,0.000932,-0.37182,0.50447,-0.32177
-2.9697,1.7944,9.2605,0.007714,0.018086,-0.006006,0.32195,0.36754,-0.75318,-1.196,7.3546,6.33,-0.002061,0.004906,-0.010608,0.21832,-0.62276,-1.2158,-1.4791,-6.3213,7.436,-0.00088,-0.005845,0.0053,0.019357,0.76096,-0.19366,-1.1467,8.3466,-4.9908,-0.003406,0.017075,0.010893,0.32158,-0.46514,0.7279,-0.95815,-9.3666,-2.6766,-0.018941,0.007049,-0.004519,-0.37278,0.50524,-0.32021
-2.9547,1.7944,9.2307,-0.009539,0.011078,-0.002352,0.32141,0.36912,-0.75294,-1.1666,7.357,6.3375,0.012298,0.011978,-0.008904,0.21828,-0.62299,-1.2166,-1.4693,-6.3214,7.4215,0.003871,-0.011607,-0.007951,0.018323,0.761,-0.19409,-1.1318,8.3542,-4.998,-0.006616,-0.004065,-0.006902,0.32011,-0.46556,0.72572,-0.96564,-9.3666,-2.6842,0.006451,0.014168,-0.011767,-0.37314,0.50511,-0.32155
-2.9623,1.7941,9.3053,0.004154,0.031569,-0.006066,0.32035,0.36944,-0.75489,-1.1763,7.3521,6.3495,0.009516,0.00762,-0.001793,0.21754,-0.62392,-1.2161,-1.4743,-6.2777,7.4475,-0.000422,-0.008235,-0.016779,0.018375,0.76047,-0.19306,-1.1018,8.3467,-4.9524,0.001286,0.01176,-0.001497,0.32086,-0.46485,0.72734,-0.97313,-9.3816,-2.6545,-0.008119,-0.001907,-0.006407,-0.37209,0.50645,-0.32155
-2.9322,1.8238,9.2311,0.013153,0.021683,-0.002363,0.32197,0.36904,-0.75524,-1.1863,7.391,6.3278,0.001322,-0.010032,-0.000928,0.21818,-0.62262,-1.216,-1.484,-6.3019,7.4356,0.006901,-0.00294,-0.025596,0.019371,0.76017,-0.19338,-1.1169,8.3692,-4.9677,0.00473,0.014406,0.003821,0.31894,-0.46459,0.72791,-0.98065,-9.3965,-2.6546,-0.002905,-0.012383,0.006177,-0.37235,0.50684,-0.32143
-3.0215,1.7952,9.1482,0.018326,-0.037636,-0.008499,0.32183,0.36904,-0.75524,-1.1862,7.3402,6.3081,0.003042,-0.009949,0.008832,0.21708,-0.6226,-1.2171,-1.4888,-6.3115,7.4063,-0.000435,-0.000925,-0.015887,0.01944,0.76107,-0.19201,-1.1168,8.3468,-4.9902,-0.002059,0.038172,-0.008373,0.31943,-0.46504,0.72609,-0.98062,-9.3665,-2.6844,-0.00629,-0.012726,-0.010099,-0.37172,0.50632,-0.32193
-2.9024,1.8309,9.2612,-0.02121,0.023578,-0.014269,0.32113,0.36952,-0.75309,-1.164,7.3714,6.374,0.012051,-0.010043,-0.000124,0.21753,-0.62289,-1.216,-1.5328,-6.2604,7.4341,-0.000535,-0.006255,-0.01149,0.018884,0.75954,-0.19301,-1.0872,8.3844,-4.9972,0.00139,0.014389,-0.005885,0.31928,-0.46428,0.72634,-0.96564,-9.3666,-2.6842,-0.004482,0.012483,-0.004515,-0.37088,0.50659,-0.32138
-2.9697,1.7648,9.2454,0.020233,0.002128,0.015053,0.32151,0.36834,-0.75361,-1.2277,7.3521,6.3614,-0.003915,-0.00395,-0.011534,0.21727,-0.62224,-1.216,-1.4498,-6.319,7.4119,-0.00965,0.008421,-0.002621,0.020238,0.76092,-0.19374,-1.1317,8.3391,-4.968,0.006509,0.010009,0.003785,0.31778,-0.46504,0.72654,-0.98062,-9.3665,-2.677,-0.006511,-0.004292,0.008047,-0.37238,0.50471,-0.32032
-2.9024,1.8088,9.2312,0.020431,0.026993,-0.004197,0.32002,0.36665,-0.75366,-1.157,7.3669,6.3011,0.035382,-0.001191,0.003286,0.21694,-0.62363,-1.2175,-1.4352,-6.3507,7.4518,0.003996,0.002746,-0.014981,0.019246,0.75927,-0.19336,-1.1616,8.3391,-4.9836,-0.009326,-0.006686,-0.005157,0.32005,-0.46435,0.72796,-0.98064,-9.3815,-2.677,-0.015445,0.001839,0.002684,-0.37275,0.50551,-0.32155
-3.0218,1.8096,9.2602,0.004127,0.032568,0.003954,0.32105,0.36784,-0.75458,-1.1863,7.4152,6.3498,-0.000528,-0.008202,0.006215,0.21859,-0.62289,-1.2157,-1.5328,-6.253,7.39,-0.000456,-0.002701,-0.015014,0.018266,0.76164,-0.19272,-1.1022,8.4069,-4.9975,0.00158,0.006469,-0.015642,0.32044,-0.46485,0.72732,-0.9507,-9.3815,-2.6989,-0.002945,-0.001505,0.012567,-0.37293,0.50603,-0.32036
-3.0143,1.7948,9.2303,0.013153,0.027144,0.005812,0.31963,0.36855,-0.75574,-1.2251,7.2988,6.3563,0.008559,0.002333,0.001728,0.21668,-0.6204,-1.2169,-1.518,-6.3381,7.4357,-0.016721,-0.011673,-0.004458,0.019009,0.76058,-0.19304,-1.0798,8.4069,-4.997,-0.017082,0.010002,-0.015619,0.32031,-0.46523,0.72732,-0.95067,-9.3816,-2.669,0.00265,3e-05,-0.001004,-0.37202,0.50578,-0.32073
-2.9696,1.7945,9.2306,0.005899,0.020849,-0.00055,0.32025,0.36666,-0.75433,-1.1738,7.3617,6.3788,0.021011,-0.009175,-0.000196,0.21749,-0.62105,-1.2166,-1.5132,-6.2969,7.4301,-0.007758,-0.006209,-0.007081,0.018329,0.76126,-0.19397,-1.1167,8.3316,-4.9527,0.003084,0.020567,-0.001438,0.31928,-0.46554,0.72569,-0.96568,-9.3815,-2.6992,-0.002635,0.008832,-0.008162,-0.37236,0.50552,-0.32167
-2.9547,1.7943,9.2457,-0.000362,0.036126,-0.001534,0.32151,0.36729,-0.75374,-1.1863,7.3645,6.3034,0.012026,-0.011772,0.003417,0.21784,-0.62265,-1.2152,-1.4645,-6.2801,7.411,-0.009678,-0.002442,-0.000877,0.017278,0.76066,-0.19477,-1.1316,8.3315,-4.953,0.019187,0.034635,-0.004867,0.31922,-0.46561,0.72753,-0.98062,-9.374,-2.6695,0.000686,-0.003332,0.009846,-0.37288,0.50498,-0.32168
-2.9323,1.7941,9.2458,0.005922,0.028068,0.002159,0.32084,0.36637,-0.75362,-1.1713,7.3568,6.3763,0.005093,-0.001339,-0.016029,0.21778,-0.62262,-1.2163,-1.4596,-6.3166,7.4411,-0.006124,-0.006034,0,0.018407,0.7601,-0.19495,-1.1617,8.3615,-4.9686,0.024451,0.018799,-0.003206,0.31787,-0.46487,0.72878,-0.96563,-9.3591,-2.6842,-0.00454,-0.018942,-0.007439,-0.37195,0.50471,-0.31991
-2.9547,1.7796,9.2157,-0.006749,0.021751,-0.006955,0.32142,0.36727,-0.75279,-1.1863,7.3644,6.3107,0.003994,-0.00467,0.006189,0.21762,-0.62157,-1.2166,-1.484,-6.2921,7.4085,0.00126,-0.006255,-0.011477,0.018775,0.76008,-0.19518,-1.102,8.3619,-4.9974,0.003372,0.007346,-0.015645,0.31934,-0.4637,0.72793,-0.96566,-9.3665,-2.6991,-0.007202,0.007096,-0.004545,-0.37268,0.50498,-0.32074
-2.9697,1.7795,9.2678,-0.007565,0.039681,-0.007944,0.32143,0.36825,-0.75511,-1.186,7.3713,6.3836,0.013911,-0.006564,-0.00546,0.21802,-0.62131,-1.2164,-1.4913,-6.3067,7.4331,0.002943,0.010222,-0.007913,0.019131,0.75979,-0.19313,-1.1392,8.3317,-4.9982,-0.002172,0.013538,-0.005018,0.31883,-0.46564,0.7283,-0.96571,-9.3964,-2.6992,0.002678,-0.000897,-0.002812,-0.3713,0.50499,-0.32016
-2.9993,1.8095,9.2305,0.000536,0.032497,-0.003346,0.32261,0.36793,-0.75343,-1.2058,7.3643,6.3373,0.018469,0.003154,-0.005451,0.21807,-0.62166,-1.218,-1.4986,-6.2726,7.4055,0.003259,-0.001959,-0.022066,0.018852,0.75955,-0.19365,-1.1019,8.3468,-4.9824,0.001241,0.01352,0.001161,0.31933,-0.46317,0.72779,-0.98064,-9.3815,-2.677,-0.000139,0.005554,0.006289,-0.3719,0.50499,-0.32098
-3.0068,1.7949,9.2005,0.005928,0.014371,-0.015119,0.32103,0.36746,-0.75513,-1.2007,7.3472,6.3591,0.008627,0.002264,-0.007154,0.2171,-0.62067,-1.2163,-1.4962,-6.2969,7.4206,-0.004403,0.001343,0.002659,0.018865,0.7598,-0.1934,-1.1019,8.3543,-4.9899,-0.007494,0.014407,-0.005891,0.32059,-0.46397,0.72785,-0.9507,-9.3815,-2.6989,-0.000931,-0.009018,-0.004674,-0.37158,0.50591,-0.32018
-2.9992,1.8318,9.2157,0.003221,0.025294,-0.004223,0.32203,0.36651,-0.75426,-1.1812,7.3618,6.3496,0.009452,-0.006559,-0.006314,0.21848,-0.6205,-1.2173,-1.4889,-6.2824,7.4058,-0.006038,0.001146,-0.004405,0.018319,0.75996,-0.19419,-1.1168,8.3542,-4.9827,-0.012702,0.032904,-0.010173,0.32004,-0.46409,0.72783,-0.98069,-9.3963,-2.6995,-0.004679,-0.001613,0.007157,-0.373,0.5067,-0.32118
-2.9547,1.7943,9.2457,-0.007669,0.027272,0.003054,0.32342,0.36701,-0.75366,-1.1764,7.3619,6.3326,0.012183,0.002302,-0.003621,0.2184,-0.6226,-1.2168,-1.4864,-6.2873,7.4206,-0.005928,0.001006,-0.009705,0.019231,0.76018,-0.19364,-1.1467,8.3466,-4.9833,0.001259,0.012661,0.000274,0.31991,-0.46397,0.72808,-1.0031,-9.3813,-2.6849,-0.003514,0.010594,-0.00994,-0.37088,0.50566,-0.32149
-2.9696,1.7945,9.2306,-0.001333,0.02906,0.006701,0.32257,0.36756,-0.75425,-1.1862,7.3667,6.3398,0.004012,-0.006481,0.001734,0.21861,-0.62179,-1.2175,-1.4694,-6.2923,7.4478,-0.00182,0.008719,0.006217,0.019474,0.7594,-0.19386,-1.1317,8.3465,-4.953,0.007461,0.017049,0.001189,0.31934,-0.46445,0.72753,-0.98066,-9.3814,-2.6994,0.003528,-0.001712,0.000804,-0.37156,0.5067,-0.31966
-2.9994,1.7947,9.2379,-0.001361,0.01639,-0.002367,0.32189,0.36664,-0.75427,-1.1861,7.3569,6.3544,0.00484,-0.00909,0.007047,0.21812,-0.62181,-1.2171,-1.4913,-6.2824,7.4253,-0.00964,-0.004298,-0.002655,0.019663,0.7599,-0.1926,-1.0869,8.3468,-4.9671,-0.005757,-0.01729,-0.006995,0.31951,-0.46525,0.72807,-0.96564,-9.3741,-2.6693,0.01529,0.001873,-0.001016,-0.37189,0.50459,-0.32097
-3.0218,1.7801,9.2301,-0.006716,0.030748,-0.003351,0.32259,0.36702,-0.75383,-1.2008,7.3667,6.3495,0.006782,-0.003017,-0.005386,0.21854,-0.62351,-1.2169,-1.5083,-6.3212,7.4258,-0.006096,0.004856,-0.001758,0.019941,0.76066,-0.1921,-1.1019,8.3468,-4.9824,-0.004032,0.004723,-0.00243,0.32033,-0.46538,0.72784,-0.95817,-9.3666,-2.699,0.004583,-0.000144,-0.010052,-0.37176,0.50421,-0.32283
-2.9994,1.7947,9.2304,0.002306,0.024417,-0.003309,0.32217,0.36755,-0.75399,-1.1959,7.3715,6.3592,0.023853,-0.003102,-0.012639,0.21743,-0.62245,-1.2179,-1.5083,-6.3066,7.4255,0.015569,-0.005265,-0.013234,0.019629,0.76146,-0.19328,-1.1094,8.3617,-4.9601,0.00131,0.00472,-0.003308,0.31877,-0.46418,0.72724,-0.96563,-9.3666,-2.6693,0.00694,0.007589,0.017132,-0.37147,0.50461,-0.32256
-2.9697,1.7723,9.2305,-0.011215,0.036158,-0.004288,0.32352,0.3686,-0.75421,-1.2009,7.3716,6.3398,0.017515,-0.004797,-0.005484,0.21865,-0.62181,-1.2169,-1.4864,-6.2922,7.4305,-0.003105,0.000845,-0.016768,0.019415,0.76081,-0.19251,-1.1317,8.3541,-4.968,0.006834,0.001197,-0.012157,0.3196,-0.46355,0.72754,-0.96568,-9.389,-2.6843,0.000992,0.003411,-0.01092,-0.37292,0.5067,-0.32184
-3.0143,1.7948,9.2452,0.007697,0.021785,0.004005,0.32258,0.36821,-0.75398,-1.1837,7.3667,6.3496,0.017596,0.002244,-0.009001,0.21789,-0.62196,-1.2165,-1.4742,-6.2971,7.421,0.004835,0.013734,-0.013196,0.019014,0.76148,-0.19293,-1.1317,8.3467,-4.983,-0.00024,0.008247,-0.012993,0.3191,-0.46474,0.72831,-0.98062,-9.3665,-2.677,0.003512,0.002805,0.002643,-0.37191,0.50605,-0.321
-2.9322,1.8238,9.2386,-0.010388,0.023653,-0.001491,0.32244,0.36821,-0.75412,-1.1814,7.3813,6.3302,0.015657,-0.010059,-0.001935,0.218,-0.62156,-1.2168,-1.4791,-6.3067,7.4113,0.006405,0.010387,-0.002605,0.019268,0.76121,-0.19291,-1.1168,8.3467,-4.9827,0.000806,-0.000569,-0.020996,0.32019,-0.46398,0.72836,-0.96564,-9.359,-2.6991,-0.017186,0.008944,1.4e-05,-0.37276,0.50604,-0.32156
-3.1481,1.7377,8.9752,0.002203,-0.003475,-0.003219,0.3215,0.36677,-0.75387,-1.1764,7.345,6.3155,0.003204,-0.006552,-0.007154,0.21813,-0.62285,-1.217,-1.4791,-6.2825,7.4255,0.003165,-0.017296,-0.016795,0.018255,0.76047,-0.19294,-1.1317,8.3466,-4.968,-0.0091,0.017061,-0.013814,0.31977,-0.46422,0.72808,-0.96564,-9.3666,-2.6842,0.000988,-0.001985,-0.011861,-0.37255,0.50538,-0.32074
-2.9327,1.7716,9.3278,-0.030383,0.011265,-0.001463,0.32289,0.36858,-0.75328,-1.1862,7.386,6.3545,0.013061,-0.003037,-0.007211,0.21917,-0.62323,-1.2171,-1.5231,-6.2458,7.4291,-0.000547,0.001019,-0.011471,0.017708,0.76128,-0.19375,-1.0571,8.362,-4.989,0.005163,-0.005883,-0.017503,0.32073,-0.46359,0.72812,-0.92072,-9.3817,-2.6835,-0.008102,-0.000128,-0.006419,-0.37059,0.50461,-0.32146
-3.0143,1.8242,9.2976,0.007674,0.007273,-0.010521,0.32069,0.36849,-0.75378,-1.2054,7.3276,6.4124,0.01654,-0.010085,-0.001952,0.21913,-0.62276,-1.2154,-1.4498,-6.3555,7.4199,-0.005907,-0.006286,-0.009716,0.018849,0.76163,-0.1937,-1.1615,8.339,-4.9686,-0.003676,0.023228,-0.0173,0.31907,-0.46472,0.72778,-0.98061,-9.3666,-2.6695,0.000972,-0.005567,-0.011878,-0.37228,0.50498,-0.32072
-2.8951,1.7717,9.2087,0.013129,0.016305,-0.002339,0.32093,0.36863,-0.75432,-1.1573,7.4059,6.2527,0.031863,0.011229,0.006942,0.21928,-0.62309,-1.2175,-1.4669,-6.3311,7.4217,0.00476,0.004748,-0.0088,0.019572,0.76158,-0.1919,-1.1169,8.3543,-4.9977,0.007028,-0.002338,-0.021007,0.31991,-0.46397,0.72822,-0.96567,-9.3815,-2.6842,0.013597,0.005305,-0.008225,-0.3718,0.50579,-0.32139
-3.0292,1.8023,9.2452,0.005935,0.02163,-0.008766,0.32108,0.36823,-0.75404,-1.1959,7.4102,6.3789,-0.004839,-0.004817,-0.010628,0.21901,-0.62231,-1.2175,-1.5328,-6.2482,7.4143,-0.00678,0.009136,-0.012348,0.018507,0.7615,-0.19296,-1.1168,8.3542,-4.9827,-0.0135,-0.002309,-0.017478,0.32046,-0.46423,0.72798,-0.96562,-9.3516,-2.6842,0.0054,0.005386,-0.002778,-0.37112,0.50579,-0.32123
-2.9994,1.7947,9.2453,-0.001425,0.012959,0.009503,0.32131,0.36864,-0.75485,-1.2301,7.3376,6.3491,0.013972,-0.002167,-0.007229,0.21879,-0.62247,-1.2167,-1.4961,-6.3285,7.4163,-0.000408,-0.006404,-0.016785,0.018508,0.76085,-0.19294,-1.0722,8.3695,-5.0119,-0.003153,0.008228,-0.001521,0.31986,-0.46456,0.72676,-0.96566,-9.3815,-2.6768,-0.009923,-0.003707,-0.006418,-0.37292,0.50499,-0.32221
-2.9697,1.7796,9.2604,-0.017688,0.011126,-0.003275,0.32149,0.36928,-0.75403,-1.1984,7.3836,6.3496,0.017477,-0.002983,-0.000136,0.2177,-0.62232,-1.2176,-1.4865,-6.2873,7.4304,-0.007004,-0.002414,-0.000881,0.019233,0.75927,-0.19362,-1.1167,8.3391,-4.9527,0.001464,0.002959,-0.010383,0.3206,-0.46449,0.72799,-0.96566,-9.3665,-2.6991,-0.011802,-0.001791,-7e-05,-0.37204,0.50591,-0.321
-2.9399,1.7941,9.2682,0.009428,-0.000739,-0.00592,0.32165,0.369,-0.75361,-1.1862,7.3716,6.3301,-0.000386,-0.006551,-0.007122,0.21792,-0.62275,-1.216,-1.4743,-6.28,7.3938,-0.012903,-0.005604,-0.016787,0.018387,0.76125,-0.19283,-1.1168,8.3467,-4.9827,-0.002149,0.010006,-0.006804,0.32017,-0.46447,0.72757,-0.9956,-9.3665,-2.6772,-0.002891,-0.008792,0.006206,-0.3721,0.50592,-0.3218
-2.9548,1.7647,9.2455,-0.006747,0.019919,-0.010594,0.32055,0.36836,-0.75392,-1.1788,7.3618,6.3496,0.010288,-0.002939,0.00348,0.21858,-0.62301,-1.216,-1.4742,-6.3117,7.4506,-0.014932,0.00465,-0.006174,0.018589,0.76138,-0.19384,-1.1466,8.3317,-4.9983,-0.004183,0.01179,0.005558,0.31938,-0.46475,0.72859,-0.98065,-9.3814,-2.6845,0.000855,-0.005382,-0.002831,-0.37146,0.50633,-0.32206
-2.9547,1.7944,9.2307,0.000429,0.013721,-0.000525,0.32032,0.36821,-0.75311,-1.1862,7.3764,6.3326,0.003235,-0.003036,-0.008911,0.21699,-0.62275,-1.2164,-1.4791,-6.297,7.4111,-0.007849,-0.005196,-0.002653,0.018748,0.7615,-0.1932,-1.1168,8.3468,-4.9902,-0.00745,0.027617,-0.006682,0.31905,-0.46368,0.72765,-0.97311,-9.3591,-2.6768,0.013664,0.012403,-0.011793,-0.37038,0.50554,-0.32201
