9.8227,-0.37487,0.44973,-0.007347,0.028585,0.012429,-0.34789,-0.11941,0.5258,0.24626,9.371,2.916,0.006291,0.007709,-0.009065,-0.42454,-0.45831,0.21674,3.2333,-7.2527,5.894,-0.01157,-0.008874,-0.008541,-0.49034,0.37996,0.19315,-9.1233,2.113,-2.9269,-0.006548,0.035423,-0.011599,0.48503,0.40284,0.033515,-8.8039,-1.8531,-3.9564,-0.012273,0.006913,-0.002207,0.36783,-0.3068,0.49979
9.8375,-0.38987,0.46466,0.000783,0.012192,-0.003903,-0.34581,-0.11705,0.52269,0.2659,9.3564,2.9209,0.006972,-0.011655,-0.00028,-0.42302,-0.45296,0.21466,3.2553,-7.2478,5.8161,0.010038,-0.00437,-0.017331,-0.48372,0.37659,0.19484,-9.116,2.158,-2.9193,-0.011097,0.00638,-0.010028,0.47574,0.40375,0.029334,-8.7591,-1.9506,-3.9111,-0.012257,-0.002138,-0.005901,0.3593,-0.30696,0.49342
9.7634,-0.35925,0.36732,-0.0065,0.007812,0.003391,-0.34194,-0.11506,0.51845,0.27558,9.3179,2.8673,0.001605,-0.011622,0.001537,-0.41996,-0.44824,0.21241,3.2772,-7.2114,5.7497,-0.002579,-0.014297,-0.010289,-0.4764,0.37231,0.19547,-9.0559,2.0908,-2.9255,0.006011,0.009843,-0.018842,0.47081,0.40372,0.025099,-8.7439,-1.8687,-3.8583,-0.006841,-0.005749,-0.007757,0.35139,-0.3074,0.49033
9.7037,-0.37362,0.37423,-0.002885,0.008716,0.007034,-0.34046,-0.11356,0.51413,0.28559,9.221,2.8548,0.016192,0.002357,-0.014526,-0.41705,-0.44139,0.21245,3.2552,-7.1506,5.7337,0.004775,0.011835,-0.022592,-0.47197,0.36904,0.19604,-9.0411,2.1282,-2.8802,0.011211,0.012476,-0.01352,0.46248,0.40348,0.020706,-8.7741,-1.973,-3.8815,-0.008582,-0.002233,-0.011329,0.34474,-0.30718,0.48674
9.7928,-0.38948,0.45687,0.000866,0.031047,-0.000341,-0.33779,-0.11143,0.50972,0.25104,9.3711,2.8868,0.025922,0.005984,-0.002122,-0.41414,-0.43755,0.20969,3.2455,-7.2284,5.8278,-0.011546,0.008368,-0.010265,-0.46736,0.36668,0.19521,-9.086,2.1208,-2.9562,0.009532,0.010734,-0.017065,0.45302,0.4048,0.01587,-8.8488,-1.8981,-3.8378,-0.001482,0.012373,-0.000364,0.33517,-0.30608,0.48252
9.8748,-0.39011,0.45002,-0.007335,0.019435,-0.00303,-0.33709,-0.11012,0.50788,0.25106,9.4025,2.9137,0.017931,0.023713,0.003378,-0.41217,-0.43454,0.20846,3.2456,-7.3062,5.8854,-0.00786,0.004614,-0.015576,-0.46202,0.36507,0.19403,-9.1309,2.1653,-2.8671,0.001275,0.017819,-0.006413,0.44612,0.40398,0.013226,-8.7592,-2.0027,-3.971,-0.008472,0.010243,-0.014871,0.32889,-0.30366,0.4789
9.8671,-0.43464,0.48697,0.008022,0.000314,-0.018431,-0.33488,-0.11006,0.50479,0.25621,9.3684,2.9549,0.007033,-0.008174,-0.005597,-0.40762,-0.43112,0.20709,3.2552,-7.2382,5.8697,0.005153,-0.003915,0.002094,-0.45691,0.36204,0.19312,-9.0861,2.1284,-2.9712,-0.006802,0.005482,-0.002102,0.43965,0.40314,0.00737,-8.7739,-1.8609,-3.8961,0.002043,-0.014483,0.001221,0.32254,-0.3015,0.47438
9.7335,-0.32971,0.44934,-0.008282,-0.001402,-0.018458,-0.33319,-0.10732,0.50179,0.21205,9.2888,2.8717,0.006971,-0.006298,0.006842,-0.40724,-0.42797,0.20512,3.2674,-7.1434,5.7606,-0.002744,-0.013201,-0.003218,-0.45231,0.36136,0.19224,-9.0708,2.1055,-2.8658,-0.006343,0.008986,-0.024137,0.42998,0.40128,0.002919,-8.7665,-1.9133,-3.8962,-0.019445,0.010384,-0.005798,0.31526,-0.29936,0.47138
9.8078,-0.35271,0.49452,0.011616,0.001282,-0.010225,-0.32918,-0.10604,0.50035,0.22417,9.3372,2.8768,0.010577,-0.008112,0.001476,-0.40302,-0.42433,0.20502,3.3089,-7.2043,5.777,-0.015125,-0.007096,-0.008513,-0.44742,0.3595,0.19192,-9.0932,2.0757,-2.9412,0.006206,0.028341,-0.025775,0.42322,0.4007,0.00041,-8.8115,-1.973,-3.8373,-0.006039,-0.003787,-0.000475,0.31012,-0.29873,0.46705
9.7854,-0.41887,0.41186,-0.031863,0.011657,0.008814,-0.32558,-0.10602,0.49837,0.25102,9.376,2.8844,0.001644,0.007901,0.011426,-0.40128,-0.42095,0.20428,3.2845,-7.1945,5.7569,-0.01488,0.006242,-0.020856,-0.44492,0.35735,0.19161,-9.071,2.1355,-2.8808,-0.006767,-0.001565,-0.005675,0.41607,0.40037,-0.00173,-8.759,-1.8683,-3.9557,-0.006724,0.009425,-0.011268,0.30462,-0.29657,0.46347
9.7778,-0.46304,0.35929,-0.011901,0.007752,-0.003915,-0.32341,-0.10582,0.49448,0.27575,9.3177,2.9111,0.011418,-0.015179,0.001439,-0.39927,-0.41808,0.20382,3.2894,-7.2334,5.8065,-0.00957,0.007232,-0.019085,-0.44167,0.35606,0.19131,-9.1004,2.0157,-2.9413,0.027148,0.013363,-0.008242,0.40979,0.39936,-0.002794,-8.8115,-1.9277,-3.9717,-0.001497,0.011548,0.003231,0.30074,-0.29323,0.46094
9.8382,-0.32267,0.33082,0.005364,0.007436,-0.020296,-0.32123,-0.10485,0.49085,0.31955,9.3905,2.8971,0.015889,-0.01695,-0.000369,-0.397,-0.41548,0.20325,3.2116,-7.34,5.8537,-0.014695,0.011483,-0.029713,-0.44123,0.35322,0.19003,-9.0866,2.248,-2.8963,-0.006723,0.005484,-0.00825,0.40104,0.39602,-0.005259,-8.6841,-1.9212,-3.8798,-0.002418,-0.0146,-0.002425,0.2942,-0.29044,0.45744
9.7185,-0.38867,0.40409,-0.015507,0.02411,0.011513,-0.31978,-0.10327,0.48824,0.28064,9.2573,2.8671,0.016039,0.00517,0.004168,-0.39615,-0.41063,0.20075,3.1819,-7.0872,5.7975,0.011528,0.003274,-0.004954,-0.43702,0.35191,0.1889,-9.0411,2.091,-2.9552,-0.018992,0.006349,-0.013576,0.39645,0.39305,-0.005465,-8.7739,-1.8609,-3.9111,0.014041,0.015776,-0.01127,0.29104,-0.28812,0.45379
9.7924,-0.47104,0.47871,0.027073,0.012824,-0.009348,-0.3175,-0.10273,0.48634,0.23164,9.3323,2.906,0.019791,0.018307,-0.00735,-0.39378,-0.41,0.20165,3.2065,-7.2185,5.8148,-0.023961,0.010008,-0.013819,-0.43587,0.35044,0.18926,-9.1012,2.1807,-2.9415,0.02209,0.021287,-0.022272,0.3893,0.39147,-0.004628,-8.774,-1.943,-3.9113,-0.028611,-0.009235,0.00043,0.28544,-0.2875,0.45036
9.8673,-0.4123,0.45728,0.002681,0.023741,-0.011244,-0.31639,-0.10309,0.48493,0.20231,9.3709,2.9424,0.01073,0.016618,0.001609,-0.39209,-0.40685,0.2,3.2187,-7.2406,5.9132,-0.004243,-0.002694,-0.018238,-0.43254,0.34723,0.18789,-9.0865,2.2109,-2.9713,0.014531,0.005456,-0.002966,0.38364,0.38913,-0.004368,-8.8119,-1.9884,-3.8956,-0.015949,0.006915,-0.003973,0.28217,-0.28604,0.44786
9.8377,-0.38963,0.40498,-0.016342,0.031187,0.001461,-0.31438,-0.10178,0.48302,0.22445,9.3417,2.9497,0.001614,-0.004562,0.00335,-0.38883,-0.40408,0.19871,3.226,-7.2672,5.8697,0.00257,-0.013113,-0.001471,-0.42952,0.34608,0.18807,-9.1011,2.1507,-2.9565,-0.018114,0.009019,-0.013543,0.37793,0.38758,-0.004758,-8.7148,-2.0933,-3.9391,0.009343,-0.009223,-0.007801,0.27973,-0.28269,0.44525
9.689,-0.35845,0.31454,-0.020935,0.019579,0.006958,-0.31328,-0.10086,0.48146,0.31967,9.2502,2.8284,-0.00548,-0.001863,0.003423,-0.38827,-0.40377,0.19706,3.2844,-7.124,5.7141,0.01596,-0.012998,-0.001423,-0.42858,0.34477,0.18665,-9.0704,2.0379,-2.8432,-0.00499,0.000193,-0.004799,0.37531,0.38428,-0.003708,-8.7142,-1.7496,-3.9755,-0.01403,0.021164,-0.007556,0.27483,-0.2822,0.44249
9.7262,-0.37356,0.31472,-0.000938,0.027398,-0.002165,-0.30915,-0.10047,0.47963,0.34889,9.2552,2.7946,0.046562,0.000646,-0.006768,-0.38342,-0.4039,0.19358,3.3333,-7.2091,5.6845,0.001885,-0.006995,-0.010252,-0.42555,0.34207,0.18689,-9.0701,1.978,-2.8582,0.023436,0.008959,-0.002101,0.37133,0.3805,-0.002591,-8.7369,-1.8692,-3.9164,-0.006803,0.015761,-0.010307,0.27089,-0.28015,0.43882
9.8676,-0.36771,0.42027,0.008258,0.06333,0.004097,-0.30873,-0.098506,0.47765,0.3242,9.4101,2.8462,0.019775,0.011244,-0.010919,-0.38523,-0.39904,0.19442,3.304,-7.2408,5.8093,-0.018389,-0.012041,-0.022664,-0.42351,0.33914,0.18758,-9.056,2.091,-2.9705,0.016576,0.008951,-0.013556,0.3676,0.37723,-0.001851,-8.8042,-1.8542,-3.8503,0.004673,-0.00183,0.003145,0.26942,-0.27705,0.43534
9.8527,-0.33076,0.47262,0.002698,0.041905,0.00692,-0.30717,-0.096656,0.47465,0.21681,9.3953,2.9111,0.015249,0.021926,0.001605,-0.38449,-0.39684,0.19416,3.2309,-7.2479,5.8841,-0.018687,0.004667,-0.010288,-0.42053,0.33669,0.18931,-9.1238,2.1808,-2.987,-0.017221,0.010788,-0.013525,0.36466,0.37349,-0.001978,-8.7597,-2.078,-3.9846,0.00036,0.010514,-0.005819,0.26558,-0.27423,0.43309
9.8374,-0.38275,0.53931,0.00088,0.034642,-0.002171,-0.3032,-0.094339,0.47241,0.19253,9.395,2.9619,0.014302,0.016609,0.001582,-0.38371,-0.39266,0.19258,3.2381,-7.2212,5.874,-0.001732,-0.000649,-0.010275,-0.41956,0.33408,0.18868,-9.1321,2.3606,-2.9573,-0.023654,0.010809,-0.006428,0.36201,0.36996,-0.001575,-8.7595,-1.9887,-3.8947,0.005668,-0.009153,-0.004157,0.26414,-0.2714,0.4317
9.7482,-0.37433,0.46409,-0.019038,0.043877,0.011429,-0.30034,-0.093706,0.46655,0.21214,9.2742,2.8862,0.012377,0.000776,0.008612,-0.3823,-0.3888,0.1931,3.2162,-7.1699,5.7848,-0.007874,0.001027,-0.014694,-0.41622,0.3311,0.18994,-9.0859,2.1206,-2.9186,0.009093,0.007227,0.002324,0.35865,0.36748,-0.001466,-8.7144,-1.8542,-3.9534,0.004207,0.027246,-0.020218,0.26204,-0.26985,0.42823
9.8155,-0.35976,0.39009,-0.031824,0.018821,0.007875,-0.29813,-0.09186,0.46345,0.29001,9.3907,2.8532,0.023132,-0.002787,0.003198,-0.38251,-0.38748,0.19177,3.2943,-7.2577,5.7753,-0.015221,0.003028,-0.004086,-0.413,0.32763,0.18907,-9.0554,1.9859,-2.9404,-0.004029,-0.005103,-0.006616,0.35626,0.36509,-0.001054,-8.7145,-1.914,-3.9386,-0.020389,0.001385,-0.009474,0.26143,-0.26882,0.42715
9.7928,-0.38951,0.46432,-0.015482,0.020384,-0.002141,-0.29784,-0.09079,0.46147,0.3243,9.3254,2.8142,0.007892,-0.000934,0.009553,-0.37837,-0.38431,0.19013,3.343,-7.1947,5.7431,-0.000744,0.000157,-0.01377,-0.41063,0.32638,0.18873,-9.0703,2.0006,-2.8807,0.005893,0.012495,-0.012663,0.35503,0.36274,-0.00214,-8.7444,-1.869,-3.9464,-0.006962,0.005212,-0.000425,0.25886,-0.26638,0.42624
9.8371,-0.44942,0.53887,0.011591,-0.005921,-0.013841,-0.29673,-0.087125,0.45751,0.26079,9.3374,2.8527,0.026022,0.020145,-0.000273,-0.37722,-0.38154,0.18795,3.3089,-7.2383,5.7776,-0.002431,0.010927,-0.019063,-0.40755,0.32264,0.18999,-9.1159,2.128,-2.9193,0.007795,0.00899,-0.019721,0.3501,0.36146,-0.003399,-8.7445,-1.9887,-3.9094,0.00744,0.002612,0.001337,0.25531,-0.26537,0.4243
9.8151,-0.40444,0.44948,-0.028111,0.041274,0.012345,-0.2967,-0.085801,0.45565,0.22175,9.3517,2.8939,0.016085,0.018437,0.00691,-0.37622,-0.37939,0.18538,3.2601,-7.2333,5.8305,-0.017672,0.002716,-0.015579,-0.40459,0.32151,0.1888,-9.1314,2.248,-2.9197,0.002983,0.003734,-0.004732,0.34731,0.35957,-0.00249,-8.7596,-2.0033,-3.9769,0.014622,0.009031,0.006795,0.25269,-0.26331,0.4208
9.8521,-0.45665,0.46434,-0.020954,0.008711,-0.007566,-0.29552,-0.084785,0.45542,0.21424,9.4389,2.9112,0.039376,0.007694,-0.005777,-0.37399,-0.37695,0.18158,3.2552,-7.2431,5.8795,-0.011362,0.002672,-0.019108,-0.40047,0.31852,0.18834,-9.1161,2.1582,-2.9493,0.005846,0.008997,-0.011774,0.34443,0.35651,-0.004167,-8.7146,-1.9588,-3.9537,-0.000646,0.010642,0.001395,0.25199,-0.26151,0.42048
9.8376,-0.37499,0.44984,0.013536,0.012763,-0.022128,-0.29367,-0.083784,0.45549,0.29527,9.3226,2.8966,0.004385,-0.002828,-0.00288,-0.37247,-0.3759,0.18113,3.2359,-7.3353,5.876,-0.004505,0.003102,-0.004982,-0.39779,0.31712,0.18902,-9.0709,2.0909,-2.9633,0.016396,-0.005121,-0.006594,0.34127,0.3547,-0.005602,-8.7145,-1.8989,-3.9983,0.000374,0.022189,-0.00396,0.24791,-0.26062,0.41644
9.7335,-0.3591,0.38947,-0.004592,0.007471,-0.022143,-0.294,-0.081838,0.4544,0.28518,9.2988,2.8041,0.021301,-0.002713,0.011201,-0.37161,-0.37388,0.17843,3.3039,-7.1557,5.7394,0.017043,-0.016868,-0.010259,-0.39351,0.31657,0.18926,-9.0705,2.0158,-2.9257,0.007537,0.007214,-0.006522,0.33581,0.35405,-0.0065,-8.7444,-1.8991,-3.8942,0.008343,-0.003697,-0.00052,0.24685,-0.25727,0.41505
9.7781,-0.38909,0.38961,0.009959,0.025398,-0.014901,-0.29103,-0.0803,0.45305,0.32923,9.335,2.8288,0.02156,-0.002977,-0.019911,-0.37091,-0.37358,0.17691,3.309,-7.2431,5.7239,-0.00879,-0.01711,-0.011179,-0.39079,0.31735,0.19088,-9.1158,2.0908,-2.9717,0.011221,-0.003337,-0.01364,0.33286,0.35106,-0.006629,-8.9391,-1.8833,-3.8825,-0.005574,-0.026552,0.021156,0.24297,-0.25368,0.41252
9.8224,-0.41214,0.50916,0.026164,0.003722,-0.022072,-0.28985,-0.078781,0.45309,0.31465,9.3325,2.853,0.008888,0.015855,0.010524,-0.36949,-0.3712,0.17501,3.2357,-7.1943,5.7806,-0.001445,-0.007319,-0.022649,-0.38741,0.31568,0.1906,-9.1164,2.2182,-2.9569,-0.013458,0.009015,-0.024117,0.32849,0.34876,-0.00786,-8.7595,-1.9436,-3.9544,0.018404,0.003371,-0.007726,0.24095,-0.25226,0.40997
9.8823,-0.36066,0.48011,0.026198,0.018201,-0.012096,-0.28903,-0.077651,0.4535,0.21682,9.3904,2.911,0.004314,0.011451,0.014977,-0.36934,-0.36858,0.17355,3.2651,-7.2771,5.8607,-0.015236,0.015738,-0.004955,-0.3841,0.31658,0.1915,-9.1163,2.1883,-2.9868,-0.010151,0.009896,-0.011765,0.32526,0.34653,-0.008005,-8.7446,-1.9884,-3.9991,0.005628,-0.015351,-0.000589,0.24002,-0.24926,0.40482
9.8078,-0.43357,0.33733,-0.009103,0.02934,0.003295,-0.28675,-0.075205,0.45186,0.21659,9.4245,2.8772,0.017718,-0.004551,0.005004,-0.36812,-0.36648,0.17241,3.2748,-7.2431,5.8456,-0.018718,0.004701,-0.008508,-0.38017,0.3172,0.19218,-9.0859,2.1206,-2.9186,0.002303,0.016029,-0.011733,0.32113,0.34501,-0.009743,-8.7968,-1.8688,-3.9473,-0.008625,0.005,-0.011252,0.23679,-0.248,0.40365
9.8374,-0.4269,0.46442,0.028027,0.025421,-0.005748,-0.28185,-0.075452,0.44966,0.32443,9.2939,2.8238,0.023312,0.012197,-0.002067,-0.3668,-0.36398,0.17102,3.2724,-7.2722,5.8119,-0.000469,-0.010151,-0.026184,-0.37588,0.3169,0.19254,-9.0708,2.0757,-2.9183,-0.004698,0.017788,-0.016143,0.31927,0.34324,-0.009308,-8.6846,-1.9138,-4.0277,-0.017493,0.015548,-0.018446,0.23651,-0.24411,0.40046
9.808,-0.35973,0.39749,0.031637,0.018146,-0.010276,-0.27913,-0.073663,0.44856,0.31196,9.3956,2.8363,0.006967,-0.013385,0.000611,-0.3661,-0.36189,0.17011,3.2773,-7.2527,5.7774,0.011796,-0.006131,-0.01556,-0.3735,0.31746,0.19239,-9.0858,2.0982,-2.9186,-0.003248,-0.002444,-0.003043,0.31383,0.34119,-0.010072,-8.7669,-1.8914,-3.9394,0.013797,-0.001912,-0.002321,0.23678,-0.24229,0.39913
9.8081,-0.33013,0.40515,0.040697,0.032649,0.007003,-0.27599,-0.071064,0.44562,0.28258,9.3715,2.8166,0.007188,0.0042,-0.009088,-0.36458,-0.35929,0.16989,3.3089,-7.2383,5.7629,0.008233,-0.00981,-0.015561,-0.3704,0.31787,0.19154,-9.0636,2.1283,-2.9257,0.010192,0.017772,-0.006425,0.3102,0.34158,-0.008948,-8.7146,-1.9438,-3.9536,-0.001827,-0.008748,0.017548,0.23313,-0.24257,0.3972
9.8229,-0.32308,0.46498,0.037079,0.030832,0.001539,-0.27491,-0.070194,0.44116,0.28025,9.3544,2.8359,0.01598,-0.002779,0.003249,-0.36275,-0.35685,0.16594,3.3527,-7.2046,5.8021,0.004387,-0.009543,-0.003185,-0.36707,0.31724,0.19022,-9.116,2.1208,-2.9868,0.005514,0.003723,0.004062,0.30776,0.33873,-0.00983,-8.7743,-1.8839,-3.9246,0.009233,0.010749,0.004109,0.23238,-0.24024,0.39454
9.8379,-0.31579,0.46515,0.019892,0.033621,-0.000319,-0.27206,-0.070895,0.43756,0.21645,9.4247,2.8407,0.01346,0.009493,-0.007336,-0.35824,-0.35329,0.16406,3.3186,-7.2093,5.7821,-0.016957,0.000207,-0.006732,-0.36576,0.31707,0.18878,-9.101,2.1208,-2.9715,0.013793,0.012501,-0.008229,0.30267,0.33786,-0.008254,-8.7521,-1.9585,-3.9991,0.000284,0.00883,-0.000412,0.23094,-0.23856,0.3929
9.8077,-0.37493,0.49437,0.031573,0.026553,0.014316,-0.26794,-0.068266,0.43307,0.20674,9.4294,2.865,-0.010952,-0.020513,-0.005517,-0.35808,-0.35067,0.16259,3.2771,-7.1751,5.7809,-0.011581,0.00659,-0.008488,-0.36418,0.31651,0.18788,-9.071,2.1281,-2.8958,0.00036,-0.007738,-0.006602,0.30027,0.33672,-0.007457,-8.7146,-1.9737,-3.9537,-0.012376,-0.012814,-0.004159,0.2299,-0.23895,0.39106
9.7028,-0.47797,0.53767,0.0497,0.034568,0.02159,-0.26486,-0.067999,0.43147,0.27568,9.2115,2.8182,-0.0064,-0.019641,-0.007347,-0.35423,-0.34845,0.16251,3.2308,-7.1602,5.7799,-0.029301,0.011757,-0.014691,-0.36226,0.3149,0.18601,-9.1009,2.1057,-2.9489,0.009267,-0.010378,-0.006626,0.29683,0.33493,-0.005803,-8.7594,-1.8689,-3.9691,0.000387,0.005957,-0.009476,0.22831,-0.23727,0.38916
9.7485,-0.38853,0.30733,0.042459,0.012758,-0.002041,-0.26153,-0.066511,0.42695,0.27302,9.2987,2.8235,0.035788,0.008664,0.00136,-0.35277,-0.34422,0.15915,3.2456,-7.2915,5.8191,-0.015113,-0.009808,-0.008546,-0.36139,0.31412,0.18332,-9.086,2.1207,-2.9261,0.012905,-0.000708,-0.010084,0.29202,0.33292,-0.00447,-8.7295,-1.9439,-3.909,-0.010608,-0.004666,-0.000485,0.22773,-0.23623,0.38678
9.8448,-0.44172,0.44946,0.035323,0.019733,-0.025778,-0.25621,-0.063519,0.42277,0.29009,9.3519,2.8457,0.023392,0.019212,-0.007363,-0.35023,-0.3395,0.15688,3.2993,-7.3403,5.8037,-0.007888,-0.011677,-0.012063,-0.3623,0.31031,0.18012,-9.0934,2.0983,-2.9713,0.005627,0.001949,-0.001249,0.28985,0.3327,-0.00444,-8.7595,-1.9585,-3.9843,-0.010352,0.026496,-0.011118,0.22538,-0.23648,0.38308
9.7631,-0.38912,0.4268,0.045244,0.036194,0.006989,-0.25232,-0.063903,0.41643,0.31698,9.3616,2.8435,0.019764,0.023721,0.001589,-0.35074,-0.33361,0.15803,3.2942,-7.1143,5.6872,-0.006035,-0.017187,-0.015583,-0.36002,0.30586,0.17785,-9.0861,2.1358,-2.9637,0.001971,0.017798,0.004163,0.28497,0.33199,-0.004277,-8.7295,-1.9138,-3.9687,-0.005074,0.014105,-0.003993,0.2227,-0.23585,0.3822
9.785,-0.47833,0.46369,0.085987,0.030473,0.001598,-0.24757,-0.062351,0.41382,0.27529,9.3956,2.8458,0.016051,0.009601,0.004209,-0.34492,-0.33267,0.15355,3.2895,-7.2916,5.7562,-0.021906,-0.006647,-0.024431,-0.35808,0.30128,0.17645,-9.0859,2.1057,-2.9186,-0.001472,0.019561,-0.001123,0.28488,0.33021,-0.000398,-8.7144,-1.8692,-3.9385,-0.016814,-0.018357,-0.011425,0.22251,-0.23365,0.37995
9.8229,-0.34516,0.42754,0.031555,-0.003457,-0.018387,-0.2432,-0.061757,0.40896,0.29995,9.3156,2.8383,0.01623,0.014781,-0.009999,-0.34186,-0.32865,0.15339,3.2506,-7.3401,5.8298,0.01703,-0.024095,-0.008542,-0.35792,0.29741,0.17468,-9.0558,2.0609,-2.9405,0.009272,0.008966,-0.004737,0.28141,0.32858,0.000479,-8.7595,-1.9511,-3.9693,-0.006058,0.003429,-0.000429,0.2208,-0.23145,0.37648
9.8229,-0.33043,0.45002,0.000798,0.022163,0.005174,-0.23855,-0.06041,0.40449,0.26051,9.3715,2.8067,-0.003517,0.009513,-0.008975,-0.33845,-0.32493,0.15028,3.3674,-7.2046,5.7583,0.030612,-0.016101,-0.019061,-0.35665,0.29171,0.17227,-9.0713,2.1361,-3.0084,-0.017377,-0.001558,-0.006564,0.2799,0.32474,0.002228,-8.6697,-1.9812,-4.0127,-0.024264,-0.029712,0.004781,0.22045,-0.22937,0.37383
9.7781,-0.33025,0.49444,0.001672,0.022252,0.012468,-0.23351,-0.060217,0.40005,0.21912,9.3664,2.8575,-0.008091,0.004244,-0.003637,-0.33605,-0.32238,0.14739,3.3551,-7.1365,5.7227,-0.005575,-0.005794,0.003885,-0.35438,0.28777,0.16999,-9.0937,2.1582,-2.9413,-0.010158,0.009007,-0.011776,0.27866,0.32327,0.00463,-8.7744,-1.8989,-3.9097,-0.00247,0.00165,-0.000444,0.21973,-0.22845,0.37119
9.7856,-0.33031,0.4945,-0.020911,0.029511,0.006935,-0.22697,-0.059546,0.39633,0.17734,9.3812,2.8233,0.010565,-0.002753,0.007726,-0.33202,-0.31807,0.14624,3.3186,-7.1898,5.7671,-0.015105,0.004681,-0.010251,-0.35385,0.28103,0.17046,-9.0933,2.1056,-2.9188,-0.003361,0.000204,0.002272,0.27713,0.32033,0.005988,-8.7295,-1.9289,-3.9389,-0.02851,-0.005848,-0.011304,0.22057,-0.22623,0.36884
9.8079,-0.34515,0.45727,-0.030003,0.03426,0.023318,-0.21991,-0.057601,0.39248,0.21156,9.3667,2.8015,0.015102,-0.001019,0.003255,-0.32995,-0.31273,0.14483,3.3819,-7.2047,5.7977,-0.017561,0.015249,-0.021698,-0.35111,0.27396,0.17005,-9.1004,2.0455,-2.8963,-0.001308,0.009881,-0.009143,0.27733,0.3189,0.007035,-8.7446,-1.951,-3.999,-0.004846,0.006574,-0.022126,0.21974,-0.22417,0.3667
9.8075,-0.41946,0.51646,0.015267,0.025774,0.014297,-0.21439,-0.056875,0.387,0.2042,9.4054,2.8235,-0.00186,-0.020644,-0.019824,-0.32491,-0.30827,0.14322,3.3624,-7.2096,5.8268,-0.01496,0.011727,-0.018176,-0.34958,0.26835,0.17041,-9.1082,2.0905,-2.9116,0.010106,0.008993,-0.002963,0.27521,0.31651,0.007459,-8.7596,-2.0034,-3.962,0.012885,-0.00369,-0.001425,0.2156,-0.22109,0.36405
9.8376,-0.3603,0.47978,-0.015458,0.027594,-0.000342,-0.20896,-0.055023,0.38243,0.22133,9.4247,2.8383,0.010519,-0.024069,-0.005712,-0.32185,-0.30227,0.14121,3.3333,-7.2823,5.8325,-0.007945,0.015594,-0.011993,-0.34505,0.26315,0.17042,-9.1158,2.1354,-2.8893,0.003698,0.023096,0.00597,0.27592,0.31498,0.007625,-8.7596,-1.9809,-3.9843,0.012732,-0.016052,0.007536,0.21565,-0.21875,0.36154
9.8451,-0.37505,0.44989,-0.02632,0.031306,0.004186,-0.20087,-0.053326,0.37796,0.23596,9.4175,2.8189,0.001548,-0.018686,0.001506,-0.31853,-0.29805,0.13873,3.3625,-7.2435,5.8029,-0.008924,0.010236,-0.007577,-0.34071,0.25316,0.1718,-9.116,2.1357,-2.9493,0.005281,0.010774,0.014705,0.27792,0.31174,0.005528,-8.7745,-1.9435,-3.977,-0.007168,-0.000756,0.014024,0.2126,-0.21709,0.35933
9.8372,-0.44935,0.4871,-0.020074,0.026107,0.017864,-0.19414,-0.049979,0.37323,0.28998,9.3545,2.819,-0.0057,-0.030141,0.003284,-0.31539,-0.29292,0.13571,3.3163,-7.2626,5.7586,-0.015105,0.015597,-0.010236,-0.33803,0.24556,0.17253,-9.0859,2.0909,-2.9861,0.007503,0.010742,-0.00472,0.27786,0.30868,0.002947,-8.7295,-1.9588,-3.939,0.011856,-0.016122,0.00481,0.2111,-0.21683,0.35668
9.8072,-0.47142,0.50911,0.019807,0.02024,0.001526,-0.18728,-0.046467,0.36818,0.25583,9.3809,2.8675,0.006949,-0.020514,-0.003884,-0.31021,-0.28602,0.1347,3.2553,-7.2333,5.8158,-0.005437,0.001324,-0.003205,-0.33306,0.24045,0.17381,-9.071,2.1059,-2.9708,0.016497,0.020404,-0.00906,0.2758,0.30586,0.001177,-8.8044,-1.8986,-3.9475,0.012727,-0.00075,0.010369,0.20834,-0.21323,0.3551
9.8222,-0.44926,0.49445,0.005271,0.013206,0.004273,-0.18085,-0.042296,0.36244,0.29012,9.3712,2.8676,-0.007422,-0.02934,-0.005586,-0.30653,-0.28051,0.13196,3.2457,-7.2988,5.8021,-0.008159,-0.007699,0.000298,-0.32848,0.23343,0.17487,-9.0713,2.151,-2.9784,0.01726,0.008963,-0.004719,0.27536,0.30265,-0.000775,-8.7294,-1.8841,-3.9388,0.00191,-0.021537,0.004796,0.20534,-0.20923,0.35039
9.8222,-0.45672,0.50932,0.009057,0.043623,0.001412,-0.17549,-0.04047,0.35892,0.31963,9.3566,2.8921,0.006761,-0.029219,0.010307,-0.30272,-0.27603,0.12924,3.2895,-7.2527,5.7482,0.006006,-0.00745,0.005631,-0.32277,0.22572,0.17589,-9.0862,2.1136,-3.0312,-0.006551,0.016036,-0.01174,0.27409,0.30158,-0.005484,-8.8044,-1.9211,-3.9252,0.012679,-0.015092,0.010275,0.20465,-0.20793,0.34826
9.8072,-0.49346,0.46421,0.018978,0.032757,-0.000356,-0.16906,-0.035281,0.35331,0.30496,9.3372,2.8822,0.004361,-0.020598,-0.014531,-0.29834,-0.26951,0.12781,3.2554,-7.2818,5.7775,0.001619,-0.00757,0.002081,-0.31678,0.2185,0.17766,-9.0939,2.1809,-2.9864,0.002329,0.028355,-0.011638,0.26925,0.29873,-0.008805,-8.7595,-1.9437,-3.9245,0.003638,-0.021412,0.010235,0.20215,-0.20537,0.34658
9.8369,-0.47912,0.52421,0.026293,0.047048,-0.002225,-0.16395,-0.030588,0.34764,0.32202,9.3421,2.8677,0.010504,-0.023142,-0.002143,-0.294,-0.26329,0.12303,3.2554,-7.2988,5.7925,-0.000979,-0.010415,-0.001463,-0.31009,0.21228,0.18069,-9.0711,2.1209,-2.9559,-0.017162,-0.003323,-0.017166,0.26645,0.29535,-0.012029,-8.7369,-1.869,-3.9538,0.000205,-0.005481,0.001292,0.19819,-0.20125,0.343
9.7777,-0.47804,0.40395,0.022669,0.039789,-0.004004,-0.16205,-0.024864,0.34365,0.3098,9.3131,2.8529,-0.000216,-0.023145,-0.003839,-0.29059,-0.25573,0.12062,3.2456,-7.2477,5.7523,-0.000882,-0.025958,-0.005025,-0.30423,0.20675,0.18227,-9.0711,2.1208,-2.9409,-0.024629,-0.006824,-0.001307,0.26289,0.29429,-0.016327,-8.7145,-1.9439,-3.9387,-0.005168,-0.007374,-0.002333,0.19457,-0.19818,0.34036
9.7623,-0.50067,0.53797,0.035295,0.036217,0.001505,-0.1578,-0.018921,0.33927,0.30008,9.2937,2.8576,0.008845,-0.001905,0.00153,-0.28682,-0.25096,0.11699,3.2748,-7.2235,5.7279,0.013113,-0.012793,0.007394,-0.29786,0.20105,0.18653,-9.0711,2.106,-2.9783,-0.000627,0.006348,0.000546,0.25954,0.28967,-0.020091,-8.7594,-1.9141,-3.8572,0.009198,-0.008136,0.001265,0.19042,-0.19639,0.33734
9.7332,-0.38897,0.44896,-0.008115,0.056376,0.014124,-0.15463,-0.01347,0.33459,0.26559,9.3036,2.8064,0.019621,-0.001049,-0.000338,-0.2818,-0.2454,0.1129,3.3138,-7.2018,5.7135,0.013475,-0.006893,-0.010244,-0.2894,0.19579,0.18987,-9.0634,2.0907,-2.9182,-0.000434,-0.006864,-0.010135,0.25368,0.28863,-0.024238,-8.7594,-1.8615,-3.9541,-0.019575,-0.003866,-0.004066,0.18697,-0.19279,0.33353
9.8442,-0.50885,0.56838,0.02831,0.082796,-0.006903,-0.15226,-0.008893,0.32948,0.26288,9.4441,2.8362,0.010767,-0.006506,-0.019837,-0.27799,-0.23969,0.10784,3.3724,-7.3116,5.8189,0.006169,-0.024048,-0.001451,-0.28046,0.19207,0.1927,-9.1011,2.1432,-2.949,-0.020925,-0.007699,-0.008367,0.24724,0.28714,-0.029445,-8.7297,-2.0185,-3.9541,-0.015964,-0.017359,-0.006886,0.18261,-0.19086,0.32946
9.8071,-0.43472,0.62826,0.026385,0.05401,-0.016812,-0.14985,-0.001788,0.32529,0.28552,9.2694,2.872,0.019848,0.015616,-0.013589,-0.27361,-0.23606,0.10362,3.2966,-7.2141,5.8332,0.013123,-0.012862,0.005633,-0.27258,0.18941,0.19694,-9.1009,2.143,-2.8965,-0.030183,-0.012076,0.007487,0.2411,0.28537,-0.03412,-8.737,-1.9437,-3.9615,-0.008836,-0.019891,-0.000588,0.17692,-0.18741,0.32532
9.6584,-0.37428,0.59814,0.004647,0.070566,0.004017,-0.14984,0.00591,0.31827,0.17265,9.2843,2.8082,0.010883,0.004955,-0.019816,-0.27241,-0.22888,0.10071,3.26,-7.1239,5.7162,0.004376,-0.022182,-0.001462,-0.2623,0.1855,0.20135,-9.0257,2.0383,-2.9023,0.000585,-0.003366,-0.015416,0.23365,0.28444,-0.036919,-8.7443,-1.8692,-3.9016,-0.008765,0.009684,-0.00039,0.17406,-0.18508,0.32038
9.7029,-0.38972,0.66552,-0.016321,0.051126,0.012287,-0.15102,0.012485,0.31129,0.20204,9.3156,2.8353,0.034007,-0.002049,-0.009363,-0.26785,-0.22328,0.095175,3.3502,-7.0854,5.6729,-0.008022,-0.021519,-0.00586,-0.25282,0.18537,0.20498,-9.0561,2.106,-2.9705,0.000235,0.002819,0.001404,0.22704,0.28198,-0.039934,-8.8044,-1.9586,-3.8954,-0.00961,0.014106,-0.003945,0.17087,-0.18096,0.31657
9.8221,-0.39065,0.65895,0.008108,0.047398,0.012348,-0.15488,0.019113,0.30328,0.17728,9.4344,2.8454,0.017831,0.000679,-0.002978,-0.26427,-0.21772,0.090748,3.343,-7.2094,5.802,-0.026732,-0.004482,-0.008513,-0.24057,0.18642,0.20871,-9.0935,2.1431,-2.9263,0.016612,0.023055,-0.015208,0.21809,0.28095,-0.04319,-8.767,-1.9512,-3.9246,-0.024161,0.010625,0.00419,0.16476,-0.17969,0.31168
9.8073,-0.4124,0.56918,-0.00101,0.020334,-0.00397,-0.15664,0.024317,0.29523,0.19217,9.3713,2.8525,0.008633,-0.009738,0.017488,-0.26032,-0.21407,0.0856,3.3625,-7.2533,5.8178,-0.026744,0.006423,-0.008489,-0.22984,0.18779,0.21236,-9.1533,2.1354,-2.935,0.009563,0.012527,-0.018811,0.20919,0.27838,-0.045664,-8.7521,-1.9884,-3.9768,-0.017972,0.007264,0.014096,0.16034,-0.1784,0.30658
9.7181,-0.38925,0.51643,-0.030955,0.020741,0.014216,-0.16363,0.030505,0.28565,0.27268,9.3402,2.7653,0.018577,-0.011563,0.008511,-0.25269,-0.21388,0.076197,3.4113,-7.1901,5.6927,-0.0221,-0.006455,-0.015554,-0.21789,0.1917,0.21513,-9.1679,2.0902,-2.8977,0.000403,0.010794,-0.006478,0.1985,0.27846,-0.04758,-8.7445,-1.9512,-3.9467,0.012958,0.017797,-0.002195,0.15423,-0.17532,0.3001
9.7998,-0.4345,0.55406,-0.033655,0.004304,-0.013068,-0.16993,0.034509,0.27637,0.28487,9.3717,2.7777,0.024898,-0.011631,0.001352,-0.25028,-0.20935,0.071337,3.387,-7.2629,5.7254,-0.016404,0.017697,-0.033176,-0.20774,0.19816,0.21459,-9.0709,2.1056,-2.8958,0.014538,0.028337,-0.00106,0.19059,0.2766,-0.049106,-8.7371,-1.9737,-3.9391,0.019402,0.019426,-0.011247,0.15082,-0.17288,0.2967
9.7924,-0.44908,0.50915,-0.013642,0.040328,0.012337,-0.17836,0.036108,0.26703,0.30444,9.3959,2.7901,0.01447,0.018326,-0.010844,-0.24378,-0.20784,0.065206,3.3284,-7.2481,5.7683,-0.001378,0.004379,-0.026136,-0.19649,0.20808,0.2135,-9.0708,2.0683,-2.9483,0.032335,0.001903,-0.003018,0.17959,0.27585,-0.048967,-8.7893,-1.869,-3.9099,0.016447,0.006279,0.003163,0.14409,-0.17096,0.29048
9.8294,-0.44979,0.61386,-0.017161,0.050935,-0.004121,-0.18822,0.037526,0.25538,0.32902,9.3909,2.8145,0.012631,0.016593,-0.007277,-0.23749,-0.20655,0.057518,3.309,-7.2869,5.7638,0.009876,0.030339,-0.011065,-0.18835,0.22148,0.2104,-9.0712,2.121,-3.0009,0.009097,-0.005107,0.002234,0.16815,0.27552,-0.049625,-8.7445,-1.9139,-3.9391,0.009214,-0.001825,0.003108,0.1392,-0.1685,0.28275
9.8219,-0.44982,0.63619,-0.019086,0.020339,-0.014935,-0.19837,0.037045,0.24321,0.29001,9.4149,2.8678,0.008106,0.00593,-0.012634,-0.23327,-0.20681,0.049486,3.3089,-7.2651,5.8025,0.002748,0.00119,-0.010249,-0.18067,0.24001,0.20086,-9.0865,2.181,-3.0162,0.005805,0.021305,-0.008159,0.15629,0.27446,-0.050818,-8.7893,-1.8989,-3.895,0.009216,-0.012643,-0.000562,0.13537,-0.1655,0.27348
9.8217,-0.47959,0.67329,-0.016471,0.005162,-0.009394,-0.20822,0.035778,0.23172,0.24355,9.3955,2.865,0.012428,0.007851,0.006892,-0.22675,-0.20801,0.043278,3.2578,-7.2721,5.7774,-0.008179,0.006854,0.000334,-0.1769,0.25483,0.18845,-9.1014,2.1809,-3.0015,0.007754,0.023067,-0.016087,0.14494,0.27291,-0.0494,-8.7594,-1.9138,-3.9468,-0.001433,0.002364,-0.009494,0.1317,-0.16228,0.26837
9.7919,-0.47935,0.67307,-0.022818,0.000671,-0.013034,-0.21709,0.034345,0.22132,0.23146,9.3373,2.8623,0.008761,-0.004516,0.007736,-0.21938,-0.21045,0.035717,3.2602,-7.2502,5.7575,0.00076,0.007818,-0.000534,-0.17546,0.26975,0.17467,-9.086,2.1208,-2.9562,-0.008684,0.001966,0.002285,0.1348,0.27013,-0.045856,-8.707,-1.9141,-3.9385,-0.010489,-0.00844,-0.009567,0.12584,-0.1593,0.25994
9.7176,-0.47096,0.57558,-0.01385,-0.015499,-0.007492,-0.2259,0.030523,0.20949,0.27055,9.3181,2.8333,0.004362,0.012349,0.014089,-0.21094,-0.2149,0.030965,3.2748,-7.1846,5.7126,-0.011411,0.0046,-0.015557,-0.18001,0.28558,0.15654,-9.0408,2.0459,-2.9402,-0.010084,0.012499,-0.013541,0.12298,0.26964,-0.042265,-8.7294,-1.8692,-3.9238,-0.005207,0.006183,0.003189,0.12384,-0.15463,0.25291
9.6963,-0.48911,0.40917,-0.015013,0.033399,0.02001,-0.33125,-0.11694,0.50289,0.37953,9.3557,2.9514,0.0077341,-0.018566,-0.007157,-0.42507,-0.41312,0.1883,3.2846,-7.1723,5.8301,0.013916,0.006137,-0.025615,-0.4391,0.35274,0.16276,-9.0997,2.1001,-2.9303,-0.036589,0.0068966,-0.021316,0.35803,0.35717,0.0017138,-8.7992,-1.763,-3.9624,0.0019478,0.0052625,-0.0033489,0.36229,-0.29769,0.48878
9.8014,-0.40742,0.35089,0.023224,0.0021501,-0.01487,-0.32833,-0.10567,0.49205,0.32489,9.3284,2.8237,0.018397,0.011122,-0.020939,-0.43372,-0.41224,0.19441,3.3523,-7.256,5.8912,-0.017204,-0.013102,-0.0001036,-0.41212,0.34992,0.17551,-9.044,2.1747,-2.9572,0.010859,0.024829,0.0085132,0.3976,0.35603,0.0048061,-8.7688,-1.8811,-3.9274,-0.018634,0.0059966,0.0039208,0.34733,-0.29007,0.50334
9.8693,-0.41006,0.32236,-0.0032982,0.013325,0.013379,-0.32036,-0.10796,0.50231,0.20895,9.2007,2.7807,0.0097649,0.0069461,0.0056968,-0.42672,-0.40838,0.18332,3.2976,-7.2077,5.8895,-0.0052029,0.0049901,-0.012556,-0.41981,0.36672,0.18902,-9.1116,2.3566,-2.9569,-0.0091598,-0.0017954,-0.017133,0.36522,0.35839,-0.020573,-8.7603,-1.8522,-3.9744,-0.0012227,0.015202,0.0023575,0.3443,-0.27114,0.47886
9.8574,-0.35845,0.39354,-0.026557,0.015889,7.4016e-05,-0.34299,-0.1014,0.48998,0.18676,9.3895,2.8459,0.019509,0.022836,-0.020558,-0.40426,-0.40099,0.1876,3.2546,-7.2467,5.7594,0.017545,0.014451,-0.020182,-0.41489,0.33736,0.18876,-9.0978,2.1113,-2.8405,0.023471,0.016519,-0.0013828,0.35183,0.37662,0.0060463,-8.7255,-2.0829,-3.9444,-0.0079869,-0.0048604,-0.0049864,0.32073,-0.30352,0.48306
9.732,-0.35266,0.48441,-0.0016306,0.027127,-0.012412,-0.32457,-0.10292,0.49966,0.20983,9.4029,2.9088,-0.0099278,0.022725,-0.022018,-0.39993,-0.39146,0.19253,3.266,-7.2256,5.7851,0.0093895,0.0024102,-0.015003,-0.40635,0.34185,0.20172,-9.1046,1.9868,-2.8674,-0.0047921,0.014659,-0.033795,0.35221,0.35346,-0.002241,-8.718,-1.9704,-4,0.011123,0.014487,-0.010078,0.33144,-0.29056,0.48103
9.8063,-0.36521,0.46708,0.0049165,0.026691,0.0038336,-0.33439,-0.10377,0.47515,0.29075,9.3779,2.9571,0.035197,0.010564,0.008362,-0.40244,-0.41422,0.16813,3.2402,-7.2419,5.7631,-0.00090995,0.0063485,-0.0061341,-0.42452,0.33913,0.2041,-9.0708,1.9921,-3.0003,-0.0052535,0.00080216,-0.037735,0.36627,0.33112,0.0061167,-8.7546,-1.855,-3.8967,-0.025138,-0.0028239,-0.027393,0.33334,-0.28053,0.49105
9.7791,-0.32959,0.40821,0.0082371,0.073199,0.013513,-0.31831,-0.12148,0.49351,0.3161,9.3,2.877,0.028542,-0.02084,-0.013033,-0.39744,-0.39849,0.17236,3.3133,-7.3254,5.8049,-0.014245,0.0044793,-0.017455,-0.41906,0.34332,0.20568,-9.0523,2.1267,-2.9882,0.01227,0.051616,0.0098408,0.36643,0.33903,-0.018167,-8.7401,-1.9177,-3.8865,0.016123,0.021898,0.016874,0.31283,-0.27613,0.4677
9.7815,-0.38529,0.31679,-0.010563,0.05485,0.013344,-0.32273,-0.10492,0.4752,0.25219,9.3209,2.8605,0.040792,-0.0067555,0.021065,-0.4093,-0.40937,0.17223,3.3093,-7.1325,5.8673,-0.011046,-0.034461,-0.011969,-0.39662,0.34007,0.18554,-9.0475,2.2493,-2.9606,0.010698,-0.0054178,-0.020982,0.34926,0.33119,0.0057569,-8.7565,-1.8801,-3.9604,-0.01879,0.028496,0.0065487,0.31464,-0.27852,0.49231
9.8527,-0.36202,0.30573,0.00069994,0.013702,-0.00031751,-0.3026,-0.088707,0.47987,0.23042,9.3753,2.8338,0.01457,-0.0016709,0.0088448,-0.38447,-0.41018,0.17606,3.2481,-7.2349,5.7746,-0.0017927,-0.023312,-0.010626,-0.40288,0.32393,0.17864,-9.1232,2.1745,-2.9246,0.019213,0.022191,-0.0054618,0.34047,0.33588,0.00045971,-8.7157,-1.9881,-4.0111,-0.0071776,-0.030431,-0.011297,0.31185,-0.26353,0.45455
9.7209,-0.36213,0.4085,-0.031064,0.050339,-0.027843,-0.30408,-0.095366,0.47731,0.22056,9.318,2.8402,0.012353,0.0060639,0.0088528,-0.39197,-0.38064,0.17253,3.2702,-7.1899,5.8203,-0.0012051,-0.0080516,0.0027481,-0.38368,0.31337,0.18822,-9.1154,2.101,-2.94,-0.00025886,-0.0056324,-0.0073348,0.34543,0.3317,-0.0056457,-8.7109,-2.029,-3.9411,-0.013569,0.0050487,0.0063107,0.3045,-0.28943,0.45786
9.8115,-0.40342,0.48015,-0.019479,0.017283,0.0063405,-0.30427,-0.11263,0.48845,0.29592,9.3909,2.8946,0.032978,0.016011,0.0081754,-0.38588,-0.41238,0.17707,3.2642,-7.2888,5.909,-0.012409,0.03145,-0.017629,-0.38008,0.32537,0.19483,-9.0797,1.9988,-2.8825,-0.032996,0.013793,-0.034322,0.32439,0.35375,0.00098619,-8.74,-1.9635,-4.0132,-0.021389,-0.0077674,-1.9496e-05,0.27099,-0.25154,0.44981
9.8837,-0.45096,0.53061,-0.0096375,0.014417,-0.0065006,-0.30239,-0.10683,0.47519,0.26823,9.2471,2.88,0.010189,-0.020183,0.0021758,-0.41374,-0.37558,0.18813,3.2955,-7.2516,5.8858,-0.010304,0.014865,-0.015017,-0.38776,0.32231,0.18068,-9.0506,2.1184,-2.9236,-0.0024019,0.015837,-0.026253,0.32539,0.33883,0.004188,-8.9412,-1.8959,-3.9427,0.0024117,0.0077465,-0.0034197,0.27626,-0.27141,0.46801
9.8333,-0.40972,0.46363,0.016502,-0.0079375,-0.03243,-0.29445,-0.096574,0.46475,0.33517,9.3229,2.8862,-0.0018094,0.021593,0.00035685,-0.37888,-0.38739,0.1496,3.2726,-7.2744,5.7226,-0.0091144,-0.0090307,-0.018168,-0.39085,0.3316,0.18934,-9.0704,2.2206,-2.9182,0.004709,-0.0043224,-0.0019293,0.3166,0.33038,0.005525,-8.7613,-1.8928,-3.9411,0.011008,-0.01385,-0.009966,0.27859,-0.25733,0.43324
9.6922,-0.45586,0.39657,-0.045983,0.043382,-0.018558,-0.29994,-0.082032,0.4615,0.31454,9.3852,2.8056,-6.4333e-05,-0.0095362,-0.0033209,-0.38518,-0.38835,0.15884,3.3051,-7.264,5.6822,-0.025164,-0.0082202,-0.0056886,-0.38083,0.30617,0.18995,-9.1168,2.2019,-2.9334,-0.0032601,0.026632,-0.0098035,0.32658,0.35018,-0.0087542,-8.7451,-1.8843,-3.9162,-0.023569,0.011479,0.0088333,0.27711,-0.26481,0.43592
9.7419,-0.37753,0.44891,-0.00090756,0.0058662,-0.034624,-0.31685,-0.080477,0.4668,0.22424,9.331,2.8329,0.011316,0.0045944,0.0080902,-0.39355,-0.38182,0.14403,3.3419,-7.2287,5.8142,-0.0043402,0.0068557,-0.025364,-0.39018,0.30668,0.17552,-9.1206,2.117,-2.9617,-0.013194,-0.0056302,-0.00083739,0.34065,0.35824,-0.0084605,-8.7866,-1.9496,-4.0097,-0.016866,0.005837,-0.0010389,0.26627,-0.2723,0.45788
9.8548,-0.36318,0.52494,0.015677,-0.00067797,-0.023891,-0.29695,-0.1044,0.45359,0.22497,9.2451,2.8576,0.011797,-0.0023832,-0.014436,-0.37531,-0.37976,0.12801,3.2995,-7.2038,5.8771,0.00095243,-0.0096229,0.0027691,-0.35539,0.31072,0.20617,-9.1167,2.0825,-2.9086,0.0095469,0.022384,-0.0076238,0.29937,0.3324,0.0019975,-8.6801,-1.9977,-3.9341,0.00013516,0.013403,-0.01776,0.28216,-0.26738,0.42873
9.8596,-0.37886,0.42709,0.00066708,-0.011812,0.014136,-0.29414,-0.09289,0.471,0.32214,9.2558,2.9033,0.0057563,0.017461,-0.0020009,-0.37409,-0.37943,0.17025,3.2822,-7.2235,5.8903,0.026669,0.021603,-0.027668,-0.37401,0.32164,0.19918,-9.0703,2.0991,-2.9734,0.0053057,0.0044334,0.017051,0.29695,0.3281,-0.029721,-8.7709,-1.8719,-3.944,-0.035744,-0.010482,-0.0092483,0.27343,-0.26296,0.45299
9.8427,-0.42185,0.46032,0.0013595,0.031771,0.013372,-0.28855,-0.077649,0.46018,0.31656,9.4075,2.8723,0.021025,-0.016144,0.0029641,-0.37357,-0.3727,0.16161,3.241,-7.1784,5.7719,-0.0049834,0.0093645,-0.004507,-0.36796,0.31883,0.17048,-9.0711,2.1229,-2.9603,0.021103,0.013513,-0.031403,0.3087,0.34001,0.0051555,-8.7178,-1.9181,-3.9074,-0.012919,-0.015481,-0.0057579,0.26181,-0.2486,0.45627
9.7596,-0.37769,0.44826,0.035495,-0.00098401,-0.0013854,-0.29131,-0.10338,0.45254,0.27762,9.4068,2.8251,0.013204,-0.025116,0.00086845,-0.381,-0.39304,0.15768,3.2375,-7.1648,5.7844,-0.013714,0.027411,-0.0038446,-0.37319,0.32667,0.19585,-9.1118,2.1282,-2.9942,0.020414,0.022327,-0.0041088,0.31257,0.34038,-0.0086314,-8.7884,-1.8853,-3.9753,0.033993,0.029201,0.0016667,0.25912,-0.25951,0.42465
9.8316,-0.43192,0.38407,0.011847,0.022287,-0.0027562,-0.30064,-0.086,0.45078,0.27872,9.3896,2.8214,-0.0058764,0.0090219,0.0047549,-0.38925,-0.38028,0.15946,3.3087,-7.3085,5.7482,-0.011347,-0.006803,-0.034458,-0.37314,0.32259,0.19856,-9.1128,2.1226,-2.9114,0.015476,0.012875,-0.007219,0.31611,0.32229,0.0079202,-8.754,-1.941,-3.9846,0.0065657,0.00033866,0.013298,0.273,-0.25969,0.42521
9.7769,-0.43756,0.38688,-0.0027261,0.027068,-0.001561,-0.29191,-0.09063,0.45092,0.21496,9.2785,2.8231,-0.0069354,0.027668,0.014844,-0.38953,-0.37725,0.16482,3.3085,-7.3406,5.7904,-0.011832,-0.017943,0.013531,-0.36563,0.32584,0.17254,-9.1253,2.1296,-2.9143,0.011561,-0.018766,-0.035233,0.30293,0.32729,-0.016635,-8.7023,-1.8829,-3.933,0.011163,0.019139,0.013557,0.26424,-0.24577,0.43763
9.8396,-0.35004,0.52768,0.034685,0.039938,-0.0069357,-0.28554,-0.082011,0.45735,0.19364,9.3759,2.8306,0.026712,0.01223,0.0041205,-0.38492,-0.34973,0.16384,3.2955,-7.1075,5.8296,0.0076497,-0.015289,-0.0094083,-0.35589,0.31689,0.17461,-9.0631,2.1031,-2.9126,-0.0076537,0.014277,-0.046329,0.30075,0.32002,-0.0067891,-8.7654,-1.9439,-3.9797,0.015204,-0.0037571,-0.0098864,0.25872,-0.26931,0.43858
9.8268,-0.34857,0.47841,0.012207,0.021753,-0.0013159,-0.28861,-0.085113,0.46204,0.28923,9.3364,2.8518,0.023632,-0.0016878,-0.016586,-0.38559,-0.35198,0.14179,3.2543,-7.2916,5.8831,0.017584,-0.011563,-0.034201,-0.35188,0.30037,0.19822,-9.0723,2.1316,-2.9269,-0.0073894,0.0076945,-0.00055417,0.29127,0.32154,-0.02796,-8.7419,-1.9732,-4.0264,-0.033588,-0.0017365,-0.011338,0.26013,-0.23478,0.41321
9.8402,-0.32704,0.31748,0.054677,0.023522,-0.001342,-0.2933,-0.068635,0.44623,0.27514,9.32,2.862,0.030096,0.030384,-0.0043758,-0.37677,-0.36546,0.14908,3.3724,-7.3371,5.8739,0.0025245,-0.014569,-0.023434,-0.38299,0.32236,0.18619,-9.0847,2.0878,-2.9844,-0.011054,0.010693,0.0078485,0.29644,0.31995,0.0022827,-8.7764,-1.8709,-3.9239,0.00085626,0.01029,-0.016565,0.27724,-0.2449,0.43406
9.8398,-0.29843,0.47029,0.045826,0.033426,0.0026567,-0.28779,-0.072817,0.45383,0.28959,9.3675,2.8005,0.027701,0.0064273,-0.012004,-0.37791,-0.35995,0.14858,3.3452,-7.2064,5.7343,-0.0040176,-0.0038331,-0.022283,-0.36489,0.30836,0.18911,-9.0686,2.1457,-2.9777,-0.0058983,0.022102,0.012489,0.29398,0.30496,-0.0014044,-8.7346,-1.9294,-3.9442,0.015659,0.013294,-0.0091463,0.24639,-0.24422,0.42347
9.7261,-0.37272,0.38889,0.029236,0.040177,-0.013445,-0.26141,-0.07019,0.46229,0.3157,9.4448,2.8228,0.021921,0.011477,0.0048827,-0.37922,-0.34731,0.14423,3.3086,-7.1354,5.7159,0.00056701,0.0016015,0.0079447,-0.35556,0.32417,0.17156,-9.1161,2.1126,-2.8982,-0.020788,-0.0048125,0.0017568,0.29022,0.31194,-0.007826,-8.7105,-1.9605,-3.9994,0.00067681,-0.011723,-0.0092304,0.25296,-0.24743,0.39784
9.7927,-0.48254,0.43275,0.034943,0.028826,-0.0083955,-0.28083,-0.07792,0.44346,0.27044,9.3145,2.8424,0.0038093,0.0023296,0.0099179,-0.36822,-0.34788,0.14808,3.3708,-7.1873,5.7918,0.0035397,0.011675,0.0010939,-0.3596,0.31489,0.15801,-9.1066,2.053,-2.9504,0.0004711,0.0024486,-0.010306,0.27013,0.30251,0.0048203,-8.7556,-1.9119,-3.9719,-0.017592,-0.035358,0.0070702,0.2308,-0.24217,0.406
9.8299,-0.38762,0.46093,0.041088,0.019612,-0.018249,-0.27546,-0.082776,0.44602,0.28021,9.3164,2.8585,0.004575,-0.0051668,-0.02748,-0.36432,-0.36124,0.15236,3.367,-7.2068,5.8425,-0.022014,0.023269,-0.03226,-0.36167,0.32957,0.18961,-9.0721,2.1378,-2.9343,0.0045263,-0.011789,-0.026423,0.28413,0.3156,0.014009,-8.6826,-1.8732,-3.9885,-0.0038798,0.00064605,-0.01874,0.23559,-0.24054,0.41399
9.886,-0.43136,0.47869,0.037849,0.02886,-0.015979,-0.2645,-0.079159,0.42906,0.25184,9.3156,2.8566,-0.0010797,-0.020416,0.011475,-0.37605,-0.35243,0.14881,3.3432,-7.2168,5.824,0.0022617,-0.0052479,-0.0035629,-0.36873,0.32216,0.1852,-9.0924,2.1653,-2.9543,-0.0094923,0.012657,-0.012111,0.26789,0.30435,-0.00028934,-8.789,-1.9433,-3.9875,0.015589,-0.022584,0.0001114,0.24198,-0.23404,0.4018
9.8011,-0.38028,0.50015,0.036278,0.022308,-0.017255,-0.26762,-0.06841,0.43869,0.22333,9.3526,2.8401,0.0029571,-0.033269,0.029445,-0.36779,-0.35532,0.12744,3.3615,-7.2615,5.8214,-0.01215,0.011519,0.0033975,-0.35411,0.31093,0.17083,-9.1032,2.0961,-2.9777,-0.01013,0.014988,-0.018592,0.28112,0.30817,-0.001702,-8.7293,-1.9705,-3.9438,-0.0069479,-0.0097406,2.1763e-05,0.26127,-0.23285,0.41841
9.8597,-0.48601,0.53125,0.030308,0.03677,-0.0088275,-0.2673,-0.073877,0.42771,0.16146,9.402,2.8123,-0.010801,-0.013091,-0.0051372,-0.37113,-0.33522,0.13229,3.3143,-7.2315,5.7722,-0.0022094,0.0082759,-0.0072503,-0.33929,0.323,0.16794,-9.0819,2.0424,-2.9161,-0.011768,0.00074452,-0.0094485,0.25942,0.31245,0.0037036,-8.7561,-1.8827,-3.9474,0.025316,0.02205,-0.0098346,0.21599,-0.23962,0.38844
9.8226,-0.35519,0.28598,0.085841,0.021135,0.017664,-0.24811,-0.085319,0.42727,0.20787,9.4339,2.8477,0.019802,-0.043608,-0.0011743,-0.37416,-0.3386,0.14065,3.265,-7.2625,5.7802,-0.017773,0.0042671,-0.008705,-0.3449,0.30115,0.18065,-9.0753,2.0972,-2.932,-0.00098978,0.0095813,-0.006037,0.28813,0.30557,-0.020671,-8.7632,-1.9274,-3.9483,0.014348,-0.011042,0.003109,0.23772,-0.24353,0.4197
9.8014,-0.32878,0.46609,0.052176,-0.010588,-0.00039495,-0.27448,-0.063933,0.42759,0.1895,9.2951,2.8236,-0.0023883,-0.024322,0.025051,-0.37074,-0.33149,0.12907,3.2368,-7.2335,5.8107,0.014859,0.002711,-0.018386,-0.34389,0.28074,0.17491,-9.079,2.1568,-3.0176,-0.010189,-0.0053639,-0.0033177,0.25587,0.30905,0.00055547,-8.7506,-1.9529,-3.9223,-0.019798,-0.011898,-0.020839,0.21919,-0.23571,0.38866
9.8205,-0.3286,0.43068,-0.011294,0.0034175,0.02425,-0.25255,-0.083955,0.40511,0.21738,9.3951,2.7937,-0.013869,-0.031687,-0.017795,-0.36604,-0.31859,0.11757,3.2903,-7.3015,5.7711,0.028472,-0.0081348,0.00121,-0.3509,0.31502,0.17105,-9.047,2.1406,-2.9453,0.020009,0.018096,0.014847,0.26311,0.31332,0.0021318,-8.7822,-1.9925,-3.9317,-0.01855,0.025982,-0.00037058,0.24017,-0.23365,0.3769
9.8499,-0.3092,0.48165,-0.0030826,0.014091,0.0028322,-0.24733,-0.059691,0.415,0.23391,9.3763,2.8246,0.0089409,-0.030836,-0.0067667,-0.35353,-0.32953,0.13289,3.2423,-7.2529,5.7806,-0.0072476,0.0084651,-0.029397,-0.32934,0.29815,0.16052,-9.0601,2.0868,-2.9117,0.0040949,0.0039016,-0.01206,0.29945,0.30099,0.018705,-8.7315,-1.9814,-3.9573,0.0074923,-0.0078936,-0.0068704,0.21716,-0.24897,0.39097
9.8107,-0.3604,0.42724,-0.022565,0.044235,0.0069119,-0.25413,-0.094094,0.42865,0.28933,9.3482,2.8225,-0.0042642,-0.020923,0.0059375,-0.35687,-0.31869,0.12525,3.2689,-7.2852,5.7705,-0.034698,-0.019868,0.021622,-0.32556,0.29754,0.16468,-9.0879,2.096,-2.8918,-0.0026726,0.020021,-0.005588,0.26951,0.28304,0.00056475,-8.7928,-1.9515,-3.9401,-0.0052557,-0.011734,0.02036,0.21803,-0.24063,0.3894
9.6968,-0.42717,0.45758,-0.024504,0.044133,0.0059294,-0.24594,-0.060828,0.42344,0.27015,9.4151,2.8353,0.011143,-0.033143,-0.019031,-0.34459,-0.32632,0.13474,3.261,-7.2871,5.8069,-0.017991,0.010459,-0.024296,-0.32953,0.27125,0.14968,-9.0831,2.1704,-2.9287,-0.016626,0.0034492,0.00096837,0.26077,0.2931,0.011428,-8.7256,-1.9427,-3.845,0.00053402,-0.0010941,-0.0016371,0.2492,-0.24365,0.40097
9.7535,-0.36083,0.51493,-0.0026034,0.017674,0.017614,-0.23971,-0.054811,0.41335,0.28572,9.4433,2.8162,0.0020413,-0.0433,0.0034445,-0.36258,-0.31907,0.13703,3.2824,-7.2591,5.7905,0.0028863,-0.028417,-0.026381,-0.30843,0.2666,0.15641,-9.0977,2.1144,-2.8806,-0.01406,-0.0048619,-0.0237,0.27382,0.28594,0.0070916,-8.8116,-1.8986,-3.9352,-0.015082,-0.012914,0.013908,0.22122,-0.22956,0.39085
9.8457,-0.37144,0.47213,-0.028014,0.039428,0.00098173,-0.21556,-0.077766,0.40639,0.31315,9.2116,2.8776,0.01859,0.0017706,-0.0097069,-0.35088,-0.3282,0.1138,3.3258,-7.2351,5.684,-0.017747,-0.010078,-0.012395,-0.29786,0.30022,0.16323,-9.096,2.1737,-2.9726,-0.041722,-0.0023708,0.00972,0.27264,0.2858,0.020119,-8.7659,-1.8952,-3.9446,-0.015848,0.031298,0.0035861,0.22452,-0.21485,0.40595
9.7585,-0.46695,0.47349,-0.013964,0.032746,0.0094637,-0.24973,-0.056648,0.4045,0.30411,9.2979,2.848,-0.0059466,-0.025753,0.00454,-0.35816,-0.29031,0.10881,3.3635,-7.2196,5.7472,0.00138,0.011535,-0.017978,-0.30023,0.25564,0.16393,-9.1204,2.1122,-2.9946,0.0017234,0.00070436,-0.0055817,0.24496,0.29227,0.00085155,-8.7548,-1.9095,-3.9568,-0.012245,0.023186,0.012328,0.24213,-0.23999,0.38977
9.7975,-0.47231,0.51563,-0.025058,0.026094,0.017532,-0.21306,-0.067081,0.39434,0.3404,9.3712,2.886,0.010664,-0.013482,0.013142,-0.3676,-0.29621,0.095395,3.309,-7.3091,5.8181,-0.014466,-0.032444,0.0037404,-0.306,0.26273,0.18078,-9.1212,2.1165,-2.977,0.00042355,0.0087104,0.0041658,0.26661,0.27509,-0.0026211,-8.7417,-1.9496,-3.8892,-0.0057539,-0.019481,0.0091094,0.2227,-0.21957,0.37509
9.824,-0.4408,0.46685,0.014802,0.035739,0.0076,-0.21503,-0.06627,0.39682,0.33164,9.3799,2.8854,0.020345,0.025773,0.0064235,-0.35414,-0.29892,0.10196,3.2562,-7.2178,5.7596,0.0030957,-0.0076468,-0.01028,-0.29323,0.24943,0.18133,-9.0898,2.1042,-2.9751,-0.017467,0.031617,-0.016516,0.28029,0.27812,-0.020099,-8.7651,-1.8749,-3.9086,-0.031304,0.01417,-0.00024756,0.22177,-0.23227,0.36834
9.8212,-0.45834,0.45169,0.029213,-0.0032195,-0.0082809,-0.22855,-0.059955,0.38315,0.3158,9.4039,2.8539,0.02068,0.012063,-0.022304,-0.34321,-0.27626,0.0876,3.3435,-7.113,5.711,-0.0018594,-0.021423,-0.012342,-0.2814,0.25682,0.19717,-9.0775,2.0945,-3.0246,-0.029903,0.022412,-0.0077349,0.27643,0.27316,-0.0043466,-8.7464,-1.9285,-3.9485,-0.010901,-0.038927,-0.027408,0.23273,-0.20462,0.39106
9.7755,-0.49515,0.48599,0.010021,0.054628,-0.01057,-0.20241,-0.054251,0.38423,0.27086,9.2935,2.8655,0.013867,0.010934,-0.0125,-0.34905,-0.28,0.090673,3.353,-7.0611,5.7768,-0.00028818,-0.022088,-0.020592,-0.24717,0.217,0.17812,-9.0705,2.1419,-2.9808,-0.010014,-0.017917,-0.015121,0.27247,0.27097,-0.017007,-8.7262,-1.9119,-3.9628,-0.034074,0.0025732,0.0042018,0.21809,-0.21396,0.37433
9.7841,-0.46895,0.50469,0.038613,0.024003,0.0049109,-0.19314,-0.049484,0.3931,0.25695,9.3761,2.8452,0.033524,0.0070317,0.0067844,-0.34854,-0.27396,0.081442,3.3577,-7.2299,5.7829,-0.0013525,-0.012869,0.005263,-0.25884,0.22934,0.18192,-9.0793,2.1467,-2.9665,-0.019737,0.012792,0.014773,0.26121,0.26474,-0.019874,-8.7561,-1.869,-3.9372,-0.028035,-0.014911,-0.0059383,0.21526,-0.20833,0.37721
9.8199,-0.47173,0.49689,0.013463,0.063936,0.011688,-0.21142,-0.067602,0.37042,0.29083,9.3689,2.8319,0.050184,-0.019976,0.020062,-0.32398,-0.26951,0.080617,3.4196,-7.263,5.825,-0.019726,0.00063761,-0.015958,-0.23642,0.21636,0.21221,-9.0976,2.0575,-2.9107,0.023507,0.010779,-0.034121,0.2547,0.25066,-0.021047,-8.7458,-2.017,-3.9297,-0.020336,0.0049179,0.005433,0.23662,-0.20739,0.36947
9.8061,-0.49547,0.50572,0.032526,0.063804,-0.020107,-0.18486,-0.041112,0.37113,0.17095,9.385,2.8171,0.015542,0.0090749,0.0074874,-0.33681,-0.27544,0.06562,3.4108,-7.1978,5.8241,-0.010185,-0.0019505,0.010814,-0.25572,0.21348,0.1912,-9.0708,2.1077,-2.9713,0.012133,-0.0092755,-0.0011145,0.23389,0.27692,-0.027524,-8.8089,-1.9539,-3.9084,-0.023162,0.00093973,0.013368,0.23792,-0.20382,0.34578
9.838,-0.37953,0.46997,0.028199,0.039232,-0.0097429,-0.17904,-0.049143,0.38779,0.21049,9.3559,2.8692,0.033781,-0.0081225,-0.005438,-0.33378,-0.26412,0.058567,3.3095,-7.2673,5.8027,0.0055665,0.018143,-0.0089541,-0.25478,0.21118,0.1925,-9.0737,2.145,-2.918,-0.0042436,0.023998,0.021473,0.23094,0.2865,-0.02271,-8.7595,-1.8833,-3.9337,-0.028557,-0.015379,0.0031873,0.22604,-0.21035,0.35265
9.8476,-0.52134,0.52532,0.0013897,0.079112,0.00066176,-0.16324,-0.05785,0.38405,0.16371,9.4017,2.8159,0.023013,0.025132,-0.0022188,-0.32314,-0.22416,0.049766,3.3274,-7.2329,5.7626,0.019919,0.014557,0.02636,-0.21719,0.2124,0.21062,-9.091,2.1516,-2.9585,0.027705,0.023817,0.027753,0.23458,0.30175,-0.023259,-8.7479,-1.9639,-3.9042,-0.009874,0.010919,-0.002396,0.22094,-0.20557,0.36477
9.839,-0.43017,0.39382,0.034905,0.086539,0.0016511,-0.16999,-0.047575,0.37542,0.18014,9.4159,2.8547,0.0083216,0.015868,0.022353,-0.30511,-0.2394,0.056734,3.3009,-7.2785,5.8169,0.0015407,0.029024,-0.0096834,-0.19838,0.21331,0.20614,-9.0615,2.1021,-2.8932,0.0453,0.028046,-0.024985,0.21663,0.26304,-0.023378,-8.7482,-1.9316,-3.956,0.015115,-0.016352,0.0071759,0.19821,-0.19377,0.36612
