8.9351,-0.15337,3.9936,-0.008847,0.026859,-0.010267,-0.43041,-0.048774,-0.70306,8.853,2.6284,3.0849,0.001344,-0.006235,-0.002217,-0.37271,-0.36112,-0.54569,8.6057,-3.7528,2.7808,0.008029,0.012456,-0.004567,-0.35291,0.42071,-0.53763,-9.5692,-1.9702,-0.78387,0.014585,0.006869,0.005951,0.69715,-0.2941,0.055811,-9.5313,2.0682,-0.85764,-0.003424,0.005929,-0.020024,0.68188,0.23764,0.25598
8.8978,-0.1678,3.9708,-0.008842,0.030486,-0.005728,-0.43165,-0.049022,-0.70324,8.8065,2.6284,3.0919,0.014028,0.000706,-0.013852,-0.37185,-0.36115,-0.54445,8.5741,-3.7623,2.7438,0.000935,0.003295,-0.005486,-0.35296,0.42283,-0.53872,-9.5844,-1.9327,-0.78422,0.011048,0.001599,0.004157,0.69715,-0.29552,0.05528,-9.5313,2.1131,-0.87994,0.010739,0.001011,-0.000195,0.68052,0.23829,0.25592
8.9576,-0.10912,4.0015,-0.012528,0.015231,-0.01113,-0.43187,-0.048446,-0.70478,8.8139,2.6476,3.1212,0.018244,-0.022195,-0.004223,-0.37137,-0.3627,-0.54558,8.5767,-3.8449,2.7453,-0.010342,0.010085,-0.020506,-0.35169,0.4212,-0.53886,-9.5847,-1.9025,-0.84429,0.009229,0.005122,0.006832,0.69566,-0.29517,0.056814,-9.5313,2.0682,-0.86512,0.014288,-0.010592,0.00153,0.6833,0.23793,0.25521
8.9575,-0.16822,3.9563,-0.001753,-0.004578,-0.011035,-0.4314,-0.047948,-0.70366,8.8997,2.633,3.1363,0.026439,-0.005414,-0.005966,-0.37055,-0.36284,-0.54514,8.5522,-3.7743,2.7095,-0.022343,0.016848,-0.001959,-0.35193,0.42252,-0.53853,-9.6141,-1.9628,-0.79979,0.012895,0.012172,0.00246,0.69636,-0.2953,0.056579,-9.5313,2.0682,-0.86512,0.00159,-0.006943,0.007013,0.68258,0.23858,0.25652
8.9727,-0.12377,3.9269,0.007346,0.010711,-0.001967,-0.43174,-0.048444,-0.70491,8.895,2.6666,3.1996,0.035406,-0.013483,-0.016748,-0.37179,-0.36341,-0.54375,8.6156,-3.8453,2.8388,-0.031781,0.013514,-0.020515,-0.35242,0.42307,-0.53819,-9.5613,-2.0675,-0.81363,0.017992,0.011264,0.014784,0.69623,-0.29531,0.056841,-9.5463,2.0682,-0.83548,0.019757,-0.006162,-0.002065,0.68188,0.23857,0.2561
8.9727,-0.079488,3.9719,0.003898,0.033843,-0.018483,-0.43119,-0.050049,-0.70488,8.856,2.5383,3.155,0.035812,0.014616,-0.036189,-0.3699,-0.36427,-0.54547,8.5766,-3.8426,2.848,-0.031103,0.006532,-0.009941,-0.35162,0.42356,-0.53752,-9.5694,-1.9476,-0.81392,0.01325,0.006858,-0.014341,0.69579,-0.29412,0.056817,-9.5386,2.1428,-0.82021,0.026972,0.010068,0.001638,0.68247,0.23872,0.25503
8.9427,-0.10897,3.9939,0.007403,0.026914,0.002525,-0.43129,-0.0502,-0.70419,8.8439,2.5599,3.2012,0.074984,0.018321,-0.009814,-0.37039,-0.366,-0.54507,8.5449,-3.8206,2.8324,-0.010172,0.017301,0.012178,-0.35202,0.42344,-0.53792,-9.5843,-1.9477,-0.79921,0.020414,0.006855,-0.016987,0.69611,-0.29442,0.057636,-9.5463,2.0833,-0.88027,0.023167,-0.003125,0.014227,0.68328,0.23913,0.25519
8.9726,-0.10907,3.9568,0.03376,0.030068,-0.016603,-0.43117,-0.051123,-0.70459,8.9243,2.7102,3.2097,0.057015,0.011288,-0.011447,-0.36946,-0.36711,-0.54276,8.5668,-3.8134,2.8131,-0.011576,0.026808,-0.006344,-0.35125,0.42341,-0.53788,-9.5847,-1.8727,-0.78429,0.012987,0.015677,-0.002791,0.69695,-0.29469,0.057543,-9.5162,2.1728,-0.87952,-0.003667,-0.011705,-0.00568,0.68377,0.23994,0.25465
8.9576,-0.10924,4.0313,0.016413,0.012419,-0.005605,-0.43042,-0.051694,-0.70345,8.9585,2.6716,3.1757,0.00706,0.012979,-0.028811,-0.36921,-0.36802,-0.54312,8.5669,-3.8668,2.8165,-0.022412,0.019622,0.000689,-0.35072,0.42484,-0.53751,-9.5845,-1.9103,-0.76924,-0.006421,0.010416,-0.009895,0.69628,-0.29394,0.058714,-9.5236,2.2177,-0.87953,0.003413,0.002939,0.007969,0.68296,0.23766,0.25426
8.9724,-0.12412,4.0164,0.025462,0.019677,0.006232,-0.42941,-0.051928,-0.70507,8.9218,2.6305,3.151,0.034618,0.004245,-0.012203,-0.36819,-0.3676,-0.54373,8.5742,-3.8669,2.8239,-0.002932,0.017237,0.007774,-0.35065,0.42458,-0.53852,-9.5994,-1.9179,-0.76953,-0.015159,0.00867,-0.016968,0.69713,-0.29538,0.058223,-9.5163,2.1055,-0.87223,-0.022804,0.004707,0.011664,0.68327,0.23873,0.25493
8.9428,-0.094184,4.0015,0.029059,0.011529,0.002621,-0.42773,-0.053827,-0.70443,8.8679,2.6427,3.1312,0.034032,0.028851,-0.027191,-0.36899,-0.36773,-0.54377,8.5473,-3.8303,2.8326,0.016738,0.007361,0.006006,-0.35044,0.42366,-0.53951,-9.5689,-2.0378,-0.76879,-0.008543,-0.008946,0.005826,0.69541,-0.29507,0.057604,-9.5313,2.1206,-0.89486,-0.010865,0.002651,-0.003749,0.68351,0.23672,0.25592
8.9429,-0.086716,3.9866,0.03903,0.01234,0.001719,-0.43002,-0.052095,-0.70357,8.885,2.633,3.1313,0.024722,0.011424,-0.00053,-0.3672,-0.36867,-0.5426,8.6009,-3.8306,2.8286,0.037081,-0.000445,0.01486,-0.35014,0.42351,-0.53872,-9.584,-2.0002,-0.78414,-0.004694,0.008653,-0.006397,0.69611,-0.29404,0.057903,-9.5237,2.1579,-0.86475,-0.018093,0.00262,-0.003736,0.68348,0.23819,0.25589
8.9877,-0.064789,3.9722,0.032688,0.010577,-0.000102,-0.43048,-0.054859,-0.70467,8.8995,2.6332,3.0925,0.038194,0.015835,-0.000616,-0.3658,-0.37185,-0.54167,8.596,-3.7504,2.7929,0.05596,-0.001371,0.007821,-0.34947,0.42284,-0.54046,-9.5915,-1.9928,-0.77679,-0.016701,0.005164,0.013875,0.69702,-0.29501,0.055673,-9.5088,2.113,-0.86462,-0.008163,0.002652,-0.003765,0.68226,0.23738,0.25559
8.9579,-0.06449,3.957,0.029057,0.006982,-0.001919,-0.42787,-0.055021,-0.70457,8.8898,2.6429,3.1022,0.037389,0.000608,-0.02381,-0.3665,-0.37039,-0.54213,8.6154,-3.6775,2.7479,0.037443,1.8e-05,-0.002782,-0.35043,0.42092,-0.54186,-9.5692,-1.9852,-0.78386,-0.00104,0.01216,-0.010782,0.69608,-0.29336,0.057499,-9.5313,2.0982,-0.87998,-0.005357,-0.01008,-0.013796,0.68387,0.23833,0.25563
8.9581,-0.049583,3.9347,0.030849,0.003391,-0.00099,-0.42895,-0.05555,-0.70433,8.8945,2.6696,3.0878,0.038929,0.011542,0.013587,-0.36728,-0.37172,-0.54215,8.5934,-3.6726,2.7524,0.013179,-0.007226,0.006001,-0.34925,0.42152,-0.54131,-9.5693,-1.9478,-0.76139,0.006351,0.012169,0.016582,0.69833,-0.29494,0.056807,-9.5162,2.1503,-0.8497,0.007171,0.000917,-0.003812,0.68281,0.23792,0.25587
8.973,-0.034973,3.9573,0.02534,-0.007257,0.003612,-0.43023,-0.057179,-0.70271,8.8773,2.6576,3.0585,0.023545,-0.011407,0.014475,-0.36662,-0.37315,-0.54235,8.6008,-3.6774,2.7232,-0.006294,-0.005752,-0.001081,-0.34922,0.4206,-0.54077,-9.5692,-1.9702,-0.78387,-0.010304,0.008661,0.005962,0.69747,-0.29466,0.056497,-9.5462,2.1132,-0.87272,-0.009034,-0.002791,-0.007401,0.68212,0.23845,0.2557
8.9878,-0.057262,3.9424,0.010898,-0.003667,-0.003719,-0.43151,-0.05688,-0.70346,8.8383,2.6816,3.1118,0.01998,-0.023916,0.000208,-0.36758,-0.37268,-0.5407,8.6276,-3.7311,2.7881,-0.023014,-0.015285,-0.011717,-0.34979,0.42142,-0.54172,-9.5841,-1.9927,-0.78415,0.00399,0.012169,0.003336,0.69702,-0.29424,0.055939,-9.5387,2.1132,-0.88006,-0.004295,0.014892,-0.01996,0.68217,0.23859,0.25462
8.9878,-0.064671,3.9423,0.009124,-0.001955,-0.011025,-0.42947,-0.055829,-0.70366,8.8604,2.696,3.1363,0.019852,-0.030915,0.008181,-0.36789,-0.37266,-0.54151,8.6228,-3.7797,2.7987,-0.026744,-0.00149,-0.004634,-0.35089,0.42066,-0.54073,-9.5694,-1.9327,-0.78392,0.00058,0.006881,-0.004631,0.69571,-0.2956,0.057754,-9.5388,2.0683,-0.87272,0.001947,0.006026,-0.016415,0.68241,0.23845,0.25598
8.9876,-0.079726,4.0019,-0.003416,0.029564,-0.007527,-0.42957,-0.056509,-0.7031,8.8726,2.725,3.156,0.012842,-0.016826,0.001207,-0.3686,-0.37336,-0.54022,8.5912,-3.8014,2.8255,-0.013066,-0.001733,-0.018761,-0.35061,0.42144,-0.54035,-9.5843,-1.9403,-0.77671,0.007156,0.006895,0.020076,0.69692,-0.29518,0.05674,-9.5462,2.0982,-0.86529,0.005463,-0.008226,-0.012899,0.68237,0.23899,0.25557
8.9653,-0.10889,3.9269,6.6e-05,-0.001881,-0.009218,-0.42764,-0.057597,-0.70302,8.88,2.7516,3.1853,-0.00136,-0.024065,-0.020049,-0.36957,-0.37099,-0.54058,8.5716,-3.7794,2.7979,-0.016577,0.012711,-0.022271,-0.35033,0.42274,-0.53986,-9.6145,-1.9028,-0.79986,0.012774,0.017458,0.007804,0.69651,-0.29583,0.056722,-9.5613,2.0685,-0.89551,0.014347,-0.000759,-0.0002,0.68229,0.23926,0.25461
8.9726,-0.094424,4.0017,-0.02978,0.003657,-0.01475,-0.43122,-0.057291,-0.70317,8.8826,2.7079,3.1802,-0.016822,-0.041597,-0.005794,-0.36953,-0.37206,-0.54003,8.557,-3.8037,2.8348,-0.011287,0.001932,-0.018761,-0.35,0.42195,-0.54085,-9.5695,-1.9326,-0.79893,0.00913,0.006879,0.011252,0.69607,-0.29594,0.0563,-9.5313,2.0832,-0.88002,0.001791,0.014366,-0.002796,0.68046,0.23897,0.25523
8.9579,-0.094039,3.9344,0.003718,0.012575,0.001668,-0.42973,-0.055701,-0.70339,8.9096,2.7247,3.2242,0.00858,-0.001924,-0.012897,-0.36936,-0.3722,-0.53949,8.6155,-3.799,2.7989,-0.034041,0.00864,0.00244,-0.3494,0.42243,-0.53916,-9.5992,-1.9627,-0.79949,-0.006788,0.028038,0.009628,0.69596,-0.297,0.056565,-9.5163,2.0832,-0.89471,0.007275,-0.001019,-0.011059,0.68261,0.23966,0.25529
9.0175,-0.087139,3.9424,0.006504,0.021443,-0.005655,-0.43055,-0.055825,-0.70343,8.8704,2.6717,3.1654,-0.004358,0.019875,-0.048258,-0.36982,-0.37112,-0.54046,8.5814,-3.8671,2.9072,-0.022135,0.019239,-0.01344,-0.35017,0.4222,-0.5392,-9.5841,-2.0002,-0.80665,0.002289,0.007767,-0.000227,0.69609,-0.29776,0.055903,-9.5762,2.0984,-0.88074,-0.001837,-0.002718,-0.005595,0.68148,0.24099,0.25483
8.9878,-0.057262,3.9424,0.009373,0.043696,-0.015781,-0.42976,-0.055552,-0.70395,8.8609,2.6084,3.2064,0.017812,0.022715,-0.021759,-0.36806,-0.37454,-0.54017,8.5522,-3.8426,2.899,0.012795,0.02592,0.021936,-0.34997,0.42273,-0.54035,-9.5697,-1.9025,-0.81397,0.004147,0.012157,-0.004589,0.6957,-0.29741,0.056955,-9.5463,2.0534,-0.88035,0.023435,-0.011633,-0.007537,0.68138,0.23978,0.25511
8.9655,-0.049732,3.9572,0.01112,0.037514,-0.007545,-0.42811,-0.055833,-0.70402,8.8727,2.7176,3.1827,0.01593,0.01836,-0.016415,-0.36721,-0.37463,-0.54143,8.5472,-3.7891,2.8784,0.033607,0.025735,0.007832,-0.34749,0.42263,-0.53945,-9.5995,-1.9027,-0.80707,0.004929,0.006892,-0.000213,0.69542,-0.29714,0.05694,-9.5313,2.0982,-0.87998,0.002561,0.002865,0.004361,0.68277,0.24166,0.25593
8.9654,-0.06458,3.9645,0.00577,0.059145,-0.001262,-0.42682,-0.056473,-0.70548,8.9141,2.7639,3.1369,-0.003728,0.025493,-0.014424,-0.36604,-0.37291,-0.5414,8.5717,-3.8401,2.8185,-0.008392,0.024584,0.012201,-0.34873,0.42163,-0.54103,-9.5995,-1.9175,-0.84457,-0.001172,0.035064,-0.002669,0.69462,-0.29717,0.057973,-9.5313,2.0906,-0.85011,-0.003493,0.007831,-0.014585,0.68296,0.24007,0.25462
9.0175,-0.10193,3.9348,0.000253,0.044892,0.002442,-0.42824,-0.056968,-0.70636,8.8823,2.7106,3.1268,-0.003726,0.021934,-0.016235,-0.3655,-0.37397,-0.54122,8.5327,-3.8424,2.8277,-0.004943,0.016601,0.018359,-0.34734,0.4229,-0.54138,-9.6218,-1.9179,-0.78499,-0.017391,0.008696,0.004209,0.69573,-0.29769,0.057492,-9.5312,2.1131,-0.87247,-0.007096,0.000612,-0.016434,0.68248,0.24046,0.25554
8.9577,-0.079545,4.0166,0.00202,0.034982,-0.001162,-0.42654,-0.057409,-0.70546,8.8309,2.7058,3.1167,0.002608,0.020069,-0.025199,-0.3645,-0.37589,-0.54258,8.5425,-3.8522,2.8623,0.018377,0.029339,0.011348,-0.34672,0.42315,-0.54186,-9.577,-1.9326,-0.81409,-0.006632,0.009537,0.00068,0.69485,-0.29725,0.056646,-9.5388,2.0609,-0.89515,-0.005287,0.00783,-0.014576,0.6822,0.24072,0.25539
8.9205,-0.064485,4.0313,0.021975,0.044757,0.003381,-0.42563,-0.058327,-0.70639,8.8234,2.7109,3.0851,0.01608,0.022692,-0.027076,-0.36252,-0.37457,-0.54223,8.5839,-3.8184,2.833,0.032556,0.016851,0.016653,-0.34558,0.42324,-0.54206,-9.6142,-1.9404,-0.7698,0.003728,-0.006293,0.012926,0.69645,-0.29823,0.057796,-9.5388,2.0459,-0.8653,-0.012552,-0.004746,-0.014641,0.68153,0.24072,0.25551
8.9205,-0.057076,4.0314,0.009266,0.043123,0.008843,-0.4248,-0.057806,-0.70622,8.8604,2.7009,3.1363,0.023005,0.014897,-0.007605,-0.36114,-0.37538,-0.54121,8.557,-3.7697,2.8415,0.04049,-0.001127,0.021921,-0.34596,0.42222,-0.54461,-9.5845,-1.9176,-0.80675,0.014368,0.018326,0.01663,0.69508,-0.29851,0.058534,-9.5313,2.0683,-0.88006,0.007211,0.003576,-0.005594,0.68206,0.24166,0.2555
8.9579,-0.027798,4.0468,0.00926,0.038586,0.003396,-0.42463,-0.058552,-0.70828,8.875,2.701,3.1097,0.006816,-0.002794,-0.0129,-0.36143,-0.37746,-0.54211,8.5666,-3.7114,2.8162,0.045216,-0.008683,0.009555,-0.34388,0.42082,-0.54395,-9.5696,-1.9026,-0.79896,-0.006993,0.007784,0.016557,0.69666,-0.29947,0.055667,-9.5463,2.0982,-0.87276,-0.003564,-0.001052,-0.01102,0.68142,0.24071,0.25577
8.9132,-0.027379,4.0315,0.011046,0.02863,-0.002036,-0.42348,-0.058458,-0.70726,8.8654,2.6862,3.1557,0.010407,0.00429,-0.009337,-0.36037,-0.37772,-0.54192,8.591,-3.7164,2.846,-0.006103,0.002146,-0.011672,-0.34351,0.42094,-0.54419,-9.5996,-1.8877,-0.81459,0.005554,0.020983,0.013124,0.69433,-0.29832,0.057293,-9.5313,2.0832,-0.86508,-0.003419,0.014929,-0.018155,0.68108,0.24165,0.25507
8.9579,-0.035148,4.0318,0.007469,0.044915,0.007013,-0.42377,-0.059114,-0.70755,8.8262,2.6863,3.1555,0.015606,0.000886,0.00749,-0.36249,-0.37773,-0.5423,8.5618,-3.7552,2.8805,-0.018643,0.011187,-0.009914,-0.34552,0.42195,-0.54587,-9.5997,-1.8876,-0.8296,-0.015901,0.015732,0.01838,0.69392,-0.30014,0.05701,-9.5313,2.0832,-0.86508,-0.012658,0.000813,-0.005564,0.68117,0.24138,0.25616
8.8983,-0.01985,4.0315,-0.001612,0.027737,-0.008435,-0.42257,-0.059504,-0.70832,8.841,2.6764,3.1823,0.010065,-0.007845,0.019051,-0.36144,-0.37706,-0.54225,8.5619,-3.8184,2.8938,-0.023139,0.01574,-0.00815,-0.34383,0.42135,-0.54537,-9.5997,-1.8727,-0.7996,0.000106,0.015713,0.017503,0.69421,-0.29976,0.05729,-9.5463,2.0533,-0.85794,-0.025027,0.001262,-0.025421,0.68063,0.24191,0.25626
8.9131,-0.049607,4.0314,0.00283,0.025264,0.010734,-0.42202,-0.059511,-0.7083,8.8507,2.7443,3.1948,0.008356,0.004527,0.018253,-0.36128,-0.37643,-0.54146,8.5157,-3.8667,2.8744,-0.009889,0.014236,-0.001089,-0.34321,0.42157,-0.5433,-9.5918,-1.9626,-0.81435,-3.9e-05,-0.007176,0.0235,0.69465,-0.30068,0.057314,-9.5614,2.0087,-0.88073,0.006496,0.009598,-0.018199,0.68168,0.24285,0.25601
8.928,-0.035115,4.0838,0.021845,0.023311,0.007125,-0.42216,-0.059776,-0.70831,8.8408,2.7637,3.1875,0.008411,0.00269,0.01024,-0.36113,-0.37827,-0.54155,8.5133,-3.8764,2.8672,-0.002957,-0.009056,0.010351,-0.34556,0.4222,-0.54421,-9.6146,-1.8877,-0.8299,0.000141,-0.004529,0.01471,0.69368,-0.30147,0.057537,-9.5314,2.0534,-0.8801,-0.003309,0.005765,-0.028165,0.679,0.24483,0.25669
8.8981,-0.064364,4.0461,0.010968,0.021598,0.008936,-0.41934,-0.059774,-0.70944,8.8114,2.7686,3.1752,0.026268,0.000933,0.014525,-0.36064,-0.37772,-0.54206,8.5083,-3.8521,2.8667,0.00608,-0.001861,0.004195,-0.34501,0.42151,-0.54352,-9.6147,-1.8503,-0.79993,-0.008533,-0.012445,0.003193,0.69294,-0.30155,0.056565,-9.5388,2.0832,-0.85773,0.001043,-0.001186,-0.01827,0.67965,0.24415,0.25808
8.9205,-0.020325,4.1063,0.021823,0.025202,0.014414,-0.4192,-0.060775,-0.71191,8.8311,2.7709,3.2021,0.010078,-0.000759,0.020878,-0.36148,-0.38013,-0.54101,8.5278,-3.8692,2.9113,0.025696,-0.012602,0.005081,-0.34309,0.42199,-0.546,-9.5997,-1.88,-0.84462,-0.012378,0.006925,0.019202,0.69219,-0.3033,0.054659,-9.5164,2.0533,-0.87985,-0.019619,0.016603,-0.020823,0.67902,0.24336,0.25672
8.9425,-0.15352,4.016,0.018169,0.016238,0.014441,-0.42126,-0.060552,-0.70951,8.8506,2.7951,3.1999,0.030729,-0.009742,0.00644,-0.3615,-0.37815,-0.54105,8.5327,-3.8133,2.837,0.001224,-0.012317,0.023609,-0.34412,0.42293,-0.54364,-9.5995,-1.9027,-0.79956,-0.008628,0.001635,0.009456,0.69368,-0.3034,0.056604,-9.5688,2.0386,-0.88077,-0.000491,0.01462,-0.034427,0.67865,0.24375,0.25724
8.9576,-0.065022,4.0913,0.039734,-0.005231,0.027338,-0.42123,-0.0611,-0.70895,8.8216,2.7004,3.2309,0.008406,-0.008894,0.001276,-0.36195,-0.37813,-0.542,8.5668,-3.8889,2.9269,0.002639,-0.019341,-0.001132,-0.34274,0.42301,-0.54421,-9.5993,-1.9329,-0.76951,-0.010373,0.021003,0.009587,0.69295,-0.30363,0.056035,-9.5164,2.0533,-0.89479,-0.007007,0.019395,-0.018122,0.67781,0.24361,0.25681
8.9355,-0.049728,4.0166,0.021831,0.028835,0.019866,-0.42082,-0.060572,-0.70894,8.8119,2.6157,3.2037,0.012231,0.02203,0.001395,-0.36124,-0.37854,-0.54116,8.562,-3.8863,2.8754,0.030116,-0.016143,0.007737,-0.34373,0.42068,-0.54356,-9.5695,-1.9326,-0.80643,0.000287,0.01041,0.009511,0.69197,-0.30309,0.05612,-9.5765,1.919,-0.85134,0.001938,0.013243,-0.014535,0.67991,0.24401,0.25971
8.8682,-0.079001,4.0607,0.025425,0.023426,0.019889,-0.421,-0.060681,-0.70977,8.7946,2.6473,3.1892,0.047872,0.022153,0.020665,-0.36132,-0.37975,-0.54048,8.5253,-3.7938,2.8464,0.048434,-0.017284,0.027185,-0.34364,0.42081,-0.54419,-9.6153,-1.7527,-0.81505,-0.003584,-0.01244,0.019978,0.69282,-0.30467,0.055897,-9.5389,2.0236,-0.91767,0.011113,0.01667,-0.023601,0.67878,0.24694,0.25948
8.9279,-0.064545,4.0314,0.034443,0.014384,0.018121,-0.41972,-0.062717,-0.70888,8.875,2.7445,3.1415,0.028113,0.019602,0.025287,-0.35972,-0.38105,-0.54037,8.5326,-3.7452,2.8065,-0.0064,-0.01288,0.004176,-0.34468,0.42138,-0.54452,-9.6529,-1.678,-0.78587,-0.019293,-0.003605,0.005938,0.69184,-0.30466,0.05585,-9.5613,2.0535,-0.88061,-0.005125,0.014785,-0.025373,0.67817,0.24601,0.2584
8.9277,-0.079659,4.1059,0.018088,-0.001733,0.009051,-0.4211,-0.062564,-0.70907,8.8776,2.6862,3.1558,0.019152,0.004491,0.014602,-0.36119,-0.38014,-0.5406,8.5472,-3.7696,2.8218,-0.004666,-0.003732,0.005964,-0.34409,0.42163,-0.54552,-9.6146,-1.8729,-0.77739,-0.001782,-0.010682,0.019967,0.69222,-0.30359,0.055331,-9.5615,1.964,-0.92568,-0.006893,0.014745,-0.027175,0.67717,0.24693,0.2597
8.9126,-0.11658,4.1056,0.031712,0.013532,0.019033,-0.42139,-0.061887,-0.70936,8.8163,2.7203,3.1434,0.031558,-0.009653,0.017086,-0.36105,-0.37936,-0.54021,8.5376,-3.8473,2.867,-0.032905,-0.008888,-0.00822,-0.34456,0.42164,-0.54478,-9.6005,-1.7226,-0.81479,-0.035207,-0.008896,0.002358,0.692,-0.30456,0.053181,-9.5466,1.9341,-0.93298,-0.003293,0.018376,-0.025356,0.6779,0.24746,0.26052
8.9127,-0.10918,4.1056,0.017317,0.028811,0.014388,-0.42189,-0.063107,-0.70841,8.7846,2.7008,3.1602,0.035207,-0.004398,0.013519,-0.36183,-0.38067,-0.54036,8.5571,-3.8961,2.9049,0.03122,-0.011863,-0.002854,-0.34458,0.42112,-0.54515,-9.6603,-1.6931,-0.771,-0.04118,-0.012361,0.03058,0.69222,-0.30708,0.05052,-9.5466,1.934,-0.91056,-0.010398,0.001958,-0.038111,0.67521,0.24717,0.26057
8.9128,-0.109,4.0608,0.014599,0.032485,0.020751,-0.41985,-0.063248,-0.70888,8.8164,2.7563,3.2044,0.029526,-0.027241,0.027686,-0.36051,-0.38008,-0.53779,8.5571,-3.8863,2.8753,0.016766,-0.012661,0.005962,-0.34492,0.42165,-0.54429,-9.5911,-2.0827,-0.7992,-0.00551,-0.002764,0.031448,0.691,-0.30659,0.051933,-9.5616,1.9343,-0.96312,-0.005068,0.010236,-0.029018,0.67615,0.24784,0.26059
8.9724,-0.087428,4.1062,0.01817,0.016226,0.010802,-0.42097,-0.063628,-0.7092,8.8507,2.778,3.229,0.005429,-0.02373,0.020799,-0.3619,-0.38058,-0.53918,8.5522,-3.862,2.8822,0.015764,-0.017988,0.011249,-0.34443,0.41992,-0.54472,-9.6227,-1.7528,-0.80019,0.022547,-0.006317,0.00414,0.69112,-0.30851,0.054085,-9.5689,1.9938,-0.90331,0.003955,0.014749,-0.029008,0.67421,0.24796,0.25998
8.9426,-0.08707,4.0761,0.005477,0.009071,0.006252,-0.42042,-0.063768,-0.70917,8.8461,2.7825,3.297,0.01649,-0.000951,0.001269,-0.36262,-0.3818,-0.53814,8.5863,-3.8378,2.8358,0.038156,0.002068,0.00603,-0.34494,0.421,-0.54465,-9.6607,-1.6181,-0.75608,-0.005641,0.00168,0.031579,0.69175,-0.30884,0.052242,-9.5615,1.9416,-0.92574,0.023657,0.009664,-0.018238,0.67496,0.24943,0.26119
8.8979,-0.09409,4.0683,5.3e-05,0.005428,-0.000129,-0.42156,-0.063466,-0.71005,8.8168,2.7873,3.3115,0.019181,0.002586,0.00304,-0.36247,-0.3805,-0.53763,8.5546,-3.8061,2.8226,0.004201,-0.013575,0.009486,-0.34522,0.41903,-0.54512,-9.6146,-1.8653,-0.79991,-0.0024,-0.01157,0.007608,0.69049,-0.30922,0.052183,-9.5691,1.9043,-0.94091,0.0111,0.01851,-0.021762,0.67574,0.24971,0.26081
8.9575,-0.094599,4.0762,0.001888,0.01081,-0.000143,-0.42015,-0.064563,-0.70943,8.8118,2.7778,3.2798,-0.021165,-0.009751,0.000636,-0.36288,-0.38206,-0.53815,8.5668,-3.8231,2.8328,0.016946,-0.009247,-0.002854,-0.34613,0.4192,-0.54543,-9.6306,-1.663,-0.76293,0.006497,0.003419,0.046582,0.68945,-0.30889,0.050928,-9.5766,1.8895,-0.95602,0.009228,0.019514,-0.01632,0.67493,0.2509,0.26103
8.9278,-0.079541,4.0761,6.6e-05,0.007208,-0.001957,-0.41792,-0.06367,-0.7088,8.8313,2.7343,3.2408,-0.029022,0.006106,-0.007221,-0.36269,-0.38032,-0.5391,8.5912,-3.8184,2.8453,-0.007739,-0.023453,-0.016152,-0.34463,0.42047,-0.54603,-9.645,-1.7531,-0.75562,0.014003,0.01925,0.030792,0.68934,-0.31073,0.050927,-9.5916,1.9194,-0.9562,0.014641,0.015038,-0.017262,0.67341,0.2517,0.2607
8.898,-0.064453,4.0685,-0.001692,0.021622,0.003448,-0.42022,-0.063862,-0.71068,8.8508,2.7054,3.1995,-0.012926,0.009692,-0.000223,-0.36212,-0.38296,-0.53888,8.5838,-3.8088,2.8842,-0.011572,-0.015004,-0.004659,-0.3466,0.41777,-0.54465,-9.6148,-1.8353,-0.79994,0.016169,0.001614,0.013002,0.68997,-0.31183,0.052164,-9.6067,1.8224,-0.95671,0.009252,0.011383,-0.019976,0.67375,0.25116,0.26153
8.9055,-0.064483,4.0611,-0.010722,0.025247,0.001596,-0.41924,-0.063751,-0.71023,8.8214,2.6862,3.1676,-0.00567,0.011377,-0.008285,-0.36138,-0.37978,-0.53917,8.5643,-3.8183,2.8669,-0.005163,0.004842,-0.013449,-0.3461,0.41933,-0.54479,-9.6458,-1.603,-0.7708,0.015698,0.013969,0.03255,0.68908,-0.31126,0.051183,-9.5766,1.9493,-0.9708,0.00741,0.006027,-0.018217,0.67352,0.25237,0.26055
8.8982,-0.064157,3.9939,-0.016111,0.032435,0.001554,-0.41786,-0.061904,-0.71005,8.836,2.7346,3.1947,-0.04,-0.023887,-0.003734,-0.36257,-0.38005,-0.53936,8.5717,-3.8329,2.8453,-0.014849,-0.000835,-0.01877,-0.34607,0.41866,-0.54426,-9.6453,-1.7079,-0.78569,0.000504,-0.007137,0.035909,0.68889,-0.31225,0.05305,-9.5767,1.8821,-0.97099,0.01645,0.002438,-0.020069,0.67361,0.25222,0.26164
8.9575,-0.10936,4.0612,-0.03342,0.002821,-0.012926,-0.41877,-0.062383,-0.71174,8.8433,2.6984,3.1459,-0.036314,-0.023969,-0.013551,-0.36161,-0.37921,-0.54077,8.5424,-3.8084,2.8273,0.002715,0.012383,-0.006364,-0.34573,0.41879,-0.54514,-9.6301,-1.753,-0.75532,0.014144,0.012196,0.023684,0.6883,-0.3139,0.051822,-9.5768,1.8373,-0.98605,0.016552,0.002292,-0.027305,0.67387,0.25276,0.26164
8.9278,-0.07957,4.0835,-0.015197,0.027837,-0.009362,-0.41802,-0.062687,-0.7106,8.8707,2.6954,3.2603,-0.031048,-0.018572,-0.00022,-0.36201,-0.37843,-0.54081,8.6009,-3.8137,2.8674,-0.036445,0.017344,-0.011682,-0.34459,0.4198,-0.54524,-9.6458,-1.603,-0.7633,0.000106,0.008696,0.0131,0.68725,-0.3133,0.053777,-9.5466,1.9641,-0.97026,0.018399,0.009422,-0.029089,0.67205,0.25462,0.26114
8.9875,-0.065085,4.0468,-0.014128,0.050079,-0.022219,-0.41651,-0.061971,-0.71303,8.8264,2.6571,3.1748,-0.028748,0.004088,-0.036591,-0.3621,-0.37786,-0.54227,8.5644,-3.8986,2.9099,-0.006178,0.028589,-0.008994,-0.3452,0.41995,-0.54477,-9.6453,-1.693,-0.76319,0.025426,-0.005409,0.034163,0.68866,-0.31566,0.053048,-9.5919,1.7552,-0.98653,0.003989,0.010244,-0.030829,0.67286,0.25463,0.26116
8.883,-0.093999,4.0756,-0.018666,0.046483,-0.024044,-0.41566,-0.061992,-0.71259,8.7973,2.6712,3.2525,-0.011176,0.000796,-0.003854,-0.36117,-0.37746,-0.5421,8.5132,-3.8521,2.901,0.013161,0.005514,0.005985,-0.34376,0.42029,-0.54419,-9.623,-1.7077,-0.81525,0.021893,0.006906,0.035124,0.687,-0.31604,0.05337,-9.5918,1.7925,-0.97148,0.029168,-0.003035,-0.027363,0.67299,0.25623,0.26127
8.8979,-0.079419,4.1057,-0.012416,0.043089,-0.00669,-0.41474,-0.061983,-0.71324,8.8409,2.783,3.2144,-0.027245,0.008796,-0.003657,-0.3626,-0.37761,-0.54191,8.4863,-3.7888,2.8701,-0.004753,0.027256,0.007774,-0.34452,0.41955,-0.54638,-9.6459,-1.5806,-0.74081,0.02102,0.015725,0.032569,0.68698,-0.3168,0.052702,-9.5916,1.9194,-0.9562,0.036326,0.010581,-0.020058,0.67213,0.2557,0.26058
8.9575,-0.065258,4.151,-0.008691,0.060038,-0.013133,-0.41334,-0.062473,-0.71539,8.8825,2.7636,3.2097,-0.024503,0.011422,-0.007218,-0.35996,-0.37622,-0.5439,8.5279,-3.9153,2.873,-0.001823,0.020619,-0.002834,-0.34327,0.42014,-0.54454,-9.676,-1.558,-0.78647,0.013728,0.00695,0.040452,0.68448,-0.31692,0.053252,-9.577,1.7253,-1.0162,0.020146,0.005949,-0.024572,0.67037,0.25675,0.26064
8.9572,-0.12453,4.1506,-0.019632,0.057632,0.003277,-0.41237,-0.062091,-0.71508,8.8505,2.7904,3.1756,-0.01281,0.018477,-0.00728,-0.35888,-0.37714,-0.54356,8.5133,-3.8617,2.8425,-0.004973,0.025724,0.019254,-0.34353,0.42096,-0.54701,-9.6608,-1.603,-0.77111,-0.005609,0.008721,0.030748,0.68618,-0.31941,0.05267,-9.6068,1.8151,-1.0016,0.02576,0.021869,-0.036227,0.6725,0.25744,0.26042
8.8383,-0.049478,4.1502,-0.008795,0.051258,0.003309,-0.41092,-0.061141,-0.71627,8.7871,2.7562,3.2236,-0.018129,0.009497,-0.021525,-0.36022,-0.3774,-0.54389,8.4889,-3.8885,2.933,0.008046,-0.004805,-0.004651,-0.3422,0.42064,-0.54617,-9.6455,-1.6482,-0.72572,0.01227,0.000767,0.025392,0.68453,-0.32007,0.053396,-9.5768,1.8598,-1.0159,0.007566,-0.00319,-0.030939,0.67083,0.25808,0.26171
8.8458,-0.03472,4.1504,-0.019732,0.030605,-0.005735,-0.41094,-0.060067,-0.71655,8.7628,2.715,3.233,-0.032488,0.004203,-0.021445,-0.35892,-0.37607,-0.54411,8.4839,-3.8472,2.9445,0.002595,0.005247,-0.001102,-0.34167,0.42049,-0.54588,-9.6227,-1.7379,-0.7852,0.003755,0.015718,0.011355,0.68458,-0.32115,0.054204,-9.5917,1.8598,-1.0012,0.006594,-0.000391,-0.025484,0.67036,0.25929,0.26099
8.9348,-0.08025,4.2403,-0.012493,0.036045,-0.000265,-0.40903,-0.061414,-0.71674,8.8218,2.6856,3.2819,-0.005624,0.00772,-0.019861,-0.35742,-0.37602,-0.54547,8.5278,-3.867,2.9944,-0.008345,0.006315,0.009496,-0.34144,0.42061,-0.54625,-9.6607,-1.6107,-0.74108,0.025047,0.006911,0.010442,0.6851,-0.32138,0.053159,-9.5919,1.7701,-0.97902,0.007486,0.022129,-0.019905,0.67257,0.26024,0.26186
8.8678,-0.050132,4.2549,-0.017752,0.066475,-0.00588,-0.40997,-0.059215,-0.71887,8.8243,2.7243,3.3112,0.008747,0.033452,-0.005609,-0.35828,-0.37586,-0.54671,8.5424,-3.906,3.0246,-0.006429,0.017962,0.002456,-0.34118,0.4206,-0.54624,-9.6911,-1.5206,-0.7718,0.003791,0.017513,0.007003,0.684,-0.32165,0.053642,-9.6144,1.7404,-1.0019,0.014661,0.013238,-0.018162,0.66972,0.25941,0.26151
8.8082,-0.06444,4.2469,-0.006945,0.05657,-0.002182,-0.40585,-0.059924,-0.71883,8.7581,2.7582,3.3255,0.00681,0.021113,-0.00033,-0.35616,-0.37481,-0.54622,8.4596,-3.92,2.9698,-0.020305,0.038491,0.025421,-0.33994,0.42135,-0.54697,-9.6312,-1.5504,-0.77807,0.010507,0.014845,0.025507,0.68425,-0.32136,0.052984,-9.607,1.7256,-1.0541,0.009345,0.001383,-0.027276,0.6691,0.26047,0.26241
8.8453,-0.079707,4.2844,0.003822,0.040427,0.001556,-0.40453,-0.060042,-0.71988,8.736,2.7897,3.3158,-0.00735,0.01651,-0.023357,-0.35582,-0.37635,-0.54749,8.4256,-3.9368,2.9549,0.011112,0.02583,0.017472,-0.33939,0.42172,-0.54631,-9.6615,-1.468,-0.77127,0.019435,-0.003637,0.020985,0.68492,-0.32251,0.055161,-9.5994,1.7703,-1.0165,0.009853,0.002867,0.001672,0.66877,0.26047,0.26159
8.8006,-0.079347,4.2841,-0.001648,0.044226,0.016119,-0.40305,-0.060707,-0.72051,8.7948,2.7969,3.3308,-0.01555,0.025572,-0.00011,-0.35525,-0.37519,-0.54642,8.445,-3.8834,2.9054,0.009161,0.013309,0.026287,-0.33906,0.42185,-0.54732,-9.6608,-1.603,-0.77861,0.012719,-0.007163,0.004166,0.68295,-0.32221,0.055065,-9.5843,1.8449,-1.016,0.006461,0.002518,-0.014613,0.66919,0.26181,0.26199
8.7931,-0.079316,4.2915,0.005646,0.051299,0.01245,-0.40224,-0.060442,-0.72076,8.7973,2.7824,3.3259,0.010617,0.03246,-0.017186,-0.35456,-0.37592,-0.54835,8.4474,-3.898,2.935,-0.019306,0.018407,0.021848,-0.3375,0.42205,-0.54686,-9.6609,-1.573,-0.77114,-0.008199,-0.003626,-0.015216,0.68321,-0.3231,0.054277,-9.6069,1.7479,-1.0167,-0.005402,-2.3e-05,-0.005542,0.66886,0.26221,0.26129
8.7853,-0.11651,4.3434,0.002909,0.052294,0.017915,-0.40122,-0.060683,-0.72209,8.7776,2.7365,3.2867,0.025895,0.027059,-0.026243,-0.35291,-0.37594,-0.54707,8.4353,-3.9393,2.9502,-0.022745,0.009147,0.016518,-0.33538,0.4225,-0.54791,-9.6539,-1.4979,-0.78609,-0.003264,0.006939,0.003402,0.6829,-0.32217,0.053992,-9.592,1.7105,-1.0165,0.014595,0.009739,-0.013671,0.66949,0.26208,0.26253
8.7181,-0.16766,4.2978,0.029028,0.023423,0.019888,-0.40218,-0.060672,-0.72213,8.6993,2.7269,3.2667,0.046502,0.035908,-0.020157,-0.35262,-0.37759,-0.54939,8.428,-3.9296,2.9744,-0.001346,-0.013368,0.018261,-0.33641,0.42268,-0.5481,-9.6614,-1.4905,-0.77124,-0.020987,0.010486,0.000781,0.68375,-0.32309,0.053767,-9.6069,1.7704,-1.039,-0.012547,-0.001055,-0.010959,0.66865,0.26234,0.26209
8.8375,-0.12422,4.3139,0.021877,0.032285,0.005262,-0.40014,-0.060817,-0.72246,8.7432,2.7101,3.2329,0.017713,0.023651,-0.012867,-0.35121,-0.37894,-0.54784,8.4987,-3.9689,3.0397,0.020388,-0.012725,0.002405,-0.33633,0.42136,-0.54908,-9.6613,-1.513,-0.77872,-0.009268,-9.8e-05,-0.007238,0.68241,-0.32197,0.052228,-9.5994,1.7703,-1.0314,-0.00518,0.007748,-0.019967,0.66815,0.26301,0.26099
8.7927,-0.18284,4.2386,0.027253,0.016953,0.003501,-0.40163,-0.061344,-0.72211,8.7874,2.6786,3.2281,0.058707,-0.001117,-0.010666,-0.35029,-0.37932,-0.54791,8.5205,-3.8572,2.9696,0.009539,0.006426,0.007749,-0.33613,0.42108,-0.54753,-9.6836,-1.5282,-0.76414,-0.013807,0.012246,-0.00186,0.68249,-0.32334,0.053707,-9.6069,1.7403,-0.99429,-0.023375,-0.004719,-0.012764,0.66741,0.26245,0.26353
8.8078,-0.12392,4.2988,0.038031,0.005319,0.009045,-0.40053,-0.062423,-0.72205,8.7631,2.7098,3.2962,0.055252,0.016524,-0.013209,-0.35019,-0.38173,-0.54654,8.5133,-3.9934,3.0942,-0.011721,0.027831,-0.00108,-0.33464,0.42248,-0.54851,-9.6761,-1.543,-0.80149,-0.020151,0.010492,0.004299,0.68216,-0.32329,0.052621,-9.6221,1.6509,-1.0471,-0.014192,0.006808,-0.020841,0.6678,0.26247,0.26166
8.7781,-0.086605,4.2913,0.043671,0.038307,-0.001123,-0.40165,-0.063199,-0.72251,8.7192,2.6419,3.3053,0.067707,0.004117,-0.013394,-0.34964,-0.38279,-0.54623,8.4353,-3.9442,2.9943,0.025782,0.016367,-0.001076,-0.33591,0.42095,-0.54828,-9.6305,-1.6928,-0.81542,-0.005006,0.003405,0.004218,0.68248,-0.32359,0.05344,-9.5844,1.7328,-1.0014,-0.005436,-0.002682,-0.00376,0.66831,0.26087,0.2609
8.7631,-0.10874,4.2985,0.043616,0.026641,-0.001987,-0.39956,-0.064966,-0.722,8.6651,2.7968,3.3567,0.094207,-0.009853,0.011224,-0.34917,-0.38413,-0.54512,8.3939,-3.9148,2.9443,0.034605,0.012965,0.004218,-0.33521,0.42067,-0.54964,-9.6462,-1.5429,-0.77838,-0.006368,-0.01332,-0.018808,0.68327,-0.32303,0.052406,-9.6072,1.606,-1.0245,0.008918,0.002923,0.004398,0.66779,0.26233,0.26139
8.8452,-0.079825,4.3143,0.04542,0.013896,-0.018336,-0.40029,-0.067468,-0.72283,8.7849,2.9082,3.3896,0.078183,-0.006359,0.000741,-0.35098,-0.38606,-0.54255,8.489,-3.993,2.9471,0.045914,0.014107,-0.024009,-0.33507,0.41989,-0.55192,-9.6765,-1.468,-0.80158,-0.015309,0.008715,-0.01511,0.68241,-0.32366,0.051831,-9.6218,1.8152,-1.0168,-0.005331,-0.000129,-0.010966,0.66684,0.26339,0.26161
8.8229,-0.050067,4.3292,0.057998,0.006849,-0.001873,-0.3984,-0.067538,-0.72096,8.763,2.8862,3.4137,0.089385,0.025198,-0.025865,-0.34917,-0.38767,-0.54097,8.445,-3.937,2.9846,0.027673,-0.005541,-0.004648,-0.33516,0.41844,-0.55124,-9.6613,-1.5129,-0.80873,-0.002058,-0.003632,-0.011676,0.68325,-0.32224,0.052135,-9.6069,1.7404,-1.0167,-0.01539,0.004532,-6e-05,0.66866,0.26193,0.26224
8.7782,-0.064407,4.2989,0.053516,0.002169,-0.018281,-0.39764,-0.070974,-0.72229,8.724,2.8982,3.4426,0.083742,0.00409,-0.013487,-0.34858,-0.3894,-0.54011,8.4816,-3.9543,3.0588,0.047164,0.000193,0.000692,-0.33363,0.41707,-0.55138,-9.6759,-1.5731,-0.77144,-0.004765,0.013986,-0.008034,0.68433,-0.32183,0.051383,-9.622,1.6508,-1.0172,-0.008063,0.007105,-0.007286,0.66737,0.26165,0.26287
8.7931,-0.027776,4.3739,0.052659,0.02661,-0.001965,-0.39958,-0.071211,-0.72264,8.6799,2.8403,3.3935,0.075057,0.014531,-0.032939,-0.34805,-0.39097,-0.54032,8.4741,-3.8886,3.0404,0.046347,0.007355,-0.003705,-0.3347,0.41685,-0.55233,-9.6536,-1.5505,-0.77102,0.007875,0.008672,-0.017772,0.68476,-0.32197,0.051538,-9.5995,1.7104,-1.0017,-0.005676,-0.01762,0.01062,0.66793,0.26232,0.26328
8.7932,-0.005548,4.374,0.042703,0.013899,-0.020163,-0.39731,-0.073532,-0.72143,8.7191,2.8547,3.4278,0.05324,0.000641,-0.007926,-0.3469,-0.39259,-0.53877,8.4766,-3.9056,3.0334,0.041098,0.016269,-0.008993,-0.33562,0.41689,-0.55263,-9.6464,-1.5128,-0.81594,-0.004628,0.006925,-0.015133,0.68352,-0.32223,0.052014,-9.607,1.6657,-1.0169,0.003488,0.00292,0.005313,0.66838,0.26354,0.26233
8.7711,0.053906,4.3743,0.038156,0.010344,-0.020154,-0.39909,-0.074586,-0.72122,8.7335,2.9179,3.3942,0.064019,0.011284,-0.003502,-0.34628,-0.39498,-0.53764,8.4352,-3.9054,3.0034,0.020365,0.002769,0.002426,-0.33439,0.41514,-0.5538,-9.6308,-1.6327,-0.81549,0.022093,0.017444,-0.015083,0.68392,-0.32299,0.051098,-9.607,1.6507,-0.98707,0.007901,-0.007728,0.009755,0.66683,0.26244,0.26311
8.8084,0.068306,4.4045,0.020054,0.023199,-0.007461,-0.39679,-0.076722,-0.72193,8.7237,2.9106,3.3941,0.048745,0.011356,0.002846,-0.34634,-0.39686,-0.53655,8.4206,-3.8858,2.9784,0.003577,0.02151,-0.006389,-0.33407,0.41553,-0.55495,-9.6459,-1.6104,-0.80081,0.020447,0.022732,-0.021217,0.68464,-0.3216,0.052066,-9.5694,1.785,-1.001,0.0105,-0.000356,0.019724,0.66791,0.26192,0.26302
8.7935,0.068485,4.3895,0.008278,0.025112,-0.003839,-0.39607,-0.075945,-0.72136,8.7506,2.9372,3.409,0.024485,-0.002769,0.000312,-0.34555,-0.39659,-0.53651,8.4084,-3.8906,2.9734,-0.001907,-0.001974,0.001502,-0.33432,0.41515,-0.55482,-9.6758,-1.603,-0.80142,0.02753,-0.00367,-0.02228,0.68546,-0.32055,0.051835,-9.6219,1.7405,-1.0319,0.005935,0.005133,0.025224,0.66856,0.26165,0.26439
8.8158,0.082946,4.4345,0.000119,0.023371,-0.005662,-0.39621,-0.075277,-0.72137,8.7335,2.9565,3.4284,0.026209,-0.000941,0.00831,-0.34556,-0.39829,-0.53701,8.4011,-3.8906,3.0124,-0.00283,-0.000143,0.002385,-0.3338,0.4146,-0.55478,-9.6765,-1.4531,-0.75658,0.02008,0.008676,-0.008044,0.68334,-0.3209,0.051467,-9.5771,1.6506,-1.0164,0.012338,0.000514,0.017925,0.67083,0.26142,0.26218
8.6892,0.054596,4.3662,-0.010794,0.019952,0.005265,-0.39808,-0.076615,-0.72047,8.7434,2.9564,3.4479,0.003074,-0.006399,-0.012867,-0.34769,-0.39816,-0.53753,8.4352,-3.9079,3.0548,-0.009783,-0.004088,-0.006456,-0.33391,0.4146,-0.55427,-9.6533,-1.5881,-0.74096,0.026654,-0.005439,-0.024052,0.68574,-0.31991,0.052115,-9.5919,1.8002,-1.0537,0.013087,-0.003738,0.028749,0.66874,0.26019,0.26294
8.7487,0.031858,4.3739,-0.014449,-0.003603,-0.017433,-0.39724,-0.076432,-0.72265,8.7213,2.9227,3.4038,-0.038224,-0.013336,-0.003681,-0.34635,-0.39777,-0.53693,8.4594,-3.8424,3.0418,0.001493,-0.007249,0.008578,-0.3343,0.41448,-0.55441,-9.6529,-1.6631,-0.74087,0.016955,0.006895,-0.025747,0.68513,-0.31934,0.051281,-9.5918,1.86,-1.0535,-0.007761,0.003522,0.036987,0.67058,0.26075,0.26232
8.8083,0.038728,4.3894,-0.023539,-0.0016,-0.007415,-0.3979,-0.076439,-0.72212,8.7335,2.8454,3.3452,-0.055281,-0.01501,0.003554,-0.34739,-0.39608,-0.53636,8.5154,-3.804,3.0958,-0.040088,-0.006266,-0.009113,-0.33367,0.41644,-0.5547,-9.6607,-1.5882,-0.7261,0.020176,0.004264,-0.011631,0.68659,-0.32006,0.05229,-9.607,1.7107,-1.0541,0.001295,0.000816,0.034246,0.67117,0.26062,0.26302
8.7187,0.017221,4.3886,-0.026285,-0.012429,-0.012854,-0.39837,-0.075809,-0.72062,8.7086,2.9039,3.27,-0.007779,-0.015992,-0.002176,-0.34796,-0.39554,-0.5372,8.4984,-3.8135,3.0615,-0.038013,0.00613,-0.023221,-0.33434,0.41645,-0.55268,-9.6758,-1.5733,-0.72642,0.024062,-0.012468,-0.028509,0.6861,-0.31921,0.050926,-9.5918,1.8525,-1.0535,0.004761,-0.006162,0.043223,0.67062,0.25888,0.26263
8.7786,0.083365,4.4044,-0.041657,-0.011485,-0.019254,-0.40063,-0.075354,-0.72182,8.7181,2.9477,3.2387,-0.030445,-0.052162,0.000492,-0.34802,-0.3942,-0.53802,8.4643,-3.8522,3.0763,-0.013152,0.001053,-0.017034,-0.33478,0.41713,-0.55375,-9.6606,-1.6182,-0.74107,0.032948,0.008639,-0.025724,0.68626,-0.31768,0.052001,-9.562,1.7553,-1.0682,-0.00068,-0.008841,0.045018,0.67116,0.25835,0.26252
8.8083,-0.005344,4.2921,-0.02005,-0.037621,-0.016382,-0.40107,-0.073272,-0.71979,8.7452,2.9234,3.2484,-0.036664,-0.046856,-0.000316,-0.34796,-0.39554,-0.5372,8.4643,-3.7888,2.9187,-0.041312,0.007658,-0.034708,-0.3356,0.41728,-0.55239,-9.6456,-1.6331,-0.74075,0.023865,0.005128,-0.016929,0.68723,-0.31651,0.052044,-9.5919,1.7403,-1.0165,0.014073,-0.005676,0.021501,0.67043,0.25713,0.26333
8.7935,0.053755,4.367,-0.011038,-0.043019,-0.014518,-0.40347,-0.072682,-0.72099,8.7526,2.9137,3.263,-0.018723,-0.045137,-0.003122,-0.35079,-0.39343,-0.53792,8.4986,-3.947,3.0393,-0.038028,-0.014888,-0.062136,-0.3371,0.41746,-0.55157,-9.6377,-1.7007,-0.7105,0.024404,0.023594,-0.039755,0.68641,-0.31652,0.05254,-9.5617,1.9046,-1.0304,0.004777,0.000997,0.043255,0.67125,0.255,0.26313
8.8385,0.098057,4.3154,-0.02268,-0.026048,-0.025548,-0.40389,-0.073141,-0.71866,8.7432,2.8117,3.2868,-0.001727,-0.052267,-0.005982,-0.35036,-0.39331,-0.53737,8.4815,-3.8716,3.0035,-0.032637,-0.031945,-0.020653,-0.33802,0.41658,-0.55211,-9.6229,-1.693,-0.74023,0.043754,0.010363,-0.031022,0.68696,-0.31562,0.052698,-9.5617,1.9195,-1.0304,0.016503,-0.001648,0.043208,0.67278,0.25636,0.26221
8.7789,0.083837,4.285,-0.003707,-0.030592,-0.018214,-0.40644,-0.072746,-0.71752,8.7354,2.9307,3.2533,0.012269,-0.057297,0.025901,-0.3514,-0.39307,-0.53704,8.4447,-3.7743,2.9964,0.003365,-0.030218,-0.036506,-0.3382,0.41802,-0.55062,-9.6757,-1.5883,-0.71139,0.030853,0.01218,-0.011573,0.68666,-0.31469,0.052548,-9.5466,1.9642,-1.0151,0.00101,-0.001489,0.054093,0.6733,0.2561,0.26182
8.8014,0.083863,4.2329,-0.014721,-0.059182,-0.016283,-0.40777,-0.073553,-0.71674,8.7962,2.9722,3.1955,-0.058288,-0.05467,0.009616,-0.35433,-0.39241,-0.53761,8.4984,-3.7599,2.9309,-0.035549,-0.025511,-0.052421,-0.34002,0.41639,-0.55118,-9.6756,-1.6032,-0.74139,0.008005,0.003398,-0.023994,0.68726,-0.31474,0.053514,-9.5769,1.7702,-1.0236,-0.000695,-0.017839,0.043155,0.67375,0.25518,0.26051
8.8161,0.039199,4.2551,-0.031159,-0.076835,-0.004372,-0.40882,-0.071568,-0.71583,8.8015,2.8508,3.2144,-0.043822,-0.059274,-0.008327,-0.35455,-0.39034,-0.53648,8.5179,-3.7916,2.9538,-0.051624,-0.040165,-0.050701,-0.34147,0.41748,-0.54937,-9.6366,-1.9331,-0.74024,0.021447,0.013919,-0.023989,0.68676,-0.31298,0.052281,-9.5916,1.972,-1.0233,-0.02034,-0.011033,0.028776,0.67478,0.25291,0.26126
8.9205,0.009076,4.1662,-0.029265,-0.062519,-0.005338,-0.41215,-0.068391,-0.71378,8.8357,2.822,3.1708,-0.031594,-0.083875,0.008337,-0.35799,-0.3901,-0.53667,8.5033,-3.8037,2.9709,-0.038889,-0.043991,-0.062181,-0.34306,0.41753,-0.54804,-9.6152,-1.6934,-0.65003,0.045948,0.001545,-0.052257,0.68961,-0.31137,0.053752,-9.5465,2.0239,-0.98504,-0.018734,-0.017955,0.041366,0.67451,0.25264,0.26112
8.958,0.053231,4.1667,-0.032837,-0.059014,-0.014473,-0.41454,-0.069072,-0.71235,8.8847,2.7832,3.166,-0.022536,-0.066171,0.011916,-0.3583,-0.38922,-0.53513,8.6131,-3.8406,2.9316,-0.010315,-0.053794,-0.06214,-0.34496,0.41773,-0.54764,-9.6612,-1.4908,-0.7112,-0.005368,-0.017715,-0.025883,0.68917,-0.31032,0.053862,-9.5317,1.9267,-0.99252,-0.008989,-0.015835,0.055826,0.67551,0.25091,0.26159
8.8837,0.061595,4.0767,-0.033737,-0.049911,-0.000845,-0.41607,-0.069914,-0.7102,8.8408,2.7734,3.1803,-0.008425,-0.079344,0.025059,-0.3599,-0.38739,-0.53512,8.6008,-3.7749,2.9352,-0.003542,-0.028783,-0.047064,-0.34492,0.4164,-0.54683,-9.6443,-1.8733,-0.69544,0.011638,0.013938,-0.023975,0.68968,-0.31027,0.052548,-9.5763,2.0837,-0.95549,-0.024189,-0.027828,0.041325,0.67505,0.25119,0.25914
8.9361,0.068938,3.9876,-0.029136,-0.057463,-0.027253,-0.41892,-0.068834,-0.70963,8.7548,2.8317,3.1557,-0.058629,-0.0908,0.022737,-0.36249,-0.38822,-0.53446,8.508,-3.7016,2.9276,-0.044861,-0.019676,-0.034747,-0.34663,0.41724,-0.54515,-9.5614,-2.0228,-0.75364,0.026664,0.00153,-0.059392,0.6904,-0.30913,0.053383,-9.5089,2.0835,-0.97677,-0.060446,-0.017825,0.055922,0.67674,0.24773,0.2594
8.9882,0.05364,4.0028,-0.033635,-0.035648,-0.007284,-0.42076,-0.067925,-0.70805,8.8356,2.8365,3.166,-0.089059,-0.080075,0.030173,-0.3645,-0.38467,-0.53463,8.5933,-3.7288,2.9612,-0.053458,-0.003849,-0.051484,-0.34812,0.41558,-0.54415,-9.6531,-1.6183,-0.7109,-0.005293,0.010422,-0.066303,0.69109,-0.30693,0.053812,-9.5321,1.7102,-1.0305,-0.0376,-0.010928,0.037847,0.67802,0.2468,0.26013
8.9583,0.024421,3.9576,-0.038139,-0.039339,-0.0164,-0.42297,-0.065235,-0.70816,8.9382,2.8706,3.1327,-0.0458,-0.050114,0.022884,-0.36535,-0.38334,-0.5355,8.6496,-3.8091,2.8632,-0.012765,-0.010312,-0.032894,-0.34895,0.41681,-0.54551,-9.6528,-1.6708,-0.71084,-0.015835,0.003413,-0.031068,0.69134,-0.30691,0.053155,-9.6065,1.9569,-0.95635,-0.004028,-0.007499,0.023341,0.67824,0.24574,0.25935
8.9437,0.054355,3.9129,-0.012882,-0.04465,0.003718,-0.42506,-0.06513,-0.70631,8.8793,2.8467,3.0788,-0.029259,-0.020288,0.000662,-0.3663,-0.38189,-0.53571,8.5764,-3.7211,2.8018,0.019083,-0.016938,-0.019634,-0.34852,0.41691,-0.5446,-9.6146,-1.8505,-0.73989,0.013406,0.025364,-0.022128,0.69106,-0.30549,0.053807,-9.5314,2.0836,-0.99209,0.005864,-0.023616,0.023169,0.67817,0.24466,0.26004
8.9959,0.068782,3.9059,-0.025499,-0.042025,-0.009073,-0.42671,-0.065911,-0.70637,8.8007,2.8471,2.9957,-0.045366,-0.033611,-0.009073,-0.36624,-0.38323,-0.53489,8.5568,-3.5946,2.726,-0.002397,-0.024283,-0.016134,-0.35029,0.41645,-0.54416,-9.6302,-1.7306,-0.74033,0.020609,0.008636,-0.029279,0.69292,-0.30502,0.054698,-9.5467,1.9043,-0.97042,0.003223,-0.016525,0.019619,0.67782,0.2448,0.25895
8.9884,0.054054,3.8983,-0.012777,-0.032236,-0.007275,-0.42803,-0.064593,-0.70533,8.8596,2.7744,2.9787,-0.050656,-0.029204,-0.012563,-0.36754,-0.37951,-0.53635,8.6104,-3.6144,2.7761,-0.048439,-0.015151,-0.033819,-0.35102,0.41621,-0.5433,-9.6372,-1.813,-0.7554,0.001846,0.005144,-0.024027,0.69259,-0.30549,0.053345,-9.5315,2.0013,-0.94002,0.008822,-0.0096,0.006979,0.67897,0.24455,0.25805
8.9885,0.068813,3.9133,-0.038139,-0.035686,-0.010942,-0.42862,-0.063372,-0.70592,8.9084,2.7697,2.9425,-0.016595,-0.016797,-0.005657,-0.36722,-0.37941,-0.53528,8.6251,-3.7361,2.8566,-0.075414,-0.008779,-0.024131,-0.35196,0.41755,-0.54172,-9.5996,-1.858,-0.73958,0.004562,0.006881,-0.02579,0.69146,-0.30469,0.053423,-9.5314,2.0835,-0.96968,-0.013934,-0.00218,0.023361,0.68006,0.24349,0.25797
9.0031,0.03882,3.9729,-0.034304,0.009143,-0.009302,-0.42922,-0.063007,-0.70442,8.8987,2.7551,2.9545,-0.009527,-0.045201,-0.018319,-0.36891,-0.38094,-0.53759,8.6154,-3.7725,2.8718,-0.057631,-0.016723,-0.0206,-0.35157,0.41872,-0.5416,-9.6147,-1.8205,-0.73993,-0.002682,0.024507,-0.0186,0.692,-0.30416,0.05318,-9.5916,1.9043,-0.90393,0.004436,9.3e-05,-0.001055,0.67963,0.24227,0.25919
8.9584,0.00237,3.9127,-0.026344,-0.027643,-0.005493,-0.4299,-0.06234,-0.70418,8.8891,2.7065,2.9858,-0.043714,-0.048562,-0.002057,-0.3689,-0.3797,-0.53484,8.596,-3.7796,2.8203,-0.043365,-0.001125,-0.020557,-0.35239,0.41913,-0.54012,-9.5995,-1.8805,-0.73956,0.016783,0.027998,-0.013293,0.69214,-0.30326,0.053452,-9.5614,2.0387,-0.92548,0.017698,-0.016545,0.015968,0.68058,0.24283,0.25759
9.0177,-0.013224,3.9876,-0.02912,-0.028334,0.006371,-0.43041,-0.059821,-0.70353,8.9385,2.6529,3.0418,-0.041029,-0.050352,-0.003864,-0.36906,-0.37851,-0.53514,8.5667,-3.7648,2.8245,-0.007917,-0.005975,-0.009052,-0.35295,0.41914,-0.53848,-9.5926,-1.7829,-0.75453,0.017001,0.012144,-0.025738,0.6925,-0.30282,0.05561,-9.5313,2.1207,-0.92475,0.014199,-0.00413,0.010615,0.68104,0.24204,0.25641
8.988,-0.012807,3.9426,-0.003639,-0.007055,0.003573,-0.43094,-0.060759,-0.70313,8.9904,2.6522,3.1807,-0.009717,-0.036174,0.006636,-0.37129,-0.37866,-0.535,8.6764,-3.7118,2.7494,-0.041976,-0.009725,-0.001113,-0.35511,0.4208,-0.53826,-9.6223,-1.8131,-0.74009,-0.000986,0.000744,-0.016999,0.69324,-0.30247,0.053235,-9.5312,2.1431,-0.90974,0.00692,-0.005877,0.014239,0.6798,0.24283,0.25622
9.0029,-0.020306,3.9352,-0.007212,-0.001721,-0.001926,-0.43219,-0.059808,-0.70332,8.9046,2.6523,3.1485,-0.022056,-0.015,0.002389,-0.37077,-0.37773,-0.53498,8.6301,-3.7822,2.8673,-0.054285,-0.015516,-0.009993,-0.35448,0.4217,-0.53838,-9.6288,-1.9707,-0.71003,0.002707,0.005139,-0.021411,0.6939,-0.30348,0.055277,-9.5163,2.1506,-0.93936,-0.032744,-0.000684,0.012555,0.68066,0.24244,0.25679
8.9955,-0.034917,3.8978,-0.008237,-0.012249,0.016354,-0.4328,-0.059305,-0.70197,8.8678,2.6089,3.1019,-0.03105,-0.011371,0.01225,-0.37162,-0.3764,-0.53572,8.6008,-3.787,2.9012,-0.000851,-0.005872,-0.006388,-0.35481,0.42091,-0.53735,-9.5843,-1.9328,-0.76921,-0.002391,-0.006328,-0.032959,0.69384,-0.30252,0.054067,-9.5463,2.0982,-0.88023,-0.007768,-0.012766,0.030519,0.68318,0.24115,0.2542
8.9956,-0.020099,3.8979,-6.7e-05,-0.006904,0.018167,-0.43468,-0.059173,-0.70122,8.9089,2.7352,3.059,-0.011571,-0.007603,0.038809,-0.3729,-0.37551,-0.53501,8.6179,-3.7749,2.8474,0.020567,-0.003871,-0.006352,-0.35531,0.42146,-0.53714,-9.6301,-1.7382,-0.71781,-0.004384,-0.002772,-0.025831,0.6951,-0.29995,0.055058,-9.5464,2.0385,-0.89534,-0.00755,-0.014888,0.014225,0.68198,0.24098,0.25619
9.0029,-0.057087,3.8678,0.004427,-0.015929,0.016386,-0.43392,-0.060015,-0.69994,8.9134,2.7599,2.9668,-0.011427,0.001192,0.031743,-0.37295,-0.3747,-0.53582,8.6375,-3.7942,2.7551,0.020655,-0.009391,-0.009008,-0.35458,0.4217,-0.53787,-9.615,-1.7978,-0.79999,-0.011585,0.010433,-0.018697,0.69481,-0.29929,0.055043,-9.5313,2.0832,-0.88002,-0.011299,-0.011101,0.025105,0.68277,0.23912,0.25558
9.0181,-0.019954,3.816,0.012592,-0.025144,0.001845,-0.43428,-0.059704,-0.70148,8.874,2.7747,2.9229,0.008504,0.015182,0.01742,-0.37164,-0.37548,-0.536,8.5863,-3.7356,2.7142,0.037326,-0.021592,0.005109,-0.35543,0.41858,-0.53949,-9.6143,-1.918,-0.74732,-0.011739,0.021881,-0.009815,0.69709,-0.29845,0.056221,-9.5312,2.1729,-0.89472,-0.021972,-0.007776,0.014296,0.68172,0.24018,0.25606
9.0479,-0.034983,3.8086,0.014514,0.003645,0.010846,-0.4339,-0.060826,-0.69952,8.8837,2.7893,2.9084,0.005829,-0.00084,0.003132,-0.37096,-0.37535,-0.53557,8.6154,-3.6873,2.7554,0.02071,-0.022183,-0.01168,-0.35543,0.41871,-0.5395,-9.5838,-2.023,-0.72408,-0.020045,0.015699,-0.036352,0.69591,-0.29863,0.054692,-9.5162,2.173,-0.92435,-0.030132,-0.023045,0.014207,0.68206,0.23924,0.2569
9.048,0.001945,3.8387,0.013611,0.000903,0.005387,-0.43559,-0.060122,-0.70028,8.95,2.719,2.8988,0.006075,0.000722,-0.021757,-0.37161,-0.37536,-0.53534,8.6641,-3.7022,2.8151,0.031267,-0.018323,-0.005466,-0.35653,0.41796,-0.53851,-9.5992,-1.948,-0.74698,-0.006174,-0.003668,-0.022353,0.6947,-0.29893,0.055974,-9.5464,2.0087,-0.91036,-0.011132,-0.006834,0.014289,0.68298,0.2402,0.25489
9.0182,0.009653,3.8236,0.010129,0.026885,0.003443,-0.43443,-0.060698,-0.69913,8.9307,2.6823,2.9665,0.02295,-0.016995,-0.021997,-0.37336,-0.37574,-0.53622,8.7201,-3.6879,2.8157,0.038741,0.002371,0.019331,-0.35528,0.41831,-0.53897,-9.5692,-1.9628,-0.75387,0.000694,0.006879,-0.00993,0.69575,-0.29771,0.054683,-9.5313,2.1131,-0.87994,-0.000159,-0.013333,0.001545,0.68344,0.23739,0.25523
9.0331,0.009474,3.8387,0.016443,0.027839,0.010746,-0.4353,-0.061199,-0.69999,8.86,2.682,3.0269,0.032774,-0.002788,-0.009564,-0.37124,-0.37725,-0.53383,8.664,-3.6244,2.7599,0.020176,0.01657,0.010498,-0.35588,0.41782,-0.54065,-9.5992,-1.9479,-0.76949,-0.000829,0.020972,-0.020417,0.69625,-0.29637,0.053632,-9.5162,2.1204,-0.85725,0.001693,-0.004406,-0.000215,0.68421,0.23874,0.25482
9.0182,0.009535,3.8535,0.007494,0.033919,-0.009357,-0.43574,-0.061846,-0.70055,8.8821,2.6819,3.0489,0.01749,0.004413,0.003053,-0.37429,-0.37679,-0.53652,8.6494,-3.6437,2.7331,0.009768,0.01069,-0.002779,-0.35486,0.41752,-0.54084,-9.5997,-1.8727,-0.81461,0.001064,0.024487,-0.025674,0.69524,-0.29658,0.056261,-9.5462,2.1206,-0.86523,-0.002058,-0.002397,0.010674,0.68106,0.23711,0.25394
9.0478,-0.005642,3.8834,0.01474,0.041158,-0.001166,-0.43528,-0.062406,-0.6997,8.9384,2.7351,3.0884,0.015374,-0.011289,0.025235,-0.37248,-0.3767,-0.5347,8.652,-3.6777,2.7191,0.009695,0.016239,0.000763,-0.35486,0.41712,-0.54083,-9.5993,-1.9254,-0.74701,-0.006411,0.017466,-0.009848,0.6964,-0.29547,0.054173,-9.5312,2.128,-0.85001,-0.016305,0.00625,-0.001902,0.68207,0.23818,0.25503
9.0329,-0.01299,3.8982,0.009317,0.045712,0.001542,-0.43583,-0.062667,-0.69972,8.9727,2.7641,3.1033,0.003096,-0.00797,-0.002201,-0.37169,-0.378,-0.53503,8.6252,-3.714,2.7633,0.009864,0.000597,-0.006346,-0.35501,0.41674,-0.54121,-9.5842,-1.9776,-0.81418,0.000595,0.013929,-0.00371,0.69502,-0.29651,0.054377,-9.5162,2.1428,-0.84972,-0.008964,-0.006515,-0.013771,0.68445,0.23768,0.25431
9.0031,-0.00534,3.898,0.003812,0.034138,0.005229,-0.43369,-0.062661,-0.70074,8.9213,2.7544,3.1078,-0.007424,0.006047,-0.016277,-0.37272,-0.37685,-0.53432,8.574,-3.7357,2.7801,0.018527,9.8e-05,0.00601,-0.3549,0.41726,-0.54161,-9.5993,-1.9329,-0.7545,-0.01371,0.006917,-0.001982,0.69646,-0.29631,0.055382,-9.5388,2.0682,-0.83536,-0.009082,-3.3e-05,-0.003765,0.68349,0.23954,0.25438
8.9955,-0.020158,3.9128,0.002797,0.016279,0.009864,-0.43363,-0.062421,-0.69977,8.8894,2.7472,3.0881,-0.007385,0.009569,-0.017155,-0.37128,-0.37598,-0.53676,8.5911,-3.7358,2.7877,0.027409,0.000211,0.007792,-0.35469,0.41647,-0.5426,-9.5692,-1.9926,-0.79886,0.002245,0.017444,0.002489,0.69719,-0.29647,0.055953,-9.5388,2.0907,-0.86518,-0.003614,0.007122,-0.005541,0.68361,0.23793,0.25576
