27.831,-5.7876,-2.8944,1.37,0.88515,0.34719,-0.93434,0.19134,-0.39555,16.819,32.435,4.5234,2.506,1.2345,2.5666,0.079054,-0.62277,-0.44104,18.796,-45.685,-2.4258,2.8337,-2.246,2.9904,0.25661,1.2211,-0.29692,-22.616,-9.0354,-4.975,2.3718,-0.75793,-1.8526,0.584,-0.37209,0.5058,-27.493,5.3997,-4.9919,-0.19893,0.30686,-3.1024,0.95425,0.4539,-0.14312
21.518,-3.9937,0.27785,2.7398,0.81954,0.074427,-0.91322,0.14006,-0.43912,4.8979,20.596,3.3391,2.3573,1.9508,1.163,0.097934,-0.68251,-0.35686,7.3485,-14.814,-2.9311,-1.0038,0.20664,3.0737,0.39171,1.1025,-0.38239,-19.327,-8.8521,-13.448,-0.80072,-0.90412,-3.9765,0.64788,-0.30906,0.4728,-22.904,8.6069,-5.4287,-0.88348,-0.11603,-2.4708,0.91919,0.58508,-0.19394
11.903,2.3513,0.30589,2.4407,0.625,-0.077276,-0.89669,0.081558,-0.46518,-3.1911,12.428,0.16331,2.9213,1.9254,1.3761,0.10025,-0.76679,-0.23316,4.3074,-10.633,-0.010913,-2.9968,-1.3254,2.0919,0.45653,1.0434,-0.30636,-21.545,1.2373,-3.314,-0.13503,-0.91772,-4.5634,0.70739,-0.18633,0.45686,-8.7385,6.1626,-0.42204,0.22761,0.20556,-1.2819,0.89919,0.65597,-0.2482
3.4096,1.2943,0.055536,1.718,0.60903,-0.21862,-0.87712,0.025281,-0.4925,-6.8356,8.2652,-0.26932,1.2014,1.4333,0.96499,0.076518,-0.82319,-0.14464,5.7655,-2.3011,1.761,-1.793,-1.6658,0.77511,0.47404,0.99,-0.28934,-14.869,9.0627,0.60827,-0.35,-0.86702,-3.6499,0.74339,-0.051988,0.45613,-1.8889,10.622,-5.2774,0.70414,0.12467,-0.24497,0.8944,0.66736,-0.30753
-0.32577,0.7261,-0.43164,1.0066,0.56602,-0.10217,-0.86807,-0.015022,-0.50121,-9.3174,4.8548,1.09,-0.62518,1.2445,-0.16178,0.063404,-0.84354,-0.11968,4.3161,2.8432,2.2363,-0.006282,-1.8328,-0.3059,0.44288,0.97385,-0.29262,-4.2478,14.302,-0.9998,0.34006,-0.42885,-1.284,0.7488,0.028892,0.45619,2.6228,9.4194,-0.58737,-2.4919,-0.018318,0.47817,0.87378,0.69075,-0.28653
-2.8402,0.98175,-1.8891,0.36573,0.19447,-0.13095,-0.85814,-0.035874,-0.51329,-11.288,-0.4081,0.5192,-1.4849,0.38279,-0.92063,0.088068,-0.83798,-0.15438,4.3654,6.1825,0.50175,1.5984,-1.6359,-0.99394,0.38689,0.96253,-0.36392,-1.4068,19.236,-1.7884,-1.2232,-0.14832,0.10755,0.75046,0.032949,0.45758,0.25311,-14.151,7.2879,1.18,-0.4522,1.7645,0.90302,0.64043,-0.26603
-3.5411,0.83223,-1.9999,-0.36303,-0.009732,-0.21869,-0.85603,-0.041232,-0.51439,-8.0148,-0.94262,-0.31617,-0.5329,-0.75142,-1.0301,0.11018,-0.80779,-0.18162,4.3056,7.5815,-0.84131,0.84233,-0.48602,-1.9762,0.29952,0.99691,-0.37733,-5.1268,7.3761,0.65578,-2.1165,-0.5669,1.8936,0.74992,-0.042554,0.43663,-11.128,-9.5578,12.203,1.2065,1.1888,-1.1836,0.90118,0.63173,-0.2039
0.88348,0.77095,-1.1086,-0.98192,-0.67705,-0.13137,-0.86107,-0.025538,-0.5071,-4.4887,4.7744,-0.91488,-0.19167,-1.6014,-1.3215,0.15493,-0.75453,-0.21311,6.3135,5.1618,-1.6367,-0.74993,0.60973,-3.0909,0.21879,1.0528,-0.35123,-5.5892,-1.1319,4.4599,-0.088882,-0.16036,2.6451,0.75244,-0.14191,0.39664,5.7104,15.394,6.5035,-1.8864,0.88373,-0.63858,0.85109,0.68235,-0.20699
20.428,3.0313,2.1359,-2.7365,-2.4797,-0.35274,-0.88332,0.027744,-0.46454,-0.55716,26.069,-2.1058,-0.39232,-2.3985,-1.8451,0.20344,-0.67686,-0.26899,11.371,-20.883,-4.0848,-1.9496,1.8752,-2.4362,0.16041,1.1062,-0.29646,-22.551,-6.3281,-3.0333,1.9813,0.41566,3.4073,0.74154,-0.22812,0.37577,-20.769,10.328,-0.46467,-1.6084,0.66264,0.12022,0.85672,0.68328,-0.087045
28.679,1.4849,1.7482,-1.3364,-0.42028,-0.52857,-0.90457,0.053526,-0.42676,12.509,35.076,-1.01,-1.9485,-2.6793,-2.6466,0.19569,-0.60736,-0.35209,15.035,-35.134,2.7491,0.26765,3.2574,-2.9223,0.060301,1.1578,-0.2472,-22.628,-3.5957,-10.886,-0.52761,0.94971,2.4739,0.69341,-0.32124,0.37635,-16.799,8.9834,-5.9072,-1.1653,-0.31987,1.5543,0.86,0.65255,-0.022751
24.195,2.9802,3.6564,-1.8713,0.84703,-0.16113,-0.90133,0.067558,-0.44383,10.933,19.379,1.1663,-0.73452,-0.84963,-2.9257,0.22845,-0.62544,-0.37799,5.5797,-25.232,3.6046,-2.2656,3.2624,-0.43901,0.021401,1.1878,-0.16848,-19.53,-12.799,-9.6509,-0.52163,0.67197,2.9253,0.63397,-0.4173,0.38366,-23.116,5.4137,-10.596,0.99784,-0.056292,3.435,0.89151,0.56521,-0.008665
14.775,-1.8219,0.59899,-1.5108,0.59049,-0.27752,-0.91277,0.08805,-0.43737,5.3626,12.985,1.0835,0.82299,-0.49507,-1.8715,0.2809,-0.66701,-0.35097,-4.6739,-12.44,3.3097,-1.9802,2.3918,-0.59847,-0.030732,1.2174,-0.047119,-10.3,-10.801,-3.225,0.35497,0.65018,1.8227,0.56492,-0.47258,0.42866,-24.089,-2.3855,-2.8038,0.94863,-0.36941,4.5338,0.94885,0.40392,-0.026442
5.0361,-2.7235,1.0491,-1.1333,0.82592,0.15238,-0.90421,0.1007,-0.46372,3.4249,4.5807,2.2751,-0.3434,-0.56949,-1.3097,0.33663,-0.69804,-0.3385,-7.3663,-5.1549,2.5798,-0.34852,1.4624,-0.54204,-0.064584,1.2025,-0.038872,-4.096,-9.3812,-1.5487,-0.42408,-0.45294,0.30533,0.53662,-0.4896,0.46508,-16.548,-7.1555,3.2352,0.30937,-0.27005,4.1078,0.98912,0.24346,-0.054897
2.3803,-0.5421,0.020867,-0.55013,0.58944,0.12385,-0.88893,0.10297,-0.49095,2.6044,-3.5148,0.85513,-1.056,-0.40172,-0.35905,0.37695,-0.71803,-0.35447,-7.6261,-1.3459,2.3434,0.72648,0.41801,-0.2044,-0.06899,1.171,-0.10933,4.1783,-12.132,4.1804,0.73002,-0.97626,-0.45147,0.55739,-0.48489,0.48345,-1.5095,-17.586,2.871,-1.1404,0.023699,2.0194,1.0159,0.13443,-0.058927
-1.4514,-0.99102,-0.4588,0.28454,0.69601,0.16515,-0.8767,0.10754,-0.51465,3.4028,-7.07,1.0115,-0.57595,-0.43042,0.68664,0.36877,-0.71753,-0.38322,-6.5679,1.7837,0.92112,1.1867,-0.28571,0.25897,-0.065129,1.1692,-0.168,-1.0459,8.4417,0.81915,0.051992,-0.159,-1.3761,0.59113,-0.45932,0.46468,0.69609,-26.522,-1.688,0.08269,-0.075615,0.28019,1.0217,0.10033,-0.063961
-3.5366,-1.1041,-1.3558,0.90382,0.80024,0.16073,-0.86219,0.10149,-0.53886,5.9181,-6.0292,0.31474,-0.9232,0.21964,1.6201,0.32549,-0.7119,-0.41011,-5.749,1.8824,0.51129,0.85244,-0.97782,0.58949,-0.049076,1.1825,-0.20708,-8.5383,13.483,-13.781,-0.87857,3.6305,0.5242,0.5674,-0.42153,0.51146,-1.5002,-7.6131,2.8831,3.0323,-0.65033,-2.2614,1.0229,0.1394,-0.092864
-1.3213,-0.36144,-0.67757,1.4864,0.3962,0.22556,-0.84859,0.094971,-0.55985,6.9757,-3.1131,-0.09318,-0.46979,0.62917,2.8853,0.24072,-0.67248,-0.44718,-4.6921,-0.65081,0.63251,0.92679,-1.595,0.84626,-0.02386,1.234,-0.21644,5.4646,-14.13,13.302,-0.069529,-1.017,0.81176,0.58024,-0.44942,0.46625,-3.5565,1.9638,5.6234,-0.067708,-0.71607,-2.6959,0.99876,0.24203,-0.12696
12.609,-5.4374,4.9614,-1.7967,-2.4279,1.2534,-0.86373,0.12494,-0.53909,14.683,16.43,2.2792,0.35008,1.2271,3.5643,0.15316,-0.62398,-0.46224,-4.8301,-20.654,-2.3001,-0.16151,-2.3998,2.2829,0.052411,1.29,-0.20013,-32.071,-2.1205,-1.2784,-0.38805,0.28193,-0.64802,0.57284,-0.44214,0.46746,-13.424,1.9426,-5.0325,-2.1853,-0.68195,-2.2565,0.9779,0.33257,-0.11521
35.457,-1.3561,-1.7632,1.2097,-1.0815,0.20956,-0.91675,0.1896,-0.41533,15.208,29.484,6.1137,0.67033,1.5577,3.6925,0.11431,-0.59587,-0.45841,9.201,-48.705,-0.30359,1.9925,-1.7024,2.8391,0.16885,1.2702,-0.24266,-12.948,-19.035,-0.77819,1.3977,-0.16274,-1.7475,0.57091,-0.42926,0.47921,-18.298,-0.63259,-5.5252,-0.53967,-0.17355,-3.447,0.95409,0.43162,-0.13126
22.888,-7.8675,2.8448,2.2757,0.43278,-0.13599,-0.90295,0.15964,-0.44591,10.259,25.506,5.7104,2.8645,1.8961,1.7222,0.1223,-0.65464,-0.38835,15.388,-24.784,-3.6577,1.5457,-0.12963,4.418,0.33446,1.1247,-0.38836,-20.498,-11.444,-11.653,0.91755,-1.0967,-2.5045,0.6214,-0.34344,0.47625,-29.285,5.5773,-6.3963,-0.26207,-0.14536,-3.1913,0.92842,0.54966,-0.1456
15.961,0.22672,0.98692,2.1692,0.44844,-0.1659,-0.89436,0.097604,-0.46901,-1.6314,16.643,0.76567,1.9231,2.2441,1.4367,0.11306,-0.74677,-0.28773,6.0073,-12.179,1.3253,-1.9924,-0.46724,3.2229,0.45789,1.0127,-0.37995,-21.833,-3.4063,-8.762,-0.46828,-0.66131,-4.5363,0.68735,-0.23117,0.45799,-13.913,8.1284,-2.3794,-0.13724,0.14313,-1.6735,0.91375,0.64051,-0.19634
8.5571,1.4847,1.4165,2.1487,1.1873,-0.1716,-0.89829,0.067699,-0.45524,-5.9168,9.7953,-0.83752,1.317,1.2617,1.1111,0.072553,-0.7912,-0.21463,6.4775,-3.6193,1.0759,-0.81185,-1.2479,1.7098,0.52503,0.93139,-0.37581,-17.945,8.1106,-0.62299,-0.63151,-0.97285,-4.0135,0.74027,-0.070464,0.45075,-4.5697,9.7216,-2.6206,0.86041,0.43394,-0.78108,0.88993,0.68695,-0.2544
1.0615,0.92998,-0.47202,0.89041,0.35769,-0.081228,-0.88772,0.020372,-0.47117,-8.5259,6.3415,0.47948,0.41374,0.61472,0.28723,0.036431,-0.82498,-0.17368,5.7386,3.449,1.6214,-0.36588,-1.6059,0.23248,0.50928,0.89864,-0.39621,-6.2769,13.665,-1.25,0.58201,-0.57296,-1.9487,0.75086,0.029771,0.45272,1.3388,13.01,-2.3775,-0.98892,0.26581,0.00826,0.87049,0.69749,-0.27572
-1.4397,1.1019,-1.3927,1.0678,0.51483,-0.037263,-0.85553,-0.02879,-0.52477,-10.196,2.6861,1.3687,-0.82346,-0.10342,-0.87913,0.036002,-0.84888,-0.17145,3.9713,5.6399,0.86217,0.52299,-1.7549,-0.7112,0.45246,0.88592,-0.42634,-2.4508,19.91,-5.9819,-0.76024,-0.076528,-0.11607,0.75005,0.047584,0.44974,-2.3915,-3.2762,11.456,1.9553,0.33407,2.1024,0.88713,0.6734,-0.26409
-5.1581,0.12027,-0.41999,0.079459,0.34167,-0.39481,-0.84532,-0.046776,-0.53644,-7.572,-0.11305,-0.40688,-0.8331,-0.8869,-1.4292,0.075975,-0.82698,-0.20327,5.1536,7.8282,-1.3095,0.33634,-1.022,-1.6358,0.3869,0.8978,-0.46229,-4.2543,9.0912,3.8753,-2.5541,-0.28194,1.0049,0.76005,-0.014056,0.43744,-5.2095,-15.767,-16.656,0.27205,3.617,-0.91101,0.90026,0.63454,-0.25922
-0.29461,0.63976,-1.1408,-0.32177,-0.69629,-0.13142,-0.84901,-0.044562,-0.52969,-4.7727,2.0458,0.28118,-0.3035,-1.6934,-1.7945,0.12995,-0.78313,-0.23849,5.4129,4.3543,-1.0838,-0.76987,-0.11939,-2.9417,0.31055,0.95462,-0.44166,-5.9772,0.61039,5.3656,-0.79797,-0.62402,2.5558,0.76665,-0.12002,0.39673,2.1104,9.7662,12.046,-2.3182,-0.66679,-1.7458,0.86066,0.67797,-0.2408
10.49,0.79968,2.0908,-2.9581,-1.1692,0.010522,-0.87554,0.023185,-0.47817,-2.4853,13.358,0.40519,0.4858,-2.2599,-2.2449,0.19986,-0.68868,-0.29168,10.559,-9.949,-3.4805,-0.55176,1.1211,-2.7321,0.22122,1.047,-0.38821,-11.828,-7.6445,-0.91813,1.8139,-0.071748,3.1986,0.75185,-0.20794,0.37792,-13.874,2.3691,-6.7871,-0.38388,-0.39803,0.25197,0.86061,0.68433,-0.081084
31.518,-0.036789,2.3194,-0.97656,-0.93309,-0.60952,-0.90837,0.086716,-0.40842,5.8228,40.507,0.25934,-2.121,-2.6938,-2.5487,0.20991,-0.61059,-0.34878,14.953,-34.142,0.087629,-0.34373,3.7895,-3.4746,0.16391,1.1145,-0.29942,-21.64,6.0853,-7.688,0.062384,-0.049034,3.0973,0.71044,-0.29943,0.3775,-20.405,17.648,-0.7152,-1.0453,-0.58381,1.038,0.86497,0.65572,0.000108
25.08,2.3358,-0.027065,-2.2241,1.347,-0.44842,-0.90025,0.085661,-0.43591,12.613,25.715,1.5069,-2.7097,-1.199,-3.9434,0.22706,-0.59381,-0.39319,6.1165,-29.568,3.0769,-3.2427,3.2079,-1.2345,0.1207,1.1694,-0.14068,-22.154,-11.425,-10.711,-1.2275,-0.003643,2.9456,0.66221,-0.38521,0.36514,-19.372,3.835,-8.4748,0.60062,-0.34387,2.8229,0.8828,0.60807,0.003698
17.253,-0.040892,2.3306,-1.7731,0.56365,-0.50719,-0.89048,0.09379,-0.46977,3.705,12.501,1.8269,1.6003,-0.20329,-2.6903,0.30609,-0.63174,-0.38281,-2.8565,-17.298,2.2287,-1.8403,2.7552,-0.77589,0.071354,1.1909,-0.039218,-12.131,-12.048,-6.3217,0.54172,0.67208,2.2902,0.59802,-0.45583,0.40104,-24.824,3.9611,-7.3414,1.3022,-0.005716,4.4395,0.93657,0.47696,-0.011828
8.8535,-1.9131,1.9414,-1.6868,0.7729,-0.18422,-0.88237,0.10379,-0.48947,2.2942,7.481,1.1999,0.87945,-0.68236,-1.8289,0.3785,-0.67847,-0.33798,-5.8485,-8.4911,1.1597,-0.24054,2.102,-0.58551,0.026223,1.1852,-0.03219,-4.5607,-10.094,-3.8308,0.11252,0.37511,0.84475,0.55219,-0.48986,0.45289,-19.934,-7.3494,3.3941,-0.30485,-0.40162,3.9616,0.98042,0.33075,-0.034312
1.906,-1.2888,0.57949,-1.3648,0.66317,0.11873,-0.87325,0.12531,-0.50514,3.3608,0.15215,1.5813,0.008931,-1.0404,-0.72181,0.415,-0.69742,-0.35483,-7.0845,-3.8908,1.0854,0.61316,1.0974,-0.3401,0.001985,1.1746,-0.055799,5.3705,-16.236,0.097047,1.3886,-0.5061,-0.42099,0.55111,-0.49571,0.48503,-6.5255,-14.904,0.94066,-1.4434,-0.006661,2.6642,1.0226,0.17258,-0.049574
-0.90076,-0.98944,-0.10392,-0.40824,0.62431,0.050588,-0.8635,0.14352,-0.52415,4.2514,-4.2573,0.93475,-0.69706,-1.0327,-0.13844,0.42479,-0.69825,-0.3779,-6.6088,0.46457,0.15619,1.1453,0.53595,0.071487,-0.000537,1.1644,-0.11619,-1.4713,2.119,9.4086,-1.812,-0.66594,-1.595,0.59534,-0.47597,0.45977,1.4236,-26.431,-0.80888,-0.31476,-0.28274,0.57976,1.0342,0.12364,-0.057337
-3.4494,-1.2114,-0.61715,0.066915,0.19696,0.31544,-0.85554,0.14803,-0.5392,6.5473,-6.2795,-1.0581,-1.0715,-0.79443,0.69294,0.41195,-0.69239,-0.40078,-5.92,2.3796,-0.001164,0.54355,-0.25319,0.63833,0.015705,1.1626,-0.16415,0.63653,22.14,-16.187,1.9437,2.3208,-0.67461,0.62043,-0.43317,0.45941,0.14613,-12.413,1.7175,3.009,-0.33836,-1.0912,1.0385,0.13569,-0.072728
-2.1059,-1.1748,-1.3529,0.75109,-0.062166,0.11148,-0.85438,0.14981,-0.54283,8.6735,-3.0192,-1.4773,-0.32368,-0.2638,2.074,0.34524,-0.69274,-0.43248,-4.9368,1.4171,0.45835,0.25262,-0.84773,0.93723,0.055092,1.1808,-0.16251,-4.8365,3.4693,4.3424,0.92396,-0.92285,2.0178,0.58972,-0.4701,0.46675,-4.0327,-0.3784,5.2803,1.8753,-0.77839,-2.5552,1.0314,0.20043,-0.11888
5.3791,-1.9316,2.4297,0.15859,-0.61492,0.43497,-0.85748,0.15533,-0.54245,13.437,10.312,-0.84768,-0.29494,0.51795,2.7315,0.24148,-0.68006,-0.44881,-4.5658,-4.9719,-1.3955,-0.81776,-1.5368,1.4711,0.11086,1.2144,-0.11804,-10.196,-7.2375,-21.46,3.6999,1.8748,0.39214,0.56546,-0.44608,0.4989,-8.4549,5.8345,-0.96351,-1.7098,-0.47833,-2.1194,1.0171,0.27678,-0.12343
37.159,-3.1015,-5.9923,1.2718,-2.6605,0.47169,-0.92585,0.18957,-0.40103,12.397,27.103,2.2604,0.4351,1.3828,3.9807,0.12531,-0.63127,-0.47247,-1.3639,-51.834,5.4121,1.0649,-1.9441,1.7223,0.23431,1.2234,-0.018026,-12.31,-14.717,3.972,0.98153,0.14002,-1.1778,0.56042,-0.41961,0.51416,-32.353,-3.2466,-3.9842,-0.43026,-1.6249,-3.285,0.99461,0.38508,-0.13788
24.11,-5.2615,4.6021,2.0888,0.81833,0.1214,-0.91127,0.17938,-0.43173,11.556,29.645,4.9693,2.6721,0.92196,2.7953,0.070043,-0.62565,-0.43304,14.752,-37.724,-3.1928,3.072,-0.45,4.128,0.37469,1.1456,-0.18898,-17.303,-12.643,-8.8635,0.32889,-0.97748,-2.1422,0.60662,-0.3532,0.50708,-31.927,2.468,-6.6511,0.58461,-0.094879,-3.3256,0.98835,0.4874,-0.16115
18.845,-1.5441,0.78089,2.2282,0.85274,0.31784,-0.9027,0.14311,-0.44429,1.1627,17.933,2.6503,2.2495,1.3546,1.9964,0.070192,-0.67737,-0.35316,5.9088,-11.259,-2.0906,-1.5638,0.60144,3.1674,0.49439,1.0422,-0.25251,-20.084,-6.6741,-9.4586,-0.77561,-0.85617,-4.1873,0.66978,-0.26964,0.48785,-19.874,11.75,-6.6689,-0.33343,-0.23306,-2.4265,0.97638,0.57786,-0.22604
9.4077,1.1117,0.3386,2.2755,0.61356,0.040818,-0.89315,0.085887,-0.46195,-5.2409,11.807,1.295,1.304,1.028,1.9943,0.039449,-0.74243,-0.2807,4.9249,-7.6424,1.23,-1.7755,-1.3494,2.0133,0.56533,0.97065,-0.21019,-18.896,4.0585,-1.0429,-0.56028,-0.98227,-4.0462,0.72542,-0.14929,0.47463,-5.2396,7.79,-2.6372,0.47925,0.45416,-1.2237,0.95149,0.63029,-0.3066
2.0766,1.3214,-0.3424,1.5439,0.4727,-0.077063,-0.87897,0.034623,-0.4788,-7.0251,8.0549,3.0555,-0.292,0.73337,1.2261,-0.003325,-0.77849,-0.24799,4.6042,0.30429,1.0233,0.61092,-2.2888,0.35966,0.56258,0.92139,-0.26293,-10.092,9.4749,-0.15157,0.29138,-0.70614,-3.1168,0.74759,-0.04049,0.47146,0.97722,13.29,-5.1097,0.48839,0.57649,-0.33236,0.92282,0.63649,-0.35794
-0.34406,1.2844,-1.0624,1.182,0.62315,0.056493,-0.84542,-0.019461,-0.53488,-9.0806,2.6063,3.7447,-0.85798,0.57285,-0.12718,0.003522,-0.80736,-0.25123,5.0791,5.7596,-1.1817,1.6613,-2.5453,-0.54953,0.52187,0.86371,-0.40917,-3.8746,19.157,-3.1285,0.86974,-0.085201,-0.70277,0.76529,0.051714,0.46482,2.2376,6.2765,10.036,0.50973,-0.19065,1.1304,0.90983,0.64246,-0.37764
-4.3717,0.10552,-2.0258,0.46694,0.17312,-0.30783,-0.83738,-0.042654,-0.54186,-8.733,-0.19893,1.7923,0.35872,0.36513,-0.89629,0.032918,-0.7983,-0.25303,6.8697,8.2501,-2.9705,0.69027,-1.9933,-1.59,0.44259,0.86283,-0.49254,-2.3167,17.316,1.0166,-1.4665,-0.10945,0.40936,0.76611,0.037205,0.46582,0.91325,-20.491,3.5764,2.43,-0.94885,1.1276,0.93888,0.55464,-0.43682
-1.7821,0.95811,-1.8066,0.10432,-0.042206,-0.29798,-0.84691,-0.037956,-0.51798,-6.7809,2.4584,0.26102,0.75067,-0.38374,-1.2905,0.061283,-0.75948,-0.24466,6.9127,5.8458,-2.7935,-0.83664,-0.3448,-2.9717,0.34607,0.93132,-0.47466,-4.9197,4.606,3.2516,-1.9745,-0.33279,2.2107,0.76448,-0.048992,0.45144,-9.0735,-9.6361,14.748,-0.9349,-0.73488,-1.8849,0.94873,0.58029,-0.2987
3.9996,1.2474,-0.5223,-1.4992,-0.72349,-0.19263,-0.85118,-0.021595,-0.50647,-3.008,10.108,-0.33707,-0.40646,-1.1425,-2.3006,0.11478,-0.69344,-0.26331,10.159,-3.5459,-1.3096,-0.84596,0.73336,-3.5577,0.23951,1.0284,-0.39807,-7.748,-4.2745,0.60078,0.86543,0.10511,2.6992,0.75819,-0.14204,0.41524,-6.2579,2.7165,-0.93479,-3.452,2.09,-0.89222,0.91069,0.65999,-0.17658
32.49,3.3647,-1.7177,-1.4347,-2.1021,0.020513,-0.88922,0.051051,-0.43794,-1.2743,31.458,-1.4732,-1.0246,-1.3742,-2.5452,0.14747,-0.59862,-0.3161,16.836,-34.845,-0.5953,-0.53119,3.3496,-3.7261,0.16292,1.1113,-0.28654,-45.605,-10.177,0.43181,1.4608,-0.55099,3.7907,0.73025,-0.22815,0.40767,-26.43,24.802,-0.56612,-1.5233,-0.13462,-0.39528,0.91194,0.65802,-0.094781
28.091,3.664,2.6906,-1.6655,-0.34821,-0.62776,-0.89324,0.054863,-0.43704,14.597,33.662,-3.2322,-1.0079,-1.4573,-2.8327,0.16194,-0.57995,-0.34991,10.059,-34.68,1.9005,-4.1583,3.1335,-1.5053,0.087199,1.1831,-0.11523,-31.49,-11.649,-10.815,-1.3062,0.2103,2.6632,0.6909,-0.3511,0.39516,-18.797,4.8813,-5.0854,0.35229,-0.31281,3.0477,0.92689,0.64423,-0.037349
19.76,1.3262,3.7464,-1.9689,0.69711,-0.35354,-0.8854,0.072516,-0.46901,8.73,15.64,0.31915,1.1047,-0.34201,-2.4438,0.21906,-0.64266,-0.34353,-0.24652,-21.404,1.7089,-1.8527,2.7536,-0.65544,0.041266,1.2005,0.0141,-17.242,-12.511,-8.1497,-0.2885,0.33601,2.6972,0.6309,-0.44754,0.39889,-25.337,7.5746,-10.329,1.7817,0.14473,3.628,0.96869,0.53332,-0.050708
11.114,-2.0009,0.83869,-1.791,0.37389,-0.20072,-0.89366,0.087645,-0.46388,3.9765,11.168,0.84554,1.1933,-1.2571,-1.3927,0.2608,-0.70464,-0.30711,-4.6854,-11,2.3946,-0.57139,1.7306,-0.60424,-0.002208,1.1991,0.044127,-8.2258,-11.731,-3.1523,0.25747,0.30588,1.6259,0.5736,-0.47621,0.44635,-21.854,-6.0905,-1.5807,0.31329,-0.60632,4.4036,0.99982,0.39087,-0.080591
3.4882,-2.4867,0.52401,-1.2719,0.40437,0.094548,-0.88611,0.10596,-0.48109,3.701,1.0619,0.96052,-0.51616,-1.5277,-0.55986,0.30118,-0.73511,-0.30952,-8.7075,-4.8141,3.1355,0.2832,0.50433,-0.10912,-0.023632,1.1856,0.011306,0.64006,-12.6,-2.2829,-0.26463,-0.40281,0.13983,0.55798,-0.49537,0.47362,-12.698,-6.3306,1.4273,-0.39162,0.11446,3.8914,1.0317,0.24634,-0.097103
0.44302,-0.7244,-0.53224,-0.98057,0.45956,0.29596,-0.88372,0.13368,-0.48607,2.8309,-4.5507,0.48725,-1.0757,-1.5798,0.13356,0.3034,-0.74316,-0.3539,-7.5135,-1.901,2.8193,1.2525,-0.31251,0.53566,-0.015723,1.1812,-0.04456,2.8689,-9.1778,6.6719,0.70288,-1.0707,-0.75491,0.58574,-0.46537,0.48303,-0.050967,-19.547,4.1305,-1.2143,-0.191,1.8113,1.0459,0.15361,-0.091593
-2.0212,-1.5068,-0.033703,0.057286,0.56669,0.44715,-0.8605,0.14707,-0.52596,3.7304,-6.0342,0.3985,-1.0006,-1.4048,1.1404,0.28982,-0.76471,-0.37839,-6.0803,1.4725,1.1271,1.6967,-0.75401,0.98379,0.024449,1.1654,-0.15812,-1.6405,18.349,-1.447,0.99061,0.19491,-1.346,0.61604,-0.4343,0.477,1.1914,-26.618,-0.49954,0.55041,-0.048679,0.25189,1.0638,0.10226,-0.1039
-2.7744,-0.4892,-1.0177,1.0982,0.32145,0.30179,-0.85398,0.15001,-0.54038,5.21,-4.5354,-0.72292,-0.57442,-0.45229,1.9258,0.21346,-0.75627,-0.41676,-4.8251,1.6715,0.41405,1.0654,-1.1412,1.2476,0.077079,1.1731,-0.21655,-20.667,12.383,1.1635,-1.7617,1.1001,1.313,0.57086,-0.42857,0.52206,-1.8049,-5.576,1.7927,3.1385,-0.70661,-2.4989,1.0623,0.13905,-0.13152
0.89114,-0.53523,-0.56492,2.1194,-0.135,0.20339,-0.85849,0.13883,-0.54169,8.7076,6.587,-1.0638,-0.9924,0.29741,2.5222,0.095851,-0.70925,-0.47434,-3.575,-3.6145,-0.30385,0.11095,-1.5542,1.575,0.13329,1.209,-0.21355,0.94249,-7.145,8.3868,0.17394,0.35963,0.67448,0.57997,-0.45312,0.47521,-3.9023,2.4815,3.303,-0.39275,-0.33519,-2.5595,1.0403,0.22596,-0.14556
29.349,-10.116,1.9166,-2.5803,-5.4373,1.3332,-0.90185,0.19559,-0.45942,18.522,23.089,2.8824,0.67613,1.9216,2.2375,0.032212,-0.65513,-0.49,-0.32282,-37.482,3.9581,0.89148,-2.1939,2.0703,0.23703,1.2339,-0.18739,-12.478,-22.714,0.67588,2.4308,0.86933,0.085653,0.55721,-0.43036,0.50955,-46.104,1.0061,-1.1644,-2.3724,-0.89351,-2.315,1.0148,0.30132,-0.12369
26.153,-5.4882,-2.1292,1.4104,1.1195,0.48748,-0.92577,0.20163,-0.40166,11.48,25.695,2.6323,4.8782,1.9475,1.7327,0.022844,-0.6628,-0.42236,10.914,-35.952,-2.9347,2.1394,-0.84462,3.1837,0.32934,1.1665,-0.33681,-20.606,-9.8445,-3.2981,0.61933,-0.6548,-2.3366,0.58963,-0.36473,0.51396,-21.336,1.6696,-6.1381,-0.33204,0.42217,-3.1872,1.0016,0.39336,-0.14087
20.911,-5.6691,1.7696,2.7297,0.92616,-0.017285,-0.90367,0.14672,-0.45209,5.2985,21.982,1.5884,2.2962,2.2393,1.1341,0.050095,-0.72076,-0.2983,6.709,-16.723,-3.465,-1.4338,0.59205,2.7716,0.45877,1.0654,-0.38468,-19.341,-12.284,-10.728,-0.73467,-0.99029,-3.7871,0.64615,-0.31891,0.47762,-24.592,7.7699,-7.3421,-0.67721,-0.004739,-3.0568,0.97793,0.53152,-0.19158
12.868,1.3965,-0.028772,2.5039,0.4307,-0.034356,-0.89101,0.094381,-0.47211,-0.63767,13.139,1.4459,0.72018,1.9839,1.2369,0.06183,-0.76711,-0.23112,1.7995,-11.757,0.14422,-2.0487,-0.47389,1.9323,0.52553,1.0045,-0.31505,-21.405,2.3603,-4.4979,-0.24994,-0.92999,-4.5509,0.70713,-0.19423,0.46438,-10.041,7.4424,-1.479,-0.19839,0.12214,-1.6246,0.95964,0.61105,-0.25181
5.8307,1.619,1.0908,2.1365,1.1665,-0.06328,-0.86731,0.045286,-0.50528,-5.3429,7.4123,1.561,0.037109,1.8061,0.98387,0.054236,-0.79984,-0.19744,5.5544,-3.5748,0.52818,-0.69109,-1.2515,0.8124,0.54613,0.94542,-0.31432,-14.562,7.169,-0.013768,-0.31247,-0.97297,-3.7596,0.74821,-0.065645,0.46047,-2.0228,10.461,-3.9652,0.63374,0.49145,-0.78857,0.93031,0.63803,-0.31035
-1.1537,0.93028,0.19765,1.0963,0.40583,-0.1014,-0.85704,0.006085,-0.51653,-8.0987,3.863,1.5936,-0.69902,1.1464,0.32567,0.041246,-0.81753,-0.18887,4.1139,3.6536,0.55172,0.29558,-1.6946,-0.27519,0.51515,0.91996,-0.34691,-3.7926,13.236,-0.37423,0.52041,-0.44252,-1.317,0.75623,0.018661,0.46461,2.0586,11.981,0.30651,-1.3407,-0.32922,0.61814,0.90294,0.64799,-0.31821
-3.7654,0.9139,-1.5907,0.60492,0.095665,-0.28531,-0.84922,-0.022427,-0.52524,-9.7406,-0.1043,0.82171,-0.50696,0.32629,-0.40316,0.050659,-0.81161,-0.20806,4.8671,6.4598,0.18913,0.48,-2.0637,-1.0224,0.45599,0.91699,-0.39847,-2.5948,19.751,-3.9813,-1.6477,-0.14037,-0.097098,0.75697,0.026754,0.46541,0.10074,-8.3184,10.185,2.3057,-0.58065,2.1234,0.92675,0.59661,-0.31901
-3.5887,0.48971,-1.4727,-0.11296,-0.091251,-0.36756,-0.84726,-0.044056,-0.52474,-7.6138,1.807,-0.37406,-0.11137,-0.64784,-0.87962,0.070036,-0.78836,-0.21509,5.9337,7.5228,-1.1041,0.1093,-1.1006,-2.1615,0.3563,0.95947,-0.41111,-4.0017,6.2741,3.4107,-2.5379,-0.31094,1.4417,0.75748,-0.041445,0.44556,-11.943,-9.486,-2.9987,-1.0795,4.4435,-1.3162,0.93889,0.5773,-0.25185
1.0928,0.87331,-1.1885,-0.9409,-0.66273,-0.18334,-0.85474,-0.030363,-0.51509,-4.0339,5.8338,-0.89267,-0.99544,-1.4911,-1.3772,0.10602,-0.73234,-0.25464,7.5698,2.7486,-1.275,-0.68893,-0.072881,-3.3862,0.25708,1.0303,-0.37418,-6.1724,-0.96968,4.583,0.20372,-0.5565,2.7236,0.75895,-0.14505,0.39893,5.2746,13.627,8.2844,-2.5679,-0.047408,-1.6161,0.8782,0.64236,-0.2244
19.452,1.1978,1.2734,-2.852,-2.2391,-0.5493,-0.87467,0.021251,-0.47962,-1.3976,22.27,-0.61674,0.10686,-1.7673,-2.4743,0.14863,-0.6623,-0.29396,14.896,-23.277,-1.8822,-0.74648,1.5728,-2.9151,0.17918,1.0886,-0.33188,-20.301,-8.2892,-3.6613,2.0845,0.073098,3.8182,0.75072,-0.21923,0.37657,-20.126,6.3135,-2.7283,-1.3992,0.642,-0.22611,0.88186,0.66404,-0.093066
31.32,0.62937,-0.84893,-1.5032,-0.41085,-0.64547,-0.90317,0.04682,-0.42611,9.7348,33.81,-2.2844,-0.7004,-2.6186,-2.3442,0.13786,-0.61748,-0.33406,13.783,-32.899,2.9968,-1.6185,3.0352,-3.0063,0.081741,1.1439,-0.26949,-20.899,0.12929,-10.398,-0.162,0.86753,2.5261,0.70333,-0.30744,0.38022,-17.149,14.4,-5.5101,-0.54122,-0.39988,1.5576,0.88415,0.65146,-0.037127
23.424,4.0083,3.7916,-1.9818,0.93098,-0.51827,-0.89393,0.062927,-0.45463,12.03,21.464,0.26635,-0.78828,-0.77163,-2.8711,0.17564,-0.65239,-0.34444,5.1414,-28.964,2.3475,-3.296,3.1607,-0.81267,0.037911,1.1924,-0.10809,-21.62,-13.657,-10.892,-0.86842,0.24214,3.0827,0.64315,-0.40473,0.37919,-24.852,5.3682,-8.0702,0.94782,-0.20075,3.3753,0.91699,0.57029,-0.032828
15.341,-1.6872,0.99216,-1.7702,0.73058,-0.48815,-0.9005,0.073499,-0.46093,4.8766,13.558,-0.1247,0.44743,-1.0261,-1.7263,0.24122,-0.69405,-0.33863,-3.4974,-16.091,2.6429,-1.5001,2.2296,-0.47107,-0.02109,1.2149,-0.005638,-11.135,-11.633,-4.2088,0.45787,0.60296,1.9757,0.57175,-0.46698,0.42502,-23.176,3.0818,-5.9039,0.5247,-0.25606,4.4607,0.9639,0.43949,-0.047383
5.5978,-2.6058,0.13631,-1.4619,0.76604,0.064649,-0.89226,0.088529,-0.48297,4.2422,4.2824,0.78899,-0.49094,-1.2753,-0.8374,0.28653,-0.72945,-0.3395,-6.5217,-6.0186,2.5392,0.32409,1.4611,-0.23554,-0.048237,1.1987,-0.034524,-3.6857,-10.878,-1.9215,-0.086681,-0.059223,0.38277,0.53932,-0.4888,0.47035,-17.631,-9.6366,2.8142,-0.070967,-0.5203,4.0172,1.0039,0.29385,-0.079052
1.723,-0.81129,0.10367,-1.0552,0.59677,0.082932,-0.87801,0.097651,-0.50662,3.6603,-2.7015,1.0792,-0.5664,-1.2913,-0.17812,0.31069,-0.75712,-0.34869,-7.7333,-1.3551,2.3517,0.51711,0.56966,0.23811,-0.040116,1.174,-0.093829,6.1326,-15.193,2.5273,1.4926,-0.85419,-0.45663,0.55654,-0.47799,0.49909,-4.0849,-16.166,1.8451,-0.92766,0.05768,2.1142,1.0358,0.18454,-0.091692
-0.87055,-1.2612,-0.76954,-0.094313,0.74602,0.081461,-0.86458,0.10672,-0.52786,3.5101,-4.9051,0.55298,-0.82277,-1.1478,0.64781,0.28785,-0.7598,-0.38767,-6.3138,0.96751,1.7215,1.0864,0.057926,0.50418,-0.021597,1.1666,-0.14667,-1.136,5.2381,6.3657,-0.5445,-0.52162,-1.4875,0.59104,-0.44294,0.4889,1.7941,-24.394,-0.79713,-0.37176,-0.1762,0.54689,1.045,0.14589,-0.10146
-3.4933,-1.1435,-0.84835,0.57334,0.47047,0.39702,-0.85303,0.10959,-0.55158,5.5808,-5.4002,-0.38437,-0.75021,-0.3129,1.3704,0.23929,-0.75106,-0.42517,-5.2379,2.1394,0.62214,0.90876,-0.49979,0.84506,0.009678,1.1718,-0.19632,-3.8562,22.112,-20.936,0.068599,3.3272,-0.1825,0.58801,-0.40141,0.50804,-0.25291,-9.4394,2.2268,2.8678,-0.31355,-1.6098,1.0494,0.15526,-0.12771
-1.5368,-0.39545,-1.0077,1.0867,0.26346,0.15258,-0.84674,0.11583,-0.5625,7.2981,1.1587,-1.0486,-0.71087,0.43481,2.1853,0.15605,-0.70999,-0.46971,-4.2269,-0.38798,0.3636,0.5348,-1.0219,1.1209,0.056693,1.1984,-0.23847,-1.9976,-2.4587,4.0983,0.94573,-1.2852,2.0422,0.57183,-0.44718,0.47811,-3.172,-0.60512,4.8759,1.0194,-0.75051,-2.5153,1.0233,0.23332,-0.16234
3.512,-1.7243,4.3868,0.24915,-1.1082,0.45355,-0.85559,0.11661,-0.55879,11.549,7.3328,2.4906,0.37763,1.1204,1.938,0.085215,-0.66278,-0.49006,-4.6787,-12.938,-1.3515,-0.61771,-1.9092,2.2735,0.1372,1.2425,-0.2182,-6.7785,8.7414,-22.609,4.1758,2.0646,0.17335,0.57102,-0.42389,0.48395,-6.769,2.9063,-3.2738,-1.7352,-0.405,-2.1068,1.0055,0.30782,-0.15605
37.713,-4.323,-9.1971,1.7978,-2.8612,0.12657,-0.91999,0.14674,-0.44161,13.347,23.566,-0.22146,1.48,2.2909,3.5302,0.053361,-0.6371,-0.46282,0.22189,-41.572,-0.55158,1.8465,-1.6152,2.1802,0.24818,1.2466,-0.21865,-8.709,-21.242,5.582,0.26294,0.40166,-0.83768,0.54896,-0.44584,0.48837,-46.167,-4.308,-2.4498,0.018308,-1.4655,-3.2109,0.9841,0.3833,-0.15961
27.91,-5.4268,4.973,2.0944,0.30153,0.076596,-0.90567,0.13713,-0.45956,14.236,28.299,4.5373,2.9318,1.5438,2.7291,0.03304,-0.65246,-0.41914,11.609,-32.334,-6.0628,1.4033,-0.77725,3.6958,0.38191,1.1488,-0.31875,-19.759,-11.379,-8.6967,1.0763,-0.93826,-1.7762,0.58863,-0.37717,0.48836,-28.673,3.5085,-5.2037,-0.2115,0.09186,-3.2895,0.95773,0.49792,-0.1767
19.452,-2.4902,0.85396,2.1362,0.69481,0.24547,-0.89254,0.085266,-0.48323,3.575,20.642,2.4174,1.3693,1.9446,1.7435,0.034337,-0.71936,-0.34709,6.2629,-15.581,-2.7557,-1.9388,-0.88089,2.39,0.47991,1.0423,-0.32754,-19.847,-7.0345,-10.939,-1.3032,-0.67987,-4.5807,0.65618,-0.28689,0.46048,-19.154,10.429,-3.7766,-0.56229,-0.057376,-1.7928,0.93593,0.59041,-0.2281
8.8366,1.9444,0.75007,2.3213,1.1532,0.14069,-0.89787,0.048138,-0.46309,-3.6651,11.03,2.5016,0.53284,1.4493,1.5425,0.000716,-0.76135,-0.29014,6.9069,-9.6875,1.413,0.26906,-2.8994,1.2056,0.51368,0.96797,-0.35062,-20.608,3.0913,-0.95617,-0.5778,-1.0688,-4.4651,0.73002,-0.1336,0.44751,-4.5932,8.2369,-0.99637,0.32253,0.33931,-1.1005,0.9096,0.64731,-0.27499
1.2025,1.1484,0.20201,1.5459,0.2326,0.009633,-0.88311,-0.001253,-0.48169,-7.7098,7.1475,3.193,0.069435,1.2679,0.58553,-0.032206,-0.79385,-0.26176,6.4784,2.1184,-0.25857,2.3369,-3.0112,-0.04538,0.45624,0.89853,-0.47397,-10.45,12.166,-0.056629,0.18178,-0.58253,-3.0871,0.75414,-0.015673,0.44468,1.9362,13.676,-5.6826,-0.17522,0.54797,-0.10435,0.89162,0.6675,-0.31268
-1.0687,0.93434,-0.99554,0.93162,0.90558,0.080392,-0.84916,-0.046187,-0.53253,-11.323,3.2745,1.5395,-0.30983,0.79828,-0.53722,-0.029522,-0.81766,-0.25234,4.2876,10.275,-2.3212,1.1676,-2.2227,-0.87864,0.36934,0.84957,-0.56392,-4.0368,21.661,-3.0144,0.67658,-0.028479,-0.67716,0.75571,0.037473,0.44542,-0.58728,1.9836,8.8264,0.01363,0.40348,1.6598,0.89543,0.6686,-0.29701
-3.2408,0.211,-1.0242,0.21262,-0.022782,-0.17767,-0.84072,-0.057744,-0.53917,-8.0701,2.3532,0.97198,0.13153,-0.09651,-1.4291,0.013701,-0.81015,-0.25062,4.6613,8.0888,-1.6931,-0.98038,-1.0169,-2.1461,0.2809,0.88168,-0.56612,-1.9365,16.265,1.5581,-2.054,0.013607,0.62528,0.75973,0.013613,0.44672,1.4056,-30.204,-13.714,0.92335,0.82197,0.081186,0.92889,0.6127,-0.29795
-1.2908,0.64441,-2.1631,-0.44035,-0.12139,-0.058511,-0.83765,-0.05684,-0.53987,-5.3288,3.7972,0.12051,0.14002,-0.85972,-2.1012,0.078428,-0.77844,-0.24765,4.5268,3.61,-0.58549,-1.7295,0.67768,-3.2603,0.20217,0.96196,-0.4973,-5.4917,2.2961,2.6573,-1.826,-0.59927,2.5508,0.76848,-0.091049,0.41178,-5.2232,-6.9786,1.5817,0.95538,-2.237,-2.4009,0.90168,0.65311,-0.25113
4.2317,0.96324,1.537,-1.6608,-0.60823,-0.005356,-0.85112,-0.00861,-0.51741,-2.8501,7.6064,-0.4982,-0.19242,-1.705,-2.7138,0.16067,-0.69011,-0.28265,11.064,-5.6688,-0.76504,-1.1244,2.0541,-2.9529,0.11813,1.0548,-0.42383,-7.4497,-5.3039,1.3282,1.3494,-0.099869,2.6694,0.75791,-0.18126,0.37709,-5.8643,1.0276,-9.838,-2.9585,2.1839,-0.35577,0.87835,0.69294,-0.11208
32.141,5.6302,-4.3246,-3.5082,-2.3042,-0.041727,-0.8882,0.088798,-0.44522,0.66735,28.841,-1.8572,0.69631,-2.3376,-1.0351,0.17992,-0.60542,-0.31457,20.637,-33.92,3.3385,0.68739,3.594,-3.6675,0.069406,1.124,-0.34975,-45.915,-9.8842,-3.4389,1.5767,-0.003646,3.7944,0.72578,-0.259,0.3751,-36.805,21.445,5.5101,-0.55295,-0.014758,1.2687,0.88171,0.66203,-0.024892
27.608,1.2556,3.8129,-2.2406,0.21557,-0.59639,-0.89228,0.10383,-0.44278,24.083,34.61,-4.1418,-2.2598,-2.8563,-2.6938,0.13679,-0.5909,-0.34902,14.287,-35.726,6.9044,-1.5939,2.6859,-1.9686,0.001957,1.1747,-0.27737,-28.442,-11.155,-9.5317,-1.9019,0.070698,2.874,0.68873,-0.35799,0.3633,-17.604,3.1586,-7.5204,-0.16809,-0.46641,2.1665,0.88647,0.64666,-0.011942
18.659,0.031409,3.6699,-1.9282,0.044405,-0.45663,-0.88865,0.11812,-0.46011,6.2224,13.476,-0.26993,-0.10308,-0.72244,-2.1921,0.18367,-0.63362,-0.36537,0.81797,-18.136,3.937,-0.27226,2.5534,-1.1428,-0.051526,1.1801,-0.28356,-16.551,-12.947,-7.3475,-0.1922,0.45783,2.525,0.62787,-0.45096,0.37106,-23.106,3.0397,-11.05,2.2773,0.33199,3.9592,0.92388,0.5433,-0.018396
12.099,-2.8713,1.6165,-1.4219,0.31965,-0.20717,-0.89501,0.12493,-0.45769,5.5072,9.5426,-0.032241,-0.16018,-1.7335,-1.1351,0.2165,-0.6941,-0.35674,-5.9035,-8.3599,2.5111,-0.52626,1.5,-0.97482,-0.097623,1.1578,-0.31098,-5.9257,-11.572,-3.0537,0.58978,0.39922,1.3106,0.581,-0.49279,0.42156,-19.575,-6.0871,0.80372,0.25387,-0.56471,3.901,0.97395,0.39811,-0.044958
3.6595,-0.99053,0.28135,-0.91048,0.43081,0.11231,-0.89842,0.13537,-0.45533,4.405,-0.003174,0.60516,-0.59013,-0.981,-0.52436,0.21449,-0.7213,-0.38918,-6.8453,-4.6613,2.1219,-0.7559,0.64687,-0.46185,-0.1302,1.1299,-0.33024,2.27,-12.975,-2.4749,0.77934,-0.38302,0.011961,0.56072,-0.50175,0.47732,-12.144,-6.5874,1.4957,-0.90047,-0.10422,2.8924,1.0181,0.24773,-0.057107
0.041293,-0.49938,-0.41444,-0.45307,0.82739,0.19293,-0.88681,0.15123,-0.4752,2.6846,-2.9632,1.0914,0.04594,-0.7244,0.19133,0.21284,-0.7384,-0.39856,-6.9534,-0.67844,0.73318,-0.016132,0.21567,0.090479,-0.13222,1.1176,-0.33025,4.1547,-3.9791,5.8593,0.37996,-0.58948,-0.95972,0.59049,-0.47107,0.48524,0.1284,-17.741,0.31329,-1.1731,-0.15837,1.3735,1.0348,0.18119,-0.053332
-2.7162,-0.46243,-0.41272,0.51112,0.53443,0.15055,-0.86684,0.14902,-0.5132,3.4314,-4.3102,0.85657,-1.179,-0.27094,0.61993,0.21827,-0.73556,-0.41532,-6.8365,2.7005,-0.36048,-0.1402,-0.29136,0.91456,-0.10451,1.1252,-0.31292,-2.2365,15.137,-1.5305,1.3018,0.32497,-1.4181,0.63141,-0.42533,0.47349,3.5583,-23.146,1.1038,2.3306,-0.21818,-0.040625,1.0385,0.1634,-0.070318
-2.9313,-2.3246,-1.2099,0.82347,0.23434,0.29441,-0.86009,0.14596,-0.52851,4.6811,-5.2322,-0.014862,-0.46587,0.6426,1.6682,0.18125,-0.70999,-0.44509,-5.3506,1.0838,0.61435,-0.68687,-0.84567,1.2804,-0.055427,1.1546,-0.27107,-18.529,11.749,0.36674,-1.0097,1.1842,1.1784,0.58828,-0.41783,0.52549,-2.612,-5.0078,2.7667,3.0038,-0.62693,-2.0907,1.0387,0.19753,-0.11061
0.39904,-0.56105,-0.53151,1.0601,-0.18638,0.31247,-0.85964,0.14573,-0.53012,9.1263,2.2089,0.28941,0.10051,0.81691,2.415,0.11464,-0.67511,-0.44966,-3.5586,-2.2711,0.56297,-0.77903,-1.416,1.4419,0.004787,1.1973,-0.20574,0.35894,-10.574,9.9844,-0.5861,0.11934,0.056236,0.59715,-0.45232,0.48564,-2.9159,1.5987,2.376,-0.81396,-0.81442,-2.3305,1.0225,0.27929,-0.14912
23.462,-5.8482,0.66107,-0.31834,-4.3849,0.73117,-0.90395,0.18851,-0.43856,15.888,20.644,2.2936,1.2617,1.8664,2.5553,0.0539,-0.60986,-0.45525,-3.2753,-32.718,1.9185,-2.3081,-2.5133,2.517,0.1261,1.2335,-0.080415,-17.596,-19.026,5.236,-0.015966,1.0619,0.17091,0.58451,-0.43876,0.4866,-32.291,-2.8047,-2.2711,-1.7486,-0.4834,-2.6093,0.9904,0.37438,-0.12624
28.752,-4.0045,1.4519,0.66094,0.86141,0.37132,-0.9202,0.1875,-0.39903,12.621,27.825,0.45456,4.1161,1.1727,3.0753,0.046154,-0.6065,-0.41083,13.415,-46.557,0.29501,2.3913,-1.1805,4.1721,0.28257,1.1807,-0.13896,-19.031,-14.305,-4.177,2.2117,-0.50347,-2.0206,0.61064,-0.38393,0.49904,-23.893,4.1301,-5.6442,-0.061433,0.12016,-3.2702,0.97519,0.48333,-0.14685
22.604,-5.0404,2.3312,2.3641,0.6423,-0.030938,-0.91004,0.1562,-0.42215,7.1942,25.188,2.2878,1.4383,1.6539,1.3158,0.062574,-0.66742,-0.32677,11.736,-17.879,-4.2807,0.56539,0.71842,4.0543,0.43327,1.0732,-0.23993,-19.431,-10.199,-12.593,-0.38742,-0.89558,-3.6396,0.65565,-0.31528,0.49111,-25.566,8.1804,-8.0747,-0.8471,-0.28666,-2.6282,0.95809,0.59399,-0.18553
13.057,0.78369,0.93122,2.4607,0.73317,0.022698,-0.89886,0.10145,-0.44465,-1.2932,13.306,1.032,0.32316,1.4873,0.98486,0.045102,-0.73284,-0.27044,4.1262,-9.7812,-0.64216,-1.6012,-0.013722,2.5864,0.53377,0.98567,-0.2213,-23.316,-0.045667,-3.1006,0.003424,-0.89244,-4.6198,0.72005,-0.18463,0.47565,-9.2708,6.3474,-1.2747,0.029193,0.32113,-1.521,0.94699,0.68227,-0.25701
5.7344,1.5987,0.80638,1.6662,0.68483,-0.12845,-0.88595,0.051144,-0.46739,-4.6829,7.4217,2.581,0.68951,1.1644,0.86763,0.009694,-0.77993,-0.23064,5.8632,-0.66843,1.0153,-1.1438,-1.6616,1.0384,0.56385,0.93107,-0.22248,-15.524,8.1485,-0.21423,-0.58415,-0.76953,-3.4801,0.75277,-0.060604,0.46213,-2.9683,9.4649,-3.9838,0.77913,0.17353,-0.33473,0.93366,0.70995,-0.34978
1.1193,0.97077,0.33453,0.88204,0.70415,-0.067178,-0.86125,-0.004525,-0.5097,-6.9073,5.8623,2.2394,0.59712,1.2222,0.052693,-0.011451,-0.83486,-0.17081,5.3733,3.7974,0.70766,0.2386,-2.4553,-0.53257,0.54271,0.876,-0.34034,-3.7353,16.046,-1.5466,0.51919,-0.34751,-1.352,0.77476,0.049886,0.45525,2.4889,10.928,-2.3188,-1.6965,-0.5975,0.35655,0.90929,0.73377,-0.38668
-2.5292,0.57138,-1.7924,0.59362,0.091923,-0.18124,-0.85242,-0.02758,-0.52221,-9.0978,2.8483,1.3859,-0.23576,0.58102,-0.97526,0.00895,-0.84035,-0.15921,5.8914,6.5808,-1.0615,1.225,-2.3298,-1.8025,0.45994,0.88094,-0.4228,-2.0264,16.426,-4.6941,-1.1373,-0.10084,-0.005751,0.77895,0.060747,0.46017,-1.7829,-5.4528,9.2866,2.1809,-0.2339,2.1593,0.92425,0.68741,-0.36563
-4.486,-0.000604,-1.1917,-0.029694,0.086574,-0.35188,-0.85942,-0.026092,-0.5016,-6.9026,1.5122,0.39691,-0.81723,-0.50521,-1.6528,0.052856,-0.80389,-0.1829,7.1429,7.9592,-2.6704,0.17806,-1.3081,-2.9863,0.34498,0.93615,-0.40587,-3.4022,8.4992,2.7601,-2.1881,-0.20608,1.3723,0.77274,-0.002971,0.45726,-7.715,-11.401,-12.099,-0.82479,4.3403,-1.0291,0.94205,0.6581,-0.29584
0.075675,1.6085,-1.4302,-0.71859,-0.63277,-0.011801,-0.86355,-0.018433,-0.49273,-4.1603,3.4218,-0.47917,-0.95163,-1.4244,-2.1965,0.121,-0.7515,-0.22348,8.3336,2.9781,-0.15984,-2.0822,-0.089089,-3.7532,0.22984,1.0164,-0.3422,-5.8183,-0.565,6.8031,-0.19797,-0.51395,2.4805,0.77877,-0.10827,0.41969,6.1189,15.753,10.202,-1.5165,-0.53819,-1.4234,0.89062,0.70821,-0.27021
16.222,2.5059,4.8763,-3.0424,-1.9307,-0.17981,-0.87571,0.043992,-0.46313,-2.6367,18.993,-1.8253,-0.64019,-2.0725,-2.5834,0.18354,-0.66222,-0.26971,16.622,-29.654,1.6338,-1.6078,1.8718,-2.944,0.14659,1.0993,-0.21289,-14.26,-12.605,-4.353,1.3699,-0.56636,3.7349,0.76363,-0.18646,0.3895,-13.543,-0.43649,-8.1488,-0.25178,0.12753,0.51197,0.89424,0.70548,-0.12392
29.512,0.44573,0.53895,-1.6942,-0.002566,-0.63848,-0.89381,0.06953,-0.43215,10.21,34.286,-1.8419,-2.472,-3.1614,-2.8285,0.20302,-0.58273,-0.35123,8.9034,-31.059,1.1843,-1.961,3.5773,-2.5263,0.051602,1.1456,-0.18209,-20.668,3.7252,-9.1665,-0.1493,0.49439,2.6664,0.73335,-0.29877,0.3861,-19.614,17.362,-3.2875,-0.82432,-0.39318,0.94433,0.90527,0.68243,-0.036226
24.73,3.3455,2.0213,-2.0988,0.79514,-0.60538,-0.89292,0.079821,-0.44548,11.878,20.691,-0.29706,-0.66874,-0.68564,-3.1287,0.22472,-0.58879,-0.39717,5.1044,-28.755,2.4118,-1.469,3.3483,-0.4834,0.000968,1.1848,-0.060926,-22.027,-13.073,-11.156,-1.155,-0.021522,2.8251,0.68175,-0.39756,0.38086,-19.75,6.0621,-8.2286,0.56453,-0.38125,3.5409,0.93029,0.59219,-0.014976
15.456,-2.4383,1.4657,-1.7105,0.66562,-0.56804,-0.89883,0.089475,-0.44701,3.8143,13.391,0.3565,0.70544,-1.141,-1.852,0.25659,-0.62612,-0.39265,-1.7279,-12.98,1.5399,0.38209,2.6671,-0.46279,-0.030924,1.2008,-0.056098,-11.02,-12.069,-3.8984,0.70544,0.48123,2.1513,0.61515,-0.44685,0.41686,-23.943,0.43664,-4.6689,0.93499,-0.18459,4.2798,0.9571,0.45922,-0.029336
6.7661,-2.3092,1.4454,-1.4205,0.65085,0.14109,-0.8924,0.10429,-0.46504,4.2245,4.0191,1.0842,-0.060974,-0.87384,-0.94554,0.29465,-0.66505,-0.39866,-4.9387,-6.1645,1.045,0.31456,1.6535,-0.58443,-0.06241,1.1855,-0.11621,-4.3839,-10.183,-1.8913,0.32091,0.22245,0.66553,0.57496,-0.46665,0.4696,-17.806,-7.3543,4.0725,0.32788,-0.35956,3.8309,0.99819,0.31251,-0.058821
2.8719,-0.45088,0.30873,-0.92134,0.59722,0.094193,-0.88569,0.12269,-0.48038,2.5634,-1.7874,1.6016,0.046242,-0.99478,-0.002023,0.30273,-0.68877,-0.40946,-4.8504,-2.0314,0.55389,0.61395,0.82803,-0.45818,-0.08374,1.168,-0.16477,5.0871,-12.555,2.0982,1.1439,-0.74749,-0.29741,0.58604,-0.45864,0.49278,-3.8728,-14.274,0.91247,-1.1916,-0.014914,2.2065,1.0222,0.20199,-0.061978
-1.797,-1.3899,-0.06109,-0.20222,0.8607,0.021481,-0.86358,0.12055,-0.52643,3.227,-4.2012,1.8644,-0.46523,-0.92765,0.63723,0.29752,-0.73725,-0.41352,-5.7279,1.2765,-0.11353,0.829,0.2393,0.10971,-0.080882,1.1414,-0.2637,0.19989,3.865,5.9663,-0.82383,-0.63981,-1.344,0.61756,-0.44042,0.47788,1.875,-24.817,-1.7382,-0.50097,-0.13917,0.45065,1.0481,0.13073,-0.083508
-3.9447,-0.61253,-1.1766,0.32616,0.33283,0.44648,-0.85385,0.12333,-0.54628,5.9316,-4.4571,1.0948,-0.45645,-0.24551,1.1489,0.25599,-0.7348,-0.44207,-6.4748,1.7845,0.30395,0.30938,-0.42219,0.71433,-0.058754,1.1493,-0.28469,-0.37503,19.676,-19.866,0.58014,3.2843,-0.27068,0.62046,-0.39959,0.49638,-0.7556,-10.028,2.4259,2.5089,-0.32381,-1.4387,1.0499,0.1447,-0.11073
-1.2578,-1.1841,-0.74213,0.90645,0.00557,0.27749,-0.8564,0.13603,-0.54051,7.9452,0.60694,0.68799,-0.50648,0.44621,2.1277,0.18416,-0.69088,-0.47436,-5.2641,0.54488,0.31209,-0.027873,-1.0236,0.97524,-0.03693,1.1907,-0.24118,0.53149,-7.7319,10.24,0.47444,-1.5245,1.5552,0.60444,-0.43494,0.47751,-3.6659,-0.71003,5.6293,1.0417,-0.74491,-2.5132,1.0297,0.22773,-0.13235
9.095,-2.905,4.9661,-0.066685,-2.3998,0.52305,-0.87219,0.14716,-0.51489,14.42,14.547,2.5387,0.40422,1.6751,1.6693,0.13071,-0.65117,-0.48167,-5.8975,-15.727,-0.85931,-1.9755,-1.9826,1.8313,0.026668,1.2499,-0.14845,-13.82,-7.7858,-22.912,-0.3448,0.71058,-0.2649,0.58636,-0.43374,0.47955,-9.3881,4.3218,-2.9407,-1.7547,-0.44902,-2.3628,1.0064,0.3141,-0.13098
33.214,-0.98087,-13.358,1.7317,-0.50942,0.51163,-0.92809,0.16191,-0.41341,8.8137,22.082,1.8024,1.6131,2.5891,3.1581,0.11544,-0.6204,-0.46101,4.8454,-48.072,-0.043224,0.66659,-2.1394,3.0449,0.16695,1.258,-0.077118,-15.782,-15.639,2.4025,1.1615,0.054837,-1.6621,0.59434,-0.40299,0.49304,-24.398,-2.8484,-4.5883,-0.51087,-0.90404,-3.5848,0.97786,0.41715,-0.14048
23.411,-6.2837,2.2173,2.4205,0.38872,0.068757,-0.91335,0.1381,-0.444,9.455,29.876,3.5042,2.1875,1.9171,1.9399,0.10581,-0.66694,-0.38358,14.162,-27.697,-5.9874,0.23825,0.32262,4.2932,0.37031,1.1624,-0.15066,-18.126,-13.283,-10.83,0.20494,-0.81071,-2.2383,0.62577,-0.35693,0.48637,-29.534,4.0845,-6.4195,-0.46496,-0.045921,-3.2479,0.96499,0.54884,-0.17768
17.911,0.060287,1.6423,1.8664,0.74042,0.02235,-0.8964,0.093974,-0.47449,-0.14399,16.891,0.75162,0.40464,2.1075,1.3279,0.11805,-0.71784,-0.32953,5.8213,-15.352,0.17971,-1.5913,-0.047757,3.1285,0.50245,1.0556,-0.132,-21.511,-4.3703,-7.524,-0.63661,-0.70339,-4.4079,0.68846,-0.25766,0.46497,-15.688,9.1653,-3.8634,-0.21309,0.16001,-1.7838,0.94718,0.65079,-0.23472
9.2569,0.9777,0.7992,1.6869,0.57927,-0.023672,-0.88267,0.047834,-0.49193,-5.206,9.052,1.4041,0.50336,1.3312,1.4037,0.095025,-0.7601,-0.2925,7.7838,-4.776,3.1305,0.30841,-1.9443,1.6693,0.57096,0.96442,-0.17585,-18.196,4.7785,-0.3693,-0.46057,-0.76865,-3.8063,0.74192,-0.12317,0.45438,-3.7916,9.1503,-2.6538,1.0086,0.43905,-0.98615,0.92191,0.69694,-0.29083
1.5441,0.70247,-0.12661,1.042,0.83436,-0.028294,-0.86791,0.008969,-0.51264,-6.5358,5.7711,2.0444,0.25223,0.92493,0.55462,0.067492,-0.79504,-0.26326,6.6949,2.6035,1.9391,1.3495,-3.1683,0.050378,0.54796,0.91817,-0.28802,-8.1342,11.93,-0.74516,0.80576,-0.72311,-2.3453,0.75584,-0.01828,0.45492,2.4398,13.637,-3.7169,0.083797,0.48004,-0.085743,0.89494,0.70264,-0.32654
-2.6053,1.1211,-0.14043,0.88653,0.44528,-0.11114,-0.84995,-0.017876,-0.53372,-9.1995,0.70904,2.0512,0.2879,0.33029,-0.43167,0.068914,-0.80633,-0.24856,4.9112,7.3059,-1.7637,1.5428,-2.5593,-1.1987,0.47371,0.89646,-0.40704,-1.7091,19.626,-5.6741,0.05948,-0.034942,-0.36286,0.75825,0.028357,0.45677,-0.54909,1.0933,11.297,1.1657,0.54563,1.8804,0.89787,0.67516,-0.28813
-4.0684,-0.15812,-1.5477,0.29866,-0.11307,-0.50377,-0.85059,-0.053523,-0.53172,-7.5166,1.1511,0.86782,0.033414,-0.61887,-1.1555,0.093891,-0.80555,-0.2424,6.2444,8.8935,-2.5486,-0.01782,-1.7189,-2.0117,0.35859,0.9207,-0.45622,-3.2572,12.324,3.0365,-2.0502,-0.19528,0.58077,0.75484,-0.004616,0.45247,0.74238,-31.373,-16.044,1.083,0.75817,-0.017002,0.92421,0.58448,-0.34123
-0.87141,1.1592,-2.0372,-0.39866,-0.52041,-0.13054,-0.85478,-0.053682,-0.52415,-4.8573,3.8773,0.58065,-0.84179,-1.4489,-1.7165,0.13811,-0.76376,-0.27137,6.2723,3.2862,-0.92502,-0.93509,-0.11322,-3.2667,0.26343,0.9912,-0.42385,-5.4431,2.5348,4.8415,-1.1666,-0.51214,2.3292,0.7601,-0.097874,0.42103,-2.6188,-4.7173,3.0064,-0.5873,-1.5841,-2.3162,0.89134,0.6273,-0.27308
6.6494,1.8828,2.0389,-2.4663,-0.74396,0.096567,-0.86084,-0.011785,-0.51248,-1.4776,14.413,-0.26913,-0.72933,-2.1492,-2.8422,0.18648,-0.68976,-0.31615,10.818,-7.0023,-1.105,-1.3659,1.4193,-3.3715,0.18001,1.0684,-0.35569,-7.9327,-6.5362,-0.38339,1.646,0.22563,2.7508,0.75934,-0.17151,0.3919,-14.293,2.0376,-5.4055,-0.78053,0.5381,-0.26519,0.87506,0.66914,-0.14462
32.648,4.5279,-0.16435,-1.1581,-1.5711,0.091698,-0.9024,0.062069,-0.43881,0.80296,28.886,0.924,-1.6482,-2.3548,-2.282,0.19839,-0.61001,-0.38161,18.196,-36.268,-3.9337,-1.9951,4.3334,-3.5788,0.095464,1.1579,-0.19176,-30.595,-0.11297,-4.6798,1.4195,-0.67826,3.3393,0.72317,-0.25439,0.39065,-27.002,28.001,-0.31313,-0.58149,-0.27074,0.66168,0.8761,0.64381,-0.080763
26.212,3.6486,2.9225,-2.0294,0.97282,-0.80921,-0.90478,0.073775,-0.44007,14.625,29.677,-0.10551,-1.4476,-1.1603,-3.2921,0.20257,-0.59808,-0.42704,10.719,-30.574,0.14962,-6.0698,4.1531,-0.9254,0.017278,1.2073,0.068439,-26.741,-11.219,-10.458,-1.8022,-0.14613,2.5795,0.67177,-0.33988,0.39555,-19.584,2.4912,-8.4372,-0.045057,-0.51765,2.6769,0.89542,0.58532,-0.056959
16.541,-0.52045,3.2622,-1.8022,0.64496,-0.61706,-0.90149,0.092102,-0.46613,3.0458,15.305,1.6826,0.95323,-0.47096,-1.6653,0.26284,-0.62635,-0.44253,1.8497,-20.272,-1.296,-1.4173,3.8751,0.09529,-0.055347,1.2246,0.23832,-13.644,-12.639,-6.4265,0.000285,0.42529,2.3201,0.60466,-0.43287,0.40605,-24.143,5.1267,-10.464,1.2431,0.076311,4.21,0.93048,0.49138,-0.039442
9.3674,-2.5501,0.88156,-1.5378,0.75723,-0.051738,-0.89908,0.10131,-0.47872,3.6158,7.9914,0.90173,-0.24615,-0.79506,-1.1797,0.30909,-0.66731,-0.43429,-5.2616,-7.8875,-2.387,-0.50094,2.7454,-0.42964,-0.10774,1.2174,0.20347,-7.0204,-10.128,-1.5767,0.18004,0.065707,1.0343,0.55865,-0.47055,0.4488,-21.249,-9.296,2.0966,0.007059,-0.68074,4.2129,0.97264,0.3384,-0.058926
3.018,-1.0451,0.39551,-1.2184,0.34305,0.2408,-0.89229,0.10967,-0.49533,3.0186,-1.3948,0.62433,0.085487,-0.97462,-0.4574,0.33787,-0.69687,-0.43022,-8.4467,-5.2193,1.0243,-0.12619,0.73404,-0.5259,-0.13653,1.1913,0.17453,2.7589,-11.948,-1.9409,0.064243,-0.68168,-0.14084,0.55759,-0.48165,0.46592,-9.7547,-11.201,1.5983,-0.47599,0.1712,2.9502,1.0143,0.1875,-0.091906
1.0215,-1.2338,-0.2924,-0.34391,0.50672,0.11155,-0.88495,0.12743,-0.50657,2.9362,-4.346,1.2568,-0.11419,-1.1256,0.4847,0.32514,-0.71446,-0.44331,-8.1742,-2.4878,1.6214,1.8332,-0.30861,0.096292,-0.14303,1.1924,0.11021,2.2653,-2.0348,7.2373,0.24878,-0.54682,-0.77095,0.58475,-0.45465,0.47636,1.5121,-20.116,2.452,-1.424,-0.15955,1.2108,1.0262,0.12209,-0.087245
