-4.5302,0.2798,-1.0527,0.80928,0.56979,-0.54545,-0.82868,-0.035289,-0.55297,-7.6037,-0.27716,0.32227,0.053737,-0.10833,-1.3935,0.091485,-0.78565,-0.23869,5.3647,6.4161,-3.3546,1.0642,-3.4135,-0.49793,0.53452,0.80417,-0.49687,-3.5181,15.989,0.77058,-2.1594,-0.075838,0.79907,0.79058,-0.013604,0.43872,2.9531,-24.277,-2.095,0.64971,-0.38791,0.79304,0.96817,0.66953,-0.34393
-2.2327,0.26465,-1.8786,-0.096079,-0.57221,-0.22878,-0.83056,-0.048642,-0.54317,-3.7621,4.2476,0.091882,0.14024,-1.0812,-1.9219,0.13708,-0.73017,-0.2502,9.7304,6.3099,-5.0421,0.057108,-1.8998,-1.6499,0.43423,0.83721,-0.52086,-5.8289,3.4341,3.7466,-1.7608,-0.38583,2.5938,0.78275,-0.12066,0.41075,-7.6738,-10.563,8.2889,1.1065,-2.5072,-2.1683,0.94601,0.68207,-0.25511
1.1926,0.91637,0.59159,-0.83587,-0.53596,-0.089014,-0.83834,-0.031443,-0.53123,0.89814,12.446,0.2138,-0.54889,-2.0666,-3.2231,0.1903,-0.65738,-0.28551,10.792,0.37476,-1.0793,-1.202,-0.11318,-2.9781,0.3554,0.9155,-0.48358,-7.6781,-3.7883,1.8865,1.1482,0.14124,2.9032,0.769,-0.21199,0.38629,-7.3401,4.5936,-7.0621,-2.8056,2.0184,-0.43079,0.91385,0.73381,-0.15749
35.447,3.8966,-0.054541,-3.3523,-4.0252,0.57171,-0.88093,0.058017,-0.44753,0.23,23.243,-0.37771,-0.64424,-1.5384,-2.2302,0.22518,-0.59025,-0.32238,14.174,-29.191,-0.31066,-2.4659,2.5905,-4.1558,0.30801,1.0022,-0.39743,-43.459,-11.845,-3.0705,1.3613,-0.48759,3.7629,0.74491,-0.29354,0.38376,-38.859,19.256,1.522,-0.21991,-0.40967,1.9636,0.91973,0.70973,-0.065755
27.736,3.2083,0.39737,-1.4128,0.85213,-0.65667,-0.89055,0.066827,-0.43003,13.896,31.653,-1.1012,-0.83125,-2.3594,-1.704,0.19336,-0.5843,-0.35269,8.3424,-32.076,3.5924,-5.0784,3.0412,-3.6741,0.18457,1.1072,-0.18662,-26.236,-10.964,-9.0506,-1.173,0.17638,2.9055,0.68567,-0.38643,0.38884,-16.9,4.3445,-8.5168,-0.55316,-0.49483,2.0729,0.92116,0.66528,-0.025325
18.671,1.0092,3.4706,-1.3742,0.34997,-0.25583,-0.88257,0.076256,-0.46227,5.9539,13.932,1.039,-0.23646,-0.070583,-1.215,0.23153,-0.61819,-0.36841,1.3357,-29.923,3.4952,-3.0582,3.002,-2.0892,0.063113,1.1502,0.04092,-15.929,-11.321,-7.2525,-0.27921,0.30634,2.2231,0.62633,-0.46851,0.40234,-23.914,4.5768,-12.161,1.0843,-0.034494,4.2006,0.94892,0.55354,-0.012493
11.688,-1.858,0.77252,-1.3166,0.72414,-0.20357,-0.8986,0.098056,-0.4477,2.8498,10.472,-0.27901,-0.039126,-0.73676,-0.27509,0.25003,-0.65331,-0.36856,-4.2841,-14.032,3.4317,-0.19643,2.2548,-1.3068,-0.050949,1.1829,0.12933,-5.3509,-11.019,-2.9735,0.60999,-0.094838,0.96732,0.57076,-0.49904,0.44916,-21.642,-6.0689,2.0808,0.64918,-0.59633,4.3115,0.99961,0.36615,-0.045991
3.6126,-1.6855,-0.24269,-1.1232,0.46862,0.13986,-0.89351,0.11015,-0.4658,3.1184,2.2055,0.046994,-0.33767,-0.64076,0.21587,0.25804,-0.68637,-0.37998,-8.4222,-6.6512,3.3873,1.2591,1.3444,-0.8606,-0.11915,1.1812,0.058853,2.055,-12.748,-2.3126,0.8194,-0.63099,-0.074658,0.5671,-0.49256,0.47723,-11.654,-8.7603,2.1302,-0.042638,0.13653,3.1604,1.0301,0.22365,-0.066592
-0.17534,-0.46933,-0.31573,-0.62546,0.72034,0.11631,-0.87426,0.10767,-0.5028,1.4964,-2.4785,0.076409,0.059396,-0.83121,0.50676,0.25801,-0.72746,-0.3709,-7.4778,-2.8129,2.44,1.936,0.45748,0.078706,-0.13963,1.1606,-0.078019,3.4916,-4.2369,4.9702,0.83242,-0.62134,-1.1667,0.60389,-0.46325,0.48919,1.1685,-18.974,2.6182,-1.399,-0.14259,1.4109,1.046,0.15396,-0.05586
-3.1527,-1.687,-1.1148,0.048898,0.50014,0.44521,-0.86015,0.11787,-0.52692,1.7117,-4.2775,0.062224,-0.41422,-0.99587,0.71676,0.22324,-0.73208,-0.39053,-6.77,0.46572,0.24458,2.0221,0.07276,0.92465,-0.11294,1.16,-0.18671,-2.7066,18,-2.3667,1.5281,0.55398,-1.5035,0.63562,-0.41074,0.48463,1.8842,-23.454,-1.0649,1.5721,-0.19469,-0.19427,1.0517,0.1359,-0.070523
-4.2413,-1.7306,-0.97409,0.48103,0.057688,0.30533,-0.85479,0.13088,-0.53509,3.3141,-4.5588,-0.93779,-0.31771,-0.3158,1.232,0.17513,-0.71429,-0.41729,-5.9178,1.4302,-1.0038,1.0432,-0.48465,1.3573,-0.058619,1.1752,-0.24958,-19.191,12.202,1.7579,-1.7095,-0.15826,1.3957,0.58761,-0.42434,0.51909,-2.2407,-6.0865,2.5356,3.0112,-0.67734,-2.4583,1.0506,0.18695,-0.1104
2.4131,-1.8663,-0.77528,1.038,-0.26136,0.27347,-0.85902,0.14626,-0.5302,6.3925,-1.8582,-0.47885,0.85489,0.095357,2.0453,0.090532,-0.66897,-0.44176,-4.1378,-1.0369,-3.0609,-0.3071,-1.1359,1.844,0.030239,1.2311,-0.24685,-1.0635,-9.9019,-0.61507,0.59819,1.0067,0.41401,0.60283,-0.43829,0.47258,-4.1765,2.6441,-0.6562,-0.33742,-0.43867,-2.4824,1.0278,0.2781,-0.13481
37.808,-4.0228,4.2993,1.4494,-5.1732,0.37363,-0.91681,0.18368,-0.41629,17.4,25.763,-0.41885,3.6623,1.5818,3.1597,0.018122,-0.6338,-0.41561,-3.1998,-41.446,2.3702,-2.7249,-1.5634,2.2421,0.16116,1.2861,-0.074154,-12.744,-23.684,1.8064,1.6337,0.87995,-0.72827,0.60004,-0.41988,0.48587,-72.636,5.4986,0.86938,-2.2528,-0.74593,-1.9714,1,0.36315,-0.11518
28.43,-4.6538,6.7611,1.6251,0.71913,-0.12106,-0.91058,0.15892,-0.42456,17.145,31.804,-1.3576,4.4215,1.4577,2.3515,-0.009488,-0.64691,-0.36674,14.553,-46.575,-5.5206,1.6751,-0.77224,4.7608,0.28371,1.2296,-0.12152,-20.545,-8.986,-4.9692,1.2331,-0.66763,-2.1515,0.62436,-0.37398,0.48757,-28.581,4.8472,-4.1929,0.32839,0.23787,-3.3062,0.98931,0.46928,-0.14733
19.819,-2.7156,2.5299,2.1569,0.92781,0.047399,-0.89831,0.10584,-0.45454,7.6475,21.326,1.1512,2.1938,1.6451,0.80816,0.009599,-0.71642,-0.26878,11.328,-12.839,-4.9732,-0.94895,1.0075,3.8134,0.4687,1.0849,-0.22147,-19.567,-8.0054,-12.581,0.009004,-0.80352,-3.9996,0.67937,-0.28072,0.47067,-21.819,8.7486,-5.2261,-0.82847,-0.089652,-2.4097,0.97947,0.5891,-0.20516
11.06,0.68255,0.3515,1.9067,0.87252,-0.080336,-0.88409,0.057297,-0.4785,-2.708,12.213,0.44337,0.034055,1.6317,0.70367,0.01187,-0.77077,-0.19334,4.7461,-8.6607,1.1916,-2.4231,-0.86172,2.4991,0.57124,0.98947,-0.15313,-22.034,5.4733,-2.4713,-0.31116,-0.95626,-4.1491,0.73415,-0.14569,0.46053,-7.6233,7.1467,-1.9126,0.29325,0.2365,-1.4433,0.97059,0.67149,-0.28915
3.8843,1.191,0.62871,1.4414,0.94599,-0.20874,-0.86982,0.013574,-0.49638,-6.3426,6.5074,2.0865,-0.4889,0.79655,0.6008,-0.00535,-0.80134,-0.15708,5.5445,-0.38482,2.3506,0.1332,-2.3903,0.68056,0.61423,0.90616,-0.20132,-11.521,9.889,-0.97427,-0.17891,-0.77236,-3.0495,0.76813,0.001725,0.46165,-1.034,11.879,-5.2998,0.50462,0.39313,-0.66273,0.94678,0.70587,-0.37073
-0.60658,1.2688,-0.56886,0.84574,0.62072,-0.13569,-0.85314,-0.022234,-0.51693,-7.6904,4.0546,2.4607,-0.63758,0.56776,-0.36009,-0.010998,-0.81173,-0.15772,4.6683,5.3916,0.85789,1.8272,-3.1797,-0.51815,0.5651,0.87596,-0.31912,-2.7209,17.352,-3.5518,-0.047627,-0.38451,-0.63765,0.77524,0.059593,0.46066,3.1958,11.508,1.0014,-1.8341,-0.16744,0.74122,0.91442,0.72687,-0.34447
-4.2462,0.264,-1.379,0.50998,0.3152,-0.2894,-0.84057,-0.051232,-0.53566,-9.4491,1.6608,1.6807,-0.64018,-0.048121,-1.1145,0.013123,-0.80701,-0.17181,7.4641,8.1894,-2.9576,1.3907,-3.0136,-1.5646,0.46664,0.87502,-0.41485,-2.6131,15.909,1.089,-2.1134,-0.2959,0.1313,0.7746,0.018628,0.44673,0.95934,-14.432,11.428,2.4461,-0.90347,1.9183,0.94302,0.65699,-0.34357
-2.9952,0.046304,-1.3262,-0.1747,-0.34934,-0.22261,-0.83866,-0.059055,-0.53308,-5.4595,2.6938,0.56285,-0.86043,-0.81366,-1.6166,0.063349,-0.77288,-0.20215,8.4772,8.2464,-2.4763,0.03074,-1.1238,-2.4832,0.37069,0.90354,-0.45776,-4.7642,5.3974,3.4057,-2.0742,-0.40036,2.0205,0.7802,-0.064607,0.42356,-13.352,-11.162,17.995,0.8191,-0.19934,-1.491,0.94856,0.65233,-0.24855
3.0134,0.60399,-0.91882,-0.9609,-0.42421,0.098299,-0.84224,-0.039011,-0.52616,-1.5049,9.0111,-0.80331,-1.2601,-1.5159,-2.3269,0.11374,-0.70074,-0.25632,9.6229,1.5261,-0.77477,-2.2185,0.099193,-3.8764,0.26869,0.99989,-0.37483,-7.1031,-4.1631,4.1945,1.3356,-0.23774,2.8106,0.77558,-0.15821,0.38436,0.90199,2.8822,-0.95672,-3.2458,2.5009,-1.0831,0.89867,0.71178,-0.19252
31.117,3.8084,2.9116,-1.6096,-3.2045,0.81286,-0.87439,0.059838,-0.46427,0.32047,23.377,-0.93064,-1.2554,-1.0312,-2.0366,0.16328,-0.60108,-0.32611,19.192,-40.095,1.3267,-2.5639,3.2462,-4.1401,0.18216,1.0989,-0.23953,-53.035,-16.975,-1.359,1.9557,0.080013,4.3998,0.74334,-0.25588,0.39336,-27.13,18.264,2.1748,-1.7551,0.098089,0.85031,0.90992,0.67883,-0.060323
28.074,3.2936,2.4972,-1.6534,-0.32444,-0.46211,-0.89558,0.079197,-0.42489,16.049,30.542,-2.0652,-0.92086,-1.7814,-1.7765,0.13791,-0.57029,-0.36238,8.3809,-30.212,0.33077,-4.5308,3.5643,-2.4966,0.068488,1.162,-0.08295,-30.343,-11.46,-9.1776,-1.3698,0.35194,2.7796,0.69555,-0.35523,0.38778,-18.196,7.5542,-6.2425,0.26376,-0.19785,2.6758,0.91247,0.64068,-0.014503
21.747,2.5372,4.2575,-2.1865,1.4889,-0.7375,-0.88893,0.099701,-0.4491,7.5713,16.747,-0.86784,-0.022416,0.46223,-1.9069,0.17032,-0.60301,-0.35699,2.0231,-29.263,1.8364,-2.7145,3.3332,-0.79399,0.001108,1.1864,0.14186,-17.533,-12.423,-8.7841,-0.13357,0.11008,2.9036,0.63064,-0.43799,0.38359,-27.023,7.8102,-9.9844,1.9906,0.53964,3.8508,0.93434,0.55372,-0.021103
12.028,-2.5428,0.89003,-1.6536,0.26898,-0.30875,-0.89138,0.10301,-0.46417,1.6242,11.8,-1.0849,0.36525,-0.87242,-0.97277,0.21616,-0.66909,-0.32791,-2.5055,-12.669,0.96073,0.49829,2.4262,-0.48717,-0.05847,1.1906,0.12519,-6.9974,-11.094,-4.5221,0.94349,0.5308,1.5717,0.57675,-0.47913,0.43699,-22.514,-6.4901,-0.42136,0.8138,-0.49189,4.5464,0.98548,0.39218,-0.051347
3.3672,-2.6066,0.85379,-1.3422,0.70965,-0.071236,-0.88285,0.11505,-0.48621,1.2416,2.6771,-0.14707,-0.56422,-1.3432,-0.77329,0.24391,-0.70795,-0.3354,-6.2444,-4.5722,-0.058317,0.67543,1.5097,-0.03693,-0.08508,1.1846,0.041997,0.3754,-11.784,-2.8726,0.45829,-0.045235,-0.059783,0.56311,-0.48042,0.48242,-13.478,-6.7062,2.3082,-0.51643,0.20309,4.023,1.0231,0.23984,-0.06035
1.0221,-0.88003,-0.06309,-0.95989,0.80267,0.038103,-0.86266,0.1212,-0.52324,0.040475,-3.4001,0.16048,-0.32787,-1.766,-0.39438,0.26007,-0.75597,-0.34765,-6.1027,-1.8846,-0.28386,0.42828,0.58797,0.34273,-0.083343,1.1623,-0.013954,3.3214,-6.4442,7.1601,0.67999,-0.75281,-0.79384,0.58519,-0.45014,0.51138,0.70152,-21.047,4.1303,-0.9301,-0.34553,1.4322,1.0538,0.11339,-0.075254
-2.767,-1.5902,-0.14121,-0.26924,0.72317,0.30163,-0.84583,0.13733,-0.54932,2.9889,-5.849,0.12364,-0.58406,-1.8036,0.057635,0.23603,-0.76157,-0.38486,-5.995,0.79845,-0.56363,0.39795,-0.028301,0.78684,-0.056474,1.1626,-0.041168,-0.96384,19.806,-3.7892,0.97874,0.42348,-1.5995,0.62016,-0.41467,0.49143,0.25583,-25.596,0.18081,1.1312,-0.15762,-0.11972,1.0608,0.094036,-0.092519
-3.3045,-0.56761,-0.95942,0.95724,0.21832,0.066477,-0.84543,0.14532,-0.54909,5.9026,-4.3501,-1.0522,-0.48253,-0.78922,0.75823,0.1919,-0.73074,-0.43191,-5.8553,1.384,0.10799,0.035719,-0.7398,1.0756,-0.007337,1.1869,-0.041469,-18.428,14.289,0.24025,-1.8674,-0.045131,1.0191,0.601,-0.40943,0.51652,-2.8438,-3.8442,2.8019,2.795,-0.88338,-2.9519,1.0515,0.15996,-0.11643
-0.20138,-1.5489,-0.80796,1.7618,-0.15963,-0.089203,-0.84661,0.11944,-0.55684,12.632,4.818,0.041944,-0.87609,0.26146,1.5805,0.12097,-0.69835,-0.46747,-4.7628,-0.80787,0.68101,0.25374,-1.4661,1.2873,0.05093,1.2093,-0.018072,3.7287,-20.831,18.559,-0.44227,0.43756,0.16496,0.60175,-0.44442,0.47783,-3.7958,3.4733,5.0468,-1.3677,-0.83879,-2.5152,1.0332,0.26152,-0.14636
29.862,-8.822,4.9839,-3.102,-5.6764,1.5953,-0.88896,0.1778,-0.47712,15.111,20.623,1.5437,2.2158,2.7137,1.7539,0.08478,-0.6611,-0.45547,-8.4512,-23.42,-2.5021,-1.6357,-2.7369,2.1503,0.1514,1.2269,0.052604,-24.892,-13.856,0.40359,0.88536,1.2043,0.17544,0.58494,-0.4276,0.50366,-42.397,2.3053,-2.422,-3.0902,-0.81888,-2.5297,1.0114,0.34489,-0.1201
25.166,-5.0153,-0.085981,1.4759,1.1778,0.40322,-0.91664,0.16336,-0.41641,7.5884,29.217,0.31199,4.6618,1.4033,2.4397,0.053835,-0.68049,-0.37341,10.147,-49.455,-2.9628,1.9727,-2.8163,2.8812,0.27301,1.1935,0.026571,-19.519,-16.38,-4.3103,1.0309,-0.44267,-2.2371,0.58684,-0.40056,0.50593,-18.627,0.60803,-6.007,0.05898,0.27808,-3.0464,1.0001,0.47821,-0.17837
20.9,-3.9561,3.0225,2.2322,0.59148,0.25788,-0.90374,0.13243,-0.44149,5.5666,24.136,1.7345,0.47526,1.6253,0.76535,0.065923,-0.71139,-0.30435,13.264,-21.822,-5.3719,2.0617,-0.65311,3.723,0.42328,1.0929,-0.1797,-19.958,-9.8119,-11.432,-0.54836,-1.0524,-3.7299,0.64777,-0.32238,0.48578,-25.883,7.7537,-8.1648,0.045288,-0.16078,-2.8736,0.98769,0.58934,-0.23946
12.86,0.82366,2.224,1.8846,0.19506,-0.22218,-0.90075,0.093287,-0.44504,-3.2759,11.645,0.029006,-0.41858,1.6774,1.0258,0.092308,-0.73364,-0.27183,5.3189,-9.4914,-0.15442,-1.6974,-0.73985,2.7918,0.51642,1.0123,-0.22059,-20.976,0.079161,-2.9243,-0.89404,-0.86304,-4.492,0.7212,-0.20411,0.46785,-9.1403,10.115,-3.0493,-0.52563,0.12825,-1.4433,0.96869,0.65937,-0.30905
4.9205,0.96974,0.14266,1.3101,1.1265,-0.1932,-0.88857,0.041037,-0.46687,-4.3378,6.3457,1.4078,-0.006432,1.0639,1.165,0.078295,-0.76667,-0.24393,6.5737,-2.666,0.32284,0.050195,-1.9087,1.7502,0.56178,0.93587,-0.25664,-15.257,6.8195,1.325,-0.05727,-0.60907,-3.6788,0.75877,-0.083367,0.46194,-0.96647,11.929,-4.8189,0.048504,0.6837,-0.92017,0.9353,0.7042,-0.37024
0.28665,1.5761,0.46216,0.83922,0.77507,-0.1654,-0.86741,0.007275,-0.49705,-6.8626,2.6355,1.6014,-0.50928,1.3238,0.59069,0.064614,-0.7854,-0.23134,5.2007,3.8588,-0.1758,0.84641,-2.2639,0.60427,0.55392,0.88395,-0.33831,-4.7107,16.067,-1.1593,0.96096,-0.34027,-1.33,0.76657,0.009044,0.46354,2.876,11.905,3.1801,-0.34009,-0.42374,1.2154,0.9085,0.70742,-0.36037
-2.7533,0.59415,-1.7088,0.71878,0.068531,-0.28153,-0.84195,-0.041182,-0.53837,-9.8561,-0.95878,0.93721,0.3865,0.55924,-0.11003,0.078355,-0.79309,-0.23551,6.8644,5.0096,-1.9138,0.72847,-2.1746,-0.31799,0.51415,0.84465,-0.40763,-2.0696,20.76,-1.7266,-1.4351,-0.2486,0.23841,0.77102,0.021973,0.462,-0.08215,-9.9007,11.409,2.5499,-0.85065,2.4523,0.93941,0.62801,-0.3896
-3.8473,0.91436,-1.7747,-0.63561,-0.22177,-0.28952,-0.84182,-0.049109,-0.53613,-9.3796,1.9763,-0.34908,0.38964,-0.48489,-0.52954,0.097226,-0.77345,-0.22405,7.8363,7.163,-3.0539,0.16774,-0.78022,-1.4961,0.46212,0.86018,-0.44464,-3.9179,5.9154,2.2817,-2.0972,-0.5179,1.9296,0.77938,-0.058991,0.43936,-13.014,-11.259,-6.0263,-1.8124,4.3295,-1.7098,0.9594,0.62176,-0.31144
-0.29295,1.1202,-1.0898,-1.1661,-0.014979,-0.12111,-0.85165,-0.014585,-0.51421,-3.3233,8.4742,-0.54472,-0.58159,-1.5278,-1.3094,0.11234,-0.71793,-0.24932,7.6241,3.075,-2.9395,-1.1618,0.53849,-2.8943,0.40401,0.93031,-0.42167,-6.386,-1.3174,4.1383,0.34279,-0.45679,2.8731,0.77695,-0.15872,0.40396,5.631,16.036,10.35,-2.968,0.28461,-1.783,0.91373,0.68216,-0.22159
21.451,0.95836,3.178,-3.0552,-3.4485,0.20534,-0.87438,0.053874,-0.46681,2.2824,25.377,-1.031,-0.61359,-1.838,-2.7241,0.13769,-0.63738,-0.31359,10.666,-14.174,-3.317,-1.2211,2.1688,-3.6814,0.32314,1.0278,-0.32445,-25.206,-8.5743,-3.8253,2.1568,0.15446,3.1842,0.7488,-0.22922,0.39435,-18.265,6.4018,2.9873,-1.1192,0.46462,0.19827,0.90726,0.68712,-0.091336
29.603,1.565,1.8559,-1.214,0.7011,-0.78231,-0.90669,0.081536,-0.40509,10.497,30.293,-2.4795,-0.37228,-2.4863,-2.3264,0.12433,-0.60474,-0.35313,12.354,-33.687,0.29499,-2.1193,3.5444,-4.5448,0.18435,1.1235,-0.17828,-22.521,-4.5207,-9.2981,-0.78976,0.78656,2.4689,0.7017,-0.31928,0.39234,-16.735,13.124,-7.3682,-0.097841,-0.26416,2.1887,0.91481,0.64372,-0.043791
20.865,4.1683,2.0085,-1.529,0.64155,-0.1367,-0.8954,0.094106,-0.44306,10.874,18.674,-0.41105,-0.84113,-0.43571,-2.0268,0.16999,-0.6274,-0.36994,4.714,-37.803,1.2263,-3.5529,3.2312,-1.9919,0.051724,1.1823,0.0704,-20.831,-10.589,-9.4677,-0.43957,0.40423,2.7614,0.64579,-0.43631,0.38179,-25.258,5.8779,-8.7869,0.90321,-0.059335,3.3567,0.92068,0.5894,-0.020875
14.899,0.25888,2.2288,-1.6126,0.4699,-0.44321,-0.89393,0.097317,-0.46083,3.3917,12.614,-0.40686,0.31279,-0.58782,-0.91348,0.2197,-0.685,-0.34197,-4.354,-19.739,2.8259,-0.5518,2.2953,-0.43511,-0.023133,1.1821,0.12096,-9.6882,-10.404,-3.6466,0.48609,0.65861,1.5834,0.58976,-0.48246,0.42493,-21.679,1.469,-2.4478,0.14121,-0.21153,4.1865,0.9623,0.45192,-0.031093
5.7213,-2.6492,1.2001,-1.123,0.3659,-0.11119,-0.89146,0.10101,-0.47259,0.18444,5.1645,0.39004,-0.46424,-0.91746,-0.46045,0.24629,-0.7308,-0.32433,-6.627,-6.7391,1.4968,0.79783,1.3908,-0.20518,-0.057346,1.1684,0.064547,-3.9156,-8.1427,-2.5351,-0.38134,0.10239,0.005623,0.56451,-0.48568,0.47088,-16.295,-6.3922,1.746,-1.0443,-0.60464,3.756,1.0143,0.2837,-0.05306
0.73743,-1.3509,-0.3514,-1.0402,0.34458,0.069969,-0.89071,0.11598,-0.47837,-0.32094,0.2452,0.40821,-1.0419,-1.4857,-0.1945,0.25368,-0.74523,-0.3534,-8.534,-0.49758,1.9974,0.76266,0.40989,0.28651,-0.054621,1.1579,-0.004287,5.124,-12.286,1.4852,1.4847,-0.97487,-0.38214,0.588,-0.46755,0.48885,-3.5044,-14.982,-2.8873,-1.6579,-0.12342,1.6116,1.0325,0.18987,-0.047261
-1.4703,-1.7919,-0.50532,-0.13586,0.46697,0.36683,-0.87905,0.13027,-0.49759,2.3072,-4.929,0.41286,-0.87636,-1.611,0.032631,0.23833,-0.74268,-0.40146,-7.6782,3.7853,1.1437,0.72873,-0.22309,0.93673,-0.023874,1.1542,-0.049702,-1.4661,5.5818,5.4751,-0.87797,-0.52434,-1.4913,0.62367,-0.43657,0.47105,1.1877,-26.673,-2.735,-0.048729,-0.044363,0.86308,1.0372,0.15288,-0.043353
-3.1935,-0.9376,-1.3336,0.28798,-0.058189,0.6522,-0.87942,0.14841,-0.50372,7.8149,-5.1179,-0.76206,-0.48967,-0.62326,0.49621,0.20835,-0.7335,-0.4403,-6.4158,4.0815,0.3704,0.25816,-0.9174,1.0906,0.044112,1.158,-0.12163,-2.7997,14.399,-18.482,-0.50546,3.3111,0.21886,0.62502,-0.40531,0.48834,0.6397,-12.526,2.7477,3.6517,-0.074933,-1.2105,1.0337,0.15492,-0.071748
-0.21008,-0.95041,-2.2368,1.26,-0.070586,0.31916,-0.87871,0.15886,-0.50335,9.178,-0.95144,-1.0312,-0.51252,0.63495,1.8128,0.15588,-0.7101,-0.46039,-4.3416,-0.73031,0.90853,0.35858,-1.5503,0.71685,0.085669,1.1848,-0.11219,2.9197,-6.9453,10.034,1.1578,-1.4334,0.9398,0.60572,-0.4568,0.4585,-4.4465,-0.37814,4.9956,2.2294,-0.68367,-2.6501,1.0217,0.2309,-0.11684
11.869,-3.217,6.8015,-0.98044,-2.0402,0.41643,-0.88523,0.17485,-0.48592,14.325,13.763,1.1674,0.52635,1.9012,1.4423,0.1038,-0.66846,-0.47001,-3.9974,-14.475,-0.25291,0.26488,-2.1927,1.8642,0.13734,1.2214,-0.054267,-31.469,-1.975,-9.5557,-0.89162,0.28305,-0.65487,0.59056,-0.44981,0.46688,-11.704,5.3059,-4.301,-1.7895,-0.60746,-2.3066,1.0064,0.29621,-0.12162
33.773,-4.6829,-7.8757,1.0259,0.02536,0.66795,-0.92502,0.16533,-0.4086,7.7991,23.495,-1.1224,2.1509,2.7034,3.3255,0.086117,-0.63236,-0.44489,2.9576,-52.909,0.19364,2.5926,-1.7464,1.9729,0.25031,1.2127,-0.086484,-14.153,-21.151,-0.92586,1.3672,-0.050953,-1.6706,0.5965,-0.41378,0.48648,-20.086,-3.0347,-4.8461,-0.9062,-0.77453,-3.6173,0.97993,0.40068,-0.12868
23.74,-5.4684,3.0864,2.402,0.97584,-0.061586,-0.90808,0.14649,-0.43633,10.212,30.042,2.1375,2.5676,1.947,1.7207,0.078511,-0.66612,-0.37556,13.365,-26.723,-4.8425,3.0577,0.52513,4.3002,0.41574,1.0848,-0.2873,-19.404,-10.153,-11.765,0.33173,-0.91591,-2.7248,0.64397,-0.33351,0.48048,-30.726,5.2407,-7.2448,-0.84693,-0.31284,-3.3766,0.95937,0.52805,-0.14944
16.272,0.28737,1.642,1.8263,1.361,-0.042762,-0.89393,0.092809,-0.4642,-1.2412,16.042,0.16364,1.908,2.0494,1.3795,0.091988,-0.71965,-0.28964,3.6187,-9.7984,-0.19441,-2.2191,0.56292,2.9117,0.55372,0.97543,-0.31145,-21.378,-4.6545,-6.6939,-0.47952,-0.71944,-4.7904,0.71466,-0.21879,0.4582,-14.7,8.75,-2.5045,-0.9615,0.12589,-1.8186,0.93646,0.67109,-0.1976
5.6769,1.6609,-0.063504,2.0714,0.8729,-0.20558,-0.88048,0.028463,-0.48522,-5.9559,10.246,2.174,0.6508,1.1633,1.1292,0.068305,-0.77677,-0.21922,6.2484,-6.5216,1.0598,-1.3123,-1.5967,1.8071,0.60593,0.90535,-0.28888,-16.778,5.8872,0.4101,-0.56124,-0.83497,-3.8835,0.75572,-0.084736,0.44464,-3.306,8.7006,-1.4903,0.97213,0.44571,-1.2683,0.91604,0.73645,-0.28007
0.89036,1.6964,0.68391,1.1855,0.74152,-0.30333,-0.86323,-0.020198,-0.51082,-7.0543,5.977,2.488,-0.37414,1.0745,0.19567,0.060788,-0.81602,-0.18993,5.4105,0.27633,1.0853,0.5014,-2.3618,0.31811,0.59466,0.85247,-0.32284,-6.9297,14.99,-0.4974,0.27564,-0.55093,-2.1276,0.77239,0.018777,0.44359,4.4101,15.227,-4.7042,0.1723,0.16759,-0.29243,0.89803,0.74612,-0.33798
-1.3524,0.71503,-1.3989,0.81458,0.5192,-0.13726,-0.8545,-0.050972,-0.52045,-8.716,1.5352,2.545,-0.35234,0.88279,-0.52489,0.076141,-0.81831,-0.19216,5.3845,6.6818,-1.4373,1.2338,-2.5248,-0.32812,0.53962,0.82489,-0.42011,-3.251,21.053,-4.782,-1.1315,-0.040953,-0.012535,0.77454,0.039591,0.44628,-1.2202,3.5119,11.949,1.4104,0.38716,2.0021,0.89845,0.72227,-0.29676
-3.5058,-0.84569,-1.4254,0.14936,-0.005377,-0.18907,-0.84435,-0.073274,-0.52872,-7.3769,0.14776,1.6622,0.40193,0.1898,-0.98294,0.10921,-0.80284,-0.18543,9.1997,9.6098,-3.7482,-0.066979,-1.7903,-1.1445,0.47496,0.83174,-0.47528,-3.8578,8.8693,2.6323,-2.4205,-0.41391,1.3962,0.78408,-0.02335,0.4321,0.28308,-34.785,-18.872,1.682,1.1279,-0.21459,0.91801,0.64746,-0.3379
-2.2242,1.8376,-2.4578,-0.077642,-0.57741,0.15068,-0.84923,-0.061567,-0.5135,-3.339,6.5011,0.3405,-0.16742,-0.58743,-1.8105,0.15116,-0.74564,-0.20393,6.1088,5.3785,-2.3865,-1.1473,-0.035133,-2.8038,0.38639,0.91471,-0.46886,-6.422,0.62528,5.8762,-0.94457,-0.51335,2.4972,0.77413,-0.13187,0.39928,-2.2069,-0.92951,5.8687,-2.058,-1.8674,-2.2242,0.87629,0.68341,-0.25865
10.807,0.82007,3.5441,-3.2309,-0.86317,0.60151,-0.85615,-0.009025,-0.50464,-0.11919,14.047,-0.95164,-0.63023,-1.3278,-3.0424,0.21844,-0.66391,-0.24902,10.09,-5.6603,-2.3345,-0.7281,1.2369,-3.7271,0.29648,1.0155,-0.38593,-10.808,-7.692,-3.8521,1.7056,0.057185,2.8188,0.76018,-0.21192,0.37412,-17.89,4.1864,-9.16,-0.2528,-0.49723,0.21208,0.85808,0.72583,-0.10177
31.263,0.8536,-1.4935,-0.69586,-0.64894,-0.61262,-0.89027,0.05737,-0.43946,0.03227,27.944,-3.8376,-0.34326,-1.8735,-1.9094,0.25206,-0.60785,-0.27042,18.186,-35.446,-0.7987,-0.94278,3.6312,-4.6486,0.22185,1.098,-0.24489,-19.537,4.4748,-7.072,0.6806,0.16428,3.258,0.73584,-0.29656,0.36432,-20.943,18.869,0.39824,-0.038602,-0.051188,0.41624,0.8561,0.71698,-0.03972
25.008,3.1038,0.48838,-1.6335,1.1753,-0.27472,-0.89099,0.062186,-0.44768,13.306,29.457,-3.0979,-1.9665,-1.6397,-2.6445,0.24711,-0.60551,-0.30867,10.294,-40.272,0.67173,-4.1831,3.1488,-2.4595,0.098923,1.1718,-0.026496,-23.025,-11.285,-9.9762,-1.5658,-0.045641,2.9372,0.68222,-0.40362,0.35254,-19.516,6.8448,-6.685,0.42344,-0.36171,3.2483,0.88529,0.64184,-0.028321
17.513,1.6588,2.6457,-1.7154,0.4457,-0.63352,-0.87964,0.073493,-0.47777,3.5876,12.455,-1.7527,0.66704,-0.56687,-1.2293,0.2946,-0.64592,-0.31635,-1.2579,-22.697,1.3693,-0.96455,2.545,-1.1922,-0.000391,1.1865,0.051724,-12.05,-13.647,-5.1536,0.60035,0.45134,2.3419,0.61913,-0.47876,0.37852,-23.072,5.5427,-9.8266,1.0896,0.16473,4.1418,0.93386,0.50548,-0.038069
8.8483,-1.9835,0.75062,-1.1913,0.36854,-0.27514,-0.89736,0.092461,-0.46433,1.9975,7.562,-0.56972,0.53516,-1.4364,-0.5233,0.30424,-0.68715,-0.31337,-5.5065,-9.3673,1.5962,-0.08817,1.649,-0.91833,-0.094089,1.1941,0.040887,-4.2244,-9.4532,-3.3277,0.91327,0.37427,0.94706,0.55943,-0.49561,0.44809,-23.624,-8.8584,3.274,-0.67446,-0.6686,4.2339,0.98164,0.32365,-0.048593
2.2877,-1.2308,-0.14486,-1.5256,0.35928,0.079443,-0.8963,0.09954,-0.47453,3.4641,0.62813,0.34083,-0.25756,-1.5704,0.041157,0.3077,-0.72146,-0.32761,-9.9516,-4.1442,2.9758,0.48856,0.58449,-0.20085,-0.12835,1.1808,-0.006472,4.115,-14.598,-0.76853,1.3322,-0.47073,-0.21506,0.55884,-0.48575,0.48131,-9.5367,-13.41,0.055677,-1.3841,-0.067364,2.7862,1.0144,0.19264,-0.052822
0.72181,-1.0725,0.45615,-0.47314,0.82264,0.17453,-0.88029,0.10789,-0.50373,3.0189,-3.3163,0.7867,-0.65355,-1.4858,0.61691,0.29955,-0.75209,-0.34204,-7.4802,-1.8335,3.2664,1.9369,0.012764,0.47,-0.10581,1.1622,-0.089923,0.26917,0.27031,7.4366,-0.017216,-0.78056,-1.322,0.59977,-0.45876,0.4816,2.7437,-25.498,1.0599,-1.1653,-0.35721,1.1398,1.0306,0.13941,-0.052908
-2.3633,-1.2384,-0.038408,0.19982,0.16587,0.28007,-0.87192,0.11621,-0.52385,4.9255,-4.141,0.82379,-0.79583,-1.2305,1.0429,0.24715,-0.75037,-0.38848,-6.7199,1.9348,1.3224,1.96,-0.38296,1.1243,-0.067328,1.1599,-0.19216,1.6763,25.26,-16.047,2.0647,2.1856,-1.0767,0.6143,-0.40973,0.48586,1.2871,-18.197,0.22565,2.8154,-0.18263,-0.80225,1.0384,0.13265,-0.073579
-3.4732,-1.8169,-1.3564,1.0543,0.18371,0.22989,-0.87204,0.11588,-0.52617,7.0425,-1.186,0.36908,-0.37568,-0.31056,1.7262,0.17966,-0.73431,-0.42355,-5.2471,1.7834,0.42565,1.0609,-0.84966,1.3232,-0.012079,1.1782,-0.24399,-9.5218,3.1956,5.2709,-0.5083,-2.3789,1.8689,0.57976,-0.4563,0.49173,-5.0562,-1.4466,3.7422,2.2504,-0.74951,-2.9949,1.0295,0.21121,-0.12355
2.5612,-2.1018,2.2094,0.66591,-0.54581,0.25972,-0.8737,0.1205,-0.52667,11.857,8.1427,1.8726,-0.34641,0.72792,1.6741,0.0933,-0.67299,-0.47765,-3.3768,-2.3942,-1.2679,0.12575,-1.2059,1.4505,0.062209,1.2284,-0.2528,-5.1501,-1.3214,-17.161,1.934,1.6892,-0.08036,0.58667,-0.44618,0.46801,-6.1394,3.2538,-1.7023,-1.3078,-0.62187,-2.4451,1.0017,0.31892,-0.14138
39.423,-4.7827,-5.3931,2.979,-4.2336,-0.007182,-0.93482,0.17292,-0.39353,9.2323,22.865,1.304,1.2758,2.4239,3.3866,0.059597,-0.62713,-0.48529,1.0052,-52.282,2.3878,-0.23118,-1.3969,0.91272,0.15921,1.2808,-0.12801,-9.3735,-20.526,3.1087,1.2198,0.36043,-0.84516,0.58889,-0.42326,0.47651,-53.399,-1.5778,-0.95983,-0.58936,-1.4138,-2.8675,0.97244,0.40503,-0.13713
27.559,-3.7246,2.1198,1.6438,0.73232,0.32547,-0.92423,0.15427,-0.41608,12.309,31.561,3.7346,2.3594,1.2924,2.1917,0.042751,-0.65428,-0.44154,20.747,-41.083,-5.3707,2.375,-0.42606,4.4016,0.27326,1.2106,-0.22945,-20.565,-10.018,-9.2228,1.0714,-0.76073,-1.8499,0.61384,-0.36812,0.4868,-30.082,4.4732,-6.5263,0.013232,0.20532,-3.3375,0.95505,0.51922,-0.15714
18.829,-1.7088,0.97732,2.1587,0.94419,0.111,-0.90716,0.10732,-0.45232,2.2672,18.232,1.9814,1.8335,1.7318,1.1517,0.053797,-0.71434,-0.36811,5.9709,-13.21,-2.647,-1.9805,0.17812,3.5227,0.42126,1.0899,-0.27771,-19.631,-6.3921,-11.024,-0.68378,-0.75703,-4.4754,0.67613,-0.27401,0.46522,-19.621,10.214,-4.429,-0.53157,0.14534,-1.8961,0.93647,0.63129,-0.21178
8.5541,0.81005,1.259,2.0648,1.2548,0.064835,-0.88925,0.055442,-0.48087,-4.0639,9.6671,2.4162,1.1473,1.2248,0.92477,0.041113,-0.77504,-0.29181,6.3373,-6.8632,0.39473,-1.417,-1.1633,2.5224,0.50641,1.0022,-0.24425,-20.061,5.9101,-1.0065,-0.56361,-0.94623,-4.0925,0.72847,-0.14486,0.45075,-4.3488,7.9371,-1.7864,0.51815,0.44659,-1.3336,0.91202,0.69704,-0.28186
2.9847,1.1355,-0.40027,1.1956,0.676,-0.18255,-0.86946,0.014747,-0.50657,-6.4604,6.1925,3.0272,0.34732,0.93123,0.48433,0.022406,-0.81619,-0.23933,6.9824,4.4842,0.76695,-0.51717,-1.7386,0.78096,0.5428,0.92113,-0.29347,-9.5635,13.014,-0.3831,0.24902,-0.76648,-2.6182,0.76661,-0.004388,0.44615,3.0175,15.592,-4.5923,0.36158,0.46955,-0.34815,0.87633,0.73104,-0.33094
-1.7694,1.0498,-0.92189,0.78126,0.79366,-0.078329,-0.85372,-0.012414,-0.52682,-8.6728,2.4302,2.9576,-1.0024,0.48738,-0.46104,0.030693,-0.82219,-0.23604,4.9581,6.3228,1.9561,-0.1152,-2.2308,-0.67726,0.50209,0.91261,-0.32593,-2.4262,20.635,-4.3748,-0.48036,-0.18582,-0.2889,0.77248,0.035908,0.44527,-0.74931,3.6341,10.538,1.1412,0.39426,2.0496,0.87632,0.69754,-0.30634
-4.2244,0.42479,-0.8998,0.25507,0.14885,-0.41397,-0.84321,-0.041447,-0.54374,-7.9918,-1.3895,1.7001,-0.61924,0.014518,-0.93487,0.057841,-0.80133,-0.26091,7.2688,7.1269,-0.4776,0.81189,-1.7118,-2.0565,0.41767,0.94011,-0.34769,-2.7223,9.3344,3.7051,-1.6079,0.19956,0.93479,0.76202,-0.008266,0.44435,1.0759,-33.557,-14.223,1.1413,0.29526,0.38684,0.90182,0.61982,-0.3399
-2.1686,1.1832,-2.0135,-0.55685,-0.73793,-0.267,-0.85175,-0.039593,-0.53131,-5.0504,3.3736,-0.13144,-0.75591,-0.59604,-1.2009,0.096634,-0.7627,-0.28339,6.7455,5.9223,-1.4768,0.19704,-0.45389,-3.1686,0.31644,0.98613,-0.37034,-6.0265,4.1601,3.9444,-0.3091,-0.48797,2.4901,0.76292,-0.091837,0.41806,-3.034,-5.5766,2.8538,-1.1444,-1.4684,-2.3608,0.87952,0.6655,-0.24702
4.5122,0.73551,2.0785,-2.4024,-1.1094,-0.25248,-0.86284,-0.003916,-0.50754,-0.82288,11.725,-1.0127,-2.5554,-1.6578,-2.2142,0.13421,-0.67032,-0.36436,10.739,1.896,-1.5736,-1.3293,0.66642,-4.024,0.19677,1.0683,-0.30529,-8.6427,-2.0693,-1.166,0.58674,-0.031037,2.9763,0.75044,-0.17862,0.39246,-12.222,-2.6296,-7.3195,-0.46117,1.1288,0.17688,0.85608,0.7021,-0.12776
32.732,3.7243,0.26744,-1.1455,-1.8856,0.14024,-0.90252,0.069117,-0.4278,3.7695,29.853,1.8177,-0.9311,-2.4044,-1.8636,0.14843,-0.55966,-0.45631,24.895,-45.035,-1.5472,-1.8858,3.5871,-4.609,0.085347,1.1683,-0.1363,-37.719,-3.7514,-3.1591,0.87901,-1.4069,3.6079,0.71644,-0.30422,0.38204,-28.057,29.797,-0.65624,-0.58645,0.19667,0.44281,0.87205,0.64878,-0.068973
28.227,4.4167,2.924,-1.4812,0.64085,-0.18418,-0.90887,0.083262,-0.41972,16.428,31.675,-0.68701,-1.694,-1.9418,-3.0387,0.12011,-0.54625,-0.49735,8.7758,-37.954,-1.0835,-2.8698,3.4457,-1.2936,-0.03183,1.2153,-0.006891,-24.776,-10.544,-9.5695,-1.3414,-0.011765,2.6606,0.66658,-0.38724,0.38635,-20.248,3.3578,-6.1689,-0.28274,-0.33324,2.8745,0.88742,0.59308,-0.026144
19.524,0.91935,1.9399,-1.4235,0.55792,-0.55048,-0.90991,0.091442,-0.43111,4.3315,12.444,1.9579,0.76961,-0.88048,-1.6495,0.14197,-0.58411,-0.50065,-2.0108,-20.575,-0.13622,-1.2406,2.9346,-0.26967,-0.082598,1.2277,0.079187,-13.472,-10.977,-6.5507,0.082691,0.38924,2.2538,0.60314,-0.45085,0.39816,-25.408,6.6639,-11.193,0.75035,0.047211,4.1176,0.91616,0.49671,-0.02089
10.035,-1.8501,0.20832,-1.5459,0.82531,-0.22825,-0.90754,0.09113,-0.44991,2.8394,8.7513,2.1044,0.51935,-1.1173,-1.0075,0.16797,-0.64886,-0.47801,-5.6393,-8.4967,1.2318,-0.1972,1.8793,-0.03828,-0.10693,1.211,0.053975,-5.9584,-9.6068,-4.0977,0.32761,0.30362,0.90416,0.55722,-0.48348,0.44611,-24.257,-10.54,2.3175,-0.37534,-0.76249,4.1334,0.96503,0.34567,-0.02929
3.1062,-1.5484,-0.17803,-1.1166,0.34495,0.14944,-0.89941,0.10474,-0.46681,2.7224,1.4969,2.1678,0.2922,-0.68487,-0.53482,0.19009,-0.68937,-0.46993,-7.0887,-1.4565,0.66194,0.11123,1.1403,0.26729,-0.10488,1.1926,0.004224,1.8599,-11.374,-2.8432,0.35547,-0.2255,-0.25867,0.55937,-0.48522,0.47064,-9.6549,-13.055,1.1529,-1.0575,-0.023232,2.9151,0.99852,0.21631,-0.041519
0.1268,-0.99953,0.08649,-0.49788,0.84986,0.065773,-0.87697,0.11078,-0.51477,1.7748,-3.5501,1.0453,0.14126,-0.37982,0.11273,0.20892,-0.74434,-0.45566,-7.2945,1.7584,1.1457,0.084871,0.24075,0.27448,-0.090865,1.1669,-0.060823,1.8191,-3.6342,9.9481,-0.20225,-0.78433,-0.93454,0.5884,-0.45735,0.48911,2.443,-21.243,0.20708,-1.3269,-0.34995,0.8164,1.029,0.12645,-0.054447
-4.3069,-1.3231,-0.88194,0.13125,0.47222,0.42161,-0.8649,0.12218,-0.53409,4.644,-4.8785,0.92076,-0.37082,0.063223,0.30813,0.19662,-0.74624,-0.46488,-6.2407,2.2864,1.5779,0.42984,-0.45821,0.61999,-0.065925,1.1772,-0.068647,-2.2424,20.003,-3.8752,1.2616,0.71628,-1.0909,0.61456,-0.43483,0.46586,0.92978,-17.543,1.5138,2.5138,-0.21061,-0.62607,1.0335,0.12683,-0.07949
-2.6269,-0.7432,-1.0594,0.63294,0.1077,0.40762,-0.86607,0.14084,-0.53005,6.1087,-3.6259,-0.41575,0.089694,0.98526,1.2469,0.16547,-0.71465,-0.47589,-5.123,0.20849,0.88769,0.6119,-1.0028,0.7614,-0.03484,1.2139,-0.03421,-15.827,9.3606,2.9315,-0.96633,-0.29274,1.6086,0.58794,-0.43078,0.49444,-3.4782,-3.1961,4.1676,2.5466,-0.71904,-2.3231,1.0207,0.18799,-0.10768
3.4921,-1.5982,0.3842,0.85752,-0.35478,0.18074,-0.86659,0.13966,-0.53469,12.274,9.3466,1.1103,-0.36729,1.2635,1.6338,0.11356,-0.67619,-0.48777,-3.8466,-9.3447,-1.8386,-0.65086,-1.9596,1.6716,0.02835,1.2529,0.014537,-5.2603,1.0467,-7.7794,2.9642,2.1489,0.25476,0.58572,-0.44019,0.47745,-5.4923,3.9616,0.11855,-1.227,-0.62584,-2.376,1.0044,0.27331,-0.13564
36.158,-6.7558,-5.6695,2.453,-3.824,-0.14777,-0.92777,0.17109,-0.41594,12.066,21.991,-0.070232,0.61144,2.9692,2.6839,0.096989,-0.6257,-0.48988,2.2879,-48.704,-0.28575,0.31886,-2.2695,2.3007,0.17582,1.2556,0.097253,-5.3934,-24.754,2.6981,1.3981,0.90779,-0.26967,0.57603,-0.42426,0.49716,-68.538,2.3895,-0.11417,-1.22,-1.219,-3.0723,0.98001,0.36837,-0.12062
30.31,-2.568,3.8345,1.6275,0.89076,-0.003155,-0.91415,0.1586,-0.43978,9.5837,29.485,3.1348,3.2232,1.3812,2.4359,0.082176,-0.64359,-0.43814,13.713,-39.098,-5.3016,2.9581,-1.2867,4.5541,0.35365,1.1857,-0.069557,-22.624,-7.0309,-8.157,0.55831,-0.88775,-2.2728,0.59543,-0.36765,0.51127,-30.921,4.6422,-6.7193,-0.04418,0.36875,-3.0591,0.96334,0.49985,-0.1713
19.888,-1.7742,0.37307,2.2294,0.93473,0.10391,-0.90057,0.10807,-0.4681,3.3663,21.17,1.5471,0.99373,1.5363,1.1493,0.095661,-0.69414,-0.37072,9.3844,-13.563,-4.4766,-0.63623,-0.072482,3.3569,0.49506,1.0644,-0.20139,-20.232,-9.1945,-12.248,-0.97677,-0.83906,-4.2436,0.66397,-0.28217,0.48012,-20.781,11.509,-5.7824,-0.99944,-0.12623,-2.316,0.94785,0.61864,-0.23529
10.167,1.0442,0.60122,2.0402,0.63651,-0.02178,-0.89049,0.064896,-0.48085,-3.4799,9.8235,1.6501,0.18422,1.1943,1.0989,0.092003,-0.73355,-0.32537,5.7644,-7.8134,-0.16709,-0.66914,-1.2978,2.2392,0.57386,0.97745,-0.22168,-19.742,4.6844,-1.7641,-0.54235,-0.87348,-4.2211,0.73369,-0.15329,0.46,-4.8579,8.0739,-1.7722,0.084824,0.27412,-1.5017,0.91915,0.69294,-0.28902
2.4342,1.6269,0.10614,1.4196,1.2659,-0.19847,-0.86572,0.015854,-0.51513,-5.5075,5.5662,2.1772,0.44438,0.82374,0.80134,0.071158,-0.77408,-0.29069,5.6699,1.3104,0.55534,0.53093,-2.2186,0.85205,0.58078,0.91228,-0.29025,-9.2256,13.042,0.46402,0.20123,-0.72269,-2.8826,0.75635,-0.042363,0.45896,2.1904,13.818,-4.7156,0.3792,0.63345,-0.41178,0.88558,0.72042,-0.32871
-2.0125,1.8139,-0.67999,0.98604,0.77352,-0.14361,-0.84876,-0.018068,-0.53801,-6.8612,1.5627,1.842,-0.071209,0.7613,0.011303,0.064695,-0.793,-0.27433,4.4344,5.8485,-0.004441,1.2585,-2.4696,-0.072228,0.54432,0.87813,-0.38386,-2.3301,19.108,-5.054,-0.55924,-0.070565,-0.38463,0.75978,0.002119,0.46442,0.13896,7.335,8.4707,1.1491,0.07142,1.6923,0.88578,0.68576,-0.32486
-4.1455,-0.58118,-1.4728,0.59042,0.033281,-0.1413,-0.833,-0.06149,-0.55828,-7.8152,-0.22168,1.3662,0.25483,0.40484,-0.65883,0.089903,-0.80148,-0.2659,7.0576,9.2642,-2.7478,0.57881,-2.0167,-1.129,0.46399,0.86419,-0.43748,-3.476,10.607,3.6735,-1.919,-0.20479,0.55192,0.75831,-0.029402,0.45743,2.0457,-27.4,-5.2625,1.8957,-0.55303,0.70437,0.90967,0.591,-0.39413
-3.0683,0.69642,-0.74003,-0.1827,-0.435,0.066865,-0.83638,-0.055239,-0.55044,-5.3421,2.0095,0.68682,-0.33444,-0.21661,-1.1687,0.12944,-0.77523,-0.27213,6.8805,7.3271,-2.5652,-0.97209,-0.64965,-2.6279,0.38748,0.91603,-0.43458,-5.3141,2.6734,5.0108,-0.88095,-0.60566,2.2481,0.76381,-0.11484,0.42436,-4.7335,-9.8664,3.5158,-1.9301,-0.91402,-2.2113,0.89943,0.63927,-0.26387
3.9041,0.70855,0.76794,-1.1455,-0.5606,0.28118,-0.8447,-0.018109,-0.53798,-1.9615,7.877,0.54966,-0.41603,-0.75817,-2.0125,0.17157,-0.71146,-0.30282,9.4322,3.0851,-0.37448,-0.92963,0.36486,-4.1516,0.30046,1.0071,-0.40224,-7.0493,-3.8773,2.2369,1.746,-0.27018,2.6021,0.76183,-0.18478,0.39407,-6.6085,-5.8407,-6.5759,-1.7193,1.8397,-0.2464,0.87152,0.67947,-0.15389
27.587,3.2464,0.4044,-2.4083,-2.6064,-0.18539,-0.87612,0.054783,-0.48075,-2.2141,24.695,0.25308,0.45158,-0.2885,-1.6673,0.22014,-0.63781,-0.33282,20.517,-39.859,1.3672,-2.5317,2.3091,-4.4233,0.20886,1.1104,-0.27262,-40.68,-10.605,-6.52,1.5367,0.80025,3.7737,0.72993,-0.26466,0.3843,-37.582,23.755,-3.2242,-0.33864,0.62371,1.2464,0.8765,0.6466,-0.088639
28.503,2.4316,2.2416,-1.6815,-0.32662,-0.44028,-0.9018,0.076366,-0.43435,11.232,35.828,0.4423,0.16416,-1.2899,-2.2737,0.21832,-0.61278,-0.34754,9.7199,-38.712,-0.8604,-4.1509,3.3562,-2.558,0.08981,1.1893,-0.12256,-29.73,-8.9719,-9.9183,-1.5555,0.55761,2.3641,0.67796,-0.35374,0.38549,-18.237,8.3652,-3.0957,-0.76283,-0.008079,2.4227,0.87843,0.61681,-0.046192
21.104,2.0683,4.1903,-1.9177,0.39488,-0.47354,-0.89982,0.10448,-0.45187,4.9884,16.765,1.4616,0.45948,0.10901,-1.9913,0.27584,-0.63348,-0.33931,0.008211,-27.327,0.53752,-2.1611,2.9756,-0.69995,-0.00869,1.2368,0.082611,-16.902,-13.088,-8.7933,-0.29452,0.24361,2.6388,0.61579,-0.44786,0.37961,-25.013,6.0653,-11.442,1.6632,0.13739,3.8517,0.91288,0.53663,-0.009485
11.834,-2.4094,1.2182,-1.581,-0.081924,-0.5908,-0.90512,0.10239,-0.45995,1.9769,11.435,1.2389,0.15265,-1.4084,-1.3206,0.31359,-0.68722,-0.30389,-4.4459,-11.267,1.792,-0.54158,1.9109,-0.40507,-0.060599,1.2261,0.085532,-7.7023,-10.253,-3.7569,0.35434,0.39457,1.4862,0.56539,-0.49633,0.42408,-22.285,-3.3372,-0.8423,-0.22821,-0.52116,4.4463,0.9594,0.39312,-0.021164
4.2007,-3.0566,0.5144,-1.0159,0.4555,-0.011311,-0.89907,0.10019,-0.47329,2.7511,1.7696,0.94437,-0.48757,-1.6162,-0.76187,0.33478,-0.71966,-0.30199,-7.3833,-3.8428,2.4055,0.17896,1.1783,-0.069392,-0.070244,1.1948,0.031263,0.82247,-11.491,-2.6989,-0.17818,-0.20663,-0.12267,0.55159,-0.51392,0.45621,-12.765,-9.9217,2.3041,-0.62748,-0.10401,3.4946,1.0082,0.22634,-0.060311
0.78664,-0.31437,-0.26967,-0.70144,0.45329,0.19677,-0.89457,0.11205,-0.48217,2.6224,-2.2445,0.28367,-0.80702,-1.6125,-0.065342,0.33446,-0.73069,-0.33376,-7.617,-1.1218,2.2129,1.1541,0.34256,0.17485,-0.069326,1.1852,-0.02585,3.0055,-7.8744,6.2699,0.34159,-0.90904,-0.9144,0.58488,-0.48491,0.46722,0.08872,-18.959,1.8395,-1.7868,-0.19294,1.4536,1.0235,0.14448,-0.052164
-1.7243,-1.7615,-0.19366,0.21113,0.51139,0.38352,-0.88213,0.12413,-0.50705,5.0694,-5.3503,-0.76538,-1.2427,-1.3225,0.63867,0.30291,-0.7255,-0.38782,-7.1149,2.2069,1.0208,1.666,-0.1929,0.54398,-0.052971,1.1843,-0.10685,-2.812,14.455,2.2871,-0.47508,-0.27345,-1.7058,0.62407,-0.4562,0.43283,1.2158,-24.131,-1.2559,0.32483,-0.29824,-0.2232,1.0299,0.12943,-0.062202
-3.2618,-1.167,-1.2685,1.0203,0.065568,0.42648,-0.87902,0.12784,-0.51457,7.1736,-4.3535,-0.87429,-0.70393,-0.39589,1.4151,0.25234,-0.70628,-0.44306,-5.6315,2.8684,0.35939,0.74521,-0.76684,0.75421,-0.018852,1.2013,-0.17535,-19.468,8.5938,-3.6987,-2.2641,2.3191,1.1561,0.60198,-0.42501,0.47396,-1.3818,-6.8798,1.6081,2.7274,-0.67343,-2.2083,1.0157,0.19236,-0.081948
-0.15437,-0.98662,-0.72888,1.5611,-0.14621,0.070971,-0.88059,0.11303,-0.51914,10.95,4.1168,0.67973,-0.75796,0.060499,2.3303,0.17125,-0.67498,-0.47487,-4.4691,-2.5145,-0.26281,0.19966,-1.4118,0.91107,0.020203,1.2429,-0.16042,3.0166,-11.77,8.7655,1.0111,0.89382,0.68673,0.59042,-0.45286,0.45209,-3.4147,0.075362,2.1006,0.12855,-0.42057,-2.2792,0.99898,0.27284,-0.11743
30.83,-7.746,4.4167,-0.9016,-5.0625,1.2993,-0.90969,0.17212,-0.45193,12.592,22.418,1.9593,-0.78724,2.0626,3.0243,0.12045,-0.61764,-0.49393,-3.5369,-37.684,1.4121,-0.24839,-2.3462,2.1085,0.11272,1.2826,-0.082343,-15.022,-19.077,2.7835,1.7639,1.0109,0.014041,0.57336,-0.44077,0.4836,-46.122,4.6319,-0.53624,-2.0478,-0.83398,-2.4511,0.98506,0.34025,-0.11873
27.892,-4.0398,2.4635,0.91703,1.3085,0.25729,-0.926,0.16556,-0.41583,8.718,28.631,7.1064,1.0564,0.94441,3.2249,0.093559,-0.58517,-0.5029,13.691,-44.318,-3.0156,2.6064,-1.4401,4.1678,0.2579,1.2174,-0.2191,-19.508,-13.522,-6.1065,1.2594,-0.51169,-2.2953,0.59966,-0.37925,0.49183,-20.304,1.2482,-5.2491,0.005135,0.3872,-3.0674,0.96443,0.44066,-0.13992
20.458,-3.5469,1.5896,2.2514,0.82596,-0.14724,-0.90763,0.12079,-0.45556,4.4427,19.861,6.7558,0.036147,1.1749,1.9139,0.083189,-0.61869,-0.48454,10.797,-16.042,-4.4561,-0.64825,0.093873,3.7663,0.41708,1.0799,-0.33596,-19.377,-10.919,-11.509,-0.91767,-0.75845,-4.0405,0.6594,-0.29601,0.46831,-24.49,7.2352,-7.0071,-0.18718,-0.11831,-2.5712,0.94703,0.5482,-0.18831
10.805,1.2475,2.2191,1.9842,0.31976,-0.055911,-0.90609,0.083863,-0.45333,-0.91472,10.458,4.641,1.7932,0.96083,1.7137,0.057785,-0.6737,-0.44308,5.3248,-10.357,0.44262,-1.5167,-1.0538,2.4495,0.52041,1.002,-0.28685,-22.228,2.7554,-1.9845,0.062983,-0.81786,-4.5969,0.72761,-0.14941,0.45851,-9.2332,7.8642,-2.1754,-0.044818,0.031075,-1.4613,0.9248,0.63328,-0.24296
4.3017,1.1288,0.48269,1.5985,0.64991,-0.22366,-0.88773,0.030514,-0.48104,-4.7132,7.2437,3.6698,1.9439,0.97345,1.1601,0.025784,-0.74267,-0.3677,7.2271,-1.1724,-0.32893,0.71393,-1.8138,1.0609,0.53774,0.9295,-0.33641,-13.653,9.1751,-0.88128,0.24122,-0.73679,-3.2681,0.75097,-0.027533,0.45167,-1.8076,10.024,-3.7027,0.6067,0.46484,-0.68917,0.90351,0.6647,-0.31444
-0.59445,0.77879,-0.36258,0.95156,0.36006,-0.21107,-0.86898,-0.022243,-0.51145,-7.7762,3.6924,2.162,0.81757,0.74735,0.17655,0.013835,-0.79468,-0.31465,4.4073,7.5245,-0.23694,0.83783,-2.1618,-0.38016,0.49487,0.87807,-0.41235,-3.5366,17.175,-1.317,1.1568,-0.20259,-0.84885,0.75201,0.051168,0.45575,2.5411,10.784,-0.57153,-1.5342,-0.36099,0.2312,0.88762,0.68018,-0.33536
-2.4685,0.91803,-1.7861,0.66355,0.42653,-0.29226,-0.85883,-0.04822,-0.51984,-9.1986,0.52651,1.1109,0.14344,-0.10587,-0.7408,0.032207,-0.79731,-0.29956,6.784,7.4049,-1.101,-0.16573,-2.4802,-1.5012,0.41133,0.88631,-0.45682,-1.9787,17.594,-5.0603,-1.5247,-0.14316,0.12185,0.75535,0.051624,0.45617,-0.30349,-6.9127,9.5903,2.4031,-0.25876,2.0532,0.90756,0.62969,-0.32724
-3.5048,-0.31448,-0.89915,-0.21998,-0.50468,-0.20018,-0.85811,-0.059384,-0.51946,-5.3,1.0103,0.74084,0.14344,-0.69843,-1.1131,0.067443,-0.77347,-0.30403,7.509,6.8656,-1.5696,-0.004881,-1.1304,-2.5252,0.31508,0.92556,-0.46818,-4.2402,7.5195,2.2059,-2.8937,-0.60929,1.6593,0.76626,-0.030702,0.43444,-9.2082,-11.272,-5.1104,-2.0543,5.1541,-1.1157,0.92636,0.61921,-0.23346
-0.21774,0.92944,-1.7466,-0.89431,-0.79604,0.010232,-0.87615,-0.032207,-0.47918,-1.3659,9.2128,1.0552,-0.19023,-1.5581,-1.9134,0.11252,-0.70723,-0.3207,9.9408,3.9293,-1.2959,-1.3109,0.031313,-3.7709,0.19056,1.0169,-0.44445,-6.2247,-3.0174,5.4639,0.094443,-0.3123,2.6567,0.75649,-0.14423,0.39728,3.1021,6.2735,6.8594,-2.0788,0.19419,-1.418,0.85805,0.66644,-0.17792
22.876,2.5796,2.4685,-2.5823,-2.5237,0.42101,-0.90246,0.036071,-0.43286,1.4277,23.613,1.3398,0.13653,-1.6298,-2.5721,0.15846,-0.63319,-0.36073,21.327,-35.118,1.16,-3.657,2.3876,-3.4787,0.11732,1.1225,-0.29078,-24.53,-10.331,-2.7593,2.7794,0.36056,3.7669,0.73924,-0.21942,0.38133,-23.882,10.032,-2.3125,-1.2247,0.86796,-0.047911,0.85814,0.66709,-0.078821
28.443,2.4756,2.4653,-1.7612,0.44159,-0.62426,-0.91377,0.061434,-0.41079,9.7326,31.636,-0.45121,-1.1907,-2.3911,-2.6249,0.1583,-0.60178,-0.39419,10.192,-32.046,0.94268,-2.5996,3.5974,-2.517,0.025421,1.187,-0.15478,-23.016,1.3235,-10.095,-0.64924,0.64671,2.4346,0.70691,-0.30668,0.37539,-14.905,14.295,-7.0353,-0.45532,-0.10851,1.6959,0.85447,0.66678,-0.045497
22.928,2.9012,3.4709,-2.0268,1.2706,-0.62502,-0.91162,0.069815,-0.43088,7.8164,17.288,1.474,-0.85099,-0.53063,-2.444,0.19207,-0.61236,-0.41499,3.2528,-26.59,0.32939,-2.3289,3.4061,-1.1134,-0.045899,1.23,-0.02088,-20.03,-12.519,-9.8096,-1.0739,0.16529,2.9542,0.64848,-0.40377,0.36837,-25.933,5.5537,-9.1652,0.85206,-0.12484,3.6588,0.89345,0.56561,-0.03796
14.028,-1.8487,1.1265,-1.6848,0.76446,-0.53051,-0.91062,0.065265,-0.45256,2.3584,13.97,0.41928,0.75644,-0.94569,-1.4187,0.23303,-0.67064,-0.38814,-3.2114,-14.579,1.0713,-0.89259,2.47,-0.60034,-0.11013,1.2258,-0.004801,-9.8143,-12.083,-3.8123,0.29127,0.66524,1.8999,0.5892,-0.4627,0.40862,-22.773,1.1768,-2.9004,0.32476,-0.25004,4.3573,0.94558,0.42402,-0.051093
5.2487,-2.4692,-0.24985,-1.1808,0.46617,0.025895,-0.90821,0.081377,-0.46264,2.3465,4.9191,0.44106,-0.047563,-0.98456,-0.85337,0.25896,-0.70875,-0.38133,-6.3999,-6.6247,0.74274,0.018498,1.6358,-0.14896,-0.15219,1.2124,-0.034169,-2.6806,-9.8274,-2.0357,-0.30494,-0.035528,0.17372,0.54463,-0.48588,0.46268,-16,-9.9994,3.1906,-0.12769,-0.4067,3.8112,0.99768,0.25102,-0.052185
1.457,-0.36444,-0.21268,-1.3249,0.80315,0.28568,-0.90117,0.10817,-0.47669,2.9516,-2.8501,0.17113,-0.055864,-1.041,-0.193,0.26982,-0.73284,-0.38873,-7.6547,-2.7515,1.3067,0.76149,0.63363,0.43804,-0.13948,1.1972,-0.087494,5.3452,-14.068,2.6621,1.6657,-0.76224,-0.50979,0.56092,-0.46614,0.48189,-3.6216,-15.338,0.72568,-1.027,-0.054576,1.8938,1.0198,0.14855,-0.05316
-1.3616,-1.1532,-1.1122,-0.40318,0.7405,0.31057,-0.8813,0.11914,-0.51201,3.4381,-4.9535,0.43669,-0.46954,-1.0259,0.47452,0.26549,-0.75063,-0.40241,-6.5428,1.3088,0.61231,1.3494,0.11103,1.0795,-0.095667,1.1832,-0.16141,-1.2132,7.1585,5.336,-1.0646,-0.55681,-1.5548,0.60332,-0.44309,0.45928,1.3243,-22.018,-1.1512,-0.51083,-0.080314,0.68647,1.0237,0.11123,-0.074983
-3.9554,-0.72094,-0.24858,-0.016915,0.41489,0.46186,-0.87043,0.13906,-0.53062,5.5696,-5.4675,-0.60731,-0.96824,-0.556,1.0105,0.22204,-0.7404,-0.44046,-5.0683,2.7396,0.1819,0.61945,-0.39803,1.4509,-0.030328,1.1928,-0.20064,-7.3926,15.128,-19.58,-0.53916,3.8646,0.51592,0.58268,-0.40293,0.50178,-0.81089,-10.95,2.7125,2.5897,-0.36589,-1.5059,1.0273,0.1203,-0.097017
0.070507,-1.0011,-1.2794,1.1917,0.074575,0.10964,-0.86666,0.1448,-0.54084,9.1229,2.1974,-0.41198,-0.44743,0.094251,1.8276,0.15331,-0.71186,-0.47219,-4.3077,-0.31411,0.30769,-0.074067,-0.84707,1.3493,0.035441,1.2277,-0.18842,3.9784,-10.275,14.591,1.0097,-1.502,1.3447,0.57051,-0.4603,0.47097,-4.0997,0.52867,5.8406,0.64141,-0.65331,-2.6217,1.014,0.20135,-0.13346
15.711,-5.1947,4.4679,-1.4069,-3.1036,0.69601,-0.89218,0.17574,-0.50102,14.783,17.702,1.9075,0.85008,1.8685,1.6624,0.07767,-0.66287,-0.48636,-5.7264,-22.081,-0.32281,-2.1264,-1.8399,2.2637,0.14493,1.2831,-0.088633,-36.554,-14.302,-0.9107,0.91909,0.90527,0.092412,0.55716,-0.44594,0.46872,-16.418,3.3447,-3.2802,-1.612,-0.66211,-2.269,0.98809,0.29899,-0.11214
29.294,-5.4744,-6.6384,1.6795,0.22308,0.072936,-0.94429,0.18277,-0.39058,8.9517,26.571,1.5963,2.2175,2.0609,2.4099,0.059716,-0.64644,-0.45297,8.2653,-50.517,-2.4814,1.908,-1.8563,3.3524,0.27894,1.2588,-0.090857,-19.453,-13.303,-1.0334,1.4383,-0.33748,-2.3661,0.57582,-0.38812,0.49218,-13.777,-1.7008,-5.9387,-0.685,-0.45788,-2.8987,0.96807,0.39876,-0.13422
21.016,-6.1254,0.50256,2.426,0.73406,0.074007,-0.92504,0.15389,-0.43107,7.6451,24.472,3.9774,1.2981,1.921,1.1367,0.07922,-0.67561,-0.3977,11.781,-21.901,-3.5813,0.77331,-0.19311,4.1884,0.4414,1.1382,-0.21004,-18.905,-13.547,-10.386,-0.20089,-1.104,-2.9183,0.61499,-0.33618,0.48281,-28.551,6.7247,-7.2639,-0.38881,-0.33171,-3.3445,0.95334,0.4923,-0.16522
15.773,-0.43404,3.3054,1.923,0.8148,-0.03848,-0.89939,0.098776,-0.47424,-1.3801,12.999,1.3203,0.44814,1.8006,1.2617,0.099465,-0.71796,-0.34786,4.9389,-12.637,0.38844,-0.8233,-1.2694,3.0271,0.54887,1.0168,-0.2295,-21.862,-0.76315,-6.8279,-0.037798,-0.9546,-4.5653,0.67824,-0.22256,0.4648,-13.74,9.5678,-2.6653,-0.57052,0.12154,-1.8264,0.93481,0.59434,-0.221
