9.6737,1.0361,2.3326,-2.0676,1.6007,0.45962,-0.8027,0.32437,-0.25302,6.0217,4.8144,-0.41352,0.46538,-0.35063,-1.0906,-0.61323,-0.21757,-0.19713,8.0927,-0.82509,1.1463,2.1888,-1.3012,1.7315,-0.75894,0.22452,0.19976,-10.141,-2.9552,-0.88237,-0.7306,-1.1802,-1.5612,0.54979,-0.31887,0.48169,-9.3512,-0.21508,0.91238,0.81189,-1.1834,1.7988,0.57408,0.25923,-0.26325
2.1235,-2.8075,-1.3606,0.86062,0.8074,0.25985,-0.78744,0.34008,-0.26363,-0.8845,0.32654,0.30856,0.43628,0.018501,-0.88918,-0.61462,-0.25927,-0.18468,1.9556,0.74999,-0.03523,5.7908,-0.79381,2.915,-0.72211,0.33034,0.18385,-3.5207,6.5779,-7.4596,3.3974,-2.005,-2.0488,0.63229,-0.24172,0.43661,1.9491,-4.3406,-2.9344,0.93168,-0.90435,1.544,0.58087,0.18905,-0.30232
-5.2186,3.5451,-4.292,-1.4746,0.86142,-0.8222,-0.76878,0.33115,-0.28875,-10.951,-0.086242,0.69207,-0.49135,1.1439,-1.0036,-0.6045,-0.28633,-0.1959,-5.59,3.1167,-2.6258,5.5423,2.2959,1.1476,-0.68919,0.41716,0.07699,-2.1368,19.2,-0.73815,2.2497,0.038505,-0.43285,0.65148,-0.15757,0.44787,0.80912,-13.183,-4.2311,-0.49004,-0.40692,0.024879,0.58469,0.17112,-0.31306
-10.054,2.5467,-9.8561,1.9513,2.9806,-0.40974,-0.74552,0.3024,-0.39064,-3.7752,0.045298,-0.59746,-1.2601,-1.5809,0.15252,-0.60169,-0.28758,-0.19663,-4.1988,1.9833,-0.23309,3.3459,-1.4006,-0.28598,-0.67893,0.44437,-0.004012,0.44881,5.6975,-4.7679,-0.22563,-1.198,0.43504,0.66033,-0.14858,0.43966,-1.6503,-3.7604,0.26499,0.55399,-0.11023,-0.26797,0.58866,0.1749,-0.32146
-3.8229,-1.2488,4.2821,0.63629,0.46816,0.79334,-0.70425,0.28813,-0.47657,3.0993,2.3831,-0.90427,-1.5903,-0.3481,0.20421,-0.61221,-0.26821,-0.18245,3.7491,3.0484,0.79299,1.6656,0.86361,-1.0414,-0.68281,0.43295,-0.036491,-0.47538,-3.0041,5.6516,-0.82557,-1.4758,1.391,0.65382,-0.20001,0.42227,10.465,2.3972,-8.0525,0.52647,-0.042776,-1.6897,0.57419,0.18537,-0.33613
-1.3736,-1.2336,-0.75761,0.070044,-1.6518,1.0269,-0.7031,0.32926,-0.43861,0.46192,2.7592,-0.40841,-2.5702,-0.30019,-0.44764,-0.60234,-0.25673,-0.20808,0.43979,-0.10336,1.9761,-0.37428,-0.80205,-0.46989,-0.6912,0.41504,-0.046194,3.2959,-16.367,-5.392,-1.6363,0.6165,-0.56913,0.65095,-0.22765,0.40864,-1.5839,4.4031,0.54212,-0.28241,1.6463,-0.50417,0.57937,0.20467,-0.31636
10.399,-3.2293,-3.2776,2.2374,-1.0434,1.0492,-0.7174,0.3285,-0.39441,5.1304,2.1016,0.083812,-2.1913,-0.77693,-1.0554,-0.58764,-0.24544,-0.2257,7.2166,-0.97927,0.29952,-1.2968,0.80546,-1.1503,-0.70784,0.37499,-0.055317,-3.7418,0.30857,-4.141,-0.32133,0.72702,-1.7311,0.64391,-0.24185,0.42581,-4.5271,-1.2482,3.4728,-2.8473,0.43658,0.023867,0.57664,0.24529,-0.28123
17.29,-4.2729,-4.3811,-2.7639,-2.124,0.42385,-0.74714,0.35203,-0.32693,27.604,4.1445,-1.7933,0.05614,-1.8417,-0.86389,-0.5803,-0.2588,-0.20684,18.272,-2.3449,2.1044,-0.85656,-0.42872,-0.90115,-0.71299,0.36353,-0.050366,-40.736,8.6396,2.2942,-2.3432,7.6119,3.985,0.51952,-0.3732,0.50557,-23.451,0.056169,-2.4687,-2.647,0.41703,-0.89997,0.56605,0.30658,-0.24845
39.692,-2.5492,14.355,-1.0312,-3.7052,1.2424,-0.76452,0.37474,-0.29731,24.957,1.865,-4.5539,5.2792,1.9031,-1.9477,-0.55256,-0.31848,-0.19401,34.569,0.15844,-9.0216,-3.9346,1.4646,0.3725,-0.71626,0.37592,-0.010256,-15.856,-2.8443,-7.7422,2.1865,-2.8606,0.37904,0.51405,-0.36307,0.51975,-36.715,-28.813,-4.5202,4.873,0.46885,-0.013777,0.57155,0.29196,-0.25931
22.335,-4.8076,0.68215,3.0109,2.3861,-0.57369,-0.76224,0.40173,-0.26616,22.236,14.908,-1.4344,4.1727,1.2423,-0.41844,-0.53084,-0.38634,-0.14805,24.35,-0.61929,0.43558,-4.9588,0.61146,0.81067,-0.70716,0.38362,0.026107,-20.798,-11.2,-15.755,1.8306,0.9962,-1.269,0.50027,-0.32093,0.5572,-26.784,2.9279,1.2688,-0.39768,-0.039455,-1.8424,0.55322,0.30435,-0.27229
15.175,0.7926,13.347,0.119,0.4601,-0.11417,-0.74329,0.35239,-0.36713,12.824,13.437,0.090418,-2.6759,-1.6625,0.79447,-0.54801,-0.38027,-0.13012,16.666,-2.8819,6.5293,-2.3111,-1.1754,1.5362,-0.68626,0.40629,0.082841,-14.559,0.30699,-1.4548,-0.81834,-1.6908,-1.241,0.53705,-0.29542,0.53761,-16.965,13.509,4.2198,-4.0825,-0.46054,0.30088,0.55148,0.34693,-0.21972
11.395,-0.71089,2.2523,-1.5707,1.5525,0.23444,-0.74566,0.37448,-0.35349,9.1495,0.94474,-4.3585,-5.0082,-2.1031,0.50476,-0.57019,-0.35786,-0.14466,9.6217,-7.5411,4.7213,2.4704,-2.0691,0.83707,-0.67243,0.41613,0.13343,-11.229,0.56831,-1.6058,0.20949,-1.6672,-0.96023,0.60265,-0.28696,0.45919,-6.4976,-5.6796,2.4923,-0.14465,-1.5602,1.4268,0.56287,0.33122,-0.20981
3.9969,-0.413,1.8848,1.5031,1.9622,-0.11043,-0.71501,0.36562,-0.42089,1.0854,-0.54448,7.7529,2.497,2.4859,-2.0948,-0.56195,-0.38212,-0.16856,5.6778,-0.4691,-2.0993,6.7552,-0.6126,0.51788,-0.65365,0.44841,0.082442,-3.9679,3.8314,-0.26305,2.1652,-1.229,-0.23827,0.62211,-0.24029,0.45295,2.4946,-8.3466,-5.2295,2.5175,-0.53563,0.13141,0.57296,0.28913,-0.24784
-2.5243,-0.92783,1.0635,-0.13197,-1.2133,-0.06597,-0.70475,0.358,-0.44863,0.51113,4.2254,0.67757,3.1371,1.0557,0.41979,-0.55936,-0.39118,-0.14358,-6.9627,6.4251,0.20516,4.0026,1.5418,2.0194,-0.63225,0.48388,-0.031704,1.3513,8.1983,-2.9369,2.4913,-0.10862,0.22017,0.64138,-0.17257,0.4602,4.6302,5.0269,-4.4028,-0.21244,-0.87184,0.2176,0.57439,0.27586,-0.25958
-6.2746,2.6433,-0.78448,-1.6437,-2.2375,-0.56101,-0.73504,0.36835,-0.37935,-5.7024,1.7654,-0.30009,-0.15343,0.9392,2.3584,-0.57791,-0.35817,-0.15373,-2.9065,4.8435,1.4335,1.6932,-1.2328,-1.0429,-0.63264,0.47377,-0.079716,-0.96326,12.152,-0.076688,1.173,-0.54892,0.78628,0.65019,-0.14228,0.4522,-0.035677,-0.082809,-2.3738,1.7148,0.60276,0.004353,0.57781,0.26232,-0.26781
-7.6865,0.88416,-2.6718,0.36089,-1.0302,-0.66499,-0.758,0.34792,-0.3284,-2.6532,3.7465,1.0132,-2.6711,-0.18963,0.97258,-0.59518,-0.30751,-0.18247,2.1805,-1.0534,2.816,-0.30939,0.49988,-0.75997,-0.65313,0.44855,-0.072904,-4.073,1.5763,0.88519,-1.8402,-0.63705,2.1856,0.63833,-0.21074,0.43148,-1.44,0.02886,1.7564,2.1054,0.74218,0.30349,0.58935,0.23544,-0.27065
0.92143,-2.1055,-2.2231,-0.003008,-0.54522,0.31451,-0.76927,0.32104,-0.32076,1.1985,0.075296,-0.41614,-3.1887,0.17,0.68723,-0.58926,-0.27409,-0.20575,1.835,0.75766,1.327,-0.46971,-0.037638,-1.8793,-0.67899,0.40627,-0.12332,0.72047,-7.3754,-0.65184,-0.26271,-0.72923,1.387,0.60997,-0.27566,0.41075,-2.0169,3.3489,3.7129,3.1459,0.083672,1.2627,0.5921,0.1845,-0.29275
4.6268,-1.8264,-5.364,-0.40724,0.21789,0.043683,-0.76817,0.34083,-0.30951,4.4171,-0.1355,-0.52373,-0.70738,0.68529,0.66739,-0.58121,-0.23242,-0.23346,5.2677,1.8531,-0.28294,-2.3603,-0.38224,-1.2557,-0.69856,0.3768,-0.093264,-2.112,-5.5187,2.8305,1.8691,-0.7141,0.65821,0.59764,-0.29513,0.41035,-9.0203,-3.3515,-8.3913,-0.26379,1.4022,-0.25811,0.59565,0.14005,-0.30649
16.93,0.99767,-2.6486,1.5433,1.5897,-0.21711,-0.76992,0.33475,-0.33264,15.635,7.5495,-1.7127,1.0339,0.91712,0.36647,-0.57607,-0.19105,-0.26507,18.74,1.7332,0.17759,-3.5386,-0.15962,-1.728,-0.71629,0.35453,-0.026078,-24.452,17.274,-16.925,3.2272,3.7817,1.6365,0.57348,-0.26847,0.463,-30.849,-2.9877,-2.058,-1.9781,0.37946,-0.15133,0.61247,0.15234,-0.26454
40.413,3.7316,11.364,-2.0345,-3.9495,1.3827,-0.78003,0.30427,-0.32587,45.841,4.3673,-16.915,3.0427,3.3478,-0.60109,-0.55963,-0.19234,-0.28855,31.601,-1.3033,-3.7749,-3.8618,-0.22201,-0.34645,-0.73356,0.33155,0.045165,-29.647,3.1799,-1.5435,-0.83455,-2.7224,1.2262,0.50722,-0.33131,0.49499,-14.271,2.617,5.0951,-0.12824,1.4128,-0.013665,0.62484,0.1712,-0.22986
21.614,-2.451,-1.8148,1.922,2.04,-1.1246,-0.78163,0.34411,-0.282,21.549,4.6541,-4.6738,9.0481,2.0914,-2.2341,-0.49863,-0.32265,-0.27958,21.313,-5.0264,4.7056,0.71491,-0.77262,-0.018086,-0.73363,0.32406,0.073839,-19.054,-8.7153,-2.0755,-2.9067,-0.35986,-0.094427,0.53832,-0.37676,0.42068,-28.057,3.353,1.0318,0.7639,-0.88576,0.37108,0.62299,0.15333,-0.24386
11.651,5.3658,12.41,-1.2841,-0.23157,1.1735,-0.76322,0.32212,-0.34979,9.8535,13.14,1.405,6.3545,-0.81616,0.16653,-0.46928,-0.45423,-0.1464,14.67,-0.19031,2.2519,3.9368,-1.2783,-0.090102,-0.73893,0.31378,0.0632,-13.46,-7.3581,-2.0922,-0.027761,0.66137,-0.9438,0.53867,-0.3518,0.42846,-17.951,1.7214,-3.0601,-0.87673,-1.4347,1.2985,0.6189,0.14092,-0.25487
12.782,-1.2798,0.946,-0.57737,1.1048,0.18761,-0.75578,0.34818,-0.34915,8.6347,11.328,-2.3362,-3.2181,-2.4648,1.4142,-0.50544,-0.44532,-0.087324,11.015,1.7783,-1.7348,4.2225,-0.45695,0.89766,-0.73026,0.33534,0.040964,-10.62,0.82953,-2.5242,-0.52458,-0.31151,-1.7441,0.56373,-0.31312,0.42902,-7.2194,-2.51,-5.9516,-3.2765,-1.465,0.65373,0.61286,0.13337,-0.2825
4.9848,1.4585,0.59134,-0.48202,1.9606,-1.036,-0.73673,0.33578,-0.39962,0.56614,3.6759,-4.3987,-9.5743,-3.7328,1.6548,-0.55906,-0.37961,-0.1288,8.0565,3.6547,-2.5849,1.2949,1.45,-0.98891,-0.72515,0.34717,0.010167,-2.3301,0.53698,-3.6177,-0.13484,0.63775,-2.314,0.59608,-0.27909,0.41846,-1.3162,-2.1265,-6.0301,-4.6201,-1.0496,-0.44634,0.60801,0.1604,-0.28963
-1.7051,-1.5898,0.073157,0.31215,0.14227,-0.70592,-0.73508,0.32082,-0.41909,0.20214,-11.736,-1.8468,-5.8594,0.86218,-0.49822,-0.58482,-0.30814,-0.19403,-7.4996,1.3875,0.10376,-1.4441,1.5367,0.45984,-0.73114,0.32815,-0.042017,2.8798,5.1525,-1.2373,-1.3783,-1.276,-1.3127,0.62806,-0.24232,0.39627,3.0313,-18.102,-6.1641,-2.3203,-1.2104,-0.91658,0.59218,0.21719,-0.29119
-5.3793,1.084,2.0323,0.61553,-0.37051,-0.2484,-0.73832,0.29585,-0.43841,-6.2739,-4.9548,4.0837,1.4542,-0.15783,1.499,-0.56932,-0.34163,-0.19037,-2.0041,0.46431,3.5819,-0.36262,-1.1286,-0.25925,-0.73561,0.32214,-0.015993,-0.57525,6.1124,-0.91762,-2.4792,-0.10983,-0.79874,0.63653,-0.25952,0.37585,-2.5252,-2.1381,-1.0901,1.3959,0.70989,-1.6608,0.5786,0.25152,-0.28591
-8.1975,-2.0575,-3.3439,0.16334,-1.7082,-0.063348,-0.76422,0.25821,-0.40816,3.4363,2.0778,-1.934,2.6927,0.24249,0.12049,-0.60043,-0.29833,-0.18952,-0.61994,-0.07128,4.4679,0.46018,-0.66491,-0.22347,-0.74223,0.32084,-0.015293,-1.1105,-2.1324,1.0388,-2.6367,0.44122,0.027671,0.62488,-0.27471,0.38016,-2.0208,2.9936,0.44129,0.87852,0.80156,-1.4522,0.56613,0.29624,-0.2673
-0.17049,0.50964,-1.901,-0.10706,-0.54027,0.50768,-0.76792,0.27226,-0.38222,0.25544,4.5193,0.585,0.039194,1.1451,-0.10374,-0.5839,-0.31377,-0.20421,1.5907,1.0962,1.4397,2.0996,-0.48254,-0.79007,-0.74404,0.31519,-0.011212,0.64355,-7.0507,2.3623,-1.8709,0.79459,-0.61672,0.60953,-0.30646,0.38174,-0.2546,0.99128,2.4678,0.46087,0.45975,-0.96932,0.55033,0.32513,-0.2571
1.9475,1.2012,-1.2388,0.87562,-0.23379,0.14044,-0.76338,0.27677,-0.37419,3.9343,1.4116,0.39896,-0.1773,0.221,0.21877,-0.56415,-0.33134,-0.18834,3.8233,1.744,2.1395,0.59662,0.60178,-0.89223,-0.75113,0.29712,-0.022726,-7.0298,5.3758,-3.0722,-0.70801,1.0366,-0.019446,0.60628,-0.34646,0.37125,-3.79,1.1427,2.3338,-0.54974,0.30154,-0.77003,0.53686,0.32085,-0.26446
12.515,2.0399,-2.4664,2.1551,0.31483,0.59501,-0.77252,0.2659,-0.36873,10.968,5.6779,0.84069,0.10309,-0.59186,0.37044,-0.55565,-0.32549,-0.19263,10.802,0.83085,4.0923,-1.1273,-0.55161,0.059989,-0.75735,0.2912,-0.026639,-36.672,4.6575,-6.4879,-2.5386,3.2346,3.2286,0.53726,-0.42408,0.39715,-21.873,6.4479,-8.1173,-1.1393,1.7135,0.2671,0.52341,0.3524,-0.23982
47.678,3.3507,14.237,-1.0001,-2.7798,0.8382,-0.77163,0.27619,-0.33911,50.329,13.088,-13.696,-0.94628,-0.71259,1.4742,-0.57857,-0.29326,-0.18092,42.643,5.9623,-19.22,-5.0475,2.3155,-0.20515,-0.77271,0.28445,0.012641,-13.53,-8.0024,-11.336,1.7385,-1.7185,0.99804,0.49198,-0.45349,0.41831,-35.086,-35.649,4.0292,3.8404,-0.59854,0.61083,0.53993,0.34057,-0.23352
24.664,-4.4523,-0.22301,0.34265,1.3893,-0.1734,-0.77308,0.34279,-0.289,23.87,8.833,-1.6417,0.5426,-0.034645,0.57334,-0.58261,-0.25546,-0.22523,21.995,1.2811,-1.814,-5.2754,2.4915,2.0917,-0.74776,0.32101,-0.025488,-26.27,-8.4356,4.9442,1.1381,0.4084,-1.072,0.46829,-0.40513,0.48735,-27.015,23.589,5.9464,-2.257,-0.25532,-1.2646,0.51857,0.38608,-0.20939
19.566,-0.96566,12.578,-1.7915,1.0795,0.11711,-0.76448,0.31862,-0.35342,16.376,11.696,0.9791,1.8679,0.64703,-0.68677,-0.58001,-0.28823,-0.2139,15.408,-0.90515,5.8524,-2.5288,-0.47734,2.3709,-0.7234,0.37396,0.007616,-15.241,0.38269,-5.8802,-1.7318,-0.58191,-0.73408,0.49726,-0.38619,0.48566,-18.003,-5.4849,2.5763,1.1661,-0.2715,2.0388,0.53774,0.36402,-0.21577
11.279,-1.5729,-0.57436,-1.9461,2.1689,-0.13735,-0.75672,0.35424,-0.33921,7.9876,9.0007,0.162,-1.8053,-0.16431,0.009562,-0.58166,-0.30463,-0.18979,7.8117,-2.2265,2.1199,0.9656,-1.5007,1.0282,-0.6975,0.41068,0.058941,-11.779,0.35375,-1.0314,2.2787,-2.8424,-1.6283,0.5666,-0.35855,0.43877,-9.2006,-6.1029,-3.3502,0.77547,-1.9068,1.6043,0.55515,0.31016,-0.25006
2.2152,-0.53946,1.8853,-0.1294,2.9784,-0.49568,-0.72113,0.35281,-0.41637,-0.14296,1.3395,0.38091,-2.1269,-0.14815,-0.13065,-0.59423,-0.28814,-0.20215,1.7533,1.6887,0.97465,3.9866,0.157,0.39256,-0.68377,0.42975,0.01973,-3.7111,3.2181,-0.42228,2.4392,-0.45205,-1.3183,0.61334,-0.271,0.44153,-0.2221,0.4239,-1.9557,1.4047,-0.11622,1.406,0.57242,0.25652,-0.27893
-4.1256,1.1944,1.5427,-1.1167,0.6136,-0.65252,-0.7053,0.35017,-0.45928,-6.9436,-0.12075,2.6679,-1.7986,-0.45981,-0.71964,-0.59657,-0.28231,-0.20859,-12.708,6.3474,0.15611,2.5996,1.7883,0.38892,-0.68192,0.42533,-0.066324,-0.6045,6.4678,0.16178,3.6182,-1.2236,-0.091208,0.63797,-0.18122,0.45055,4.2767,-8.8807,-4.5792,-0.16521,-0.13686,0.51257,0.58305,0.23254,-0.28647
-8.5251,2.0143,-2.0143,-0.76664,-0.79449,-1.0734,-0.70664,0.35585,-0.4543,-0.95482,0.44961,-0.063123,-1.9715,-1.1768,-0.29062,-0.59869,-0.27825,-0.21601,0.41907,1.259,0.67097,0.9445,-1.5617,-0.5952,-0.68782,0.4164,-0.053834,-1.1121,12.18,0.2204,2.3659,0.004365,1.0797,0.6788,-0.11747,0.4338,0.010197,-9.6097,0.24739,5.884,0.70474,0.029576,0.59863,0.16841,-0.31851
-5.3001,1.6619,-1.8802,-0.53835,-0.73949,0.34606,-0.71234,0.35485,-0.43367,3.0542,-0.42446,-1.87,-1.1869,0.69289,0.060188,-0.5975,-0.25606,-0.22591,4.4289,-0.56627,2.426,0.26942,-0.43324,-0.14143,-0.69488,0.40973,-0.029429,-0.45097,0.017875,0.36695,1.5135,-0.88288,1.6374,0.68366,-0.13848,0.42078,-0.86716,3.875,-1.0608,2.9467,0.85854,-0.16675,0.60535,0.11263,-0.32361
-1.8132,-0.26183,-2.0528,-1.2169,-1.8909,1.0052,-0.72315,0.3899,-0.37543,0.88283,0.068085,-0.42054,-0.69562,1.3517,-0.14336,-0.58628,-0.24634,-0.24368,2.6452,1.4747,1.3024,-0.77598,-0.073973,-0.85491,-0.70389,0.39418,-0.026315,-0.10765,-2.7115,0.57188,1.8363,-0.35996,1.2999,0.6687,-0.15914,0.42925,-0.88665,8.6765,1.5889,0.66574,0.50673,0.58437,0.60576,0.093904,-0.31056
4.841,-1.2723,-3.5458,-0.48421,-2.1772,0.37138,-0.74365,0.42566,-0.3014,-0.024058,-0.12295,0.97521,-0.47444,0.40794,-0.34953,-0.56411,-0.24088,-0.26763,2.8578,-0.26473,1.2674,-2.2479,-0.11028,-0.33658,-0.71189,0.38645,0.004341,-1.8892,-3.8231,2.8781,2.0273,-0.82941,1.1201,0.67182,-0.17223,0.43712,-4.663,-3.8094,-9.4977,-0.58372,0.7965,0.34269,0.59819,0.079478,-0.32058
16.912,-0.88853,-5.1976,0.20631,0.72809,0.22325,-0.7567,0.44063,-0.2582,13.071,7.742,0.60542,-0.32613,-0.88602,0.040487,-0.55619,-0.23232,-0.26296,15.347,-0.27206,2.5815,-2.2444,-0.28741,-0.6929,-0.71661,0.38402,0.063105,-15.458,4.6463,-12.409,2.4765,1.9504,0.88687,0.66176,-0.1621,0.48342,-36.391,-7.0603,-0.84633,0.3656,2.0039,-0.88883,0.6288,0.08431,-0.26362
38.354,3.4122,17.599,-4.92,-3.0402,0.59245,-0.75679,0.41655,-0.27326,38.96,6.8824,-12.53,0.5443,1.3824,0.50823,-0.53801,-0.21926,-0.28752,32.311,-0.42875,-8.3512,-7.467,0.6729,0.27603,-0.72498,0.34639,0.16181,-41.694,16.553,2.9716,-0.21195,-1.8119,1.5563,0.59009,-0.21536,0.56793,-17.694,6.9587,6.8808,0.72111,0.62223,1.0115,0.64539,0.084269,-0.23797
21.71,-4.9693,-5.8294,-0.53522,2.0881,-0.14901,-0.75438,0.46514,-0.18134,24.717,3.3408,-5.89,5.5611,1.4555,-0.77147,-0.52202,-0.27151,-0.29485,22.359,-1.9208,0.6872,-7.6237,0.44224,0.24046,-0.7393,0.282,0.23638,-19.916,-6.425,1.8135,-3.5184,-0.35816,0.39772,0.64382,-0.26615,0.47514,-24.09,1.7516,0.60295,2.4439,-0.51184,0.65356,0.64202,0.028144,-0.26137
9.9643,-4.1222,17.23,-1.4253,-0.004715,0.022947,-0.74099,0.45181,-0.23803,9.384,15.642,1.9943,4.7174,-0.095114,0.33085,-0.51629,-0.34727,-0.23773,15.479,-6.6651,6.0319,-4.832,-0.8422,0.31096,-0.73099,0.24111,0.29941,-10.024,-9.6815,-0.98524,0.26965,0.2883,-0.24807,0.64584,-0.28502,0.45038,-15.629,4.3578,-8.3462,-0.81522,-1.6699,0.932,0.63352,0.004526,-0.27138
12.398,-2.4446,0.27152,-2.4712,0.13309,-0.054405,-0.75811,0.46943,-0.18619,5.7276,14.319,-2.6465,-4.8641,-3.4182,1.6485,-0.56616,-0.32239,-0.20024,14.501,-5.0195,-1.1432,0.046493,-0.5058,-0.20558,-0.72006,0.21241,0.34468,-10.229,4.8629,-1.8155,0.49566,0.51184,-1.7983,0.65154,-0.23598,0.46721,-6.1146,-5.0642,-5.4617,-2.155,-1.0677,0.43617,0.62533,-0.000727,-0.2972
4.3663,-3.7105,3.224,-0.46161,1.4091,-0.50654,-0.74954,0.47397,-0.2102,0.55146,3.693,-6.8823,-10.574,-5.6159,1.1603,-0.6339,-0.22162,-0.19083,4.6558,2.2254,2.1315,0.98813,0.69027,-1.0662,-0.72602,0.20509,0.32326,-1.746,-0.55559,-5.4355,1.1922,1.6044,-1.5646,0.65117,-0.16419,0.49179,-1.4482,-9.951,-4.888,-1.6513,-0.87088,-0.57507,0.62126,0.025749,-0.31554
-2.3159,-0.78755,4.4905,0.023838,-1.3212,-0.7883,-0.75694,0.4614,-0.22456,1.7462,-13.143,0.22673,-7.2353,-2.4004,-2.295,-0.6543,-0.20467,-0.17572,-3.7443,-0.11788,5.3308,-3.1583,0.5321,-0.98737,-0.73844,0.1546,0.31064,0.7778,-0.34222,-2.0388,-0.33312,0.092512,-0.93624,0.67264,-0.12267,0.47236,-0.092484,-10.28,-4.3729,-1.0589,-0.62834,-1.6889,0.61095,0.071392,-0.34317
-6.9921,2.2192,-0.73299,1.2503,-3.3956,-0.090698,-0.77934,0.45221,-0.16018,-5.2965,-8.0506,4.0197,1.1624,-0.69986,0.81002,-0.66631,-0.2146,-0.14624,-5.468,-5.4129,5.8076,-0.95594,-0.25172,-1.8521,-0.74871,0.075441,0.32051,0.45234,8.4105,2.9044,-2.7826,-0.12296,-0.82823,0.67254,-0.12371,0.47301,-4.0062,-0.47042,-1.768,1.0692,0.94838,-2.4085,0.60767,0.12668,-0.33821
-5.5649,0.27509,-2.8238,-0.58903,-2.1078,-0.46174,-0.8029,0.42751,-0.09813,-2.9107,1.2923,1.6614,1.1203,-0.1125,1.7968,-0.67937,-0.16059,-0.13232,1.0518,-5.8123,4.5051,2.9931,-0.25783,-1.5198,-0.74642,0.043901,0.34597,-0.065715,1.7933,3.0137,-3.7813,0.11549,-0.42472,0.6582,-0.17539,0.48863,-2.9855,-1.0091,1.4003,1.267,1.2516,-1.5264,0.61487,0.1679,-0.31587
-0.3921,1.9212,-6.1909,-0.93595,0.14379,-0.055629,-0.79651,0.42924,-0.053008,2.2015,1.5762,0.49358,0.22293,1.2934,0.57303,-0.67592,-0.12417,-0.16716,1.5285,-3.4159,0.74712,6.591,0.098529,-1.0924,-0.75447,0.085831,0.33609,2.5634,-4.1787,2.4578,-2.3744,0.027769,-0.45922,0.6663,-0.23803,0.46908,-0.65873,5.4289,2.8913,0.60917,0.84391,-1.3208,0.6132,0.20595,-0.30287
3.5418,1.4764,-6.6041,0.96602,3.7113,-0.62068,-0.78555,0.42032,-0.13013,8.1078,1.9945,-0.89963,-0.18093,0.90091,1.4307,-0.66223,-0.10113,-0.20868,4.2961,-1.7572,3.408,6.4926,-0.49402,-0.4958,-0.75809,0.15204,0.31923,-6.4662,10.044,-10.509,-0.52326,2.833,-0.54546,0.64082,-0.23466,0.54453,-2.7868,1.5611,0.99225,0.35239,0.19622,-0.33295,0.60288,0.2302,-0.31291
21.768,-1.5324,-2.1135,0.44221,0.57572,0.47928,-0.76697,0.42335,-0.20411,37.547,3.0834,-4.6533,2.3569,1.4171,0.53206,-0.64675,-0.096823,-0.22986,24.82,-0.013226,-2.7999,4.8863,-0.94204,-0.63204,-0.75363,0.21453,0.30853,-46.36,5.8332,15.344,-1.3085,-3.2604,4.2377,0.57629,-0.35773,0.5697,-49.232,13.084,25.586,-4.157,4.5519,2.9362,0.63978,0.22331,-0.22644
63.562,10.146,31.904,6.1987,-3.9719,-0.97908,-0.81483,0.37589,-0.17892,27.33,12.792,-0.15405,2.5671,-0.43377,0.20359,-0.6442,-0.12332,-0.23518,29.179,9.7225,-13.817,-2.9356,3.5965,0.35276,-0.76675,0.21794,0.27203,-10.514,-23.748,-18.446,0.98818,-0.015993,0.047926,0.57905,-0.43351,0.5283,-16.543,-13.626,0.39765,-5.1079,-4.217,-3.2547,0.60524,0.29944,-0.24112
23.038,-12.1,-7.6114,-4.8097,4.275,0.20492,-0.80839,0.41779,-0.083981,31.39,14.699,-1.5737,-7.1964,-0.59655,-0.17563,-0.66153,-0.079726,-0.22311,23.028,3.2539,-5.1577,-7.6302,3.6239,2.1846,-0.8005,0.21241,0.1996,-27.562,7.9832,-29.259,-0.4212,8.3137,-0.63138,0.49538,-0.40415,0.62821,-31.302,-0.98679,-1.3342,3.315,-0.63056,0.015397,0.58751,0.30658,-0.27025
7.8753,-6.5588,4.5078,4.2017,1.8221,0.39576,-0.80375,0.38131,-0.20324,17.738,-10.688,1.3348,-1.6388,0.81329,-0.62869,-0.66778,-0.046537,-0.22303,12.385,-4.5334,4.1216,-6.3667,0.23302,3.1387,-0.78249,0.23825,0.20606,-14.154,-5.4262,-7.4351,-0.33448,-3.8897,-2.2355,0.52479,-0.34259,0.62292,-14.423,7.5113,-6.0014,-0.53726,-1.6594,0.62684,0.58269,0.27504,-0.30182
7.5526,3.6214,2.9302,-2.257,2.554,2.8628,-0.78284,0.42508,-0.26953,6.2651,-2.2311,-6.2814,7.678,2.2654,-1.7133,-0.65814,-0.13772,-0.23503,0.3748,-5.306,3.0631,0.091451,-1.0923,0.89316,-0.75723,0.25576,0.25928,-16.558,0.90071,10.756,-0.82572,-0.44362,-2.4033,0.60487,-0.29754,0.55695,-7.501,0.5259,-0.031482,0.62773,-0.78252,1.9132,0.59411,0.23958,-0.31508
2.4016,-1.4133,3.2986,1.8685,2.6613,1.8422,-0.71746,0.51462,-0.29941,-1.0235,2.3082,-3.8023,5.5784,3.3418,-0.38463,-0.63033,-0.23903,-0.23061,-3.3098,-0.36094,-0.6678,4.4807,-1.5105,0.80233,-0.73287,0.30074,0.24721,-6.7316,1.669,1.2893,3.6979,-0.65851,-0.51682,0.63586,-0.18878,0.55761,2.9858,-11.775,-1.9942,0.74914,0.093999,0.9775,0.59766,0.16887,-0.3606
-4.5105,-1.4698,1.6343,0.021704,0.56707,-0.00885,-0.69954,0.48669,-0.37145,-11.055,3.9805,-0.009314,-0.95456,0.5208,0.60332,-0.62602,-0.23829,-0.25595,0.22188,-2.5477,-0.30484,5.1679,-1.7831,0.22663,-0.71162,0.35965,0.22055,4.3517,20.61,-1.7797,4.1265,-1.1088,-0.50246,0.68258,-0.067131,0.52197,1.5793,-2.9308,0.10514,0.94777,0.01002,-0.24339,0.59931,0.1587,-0.36525
-6.0812,5.9966,-0.53739,-0.69035,-0.21381,1.3852,-0.65648,0.50448,-0.42267,-0.92332,-1.806,-2.3381,-3.0977,-0.18708,1.0289,-0.62711,-0.20663,-0.28269,2.6144,-3.1818,1.1678,5.5856,-1.0965,-0.007594,-0.69167,0.42002,0.19566,-1.6252,4.9866,-5.319,-0.94253,-0.68216,1.6624,0.69075,-0.080277,0.50231,0.86005,-2.5357,-0.8547,2.121,-0.62651,-0.57133,0.60858,0.13933,-0.35971
-6.3625,0.61683,-5.1852,0.11071,-1.1476,0.70406,-0.62745,0.50703,-0.42263,1.0449,-1.1469,0.12897,0.41559,0.99941,1.0904,-0.62347,-0.16454,-0.30341,0.46216,-0.33161,1.9291,5.246,0.053208,-0.17202,-0.68937,0.44781,0.11135,0.36709,-10.674,0.62009,-0.4861,-0.69112,1.0558,0.69579,-0.15768,0.48291,-0.90661,-0.9452,-2.5835,0.61582,-0.031851,-0.4327,0.59698,0.13345,-0.37809
4.6474,0.14608,-4.0304,0.74229,-1.4261,0.34429,-0.63089,0.51065,-0.3922,1.5229,1.4523,-2.872,1.5131,1.3401,0.087594,-0.60555,-0.16173,-0.33477,1.204,1.9176,4.5783,2.287,0.28436,-0.3777,-0.69045,0.45286,0.044438,2.7069,-11.192,-6.1897,-1.1051,-0.45857,-1.968,0.71235,-0.13548,0.48728,-1.0903,-0.16117,-0.10432,-0.77114,0.047488,-0.54626,0.58876,0.15141,-0.38569
11.302,-6.4515,-7.0519,4.6724,-0.41509,0.41673,-0.64618,0.46773,-0.38046,3.1804,-0.41343,-2.1413,2.7769,0.3805,-0.74061,-0.59521,-0.1639,-0.34217,5.8286,-1.0492,4.9298,-1.3039,1.9004,0.25399,-0.69521,0.44788,-0.01059,-6.7971,10.036,-1.7671,-1.924,1.2073,-1.235,0.73523,-0.15187,0.50794,-2.1979,1.3139,-1.7476,-2.3517,0.19279,-0.4035,0.56312,0.19222,-0.40287
5.7716,-6.3743,-0.39367,-1.4728,-1.2714,-0.46734,-0.67524,0.44221,-0.36926,15.607,2.1161,-3.1301,4.4327,-0.82113,-0.84532,-0.589,-0.22217,-0.31157,15.306,-5.0515,3.241,-2.6112,2.281,0.40839,-0.68156,0.46654,-0.033743,-26.681,7.2705,-8.5259,-5.1358,3.0581,5.1588,0.66421,-0.31693,0.58362,-12.681,-1.5107,-0.28884,-3.1202,0.95588,-0.20533,0.55902,0.25651,-0.37682
30.489,1.1672,29.835,4.9224,-8.1428,1.6089,-0.72036,0.48013,-0.26481,31.816,14.677,-0.10334,3.4958,-0.21266,0.63209,-0.57059,-0.30275,-0.28608,32.703,-4.7786,-2.4509,-4.4687,1.434,0.076602,-0.66936,0.48869,-0.010546,-12.672,-11.979,-4.6372,1.7121,-1.6834,1.1072,0.59776,-0.36323,0.63733,-50.329,-48.046,19.15,-4.9511,1.7233,-4.1509,0.57675,0.28707,-0.33741
33.879,-8.4132,-2.6558,1.0276,-2.7145,-0.4232,-0.73642,0.49415,-0.22332,18.084,16.971,9.0477,-1.9419,-0.46392,0.35007,-0.58791,-0.27556,-0.28159,25.938,-1.7052,-2.1203,-3.8577,1.8023,0.93135,-0.6512,0.50538,0.021262,-16.664,-3.6921,-10.248,0.46927,2.6867,-0.74211,0.58608,-0.337,0.66305,-28.296,11.549,2.9638,1.6491,-0.27545,-0.53348,0.53616,0.36335,-0.3134
19.054,-0.24653,4.1561,0.401,2.5586,-0.73303,-0.74425,0.45426,-0.27171,20.645,10.527,-1.4205,-0.51975,0.68082,0.25303,-0.59593,-0.25298,-0.28968,20.016,-0.976,0.34676,-1.0193,-0.13151,1.4739,-0.624,0.52975,0.050808,-20.788,-5.2487,-7.7486,-0.019387,-1.9464,-1.5069,0.60426,-0.29682,0.65337,-19.758,-3.4832,13.586,-0.92392,-0.04096,-0.15062,0.53854,0.36148,-0.30668
14.146,-3.9267,8.0566,-3.1857,1.2692,0.94161,-0.74854,0.49291,-0.21083,13.429,5.2286,-1.0272,-0.17432,-0.20658,-0.68661,-0.60825,-0.24229,-0.26963,11.743,-1.7444,2.4253,2.5519,-1.9915,0.44991,-0.60577,0.53681,0.063832,-15.195,-1.9051,-3.9261,0.046422,-0.9259,-1.102,0.63365,-0.26772,0.60189,-14.683,1.7785,-0.42585,-0.29945,-1.2665,1.1901,0.54369,0.34695,-0.304
7.9929,-5.3543,1.301,-1.3362,1.8642,0.51559,-0.71219,0.54172,-0.20936,6.6501,-0.43712,-2.3413,0.65078,0.67328,-1.2171,-0.59978,-0.27029,-0.26116,5.7055,-1.6061,1.9305,5.3968,-2.6102,-0.29253,-0.60522,0.53832,0.024694,-10.445,8.4249,-0.12808,0.71429,-1.2044,-1.3577,0.6666,-0.19639,0.55581,-6.4946,-0.009045,-4.3488,0.1004,-1.0093,1.6973,0.55197,0.31083,-0.32039
0.090059,0.27446,0.83003,1.9852,2.2629,-0.42521,-0.67854,0.52054,-0.32866,-2.7177,1.3955,0.40426,-1.2917,1.0928,0.68671,-0.58309,-0.28419,-0.28944,-1.6842,4.9192,-3.2483,4.8904,-1.8363,0.24938,-0.60835,0.53568,-0.025426,-1.4707,7.3243,-1.042,2.1701,-1.0592,0.17469,0.6959,-0.11878,0.52024,2.5765,-3.1729,-6.774,-0.56418,0.25818,1.0323,0.57205,0.26499,-0.32221
-4.8103,2.5813,0.65867,1.1757,1.4748,-0.99972,-0.66694,0.47476,-0.42501,-9.4267,-0.26052,1.5779,-3.1735,-1.5638,0.81831,-0.59706,-0.23092,-0.30926,1.0682,6.1115,-1.7213,0.42956,-1.5697,-0.81415,-0.61547,0.52468,-0.034759,-0.9453,12.697,2.4665,1.1577,-0.58068,0.46158,0.69659,-0.084578,0.50272,0.14085,-3.1109,0.10277,1.198,0.083051,0.02034,0.58374,0.26214,-0.31146
-7.151,1.7633,2.4411,-2.8625,-0.837,-2.1537,-0.68305,0.46165,-0.41031,-0.9289,-2.0421,-0.18127,-2.6402,-2.6967,1.2643,-0.63527,-0.1683,-0.26421,2.962,1.985,0.28125,-2.0526,-0.86592,-1.5202,-0.63987,0.49827,0.019286,-3.4218,-1.8087,0.33176,-0.58162,-0.68743,2.241,0.69984,-0.14334,0.47329,1.0433,-0.70806,-0.36856,3.193,1.0891,0.22425,0.5946,0.21879,-0.32301
-7.5168,1.2329,-1.3029,-1.0558,-2.2795,-1.3172,-0.72185,0.41916,-0.31747,2.3704,-2.5246,-1.7282,-0.46605,0.29937,0.88226,-0.64867,-0.1124,-0.24905,4.4996,0.17924,0.93741,-2.8648,-0.81427,-2.0083,-0.67559,0.44231,0.077978,1.6812,-2.2384,-3.264,-0.70942,-0.14851,0.85811,0.67402,-0.20521,0.45868,-0.10275,3.2985,0.42969,2.7355,0.42834,0.85085,0.60571,0.16365,-0.33671
1.3219,-0.88635,-2.227,-0.53947,-2.1525,0.63358,-0.72926,0.42614,-0.24607,0.50772,-0.072936,-1.3105,0.52448,0.7276,0.51539,-0.63558,-0.09494,-0.26661,2.8095,-0.80214,1.8139,-2.2104,-0.62744,-2.0855,-0.7119,0.37912,0.13985,-0.77102,-8.65,10.483,0.99199,-0.1467,0.29825,0.65452,-0.23222,0.47803,-1.553,-5.2269,2.9446,2.5379,0.10215,1.4001,0.60895,0.098752,-0.35471
16.616,-5.1778,-13.927,-0.96293,-2.4657,-0.56686,-0.74163,0.42938,-0.18807,5.0671,2.2371,-0.36067,-0.02661,-0.081545,0.35492,-0.62195,-0.082302,-0.27746,6.7173,-0.85007,2.583,-0.93459,-0.76036,-1.8783,-0.73253,0.32765,0.19643,-1.5153,-4.5921,-8.4125,4.3499,-0.17204,-0.40236,0.67942,-0.1891,0.50334,-20.434,-1.9463,-8.5041,0.49445,2.5468,0.33437,0.61628,0.078501,-0.33969
18.437,0.034972,-11.372,0.64744,-0.24365,-1.13,-0.7761,0.3941,-0.13613,45.153,7.7228,-9.0788,0.29976,-0.12584,0.10513,-0.62136,-0.077731,-0.26576,29.984,0.32275,0.80774,-0.67058,-2.1485,-2.1886,-0.74954,0.26602,0.24747,-62.819,50.578,17.215,5.5998,7.2671,6.9245,0.56324,-0.13423,0.65551,-15.182,-6.0524,0.88183,-1.5919,1.3083,-0.24159,0.63447,0.090222,-0.3064
59.588,12.223,39.259,-1.1431,-3.7371,0.95885,-0.81816,0.35558,-0.16461,25.064,-0.16115,-4.6888,5.0596,1.2987,-1.5573,-0.59215,-0.14776,-0.29219,28.69,-2.7056,-4.2689,-2.2104,-0.35783,-0.86774,-0.74885,0.20865,0.31108,-18.559,-4.1772,-3.6086,-3.5011,-2.7436,1.8195,0.59276,-0.29017,0.54828,-18.424,1.2754,5.3291,-1.2193,-0.49767,-0.21897,0.63968,0.1043,-0.28877
17.474,4.4928,-14.566,-2.6707,2.0177,-0.009892,-0.81676,0.39106,0.000845,13.767,21.001,9.9582,0.76216,-1.5964,0.59368,-0.59278,-0.20479,-0.27554,16.374,-3.2187,4.3964,0.39762,-0.33084,0.10224,-0.74714,0.1819,0.30992,-15.48,-15.924,-3.6465,-0.26383,-1.2307,0.88365,0.58892,-0.34813,0.48958,-23.878,8.0063,-8.8791,-0.34509,-1.1194,1.0946,0.63198,0.11526,-0.29067
11.543,-1.9202,0.54448,-2.2384,2.5461,1.4147,-0.79741,0.41779,-0.097848,18.687,7.6646,-10.376,-4.7548,-2.5485,0.50804,-0.62676,-0.16682,-0.21392,11.988,3.1062,-0.39114,2.2773,0.25959,1.6815,-0.7337,0.22927,0.29296,-8.8418,-1.9996,-2.2153,1.4255,0.4967,-1.7072,0.60347,-0.29903,0.49171,-10.528,-3.9371,-1.4244,1.6279,-0.90475,1.7541,0.62939,0.055314,-0.31133
7.2292,-4.773,3.8207,-0.37161,3.5563,-0.4114,-0.7875,0.4238,-0.1492,4.9018,-2.1284,-2.4861,-5.6051,-0.41229,-0.28714,-0.64889,-0.13381,-0.21135,6.7766,0.92604,-1.9553,-0.21429,1.0342,2.5989,-0.71991,0.29501,0.27036,-9.2638,0.18981,1.1125,-0.81153,0.10021,-1.8824,0.6223,-0.27052,0.47675,-6.8918,-5.3007,-2.9952,-1.1585,-0.94509,0.68095,0.62612,0.023502,-0.32368
1.6319,0.58703,4.8128,-1.7761,3.933,-0.67792,-0.7726,0.4096,-0.25286,-1.4522,-4.1881,5.3124,-2.0212,-0.30076,-1.8262,-0.64984,-0.13866,-0.2179,2.0481,3.2582,3.4578,-2.5101,3.8638,-0.31366,-0.74118,0.26658,0.22381,0.93,-2.1149,-4.8248,-0.29246,-1.0286,-1.3734,0.65723,-0.24708,0.43466,-0.18832,-9.3836,-4.3348,-2.6376,-1.0778,-1.3796,0.61438,0.069695,-0.33998
-5.2123,0.28871,2.3567,0.089568,2.2057,-0.46265,-0.74546,0.40808,-0.31351,-7.3274,-0.63089,-0.060972,0.045836,0.1441,-0.76206,-0.64798,-0.18683,-0.20864,-7.6391,-1.8933,4.4861,-2.9502,-1.1561,-0.56085,-0.75009,0.23987,0.21871,1.0925,1.4092,-0.89401,-0.44912,0.62397,-1.3989,0.66269,-0.21254,0.44031,1.0093,-10.626,-3.033,-2.3011,0.1508,-2.1704,0.60325,0.15561,-0.33558
-11.874,-3.9862,-2.7203,2.5083,-0.76847,-0.5142,-0.73203,0.36134,-0.41311,-4.2806,0.64602,-0.47631,0.11921,-1.1733,-0.72098,-0.64592,-0.18399,-0.20819,1.0574,-1.9764,7.1669,-0.08098,-0.68854,-0.63723,-0.74814,0.23388,0.24507,0.11638,5.3047,-0.80531,-2.3855,-0.001973,-0.71345,0.66738,-0.16507,0.46883,-3.1917,2.5419,-1.2456,0.5972,1.2159,-2.0216,0.5986,0.2128,-0.30743
-6.3105,-0.67293,-1.3733,-0.27766,-2.0091,0.61255,-0.74387,0.36575,-0.37019,2.9085,1.4117,-1.5514,-1.0319,-0.35536,-0.34569,-0.64513,-0.19042,-0.19473,-0.030388,-0.24026,4.9321,2.7783,-0.35383,-0.85592,-0.75339,0.23053,0.23812,0.69616,-0.52033,1.0358,-2.188,0.27408,-0.36497,0.67036,-0.20395,0.45694,-2.4417,2.3545,0.051456,0.19444,0.93967,-1.4177,0.59681,0.25194,-0.28335
3.0167,-0.51986,-2.8012,-0.79061,-2.7979,1.032,-0.75064,0.38887,-0.27617,3.6539,0.4567,-0.63506,-1.0954,0.61825,-0.37552,-0.63057,-0.20343,-0.2048,3.8201,-1.415,0.97441,2.881,0.83146,-0.42486,-0.75714,0.2295,0.23846,-4.7687,1.9335,4.4946,-0.87904,0.95643,-0.56574,0.65874,-0.26118,0.45966,-2.4843,1.5633,4.2097,0.63293,0.44377,-1.1941,0.58286,0.2945,-0.2744
16.966,1.3113,-10.793,3.2593,-0.66966,0.6354,-0.76148,0.39601,-0.24939,7.0544,0.86746,0.54198,0.35658,-0.17259,-0.1216,-0.61838,-0.20258,-0.22287,7.7864,1.0926,2.1644,2.0545,0.76488,-0.27447,-0.76937,0.24788,0.18464,-24.451,10.103,-13.113,-1.3281,2.2664,1.544,0.62749,-0.32113,0.49784,-10.977,2.7233,4.2785,-0.18946,0.2756,-0.79502,0.56651,0.31983,-0.27963
21.018,2.6456,10.628,3.226,1.3956,0.23676,-0.76871,0.40529,-0.21233,41.032,6.1333,-5.2328,1.7625,0.090542,-0.60728,-0.61736,-0.2113,-0.20548,40.137,5.5877,-14.853,-1.3423,-1.6205,-0.41823,-0.7767,0.25196,0.21901,-15.51,-1.2993,3.367,1.2676,-2.0085,0.75813,0.54014,-0.36709,0.56999,-34.629,-0.35141,-3.4206,-0.7809,1.2673,0.21687,0.56321,0.3354,-0.26217
27.514,4.9846,-2.0052,-6.3243,-2.9257,-0.2902,-0.81797,0.3876,-0.17244,23.845,9.0492,-2.2095,3.5671,0.63256,0.087827,-0.60103,-0.23679,-0.21148,26.029,1.9939,-7.9923,-6.8847,4.7457,1.7399,-0.78206,0.26524,0.13183,-20.419,-3.5156,-2.1536,-0.20745,1.6813,-0.15742,0.55046,-0.33519,0.58656,-27.963,-11.752,0.75511,-0.85518,-0.43142,0.089246,0.56568,0.32726,-0.2589
18.388,-12.824,3.2412,-0.066733,2.7136,-0.2807,-0.79617,0.43065,-0.15186,18.542,13.726,-0.62653,-1.2176,-0.58289,1.2143,-0.61541,-0.22599,-0.19593,16.443,-2.0234,8.858,-7.3548,0.95668,2.4797,-0.78076,0.28895,0.11543,-20.838,-3.2473,-18.383,0.23886,2.7148,-1.1577,0.52468,-0.32501,0.61675,-21.548,-2.8418,3.42,-1.1477,-0.70506,0.27034,0.56519,0.32647,-0.25837
12.411,-4.6756,6.1287,1.748,1.0415,-0.64148,-0.79977,0.37073,-0.234,14.202,2.7993,-3.9643,-4.2782,-1.4359,0.87691,-0.63987,-0.19211,-0.17891,11.872,-10.601,6.7083,-2.8959,-2.0271,0.45331,-0.75452,0.27501,0.20319,-15.198,-0.42093,-1.9546,0.4592,-4.2965,-2.1134,0.56166,-0.30158,0.57775,-13.675,2.4863,3.0146,-0.008646,-1.2989,1.11,0.56947,0.32503,-0.2545
10.09,1.3983,3.5692,-0.81204,2.1196,0.75834,-0.78662,0.38331,-0.27178,8.2304,-5.1385,-0.82695,0.30725,0.63461,-0.20113,-0.64976,-0.17599,-0.17743,4.6643,-5.9421,3.1539,2.3833,-2.7069,-0.73673,-0.73007,0.26392,0.27022,-5.7253,3.7689,-1.3487,1.256,0.76145,-1.578,0.64298,-0.21996,0.50888,-6.8688,0.57042,-5.0708,0.86793,-1.1959,1.2348,0.57443,0.2763,-0.28954
2.4172,-1.7065,2.4761,2.9015,0.61652,0.44428,-0.76492,0.36826,-0.34003,1.1647,-1.6724,3.4542,5.8176,2.1891,-2.2894,-0.62823,-0.23561,-0.19581,1.6364,2.4255,-0.57286,6.8945,-0.21203,-0.26895,-0.71127,0.31,0.25997,-3.5244,4.5994,-0.57759,3.6718,-1.3967,-0.32921,0.65409,-0.15545,0.50612,5.2817,-5.7324,-9.051,-0.75228,-0.46335,1.2212,0.58301,0.23614,-0.30982
-4.8001,0.56132,1.899,-0.60501,-1.2473,-0.51256,-0.75864,0.3563,-0.37778,-5.508,1.6195,1.7466,2.5793,2.2001,1.0551,-0.62279,-0.24183,-0.22071,-6.6861,2.148,-1.0707,7.093,1.4331,1.5278,-0.6896,0.40895,0.15658,0.6603,14.079,-7.5188,3.0994,-0.77808,0.31361,0.67201,-0.058679,0.4976,0.58283,-2.7822,-0.47158,0.011938,0.11229,0.18061,0.59274,0.22925,-0.30488
-11.246,3.9005,-1.381,0.3872,-2.0024,-0.10191,-0.77651,0.34977,-0.3282,-5.0566,1.0202,0.35661,0.79037,-0.13208,1.4602,-0.62567,-0.22658,-0.22348,-4.8996,5.9894,-0.86107,4.8522,-1.7014,-0.010892,-0.67869,0.44661,0.058762,-4.2475,7.5496,3.4561,-2.6511,-0.60854,2.0035,0.66334,-0.093132,0.49415,0.36519,-2.8698,-0.75938,3.1661,1.2773,-0.003778,0.60505,0.19147,-0.30643
-6.4384,-1.9681,-3.2926,0.86601,-1.7413,0.36292,-0.79968,0.32585,-0.27643,1.0545,1.7748,-0.40441,-0.87136,0.49495,0.98574,-0.62125,-0.21495,-0.2281,5.5074,0.26952,1.8362,1.8364,-0.040773,-0.86352,-0.68835,0.44494,0.013672,-0.88251,-2.5412,-1.4471,-2.25,-0.65531,1.6117,0.66106,-0.18548,0.45398,0.28264,-3.538,0.31318,2.7602,0.3476,-0.12107,0.60914,0.16991,-0.31225
0.8675,-1.3458,-3.1437,0.65963,-0.92815,1.3084,-0.795,0.34902,-0.26278,1.9809,-0.15149,-0.16937,-0.57752,0.50186,1.0055,-0.61357,-0.17855,-0.25159,3.4063,0.65866,1.9589,1.0555,-0.47032,-2.0546,-0.71301,0.4056,0.002236,0.34723,-6.181,2.1453,-1.8392,-0.43675,0.83964,0.65453,-0.26482,0.41893,0.13921,3.1532,3.1975,-0.29909,0.18939,-0.10573,0.6047,0.15602,-0.31928
9.6936,-2.5889,-6.4048,0.13334,0.45815,0.13045,-0.78794,0.37116,-0.26948,7.32,0.97583,-0.29915,1.4209,0.59833,0.65183,-0.60254,-0.15726,-0.26856,9.87,2.1119,-3.0195,-1.4447,0.38875,-2.1402,-0.74436,0.35785,0.007625,-1.4178,-9.8065,-0.57211,0.3876,0.16998,0.44791,0.64194,-0.29574,0.42806,-8.9726,-5.4343,-17.598,-0.45884,0.9732,-1.1198,0.58928,0.17786,-0.33049
20.969,1.574,4.4735,5.1864,0.59233,0.37477,-0.77416,0.36925,-0.26091,36.378,8.3718,-5.7566,2.224,0.066086,0.19655,-0.59818,-0.13106,-0.26919,37.022,16.711,-13.282,-6.0501,-0.75464,-1.2201,-0.76671,0.27483,0.092474,-39.841,31.183,-38.294,-2.0294,7.7523,2.5671,0.57235,-0.36061,0.51543,-26.781,-2.8292,-1.7409,-4.7982,1.002,-0.69378,0.60862,0.23832,-0.25482
39.216,1.3325,-3.2832,-4.3403,-3.9413,0.9618,-0.79625,0.34254,-0.20133,28.027,-3.2392,-5.9289,5.9453,1.5303,-1.6975,-0.57305,-0.20515,-0.27614,29.188,1.6188,3.1397,-3.6982,-0.24797,-0.4184,-0.78162,0.24126,0.15561,-22.371,-3.1457,-2.801,-0.5754,-3.8236,0.50664,0.543,-0.37756,0.52192,-18.133,6.1364,3.36,-3.9333,-0.29387,-0.93669,0.61349,0.26952,-0.21345
24.896,6.7739,-7.027,2.5875,3.1306,-1.2649,-0.79967,0.33585,-0.20062,21.644,12.687,-4.3182,5.2188,0.91258,-0.40973,-0.55073,-0.31881,-0.23679,19.846,-7.8881,5.5546,3.1986,-3.0405,-1.2041,-0.77348,0.23163,0.1879,-13.69,-13.864,-6.8014,0.4972,0.18376,-0.3698,0.54873,-0.35649,0.51575,-29.644,-3.1725,-2.2683,4.0219,-0.71975,2.08,0.63031,0.25975,-0.20083
13.587,-0.38619,5.5984,-2.0829,2.0589,0.19274,-0.78239,0.34062,-0.27639,9.5155,10,-3.965,0.47827,-0.1478,1.8976,-0.57614,-0.31962,-0.2051,11.128,2.8198,-5.7265,5.7555,-2.2008,-0.15494,-0.76134,0.24052,0.22226,-10.454,0.2098,-3.0228,1.5026,1.2577,-2.0155,0.58024,-0.28594,0.5284,-10.15,-5.0141,4.8543,3.1286,-1.595,2.1076,0.6367,0.16508,-0.26434
5.8537,0.25055,2.6641,-2.724,0.88659,-0.71597,-0.78187,0.34693,-0.29138,-2.6813,9.5126,0.36622,-2.6818,0.31014,0.86406,-0.60194,-0.26889,-0.22915,7.2152,1.6637,2.1238,3.6925,-0.62834,1.5085,-0.73642,0.30513,0.20628,-10.23,6.0249,0.088916,0.56662,-0.84277,-1.7051,0.59954,-0.20177,0.54253,-9.6884,-2.0057,-3.7508,-1.1573,-0.61659,1.0614,0.63583,0.10215,-0.28753
-0.44588,-0.54389,-0.94753,-1.1954,0.42912,-1.1131,-0.7845,0.34939,-0.30072,-4.7953,3.6034,-2.3566,-3.3752,-0.99024,0.25338,-0.62837,-0.2187,-0.23384,2.7975,-0.8315,4.4645,-0.65655,-0.56271,-1.1298,-0.7142,0.3448,0.21908,1.5451,2.8623,-5.4331,1.0531,-0.32582,-0.52564,0.65493,-0.17034,0.47074,0.93685,-3.2286,-5.7559,-4.0701,-1.5788,-0.71359,0.62374,0.099473,-0.3282
-6.8183,1.4301,-0.13995,0.20821,-0.3634,-0.68516,-0.79354,0.32785,-0.30105,0.77741,1.7016,0.66768,-0.88058,0.686,0.12162,-0.63248,-0.20341,-0.24274,-7.2352,0.1034,6.7361,-1.3159,0.001494,0.84791,-0.72054,0.32595,0.23284,-0.27148,5.7331,0.40185,0.26478,0.10604,-0.32851,0.64894,-0.15595,0.48033,2.1568,-12.984,-5.3209,-4.0512,-0.21305,-1.8,0.60672,0.2015,-0.31252
-5.4832,-0.9856,1.0706,-0.93129,-1.0532,-0.61706,-0.81122,0.29737,-0.28643,-0.68972,2.8093,-0.71901,-0.94362,0.27443,-0.56844,-0.62255,-0.19035,-0.26943,-1.7329,0.049722,6.3168,-0.84841,-0.15992,0.095438,-0.71266,0.32718,0.23484,1.0138,2.9317,0.81336,-1.2805,-0.6712,0.4198,0.65126,-0.14692,0.48368,-1.0446,-4.0751,-0.26351,2.5572,0.62929,-0.79282,0.60147,0.24643,-0.29302
-1.3952,-1.0042,-0.63691,-1.2808,-1.1195,-0.00134,-0.81721,0.30565,-0.25105,1.0972,4.511,-0.71729,-0.9921,-0.0669,-1.0673,-0.61062,-0.20157,-0.27529,0.11663,-0.42198,4.3531,0.037493,0.69774,-0.91163,-0.7209,0.31363,0.22803,0.88492,-2.5129,0.65913,-1.1715,-0.093153,0.27095,0.65614,-0.18807,0.46693,-0.57007,3.0112,-2.2534,1.9653,0.76495,-1.1492,0.59501,0.24874,-0.29578
1.8467,0.22215,-4.469,0.54363,-0.47714,0.067868,-0.82018,0.31167,-0.21407,0.59862,3.6342,0.10919,-1.9572,-1.079,-1.2952,-0.59674,-0.21747,-0.27449,1.5295,3.6005,2.334,-0.89675,1.2634,-1.1668,-0.74552,0.28409,0.20252,1.0027,-6.7309,3.3445,0.067512,0.27095,-0.53454,0.6519,-0.20047,0.48605,-1.4526,2.4312,0.3149,0.77211,0.64413,-0.75222,0.58995,0.26009,-0.29404
5.3462,-1.414,-6.1989,-0.094152,1.1932,0.92276,-0.81207,0.32949,-0.22871,5.19,2.1584,0.34689,-2.4474,-1.106,-1.7362,-0.57649,-0.24994,-0.26891,4.1335,2.7965,1.9474,-4.2207,1.3511,-1.0903,-0.76619,0.22854,0.21307,-8.4539,1.1173,-8.3405,-0.7005,0.76214,-0.34628,0.6528,-0.22658,0.51196,-3.7502,1.2761,4.7254,-0.67528,0.20162,-0.62928,0.57772,0.25679,-0.306
15.079,-1.7602,5.3397,-0.19541,2.011,1.0337,-0.78782,0.38229,-0.24684,25.551,5.3081,-1.7131,-2.4999,-2.1026,-0.39626,-0.57358,-0.24357,-0.25208,21.017,0.41685,0.67265,-5.4183,0.59421,0.38445,-0.78234,0.17989,0.23882,-45.701,6.7119,8.4537,0.41385,6.2365,1.7362,0.50846,-0.35985,0.61269,-29.558,12.232,-2.7034,-2.0727,1.854,0.03305,0.57059,0.29666,-0.28052
41.169,-2.0021,2.3353,-2.8636,-1.1908,-0.43478,-0.7944,0.39614,-0.20725,34.479,2.8011,-5.8326,-0.42805,0.70715,0.45281,-0.57711,-0.21895,-0.2628,39.584,4.8321,-10.655,-7.6613,3.008,2.3728,-0.80119,0.15879,0.22579,-16.662,-7.299,-1.3313,0.3729,-1.5916,2.3028,0.55605,-0.34052,0.57706,-43.483,-54.53,-2.6854,4.049,-1.0341,0.20846,0.58086,0.27966,-0.29165
22.397,-6.3594,3.2987,1.2663,1.9382,0.26405,-0.79309,0.41286,-0.17713,20.387,6.4331,0.35999,-0.55898,0.017232,0.43599,-0.58285,-0.20709,-0.26902,18.784,4.4912,-3.6006,-4.1672,2.1318,5.4089,-0.78809,0.2206,0.18433,-14.71,-23.372,-29.86,2.8654,1.8536,-1.5046,0.49267,-0.32175,0.64627,-23.352,22.97,-1.3444,-2.4823,0.15202,-0.38031,0.56058,0.33524,-0.26185
14.776,-3.0551,11.163,-0.45374,0.92955,-0.2358,-0.78894,0.39539,-0.2399,12.181,-0.31366,1.4818,-3.3755,-2.418,0.65554,-0.6125,-0.17209,-0.24739,11.286,-4.8739,4.7857,2.655,-1.8016,2.0679,-0.74541,0.31407,0.18236,-19.295,15.494,6.5588,0.52349,-1.9929,-1.9506,0.50516,-0.27878,0.65275,-19.849,-2.1217,8.8519,2.7963,-1.1686,1.8189,0.57166,0.31183,-0.27402
8.4126,-2.0867,0.28093,-3.345,0.97054,0.3344,-0.79366,0.41945,-0.20272,10.262,-6.8143,-0.75167,0.48158,0.054995,-0.4056,-0.63598,-0.16018,-0.22811,3.7639,-0.55518,2.1957,6.0696,-2.1984,0.25974,-0.71247,0.38078,0.17113,-9.6788,1.643,-0.66051,1.4299,-2.9663,-1.4614,0.63554,-0.22963,0.51755,-1.3722,-8.5344,-6.3471,1.443,-1.7616,1.7593,0.58443,0.19446,-0.34497
0.23164,-0.86389,1.7787,1.5076,1.4625,0.21417,-0.77598,0.42556,-0.24575,2.0074,-2.759,3.5224,3.1761,1.6691,0.011306,-0.63349,-0.18138,-0.24308,-0.82347,9.0133,1.7934,4.5234,-1.7999,2.159,-0.68293,0.42732,0.15201,-7.9884,4.7792,4.2167,2.2812,-0.32919,-0.25262,0.63741,-0.17539,0.51972,0.97428,-5.725,-1.1303,1.4702,-0.54041,0.86905,0.59072,0.14452,-0.35839
-4.5443,-0.15752,-0.41654,1.0503,1.3336,-0.30994,-0.75238,0.40667,-0.32592,-6.6047,3.3728,4.144,1.1808,0.98468,1.1848,-0.62572,-0.1969,-0.2527,-3.5579,4.5432,0.21616,0.29117,-0.094471,0.15166,-0.66854,0.44739,0.14115,4.3056,16.006,-12.759,4.1908,-0.15342,-0.46903,0.66439,-0.066807,0.50613,-1.1629,-5.8637,-3.4677,1.9609,0.66824,-0.67524,0.58943,0.14034,-0.36232
-6.4348,3.1802,-1.3492,-0.53081,0.33961,-0.21492,-0.73165,0.39994,-0.35205,-2.7649,3.7393,2.49,-3.362,-1.3415,1.1713,-0.64221,-0.14319,-0.24723,-0.26265,0.24476,2.0816,0.5567,-0.62765,-0.93053,-0.67287,0.43769,0.14747,-3.4871,3.8462,7.4293,-2.156,-1.0906,2.4902,0.65241,-0.07439,0.51862,0.10847,-0.18298,0.25952,2.1548,1.0233,-0.4534,0.59921,0.10981,-0.35549
-2.5023,0.80629,-4.7294,0.63054,-1.1834,0.13717,-0.71814,0.38311,-0.349,2.5661,-2.6203,1.9323,-1.1071,-0.003956,0.12845,-0.64894,-0.078941,-0.24336,2.3916,-0.95149,3.5411,0.17783,0.22224,-1.0947,-0.68761,0.41362,0.14614,-0.36977,-2.1332,-1.6698,-1.7861,-0.12461,1.416,0.65833,-0.16003,0.49068,0.55519,9.7232,3.6854,-0.89364,0.70544,0.18094,0.60745,0.11058,-0.34228
4.2291,-0.87426,-5.5473,0.37694,-2.4587,1.0275,-0.73307,0.39033,-0.30902,3.105,0.30644,0.34995,2.1056,1.5505,0.42371,-0.62576,-0.085051,-0.27685,3.7521,1.2708,0.92665,-0.43331,0.33236,-1.1351,-0.70962,0.37412,0.15516,0.50902,-13.005,-1.4002,0.046597,0.044458,0.55302,0.63294,-0.21929,0.49459,-3.8589,8.1284,4.249,-1.8215,-0.28457,1.1365,0.60924,0.12018,-0.32706
6.657,1.0599,-1.2936,3.3297,-2.3374,0.91024,-0.76867,0.40985,-0.24402,4.3871,5.0752,-0.1599,1.1493,1.2377,0.20671,-0.59679,-0.094445,-0.31125,6.5685,1.4142,1.006,-1.7986,0.514,-0.80078,-0.72843,0.3439,0.16559,-2.2742,-8.4935,0.27205,0.80048,0.19184,-1.154,0.62694,-0.20313,0.53182,-11.002,-17.354,-19.779,3.3271,1.3691,-0.10122,0.60122,0.085958,-0.35578
19.774,-6.8065,20.435,2.592,2.827,-0.18699,-0.76057,0.40303,-0.26223,29.727,10.326,-1.6476,0.7046,-0.20169,0.32514,-0.58849,-0.083695,-0.31125,26.928,1.6281,1.7166,-2.6241,-0.8867,-1.6237,-0.74326,0.31536,0.18771,-59.679,91.213,-45.308,2.6732,8.6353,5.7407,0.56752,-0.22062,0.61055,-20.031,-2.703,-8.4097,-0.10968,0.3215,-0.48235,0.61905,0.078195,-0.33087
49.684,-2.9319,-0.85903,-1.1482,-4.7225,0.3294,-0.80099,0.39847,-0.17092,35.413,-0.81556,-9.8944,5.308,2.1423,-1.3265,-0.57043,-0.1338,-0.33,34.926,-5.44,-2.7406,-5.0292,-0.52165,-1.0474,-0.74416,0.25164,0.27474,-10.542,-14.273,-2.9563,-4.2327,0.085428,1.0719,0.59462,-0.30121,0.54605,-25.21,21.968,16.424,-7.1827,0.47986,-1.0384,0.63673,0.14943,-0.27581
13.759,7.5992,1.6677,1.6287,4.3987,-1.006,-0.78681,0.41201,-0.15177,15.546,12.165,-0.55483,5.2099,0.57471,-0.90777,-0.54713,-0.249,-0.31343,16.91,-6.3291,4.3193,-0.48799,0.4149,-0.060779,-0.73972,0.21426,0.29534,-17.4,-17.305,-3.511,5.8738,-0.12832,-1.6744,0.54016,-0.30244,0.60138,-23.036,7.4101,-3.9957,-1.1624,-1.9759,1.191,0.62401,0.16019,-0.29202
15.437,1.1443,4.4884,-2.4923,0.53368,1.7301,-0.76027,0.41781,-0.25096,9.728,12.869,-2.0794,-2.0359,-2.3519,1.4269,-0.57867,-0.25901,-0.2677,9.6483,-0.23117,-1.1582,3.5186,-1.8327,-0.10279,-0.72909,0.21097,0.31466,-20.18,11.836,0.002742,4.1417,-1.5082,-2.3097,0.59085,-0.14511,0.60599,-13.969,-11.221,-7.2844,3.2017,-1.1019,2.4978,0.62668,0.064697,-0.32323
7.3829,-4.3695,2.6606,-2.0833,1.2615,-0.079234,-0.73929,0.46686,-0.24301,2.7844,8.1348,-3.5579,-7.4155,-3.0348,1.2709,-0.63264,-0.16974,-0.23976,9.6151,2.9046,-2.9491,1.6842,0.70755,0.57892,-0.71911,0.25778,0.28864,-7.2127,7.4665,-6.4393,-0.67976,-3.0351,-2.3559,0.65317,-0.062266,0.53518,-5.4123,0.069333,-0.43071,-1.6674,-0.65295,1.0234,0.62872,0.014408,-0.33149
0.1901,0.075528,2.2172,-1.6669,0.52296,-1.4021,-0.74624,0.47286,-0.23331,-1.4001,-2.5092,-0.83271,-5.9356,-0.79491,-0.53208,-0.66378,-0.12119,-0.22415,-0.1168,7.6205,4.4933,-3.7174,1.1932,0.46088,-0.73358,0.24919,0.24513,0.59994,3.0827,-3.4266,-0.65189,0.59401,-0.68594,0.68091,-0.032374,0.50056,1.7481,-6.7157,-5.0942,-3.132,-1.8065,-1.4041,0.61108,0.03707,-0.36554
-5.8892,0.96272,0.028187,-0.07378,-1.7596,-0.55269,-0.77063,0.45116,-0.21193,-6.0593,-6.5144,7.1593,-0.52235,-1.0396,-0.32303,-0.66631,-0.11111,-0.22137,-4.6987,-2.8687,1.5111,-4.3953,0.46702,-0.04437,-0.74158,0.20699,0.26573,0.45362,7.7098,1.8773,-1.2879,-0.16162,-0.37328,0.66766,-0.020292,0.50956,1.1968,-10.696,-2.5892,-0.24224,0.16548,-1.119,0.59648,0.10093,-0.37988
