9.8231,-0.68597,3.3293,1.1036,0.052653,0.086361,-0.71633,0.017639,-0.54529,1.2237,7.7715,6.327,0.034352,0.89575,-0.77411,-0.24581,-0.69235,-0.78346,-3.9902,-7.229,6.9773,0.62421,-0.2709,1.2632,0.1164,0.43792,-0.79556,-10.581,0.30011,-1.6083,-0.12859,-0.034959,-1.145,0.52171,-0.30889,-0.066648,-11.391,-1.0679,-1.1891,0.45646,0.39162,-1.4506,0.49827,0.25576,0.22494
9.6297,-0.52936,3.4632,1.205,-0.065339,0.16725,-0.71183,-0.009505,-0.53835,1.5058,6.8247,7.0633,-0.23046,0.71596,-0.74093,-0.21132,-0.67781,-0.77387,-3.9209,-6.3668,6.714,0.73072,-0.41168,0.95495,0.12983,0.41192,-0.82577,-10.522,0.12469,-2.6575,0.072057,-0.047647,-1.199,0.53485,-0.29902,-0.062981,-11.634,-2.8508,-1.6164,0.41563,0.3538,-1.5012,0.48002,0.28284,0.21967
10.13,-0.29689,3.6177,1.261,-0.30473,0.10915,-0.71326,-0.04083,-0.53066,1.1572,6.6375,6.6738,-0.014521,0.57766,-0.75777,-0.18088,-0.66124,-0.75946,-3.1015,-8.0438,6.626,0.74538,-0.5054,0.57596,0.13142,0.38942,-0.86212,-11.166,0.43535,-2.2205,0.17843,-0.033409,-1.2755,0.55017,-0.28939,-0.057478,-10.991,-3.8099,-1.6455,0.25777,0.33722,-1.5735,0.46119,0.30859,0.21373
10.324,-0.42328,3.3348,1.2477,-0.28559,0.058887,-0.71764,-0.07228,-0.51721,0.62138,6.9738,6.3343,0.076544,0.41756,-0.65451,-0.15573,-0.6431,-0.74147,-2.3637,-6.0357,5.9421,0.65917,-0.48177,0.2937,0.12557,0.36191,-0.90303,-11.464,0.7899,-1.1839,0.046753,-0.10959,-1.2142,0.56488,-0.27353,-0.05415,-10.663,-4.6403,-1.7394,0.1378,0.41232,-1.5566,0.44317,0.33325,0.21106
10.71,-0.6783,3.3361,1.2324,-0.2527,0.09341,-0.72249,-0.10265,-0.5046,-0.47547,7.6654,6.7317,0.017896,0.20841,-0.49694,-0.13692,-0.62226,-0.71515,-1.5849,-6.6286,5.4018,-0.30221,-0.51085,-0.26192,0.11269,0.37112,-0.9299,-11.594,-0.48152,-2.2056,0.20976,-0.12476,-1.2005,0.58273,-0.25956,-0.050269,-10.469,-5.4212,-0.87149,0.26707,0.32931,-1.4706,0.42234,0.35643,0.20672
10.807,-0.62793,3.5162,1.231,0.36486,0.29506,-0.72206,-0.12942,-0.50015,-0.64506,6.8273,6.5907,0.048094,-0.003097,-0.21392,-0.12422,-0.6005,-0.68606,-0.50411,-6.1516,5.7913,-0.45758,-0.48373,-0.69093,0.089288,0.38515,-0.95708,-12.149,-0.36169,-2.6896,0.41495,-0.12041,-1.2692,0.59866,-0.24201,-0.047286,-10.019,-4.8299,-1.8112,0.55275,0.28858,-1.3633,0.40999,0.37853,0.19837
10.746,-0.40067,4.2485,1.1749,-0.018092,0.23283,-0.7182,-0.15315,-0.50242,-1.7834,6.6024,6.9935,0.50401,-0.27668,0.13899,-0.12112,-0.58246,-0.64739,-0.53138,-6.308,3.8572,-1.3556,-0.45605,-1.2377,0.057241,0.44088,-0.96705,-12.418,-0.11617,-2.4627,0.60943,-0.1645,-1.2289,0.61725,-0.22077,-0.042854,-8.2931,-3.3166,-1.0383,0.54818,0.29121,-1.0313,0.39772,0.39943,0.18924
11.346,-0.29691,3.03,1.0665,0.030294,0.25619,-0.72472,-0.17695,-0.49294,-2.4399,7.7014,6.3771,1.2651,-0.52335,0.43465,-0.12627,-0.58136,-0.59584,0.80293,-6.5852,5.5742,-0.55473,-0.44966,-1.9218,-0.005429,0.49534,-0.98172,-11.744,-0.51823,-2.5388,0.562,-0.13041,-1.1643,0.63356,-0.19739,-0.038802,-7.8096,-5.1929,-1.3489,0.64189,0.25872,-0.61489,0.38806,0.41664,0.17825
10.24,-0.30785,4.2901,0.92199,0.18568,0.33735,-0.7232,-0.19391,-0.50068,-3.1073,7.9017,6.0969,0.71983,-0.71496,0.78926,-0.1427,-0.58152,-0.54827,2.8169,-9.5465,7.3042,0.11626,-0.11685,-2.0296,-0.07851,0.50679,-1.0174,-11.848,-0.46825,-2.0307,0.50596,-0.11088,-1.128,0.64856,-0.17318,-0.035481,-7.6788,-3.5076,-0.65482,0.63993,0.18303,-0.36678,0.38306,0.42814,0.16926
10.253,-0.57749,1.2663,1.1397,0.28342,0.45289,-0.73349,-0.20958,-0.4977,-3.4438,8.1031,6.5575,0.68785,-0.77599,0.89677,-0.16467,-0.57132,-0.51475,3.0918,-9.6999,8.0567,0.23015,0.11969,-1.5299,-0.11501,0.51043,-1.0357,-11.002,0.57057,-2.1123,0.38307,-0.098693,-0.96447,0.66069,-0.14757,-0.033632,-6.4195,-2.7193,-1.3113,0.19078,0.046893,-0.00178,0.37602,0.43573,0.16284
9.2697,0.23952,2.7491,0.87142,-0.03286,0.30068,-0.7396,-0.22396,-0.49538,-3.29,8.3676,6.0201,0.66255,-0.77905,0.9308,-0.19012,-0.56581,-0.48629,1.7714,-6.3883,6.7395,0.15938,0.03657,-1.4799,-0.14155,0.52374,-1.0421,-10.053,2.0956,-1.7798,0.11483,-0.27113,-0.68568,0.66853,-0.1244,-0.038109,-7.3196,-3.3725,-1.3208,-0.11043,0.001087,0.16732,0.37389,0.43622,0.16505
9.4555,0.060682,2.63,0.74941,0.20389,0.31318,-0.74476,-0.23393,-0.49551,-3.2037,8.4858,5.6421,0.53951,-0.83263,0.83729,-0.21904,-0.55897,-0.46847,3.2657,-5.8736,7.8632,0.29376,-0.12835,-1.2606,-0.17566,0.52119,-1.0482,-9.098,2.3772,-1.8434,-0.39868,-0.19499,-0.28632,0.6719,-0.10941,-0.045711,-6.7637,-2.3959,-1.4732,-0.54,-0.037929,0.36138,0.37228,0.43241,0.17166
8.4882,0.43881,2.6549,0.48311,0.1739,0.29189,-0.74616,-0.237,-0.50388,-2.4105,8.8407,5.9402,0.41787,-0.78806,0.6431,-0.2479,-0.55469,-0.45256,3.5812,-6.0237,6.7948,-0.17644,0.010173,-0.9587,-0.19796,0.52038,-1.0511,-8.4111,2.5441,-1.6422,-0.50438,-0.19663,0.23782,0.67086,-0.10354,-0.055234,-7.6791,-3.2808,-1.4312,-0.85523,-0.14608,0.55183,0.37313,0.42309,0.18679
7.8922,0.44385,2.5907,0.31458,0.11515,0.24442,-0.75054,-0.23628,-0.5094,-1.5194,8.9394,6.0433,0.18724,-0.78174,0.29842,-0.27191,-0.54707,-0.44751,4.9607,-6.0591,6.474,-0.28258,0.21042,-0.75931,-0.20692,0.53045,-1.0478,-7.9363,3.5997,-0.69586,-0.36223,-0.3796,1.0195,0.66184,-0.11494,-0.067892,-7.3045,-3.0268,-1.9173,-0.88381,-0.20542,0.72679,0.37525,0.41204,0.20253
7.8508,0.96447,2.1759,0.073011,0.1006,0.17393,-0.7529,-0.23274,-0.51252,-0.68244,8.2629,5.5496,-0.0872,-0.76885,-0.11536,-0.28548,-0.54107,-0.45176,3.4144,-6.6901,6.574,-0.36869,0.38085,-0.52992,-0.20292,0.54724,-1.0362,-9.4242,0.011444,0.36618,-0.06487,-0.50221,1.5095,0.64925,-0.13974,-0.084019,-7.2151,-2.9355,-2.5282,-0.55007,-0.11942,0.83955,0.38502,0.39974,0.21761
8.2517,0.69393,2.3265,-0.16881,0.22882,0.1056,-0.75402,-0.22691,-0.51794,-0.65927,8.189,5.7876,-0.16319,-0.60609,-0.4073,-0.28777,-0.53929,-0.46,3.2282,-6.1576,6.65,-0.28084,0.48421,-0.22315,-0.19454,0.56218,-1.0257,-9.9195,-2.629,-0.061109,-0.12311,-0.50375,1.4454,0.6319,-0.16742,-0.1013,-8.1747,-3.2889,-2.7247,-0.59683,-0.061917,0.97345,0.3944,0.38771,0.23118
7.8937,0.65221,2.3608,-0.32764,0.29729,0.053066,-0.75234,-0.21772,-0.52683,-1.1859,8.8136,5.4907,-0.4938,-0.44797,-0.66339,-0.27798,-0.53837,-0.47615,3.4079,-5.9309,7.0008,-0.32911,0.53855,0.068418,-0.17621,0.57621,-1.0135,-9.4759,-3.0336,0.24089,-0.023616,-0.39498,1.3773,0.61424,-0.19032,-0.11754,-7.5007,-3.4416,-2.6839,-0.26143,0.025257,1.0218,0.40754,0.37279,0.24413
8.0798,0.64297,2.4442,-0.47252,0.23537,-0.037129,-0.74686,-0.20573,-0.53326,-1.3204,8.2432,5.1422,-0.6405,-0.25727,-0.90848,-0.26137,-0.53334,-0.50269,2.9208,-6.274,7.3906,-0.18015,0.49041,0.3686,-0.1542,0.58801,-1.0012,-9.5176,-2.2234,0.17914,0.33825,-0.24575,1.42,0.59756,-0.2154,-0.128,-7.8514,-2.5731,-2.7472,0.008412,0.018715,1.0863,0.41907,0.36082,0.25401
8.3705,0.72901,2.5813,-0.66432,0.19327,-0.14843,-0.74323,-0.19216,-0.53869,-1.4087,8.2797,5.1175,-0.65097,-0.056412,-1.183,-0.23842,-0.53096,-0.53039,3.7179,-6.3796,7.1771,-0.084049,0.4325,0.64082,-0.13103,0.59214,-0.99378,-9.6323,-0.36285,-0.012783,0.33547,-0.11013,1.3763,0.58058,-0.23944,-0.13155,-8.9362,-1.9115,-2.4948,0.016035,-0.024076,1.1697,0.43192,0.34687,0.26128
8.6377,0.82812,3.2033,-0.83219,0.2408,-0.25642,-0.73398,-0.17802,-0.54334,-1.5228,8.0581,5.8108,-0.7045,0.10514,-1.292,-0.21257,-0.52981,-0.56,3.1986,-5.8999,6.557,-0.16702,0.49943,0.85186,-0.098496,0.59349,-0.97872,-10.615,1.8164,-0.10994,-0.19599,0.015251,1.5188,0.56275,-0.26436,-0.1358,-9.5798,-1.8508,-1.9153,-0.023989,-0.076538,1.2339,0.44726,0.33055,0.26921
8.7717,0.95178,3.5111,-0.92812,0.19564,-0.34479,-0.72236,-0.16082,-0.54929,-2.0018,7.9943,5.9632,-0.58014,0.26777,-1.2549,-0.18566,-0.5317,-0.5874,2.1781,-7.1704,5.791,-0.16138,0.59932,0.89495,-0.064714,0.59491,-0.96157,-11.966,2.9515,-0.18334,-0.76053,0.15584,1.7247,0.54274,-0.28402,-0.14364,-9.5944,-1.6268,-1.8477,-0.066121,-0.18521,1.1863,0.46229,0.31476,0.27659
9.114,0.85987,3.5728,-1.0297,0.13756,-0.39298,-0.70985,-0.14341,-0.55385,-2.1093,8.057,6.0454,-0.42113,0.36574,-1.1392,-0.1575,-0.53615,-0.61625,1.7599,-6.6816,6.4706,-0.099895,0.62876,0.88528,-0.033939,0.59277,-0.94131,-11.922,3.0799,-0.35518,-0.67732,0.14085,1.9046,0.52023,-0.30509,-0.15478,-10.238,-0.79894,-2.7379,-0.2598,-0.21885,1.2302,0.47573,0.29789,0.28407
9.6867,0.82402,3.9798,-1.1729,0.09065,-0.44397,-0.69691,-0.12364,-0.55812,-2.4325,7.334,6.1471,-0.39659,0.36354,-0.86479,-0.13531,-0.54634,-0.64572,1.6345,-7.3289,6.2648,-0.14488,0.59462,0.91333,-0.00597,0.58861,-0.91646,-12.565,2.9818,-0.81822,-0.54185,0.27039,1.9488,0.49812,-0.32602,-0.16618,-10.771,-1.4235,-2.8682,-0.25848,-0.31337,1.2452,0.49385,0.27626,0.29044
10.311,0.59609,4.1398,-1.1627,-0.045557,-0.44969,-0.68947,-0.10095,-0.56072,-2.4874,6.4479,5.8802,-0.37939,0.24518,-0.34641,-0.13065,-0.55569,-0.68151,1.255,-6.6485,7.0149,-0.10862,0.52453,0.79218,0.0142,0.58005,-0.89061,-11.307,2.5571,-0.30473,-0.39646,0.32589,1.8476,0.48055,-0.34165,-0.17444,-11.108,-1.2649,-2.9033,-0.47539,-0.41359,1.2434,0.50828,0.25181,0.29541
10.669,0.60847,4.0307,-1.2154,-0.10453,-0.46863,-0.68306,-0.079605,-0.56227,-0.481,9.6682,6.7141,-0.33627,0.12909,-0.032681,-0.1419,-0.56404,-0.72459,0.78896,-7.4514,6.5524,-0.37474,0.35828,0.70125,0.031223,0.57335,-0.85688,-9.8253,2.128,-0.34203,-0.41685,0.32061,1.5633,0.46451,-0.35422,-0.18143,-12.267,0.049213,-3.3004,-0.43413,-0.42979,1.259,0.52255,0.22643,0.29998
10.63,0.6202,4.8886,-1.2169,0.030749,-0.42175,-0.67765,-0.055786,-0.56701,0.44498,7.4284,6.605,0.11774,0.03374,0.44042,-0.14924,-0.58513,-0.75314,-0.12361,-6.7451,6.5556,-0.56606,0.12999,0.43365,0.040495,0.56795,-0.81866,-8.5579,2.4942,-0.6096,-0.673,0.37817,1.1631,0.45622,-0.35716,-0.18688,-12.156,-0.81066,-3.2336,-0.87895,-0.46987,1.4416,0.53973,0.19014,0.30364
10.494,0.38296,5.1994,-1.1609,0.070198,-0.32335,-0.67201,-0.031416,-0.5727,0.10474,7.2382,5.8414,0.18777,-0.018774,0.80759,-0.15918,-0.61208,-0.76361,-1.3881,-7.9053,5.8867,-0.49393,-0.032399,0.088505,0.042365,0.56336,-0.7816,-7.8542,2.5093,0.034829,-0.64565,0.49023,0.72267,0.45313,-0.35608,-0.19356,-12.081,-0.75329,-2.6494,-0.52499,-0.44566,1.4246,0.55236,0.1533,0.30394
9.9201,0.31376,5.1274,-1.0087,0.11704,-0.27963,-0.66961,-0.006768,-0.57771,-0.09163,7.962,5.5786,-0.12689,-0.1221,1.0676,-0.17841,-0.63117,-0.77826,-2.6357,-7.609,5.3247,-0.68388,-0.097717,-0.28663,0.035154,0.55719,-0.74636,-10.534,7.1127,1.6118,-0.47557,0.42281,0.74803,0.4515,-0.35225,-0.19085,-12.186,-1.0146,-2.5548,-0.46056,-0.35101,1.351,0.56376,0.11858,0.30443
9.2734,0.26278,4.3461,-0.87639,0.10133,-0.28587,-0.66879,0.011813,-0.58711,0.7697,7.1618,5.5899,-0.066081,-0.13336,1.2893,-0.20983,-0.64526,-0.79355,-2.0408,-8.1303,5.8954,-0.47337,-0.21767,-0.6186,0.017628,0.55469,-0.71479,-5.8743,0.97259,-0.1038,-0.50268,0.28458,0.28143,0.45177,-0.34452,-0.19512,-11.184,-2.2516,-2.6383,-0.50334,-0.27974,1.0002,0.57098,0.084749,0.30489
9.3462,-0.28474,4.0073,-0.82494,-0.074909,-0.22306,-0.66978,0.030165,-0.58728,2.1342,8.0379,5.8672,-0.029062,-0.092636,1.367,-0.25113,-0.65808,-0.80589,-4.4509,-9.21,5.4571,-0.4301,-0.23169,-0.79069,0.0001,0.55214,-0.69082,-6.6848,4.2277,-0.82147,0.00125,0.31402,-0.15004,0.45462,-0.33444,-0.19328,-10.331,-3.0412,-2.3122,-0.31874,-0.27251,0.63043,0.57617,0.063485,0.30035
9.5039,-0.31354,3.4786,-0.77814,-0.037726,-0.085458,-0.67445,0.047829,-0.58992,2.37,7.9644,6.0287,-0.11011,-0.099182,1.413,-0.2912,-0.66924,-0.81219,-2.3399,-8.0811,5.1149,-0.4346,-0.39759,-0.91397,-0.026328,0.55232,-0.67258,-6.6193,3.0363,-1.0515,0.2031,0.35586,-0.2947,0.45874,-0.32297,-0.18418,-10.045,-2.1331,-1.7371,0.14576,-0.20321,0.39081,0.58353,0.050253,0.2956
8.7205,-0.58812,3.3067,-0.61262,-0.019093,0.009439,-0.67607,0.066361,-0.59162,2.6998,7.251,6.6253,0.019321,-0.055453,1.389,-0.33079,-0.67592,-0.81113,-4.422,-9.2012,5.8584,-0.45818,-0.37143,-0.76628,-0.053207,0.55641,-0.6532,-6.3363,3.2842,-0.86597,0.76958,0.37425,-0.51331,0.4601,-0.3142,-0.16828,-8.9061,-2.2958,-1.5987,0.31879,-0.23047,0.005293,0.58709,0.046477,0.28852
8.3187,-0.4661,3.2447,-0.27931,0.032121,0.068913,-0.67961,0.079844,-0.59624,3.1476,6.4658,6.051,0.20512,-0.040584,1.279,-0.36623,-0.68607,-0.80143,-3.0991,-7.7757,6.1177,-0.18087,-0.46319,-0.51571,-0.078193,0.55378,-0.64658,-7.2915,3.2266,-0.54744,0.74192,0.20917,-0.69091,0.46462,-0.30722,-0.15117,-8.5164,-2.2158,-1.5023,0.30222,-0.28346,-0.5189,0.59024,0.055551,0.27635
7.9,-0.83271,3.1198,-0.14976,0.099395,0.15538,-0.68102,0.089506,-0.60183,3.6368,7.1209,6.4312,0.093001,-0.003868,1.0038,-0.40031,-0.69306,-0.7925,-3.3398,-8.8842,4.8961,-0.049143,-0.4361,-0.22508,-0.095684,0.55289,-0.64695,-7.7243,3.2462,-0.26351,0.64245,0.10997,-0.83099,0.46939,-0.29739,-0.14031,-8.3945,-1.6375,-0.40037,0.077255,-0.34131,-0.93666,0.59215,0.070508,0.2612
7.3488,-1.0191,2.6517,0.007953,0.18898,0.25818,-0.67943,0.095576,-0.60742,3.8192,6.3074,6.1977,0.095919,0.039733,0.73093,-0.42105,-0.69495,-0.78163,-2.7228,-8.4285,6.1787,0.16465,-0.35667,0.18973,-0.10371,0.54648,-0.653,-7.5002,3.1134,-0.58902,0.55763,0.07908,-0.93362,0.4762,-0.2914,-0.13227,-8.1309,-0.7121,-0.4756,-0.071099,-0.31224,-1.2384,0.59181,0.090264,0.244
6.9302,-1.3706,2.4672,0.096471,0.16178,0.29575,-0.67807,0.10282,-0.61234,3.8228,5.5956,5.9928,-0.011547,0.1344,0.42456,-0.43315,-0.69692,-0.7747,-2.7885,-8.0233,5.2758,0.4925,-0.27486,0.63632,-0.096196,0.5372,-0.66475,-7.5465,3.2496,-0.90526,0.44114,0.0722,-0.93013,0.48131,-0.28381,-0.12765,-8.6456,0.95882,-1.212,0.16509,-0.14947,-1.3064,0.59075,0.11653,0.22895
7.2952,-1.3887,2.5444,0.23872,0.043312,0.35303,-0.67649,0.10718,-0.61313,3.9422,5.4561,5.7571,-0.13869,0.26375,0.031483,-0.43466,-0.6912,-0.77502,-2.9154,-8.0768,5.622,0.47831,-0.12327,1.0852,-0.074394,0.52612,-0.68191,-8.1093,2.228,-1.088,0.38833,0.080408,-0.97969,0.48684,-0.27945,-0.12433,-9.049,1.746,-1.4558,0.21132,0.018967,-1.147,0.58264,0.13872,0.21441
7.9102,-1.9437,3.0007,0.44528,0.037994,0.31145,-0.68037,0.10508,-0.61204,4.4491,6.3793,5.8495,-0.082864,0.48674,-0.35171,-0.42608,-0.68673,-0.77932,-3.1105,-8.1493,5.9431,0.63302,0.072979,1.3065,-0.041537,0.51478,-0.7033,-8.7652,1.9253,-1.0784,0.33564,0.011255,-0.97139,0.49069,-0.27623,-0.12109,-8.9358,2.2083,-1.3779,0.076032,0.10742,-1.0014,0.57351,0.15659,0.20517
8.2226,-1.9177,3.2793,0.61373,0.037684,0.29714,-0.68214,0.09764,-0.60959,4.2212,6.6449,6.5784,0.015744,0.65339,-0.66461,-0.40254,-0.68842,-0.78242,-3.8304,-7.4849,5.7739,0.65424,0.058424,1.5678,0.002912,0.49782,-0.72583,-9.2076,0.57563,-1.6186,0.39144,0.002472,-1.1023,0.49764,-0.27396,-0.11464,-9.4471,0.97014,-1.2405,0.028237,0.24771,-0.97567,0.56106,0.17095,0.19603
8.7286,-2.0114,3.4766,0.69284,-0.032874,0.34685,-0.68318,0.086685,-0.60409,3.4982,6.61,6.3017,0.088132,0.802,-0.82728,-0.36546,-0.69197,-0.77626,-4.5289,-6.8122,6.2993,0.84708,-0.063828,1.7284,0.042374,0.47172,-0.75442,-10.179,0.39321,-1.968,0.31409,0.019654,-1.2575,0.50648,-0.27127,-0.10623,-10.566,-0.61002,-0.77797,-0.028376,0.40379,-1.1042,0.5472,0.1847,0.19505
9.3841,-2.054,3.5409,0.75742,-0.13962,0.36206,-0.68632,0.074662,-0.59729,2.7643,6.9412,6.0216,0.052374,0.87576,-0.87559,-0.32193,-0.6906,-0.76802,-4.69,-6.6316,6.2741,0.48294,-0.17728,1.5723,0.073022,0.4478,-0.78455,-10.385,-0.13256,-1.9941,0.17116,0.018971,-1.383,0.51921,-0.26257,-0.095919,-11.721,-1.7708,-0.55406,0.26697,0.54824,-1.2969,0.53031,0.20469,0.19412
9.5778,-2.1219,3.4524,0.88756,-0.20796,0.3443,-0.6901,0.05662,-0.58719,2.1736,6.9176,6.4019,-0.045954,0.88165,-0.79837,-0.28284,-0.68492,-0.75684,-4.594,-7.4022,3.9369,0.064456,-0.37359,1.2817,0.085998,0.43487,-0.81857,-10.815,-0.77118,-2.1522,0.074722,0.035074,-1.4747,0.53373,-0.25475,-0.086987,-11.857,-2.3368,-0.88663,0.47705,0.54992,-1.4755,0.50916,0.22599,0.19048
9.8023,-1.9235,3.4256,0.99584,-0.30403,0.31662,-0.69497,0.03464,-0.57738,1.6092,6.9381,6.6683,-0.13305,0.73578,-0.69537,-0.25207,-0.67237,-0.74665,-3.5772,-6.7749,4.6602,-0.44705,-0.54264,0.69907,0.074398,0.45287,-0.84512,-11.063,-0.46492,-2.0824,0.19929,-0.007216,-1.4882,0.55069,-0.24228,-0.074485,-11.85,-2.5605,-1.0216,0.41497,0.59762,-1.5429,0.48915,0.24944,0.18629
10.13,-1.787,3.8319,1.139,-0.27878,0.32132,-0.70096,0.008397,-0.56567,1.2005,6.418,6.938,-0.13823,0.50581,-0.5971,-0.23192,-0.65127,-0.73394,-1.6691,-9.8211,7.8449,0.34773,-0.321,0.33941,0.047389,0.47093,-0.88349,-11.909,-0.16886,-1.9347,0.24154,0.012526,-1.473,0.56881,-0.22766,-0.063798,-11.266,-2.831,-1.3412,0.5474,0.56383,-1.5907,0.46959,0.27414,0.17753
10.16,-1.8307,3.5931,1.1192,-0.25629,0.32119,-0.7063,-0.016844,-0.55708,0.47131,6.4329,6.3843,0.061423,0.29467,-0.34925,-0.21436,-0.62489,-0.71521,-0.59182,-7.8081,6.2858,0.4118,-0.14763,-0.004083,0.044111,0.47367,-0.92588,-12.179,0.099379,-1.7603,0.28727,-0.033104,-1.3779,0.58647,-0.21159,-0.056867,-11.245,-3.2788,-1.4915,0.54316,0.50003,-1.5549,0.45123,0.29512,0.16793
10.861,-1.7183,3.7036,0.98138,-0.32762,0.25937,-0.71148,-0.042231,-0.54808,-0.37733,6.9161,6.2696,0.21889,0.067409,-0.022838,-0.21181,-0.60049,-0.69025,-0.32358,-7.9748,6.3979,0.22185,-0.29155,-0.50707,0.037536,0.48399,-0.95829,-12.222,-0.67663,-2.7808,0.51885,-0.11085,-1.2992,0.60419,-0.19571,-0.048333,-10.917,-4.2824,-1.2197,0.62293,0.5186,-1.4448,0.4372,0.31495,0.15661
10.548,-1.7297,3.4922,0.91121,-0.3114,0.16796,-0.72248,-0.064543,-0.53838,-1.1054,7.7471,5.9238,0.52213,-0.15088,0.32916,-0.22075,-0.57706,-0.65665,-0.73247,-6.9874,6.6582,0.34793,-0.27142,-0.82927,0.025438,0.48513,-0.98983,-12.715,-0.55978,-2.4907,0.9814,-0.13932,-1.2384,0.62184,-0.17372,-0.042749,-9.8971,-3.8691,-1.1341,0.91152,0.52792,-1.2894,0.42738,0.33456,0.1457
10.541,-1.7153,3.5967,0.79914,-0.26944,0.16216,-0.72824,-0.085624,-0.5323,-1.286,8.7322,6.7632,0.75316,-0.47571,0.62442,-0.24345,-0.56438,-0.60967,-0.49686,-7.8039,6.3679,0.031518,-0.23816,-1.0901,0.00974,0.49508,-1.0149,-12.064,0.53931,-2.824,0.78157,-0.07945,-1.1276,0.63794,-0.1531,-0.03457,-8.8847,-3.5024,-0.52575,1.0113,0.47041,-0.94771,0.42241,0.35117,0.13258
10.839,-1.6886,3.7484,0.75557,-0.27882,0.16674,-0.73742,-0.10422,-0.52405,-1.5102,8.5377,6.8727,0.85871,-0.65205,0.89909,-0.26769,-0.56073,-0.55192,0.82798,-7.3297,6.277,0.24917,-0.25784,-1.3041,-0.011715,0.50198,-1.0386,-11.793,0.25455,-2.6306,0.57509,-0.070406,-0.95108,0.64842,-0.13162,-0.030126,-8.6428,-2.5043,-0.010916,0.78256,0.31833,-0.6245,0.41832,0.36669,0.12194
10.72,-1.6714,3.3745,0.76836,-0.23552,0.20576,-0.74728,-0.12057,-0.52077,-1.794,8.4893,6.8635,1.194,-0.87906,1.0693,-0.29132,-0.56086,-0.49328,1.5782,-7.283,6.5467,0.18844,-0.24132,-1.4761,-0.039582,0.50711,-1.0564,-11.034,0.90104,-2.2484,0.29905,-0.22165,-0.71026,0.66007,-0.11097,-0.031485,-8.0198,-1.6173,-0.26697,0.26472,0.19734,-0.25895,0.41459,0.38134,0.12141
9.9473,-1.2352,3.3267,0.76512,-0.15302,0.21993,-0.75527,-0.13428,-0.51798,-2.6401,9.6979,6.6426,0.58378,-0.85308,1.0292,-0.30816,-0.56044,-0.44366,1.6978,-7.578,6.8569,0.042289,-0.28826,-1.4817,-0.072613,0.51304,-1.0686,-9.5905,2.1515,-2.1382,-0.13062,-0.21979,-0.34476,0.66624,-0.094723,-0.035227,-7.8326,-1.7158,-0.12959,-0.27479,-0.031843,0.073619,0.41041,0.38913,0.12637
8.7496,-0.58957,3.6128,0.89275,0.54609,0.44045,-0.75252,-0.14223,-0.52766,-2.6072,9.0109,5.8328,0.27139,-0.79447,0.80076,-0.32756,-0.55154,-0.42301,2.343,-7.307,6.9402,0.07839,-0.26739,-1.3798,-0.10715,0.51911,-1.0755,-8.85,0.80908,-1.4991,-0.45474,-0.24676,0.095074,0.66689,-0.090318,-0.044798,-7.7052,-1.8218,0.11137,-0.59117,-0.22137,0.33176,0.40342,0.39352,0.13641
8.0079,-0.34233,2.5567,0.68392,-0.12813,0.20857,-0.75675,-0.1497,-0.52819,-2.0883,8.5108,5.4692,0.35973,-0.65511,0.46111,-0.34406,-0.54736,-0.40967,2.8339,-6.4569,6.7763,0.03968,-0.11937,-1.125,-0.13802,0.52056,-1.0777,-9.1103,-0.84969,-1.4875,-0.54617,-0.30539,0.30875,0.66459,-0.088818,-0.055834,-7.1371,-2.128,-0.68677,-0.91438,-0.38913,0.51931,0.40022,0.39255,0.15287
8.066,-0.62475,2.6597,0.6053,0.067533,0.18391,-0.75871,-0.15756,-0.52944,-1.2987,8.4587,5.2016,0.09382,-0.53163,0.063943,-0.35357,-0.54736,-0.40263,3.2234,-6.2208,6.7097,-0.035616,0.099677,-0.78537,-0.15552,0.52383,-1.0781,-8.4145,0.44279,-1.3849,-0.62478,-0.41903,0.50409,0.661,-0.093703,-0.070115,-7.1991,-2.5635,-2.1086,-1.2336,-0.4251,0.65375,0.40082,0.3876,0.17087
7.0621,-0.24544,2.4606,0.42638,0.13938,0.18873,-0.75668,-0.16153,-0.52974,-0.6508,8.8171,5.2655,-0.038222,-0.401,-0.2969,-0.35553,-0.54782,-0.40521,3.4414,-6.729,6.492,-0.17598,0.28753,-0.43804,-0.15866,0.52911,-1.0726,-7.064,2.5153,-0.65465,-0.61486,-0.42198,0.99509,0.65252,-0.10509,-0.08661,-7.3879,-2.9477,-3.0766,-1.2171,-0.33897,0.86964,0.40692,0.37772,0.19506
7.3327,0.22691,2.3761,0.064843,0.21887,0.10403,-0.75814,-0.16153,-0.53403,-0.56736,8.493,5.0945,-0.17691,-0.26284,-0.69164,-0.34527,-0.55478,-0.40933,2.4724,-6.0376,6.8711,-0.13466,0.51758,-0.22136,-0.15053,0.54172,-1.0619,-8.9257,1.2193,-1.0058,-0.50742,-0.26689,1.5272,0.63832,-0.12452,-0.10256,-6.6022,-3.4742,-3.1021,-0.72977,-0.16433,0.91812,0.41412,0.36467,0.21706
7.4883,0.13592,2.5857,-0.2242,0.2986,0.006644,-0.75413,-0.15672,-0.53774,-1.0422,8.519,5.7478,-0.21601,-0.042777,-0.97297,-0.32299,-0.56653,-0.42065,3.0557,-6.653,7.1425,0.074522,0.66881,0.046899,-0.12986,0.54127,-1.0563,-10.415,0.65458,-0.11215,-0.21996,-0.33241,1.7058,0.62016,-0.15171,-0.11548,-8.0693,-2.8701,-2.9833,-0.52909,-0.008975,1.0532,0.4251,0.3513,0.23381
7.414,0.31333,2.84,-0.49754,0.25984,-0.093869,-0.7497,-0.14685,-0.54351,-1.0918,8.5827,5.6166,-0.76795,-0.001552,-1.1923,-0.29198,-0.57341,-0.44526,2.9099,-6.8658,7.078,-0.087866,0.76083,0.38333,-0.099488,0.54379,-1.0465,-10.381,-1.186,0.61838,0.21852,-0.22899,1.9224,0.59952,-0.18082,-0.12852,-8.3991,-3.6197,-1.8179,-0.18042,0.003213,1.1466,0.43953,0.33662,0.25136
7.7503,0.38572,2.5893,-0.72076,0.059699,-0.23738,-0.74634,-0.13612,-0.54154,-1.405,7.5309,5.5321,-0.82059,-0.024746,-1.4127,-0.25938,-0.57588,-0.47834,1.9309,-5.7144,6.9062,-0.090221,0.90818,0.64842,-0.057014,0.54747,-1.0277,-11.191,-2.1997,0.085451,0.51196,-0.01238,2.0808,0.57476,-0.21561,-0.13495,-8.2255,-3.0768,-1.3577,0.24898,-0.025301,1.0802,0.44999,0.32385,0.25948
8.86,0.10347,2.3869,-0.89083,0.033096,-0.32314,-0.74282,-0.12224,-0.5389,-1.6162,8.1793,5.8011,-0.83377,-0.037696,-1.5762,-0.22449,-0.57708,-0.51456,1.7447,-6.6561,7.1643,0.14444,0.92991,0.77842,-0.013087,0.54019,-1.0128,-11.861,-0.025117,-0.3806,0.26209,-0.034568,2.1437,0.55154,-0.25145,-0.13503,-9.2062,-2.1873,-2.3208,0.22162,-0.041986,1.0416,0.46104,0.31484,0.26525
9.8722,0.1887,3.1339,-0.9913,0.00541,-0.40509,-0.7343,-0.10807,-0.53443,-2.0155,7.6349,6.5763,-0.66392,0.032276,-1.5018,-0.1881,-0.5796,-0.54964,1.2889,-6.6444,7.2941,0.1027,0.91676,0.76938,0.029056,0.52944,-0.9956,-11.219,-0.12536,-0.91536,-0.55683,-0.015463,1.9981,0.52685,-0.27962,-0.144,-10.164,-1.442,-2.6637,-0.08475,-0.099824,1.0596,0.47175,0.30394,0.27333
10.585,-0.24881,3.6513,-1.0807,0.032578,-0.4545,-0.72675,-0.090907,-0.53261,-1.9766,8.5492,6.52,-0.67873,0.043411,-1.2498,-0.15789,-0.58154,-0.5882,0.84547,-6.5835,7.0834,0.023058,0.84908,0.7028,0.06383,0.51774,-0.97144,-12.142,1.8975,-1.2212,-0.96508,0.1272,1.9175,0.50639,-0.30028,-0.15958,-10.987,-0.85542,-2.676,-0.022152,-0.13322,1.1572,0.48468,0.28772,0.28132
10.643,-0.251,4.0846,-1.1187,0.053576,-0.45552,-0.71778,-0.072208,-0.53471,-1.383,8.5748,6.2369,-0.6997,0.09751,-0.84735,-0.1297,-0.58132,-0.63017,0.13888,-6.5651,6.9721,-0.018762,0.7149,0.58128,0.090938,0.50577,-0.94362,-12.325,2.833,-0.89578,-0.61508,0.14088,1.7916,0.48584,-0.31803,-0.17291,-11.152,-0.91553,-2.3577,-0.13508,-0.29426,1.1891,0.49981,0.27035,0.28618
10.643,-0.31042,4.1215,-1.1805,0.006497,-0.45632,-0.70935,-0.050075,-0.53673,-1.8071,6.0131,5.5373,-0.062403,0.056408,-0.2824,-0.11133,-0.59054,-0.6626,-0.39222,-6.7718,7.2561,-0.027854,0.5292,0.43146,0.10467,0.49428,-0.91245,-11.362,3.0818,-0.28389,-0.11598,0.25065,1.6901,0.46972,-0.33618,-0.1771,-11.706,-0.97311,-2.2402,-0.22654,-0.37735,1.255,0.51459,0.24671,0.2906
10.687,-0.11213,4.4738,-1.2648,-0.17482,-0.4611,-0.70495,-0.028854,-0.53766,-0.97559,8.7455,6.0263,0.19436,-0.089973,0.1634,-0.11726,-0.61064,-0.68431,-1.0693,-6.5581,6.494,-0.26236,0.32422,0.23455,0.10901,0.4839,-0.87915,-9.8821,4.319,-0.55566,-0.29853,0.24648,1.4061,0.45838,-0.35274,-0.17693,-12.274,0.59459,-3.299,-0.50464,-0.38489,1.2767,0.53063,0.22177,0.29186
10.546,-0.1542,4.1591,-1.2915,-0.12783,-0.50697,-0.70404,-0.006897,-0.53519,-0.15269,7.4193,6.4822,0.015229,-0.11442,0.57553,-0.12962,-0.63083,-0.70456,-1.5027,-7.1205,7.1623,-0.50816,0.021245,0.06212,0.10622,0.48131,-0.8415,-8.0796,2.6147,-0.25495,-0.75264,0.1579,0.99743,0.4515,-0.3615,-0.1843,-12.306,-0.69909,-2.8921,-1.0284,-0.45311,1.2794,0.54469,0.18729,0.29915
10.509,-0.27988,4.1654,-1.3277,-0.096644,-0.46976,-0.70357,0.015083,-0.53341,0.28402,6.9699,5.1851,0.21949,-0.19239,0.95221,-0.15424,-0.64987,-0.7225,-2.1416,-6.6626,6.8512,-0.81827,-0.28769,-0.18806,0.092344,0.48562,-0.80033,-6.8306,3.6411,-0.57614,-0.72609,0.24857,0.5932,0.44571,-0.36087,-0.19204,-12.051,-1.0455,-2.4405,-0.89355,-0.41697,1.3181,0.55708,0.14733,0.30474
10.031,-0.55725,4.0779,-1.1066,-0.002802,-0.35867,-0.70529,0.037025,-0.53432,1.2045,8.0599,5.3707,-0.043043,-0.22116,1.2337,-0.19611,-0.66414,-0.74318,-2.7102,-7.3069,6.2377,-1.2148,-0.55906,-0.4348,0.073381,0.49754,-0.7595,-9.1242,5.6967,0.7412,-0.51951,0.36041,0.58485,0.44587,-0.36089,-0.19163,-11.526,-0.68904,-2.5353,-0.50097,-0.33677,1.2749,0.56804,0.11113,0.30632
9.4726,-0.45554,3.8505,-1.018,-0.012955,-0.31844,-0.70664,0.05555,-0.53588,2.0162,8.227,5.8868,-0.066883,-0.15295,1.3376,-0.24195,-0.67557,-0.75984,-3.5769,-7.8224,6.3851,-0.81812,-0.61597,-0.66527,0.047794,0.51078,-0.72197,-5.1452,1.4416,-0.3598,-0.39929,0.34032,0.10806,0.44533,-0.35639,-0.193,-10.703,-1.1423,-2.1863,-0.38828,-0.31716,1.0863,0.57404,0.080638,0.30547
9.5412,-0.29911,3.5013,-1.0183,-0.054006,-0.29912,-0.71053,0.074279,-0.53426,2.769,7.5921,5.7816,-0.089515,-0.04111,1.374,-0.28606,-0.68287,-0.77022,-5.4727,-7.7323,6.1934,-0.26005,-0.54891,-0.81515,0.024956,0.50962,-0.70034,-6.5568,4.2266,-0.42121,0.062558,0.36402,-0.23173,0.44772,-0.34871,-0.18305,-9.7617,-2.8045,-2.3916,-0.096294,-0.26785,0.73819,0.58231,0.059259,0.30251
9.3974,-0.92663,3.2201,-0.82558,0.13185,-0.22856,-0.71377,0.091439,-0.53834,2.8465,7.1697,5.9041,0.05284,0.078872,1.3752,-0.32261,-0.69032,-0.77341,-3.0412,-8.2349,4.8307,-0.25167,-0.60846,-0.76956,-0.003755,0.5066,-0.69225,-6.5459,3.5665,-0.40526,0.27182,0.29411,-0.36911,0.45096,-0.34144,-0.17292,-9.8955,-2.4317,-2.0043,0.43659,-0.16989,0.52231,0.58652,0.047586,0.2991
8.6394,-0.58604,2.9479,-0.60118,0.15363,-0.13632,-0.71265,0.10295,-0.5448,3.2003,7.151,6.2318,0.26175,0.20018,1.3298,-0.35497,-0.70165,-0.76703,-4.5654,-8.3177,6.4178,-0.26683,-0.43461,-0.66901,-0.029714,0.50554,-0.6823,-5.8427,3.4784,-0.20344,0.78061,0.27371,-0.46807,0.45547,-0.33793,-0.15726,-9.1314,-2.5108,-1.7675,0.75912,-0.17672,0.22809,0.59255,0.046229,0.293
8.5133,-0.71649,2.4685,-0.42403,0.1144,-0.081231,-0.71375,0.11233,-0.54984,3.0825,7.0958,6.1166,0.22014,0.25053,1.2201,-0.38278,-0.70894,-0.75554,-3.4408,-7.5948,6.3392,-0.085749,-0.38421,-0.38127,-0.049737,0.50212,-0.6802,-7.5795,4.2137,-0.096571,0.91006,0.077148,-0.60334,0.4561,-0.33555,-0.14125,-8.4276,-2.7531,-1.7712,0.77681,-0.19439,-0.2807,0.59521,0.053811,0.28313
8.0635,-1.2687,2.4914,-0.17967,0.18519,0.061006,-0.71289,0.12067,-0.55629,3.5358,6.9519,6.7749,0.14807,0.23844,1.0419,-0.40753,-0.71119,-0.74644,-2.7507,-8.1431,6.8433,0.27414,-0.39577,-0.017766,-0.062633,0.49643,-0.68741,-7.3342,4.0609,-0.99192,0.88622,-0.000492,-0.68515,0.45648,-0.33398,-0.13138,-8.2848,-2.8984,-1.022,0.75824,-0.1978,-0.79177,0.59795,0.069692,0.27028
8.0049,-1.0166,2.5672,-0.066146,0.16717,0.18436,-0.70981,0.12514,-0.56194,3.4885,6.6164,6.9578,0.065936,0.13321,0.72635,-0.42273,-0.71113,-0.73386,-3.0652,-7.7227,6.2053,0.66962,-0.3172,0.35022,-0.062438,0.4789,-0.70627,-7.6329,3.7547,-1.6204,0.82596,-0.00035,-0.76377,0.46161,-0.33168,-0.12155,-8.8587,-1.2905,-0.72855,0.49604,-0.20098,-1.1699,0.59411,0.093662,0.25558
7.4819,-1.4484,2.2843,0.06338,0.1443,0.16632,-0.71002,0.1296,-0.56568,3.4293,5.694,6.195,-0.035095,0.098894,0.4174,-0.43151,-0.70936,-0.72982,-2.9191,-7.6968,6.2559,0.77587,-0.26888,0.6384,-0.055526,0.45631,-0.72754,-7.6811,3.0264,-1.478,0.71098,-0.003719,-0.78424,0.46716,-0.32888,-0.11143,-8.827,-0.12422,-1.0237,0.38874,-0.14794,-1.362,0.59133,0.12152,0.2395
7.5541,-1.9969,2.1992,0.22301,0.014207,0.1762,-0.70895,0.12907,-0.56604,3.6274,5.7649,5.5889,-0.1587,0.15992,0.082651,-0.43236,-0.70312,-0.72998,-2.9828,-7.4461,6.1357,0.69439,-0.14889,0.94061,-0.041417,0.43322,-0.75171,-8.1086,3.3546,-1.4569,0.52185,0.042502,-0.79443,0.47308,-0.32964,-0.10395,-9.4377,1.865,-0.7896,0.10749,-0.059541,-1.3777,0.58282,0.14678,0.22543
8.0158,-2.0601,2.2471,0.35659,-0.03805,0.2186,-0.71249,0.12601,-0.5637,4.1711,6.0858,5.8975,-0.21498,0.32181,-0.22176,-0.42822,-0.69524,-0.73628,-2.967,-6.7568,6.2242,0.67446,-0.056946,1.1961,-0.017808,0.41042,-0.77578,-8.4848,2.4603,-1.396,0.26214,0.006016,-0.82311,0.47769,-0.32533,-0.098947,-9.4816,2.643,-1.0423,-0.11878,0.080233,-1.2949,0.5728,0.16894,0.21232
8.6275,-1.9171,2.3123,0.52857,-0.015209,0.26258,-0.71443,0.11972,-0.55963,4.1713,6.2111,6.0439,0.10876,0.56642,-0.49698,-0.41147,-0.69917,-0.73554,-3.3151,-7.1734,6.6247,0.41807,0.037672,1.4175,0.009921,0.39261,-0.79345,-9.1233,1.6407,-1.528,0.28105,0.01149,-0.94499,0.48498,-0.32325,-0.094475,-9.6765,2.4263,-0.74729,-0.23505,0.20239,-1.2177,0.55941,0.18699,0.20751
8.9836,-2.0329,2.7769,0.6662,-0.003344,0.26825,-0.71237,0.11092,-0.55702,3.7121,6.4275,6.4285,0.19766,0.72148,-0.72278,-0.38047,-0.70713,-0.72704,-3.8362,-7.2919,6.4404,0.30745,0.024347,1.4216,0.039054,0.38188,-0.80834,-9.5858,1.3405,-1.9196,0.20133,0.024067,-1.0297,0.49237,-0.31921,-0.086672,-10.248,0.86749,-0.7238,-0.15337,0.36061,-1.2165,0.54459,0.20313,0.20659
9.2219,-1.991,2.9432,0.84162,-0.084813,0.22327,-0.71234,0.0966,-0.55432,2.7082,6.59,6.4328,0.13715,0.73603,-0.86107,-0.34273,-0.71288,-0.71637,-3.8553,-7.8126,7.0653,0.41506,0.01715,1.3934,0.063654,0.36694,-0.82778,-9.9581,0.98754,-2.1819,0.13608,0.026014,-1.1286,0.50389,-0.31298,-0.07961,-11.008,-0.67534,-0.73331,0.092298,0.4429,-1.2795,0.52826,0.22312,0.20608
9.4376,-1.9272,3.2138,0.98249,-0.16374,0.21654,-0.71179,0.073723,-0.54757,2.2149,6.8599,6.2852,0.091464,0.71911,-0.87506,-0.30196,-0.71287,-0.70643,-3.8476,-6.5546,6.9115,0.19313,-0.017135,1.334,0.087493,0.35893,-0.8472,-10.348,1.2781,-2.0699,0.024763,0.026333,-1.1656,0.5142,-0.30665,-0.071407,-11.483,-2.203,-1.2012,0.44902,0.41136,-1.3617,0.50988,0.24589,0.20546
9.6694,-1.7733,3.1868,1.1126,-0.21657,0.21698,-0.71113,0.050196,-0.54122,2.0122,7.0117,6.4985,0.008156,0.64612,-0.83743,-0.2677,-0.70606,-0.69515,-3.7626,-4.3624,5.6619,0.11389,-0.16892,0.86579,0.10265,0.35751,-0.86802,-10.613,0.52688,-2.0594,0.012162,-0.012307,-1.2348,0.53025,-0.29692,-0.065204,-11.574,-3.0981,-1.4667,0.39082,0.49921,-1.5716,0.49121,0.27123,0.20155
9.5877,-1.6032,3.4111,1.1773,-0.36669,0.14476,-0.71676,0.023381,-0.5329,1.5581,6.7638,6.6234,-0.008088,0.54199,-0.80595,-0.23913,-0.69302,-0.6847,-3.3768,-5.006,6.0164,-0.59466,-0.37828,0.46539,0.098413,0.37182,-0.89168,-10.767,1.3228,-2.4086,0.005245,-0.023628,-1.1677,0.54564,-0.28761,-0.058098,-11.185,-3.7288,-1.0882,0.23602,0.56121,-1.6605,0.47114,0.29614,0.19855
9.7605,-1.3301,3.3396,1.1787,-0.50928,0.066965,-0.72258,-0.006634,-0.51829,1.1024,6.6581,6.4451,0.022366,0.43511,-0.68505,-0.21158,-0.67483,-0.67283,-2.7335,-7.6902,8.6474,-0.24831,-0.46971,0.11574,0.081223,0.39666,-0.91606,-11.118,0.20101,-1.7391,0.1101,-0.010373,-1.1598,0.55897,-0.27354,-0.051901,-11.65,-3.9066,-0.87242,0.18819,0.4372,-1.7623,0.45056,0.31996,0.1977
10.268,-1.2675,3.3438,1.1823,-0.4983,0.076095,-0.73181,-0.036219,-0.50367,0.3607,7.0576,6.0754,0.13428,0.37171,-0.53256,-0.18754,-0.65189,-0.65511,-1.9547,-7.4325,6.4273,0.38853,-0.49599,-0.19241,0.067021,0.39792,-0.95164,-11.512,1.1004,-1.9431,0.12558,-0.036594,-1.1466,0.57686,-0.26154,-0.044283,-10.736,-4.0455,-0.82747,0.188,0.42024,-1.6145,0.4332,0.34664,0.19341
10.834,-1.1684,3.3488,1.0902,-0.46728,0.057656,-0.74032,-0.064441,-0.48603,-0.30873,7.9128,5.7326,0.28832,0.26545,-0.22674,-0.17131,-0.6314,-0.63075,-1.211,-5.9,5.6149,-0.12443,-0.55769,-0.57606,0.04366,0.40043,-0.98558,-11.633,0.90159,-2.9508,0.082937,-0.12714,-1.0573,0.59039,-0.24677,-0.04274,-10.114,-3.7649,-0.74149,0.39253,0.30305,-1.4135,0.41625,0.37121,0.18715
10.03,-1.7504,2.2793,1.0615,0.17648,0.37663,-0.74779,-0.089094,-0.47398,-1.1306,8.625,6.37,0.51107,0.050284,0.091255,-0.16561,-0.61981,-0.59339,-0.35752,-6.6732,6.3943,-0.24725,-0.46165,-1.0236,0.011152,0.42213,-1.015,-11.577,-1.0195,-2.6774,0.5261,-0.098702,-1.0557,0.6061,-0.23287,-0.03976,-9.484,-3.6271,-0.37184,0.55756,0.1736,-1.1021,0.40478,0.39544,0.18027
11.013,-0.97177,3.8588,0.97078,-0.46885,-0.005377,-0.75199,-0.1118,-0.4718,-1.9163,7.713,6.9588,0.68454,-0.22331,0.40112,-0.16953,-0.61315,-0.54929,0.91298,-7.5647,7.0697,-0.37738,-0.29397,-1.2961,-0.019771,0.44515,-1.0405,-12.623,-0.97948,-2.4884,0.26467,-0.096191,-1.2198,0.62275,-0.21033,-0.034491,-8.2953,-4.8192,-0.7659,0.43795,0.12534,-0.79507,0.39408,0.41475,0.17202
10.532,-2.2756,2.9065,0.98344,0.56182,0.44698,-0.75669,-0.1309,-0.46624,-2.1114,8.3519,5.7211,0.93117,-0.49864,0.65907,-0.17908,-0.61131,-0.50191,0.66239,-7.3725,6.2361,-0.54697,-0.24731,-1.4145,-0.048284,0.47253,-1.0534,-12.143,-1.2196,-1.9982,0.16556,-0.066415,-1.3237,0.63783,-0.18426,-0.032103,-8.3462,-3.9528,-0.61499,0.40485,0.012703,-0.51174,0.38461,0.43378,0.16759
9.7769,-1.247,2.8925,0.86077,-0.29469,0.14037,-0.76146,-0.14706,-0.467,-3.3405,8.7223,5.8829,1.1114,-0.5814,0.95664,-0.20103,-0.61103,-0.45296,1.3886,-7.6295,6.6721,-0.30373,-0.13493,-1.4951,-0.079335,0.49546,-1.069,-11.338,-0.75127,-2.0276,0.52432,-0.16403,-1.2378,0.65458,-0.15319,-0.031379,-5.6981,-1.6036,-0.88519,0.12774,-0.085359,-0.048097,0.37912,0.44561,0.16638
9.2632,-1.2934,2.56,0.91293,0.09931,0.29554,-0.77075,-0.16257,-0.46055,-3.1481,9.2774,5.403,0.26369,-0.6408,0.99364,-0.23117,-0.60465,-0.41956,1.8503,-8.1606,6.3559,-0.059211,-0.12165,-1.4073,-0.10919,0.50791,-1.081,-10.376,1.0516,-1.7551,0.52754,-0.3034,-1.0143,0.66598,-0.12524,-0.032501,-6.8564,-4.1967,-1.2405,-0.26625,-0.16298,0.24241,0.37455,0.44806,0.17063
9.059,-0.51231,2.1904,0.83684,-0.19422,0.15898,-0.77708,-0.17777,-0.45741,-2.0707,8.6243,5.0664,0.52808,-0.66407,0.86694,-0.26728,-0.59592,-0.39722,2.5377,-7.1136,6.8468,0.057406,-0.020103,-1.3749,-0.13514,0.50964,-1.0909,-9.4071,2.76,-2.2027,0.025774,-0.29945,-0.60108,0.67294,-0.10433,-0.039013,-6.6156,-3.1494,-1.9658,-0.51999,-0.19136,0.39283,0.37245,0.44516,0.17976
9.3069,-0.40809,1.5662,0.77248,0.19784,0.23016,-0.78064,-0.18747,-0.45817,-1.9286,8.8482,5.8752,0.1914,-0.623,0.67438,-0.29923,-0.58702,-0.37987,2.3268,-7.4781,6.317,-0.024862,0.082287,-1.1938,-0.15964,0.51026,-1.0997,-8.9946,2.3203,-2.4791,-0.28764,-0.20743,-0.10997,0.67577,-0.092944,-0.044101,-6.1226,-3.5824,-2.7058,-0.89766,-0.13916,0.65257,0.37953,0.43428,0.19701
8.3842,-0.008598,1.7185,0.44481,0.20314,0.1977,-0.78178,-0.1931,-0.46433,-0.77345,9.0011,5.324,0.11177,-0.61087,0.38899,-0.32244,-0.5772,-0.37404,2.9087,-7.3214,6.5945,-0.07469,0.118,-1.1229,-0.17827,0.50868,-1.1051,-7.8991,4.6019,-1.7692,-0.60389,-0.19744,0.49851,0.67313,-0.093574,-0.05395,-6.9474,-4.0117,-2.7582,-0.83922,-0.054217,0.75288,0.38457,0.41951,0.21507
7.5657,0.21348,1.557,0.1243,0.12847,0.089889,-0.78093,-0.19108,-0.47114,-0.47841,8.794,5.5168,0.27867,-0.57943,-0.037229,-0.33603,-0.57644,-0.36764,3.0832,-6.9537,6.8474,-0.055004,0.19051,-0.92486,-0.19545,0.51204,-1.1018,-7.997,3.8316,-0.59979,-0.62467,-0.26461,1.3212,0.6651,-0.11078,-0.065215,-6.7673,-4.1041,-2.1951,-0.59912,0.026534,0.89386,0.39464,0.40372,0.23183
8.079,-0.020275,1.5445,-0.12891,0.054398,-0.10161,-0.78199,-0.19036,-0.47311,-0.93364,7.9169,4.9146,0.12872,-0.56345,-0.45049,-0.33636,-0.58295,-0.36284,2.784,-5.9767,7.1975,0.14521,0.21701,-0.53244,-0.20408,0.5113,-1.0997,-9.9881,-2.181,0.35723,-0.24867,-0.49202,1.5682,0.64746,-0.13884,-0.08304,-7.358,-4.0078,-1.1663,-0.21509,0.12194,0.92729,0.40433,0.38826,0.24172
7.9652,-0.27263,1.8852,-0.24799,0.19582,-0.045842,-0.78173,-0.18904,-0.4783,-0.94,9.3299,5.5237,0.11378,-0.533,-0.80923,-0.32619,-0.59311,-0.36431,3.383,-5.4955,6.6555,0.17707,0.2626,0.02873,-0.19995,0.50681,-1.0957,-9.778,-4.0827,-0.2818,0.15228,-0.48658,1.477,0.63244,-0.16844,-0.098738,-8.4884,-3.8172,-0.75152,-0.15675,0.057411,0.98964,0.41352,0.3756,0.25073
8.368,0.099762,2.4503,-0.31487,0.28696,0.013946,-0.77775,-0.18283,-0.48489,-0.000108,9.0446,5.3289,-0.32945,-0.49286,-0.95997,-0.31004,-0.60463,-0.37584,3.0846,-5.5843,8.1488,0.54754,0.24029,0.38491,-0.1889,0.50387,-1.0901,-9.1556,-3.1348,-0.37537,0.5267,-0.46983,1.3379,0.61466,-0.19392,-0.11551,-7.926,-3.0476,-1.5394,-0.053561,0.007148,0.97247,0.42503,0.36314,0.25483
8.3396,0.47009,2.5421,-0.45408,0.31073,-0.028283,-0.77416,-0.17347,-0.4911,-0.81627,8.0089,4.9473,-0.66257,-0.29026,-1.0614,-0.27699,-0.61225,-0.40149,1.9995,-6.0697,7.1237,-0.095347,0.18391,0.43142,-0.17352,0.49103,-1.0888,-9.3191,-0.87338,-1.4016,0.67145,-0.30536,1.3051,0.59784,-0.22081,-0.11638,-8.4728,-2.6317,-2.2498,-0.11175,0.007985,1.0144,0.43647,0.35039,0.26163
8.7921,0.22031,2.9543,-0.55031,0.21925,-0.10092,-0.7659,-0.16192,-0.4966,-2.0381,8.6216,4.6316,-0.89729,-0.21707,-1.1943,-0.23891,-0.61533,-0.43451,3.1913,-6.7452,5.5105,-0.14509,0.56127,0.41831,-0.155,0.49585,-1.0806,-10.027,1.6068,-1.4486,-0.078508,-0.058423,1.3223,0.58113,-0.24162,-0.12259,-9.3258,-2.0752,-2.1731,-0.12544,-0.019176,1.0798,0.44729,0.33816,0.26907
8.7829,-0.05455,3.1539,-0.71755,0.18843,-0.2214,-0.76084,-0.15118,-0.50072,-2.05,8.2267,5.055,-1.0734,-0.10062,-1.2305,-0.20259,-0.61342,-0.47007,2.8352,-7.0756,6.5035,-0.028446,0.89469,0.61151,-0.12035,0.50028,-1.0688,-11.665,2.3391,-0.5518,-0.48499,0.038201,1.647,0.56247,-0.265,-0.12929,-9.6243,-1.4915,-2.0421,-0.083218,-0.067789,1.1455,0.46002,0.32261,0.27637
9.2631,0.32914,2.5855,-0.88413,0.17312,-0.24707,-0.75335,-0.13669,-0.50271,-2.0116,7.2646,5.4494,-1.2917,0.010625,-1.158,-0.17041,-0.60584,-0.51391,2.0429,-6.0369,7.6177,-0.10925,0.90302,0.74199,-0.07868,0.50204,-1.0509,-12.323,2.7171,-0.085206,-0.58629,0.081021,1.8018,0.54084,-0.2847,-0.13906,-9.6849,-1.8497,-2.0889,-0.098198,-0.14261,1.1695,0.47387,0.30547,0.284
9.3066,0.2386,2.9061,-0.97357,0.20311,-0.27101,-0.74511,-0.11763,-0.50826,-2.4068,6.1678,5.651,-0.99146,0.065986,-0.92388,-0.14418,-0.59074,-0.5629,1.2169,-7.0803,6.8678,-0.1754,0.81453,0.77233,-0.040115,0.50334,-1.0268,-12.171,2.2672,0.023389,-0.38626,0.04553,1.8844,0.51909,-0.30402,-0.15151,-9.8798,-1.66,-2.652,-0.18812,-0.18728,1.1442,0.4862,0.28849,0.28741
9.677,-0.15045,3.1078,-1.0321,0.057039,-0.30964,-0.73422,-0.098622,-0.51262,-2.2565,8.0864,5.9815,-0.75975,0.031737,-0.77629,-0.13042,-0.5843,-0.60318,1.1038,-6.5165,6.9272,-0.053496,0.78007,0.7,-0.009544,0.49844,-1.003,-11.454,2.3009,-0.17235,-0.35763,0.083841,1.8406,0.49734,-0.32078,-0.1629,-10.793,-1.2741,-2.8308,-0.20516,-0.22282,1.1932,0.50116,0.26764,0.293
10.033,-0.30313,3.5199,-1.1381,-0.04963,-0.45246,-0.72474,-0.081034,-0.51277,-1.8557,7.5349,6.6813,-0.73311,0.06027,-0.53182,-0.12726,-0.57758,-0.64678,0.8367,-6.9371,6.6615,-0.036179,0.6793,0.69617,0.018002,0.48972,-0.97655,-10.551,2.2154,-0.38671,-0.4122,0.093963,1.7382,0.48183,-0.33448,-0.1712,-11.085,-1.0049,-2.5212,-0.30865,-0.32864,1.2055,0.51628,0.24601,0.29699
10.577,-0.072089,3.9434,-1.2262,-0.03748,-0.41151,-0.72198,-0.060451,-0.51391,-1.3573,7.4151,6.3849,-0.072216,0.073787,-0.12009,-0.13314,-0.58514,-0.68449,0.04751,-7.0982,6.6279,-0.059625,0.57625,0.50581,0.037899,0.4798,-0.9436,-10.344,2.6218,-0.52557,-0.36767,0.13593,1.5303,0.46751,-0.34441,-0.17958,-11.84,-0.09681,-2.7033,-0.35714,-0.39514,1.2381,0.53107,0.21732,0.29882
10.786,0.20629,4.3199,-1.1895,0.059115,-0.42095,-0.71768,-0.040626,-0.51689,-0.052764,8.2058,6.2969,-0.082693,0.054262,0.23145,-0.15049,-0.60079,-0.71904,-1.284,-6.5087,6.6268,-0.28845,0.44162,0.27798,0.04958,0.47198,-0.90783,-9.1429,3.0013,-0.45683,-0.66666,0.15934,1.2534,0.45495,-0.35109,-0.19149,-12.147,0.091014,-2.5959,-0.69475,-0.42466,1.2985,0.54399,0.18554,0.30037
10.793,0.13099,4.6105,-1.1685,-0.083595,-0.43032,-0.71385,-0.017474,-0.52073,0.33849,7.1466,6.7149,0.10666,0.022479,0.67515,-0.17048,-0.62164,-0.74569,-1.2151,-6.9659,6.8021,-0.3367,0.21316,0.044266,0.047354,0.46897,-0.86913,-8.4527,2.6644,0.045147,-0.77277,0.19058,0.81681,0.44867,-0.35012,-0.20111,-12.259,0.031599,-2.5457,-0.5046,-0.47709,1.2399,0.55685,0.1503,0.30038
10.808,0.19129,4.32,-1.1505,-0.10217,-0.39558,-0.71763,0.000671,-0.51705,0.88935,7.5287,6.3968,0.14114,-0.016929,1.0011,-0.19642,-0.64177,-0.76655,-3.0486,-6.3277,6.7876,-0.65817,-0.011567,-0.26878,0.041846,0.46959,-0.8302,-7.0064,3.1809,-0.11395,-0.60453,0.36107,0.40775,0.44954,-0.34386,-0.20802,-11.922,0.14966,-2.577,-0.54804,-0.43619,1.1931,0.56602,0.11838,0.29858
10.51,-0.012219,3.9284,-1.0364,-0.020189,-0.28639,-0.72059,0.02237,-0.51828,1.2296,8.1575,6.2243,0.02801,-0.10358,1.1645,-0.22391,-0.65462,-0.78347,-3.2381,-7.8092,6.2139,-0.85615,-0.20344,-0.66437,0.023542,0.4775,-0.79391,-9.8146,6.6135,1.4917,-0.24118,0.58746,0.45611,0.45001,-0.33941,-0.20174,-11.871,-0.64186,-2.7502,-0.50888,-0.3555,1.056,0.57605,0.088877,0.29597
10.331,-0.27661,3.7015,-0.87485,0.091516,-0.21555,-0.72151,0.039897,-0.52214,1.5267,7.3414,6.5165,-0.041364,-0.13238,1.3018,-0.25503,-0.66705,-0.79304,-2.3489,-7.9946,6.8615,-0.7114,-0.46539,-0.83409,-0.005239,0.483,-0.76455,-5.7396,0.8761,-0.22105,-0.20969,0.41241,-0.09711,0.45349,-0.32992,-0.19867,-10.988,-1.5821,-2.0952,-0.54247,-0.3347,0.73392,0.58266,0.062393,0.29507
10.136,-0.46806,3.7957,-0.72354,-0.050799,-0.18466,-0.7269,0.056139,-0.52562,1.9298,7.6564,6.5325,0.029405,-0.24104,1.3043,-0.29137,-0.67324,-0.79923,-4.5503,-8.5897,6.4179,-0.77326,-0.46067,-1.0185,-0.028593,0.49231,-0.73299,-7.6382,3.7879,-0.57752,0.20741,0.41699,-0.50407,0.46105,-0.31986,-0.18794,-10.196,-2.7896,-1.8012,-0.23066,-0.32328,0.36932,0.5881,0.043815,0.28887
9.303,-0.64236,2.7287,-0.55106,0.023225,-0.15114,-0.73408,0.067005,-0.52967,2.4508,6.9651,6.5885,-0.028462,-0.23665,1.3866,-0.3289,-0.67453,-0.80011,-3.0496,-8.3348,6.314,-0.41101,-0.69279,-1.0508,-0.063551,0.49608,-0.71567,-7.0963,2.7426,-1.2183,0.56644,0.39595,-0.56093,0.46463,-0.30956,-0.17527,-9.8273,-2.2395,-1.5096,0.34172,-0.21097,0.1098,0.59305,0.040863,0.28075
8.5454,-0.27168,2.3373,-0.41733,-0.038782,-0.13983,-0.73608,0.077554,-0.53366,2.7084,6.9715,6.7578,-0.004093,-0.21642,1.2745,-0.36737,-0.67283,-0.80096,-3.5227,-8.4455,7.0178,-0.17404,-0.76909,-0.95105,-0.099696,0.49412,-0.70686,-6.8572,2.8326,-0.981,1.126,0.32462,-0.71137,0.46909,-0.306,-0.15402,-9.0099,-1.961,-1.0766,0.66939,-0.21792,-0.23423,0.59832,0.044853,0.27264
8.0983,-0.4592,1.9522,-0.23794,-0.043953,-0.14875,-0.74163,0.081614,-0.53541,3.3583,6.2577,5.9589,0.036134,-0.090323,1.1183,-0.39712,-0.67003,-0.79692,-2.0465,-8.081,6.7795,0.33542,-0.86384,-0.61018,-0.13205,0.48224,-0.71085,-8.1974,3.5758,-0.60354,0.82319,0.10205,-0.80273,0.4741,-0.30191,-0.13634,-8.111,-2.0254,-0.9271,0.68974,-0.26937,-0.68274,0.60157,0.059676,0.25929
7.8071,-0.8329,1.4923,-0.19098,-0.034668,-0.081307,-0.74618,0.082548,-0.53902,3.8827,6.3921,6.2204,0.1125,0.077527,0.80927,-0.42091,-0.67093,-0.79392,-2.0467,-7.9229,6.6545,0.57618,-0.86665,-0.095882,-0.1559,0.46466,-0.7245,-7.6357,3.2633,-0.69696,0.74031,0.036719,-0.83505,0.47826,-0.29975,-0.12616,-8.4095,-1.4872,-0.62436,0.64865,-0.24875,-0.98539,0.60406,0.080528,0.24216
7.4877,-0.76234,1.162,-0.13851,0.001614,-0.006655,-0.75124,0.085642,-0.53938,3.9095,6.0443,5.9516,0.13496,0.29473,0.58433,-0.43174,-0.67378,-0.78782,-2.3741,-7.2846,6.394,0.79081,-0.74506,0.37797,-0.1627,0.44636,-0.74394,-7.6339,2.5468,-1.5516,0.8038,0.027763,-0.87323,0.48269,-0.29707,-0.1161,-8.2736,-0.70991,-0.91135,0.42101,-0.13365,-1.2745,0.60154,0.1072,0.22571
7.3747,-0.984,1.2344,0.008151,0.05085,0.069926,-0.75166,0.087102,-0.53954,3.6974,5.9854,6.108,0.25028,0.46018,0.32814,-0.43426,-0.68227,-0.77803,-1.8053,-7.8605,6.4077,1.1016,-0.50372,0.85938,-0.15753,0.41557,-0.77216,-7.66,3.2963,-1.4328,0.60759,0.02808,-0.81397,0.48792,-0.29808,-0.10505,-8.1796,1.7103,-0.94807,0.10713,0.01108,-1.3254,0.59481,0.13233,0.2121
7.873,-1.1516,1.3938,0.15876,0.019136,0.18341,-0.75308,0.087474,-0.5381,3.7871,5.8649,6.4361,0.14987,0.58492,0.030864,-0.42769,-0.68957,-0.77102,-1.917,-6.48,6.0006,0.99692,-0.26107,1.2317,-0.13754,0.38774,-0.80019,-8.2785,2.9344,-1.5799,0.30901,0.028773,-0.77169,0.49326,-0.29791,-0.097738,-9.0475,2.4019,-1.0206,0.096918,0.12285,-1.2157,0.58468,0.1558,0.20138
8.3482,-1.276,1.8965,0.26007,0.048894,0.23364,-0.75604,0.08953,-0.53495,3.9979,6.3308,6.8478,0.057382,0.63496,-0.32545,-0.41083,-0.69544,-0.76607,-2.0052,-6.6511,6.7993,0.83425,0.14377,1.4663,-0.10596,0.36292,-0.82202,-8.7325,1.1179,-1.6921,0.36599,0.011242,-0.8357,0.49908,-0.29948,-0.092928,-9.3476,1.954,-0.73553,-0.076163,0.28664,-1.0657,0.57272,0.17321,0.19582
8.7048,-1.3102,2.3169,0.38919,0.004589,0.25869,-0.75445,0.086567,-0.5283,3.7195,6.2625,6.9479,0.012863,0.65512,-0.64515,-0.37957,-0.69964,-0.76179,-2.4181,-7.2262,6.4387,0.81969,0.22692,1.6535,-0.06331,0.33975,-0.84256,-9.3459,1.2655,-1.7046,0.4036,0.021999,-0.93087,0.50554,-0.29869,-0.081831,-9.7527,1.3113,-0.10904,0.005492,0.28252,-1.1109,0.56,0.18952,0.19241
9.0236,-1.5213,2.6015,0.51203,-0.076302,0.22732,-0.75778,0.081092,-0.51964,2.815,5.8486,6.3231,0.046919,0.65334,-0.83062,-0.34188,-0.70193,-0.75393,-2.7182,-5.788,6.8713,0.48998,0.26147,1.6162,-0.02083,0.3215,-0.85895,-9.4796,0.99609,-1.9772,0.23424,0.001105,-0.98668,0.51484,-0.29656,-0.0726,-10.549,-0.1786,-0.261,0.26836,0.48731,-1.1478,0.54476,0.20646,0.19147
9.2245,-1.6558,2.4678,0.67476,-0.12021,0.24689,-0.76001,0.069139,-0.51089,2.4427,6.9563,6.4037,-0.018244,0.65208,-0.8798,-0.30659,-0.70454,-0.74463,-4.1436,-7.1352,6.6139,0.55669,0.10199,1.5253,0.013806,0.30276,-0.87523,-9.7316,0.53831,-2.1618,0.17499,-0.039234,-1.0374,0.52426,-0.293,-0.063234,-11.332,-1.9974,-0.35384,0.44316,0.52732,-1.2506,0.52616,0.22748,0.19302
9.7467,-1.468,2.6371,0.83672,-0.3876,0.15896,-0.75887,0.051109,-0.49814,2.2064,6.9157,7.277,-0.10832,0.62115,-0.86768,-0.27694,-0.69604,-0.73898,-3.6439,-6.2994,7.5238,0.30003,0.1252,1.323,0.036569,0.29046,-0.89091,-10.129,0.73991,-2.3201,0.092369,-0.0196,-1.0795,0.5345,-0.28866,-0.054097,-11.543,-2.8027,-0.50901,0.4868,0.45597,-1.4211,0.50738,0.25201,0.18926
