1.4552,-6.2877,7.4212,-0.006496,0.018442,-0.000508,-0.34577,0.82176,-0.21936,6.7906,3.4081,6.1365,0.003379,-0.02129,0.001225,-0.54719,-0.64357,-0.20507,-1.1123,5.2347,-8.175,0.003843,-0.016589,-0.003781,0.02495,-0.20621,0.75432,0.26676,0.075138,-9.7777,-0.001677,0.007915,-0.014743,0.6456,0.34567,0.93017,-2.7284,1.6697,9.366,-0.009546,0.01149,-0.010669,0.51006,-0.47095,-0.45835
1.4552,-6.3099,7.3912,0.003597,0.037987,-0.007876,-0.34704,0.82252,-0.21778,6.815,3.413,6.1197,0.008953,-0.009916,-0.012094,-0.54715,-0.64346,-0.20442,-1.0831,5.2588,-8.1603,-0.007404,-0.008059,-0.02143,0.022961,-0.20679,0.75512,0.2667,0.082669,-9.7853,-6e-05,0.003516,-0.007713,0.64328,0.34425,0.93086,-2.7584,1.6699,9.3431,-0.016868,0.000829,-0.005282,0.51054,-0.46935,-0.45891
1.4551,-6.3174,7.436,-0.01917,0.016693,-0.004165,-0.34736,0.82149,-0.2186,6.8102,3.437,6.1684,0.016132,0.007835,-0.001385,-0.54735,-0.64382,-0.20573,-1.0929,5.2492,-8.1456,-0.00316,-0.000493,-0.011699,0.024915,-0.20829,0.75361,0.26663,0.09767,-9.7853,-0.012441,-0.000872,-0.011271,0.64153,0.34409,0.92879,-2.7583,1.6698,9.3804,-0.004379,-0.004321,0.003698,0.50815,-0.46936,-0.46032
1.4775,-6.3248,7.3689,-0.030042,0.009504,-0.010535,-0.34809,0.82344,-0.21701,6.7832,3.4444,6.1464,0.016951,-9.9e-05,0.00123,-0.54824,-0.64267,-0.20501,-1.0976,5.2152,-8.1695,-0.00047,-0.001375,-0.011701,0.022739,-0.20729,0.75322,0.26668,0.090138,-9.7778,-0.005496,0.013209,-0.002349,0.6438,0.34504,0.93035,-2.7734,1.6101,9.3725,0.001109,0.002801,0.000123,0.50945,-0.46856,-0.45896
1.4701,-6.3247,7.3763,-0.004666,0.020199,-0.001427,-0.34661,0.82277,-0.21735,6.7809,3.4756,6.2097,0.014055,-0.017718,0.008279,-0.54744,-0.64397,-0.20508,-1.1171,5.2251,-8.1993,0.004082,-0.009603,-0.01525,0.023387,-0.20692,0.75349,0.26666,0.09017,-9.7853,-0.005553,0.000886,-0.000671,0.64405,0.34519,0.9297,-2.7285,1.6249,9.3509,-0.004244,-0.003615,-0.005355,0.50987,-0.47042,-0.45904
1.4552,-6.332,7.3612,-0.028144,0.034719,0.0003,-0.34567,0.82323,-0.21499,6.8152,3.42,6.1707,0.006947,-0.015062,0.00657,-0.54736,-0.64297,-0.20326,-1.0928,5.2492,-8.1554,-0.001443,-0.004024,-0.008171,0.023131,-0.20639,0.75347,0.2818,0.060163,-9.7699,0.00175,-0.000896,-0.009513,0.64421,0.34569,0.93024,-2.7434,1.6249,9.3731,-0.004192,-0.008204,-0.010805,0.50943,-0.46989,-0.45947
1.4625,-6.3543,7.3612,0.006271,0.036296,0.002165,-0.34655,0.82327,-0.21626,6.793,3.4202,6.1293,-0.011944,-0.039857,-0.002303,-0.54765,-0.64296,-0.2038,-1.0977,5.254,-8.1507,0.005575,-0.000187,-0.002857,0.023926,-0.20604,0.75413,0.26663,0.090232,-9.8003,0.017722,0.003492,-0.007711,0.64475,0.34505,0.92973,-2.7284,1.6696,9.3809,0.002771,-0.004193,0.009095,0.51151,-0.46894,-0.45848
1.4402,-6.3394,7.3909,-0.013703,0.03113,0.007631,-0.34688,0.82225,-0.21736,6.8395,3.4033,6.1174,0.012357,-0.013295,0.005647,-0.5489,-0.64312,-0.20282,-1.1123,5.2542,-8.1851,0.007361,0.005296,-0.002847,0.022661,-0.20638,0.7542,0.26676,0.075138,-9.7777,-0.010389,0.022005,-0.021704,0.64452,0.34399,0.93039,-2.7434,1.6697,9.3732,-0.008762,-0.002733,-0.005332,0.51036,-0.47055,-0.45795
1.4401,-6.3541,7.3759,-0.022653,0.036309,-0.012468,-0.34571,0.82378,-0.21582,6.8393,3.4033,6.103,0.016817,-0.011512,0.004882,-0.54824,-0.64406,-0.20363,-1.0733,5.2346,-8.1989,-0.005268,0.001721,0.004206,0.022624,-0.20715,0.75346,0.26674,0.075169,-9.7852,0.005134,0.009675,-0.000612,0.64365,0.34429,0.92968,-2.7583,1.6548,9.3953,-0.008828,-0.006241,-0.00173,0.51047,-0.47107,-0.46008
1.4475,-6.369,7.3759,-0.010986,0.029292,0.005818,-0.34708,0.8234,-0.21587,6.8025,3.4468,6.1273,0.016958,-0.002778,-0.005743,-0.54805,-0.64252,-0.20234,-1.1148,5.2493,-8.1753,-0.01213,-0.013198,-0.008208,0.023456,-0.20615,0.75487,0.26668,0.090138,-9.7778,-7e-06,0.014078,-0.009402,0.64493,0.34489,0.93054,-2.7584,1.6474,9.3729,0.000333,0.004401,-0.008917,0.51133,-0.47015,-0.45739
1.4403,-6.3245,7.3761,-0.002941,0.017736,0.017735,-0.34562,0.82425,-0.21404,6.81,3.4442,6.1565,0.00689,-0.015017,0.008504,-0.5483,-0.64227,-0.20209,-1.0977,5.2395,-8.1553,-0.001741,-0.001839,0.005962,0.022726,-0.20652,0.75548,0.26663,0.090232,-9.8003,-0.001834,0.004398,-0.007706,0.64495,0.34513,0.93107,-2.7509,1.6399,9.3805,-0.004229,-0.003647,-0.007154,0.51063,-0.47042,-0.45794
1.4551,-6.3394,7.3612,-0.006592,0.009659,0.015029,-0.34575,0.82432,-0.21651,6.8245,3.442,6.1226,-0.009164,-0.018599,-0.000273,-0.5493,-0.64438,-0.20172,-1.0879,5.2395,-8.1649,-0.010512,-0.002098,-0.001111,0.022822,-0.2073,0.75487,0.25173,0.082673,-9.8006,-0.010775,0.017622,-0.004086,0.64311,0.34517,0.93045,-2.7284,1.6398,9.3659,-0.004351,0.002842,0.003733,0.51116,-0.47054,-0.45806
1.4402,-6.3393,7.376,0.006181,0.020186,0.004057,-0.34595,0.82257,-0.21514,6.8172,3.4177,6.1175,0.014097,-0.004368,0.013833,-0.54808,-0.64355,-0.2031,-1.0977,5.2565,-8.1752,1.5e-05,0.005479,0.006864,0.022946,-0.20548,0.75482,0.26665,0.090201,-9.7928,-0.004554,0.007924,-0.005034,0.64434,0.34518,0.92998,-2.7434,1.6099,9.3955,0.001194,-0.008149,-0.009008,0.5096,-0.47136,-0.45742
1.4253,-6.3393,7.3908,-0.010998,0.020212,-0.003263,-0.34484,0.82387,-0.21483,6.8198,3.4128,6.1321,0.012415,-0.00626,-0.00039,-0.54906,-0.64489,-0.20209,-1.105,5.2541,-8.1606,-0.000708,0.002538,-0.001094,0.022916,-0.20652,0.75422,0.26663,0.090232,-9.8003,0.006872,0.008793,0.001149,0.64353,0.34517,0.93047,-2.7584,1.6548,9.3804,0.002998,-0.00093,-0.007151,0.50953,-0.46989,-0.45812
1.4253,-6.354,7.3609,-0.019155,0.020295,-0.000541,-0.3459,0.82426,-0.21419,6.8295,3.3936,6.0981,0.007137,0.000794,-0.003868,-0.54867,-0.64319,-0.20183,-1.0977,5.2492,-8.1506,-0.006776,0.007711,-0.009921,0.021779,-0.20713,0.75431,0.25918,0.090172,-9.7929,0.007321,0.014946,-0.019102,0.64393,0.34505,0.92996,-2.7284,1.6397,9.3883,0.00117,-0.000909,-0.00535,0.51072,-0.47015,-0.45848
1.4401,-6.3689,7.3534,0.006289,0.019827,-0.023303,-0.34544,0.82529,-0.21323,6.8196,3.4251,6.1079,0.005299,-0.013408,-0.011039,-0.54816,-0.645,-0.20243,-1.0855,5.2346,-8.1893,0.010967,0.007089,-0.0046,0.023209,-0.20693,0.75501,0.26666,0.09017,-9.7853,-0.001058,0.007921,-0.002386,0.64324,0.34479,0.93019,-2.7434,1.6474,9.3507,-0.000843,0.000319,0.01095,0.51051,-0.46976,-0.45756
1.47,-6.3396,7.3762,-0.001046,0.023829,0.004034,-0.34575,0.82346,-0.21391,6.8294,3.4468,6.1202,-0.003484,0.006009,-0.015304,-0.54933,-0.64313,-0.20436,-1.0879,5.22,-8.1646,-0.014096,-0.014817,0.000623,0.023227,-0.20589,0.75536,0.26676,0.075138,-9.7777,-0.000133,0.027285,-0.002254,0.64366,0.34504,0.93035,-2.7434,1.6249,9.3731,0.008479,0.011597,-0.008895,0.5097,-0.46948,-0.45933
1.44,-6.3985,7.3458,0.009883,0.039041,0.009449,-0.34626,0.82339,-0.21584,6.8292,3.4471,6.0691,0.012537,0.020347,0.008647,-0.54739,-0.64525,-0.20277,-1.0831,5.2613,-8.1603,-0.00836,-0.00254,-0.01877,0.023932,-0.20591,0.75425,0.26666,0.09017,-9.7853,-0.018175,0.00971,0.008214,0.64458,0.34649,0.92959,-2.7883,1.64,9.3798,0.003142,-0.001142,-0.017992,0.5115,-0.46987,-0.45873
1.4846,-6.3696,7.4582,0.007064,0.000201,-0.018648,-0.34743,0.82508,-0.21481,6.8029,3.4367,6.2075,0.019672,0.016739,0.00501,-0.54863,-0.64237,-0.20329,-1.0758,5.2588,-8.17,-0.00681,-0.005869,-0.007292,0.023126,-0.20717,0.75336,0.26667,0.082731,-9.8003,-0.001908,0.0044,-0.004178,0.64367,0.3435,0.92982,-2.7284,1.6696,9.3809,-0.014289,0.001012,0.003744,0.51132,-0.47001,-0.45753
1.4699,-6.3986,7.3162,0.00621,0.020104,-0.001417,-0.34564,0.82413,-0.21445,6.8099,3.4423,6.0882,0.00976,-0.006259,0.001259,-0.54848,-0.64482,-0.20263,-1.1342,5.2446,-8.1755,0.007459,0.001551,-0.007278,0.024175,-0.20669,0.75404,0.2368,0.090022,-9.7784,0.00862,0.006166,0.002015,0.64377,0.34558,0.92982,-2.7434,1.6474,9.3507,-0.005211,8.1e-05,0.000105,0.51076,-0.47068,-0.45793
1.4551,-6.3394,7.3612,0.007969,0.013876,0.002263,-0.34522,0.82439,-0.21417,6.8101,3.4445,6.1319,0.013411,0.006109,0.002185,-0.5472,-0.64194,-0.20262,-1.0587,5.2199,-8.1739,0.000445,-0.018664,-0.011724,0.023971,-0.20631,0.75503,0.28167,0.075258,-9.7925,-0.011123,-0.00615,0.009864,0.64383,0.34668,0.93154,-2.7284,1.6548,9.3435,-0.013401,-0.015152,0.001825,0.51102,-0.47015,-0.45793
1.4404,-6.3169,7.3314,0.029692,0.019232,0.013211,-0.345,0.82389,-0.21525,6.7932,3.4128,6.1706,0.010769,0.009611,-0.000448,-0.54775,-0.64258,-0.20329,-1.088,5.2443,-8.1552,-0.005052,-0.001281,-0.006402,0.024176,-0.20735,0.75406,0.26663,0.090232,-9.8003,0.005408,0.013188,-0.012938,0.64369,0.34541,0.93101,-2.7284,1.6247,9.4256,-0.007937,0.003666,0.001036,0.50985,-0.47016,-0.45744
1.4401,-6.3541,7.3759,0.020684,0.01275,-0.00866,-0.34653,0.82234,-0.21584,6.8103,3.3886,6.156,0.008823,-0.00446,0.006606,-0.54947,-0.64492,-0.20413,-1.1099,5.259,-8.1607,-0.004005,-0.005994,-0.013481,0.022586,-0.20665,0.75522,0.26666,0.09017,-9.7853,-0.004448,0.014963,-0.009397,0.6435,0.34429,0.92954,-2.7284,1.6472,9.3809,0.016566,-0.008133,-0.010863,0.50983,-0.47016,-0.4577
1.47,-6.3248,7.3913,0.009868,0.020859,-0.012353,-0.34685,0.82342,-0.21668,6.8248,3.3984,6.1221,8e-05,0.004261,-0.009278,-0.54874,-0.64372,-0.20489,-1.1025,5.2298,-8.165,-0.010477,0.0015,-0.002875,0.022905,-0.20743,0.75399,0.26666,0.09017,-9.7853,0.003402,0.016718,-0.002325,0.64463,0.34503,0.93026,-2.7584,1.6549,9.3505,0.002909,-0.000781,8.6e-05,0.50922,-0.47016,-0.45866
1.4403,-6.3244,7.3612,0.018103,0.026897,-0.02514,-0.34588,0.82313,-0.21637,6.7954,3.425,6.1366,0.019847,0.013048,-0.011174,-0.54839,-0.64272,-0.20306,-1.0855,5.2443,-8.1748,0.002227,-0.005927,-0.012585,0.023789,-0.20759,0.75392,0.26666,0.09017,-9.7853,0.010398,-0.006175,0.001046,0.64517,0.34491,0.92976,-2.7434,1.6698,9.3508,-0.004346,0.003743,0.003745,0.51049,-0.46936,-0.4577
1.47,-6.3249,7.4136,0.00794,0.006677,-0.001349,-0.34595,0.82251,-0.21773,6.7907,3.4272,6.1852,0.01613,0.002485,-0.005863,-0.54769,-0.6432,-0.20458,-1.0831,5.2491,-8.1552,0.003676,0.003567,0.002451,0.023425,-0.20706,0.75426,0.27417,0.082698,-9.7851,-0.000144,-0.000887,-0.004214,0.64461,0.34582,0.92999,-2.7584,1.6699,9.3505,-0.008015,0.004723,0.008289,0.50911,-0.47123,-0.45865
1.4551,-6.3394,7.3612,0.00982,0.009171,-0.01413,-0.3475,0.82393,-0.21617,6.8052,3.4517,6.149,0.007144,-0.002794,-0.005813,-0.5478,-0.64503,-0.20455,-1.0928,5.2322,-8.1649,-0.015802,-0.005848,-0.003777,0.023056,-0.20679,0.75449,0.27429,0.060197,-9.7851,-0.000314,0.00792,0.004666,0.64392,0.34595,0.93022,-2.7734,1.625,9.38,0.004725,-0.002601,-0.001731,0.50994,-0.47042,-0.4581
1.4701,-6.3247,7.3763,0.018876,0.017312,-0.004118,-0.34647,0.82395,-0.21722,6.815,3.4516,6.1612,0.014242,0.001708,0.004825,-0.54757,-0.64137,-0.20461,-1.1025,5.2202,-8.199,-0.005013,0.00869,-0.008154,0.02288,-0.20808,0.7535,0.26663,0.090232,-9.8003,-0.009042,0.014973,-0.002338,0.64379,0.3462,0.93048,-2.7584,1.6549,9.3654,-0.00792,0.000971,0.000124,0.51096,-0.47187,-0.45911
1.4551,-6.3468,7.3611,0.01343,0.016479,-0.001389,-0.34703,0.82383,-0.21751,6.82,3.4321,6.1708,0.003454,0.000876,0.009354,-0.54783,-0.64293,-0.20472,-1.0977,5.2565,-8.1654,-0.004848,-0.013328,-0.01526,0.022169,-0.20806,0.75448,0.26663,0.090232,-9.8003,-0.001806,0.020242,-0.007595,0.64434,0.34454,0.92972,-2.7434,1.6697,9.3807,-0.000649,0.002711,-0.003507,0.51008,-0.47041,-0.45984
1.4699,-6.3544,7.3761,0.006269,0.018072,-0.021467,-0.34607,0.82369,-0.21734,6.8004,3.4128,6.1512,-0.010821,0.003521,0.006812,-0.54663,-0.64307,-0.20426,-1.0831,5.2588,-8.1383,-0.003194,-0.005,-0.009938,0.023097,-0.20823,0.75529,0.26671,0.075231,-9.8003,0.001997,0.006145,-0.02005,0.64462,0.34517,0.92999,-2.7284,1.6696,9.3809,-0.01153,-0.006259,-0.001738,0.50938,-0.47029,-0.45839
1.4551,-6.31,7.4211,0.013441,0.017347,-0.005036,-0.34655,0.82366,-0.21613,6.8053,3.4177,6.1415,0.006334,-0.002871,-0.014703,-0.54773,-0.64278,-0.20538,-1.0928,5.2492,-8.1725,0.003139,-0.007758,-0.013472,0.024798,-0.20685,0.75382,0.26674,0.075169,-9.7852,0.003369,-0.004408,-0.002475,0.64464,0.34516,0.93039,-2.7284,1.6548,9.351,-0.00059,-0.000968,-0.008061,0.50936,-0.47122,-0.45877
1.4701,-6.3248,7.3838,0.01164,0.020065,-0.003227,-0.3471,0.82341,-0.21628,6.7759,3.3933,6.1585,5e-06,0.009633,-0.001991,-0.54721,-0.64345,-0.2062,-1.0831,5.2395,-8.1893,0.002998,-0.009397,-0.006408,0.022529,-0.20716,0.75409,0.28908,0.090257,-9.7848,0.014053,0.007011,-0.002392,0.64406,0.3462,0.93036,-2.7584,1.6699,9.3505,-0.000661,-0.003557,-0.003542,0.50937,-0.47069,-0.45865
1.4701,-6.3099,7.3764,0.004319,0.007613,0.000464,-0.34662,0.82186,-0.21762,6.7709,3.4248,6.161,0.007105,0.011461,0.005967,-0.54892,-0.64424,-0.20654,-1.0855,5.254,-8.1651,-0.013031,-0.00958,-0.008193,0.023324,-0.20719,0.75477,0.2666,0.090294,-9.8153,0.001915,0.002626,-0.016543,0.6432,0.34599,0.92953,-2.7584,1.6474,9.3654,-0.006172,0.006466,0.005584,0.51072,-0.47001,-0.45835
1.485,-6.3175,7.3914,-0.003733,0.019188,-0.010538,-0.34635,0.82159,-0.21761,6.8003,3.4417,6.1807,0.030567,0.013023,-0.014662,-0.54623,-0.64491,-0.20533,-1.1148,5.242,-8.1483,-0.008464,0.006679,-0.014346,0.022547,-0.20611,0.75444,0.26668,0.090138,-9.7778,-0.001967,0.008804,-0.001497,0.6438,0.34543,0.93035,-2.7284,1.6473,9.351,-0.02221,0.000689,-0.010709,0.50942,-0.47083,-0.45798
1.4849,-6.3397,7.3913,0.014347,0.018258,-0.003215,-0.34726,0.82276,-0.21683,6.771,3.4464,6.2073,0.007132,0.01319,0.002423,-0.54693,-0.64385,-0.20604,-1.0879,5.2395,-8.1723,0.005495,0.008998,0.000696,0.023278,-0.20627,0.75385,0.26674,0.075169,-9.7852,-0.016042,0.013218,-0.007648,0.64527,0.34572,0.92896,-2.7434,1.6549,9.3507,-0.009861,0.002974,0.01099,0.51029,-0.47068,-0.45889
1.4849,-6.3398,7.3987,0.010817,0.032555,-0.008752,-0.34668,0.82063,-0.21625,6.771,3.4392,6.1951,0.006906,-0.011499,0.008516,-0.54606,-0.64544,-0.20479,-1.1123,5.2639,-8.1877,-0.001446,0.002356,-0.008161,0.02303,-0.20665,0.75397,0.26676,0.075138,-9.7777,0.001594,0.020242,-0.000538,0.64434,0.34569,0.93011,-2.7583,1.6548,9.3953,-0.000748,-0.004345,0.001881,0.511,-0.47054,-0.45833
1.4552,-6.3246,7.3762,0.002596,0.016443,-0.010522,-0.34582,0.82278,-0.21787,6.793,3.415,6.1806,0.001665,-0.000927,0.003281,-0.54746,-0.64307,-0.20609,-1.0977,5.2395,-8.1724,0.000301,0.002408,-0.006391,0.023261,-0.20757,0.75351,0.2741,0.090261,-9.8001,0.000122,-0.003536,-0.016585,0.64404,0.34571,0.9297,-2.7434,1.6698,9.3657,-0.004288,-0.008056,-0.00357,0.50928,-0.4711,-0.45811
1.4552,-6.3173,7.3912,0.021582,0.012766,-0.007743,-0.34904,0.8241,-0.21691,6.7806,3.4177,6.1319,0.005244,-0.007143,-0.000342,-0.54712,-0.64226,-0.20674,-1.0879,5.2346,-8.1551,0.011117,0.000536,-0.01168,0.02433,-0.20814,0.75459,0.26671,0.075231,-9.8003,0.010702,0.009661,-0.011201,0.64546,0.34516,0.93003,-2.7134,1.6397,9.3736,-0.000672,0.009947,0.000147,0.51072,-0.47094,-0.4586
1.4775,-6.3101,7.3989,0.011699,0.030803,-0.005095,-0.34823,0.82357,-0.21715,6.7833,3.4222,6.1951,0.010636,0.013274,0.012174,-0.54782,-0.64276,-0.20768,-1.0831,5.2492,-8.1699,0.000467,0.001288,-0.014337,0.022778,-0.20742,0.75398,0.26657,0.1052,-9.7928,-0.001857,0.016723,-0.005852,0.64476,0.34363,0.92947,-2.7284,1.6547,9.3734,-0.000584,-0.000988,-0.008965,0.51079,-0.47148,-0.45778
1.485,-6.3102,7.4064,0.011671,0.025429,-0.005071,-0.34772,0.82214,-0.2178,6.766,3.4175,6.1683,0.013419,0.006062,-0.003897,-0.54701,-0.6429,-0.20724,-1.088,5.2637,-8.1654,0.003917,-0.009436,-0.008173,0.023037,-0.20665,0.7541,0.27337,0.074572,-9.7848,0.006466,0.013072,-0.023424,0.64404,0.34528,0.9295,-2.7584,1.6549,9.3505,-0.004263,-0.000881,-0.003515,0.5104,-0.47042,-0.45741
1.4849,-6.3177,7.4362,-0.001134,0.003154,-0.002256,-0.34849,0.82133,-0.21687,6.7614,3.4366,6.234,0.010641,0.002565,0.001446,-0.54646,-0.64382,-0.20693,-1.0977,5.2541,-8.1653,-0.022862,0.003076,-0.008182,0.024241,-0.20802,0.75535,0.25088,0.082048,-9.8003,-0.00051,0.018394,0.01191,0.64381,0.3455,0.93081,-2.7434,1.6697,9.3732,0.001153,0.000926,-0.003523,0.51123,-0.47067,-0.45886
1.4776,-6.3099,7.3541,-0.010136,0.005777,-0.010492,-0.34898,0.82243,-0.2184,6.7807,3.4416,6.1903,0.003497,-0.002762,-0.003856,-0.54674,-0.64342,-0.20722,-1.1074,5.2323,-8.1847,-0.001297,-0.007812,-0.014366,0.022255,-0.20688,0.75369,0.25081,0.097049,-9.8003,-0.007234,0.01311,-0.006655,0.64354,0.34524,0.9308,-2.7584,1.6549,9.3505,-0.020484,-0.004581,-0.006213,0.5117,-0.47066,-0.45978
1.5299,-6.2955,7.3471,0.000727,0.009368,-0.005015,-0.34746,0.82266,-0.21793,6.7634,3.4612,6.1612,0.010689,0.005216,-0.000317,-0.54622,-0.64446,-0.20743,-1.0952,5.2347,-8.1747,0.005696,-0.000322,-0.008157,0.02188,-0.20713,0.7538,0.2734,0.07451,-9.7698,-0.009202,0.004305,0.001221,0.64295,0.34502,0.92998,-2.7584,1.6474,9.3729,0.008378,0.010852,-0.001658,0.50881,-0.47111,-0.45718
1.4701,-6.3247,7.3614,0.008866,0.013897,0.00409,-0.34773,0.82227,-0.21794,6.7636,3.4368,6.1951,0.003473,0.007048,0.006863,-0.54815,-0.64474,-0.20701,-1.122,5.2299,-8.1653,-0.00302,-0.000638,-0.017891,0.023438,-0.20693,0.75451,0.27326,0.089636,-9.7999,0.003451,0.010445,-0.007557,0.64207,0.34507,0.92887,-2.6985,1.6547,9.3515,-0.007919,0.002765,0.001014,0.50857,-0.47097,-0.45854
1.4775,-6.3175,7.4063,0.017032,0.01652,0.002269,-0.34799,0.82253,-0.21768,6.7563,3.4319,6.1999,-0.002014,-0.013306,0.003242,-0.54635,-0.64303,-0.2072,-1.0879,5.2249,-8.1549,0.011102,-0.000351,-0.010799,0.023915,-0.20721,0.75391,0.26669,0.0827,-9.7928,-0.00901,0.011451,-0.004129,0.64336,0.34494,0.9298,-2.7434,1.6398,9.3955,-0.006975,0.000895,-0.003502,0.50892,-0.46976,-0.45909
1.485,-6.3102,7.4064,0.015239,0.018292,-0.000476,-0.34669,0.82149,-0.21885,6.771,3.4078,6.1707,0.006881,-0.007899,0.015644,-0.5471,-0.64201,-0.20648,-1.1123,5.2542,-8.1704,0.010864,-0.003681,0.000671,0.024156,-0.20695,0.75366,0.28157,0.09029,-9.8,0.002545,0.010549,-0.004134,0.64507,0.34668,0.9312,-2.7284,1.6846,9.366,0.002807,-0.009643,0.005439,0.51081,-0.4716,-0.45926
1.4851,-6.2878,7.3767,0.020736,0.025336,-0.006883,-0.34719,0.82227,-0.21805,6.7611,3.4152,6.1512,0.003404,-0.013335,-0.000363,-0.54713,-0.64212,-0.207,-1.1026,5.2614,-8.1875,0.000435,-0.013187,-0.011721,0.023991,-0.2067,0.75542,0.25172,0.09755,-9.7706,-0.014163,0.011461,-0.012948,0.64474,0.34595,0.92987,-2.7584,1.6774,9.3431,-0.004322,-0.000789,0.001007,0.51064,-0.47082,-0.4578
1.4776,-6.2658,7.4365,-0.01003,0.034575,-0.003314,-0.34682,0.82255,-0.21873,6.7711,3.4125,6.1999,0.016024,-0.000994,-0.001287,-0.54677,-0.64334,-0.20539,-1.1026,5.2395,-8.1652,-0.010352,-0.009551,-0.008196,0.024946,-0.20751,0.75423,0.2817,0.075196,-9.7774,0.008894,0.01846,-0.009374,0.64475,0.34569,0.92987,-2.7583,1.6698,9.3655,-0.007691,-0.003878,-0.017999,0.50952,-0.47147,-0.46037
1.4552,-6.3173,7.3912,-0.017292,0.018285,-0.017852,-0.34779,0.82072,-0.21916,6.759,3.4268,6.2436,0.019466,-0.024025,-0.005883,-0.54746,-0.64353,-0.20372,-1.0928,5.2395,-8.1601,0.00212,0.002374,-0.008155,0.023926,-0.20616,0.75414,0.26671,0.075231,-9.8003,0.005293,0.01055,-0.007666,0.64307,0.34598,0.92978,-2.7359,1.6248,9.3956,-0.017118,-0.00602,0.010946,0.51074,-0.46988,-0.45808
1.4701,-6.31,7.3988,0.014341,0.020097,0.000425,-0.34718,0.8216,-0.21778,6.7416,3.4126,6.1803,0.013328,-0.011661,-0.008441,-0.54706,-0.64385,-0.20605,-1.1245,5.2396,-8.1704,0.009408,0.003175,-0.015219,0.024118,-0.20644,0.75542,0.28166,0.082696,-9.7775,0.00348,-0.004418,-0.007768,0.64489,0.34466,0.92961,-2.6985,1.6397,9.344,0.008476,-0.000999,-0.010809,0.51101,-0.47068,-0.45819
1.4701,-6.2953,7.4213,-0.010938,0.03277,-0.004222,-0.34581,0.82212,-0.21773,6.8003,3.432,6.1758,0.012427,-0.013419,-0.00932,-0.54729,-0.64361,-0.20528,-1.0928,5.2395,-8.1943,0.00408,-0.011432,-0.015245,0.022975,-0.20732,0.75539,0.26671,0.075231,-9.8003,0.003558,0.013192,-0.009412,0.64369,0.34668,0.93154,-2.7434,1.6399,9.3507,-0.00881,0.011756,0.002001,0.50941,-0.4699,-0.45786
1.485,-6.3249,7.3764,-0.019047,0.039079,-0.005174,-0.34754,0.82231,-0.21943,6.8002,3.4079,6.1417,0.008815,-0.015146,-0.005747,-0.54765,-0.64466,-0.20502,-1.0855,5.2492,-8.1651,0.003649,-0.001842,0.004206,0.023482,-0.20616,0.75538,0.25172,0.090112,-9.7856,-0.004722,0.011457,0.002933,0.64317,0.34652,0.92913,-2.7434,1.6399,9.3731,-0.0044,-0.004288,0.005502,0.50965,-0.47109,-0.4585
1.4999,-6.3102,7.399,-0.019249,0.01332,0.012267,-0.34853,0.82266,-0.21756,6.7709,3.4224,6.1586,0.010552,-0.015111,-0.000428,-0.54697,-0.64364,-0.20422,-1.1221,5.2542,-8.173,0.000418,-0.002266,-0.011705,0.022649,-0.20677,0.75396,0.28161,0.082789,-9.8,0.003498,0.02375,-0.005808,0.64491,0.34465,0.93001,-2.7434,1.6848,9.3508,0.005854,-0.002936,-0.018033,0.50887,-0.47203,-0.45837
1.47,-6.3396,7.3986,-0.013599,0.038076,-0.010635,-0.34848,0.82198,-0.21674,6.805,3.4563,6.1565,0.014115,-0.021322,-0.004037,-0.54727,-0.64349,-0.20502,-1.0953,5.2395,-8.1601,0.012781,0.007058,-0.006367,0.022402,-0.20689,0.75408,0.26672,0.082638,-9.7778,-0.007262,0.018492,-0.002314,0.64343,0.34577,0.92834,-2.7434,1.6549,9.3358,0.002822,-0.015051,0.003602,0.50882,-0.47176,-0.45892
1.4998,-6.3546,7.3614,0.000914,0.043373,-0.008813,-0.34769,0.82238,-0.21712,6.8099,3.4419,6.1371,0.010601,-0.015143,-0.005755,-0.54777,-0.64389,-0.20465,-1.083,5.2346,-8.1892,-0.012219,0.000526,-0.004639,0.023019,-0.20743,0.75374,0.26671,0.075231,-9.8003,-0.002059,0.004404,0.00288,0.64472,0.34572,0.9292,-2.7433,1.6847,9.3658,-0.007866,-0.005418,-0.005353,0.51023,-0.47016,-0.45783
1.4551,-6.3247,7.4061,-0.017332,0.022061,-0.003276,-0.34686,0.82237,-0.21695,6.7905,3.4271,6.1806,0.015837,-0.017706,0.006633,-0.54735,-0.64312,-0.20399,-1.1123,5.2493,-8.1655,0.006469,0.002557,-0.002855,0.022078,-0.20715,0.75521,0.25174,0.09008,-9.7781,0.003662,0.013197,-0.014702,0.64451,0.34515,0.93065,-2.7284,1.6547,9.3734,-0.015938,-0.00463,-0.008951,0.50945,-0.46962,-0.4592
1.4701,-6.3174,7.3988,-0.020918,0.029258,-0.00331,-0.34688,0.8233,-0.21737,6.7904,3.4321,6.1563,0.013262,-0.011573,-0.000427,-0.54834,-0.64264,-0.20287,-1.0977,5.2686,-8.168,-0.012109,-0.005974,-0.009953,0.024327,-0.20644,0.75454,0.26586,0.082044,-9.785,0.002628,0.006046,-0.011118,0.64411,0.3456,0.93136,-2.7509,1.6474,9.3655,0.004775,0.004527,-0.003504,0.51128,-0.47041,-0.45819
1.4552,-6.3245,7.3538,0.002564,0.020198,0.003141,-0.3466,0.8229,-0.21722,6.8001,3.4371,6.1224,-0.00035,-0.032718,0.00402,-0.54744,-0.64393,-0.20332,-1.088,5.2394,-8.1503,0.005822,-0.002306,-0.014341,0.02153,-0.2066,0.7544,0.25092,0.081986,-9.7853,0.001704,0.007816,-0.009341,0.64321,0.34542,0.92972,-2.7584,1.61,9.3728,-0.006081,-0.011681,-0.00539,0.51047,-0.46895,-0.45798
1.4551,-6.3247,7.3986,-0.008276,0.023824,-0.000535,-0.34745,0.82345,-0.21766,6.8001,3.4274,6.1321,0.017703,-0.013309,0.003084,-0.54836,-0.64458,-0.20362,-1.0977,5.2395,-8.1797,-0.006929,-0.009339,-0.001124,0.022625,-0.20767,0.75348,0.26578,0.089607,-9.8,0.006839,0.013089,0.000403,0.64346,0.34531,0.92894,-2.7434,1.6473,9.3731,0.003837,-0.007131,-0.003583,0.51025,-0.47096,-0.45768
1.455,-6.3543,7.376,-0.02545,0.027486,-0.003313,-0.34531,0.82351,-0.21594,6.8174,3.4176,6.1491,0.017765,-0.015154,-0.005816,-0.54806,-0.64278,-0.20259,-1.0928,5.2589,-8.1702,-0.003172,-0.014997,-0.009961,0.022662,-0.20651,0.75421,0.26569,0.10464,-9.8075,-0.007051,0.007816,-0.015515,0.64451,0.34369,0.93019,-2.7509,1.6549,9.3656,-0.004407,0.001129,0.007349,0.50926,-0.47096,-0.45838
1.4551,-6.3394,7.3612,-0.011883,0.023803,-0.003279,-0.3478,0.82343,-0.21672,6.7977,3.4322,6.1321,0.014177,-0.009801,-0.000425,-0.54883,-0.64344,-0.20236,-1.0977,5.2298,-8.1698,-0.000398,-0.001466,-0.015233,0.02312,-0.20743,0.75324,0.27333,0.074635,-9.7998,-0.007498,0.000783,0.004725,0.64251,0.34504,0.92956,-2.7359,1.6698,9.3509,-0.000706,-0.002593,7.2e-05,0.50914,-0.4695,-0.45787
1.4476,-6.3247,7.406,-0.013693,0.023803,-0.005103,-0.3467,0.82327,-0.2164,6.7978,3.4442,6.1662,0.005212,-0.014244,-0.003929,-0.5478,-0.64303,-0.20271,-1.1026,5.2274,-8.1552,0.001079,0.003461,-0.001092,0.022676,-0.2073,0.75448,0.25088,0.089486,-9.7853,-0.005598,0.009592,-0.000503,0.64416,0.34619,0.9295,-2.7509,1.6548,9.373,-0.011496,0.0009,-0.002584,0.5102,-0.46922,-0.45798
1.4401,-6.3763,7.3608,0.006262,0.032681,0.000353,-0.34424,0.82285,-0.2163,6.8391,3.4058,6.0739,0.024836,-0.031053,-0.005959,-0.54808,-0.64277,-0.20299,-1.0855,5.2589,-8.175,0.002725,-0.005441,0.005965,0.021142,-0.20671,0.75426,0.26585,0.074637,-9.8075,-0.000308,0.011338,0.002152,0.64337,0.34424,0.92987,-2.7434,1.6399,9.3507,0.001943,0.010114,0.007391,0.50915,-0.47097,-0.45798
1.4697,-6.3547,7.4657,-0.0074,0.025735,0.007669,-0.34497,0.82084,-0.21468,6.8149,3.4538,6.1785,0.026671,-0.013356,-0.000539,-0.54925,-0.64356,-0.20291,-1.0783,5.2807,-8.1753,0.011098,-0.014881,-0.009938,0.02218,-0.20741,0.75471,0.25082,0.10446,-9.7778,0.006797,0.006056,0.001241,0.64282,0.34412,0.92984,-2.7434,1.6623,9.3732,-0.007851,-4.1e-05,-0.005316,0.5093,-0.47095,-0.45959
1.4701,-6.3836,7.2715,-0.009194,0.017511,-0.001428,-0.3455,0.82295,-0.21444,6.8317,3.4374,6.0691,0.010699,-0.011645,-0.01196,-0.54839,-0.64243,-0.20131,-1.1245,5.2397,-8.1875,-0.004979,0.006832,-0.009928,0.021511,-0.20686,0.75403,0.26584,0.089513,-9.7775,0.00239,0.014856,0.000416,0.64313,0.34434,0.93065,-2.7585,1.6251,9.328,-0.008797,-0.009859,-0.003563,0.50806,-0.46938,-0.45791
1.4404,-6.2948,7.3614,-0.002777,0.034506,-0.0024,-0.34549,0.82439,-0.21418,6.7952,3.4709,6.1614,0.002498,-0.018665,-0.004816,-0.54838,-0.6436,-0.20142,-1.0782,5.22,-8.1595,0.006525,-0.009328,-0.004638,0.022314,-0.20728,0.75484,0.2808,0.082102,-9.7847,-0.007298,0.009577,-0.004036,0.64143,0.34529,0.9303,-2.7584,1.6699,9.3505,-0.004336,-0.000771,0.001912,0.50941,-0.47069,-0.45811
1.4254,-6.3538,7.3161,-0.01454,0.045499,0.011211,-0.34579,0.82388,-0.21473,6.8101,3.4348,6.1319,-0.01103,-0.014953,0.015611,-0.54824,-0.64345,-0.20042,-1.0977,5.2249,-8.1306,0.000442,0.003129,-0.013457,0.022263,-0.20766,0.75384,0.28839,0.059629,-9.7845,0.002651,-0.006289,-0.012974,0.64375,0.34542,0.92935,-2.7135,1.6247,9.396,-0.005995,0.009778,-0.007076,0.50905,-0.47044,-0.45746
1.4104,-6.3538,7.3608,0.013443,0.025548,0.007687,-0.34485,0.82177,-0.21495,6.8296,3.3889,6.0832,-0.005565,-0.011461,0.010245,-0.54965,-0.64263,-0.20208,-1.0758,5.254,-8.1601,-0.001491,0.003293,-0.006384,0.023139,-0.20717,0.75362,0.28087,0.074539,-9.7697,-0.001984,-0.011555,-0.005066,0.64354,0.34524,0.93093,-2.6984,1.6695,9.3814,0.003032,-0.007295,-0.010839,0.50924,-0.46963,-0.45841
1.4327,-6.3394,7.4058,-0.001069,0.018426,0.002231,-0.3447,0.82229,-0.21468,6.8491,3.4132,6.0689,0.00535,-0.007188,-0.005821,-0.54861,-0.6421,-0.20217,-1.0928,5.225,-8.1892,-0.003153,0.004971,-0.011689,0.022392,-0.20871,0.75387,0.27337,0.074572,-9.7848,0.003278,-0.011557,-0.001537,0.64386,0.34686,0.92909,-2.7134,1.6547,9.3737,0.005728,-0.011762,-0.010868,0.50922,-0.46896,-0.45855
1.4477,-6.354,7.3237,0.000783,0.014646,-0.010521,-0.3453,0.82285,-0.21566,6.8222,3.4228,6.093,0.014446,0.00955,-0.009366,-0.54937,-0.6429,-0.2018,-1.0953,5.2541,-8.1604,0.005439,-0.007282,0.004195,0.022505,-0.20793,0.7536,0.25084,0.089549,-9.8003,0.005065,0.004296,-0.00054,0.64307,0.34529,0.92958,-2.7434,1.6698,9.3433,0.003008,-0.000932,-0.007159,0.50971,-0.4691,-0.45733
1.47,-6.3396,7.3762,0.000755,0.009265,-0.012316,-0.34607,0.82376,-0.21488,6.805,3.4664,6.1174,0.017995,0.011339,-0.005826,-0.54857,-0.64186,-0.20139,-1.0929,5.2637,-8.1508,-0.012972,-0.002394,-0.011712,0.022303,-0.20833,0.75462,0.26578,0.089607,-9.8,0.00143,0.024542,0.004895,0.64473,0.34476,0.92927,-2.7734,1.6475,9.3502,-0.001584,0.006377,0.000152,0.50965,-0.46883,-0.45814
1.4551,-6.3541,7.3387,-0.010144,0.013099,0.00224,-0.34577,0.82282,-0.21445,6.8393,3.447,6.1127,-0.00176,0.006985,-0.002126,-0.54785,-0.6426,-0.20264,-1.0782,5.2394,-8.1477,0.016508,-0.002198,-0.013443,0.022772,-0.20794,0.75387,0.27329,0.089573,-9.7848,-0.012476,0.034231,-0.009157,0.64312,0.3455,0.93091,-2.7734,1.6101,9.3651,-0.011612,-0.009719,0.003689,0.50946,-0.47017,-0.45732
1.4476,-6.3541,7.361,0.018928,0.023516,-0.008708,-0.34627,0.82392,-0.21598,6.8051,3.466,6.1663,0.005306,-0.002768,-0.005642,-0.54814,-0.64346,-0.20167,-1.1123,5.2493,-8.1948,0.002184,0.01412,-0.011667,0.021982,-0.20739,0.75331,0.26582,0.089544,-9.785,-0.001975,0.004296,-0.00407,0.64322,0.34553,0.92999,-2.7584,1.64,9.3654,0.017322,-0.000692,0.001861,0.50827,-0.4695,-0.45871
1.4402,-6.354,7.3535,0.011566,0.011202,0.005925,-0.34641,0.8234,-0.21612,6.8149,3.4418,6.1565,-0.00367,0.010627,0.008728,-0.54869,-0.64228,-0.20198,-1.0953,5.2541,-8.1897,0.011062,-0.00937,-0.008167,0.022939,-0.20874,0.75467,0.29571,0.074784,-9.8144,-0.001826,0.0166,-0.009284,0.64421,0.34449,0.9299,-2.7209,1.6471,9.3959,0.006532,0.006389,0.000109,0.50904,-0.47095,-0.45946
1.4252,-6.354,7.3683,0.006176,0.007445,-0.010483,-0.34418,0.82348,-0.21507,6.8245,3.3985,6.0932,-0.000145,-0.011538,-0.000317,-0.54837,-0.6421,-0.20341,-1.0831,5.2515,-8.1455,0.011049,-0.007562,-0.008161,0.02227,-0.20793,0.75397,0.25088,0.082048,-9.8003,-0.01095,-0.004486,-0.000604,0.64432,0.34566,0.92964,-2.6984,1.6695,9.3814,-0.000659,0.00632,-0.001694,0.50917,-0.46989,-0.45934
1.4251,-6.3542,7.4206,0.006213,0.027363,0.004026,-0.34418,0.82282,-0.21507,6.8686,3.4058,6.0886,0.000128,0.016684,-0.008163,-0.54938,-0.64226,-0.20281,-1.088,5.2516,-8.17,0.011042,0.001539,-0.008143,0.023146,-0.20757,0.75375,0.26593,0.074481,-9.77,0.000902,-0.006276,-0.014735,0.64281,0.34348,0.92944,-2.7284,1.6548,9.351,-0.007953,0.004622,0.003753,0.50976,-0.47042,-0.45878
1.4477,-6.3393,7.3611,0.000834,0.027228,-0.008749,-0.34499,0.8227,-0.2151,6.7926,3.4252,6.081,0.010844,0.007778,-0.012755,-0.5478,-0.64291,-0.20258,-1.0928,5.2322,-8.1893,-0.003924,-0.00245,-0.017003,0.022243,-0.2074,0.75345,0.25086,0.089517,-9.7928,0.002204,0.004305,0.008284,0.6438,0.34589,0.93068,-2.7733,1.67,9.3503,-0.005049,0.006143,-0.010696,0.50954,-0.46963,-0.45799
1.4551,-6.3394,7.3761,0.011559,0.011224,0.00684,-0.34604,0.8246,-0.2168,6.8029,3.4322,6.1659,0.012664,0.020187,-0.00396,-0.54857,-0.64192,-0.20387,-1.1026,5.2419,-8.153,0.005625,0.006113,-0.005496,0.022512,-0.20846,0.75375,0.27329,0.082135,-9.7998,0.001675,0.010447,-0.007559,0.64305,0.34415,0.92879,-2.7584,1.6549,9.3729,-0.0115,0.003609,-0.001658,0.50939,-0.46883,-0.45801
1.4551,-6.3394,7.3761,0.008034,0.02368,-0.002338,-0.34609,0.82245,-0.21528,6.7833,3.4612,6.1756,-0.001897,-0.011613,-0.004008,-0.5471,-0.64244,-0.20339,-1.0831,5.2442,-8.1454,-0.012033,-0.007894,-0.013488,0.022831,-0.20924,0.75252,0.27329,0.089573,-9.7848,0.005385,0.01484,-0.014585,0.6435,0.34489,0.92987,-2.7584,1.6325,9.3504,0.001198,0.006272,-0.005289,0.50842,-0.46977,-0.45856
1.4551,-6.3394,7.3687,0.007059,0.007517,-0.005006,-0.34586,0.82312,-0.21596,6.7832,3.4371,6.156,0.01432,-0.001043,-0.005868,-0.54877,-0.64286,-0.20282,-1.0855,5.2152,-8.1669,0.001224,0.008731,-0.008143,0.0222,-0.20843,0.75259,0.26582,0.089544,-9.785,-0.002084,0.018384,0.002205,0.64336,0.34489,0.92973,-2.7584,1.6399,9.3729,-0.007857,-0.009932,-0.007184,0.50956,-0.46962,-0.45947
1.4403,-6.3171,7.3687,0.01164,0.023709,0.002225,-0.34557,0.82311,-0.21567,6.81,3.4421,6.1246,0.009788,0.004378,0.005762,-0.54682,-0.64116,-0.20274,-1.122,5.2445,-8.19,0.006591,-0.000301,-0.008162,0.022108,-0.20661,0.75329,0.26584,0.089513,-9.7775,-0.004969,-0.006254,0.009975,0.64283,0.34462,0.93024,-2.7284,1.6473,9.3659,-0.005988,0.006181,-0.007999,0.50911,-0.47056,-0.45839
1.4403,-6.3245,7.3761,0.014397,0.016264,-0.017802,-0.34522,0.82274,-0.21675,6.8174,3.4275,6.127,0.009785,0.002603,0.004863,-0.54646,-0.64243,-0.20361,-1.0782,5.254,-8.165,0.007303,0.002619,-0.000194,0.022206,-0.20791,0.7527,0.26582,0.089544,-9.785,0.014227,0.009552,-0.012856,0.64406,0.34475,0.92976,-2.7434,1.6549,9.3507,-0.004349,0.002847,0.003739,0.50919,-0.47004,-0.45733
1.4553,-6.295,7.3913,0.017941,0.011943,-0.004096,-0.34584,0.82166,-0.21567,6.8028,3.4081,6.1269,0.019543,-0.006221,0.008287,-0.5476,-0.64201,-0.20512,-1.0928,5.2346,-8.1478,0.000556,0.002994,-0.018754,0.021785,-0.20763,0.75191,0.26578,0.089607,-9.8,0.002345,0.006934,0.002125,0.64218,0.34702,0.92901,-2.7434,1.6698,9.3657,-0.000812,-0.004237,0.007301,0.51,-0.47081,-0.45916
1.4775,-6.3395,7.3464,0.010704,0.020179,0.005889,-0.3454,0.82066,-0.21756,6.8026,3.4322,6.1321,0.007259,0.011327,-0.010925,-0.54728,-0.64179,-0.20492,-1.0831,5.2588,-8.1579,-0.003007,-0.002496,-0.018764,0.024577,-0.208,0.75194,0.2508,0.10449,-9.7853,-0.004618,0.020151,-0.003956,0.64331,0.34519,0.92867,-2.7584,1.6774,9.3506,-0.009574,0.009744,-0.008859,0.50867,-0.46923,-0.4587
1.4255,-6.2947,7.3613,0.004369,0.018377,0.002237,-0.34617,0.82262,-0.21665,6.8001,3.4467,6.1467,0.007224,0.009572,-0.009153,-0.54712,-0.64246,-0.20438,-1.0831,5.2589,-8.1872,-0.003299,-0.002127,-0.004632,0.02314,-0.20783,0.75363,0.26586,0.074606,-9.8,0.008883,0.009558,-0.011978,0.6428,0.34503,0.92984,-2.7434,1.6399,9.3731,-0.007969,0.00104,0.003737,0.50922,-0.47003,-0.45867
1.5075,-6.2954,7.3768,-0.001142,-0.005016,-0.009517,-0.34643,0.82156,-0.21665,6.7806,3.4514,6.1709,0.003573,0.009631,-0.002011,-0.54775,-0.64273,-0.20402,-1.1074,5.2347,-8.1896,-0.01216,-0.014063,-0.006442,0.022648,-0.20951,0.75391,0.26578,0.089607,-9.8,-0.002911,0.018383,-0.000443,0.64289,0.34597,0.92891,-2.7733,1.6474,9.395,-0.011639,0.008315,0.009235,0.5093,-0.4695,-0.45747
1.5147,-6.3399,7.3766,0.007949,0.012125,0.004101,-0.34687,0.82159,-0.21722,6.7904,3.4515,6.1516,0.008037,0.011429,0.001519,-0.54707,-0.64138,-0.2057,-1.1172,5.2493,-8.1607,-0.002922,-0.008031,-0.022318,0.023102,-0.20795,0.75287,0.26584,0.089513,-9.7775,0.001696,0.006049,-0.009352,0.64321,0.34516,0.92972,-2.7434,1.6399,9.3507,-0.000528,0.007944,-0.010707,0.50904,-0.46964,-0.45747
1.4701,-6.3246,7.3539,-0.00828,0.028402,0.007652,-0.34643,0.82235,-0.21652,6.7709,3.4344,6.1757,0.016979,0.011415,0.00233,-0.54723,-0.64377,-0.20423,-1.1123,5.2347,-8.1603,0.00388,-0.005744,-0.006409,0.022722,-0.20858,0.75287,0.2808,0.082102,-9.7847,0.012065,0.007797,0.004777,0.64352,0.3441,0.93,-2.7209,1.6322,9.3959,-0.002526,0.011807,0.003786,0.50827,-0.46924,-0.45871
1.4701,-6.31,7.3988,-0.002911,0.016725,0.007712,-0.34619,0.82,-0.21718,6.7807,3.4223,6.1708,0.004311,-0.00445,0.005017,-0.54619,-0.64298,-0.20419,-1.0977,5.2395,-8.1602,0.002094,-0.005765,-0.006406,0.022633,-0.20833,0.75362,0.2659,0.074543,-9.785,-9.5e-05,0.016615,-0.007517,0.64294,0.34477,0.92971,-2.7434,1.6249,9.3805,-0.009669,-0.008132,-0.006269,0.50822,-0.47003,-0.45951
1.47,-6.3248,7.3913,0.013547,0.039784,-0.002397,-0.34509,0.82116,-0.21687,6.7906,3.3739,6.1561,0.005212,-0.009784,0.001419,-0.54692,-0.64255,-0.20567,-1.0855,5.2395,-8.1796,-0.010088,-0.009874,-0.020556,0.023489,-0.20718,0.753,0.2808,0.074664,-9.7997,-0.007339,0.004296,-0.00231,0.64185,0.34489,0.93032,-2.7434,1.6848,9.3508,0.006512,-0.003461,5.1e-05,0.50818,-0.46951,-0.45817
1.4552,-6.2952,7.4286,0.01073,0.01461,-0.010499,-0.34596,0.82107,-0.218,6.8052,3.403,6.1514,-0.00011,-3.3e-05,0.0033,-0.5469,-0.63997,-0.2048,-1.1172,5.259,-8.1706,0.000439,-0.00502,-0.012592,0.023275,-0.20849,0.75379,0.26582,0.089544,-9.785,-0.00433,0.007812,-0.018164,0.64286,0.34625,0.92838,-2.7434,1.6848,9.3508,-0.015273,0.00835,0.011942,0.50868,-0.46963,-0.45869
1.4701,-6.31,7.4063,0.000694,0.012198,0.005913,-0.34653,0.8203,-0.21842,6.7978,3.4079,6.1514,0.009109,0.021938,-0.009108,-0.54745,-0.64204,-0.20558,-1.0929,5.2637,-8.1556,-0.015709,-0.01142,-0.008201,0.02337,-0.20822,0.75315,0.27329,0.089573,-9.7848,-0.011059,0.002549,0.004741,0.64292,0.34492,0.92918,-2.7434,1.6699,9.3358,-0.01145,0.000845,-0.005302,0.50755,-0.4703,-0.45952
1.4849,-6.3102,7.4288,-0.002006,0.007605,-0.005012,-0.34658,0.82164,-0.21939,6.7784,3.427,6.1976,0.035815,0.002448,-0.009432,-0.54712,-0.64297,-0.20463,-1.1099,5.2395,-8.1555,-0.008744,-0.004782,-0.000238,0.02251,-0.20715,0.75371,0.28084,0.074601,-9.7847,0.007152,-0.004532,-0.015606,0.64264,0.34415,0.92904,-2.7584,1.6549,9.3729,0.00657,0.001846,-0.003523,0.50762,-0.46951,-0.45846
1.4998,-6.3546,7.3689,0.015194,0.007517,-0.001343,-0.34741,0.82238,-0.21711,6.7514,3.4513,6.1999,0.010798,0.004198,-0.014553,-0.54625,-0.64366,-0.20313,-1.1221,5.2445,-8.1704,0.005914,0.002144,-0.018756,0.023596,-0.20692,0.75262,0.24341,0.089457,-9.7854,0.00529,0.004294,-0.011128,0.64234,0.34546,0.92888,-2.7434,1.6249,9.3731,0.003021,-0.010866,-0.010841,0.50932,-0.46871,-0.45708
1.4775,-6.3101,7.3989,0.002606,0.025524,-0.002349,-0.34677,0.82147,-0.2179,6.7904,3.4562,6.1783,-0.007275,-0.008943,-0.005575,-0.54556,-0.64206,-0.20443,-1.0952,5.2274,-8.1966,0.002182,-0.007671,-0.009943,0.023248,-0.2077,0.75326,0.2659,0.074543,-9.785,0.0026,0.021892,-0.008362,0.64168,0.34415,0.92939,-2.7134,1.6547,9.3513,0.00118,-0.000911,-0.005358,0.50948,-0.46883,-0.45855
1.4851,-6.2953,7.3916,0.008934,0.021872,-0.004148,-0.34622,0.8212,-0.21774,6.7758,3.4369,6.1757,0.006837,-0.0132,0.015621,-0.54666,-0.64073,-0.2053,-1.0929,5.2589,-8.1605,0.003739,-0.001954,-0.000211,0.023007,-0.20795,0.7535,0.26586,0.074606,-9.8,0.005078,0.00957,-0.000507,0.64229,0.34474,0.93074,-2.7284,1.6696,9.3959,-0.011582,0.001917,0.003744,0.50904,-0.46816,-0.45898
1.4701,-6.2952,7.4064,0.013434,0.020106,0.000425,-0.3455,0.82209,-0.21703,6.7831,3.4103,6.1465,-0.005502,-0.002681,0.003327,-0.54697,-0.64097,-0.20623,-1.1124,5.2638,-8.1462,-0.0229,-0.000514,-0.006426,0.022895,-0.20899,0.75378,0.25835,0.089515,-9.7851,-0.007376,0.00959,-0.000504,0.64337,0.3445,0.92986,-2.7284,1.6473,9.3734,0.00203,-0.008038,-0.003591,0.50842,-0.47043,-0.45869
1.4701,-6.2879,7.4213,-0.01192,0.023919,0.004023,-0.34703,0.82147,-0.21763,6.7782,3.4322,6.1465,0.007141,-0.004589,-0.011012,-0.54618,-0.64201,-0.2063,-1.1099,5.2396,-8.1897,-0.012162,-0.000441,-0.007298,0.022683,-0.20845,0.75211,0.25091,0.089424,-9.7703,0.003354,0.004297,-0.004069,0.64337,0.34424,0.92973,-2.7509,1.6624,9.3506,0.002881,-0.006142,0.000951,0.50768,-0.47018,-0.45777
1.4701,-6.31,7.3913,-0.011038,0.014882,-0.000499,-0.34812,0.82095,-0.21767,6.7954,3.4151,6.1709,0.019736,0.00423,-0.011068,-0.54778,-0.64252,-0.2069,-1.0782,5.2443,-8.1844,-0.008673,0.001486,-0.003748,0.021487,-0.20737,0.75354,0.2658,0.089575,-9.7925,0.005926,0.011331,0.001273,0.64282,0.34501,0.93024,-2.7434,1.6399,9.3731,-0.022421,-0.002598,0.003748,0.50903,-0.46937,-0.45748
1.4924,-6.325,7.3989,0.007071,0.016591,0.002256,-0.34635,0.82159,-0.21761,6.7367,3.4441,6.1901,0.010574,-0.008037,0.001386,-0.54705,-0.64243,-0.20555,-1.1124,5.2638,-8.1584,-0.004857,-0.008775,-0.015254,0.022384,-0.2078,0.75372,0.26586,0.074606,-9.8,0.001225,0.014865,0.013648,0.64249,0.34468,0.92889,-2.7434,1.6398,9.3806,-0.008696,-0.004636,-0.010771,0.50803,-0.46951,-0.45831
1.4849,-6.3249,7.3988,-0.006384,0.03448,-0.007872,-0.34691,0.82042,-0.21803,6.7539,3.4222,6.2047,0.016114,0.003359,-0.00838,-0.54597,-0.64218,-0.20484,-1.0977,5.2152,-8.1549,-0.014572,0.005552,-0.020535,0.023027,-0.20808,0.75389,0.26592,0.074512,-9.7775,0.012217,0.00692,-0.002289,0.64185,0.34541,0.93045,-2.7209,1.6397,9.3735,0.006484,-0.003432,0.001852,0.5086,-0.47004,-0.45802
1.4701,-6.3173,7.3764,0.009878,0.029027,-0.00418,-0.34747,0.82096,-0.21819,6.7759,3.4222,6.1902,0.002502,-0.00622,0.005022,-0.54686,-0.6435,-0.20461,-1.1123,5.225,-8.1748,-0.005011,0.002323,-0.008169,0.022167,-0.20777,0.75193,0.27329,0.082135,-9.7998,-0.00187,0.016613,-0.007516,0.64234,0.34559,0.92888,-2.7284,1.6472,9.3809,-0.013144,-0.003853,-0.015284,0.50818,-0.46816,-0.45968
1.485,-6.3101,7.3915,0.017936,0.005582,-0.011362,-0.34644,0.81979,-0.21937,6.7807,3.4272,6.1611,0.006927,-0.003491,0.013893,-0.54758,-0.64106,-0.20783,-1.1124,5.2785,-8.1806,-0.010365,-0.002268,-0.00818,0.02274,-0.20807,0.75324,0.26578,0.089607,-9.8,0.006993,0.024528,-0.005694,0.64276,0.34417,0.92851,-2.7434,1.6399,9.3656,-0.018744,-0.013487,-0.00357,0.50757,-0.46926,-0.45726
1.485,-6.3174,7.3765,-0.004704,0.013033,-0.001394,-0.34721,0.82083,-0.21845,6.7953,3.437,6.1515,0.009663,-0.009768,0.00317,-0.54796,-0.64055,-0.20747,-1.088,5.2734,-8.1508,0.00297,-0.000304,-0.006388,0.021865,-0.20934,0.75348,0.26586,0.074606,-9.8,0.001856,0.02541,-0.014515,0.64404,0.34387,0.92897,-2.7434,1.6549,9.3507,0.004698,-0.010656,-0.000896,0.50708,-0.46992,-0.4586
1.4851,-6.2805,7.4066,-0.003813,0.022187,0.013162,-0.34705,0.82055,-0.21804,6.7855,3.4442,6.1564,0.008831,-0.002715,0.001436,-0.54791,-0.64135,-0.2068,-1.0928,5.2443,-8.1724,-0.00066,-0.002058,-0.002867,0.022868,-0.2082,0.75325,0.26582,0.089544,-9.785,0.001575,0.000771,-0.004094,0.64375,0.34555,0.92935,-2.7434,1.6474,9.3507,-0.008717,0.006213,-0.006177,0.50796,-0.47005,-0.45763
1.4851,-6.2805,7.4066,-0.011975,0.005877,-0.005018,-0.34604,0.81986,-0.2169,6.7711,3.4221,6.2194,0.008775,-0.004468,0.00498,-0.54621,-0.64082,-0.20658,-1.1172,5.2445,-8.1752,-0.013929,-0.002297,-0.008189,0.022624,-0.20728,0.75347,0.25088,0.089486,-9.7853,0.002422,-0.000983,-0.002341,0.64223,0.34466,0.92941,-2.7284,1.6697,9.351,-0.007938,-0.002604,0.000991,0.508,-0.47004,-0.45884
1.5073,-6.3252,7.4065,0.003494,0.032871,0.011303,-0.34804,0.82151,-0.21877,6.7807,3.4175,6.1708,0.010625,-0.004506,-0.000371,-0.54765,-0.64161,-0.20678,-1.1051,5.2638,-8.1583,0.000258,0.001545,-0.004627,0.023223,-0.20795,0.75275,0.2509,0.082017,-9.7928,0.001834,0.004291,-0.015542,0.64342,0.34419,0.93106,-2.7284,1.6472,9.3809,0.010105,0.001064,0.001877,0.50872,-0.47004,-0.45815
1.4847,-6.3327,7.4958,0.020742,0.019836,-0.018711,-0.34766,0.82033,-0.21929,6.7712,3.4244,6.2437,0.00142,-0.023858,0.010273,-0.54712,-0.64278,-0.20686,-1.0782,5.254,-8.1699,-0.00412,-0.00223,-0.008165,0.023058,-0.2082,0.75199,0.28076,0.089602,-9.7847,-0.001131,0.000768,-0.00233,0.64055,0.34534,0.92933,-2.7284,1.6696,9.3959,0.008336,0.006398,0.000107,0.50953,-0.46976,-0.45813
1.4477,-6.3319,7.3612,-0.023592,0.036431,-0.003349,-0.34626,0.82095,-0.21855,6.7929,3.3934,6.1294,0.014149,-0.01689,-0.002247,-0.5475,-0.64214,-0.20663,-1.1221,5.2591,-8.1756,-0.004954,-0.015,-0.009971,0.023365,-0.209,0.75305,0.25088,0.089486,-9.7853,-0.007169,0.018391,-0.009266,0.64196,0.3453,0.92966,-2.7285,1.6399,9.336,-0.011404,-0.004629,-0.009867,0.50902,-0.46924,-0.45761
1.5002,-6.2656,7.3471,-0.006527,0.00762,-0.005019,-0.34645,0.82072,-0.21952,6.7635,3.4563,6.1636,0.010502,-0.007948,0.010284,-0.5465,-0.64244,-0.205,-1.0831,5.254,-8.1749,0.005713,-0.014879,-0.008181,0.023732,-0.2081,0.75279,0.26586,0.082044,-9.785,-0.005576,0.021027,-0.000426,0.64268,0.34296,0.92957,-2.7359,1.6473,9.3807,0.001873,0.013805,0.012839,0.50886,-0.46737,-0.45765
1.485,-6.3174,7.3765,-0.000972,0.029047,-0.008754,-0.34643,0.82031,-0.2191,6.7807,3.4417,6.1709,0.01051,-0.022195,-0.002239,-0.54679,-0.64047,-0.20531,-1.1123,5.2153,-8.1502,-0.015459,0.001911,-0.020548,0.023645,-0.20915,0.75357,0.26588,0.074574,-9.7925,0.001577,0.020136,-0.002198,0.64266,0.34503,0.92983,-2.7435,1.595,9.3805,0.008291,-0.006126,0.000938,0.51,-0.46936,-0.45718
1.4552,-6.3099,7.4062,-0.002845,0.025616,0.002201,-0.34558,0.82134,-0.21839,6.8027,3.4272,6.1588,0.010442,-0.023894,0.004867,-0.54823,-0.64204,-0.20563,-1.0879,5.2346,-8.1648,0.001866,-0.000947,0.004204,0.02241,-0.20807,0.75424,0.28092,0.0596,-9.7847,-0.003618,0.011329,-0.009322,0.64067,0.34484,0.92867,-2.7284,1.6697,9.3735,-0.000646,0.002707,-0.003514,0.50792,-0.46951,-0.45805
1.485,-6.3175,7.3914,-0.020844,0.038129,-0.010643,-0.34696,0.81992,-0.21885,6.7903,3.4129,6.1222,0.008807,-0.008012,0.001403,-0.54834,-0.64153,-0.20512,-1.1075,5.2784,-8.1708,0.007238,-0.005463,0.003316,0.021878,-0.20908,0.75373,0.25084,0.089549,-9.8003,0.008795,0.01661,-0.007513,0.6427,0.34359,0.9301,-2.6984,1.6696,9.3515,-0.004281,3.5e-05,-0.001727,0.50685,-0.46964,-0.45982
1.4852,-6.2952,7.3617,0.017108,0.030852,0.002207,-0.34552,0.82105,-0.21743,6.783,3.4322,6.132,0.014111,-0.007959,0.008475,-0.54779,-0.64232,-0.20481,-1.1123,5.259,-8.1705,0.000478,-0.006887,-0.014361,0.023624,-0.2081,0.75316,0.25097,0.074454,-9.7778,0.014299,0.006036,-0.016412,0.64377,0.34374,0.92909,-2.7434,1.6849,9.3209,-0.007769,0.015162,-0.007026,0.50802,-0.46898,-0.45832
1.4701,-6.2953,7.4362,-0.026382,0.028481,0.00216,-0.3454,0.82184,-0.21757,6.8393,3.4274,6.1275,0.019648,-0.011674,-0.012922,-0.54776,-0.64,-0.20381,-1.083,5.2103,-8.1643,0.000422,-0.002284,-0.011699,0.024139,-0.20838,0.75332,0.26578,0.089607,-9.8,-0.017104,0.013998,-0.002239,0.64313,0.34472,0.93091,-2.7733,1.6699,9.3802,-0.015108,-0.002711,-0.003494,0.50904,-0.46951,-0.45748
1.4701,-6.3395,7.3538,-0.028101,0.03458,-0.010642,-0.34608,0.82106,-0.21759,6.7955,3.415,6.1855,0.022979,-0.014135,0.011927,-0.54819,-0.6405,-0.20461,-1.1026,5.2347,-8.17,0.000456,-0.001411,-0.013466,0.022459,-0.20753,0.7527,0.26586,0.074606,-9.8,-0.016236,0.02192,-0.000422,0.64336,0.34566,0.93013,-2.7435,1.5951,9.3506,-0.00603,-0.000947,-0.006229,0.5087,-0.46791,-0.45805
1.4775,-6.3248,7.3764,-0.010994,0.018383,-0.006899,-0.34674,0.82066,-0.21734,6.7806,3.4466,6.1612,0.008693,-0.023942,-0.000455,-0.54885,-0.64064,-0.20464,-1.1123,5.2517,-8.1557,0.001982,-0.007442,-0.001114,0.023122,-0.20834,0.75327,0.25081,0.097049,-9.8003,0.00325,0.00606,0.001238,0.6431,0.34372,0.92985,-2.7434,1.6249,9.3731,0.003007,0.000859,-0.007144,0.50714,-0.46873,-0.45755
1.4402,-6.332,7.391,-0.010965,0.031042,0.002164,-0.34429,0.82208,-0.21712,6.8148,3.4515,6.1517,-0.000274,-0.023904,0.001404,-0.54876,-0.64094,-0.20306,-1.088,5.2346,-8.1502,-0.01293,-0.002442,-0.01348,0.023339,-0.20874,0.75253,0.28086,0.07457,-9.7772,0.005045,0.016606,0.001307,0.64224,0.34428,0.92928,-2.7285,1.6248,9.3733,0.002057,0.000925,-0.00353,0.50775,-0.4691,-0.46021
1.4551,-6.3394,7.3687,-0.02451,0.032832,-0.005158,-0.34564,0.82262,-0.21704,6.805,3.4274,6.1224,0.002508,-0.018651,-0.003932,-0.54842,-0.64078,-0.20409,-1.0831,5.2443,-8.1698,-0.010288,-0.002372,-0.011708,0.023014,-0.20821,0.75364,0.2659,0.074543,-9.785,-0.0004,-0.004503,0.004689,0.64227,0.34398,0.93008,-2.721,1.6398,9.3511,0.011858,0.001163,0.006392,0.50819,-0.46871,-0.45779
1.4476,-6.3395,7.4059,-0.008241,0.023706,-0.009656,-0.34437,0.82219,-0.21617,6.7953,3.4128,6.1417,0.015914,-0.023994,-0.005852,-0.54873,-0.64173,-0.20278,-1.1075,5.2639,-8.1754,-0.006686,-0.000558,-0.013471,0.022582,-0.20858,0.75261,0.25092,0.081986,-9.7853,0.006677,0.009581,0.007437,0.64117,0.34386,0.93029,-2.7284,1.6547,9.3809,-0.008717,-0.003707,-0.008963,0.50868,-0.4691,-0.45857
1.4477,-6.3393,7.3611,-0.022716,0.029231,-0.005141,-0.34417,0.82281,-0.21493,6.8147,3.4178,6.1005,0.014121,-0.021296,-0.002264,-0.54809,-0.6412,-0.20289,-1.0977,5.2346,-8.1601,-0.004975,-0.000459,-0.009937,0.022579,-0.20727,0.75257,0.23594,0.089428,-9.7856,0.003353,0.000783,-0.004093,0.64286,0.34523,0.92798,-2.7508,1.6922,9.3657,0.001059,-0.006132,0.001859,0.50827,-0.4691,-0.45871
1.455,-6.3469,7.391,-0.006523,0.011248,-0.001392,-0.34503,0.82324,-0.21579,6.7952,3.4323,6.1223,0.021455,-0.008143,-0.012036,-0.54837,-0.6408,-0.20317,-1.0782,5.271,-8.1727,0.001316,-0.009552,-0.011705,0.023408,-0.20784,0.7539,0.26585,0.074637,-9.8075,-0.007209,0.011341,-0.007555,0.64348,0.34478,0.92934,-2.7434,1.6848,9.3508,-0.004209,0.000833,-0.00713,0.50771,-0.46871,-0.45887
1.455,-6.3543,7.3909,-0.019187,0.011289,-0.005058,-0.34501,0.82283,-0.21538,6.8294,3.442,6.1226,0.006999,-0.004425,0.005894,-0.54938,-0.64096,-0.20244,-1.1026,5.2444,-8.1555,0.007581,0.003195,-0.013448,0.0223,-0.20739,0.75206,0.27329,0.082135,-9.7998,0.005007,-0.008037,0.001136,0.64237,0.34402,0.92915,-2.7584,1.6399,9.3803,-0.013204,-0.002856,-0.010741,0.50746,-0.46925,-0.45874
1.47,-6.3542,7.3388,-0.013637,0.029097,-0.0106,-0.34442,0.82215,-0.21453,6.8344,3.4467,6.1421,0.014167,-0.025809,-0.01295,-0.54904,-0.64165,-0.2011,-1.0879,5.2274,-8.1843,-0.006857,-0.005795,-0.004648,0.022325,-0.207,0.75255,0.25084,0.089549,-9.8003,-0.009124,0.002552,-0.002318,0.64123,0.34547,0.9291,-2.7434,1.6549,9.3507,-0.00417,-0.002825,-0.010771,0.50877,-0.46883,-0.45911
1.4549,-6.3838,7.3609,-0.007363,0.021976,-0.003266,-0.34472,0.82361,-0.2151,6.8221,3.4347,6.1274,0.009589,-0.016796,0.006694,-0.54852,-0.64255,-0.20145,-1.105,5.2201,-8.16,-0.00146,0.013263,-0.008142,0.02204,-0.20777,0.75193,0.26593,0.074481,-9.77,-0.000276,0.003416,-0.000549,0.64236,0.34492,0.92929,-2.7285,1.6248,9.3733,-0.004253,0.00359,-0.003497,0.50867,-0.46843,-0.45858
