9.792,-0.71289,0.70411,0.34041,0.049986,0.34923,-0.47125,0.54797,-0.51169,9.8515,-0.29215,0.34254,0.80267,0.98678,-0.2582,-0.54553,0.040043,-0.7015,8.9455,-2.2247,-0.97606,0.90167,-0.64995,-0.52779,-0.2937,0.80825,0.183,-10.761,1.4442,-2.3019,0.40532,-0.080052,-1.1431,0.33037,-0.54468,0.57276,-12.226,-0.69641,-0.80322,-0.66662,0.16143,-1.582,0.54459,0.49541,-0.45695
9.5358,-0.59777,2.0755,0.60682,0.076565,0.30575,-0.46161,0.54773,-0.5208,9.8776,1.3911,0.67601,1.2919,1.0309,-0.51073,-0.51792,0.00758,-0.71904,9.4807,-1.937,-0.49868,0.18667,-0.67559,-0.64331,-0.30695,0.80522,0.17682,-10.017,2.3444,-1.6879,0.093427,-0.17423,-1.2592,0.36294,-0.52302,0.57586,-13.661,0.21757,0.33269,-0.68121,0.39614,-2.0826,0.5131,0.54541,-0.43737
8.933,-0.29751,2.2967,0.4511,0.29676,0.34286,-0.44736,0.54097,-0.53481,9.5519,1.9416,1.6339,1.1423,0.97084,-0.70184,-0.48587,-0.036345,-0.73741,9.2986,-2.963,0.71921,-0.40457,-0.62587,-0.49391,-0.31869,0.79761,0.19109,-9.2803,1.209,-2.0319,-0.094682,0.11526,-1.1904,0.39236,-0.50385,0.5732,-11.43,-0.57118,0.77157,0.25393,0.2135,-1.861,0.47255,0.5874,-0.43232
8.0184,-0.066334,1.8884,0.81427,0.27582,0.32966,-0.43547,0.53095,-0.55376,8.7922,2.3682,1.6653,1.0393,0.96548,-0.80691,-0.4523,-0.080892,-0.75145,8.5327,-4.0182,1.0047,0.027044,-0.6045,-0.31,-0.3256,0.79094,0.20732,-9.9631,0.72344,-1.3099,0.13276,-0.11883,-1.2088,0.41885,-0.48305,0.575,-9.9987,0.44823,-0.038023,0.61908,0.49579,-2.2171,0.42888,0.61506,-0.43918
7.8688,-0.05873,2.141,0.65736,0.051017,0.32585,-0.42597,0.51905,-0.57331,8.6493,2.7881,1.0831,1.013,0.94551,-0.88414,-0.41347,-0.1352,-0.76733,8.0994,-4.0931,0.70114,0.80871,-0.64899,-0.18213,-0.33265,0.78935,0.20055,-10.188,1.6901,0.43985,0.40148,-0.015029,-1.0833,0.44239,-0.45177,0.58417,-9.7525,-0.3235,0.32257,0.57036,0.37122,-2.1166,0.37893,0.64429,-0.44331
8.3161,-0.098775,1.9949,0.48643,-0.10677,0.29533,-0.4198,0.51247,-0.58119,7.785,3.0531,2.4131,0.82123,0.98783,-0.87352,-0.37647,-0.17844,-0.77711,8.2127,-3.1849,0.31301,1.298,-0.66535,-0.20091,-0.33196,0.7934,0.17439,-10.885,0.4961,0.18711,0.58547,-0.057075,-0.86237,0.45868,-0.42089,0.59326,-8.2541,-0.24206,0.66179,0.90926,0.36558,-1.9499,0.33448,0.65737,-0.46009
8.4635,-0.48487,1.9264,0.36435,0.046364,0.21789,-0.41436,0.50789,-0.58779,6.4987,2.8781,2.538,0.51101,0.90643,-0.68847,-0.34405,-0.19741,-0.7818,8.8331,-2.4126,-0.20197,1.4158,-0.57744,-0.21005,-0.33191,0.80072,0.14277,-9.2066,1.7015,-1.3708,0.54211,-0.006826,-0.86015,0.47643,-0.39357,0.60064,-7.6919,0.11455,0.45565,0.72178,0.20473,-1.7979,0.28934,0.66185,-0.48624
8.0315,-0.37819,2.0506,0.38316,0.094867,0.10094,-0.40815,0.50281,-0.59462,5.7233,3.2311,2.27,0.37753,0.64668,-0.58748,-0.31323,-0.21724,-0.78771,8.4618,-1.7597,-0.34119,1.2912,-0.49673,-0.1509,-0.33423,0.80319,0.10607,-8.4637,1.0592,-1.2727,0.46702,0.061555,-0.86953,0.49065,-0.362,0.61206,-6.9823,-0.87402,0.26331,0.1004,0.10189,-1.4455,0.24927,0.67032,-0.49495
7.7195,-0.050536,2.2443,0.2242,0.12091,0.018525,-0.40488,0.49727,-0.60262,5.8308,3.3835,2.3297,0.19056,0.41357,-0.49466,-0.29146,-0.23158,-0.7914,8.1294,-1.2606,-0.23267,0.76201,-0.42907,-0.11079,-0.3353,0.80642,0.079343,-8.2883,0.57047,-0.79603,0.47249,-0.072281,-0.80613,0.50418,-0.33495,0.61785,-5.6875,-0.9667,-0.59641,-0.271,-0.014236,-1.0805,0.2156,0.68375,-0.49431
7.5171,-0.19065,2.4955,0.10255,0.067116,0.020402,-0.40447,0.49263,-0.60494,6.1014,2.9686,2.3781,-0.034338,0.27975,-0.26945,-0.27549,-0.23913,-0.79655,7.74,-1.5915,-0.081244,0.16905,-0.29333,-0.091022,-0.33866,0.804,0.064337,-8.6519,1.5513,-0.7894,0.35682,-0.29108,-0.75098,0.51278,-0.30234,0.6234,-5.3215,-1.8889,-0.077352,0.42705,0.024037,-0.90666,0.19054,0.68657,-0.49437
7.5975,-0.51739,2.5388,0.066843,0.003078,0.038868,-0.40086,0.49137,-0.60637,5.8739,2.8647,2.33,0.062069,0.13481,-0.046993,-0.26524,-0.24045,-0.79725,7.4057,-2.5044,-0.43224,-0.2339,-0.12189,-0.019768,-0.33756,0.80404,0.068862,-8.5753,1.0283,-1.1624,-0.15586,-0.19452,-0.70194,0.52847,-0.28518,0.6191,-5.5033,-2.7449,-0.68772,0.33162,0.2147,-0.33341,0.1768,0.6822,-0.5068
8.6978,-0.79499,3.0675,0.03575,-0.1931,0.070802,-0.40081,0.4909,-0.60781,6.0567,3.8561,2.8338,0.38976,-0.04301,0.077586,-0.26365,-0.24499,-0.79464,8.5132,-3.477,-0.075836,-0.52125,0.00249,-0.021395,-0.33666,0.80259,0.084473,-9.4825,0.35645,-0.95482,-0.38423,-0.22193,-0.66254,0.54191,-0.28044,0.61103,-4.8763,-4.0024,-0.76267,0.063479,0.26387,0.025522,0.17512,0.68436,-0.5083
9.9574,-0.53267,3.4816,-0.027378,-0.17158,0.003291,-0.40414,0.48899,-0.60635,6.6331,5.3457,3.5902,0.63636,-0.095684,0.14229,-0.26645,-0.26158,-0.78769,10.222,-4.0347,0.099112,-0.45408,0.13351,-0.084212,-0.33705,0.79942,0.096838,-10.66,-1.1596,0.058399,-0.23512,-0.19336,-0.6449,0.55388,-0.27409,0.60365,-5.9542,-4.03,0.048101,0.080755,0.24428,0.19227,0.18147,0.68097,-0.50676
11.208,-0.67666,3.6393,-0.012352,-0.1697,-0.14796,-0.41038,0.48781,-0.60263,7.6648,6.0523,3.8136,0.46817,-0.22633,0.30865,-0.2742,-0.27875,-0.77958,12.034,-3.7294,0.70065,-0.41059,0.26452,-0.13636,-0.33829,0.79631,0.10692,-11.34,-1.265,-0.48026,0.0834,-0.33252,-0.6194,0.56978,-0.25995,0.5935,-6.6001,-12.788,-2.2794,-0.39396,0.87423,0.65412,0.20441,0.68088,-0.49975
12.006,-0.4908,3.7212,-0.11788,-0.037551,-0.3328,-0.41957,0.48625,-0.59771,10.267,5.5842,4.2891,0.40925,-0.35941,0.38796,-0.2898,-0.28954,-0.77292,12.91,-3.3551,0.72209,-0.36948,0.37653,-0.23648,-0.34584,0.7937,0.11518,-12.16,-1.7914,-0.91624,0.25386,-0.2901,-0.59272,0.58069,-0.24524,0.58618,-11.497,-4.2721,-0.2105,0.031055,0.066756,0.60254,0.23482,0.67321,-0.49083
13.305,-0.40964,3.0452,-0.11973,-0.07544,-0.36355,-0.42661,0.48496,-0.59429,12.615,5.4014,3.9284,0.66618,-0.52449,0.27508,-0.3081,-0.30334,-0.7598,13.289,-3.8416,0.19357,-0.32921,0.29078,-0.3964,-0.35574,0.78763,0.12131,-13.112,0.37997,-1.0578,0.15376,-0.21008,-0.29875,0.59162,-0.22968,0.5832,-9.2334,-2.7643,-0.82547,-0.67887,0.14048,1.0813,0.25484,0.67406,-0.47763
14.585,0.61166,2.5543,0.08439,0.19703,-0.34242,-0.4301,0.47908,-0.59583,12.239,6.4907,2.3054,0.73488,-0.52562,0.32434,-0.32417,-0.31856,-0.74603,13.837,-4.9813,0.56885,0.17671,0.23339,-0.30669,-0.36631,0.78036,0.12147,-12.863,2.4842,1.668,0.076697,-0.1392,0.24584,0.59507,-0.2228,0.58143,-11.796,-3.4916,-0.87818,-0.37433,0.16561,1.6508,0.29102,0.6725,-0.46081
11.244,0.91791,1.2031,0.053044,0.50695,-0.42626,-0.42528,0.47088,-0.6044,11.055,6.2738,1.0943,-0.15704,-0.5178,0.28878,-0.34481,-0.3214,-0.73632,11.649,-2.2217,0.45345,1.3122,0.23856,-0.019583,-0.37095,0.78209,0.090634,-11.862,2.4131,1.6807,0.10998,-0.24586,0.87508,0.59316,-0.23554,0.57588,-12.592,-5.2079,-0.2614,0.67583,0.14788,1.3274,0.33188,0.64619,-0.4678
9.862,1.4138,0.37532,-0.25644,0.38002,-0.38617,-0.4215,0.46838,-0.60753,9.0328,4.5214,-0.38893,-1.2302,-0.66507,0.10236,-0.36447,-0.29446,-0.73904,10.309,0.34475,0.095136,1.0566,0.378,0.19048,-0.36689,0.78526,0.049518,-11.926,1.8564,-1.5456,0.25984,-0.10599,1.2438,0.58459,-0.25661,0.57541,-10.13,-1.4516,-1.2255,0.59865,0.18511,1.5292,0.37209,0.61105,-0.48545
9.6848,1.8076,0.42129,-0.22611,-0.035547,-0.3424,-0.42511,0.46984,-0.6036,8.9566,2.3672,-0.1125,-1.829,-0.79964,0.21565,-0.38827,-0.24404,-0.74523,9.9734,-0.011433,0.60229,0.38719,0.69437,0.43398,-0.35891,0.78992,0.024706,-11.206,4.7917,0.10097,0.19868,-0.53043,1.2211,0.57488,-0.28573,0.57019,-10.543,-1.643,-1.4794,-0.22905,0.034626,1.3694,0.41896,0.58397,-0.48428
9.7737,1.9384,0.8704,-0.59107,-0.13756,-0.25943,-0.43421,0.47451,-0.59424,9.6886,1.2451,-0.18603,-1.4986,-0.65638,0.46531,-0.41409,-0.18753,-0.74986,10.369,0.82923,0.50321,-0.23511,0.984,0.5153,-0.34292,0.79558,0.010953,-14.096,-3.0274,-1.2538,0.21447,0.59569,1.1983,0.55263,-0.30775,0.57994,-10.7,-1.5215,-1.8477,-0.36032,-0.12803,1.3678,0.4472,0.56789,-0.47836
8.818,1.84,1.4742,-0.46071,0.14529,-0.35356,-0.43898,0.48116,-0.58473,9.2711,1.4524,-0.43065,-0.49785,-0.5436,0.57676,-0.43485,-0.14247,-0.75065,9.4463,0.32095,0.84522,-1.106,1.1393,0.59909,-0.32547,0.80265,0.018968,-11.858,-1.8242,0.065046,0.18748,0.43997,1.4948,0.52651,-0.32803,0.59117,-9.5337,-2.6624,-1.8012,-0.13835,-0.028279,1.4009,0.47344,0.54725,-0.47769
7.6307,1.522,1.866,-0.51709,0.24718,-0.39157,-0.4407,0.48872,-0.57722,7.7331,2.5025,0.016693,0.060399,-0.58378,0.55139,-0.4547,-0.12966,-0.7426,7.8322,-0.66976,1.3636,-1.3901,1.0598,0.58568,-0.30646,0.8078,0.048603,-10.639,-0.75461,0.058367,-0.3436,0.76399,1.4858,0.48714,-0.3601,0.60552,-8.6559,-1.6048,-2.1122,-0.31368,-0.083584,1.2811,0.50196,0.52471,-0.47602
6.655,1.4203,1.47,-0.68341,0.34478,-0.32303,-0.44223,0.49378,-0.57126,7.3275,3.241,0.71256,-0.03264,-0.61449,0.48179,-0.47451,-0.12011,-0.73192,6.4377,-1.3465,0.8873,-1.6062,0.86602,0.49186,-0.29151,0.81059,0.086668,-10.417,-0.48997,-0.26003,-0.98172,0.31428,1.9317,0.44437,-0.41252,0.60471,-8.7082,-1.7553,-1.74,-0.30219,-0.05228,1.2325,0.52629,0.50325,-0.47153
6.2357,1.2367,1.9356,-0.35897,-0.10137,-0.26962,-0.44473,0.50123,-0.56364,7.311,3.8183,0.65191,-0.48068,-0.55571,0.36139,-0.49325,-0.10867,-0.72019,6.0649,-2.8454,1.0935,-1.4683,0.69622,0.48965,-0.27763,0.80919,0.14057,-9.4892,-0.86903,-0.18096,-1.146,0.3299,1.9688,0.39027,-0.47508,0.59549,-8.4766,-2.4983,-1.0211,-0.6588,-0.065924,1.2929,0.55602,0.48575,-0.46118
6.6673,1.3499,2.3947,-0.31435,-0.32705,-0.17732,-0.45565,0.50571,-0.55133,7.3217,3.3387,0.55745,-0.89348,-0.50964,0.21558,-0.50942,-0.081404,-0.71528,6.7062,-4.826,1.6707,-0.3136,0.59979,0.41039,-0.26674,0.8091,0.16199,-8.7153,-0.37091,-0.21846,-1.2229,0.3139,2.147,0.33916,-0.53391,0.57849,-8.9916,-1.6983,-0.5571,-0.6851,0.059537,0.98471,0.57682,0.47273,-0.4486
7.0232,1.3441,3.1433,-0.3044,-0.48178,-0.16836,-0.46409,0.51043,-0.53932,7.9783,2.4801,0.13231,-1.1183,-0.45539,0.10033,-0.5235,-0.045426,-0.71029,7.5865,-4.3614,2.6587,0.3464,0.63663,0.44329,-0.25523,0.81452,0.15075,-7.6024,-1.9699,-0.50943,-0.80122,0.27591,2.3176,0.28816,-0.58447,0.55702,-9.6944,-1.0082,-0.45507,-0.64551,0.058548,0.91977,0.59514,0.4611,-0.43806
8.2628,1.662,2.6475,-0.23582,-0.65777,-0.099006,-0.47903,0.51156,-0.52358,8.7907,1.9727,-0.23682,-1.0165,-0.50472,0.10818,-0.53562,-0.012508,-0.70064,7.2284,-3.3364,3.3566,0.14902,0.60946,0.43946,-0.242,0.82093,0.13634,-7.8031,-0.84477,-0.79975,-0.14187,0.53376,1.9737,0.22478,-0.61443,0.55279,-9.6338,-0.26698,-1.0496,-0.73949,-0.16601,0.95462,0.6107,0.45098,-0.42789
10.44,1.8312,2.2772,-0.2172,-0.47338,-0.0029,-0.49223,0.51609,-0.50714,9.7122,2.1015,0.17766,-0.79426,-0.62795,0.38332,-0.55173,0.017394,-0.68936,6.7938,-2.9999,3.7671,-0.36888,0.37911,0.17245,-0.23428,0.82343,0.13889,-6.2459,-0.99419,0.55197,-0.094226,0.44915,1.5972,0.16867,-0.63146,0.55409,-9.8748,-1.0048,-1.1826,-0.5266,-0.17483,0.96231,0.62448,0.43883,-0.42133
9.5179,2.0394,2.0776,-0.16161,-0.018086,0.044371,-0.49747,0.5219,-0.49923,9.8703,2.3194,0.71423,-0.19535,-0.58349,0.50673,-0.56659,0.042092,-0.67471,7.1497,-4.4509,3.6413,-0.26498,0.15536,-0.031052,-0.23543,0.82271,0.13836,-5.2033,-0.59848,0.15239,0.072658,0.53523,1.0429,0.11375,-0.64073,0.56079,-9.5167,-1.6927,-1.4548,-0.26134,-0.21239,0.83374,0.63571,0.42325,-0.41865
8.5644,2.18,2.1608,-0.17708,-0.036094,0.045254,-0.4959,0.52683,-0.4942,9.2645,3.5975,0.6313,0.12804,-0.37343,0.32564,-0.57619,0.050978,-0.66538,6.9428,-4.291,3.0975,0.11968,-0.045789,-0.061967,-0.23438,0.8219,0.13943,-5.403,1.4296,-0.88904,0.21763,0.37977,0.31859,0.086399,-0.63883,0.56617,-10.159,-0.82342,-1.4185,-0.024442,-0.11134,0.55189,0.64334,0.40816,-0.41917
9.3576,2.679,1.7523,0.04333,-0.32793,0.045972,-0.4943,0.52813,-0.49125,9.6532,4.1422,0.27653,-0.20323,-0.22061,0.14614,-0.58454,0.057536,-0.65941,6.8931,-3.586,2.7691,0.013594,-0.28885,-0.17911,-0.23339,0.81923,0.14688,-5.0665,1.4896,-0.56728,0.2161,0.23138,-0.2851,0.079354,-0.63413,0.57311,-9.9652,-1.1678,-1.4385,0.15886,-0.17426,0.59979,0.65009,0.39058,-0.42712
11.376,2.7352,2.1708,-0.025089,-0.25997,0.22912,-0.49728,0.53194,-0.48521,11.098,3.6992,0.11083,-0.22966,-0.045166,0.15726,-0.58708,0.067053,-0.65716,6.6635,-4.8775,3.2893,-0.31218,-0.49121,-0.19599,-0.23587,0.81719,0.15712,-6.9081,4.8971,-1.3131,0.089046,0.3658,-1.0458,0.091569,-0.62948,0.57468,-10.464,0.16258,-1.0326,0.073617,-0.13267,0.62758,0.65764,0.37235,-0.43311
13.128,2.6781,1.8107,0.02495,-0.069438,0.41092,-0.49334,0.53907,-0.48261,13.387,2.8966,0.57805,0.24415,0.26336,0.2949,-0.57888,0.073429,-0.65888,9.8045,-5.3556,3.7461,-0.5066,-0.68252,-0.23463,-0.23569,0.81471,0.17571,-14.472,6.2381,-1.0164,0.3215,-0.092232,-1.3732,0.12395,-0.61908,0.57894,-13.423,-0.49035,-0.45692,-0.025106,-0.26229,0.66632,0.66373,0.35512,-0.43762
14.719,1.8348,2.0486,-0.046067,0.046173,0.40956,-0.48516,0.5505,-0.47645,16.292,3.0853,0.59187,0.80598,0.53434,0.36338,-0.5629,0.060346,-0.67214,14.956,-4.4543,3.8525,-0.5172,-0.49129,-0.5648,-0.24459,0.80725,0.18962,-14.222,5.1877,1.1802,0.1608,0.035924,-0.77416,0.15149,-0.60344,0.58501,-13.12,-3.1754,0.1833,-0.21373,0.046207,-0.07376,0.66098,0.35231,-0.44049
14.015,0.5119,0.84852,-0.17583,0.29361,0.38625,-0.47049,0.56039,-0.47688,14.378,2.7227,0.91381,-0.38438,0.45033,0.14296,-0.54704,0.060755,-0.68284,13.636,-5.1925,2.3492,-0.35698,-0.43872,-0.44127,-0.25669,0.79921,0.2091,-9.3427,-0.21713,0.068826,0.053179,-0.31614,-1.1715,0.17891,-0.59581,0.58484,-13.053,-3.7615,1.0866,-0.25382,-0.32358,-0.88202,0.64972,0.3689,-0.44165
11.014,-1.0462,0.099506,0.002379,0.62218,0.4613,-0.45015,0.57117,-0.48433,11.372,0.86906,0.79944,-1.5368,0.48166,-0.19139,-0.53533,0.091719,-0.68893,10.316,-4.2792,2.0141,-0.38069,-0.59702,-0.067114,-0.25766,0.79224,0.23458,-13.481,2.3886,-1.1874,0.33024,-0.30246,-1.6631,0.2131,-0.57996,0.58956,-12.042,-3.1047,-0.12693,-0.42266,-0.18317,-1.6898,0.62482,0.40856,-0.44365
9.6863,-1.273,0.1924,-0.048169,0.3189,0.50344,-0.42792,0.5838,-0.49067,9.5309,-1.2712,0.26564,-0.91077,1.053,-0.4022,-0.51107,0.12432,-0.70001,9.1516,-3.9141,0.78487,0.48528,-0.46474,-0.006063,-0.25035,0.79449,0.23887,-9.5064,1.821,-1.557,0.55516,-0.5755,-1.142,0.25598,-0.5563,0.59592,-13.487,-2.1748,-1.4036,-0.24175,-0.51458,-1.9143,0.58807,0.45726,-0.44387
9.7029,-0.65268,0.64415,0.22758,0.35275,0.41525,-0.41071,0.58966,-0.49795,9.2602,-1.4336,-0.2179,0.40333,1.3311,-0.34049,-0.47585,0.12413,-0.72106,8.639,-2.6827,-0.58891,0.97793,-0.40148,-0.26767,-0.25089,0.80034,0.21557,-10.015,0.75747,-4.1316,0.4331,-0.32612,-1.1406,0.2916,-0.53229,0.60209,-11.854,-1.7567,-1.3898,0.21832,-0.37813,-1.5246,0.54248,0.49616,-0.45741
9.2231,-0.68304,1.7966,0.48332,0.3605,0.30432,-0.39447,0.58781,-0.51126,8.4814,-0.20301,0.49007,1.444,1.2772,-0.26839,-0.43444,0.10009,-0.74814,8.8088,-2.176,-0.70028,0.40041,-0.56774,-0.45758,-0.25581,0.80454,0.19658,-10.121,1.5246,-2.9943,0.45729,-0.18796,-1.3265,0.33284,-0.49949,0.61117,-11.352,2.8051,-1.5334,0.30159,0.57591,-1.593,0.5039,0.53202,-0.46388
8.0822,-0.55009,2.3334,0.40497,0.59334,0.25479,-0.3757,0.58225,-0.52919,7.6769,1.7201,1.3711,1.7806,1.0357,-0.32476,-0.3981,0.045153,-0.7698,8.3877,-2.9234,0.24022,0.038206,-0.77697,-0.44804,-0.26364,0.79995,0.19941,-9.0873,1.5536,-1.7583,0.22103,-0.27791,-1.3615,0.36918,-0.47087,0.61378,-9.9487,-0.78305,-0.42888,0.15024,0.28937,-1.6203,0.47174,0.56024,-0.46295
6.8086,-0.23733,2.6241,0.44443,0.50484,0.24144,-0.35885,0.57954,-0.54353,7.0084,3.2892,1.746,1.2112,0.70122,-0.33775,-0.36827,-0.011066,-0.78383,7.6626,-3.5539,0.47,0.14897,-0.80418,-0.27954,-0.27044,0.79769,0.20783,-9.0679,0.93662,-1.2322,0.33464,-0.20752,-1.1829,0.3935,-0.4472,0.61611,-10.836,-2.3455,-0.97091,1.2972,0.09665,-1.8465,0.44088,0.56883,-0.47626
6.571,-0.17515,2.3691,0.28817,0.23355,0.25969,-0.34424,0.57527,-0.55557,6.8629,3.5485,2.2615,0.18348,0.47786,-0.4496,-0.34871,-0.035138,-0.79221,7.2577,-3.2895,0.3737,0.49731,-0.7182,-0.1351,-0.26995,0.79885,0.20508,-9.6607,0.50248,-0.17839,0.6739,-0.18467,-1.0521,0.41883,-0.41488,0.62358,-10.187,-0.31972,-0.17772,1.4606,0.19426,-2.0438,0.39616,0.57147,-0.50956
6.8079,-0.35616,2.7054,0.17397,0.033512,0.24493,-0.33724,0.57474,-0.5624,6.9023,3.5966,2.3543,-0.51155,0.39176,-0.69507,-0.3336,-0.031441,-0.7971,7.2833,-2.4563,0.11268,0.72374,-0.62263,-0.1372,-0.26723,0.80359,0.1923,-8.9982,0.6071,2.3403,0.65136,0.61428,-1.2494,0.43785,-0.37694,0.63648,-8.749,-0.13988,-0.13053,1.1438,0.18707,-1.9668,0.35188,0.5724,-0.53703
6.5843,-0.51622,2.4267,-0.01466,-0.028066,0.24398,-0.33095,0.57,-0.56779,7.4374,2.7427,3.4228,-1.1449,0.504,-0.87242,-0.31973,-0.011601,-0.79838,7.0881,-2.0928,-0.27553,0.56174,-0.63971,-0.15245,-0.26585,0.80647,0.17999,-9.1624,2.4456,0.054549,0.50342,-0.2691,-0.97294,0.46125,-0.339,0.63771,-8.2536,0.38743,0.065981,0.47737,0.20468,-1.9409,0.30083,0.58061,-0.55855
7.3129,-0.73056,2.6993,0.22475,-0.34556,0.20106,-0.32963,0.57252,-0.56762,6.9772,0.40296,3.0035,-1.0536,0.56293,-0.56561,-0.30135,0.020431,-0.80438,7.8317,-2.2491,-0.51824,0.50736,-0.6533,-0.19297,-0.26589,0.80798,0.16914,-9.6326,2.2427,-0.29975,0.31928,-0.15932,-0.66339,0.47495,-0.31371,0.64058,-7.6563,-0.70557,-0.016504,-0.26006,0.39238,-1.9543,0.26117,0.60288,-0.5553
8.4593,-0.82989,3.0132,0.013508,-0.38329,0.19194,-0.33293,0.57142,-0.56287,6.8365,0.74085,2.3311,-0.31275,0.37755,-0.24458,-0.28184,0.036754,-0.81119,9.1106,-2.1271,-0.40319,0.44686,-0.5742,-0.29495,-0.27136,0.80934,0.15417,-9.6174,0.63168,-0.55274,0.48892,-0.13313,-0.58942,0.48678,-0.28902,0.64655,-6.8037,-1.3662,-0.19061,-0.30489,0.34897,-1.9105,0.22521,0.62182,-0.54609
9.0254,-0.99661,2.815,-0.073442,-0.28895,0.085671,-0.33705,0.57211,-0.55882,7.1575,2.1809,2.8111,0.24493,0.11053,0.013757,-0.27315,0.03582,-0.81224,9.7733,-2.2791,-0.082471,-0.033412,-0.32855,-0.30013,-0.27792,0.80717,0.15241,-9.245,0.53102,-1.2353,0.4628,-0.17379,-0.56683,0.49702,-0.26348,0.6504,-6.1445,-1.1744,-0.38062,-0.11276,0.38822,-1.4181,0.18908,0.63925,-0.53943
8.9203,-1.0852,2.9629,-0.056134,-0.14664,0.00847,-0.33926,0.57498,-0.5559,7.1212,4.2806,3.7341,0.28303,-0.053545,-0.044034,-0.27407,0.024107,-0.81464,9.5457,-3.0791,-0.13312,-0.3717,-0.14783,-0.16958,-0.28142,0.80453,0.16212,-9.9777,0.88619,-0.7928,0.089279,-0.20993,-0.61464,0.5066,-0.24605,0.64786,-5.2001,-0.82056,-0.3189,0.33943,0.21518,-0.92064,0.16647,0.64109,-0.54145
8.882,-1.3955,2.8188,-0.088531,-0.17623,-0.075371,-0.34458,0.57455,-0.55202,6.7556,4.3706,4.1891,-0.16793,-0.13275,-0.1546,-0.27857,0.020127,-0.8107,9.0004,-3.2945,-0.30143,-0.60272,-0.00128,-0.13438,-0.28525,0.79812,0.18011,-9.3804,0.74757,-1.1482,-0.15498,-0.16408,-0.49087,0.5174,-0.23935,0.63826,-5.2627,-1.8023,-1.4205,-0.009766,0.33337,-0.075058,0.16075,0.64966,-0.5369
9.9763,-1.5531,2.9977,-0.032176,-0.30725,-0.080091,-0.3512,0.57489,-0.54807,6.149,3.7276,3.8228,-0.22854,-0.27349,-0.075022,-0.28545,0.027945,-0.80827,9.4983,-3.8022,-0.24105,-0.77567,0.055802,-0.18383,-0.28976,0.79146,0.19969,-10.643,-0.034503,-0.010009,-0.43396,-0.2159,-0.50896,0.52811,-0.23699,0.63147,-4.5753,-2.7916,-1.3892,0.2513,0.26649,0.29804,0.17024,0.6463,-0.53475
11.778,-1.6951,3.3983,-0.050411,-0.20931,-0.1834,-0.35656,0.57379,-0.54261,7.096,4.6705,3.8232,-0.006988,-0.45472,0.018513,-0.29136,0.030768,-0.80544,11.449,-4.9686,0.25864,-0.90953,0.18702,-0.27337,-0.29574,0.78407,0.22195,-12.059,-0.59597,0.22472,-0.24122,-0.22252,-0.53905,0.53904,-0.23276,0.62431,-4.1921,-6.1069,-2.1834,0.4048,0.80146,1.1062,0.19378,0.62763,-0.54614
14.237,-1.2515,4.2404,-0.043374,-0.37985,-0.40397,-0.37118,0.56996,-0.53617,11.017,3.628,5.6941,0.55018,-0.49101,0.34065,-0.30699,0.021783,-0.79919,15.133,-5.118,0.10683,-0.75509,0.48505,-0.3846,-0.30896,0.77391,0.24156,-14.152,0.11275,0.90205,0.15637,-0.38388,-0.45872,0.55001,-0.22264,0.61675,-15.291,-7.0432,0.58435,-0.42096,0.3307,1.4927,0.24232,0.61656,-0.53686
14.737,-0.62467,2.07,0.033457,0.02508,-0.48589,-0.38326,0.56044,-0.53643,15.862,4.2747,4.2202,1.035,-0.78936,0.38664,-0.32487,0.003004,-0.79109,15.542,-4.5927,-0.18948,-0.038225,0.63454,-0.24906,-0.32517,0.76604,0.2458,-13.656,2.3944,0.84952,0.40265,-0.24149,0.058054,0.56004,-0.20969,0.61373,-11.824,-3.4242,1.2502,-0.33545,0.12093,1.2606,0.2707,0.61395,-0.52642
12.24,0.43533,1.3344,0.39199,0.33737,-0.48426,-0.39105,0.54963,-0.53745,12.963,5.6581,3.9803,0.17403,-0.83116,-0.11365,-0.35564,-0.015021,-0.77653,13.25,-3.9208,1.0842,1.0513,0.39104,0.081392,-0.33022,0.76743,0.22687,-13.071,3.661,1.565,0.49078,-0.31176,0.88199,0.55734,-0.21764,0.61388,-9.8926,-3.3095,0.028329,-0.11203,0.32073,1.6368,0.3228,0.59604,-0.51729
9.4096,1.9283,0.43491,0.30209,0.11457,-0.43719,-0.39396,0.53326,-0.551,9.473,5.6293,1.5531,-1.5153,-0.53882,-0.43853,-0.37659,0.006423,-0.77062,10.246,-0.27878,1.2883,2.344,0.46285,0.38633,-0.32508,0.78431,0.16233,-11.275,2.8208,-2.0437,0.29709,0.004752,1.5809,0.54781,-0.23598,0.614,-12.097,-4.7617,-0.37134,0.62011,-0.10433,1.4568,0.36223,0.56769,-0.52481
9.2985,1.8861,0.090643,-0.32314,-0.31214,-0.42165,-0.40591,0.52577,-0.54614,7.9105,2.8357,-0.6854,-2.1696,-0.57286,-0.36823,-0.39291,0.052222,-0.76041,8.9326,1.9057,0.025109,1.3226,0.69676,0.44909,-0.31332,0.79862,0.10105,-12.709,3.9297,0.40928,0.6006,-0.41756,1.1919,0.53472,-0.25421,0.61906,-8.783,-1.6652,-1.7709,0.33995,0.035475,1.2867,0.38582,0.53833,-0.53742
9.6835,1.4819,0.37441,-0.44648,-0.27237,-0.3344,-0.41938,0.52758,-0.53259,7.8394,1.5233,-1.0126,-1.7091,-0.76922,-0.011365,-0.41611,0.11297,-0.74173,8.9167,0.27588,-0.82442,0.057398,1.0253,0.37045,-0.30279,0.80461,0.074961,-13.773,0.56305,-2.4365,0.27594,0.66251,1.458,0.50844,-0.27937,0.62761,-10.373,-2.2365,-2.8599,-0.26454,0.003079,1.277,0.41474,0.51644,-0.53742
9.6966,1.376,0.88108,-0.46654,0.10494,-0.29042,-0.42638,0.53242,-0.52065,8.937,0.28986,0.32987,-0.39439,-0.9237,0.31049,-0.43877,0.14452,-0.72275,9.0459,0.085366,-0.57468,-0.65334,1.1144,0.39102,-0.29354,0.80811,0.073221,-12.74,-2.213,-1.0625,-0.12227,0.50409,1.4563,0.47168,-0.30711,0.64182,-9.5472,-1.781,-1.7991,-0.75876,-0.043132,1.3571,0.44227,0.50746,-0.52741
8.7276,1.4274,1.0979,-0.31342,0.26999,-0.32384,-0.43159,0.53473,-0.51469,9.4412,0.69747,1.2315,0.91473,-0.84667,0.5208,-0.45808,0.15924,-0.70919,8.4494,-0.99278,1.0681,-1.3566,0.99996,0.48683,-0.27735,0.81043,0.088509,-10.116,-0.857,-0.066044,-0.77037,0.54949,1.4727,0.43096,-0.35491,0.64695,-9.6145,-2.0818,-1.1288,-0.73177,0.065762,1.3759,0.46917,0.49148,-0.52038
7.4134,1.2571,1.8626,-0.27147,0.34503,-0.31052,-0.42988,0.53705,-0.512,8.872,2.7904,1.0893,1.0929,-0.67897,0.51863,-0.47435,0.13821,-0.7025,7.3789,-2.7242,2.7591,-1.2325,0.90217,0.52778,-0.26336,0.81213,0.12469,-10.255,-0.41926,-0.87947,-1.4028,0.44147,1.9379,0.38743,-0.41855,0.63618,-8.7393,-2.8784,-0.91452,-0.5032,-0.13927,1.18,0.49153,0.47939,-0.51099
6.6086,1.1607,1.6619,-0.21513,0.23028,-0.26171,-0.42929,0.53625,-0.51079,7.7888,4.0301,0.94255,0.29915,-0.48913,0.29853,-0.49002,0.1137,-0.69495,6.3097,-4.4965,3.0377,-0.09827,0.89695,0.6125,-0.25112,0.81418,0.14314,-8.9981,-0.74506,-0.67383,-1.1979,0.32083,1.8258,0.34583,-0.4712,0.62075,-8.5358,-1.5911,-1.9159,-0.40153,-0.04806,1.1079,0.51565,0.46719,-0.50064
6.5618,0.77524,1.8232,-0.097878,0.028104,-0.16767,-0.43075,0.53615,-0.51124,7.0783,3.3468,0.88161,-0.16374,-0.41296,0.071337,-0.50173,0.1184,-0.68733,6.1563,-6.0013,3.1985,1.2918,0.92425,0.82946,-0.23239,0.82244,0.11443,-8.7614,-0.22763,-0.4596,-1.2442,0.28826,1.898,0.29771,-0.5269,0.59904,-8.7535,-2.1219,-1.4878,-0.53533,-0.1564,1.0913,0.53297,0.45179,-0.49751
7.3959,0.85607,2.1657,-0.050038,-0.1099,-0.092125,-0.43294,0.53368,-0.50789,7.0618,2.6985,0.59667,0.071389,-0.42431,0.019444,-0.51129,0.11886,-0.67875,6.1045,-2.6108,2.6889,1.8171,0.87251,0.6925,-0.20611,0.83509,0.049583,-8.0792,-0.48967,0.094504,-0.89655,0.35272,2.0202,0.24252,-0.57431,0.57826,-8.604,-2.347,-1.4112,-0.7677,-0.018546,0.95257,0.54859,0.44497,-0.48585
8.128,1.1472,1.9867,0.077269,-0.14497,-0.04248,-0.43866,0.53136,-0.50441,7.8256,2.471,0.49826,0.031801,-0.47453,0.11208,-0.5184,0.12755,-0.67095,6.59,-1.3595,2.2295,0.87393,0.67742,0.49345,-0.18553,0.84049,-0.009882,-7.2671,-0.26753,-0.257,-0.51475,0.37556,1.9639,0.18001,-0.61567,0.56146,-9.2544,-1.5894,-1.4351,-1.018,0.022834,0.77735,0.55858,0.44117,-0.47674
8.6951,1.5263,2.3813,0.19032,-0.14524,-0.023084,-0.44343,0.52712,-0.50535,9.0896,2.2567,0.66541,0.050357,-0.42953,0.17994,-0.53051,0.129,-0.66175,7.3186,-1.7627,2.9223,0.13164,0.3899,0.2537,-0.17116,0.84317,-0.026117,-6.2369,-0.18121,-0.19889,-0.36006,0.33422,1.7121,0.12367,-0.63494,0.55256,-9.8607,-1.543,-1.1017,-0.81171,-0.12568,0.83221,0.57322,0.43941,-0.46161
9.2183,1.8041,2.2379,0.32432,-0.12415,0.008981,-0.44531,0.52361,-0.50632,10.206,2.9312,0.52468,0.05522,-0.39404,0.2604,-0.54078,0.12688,-0.65252,7.6655,-2.8739,4.1204,-0.22303,0.15025,0.11853,-0.16311,0.84401,-0.02449,-5.4174,0.1524,-0.30282,-0.20803,0.47767,1.1882,0.078505,-0.64208,0.54885,-9.5304,-1.1113,-1.0949,-0.58451,-0.13179,0.71567,0.5877,0.43792,-0.4488
9.2334,2.0543,2.6201,0.28274,-0.065868,0.04883,-0.4458,0.51738,-0.51077,9.8512,3.1415,0.16382,-0.056443,-0.30688,0.20661,-0.54774,0.13168,-0.64747,7.282,-4.0679,4.8345,-0.18473,-0.027606,0.050851,-0.15725,0.84589,-0.016793,-5.0427,-0.026793,-0.13006,0.010077,0.54379,0.64681,0.043569,-0.64655,0.54675,-9.6518,-1.6837,-1.711,-0.31508,-0.17535,0.54836,0.59469,0.43057,-0.44434
9.5026,2.0536,2.2715,0.21161,-0.15114,0.072821,-0.44594,0.51264,-0.51363,9.5036,2.9316,-0.023948,0.13082,-0.24673,0.14572,-0.55332,0.13313,-0.64113,6.3462,-3.7168,4.1421,0.20885,-0.23866,-0.10125,-0.15588,0.84437,-0.018947,-5.1293,2.1337,-0.45672,0.20502,0.73162,0.055603,0.019916,-0.64512,0.55026,-10.412,0.088266,-1.2111,-0.12186,-0.13622,0.4019,0.59945,0.42348,-0.44406
9.8748,2.0132,2.3487,0.19636,-0.23685,0.15255,-0.44786,0.50813,-0.51526,10.086,3.262,0.3019,0.36485,-0.16463,0.25998,-0.55429,0.13436,-0.63966,6.5221,-3.7851,3.8355,0.025408,-0.51079,-0.22297,-0.16207,0.84353,-0.0134,-6.0486,2.1241,-0.81274,0.082371,0.43081,-0.54122,0.014216,-0.63983,0.55076,-10.368,-0.58499,-0.9732,-0.29962,-0.22029,0.44339,0.60032,0.41588,-0.44942
10.667,2.3115,2.103,0.24945,-0.032117,0.26947,-0.44541,0.5049,-0.51882,10.901,3.119,0.76551,0.66098,0.031039,0.3343,-0.55207,0.12774,-0.64032,6.8343,-4.3171,4.4411,-0.10945,-0.70581,-0.29062,-0.17027,0.84174,-0.007928,-8.8698,4.4692,-1.2545,0.12648,0.5206,-1.2786,0.026848,-0.64,0.54751,-10.979,1.7187,-1.0669,-0.36797,-0.18388,0.56337,0.60386,0.40928,-0.44804
12.62,2.4734,2.1785,0.35866,-0.005901,0.37732,-0.43926,0.50428,-0.52174,12.461,3.5583,0.63128,1.0772,0.22501,0.39714,-0.54851,0.10913,-0.64659,9.1098,-4.1951,4.4539,-0.29627,-0.98526,-0.34463,-0.17411,0.84111,-0.007733,-13.939,8.0147,-2.1779,0.48425,0.063744,-1.7371,0.062345,-0.63077,0.55536,-12.39,-0.00757,-1.0655,-0.40753,-0.30227,0.72167,0.61112,0.40258,-0.44512
14.132,2.3581,2.0251,0.057686,0.13478,0.39468,-0.42889,0.50653,-0.52926,14.704,4.7409,0.66259,0.89589,0.31963,0.51172,-0.53559,0.091932,-0.65532,14.196,-5.038,5.196,-0.50202,-0.88482,-0.67186,-0.18864,0.83786,0.015719,-14.423,5.9337,0.11012,-0.089843,0.22889,-1.0816,0.088832,-0.62301,0.55897,-13.95,-2.2448,0.01494,-0.38465,-0.082384,0.18753,0.61395,0.40092,-0.44192
13.839,-0.39142,1.1099,-0.24773,0.20416,0.36279,-0.41658,0.51403,-0.52963,14.076,4.7408,0.71219,-0.93272,0.004461,0.40141,-0.52855,0.10346,-0.65849,15.045,-5.9143,2.7865,0.25304,-0.6047,-0.42116,-0.20622,0.83241,0.022081,-8.1893,1.5613,-0.96016,-0.10108,-0.17559,-1.022,0.11609,-0.62101,0.55613,-11.931,-4.3779,0.70804,-0.46367,-0.13727,-0.65825,0.6058,0.41406,-0.43804
10.745,-1.1046,0.42532,-0.3634,0.084795,0.43392,-0.40205,0.52678,-0.52758,11.145,1.5193,0.69166,-2.4836,-0.058688,-0.071716,-0.52225,0.1589,-0.64863,10.817,-3.4923,1.788,0.67723,-0.58345,0.18959,-0.20777,0.83022,0.015978,-12.92,1.6612,-2.4356,0.067976,-0.032964,-1.4074,0.15923,-0.61359,0.5563,-11.286,-3.2733,0.087056,-0.62243,-0.046307,-1.4345,0.57931,0.45123,-0.43388
9.5246,-1.2386,-0.66647,0.06569,-0.18808,0.40358,-0.3943,0.53894,-0.51973,9.3246,-1.1222,-0.43236,-2.2991,0.40582,-0.44227,-0.51973,0.21471,-0.63489,8.9937,-2.7137,0.69069,0.84528,-0.6129,0.43836,-0.19261,0.83291,-0.004564,-9.8832,2.4274,-1.6703,-0.013794,-0.42847,-1.1347,0.19728,-0.60008,0.55558,-13.111,-1.1372,-1.7231,0.013678,-0.15248,-1.5582,0.54883,0.49063,-0.42731
9.3203,-0.22999,-0.56449,0.53219,0.30766,0.30999,-0.38824,0.53614,-0.52685,9.6413,-2.346,-1.0289,-1.2257,0.92393,-0.26886,-0.5092,0.25808,-0.62728,8.7746,-2.2441,-0.50892,1.0576,-0.61023,0.11184,-0.18429,0.83253,-0.037539,-10.725,0.48378,-2.1052,0.1291,-0.002237,-1.0977,0.2191,-0.59254,0.55656,-11.549,-4.0415,0.13282,0.042511,-0.52017,-1.5939,0.51154,0.52384,-0.4342
9.2548,-0.20962,1.8969,0.29346,0.37168,0.22925,-0.37447,0.53051,-0.53997,9.84,-1.6985,-1.0782,0.48688,1.3571,-0.014667,-0.47729,0.26262,-0.64436,8.9417,-1.4965,-0.86166,0.40751,-0.75496,-0.27857,-0.18896,0.82968,-0.056574,-9.58,1.2691,-2.3381,0.25956,-0.31636,-1.1625,0.25288,-0.57484,0.56176,-12.686,1.2896,0.023416,-0.4178,0.15887,-1.4486,0.47437,0.55846,-0.42827
9.0448,-0.79837,1.3544,0.48315,0.20253,0.16086,-0.36706,0.52724,-0.549,8.6679,-0.4609,-0.80272,1.7685,1.3375,-0.019133,-0.43981,0.22994,-0.6792,8.7875,-1.5314,0.021595,-0.1307,-0.93276,-0.43417,-0.20512,0.8264,-0.051094,-8.9378,1.4054,-2.0327,0.16133,0.037303,-1.1988,0.28295,-0.55711,0.56781,-11.082,-2.1231,-0.18275,-0.21631,0.19915,-1.7741,0.43476,0.59405,-0.41652
7.9069,-0.43271,1.1094,0.31792,0.46683,0.15574,-0.35651,0.51585,-0.56365,8.0599,0.21086,0.64003,2.3428,1.2145,-0.11875,-0.39735,0.16337,-0.71828,8.7974,-2.1425,0.97134,-0.33197,-0.94366,-0.36737,-0.21677,0.82404,-0.034515,-8.7737,1.7333,-1.3997,0.2775,-0.087817,-1.0866,0.31863,-0.53342,0.57564,-10.569,-0.34769,-0.21413,0.676,0.22303,-1.8136,0.38897,0.61253,-0.42585
7.1235,-0.22197,1.8508,0.37579,0.39999,0.075814,-0.34412,0.51045,-0.57551,7.4265,0.87414,1.8347,2.6306,1.1283,-0.18914,-0.36252,0.089185,-0.74749,8.0718,-2.5984,1.3594,-0.17593,-0.73785,-0.20629,-0.22631,0.82246,-0.018558,-8.9388,1.957,-1.2457,0.35185,-0.015632,-1.0702,0.34386,-0.51133,0.58351,-9.244,0.008022,-1.1842,0.8803,0.2829,-1.7998,0.34575,0.61979,-0.44621
6.9016,-0.099945,1.4172,0.20143,0.24336,0.011459,-0.33632,0.50712,-0.58216,6.7786,3.3469,1.8493,2.6486,1.1198,-0.45765,-0.32702,0.011346,-0.76493,7.4048,-2.6813,0.74447,0.085615,-0.51005,-0.00787,-0.23317,0.82124,-0.011295,-8.669,1.7334,-1.3301,0.44114,0.09155,-0.99272,0.36256,-0.48552,0.59387,-8.5558,-0.77382,-0.65928,0.96642,0.23507,-1.7771,0.3061,0.62983,-0.45957
7.1222,-0.30495,2.2307,0.020631,0.1736,0.045312,-0.32975,0.50611,-0.58466,6.5576,5.5671,1.9626,1.5228,0.9388,-0.71583,-0.2937,-0.058687,-0.77377,7.1759,-2.5434,0.36701,0.054193,-0.37417,0.080646,-0.23086,0.82217,-0.009961,-10.757,2.4025,1.6729,0.18775,-0.26968,-1.0734,0.38115,-0.46108,0.60104,-8.3242,-1.2837,-0.38786,0.9395,0.34262,-1.7673,0.26642,0.62959,-0.47879
7.5691,-0.11042,2.7053,0.026061,0.065396,0.11882,-0.32435,0.50637,-0.58683,6.9983,4.4155,2.4533,0.18247,0.7208,-0.77004,-0.26481,-0.08688,-0.77886,7.1968,-3.1741,0.031152,-0.022331,-0.27472,0.11604,-0.22856,0.82169,-0.008837,-9.0934,1.8633,-0.49855,0.43268,-0.065661,-0.8349,0.40181,-0.43795,0.60576,-8.1361,-0.91196,-0.15961,0.47667,0.30131,-1.8597,0.22593,0.63082,-0.49099
8.3591,-0.10179,2.6666,-0.052892,-0.065266,0.21784,-0.32334,0.50638,-0.58758,7.3263,2.9306,2.6892,-0.056529,0.46132,-0.5553,-0.2429,-0.099943,-0.78218,8.0926,-2.7838,0.34577,-0.025478,-0.099033,0.072521,-0.21998,0.8234,-0.012022,-9.2396,1.0695,-0.9057,0.44624,-0.038322,-0.78636,0.41732,-0.40892,0.61482,-7.2841,-1.8188,-0.43148,0.086399,0.2914,-1.8239,0.18015,0.63363,-0.49927
9.3246,-0.57071,3.1483,-0.26439,-0.12219,0.25073,-0.32359,0.51435,-0.58198,7.4431,3.2328,3.3473,0.19819,0.22441,-0.31583,-0.23169,-0.1067,-0.78491,9.2126,-2.3988,0.49051,-0.20807,-0.012035,-0.038442,-0.21884,0.82231,-0.008952,-8.9906,0.39735,-1.3051,0.36328,-0.11488,-0.68382,0.43358,-0.38429,0.62086,-6.6777,-2.1737,-0.1309,0.27877,0.26789,-1.6403,0.14116,0.63888,-0.50237
9.3614,-0.85123,2.8334,-0.072159,0.022136,0.15368,-0.31951,0.52128,-0.57661,7.3426,4.3716,3.4807,-0.073524,0.023833,-0.25405,-0.22338,-0.10624,-0.78562,10.024,-3.0503,1.2793,-0.83646,0.10038,-0.07764,-0.22288,0.82088,0.009884,-10.762,0.9656,-0.80115,0.30729,-0.21514,-0.66668,0.44461,-0.3655,0.62158,-6.461,-2.4284,-0.19515,0.38333,0.31183,-1.2161,0.11032,0.64305,-0.50353
8.9948,-0.91681,3.3002,-0.028765,-0.058221,0.059228,-0.31541,0.52446,-0.57345,7.4245,3.7758,3.3546,-0.33983,-0.060728,-0.26127,-0.22219,-0.09867,-0.78595,9.5383,-3.4984,0.7566,-0.74228,0.10743,-0.091817,-0.22422,0.82059,0.033174,-9.0494,0.031382,-1.7109,-0.006951,-0.06502,-0.52741,0.45609,-0.35132,0.62181,-6.2674,-2.9963,-0.3876,0.23614,0.25625,-0.7486,0.090901,0.63935,-0.51062
8.7263,-0.90768,3.4101,0.018721,-0.19269,0.016075,-0.31655,0.52489,-0.57008,7.2187,3.6747,3.207,-0.1487,-0.060485,-0.20243,-0.22335,-0.093327,-0.78509,8.9708,-3.4877,0.49846,-0.63548,-0.021413,-0.19456,-0.2294,0.81598,0.054153,-9.6905,-0.010346,-1.3037,-0.038898,-0.09373,-0.57876,0.46555,-0.34288,0.61967,-5.88,-4.5838,0.24205,0.22003,0.27564,-0.35961,0.082929,0.63687,-0.51249
9.0245,-0.95397,3.2704,0.041025,-0.26186,0.014599,-0.32433,0.52251,-0.56825,6.7236,3.8883,3.171,-0.023339,-0.092834,-0.032076,-0.22781,-0.09624,-0.78271,8.7094,-4.6933,0.75525,-0.28773,-0.16236,-0.20701,-0.23332,0.8141,0.070886,-9.2413,-0.12945,-1.0845,0.040457,-0.058739,-0.42412,0.47386,-0.33448,0.61544,-5.8508,-4.6262,-0.48953,0.014276,0.32294,-0.069369,0.087481,0.62855,-0.51888
9.6222,-0.78702,2.9254,0.032911,-0.28916,-0.027198,-0.33054,0.51821,-0.56675,6.8104,4.6509,3.3888,0.010604,-0.22735,0.04886,-0.23196,-0.099311,-0.77916,9.3906,-4.2117,1.0163,-0.031313,-0.15682,-0.27536,-0.24012,0.81049,0.074369,-10.19,-1.3121,-0.68216,0.25875,-0.19418,-0.53201,0.48433,-0.32156,0.61334,-5.5052,-4.0456,-0.36262,-0.02612,0.26616,0.23499,0.095217,0.62731,-0.51374
10.635,-0.84786,3.1415,0.025294,-0.27075,-0.15668,-0.33649,0.51588,-0.56249,7.3618,4.778,3.6552,-0.057517,-0.32774,0.17083,-0.23658,-0.09323,-0.77811,10.643,-4.3974,0.88697,0.11843,-0.062508,-0.31616,-0.24757,0.80644,0.072116,-11.252,-0.74125,-0.134,0.2522,-0.19096,-0.49034,0.49587,-0.30485,0.61268,-3.7696,-13.52,-1.5688,-0.28012,0.64678,0.59501,0.10926,0.6311,-0.50784
12.467,-1.1808,3.0637,-0.032043,-0.40223,-0.26729,-0.34865,0.51027,-0.55673,9.6643,4.1994,4.4103,0.13622,-0.32177,0.43814,-0.24668,-0.090334,-0.77435,12.87,-4.0534,0.48447,0.20095,0.066446,-0.38932,-0.25802,0.80255,0.064737,-12.688,-0.62404,-0.83811,0.28848,-0.22991,-0.43674,0.50719,-0.28916,0.60933,-11.661,-4.3505,1.0712,0.1836,0.42421,0.65892,0.14045,0.62387,-0.50597
14.718,-1.1614,2.9615,-0.047986,-0.23471,-0.39458,-0.36092,0.5061,-0.55296,13.115,5.5726,4.117,0.43964,-0.45739,0.32543,-0.25803,-0.09855,-0.76712,14.682,-3.6394,0.1038,-0.093849,0.24244,-0.42672,-0.27076,0.79657,0.058792,-14.079,0.10154,0.063355,0.1518,-0.18223,-0.21823,0.5134,-0.28066,0.60654,-9.0783,-3.7414,-1.4379,-0.72935,0.027032,1.0643,0.15907,0.62488,-0.49796
15.319,-0.3925,2.1207,0.13008,0.17364,-0.46445,-0.36886,0.49657,-0.54939,13.581,4.0652,4.4823,0.6477,-0.60117,0.39397,-0.28078,-0.11126,-0.75773,15.102,-4.2402,0.84424,0.032158,0.26793,-0.3152,-0.28309,0.78785,0.056174,-13.316,2.9515,0.6382,0.28399,-0.22377,0.28062,0.51588,-0.27288,0.60433,-12.655,-6.8194,-0.70001,-0.71843,0.18599,1.6025,0.2064,0.6277,-0.47419
12.497,0.88109,0.48135,0.18518,0.53995,-0.58574,-0.36993,0.48297,-0.55762,11.698,5.9661,2.5306,0.34883,-0.62572,0.16322,-0.29928,-0.12604,-0.74601,12.116,-2.8453,1.6915,0.85421,0.34441,-0.0587,-0.28868,0.78413,0.038727,-12.622,2.2001,1.6957,0.18374,-0.37851,0.86708,0.51393,-0.28398,0.5984,-11.019,-4.9004,-0.59251,0.28756,-0.11222,1.496,0.24342,0.61682,-0.47066
9.8052,1.5144,-0.60915,-0.027604,0.84313,-0.61408,-0.36565,0.4744,-0.56648,9.0386,5.0191,1.4334,-0.8801,-0.57027,-0.087519,-0.31454,-0.11451,-0.74115,9.7365,-1.2997,0.85845,1.0774,0.58844,0.25861,-0.28624,0.78395,0.007677,-11.134,1.8283,-1.2596,0.25155,-0.23301,1.4061,0.50699,-0.30091,0.59315,-10.034,-2.5595,-0.64425,0.54334,0.18823,1.6071,0.28166,0.5957,-0.47552
8.5102,2.0421,-0.29477,-0.43766,0.64251,-0.45883,-0.35796,0.47037,-0.57023,8.3897,3.4346,0.24854,-1.8935,-0.54712,-0.008271,-0.33129,-0.070657,-0.7394,8.8387,-0.28868,0.17696,0.83813,0.83083,0.54572,-0.26983,0.78507,-0.027918,-11.483,2.2998,0.44317,0.83625,-0.49427,1.0374,0.49654,-0.31102,0.59359,-9.7572,-2.4628,-0.92313,-0.00572,-0.096062,1.3044,0.3161,0.57341,-0.48317
8.4293,1.481,1.2601,-0.68459,0.27758,-0.35085,-0.35415,0.48281,-0.56228,8.6588,1.5932,-0.45077,-2.0416,-0.481,0.24917,-0.34595,-0.005735,-0.73536,8.6477,0.35362,-0.020461,0.21035,0.98108,0.646,-0.24883,0.78744,-0.05139,-12.726,-0.48203,-0.76401,0.5944,0.34298,1.4097,0.47541,-0.32423,0.5975,-10.401,-1.8596,-1.6793,-0.67246,-0.21144,1.3381,0.34177,0.5647,-0.47746
8.903,1.2145,2.1273,-0.51731,0.12167,-0.28147,-0.35563,0.49038,-0.55515,8.7944,0.85737,-0.69387,-1.1606,-0.47844,0.46592,-0.35983,0.050842,-0.7256,9.4418,0.24438,0.41152,-0.43001,1.0835,0.5397,-0.22373,0.7933,-0.067297,-12.444,-1.9103,-1.4469,0.010295,0.39104,1.3612,0.44021,-0.34936,0.60463,-9.2878,-2.9741,-2.7091,-0.4617,-0.0513,1.2983,0.36958,0.54599,-0.47807
0,0,0,0,0,0,0,0,0,0,0,0,0,0,0,0,0,0,0,0,0,0,0,0,0,0,0,0,0,0,0,0,0,0,0,0,0,0,0,0,0,0,0,0,0
0,0,0,0,0,0,0,0,0,0,0,0,0,0,0,0,0,0,0,0,0,0,0,0,0,0,0,0,0,0,0,0,0,0,0,0,0,0,0,0,0,0,0,0,0
0,0,0,0,0,0,0,0,0,0,0,0,0,0,0,0,0,0,0,0,0,0,0,0,0,0,0,0,0,0,0,0,0,0,0,0,0,0,0,0,0,0,0,0,0
0,0,0,0,0,0,0,0,0,0,0,0,0,0,0,0,0,0,0,0,0,0,0,0,0,0,0,0,0,0,0,0,0,0,0,0,0,0,0,0,0,0,0,0,0
0,0,0,0,0,0,0,0,0,0,0,0,0,0,0,0,0,0,0,0,0,0,0,0,0,0,0,0,0,0,0,0,0,0,0,0,0,0,0,0,0,0,0,0,0
0,0,0,0,0,0,0,0,0,0,0,0,0,0,0,0,0,0,0,0,0,0,0,0,0,0,0,0,0,0,0,0,0,0,0,0,0,0,0,0,0,0,0,0,0
0,0,0,0,0,0,0,0,0,0,0,0,0,0,0,0,0,0,0,0,0,0,0,0,0,0,0,0,0,0,0,0,0,0,0,0,0,0,0,0,0,0,0,0,0
0,0,0,0,0,0,0,0,0,0,0,0,0,0,0,0,0,0,0,0,0,0,0,0,0,0,0,0,0,0,0,0,0,0,0,0,0,0,0,0,0,0,0,0,0
0,0,0,0,0,0,0,0,0,0,0,0,0,0,0,0,0,0,0,0,0,0,0,0,0,0,0,0,0,0,0,0,0,0,0,0,0,0,0,0,0,0,0,0,0
0,0,0,0,0,0,0,0,0,0,0,0,0,0,0,0,0,0,0,0,0,0,0,0,0,0,0,0,0,0,0,0,0,0,0,0,0,0,0,0,0,0,0,0,0
0,0,0,0,0,0,0,0,0,0,0,0,0,0,0,0,0,0,0,0,0,0,0,0,0,0,0,0,0,0,0,0,0,0,0,0,0,0,0,0,0,0,0,0,0
0,0,0,0,0,0,0,0,0,0,0,0,0,0,0,0,0,0,0,0,0,0,0,0,0,0,0,0,0,0,0,0,0,0,0,0,0,0,0,0,0,0,0,0,0
0,0,0,0,0,0,0,0,0,0,0,0,0,0,0,0,0,0,0,0,0,0,0,0,0,0,0,0,0,0,0,0,0,0,0,0,0,0,0,0,0,0,0,0,0
0,0,0,0,0,0,0,0,0,0,0,0,0,0,0,0,0,0,0,0,0,0,0,0,0,0,0,0,0,0,0,0,0,0,0,0,0,0,0,0,0,0,0,0,0
0,0,0,0,0,0,0,0,0,0,0,0,0,0,0,0,0,0,0,0,0,0,0,0,0,0,0,0,0,0,0,0,0,0,0,0,0,0,0,0,0,0,0,0,0
0,0,0,0,0,0,0,0,0,0,0,0,0,0,0,0,0,0,0,0,0,0,0,0,0,0,0,0,0,0,0,0,0,0,0,0,0,0,0,0,0,0,0,0,0
0,0,0,0,0,0,0,0,0,0,0,0,0,0,0,0,0,0,0,0,0,0,0,0,0,0,0,0,0,0,0,0,0,0,0,0,0,0,0,0,0,0,0,0,0
0,0,0,0,0,0,0,0,0,0,0,0,0,0,0,0,0,0,0,0,0,0,0,0,0,0,0,0,0,0,0,0,0,0,0,0,0,0,0,0,0,0,0,0,0
0,0,0,0,0,0,0,0,0,0,0,0,0,0,0,0,0,0,0,0,0,0,0,0,0,0,0,0,0,0,0,0,0,0,0,0,0,0,0,0,0,0,0,0,0
0,0,0,0,0,0,0,0,0,0,0,0,0,0,0,0,0,0,0,0,0,0,0,0,0,0,0,0,0,0,0,0,0,0,0,0,0,0,0,0,0,0,0,0,0
0,0,0,0,0,0,0,0,0,0,0,0,0,0,0,0,0,0,0,0,0,0,0,0,0,0,0,0,0,0,0,0,0,0,0,0,0,0,0,0,0,0,0,0,0
0,0,0,0,0,0,0,0,0,0,0,0,0,0,0,0,0,0,0,0,0,0,0,0,0,0,0,0,0,0,0,0,0,0,0,0,0,0,0,0,0,0,0,0,0
0,0,0,0,0,0,0,0,0,0,0,0,0,0,0,0,0,0,0,0,0,0,0,0,0,0,0,0,0,0,0,0,0,0,0,0,0,0,0,0,0,0,0,0,0
0,0,0,0,0,0,0,0,0,0,0,0,0,0,0,0,0,0,0,0,0,0,0,0,0,0,0,0,0,0,0,0,0,0,0,0,0,0,0,0,0,0,0,0,0
0,0,0,0,0,0,0,0,0,0,0,0,0,0,0,0,0,0,0,0,0,0,0,0,0,0,0,0,0,0,0,0,0,0,0,0,0,0,0,0,0,0,0,0,0
