9.7359,-0.19049,0.68087,0.015815,-0.001852,-0.01134,-0.49888,-0.99583,0.30632,-0.023571,9.3497,2.7143,0.006123,0.006699,-0.009001,0.075359,-0.67802,0.77367,3.5567,-6.9616,5.8625,0.001565,0.000711,-0.004945,-1.1572,0.02834,-0.042849,-8.9902,1.7628,-3.2684,-0.003743,0.014069,-0.002934,0.80155,0.47958,-0.46743,-8.9803,-1.2871,-3.5896,-0.001786,0.000997,-0.008646,0.11574,-0.079069,1.0198
9.6767,-0.13058,0.63605,-0.000411,0.01259,-0.010519,-0.49842,-0.99675,0.30766,-0.021261,9.3088,2.6509,0.017679,0.00146,-0.001129,0.074991,-0.67968,0.77368,3.5154,-6.9904,5.7939,0.003462,-0.010255,-0.008511,-1.1584,0.027883,-0.043649,-9.0133,1.7024,-3.3285,0.005801,-0.007162,0.004952,0.80311,0.47889,-0.46658,-9.07,-1.2047,-3.5312,-0.008986,0.007229,-0.010358,0.1155,-0.080346,1.0198
9.8107,-0.13919,0.66685,-0.020358,0.014643,-0.004156,-0.49767,-0.99535,0.30689,0.022409,9.4494,2.6518,0.00682,-0.000195,0.007871,0.075183,-0.67812,0.77277,3.6251,-7.0152,5.7814,0.002718,-0.006847,-0.015542,-1.1597,0.028944,-0.04225,-8.9688,1.7328,-3.4027,0.003507,0.022737,-0.008957,0.80255,0.47915,-0.46686,-8.9578,-1.2723,-3.5967,0.003498,-0.01139,-0.001517,0.11599,-0.07881,1.0197
9.8328,-0.19115,0.65176,0.024957,0.012394,-0.015029,-0.49791,-0.99637,0.30741,-0.011584,9.5119,2.7637,-0.005858,-0.00366,0.016855,0.074987,-0.67866,0.77379,3.5934,-7.0638,5.904,-0.005471,0.013226,-0.010227,-1.1576,0.027972,-0.042614,-9.0582,1.7321,-3.3144,-0.011469,0.017517,-0.016928,0.80278,0.48006,-0.46762,-9.1299,-1.1969,-3.562,0.012312,0.006984,0.016749,0.11414,-0.080111,1.0207
9.8701,-0.14734,0.73438,0.011286,0.00548,-0.004977,-0.49729,-0.99642,0.30927,0.010523,9.4152,2.7172,0.016724,0.006829,0.006043,0.075328,-0.67839,0.77304,3.5448,-7.1899,5.9641,0.001813,-0.004125,-0.01558,-1.1591,0.028418,-0.043571,-9.1713,1.9342,-3.3319,-0.000157,0.004361,-0.009034,0.802,0.4809,-0.46663,-9.1004,-1.4058,-3.6517,0.009008,-0.006057,-0.006853,0.11749,-0.07855,1.0209
9.796,-0.08716,0.65216,-0.013131,0.00736,-0.008675,-0.49685,-0.99638,0.30771,-0.007436,9.5222,2.6279,0.010435,-0.012715,-0.011631,0.073254,-0.68039,0.77387,3.5934,-7.0419,5.8743,0.016917,-0.004841,-0.012885,-1.16,0.028835,-0.043134,-9.0294,1.8901,-3.4041,0.002896,-0.007144,0.014694,0.80211,0.47882,-0.4679,-8.9653,-1.3021,-3.5894,-0.0038,-0.020304,0.002064,0.11608,-0.07906,1.0192
9.7063,-0.16779,0.62111,-0.001378,0.006429,-0.002285,-0.49626,-0.99617,0.30904,0.027603,9.2989,2.6709,0.00316,-0.010798,0.006199,0.071318,-0.67741,0.77653,3.5811,-6.9712,5.7702,0.006868,-0.000968,-0.001402,-1.1579,0.028763,-0.043773,-8.9827,1.5972,-3.2678,-0.024771,0.001651,-0.018833,0.80319,0.48016,-0.46734,-9.0399,-1.0626,-3.6348,-0.006243,0.018924,-0.008498,0.11626,-0.079318,1.0197
9.7883,-0.16117,0.65162,0.00228,0.012671,-0.005033,-0.49702,-0.99705,0.30928,0.012597,9.4105,2.6664,0.015825,0.006842,0.003534,0.072797,-0.6801,0.77256,3.5715,-7.0247,5.8149,-0.008969,0.000439,-0.012024,-1.158,0.028502,-0.042898,-8.9984,1.7323,-3.2907,0.031786,0.022723,-0.002772,0.80318,0.4798,-0.46773,-9.0553,-1.3767,-3.4866,-0.016305,0.001033,-0.004954,0.11627,-0.079574,1.0198
9.855,-0.17699,0.77137,0.017651,0.014462,-0.000447,-0.49645,-0.99733,0.31022,-0.021508,9.4441,2.7295,0.010365,-0.005564,0.000846,0.073513,-0.67925,0.77412,3.5568,-7.0637,5.923,-0.009243,-0.002892,0.000323,-1.158,0.027983,-0.042384,-9.0288,1.7851,-3.4039,0.013466,0.035072,-0.016799,0.80287,0.48047,-0.46864,-9.0402,-1.2868,-3.5906,0.010704,-0.009529,-0.00058,0.11597,-0.079573,1.0193
9.7808,-0.16845,0.63659,-0.002274,0.00641,-0.005926,-0.49587,-0.99806,0.30881,-0.004653,9.4686,2.6763,-0.000347,-0.010007,-0.005309,0.074053,-0.6804,0.77443,3.5471,-7.0538,5.8689,0.002558,-0.006648,-0.008503,-1.158,0.028502,-0.042898,-9.1037,1.8891,-3.2405,-0.021456,0.01228,-0.010752,0.80215,0.47977,-0.46649,-9.0402,-1.2567,-3.6503,0.010819,0.003827,-0.005015,0.116,-0.077793,1.02
9.7509,-0.17565,0.64378,0.003155,0.010942,0.001355,-0.49665,-0.99692,0.3089,0.022756,9.3375,2.7099,-0.000445,-0.016133,0.002649,0.074739,-0.6801,0.77293,3.5519,-7.0295,5.8636,-0.003789,-0.002949,-0.004083,-1.1585,0.028133,-0.042663,-8.9839,1.7776,-3.358,0.015428,-0.000142,0.012074,0.80198,0.48092,-0.46702,-8.9804,-1.3468,-3.6047,-0.016158,0.006249,-0.012191,0.11755,-0.080325,1.0196
9.7808,-0.14635,0.66657,-0.003998,0.028001,-0.001459,-0.49545,-0.99783,0.30935,-0.012021,9.4396,2.6494,0.02041,0.015626,-0.001793,0.07426,-0.68088,0.77343,3.5811,-7.0151,5.854,-0.008332,-0.011069,0.000321,-1.1588,0.027632,-0.042787,-9.0283,1.7098,-3.3288,5.3e-05,0.013967,-0.015194,0.80287,0.48071,-0.46851,-9.0849,-1.1674,-3.5164,-0.00907,0.013653,-0.003073,0.11649,-0.079568,1.0193
9.796,-0.11664,0.61467,-0.000403,0.021693,-0.001427,-0.49627,-0.99755,0.30879,0.041977,9.4201,2.6764,0.012268,0.004155,-0.00178,0.073763,-0.67924,0.77401,3.6032,-7.0758,5.8261,-0.000988,-0.013971,-0.008508,-1.1581,0.02903,-0.044286,-9.0133,1.7098,-3.3135,0.003416,0.015721,-0.006357,0.80397,0.48055,-0.46782,-9.0477,-1.2866,-3.6356,-0.016181,0.006307,-0.010354,0.11731,-0.079819,1.0199
9.7809,-0.14629,0.65166,-0.002192,0.013422,-0.018722,-0.49676,-0.99681,0.30942,0.022643,9.4005,2.7248,0.012046,-0.0179,0.004324,0.074151,-0.67949,0.77404,3.5934,-7.0248,5.8348,-0.007046,0.003899,-0.019074,-1.1587,0.028021,-0.043665,-9.021,1.7622,-3.2987,0.013555,0.024506,-0.023049,0.80193,0.47985,-0.46868,-8.9953,-1.2721,-3.5898,0.008927,0.003017,0.000392,0.11742,-0.079307,1.0197
9.7958,-0.13166,0.66678,-0.00948,0.023644,0.004939,-0.49678,-0.99705,0.3089,-0.012015,9.4372,2.6494,0.012252,-0.013635,-0.014331,0.073516,-0.6795,0.77413,3.552,-7.0879,5.8915,-0.015364,-0.003075,-0.004986,-1.1591,0.028668,-0.042585,-9.0515,1.8673,-3.352,-0.003722,-0.003616,-0.008226,0.80168,0.47996,-0.46818,-9.0177,-1.2719,-3.6051,-0.009079,0.001092,-0.003185,0.11663,-0.080077,1.0193
9.7883,-0.14641,0.66663,0.008694,0.034247,0.003093,-0.49753,-0.99706,0.30965,-0.00693,9.4128,2.6809,0.005063,-0.009159,-0.008025,0.073846,-0.67947,0.77312,3.5568,-7.0248,5.9003,-0.005806,0.010013,0.005657,-1.1589,0.028663,-0.042947,-9.0138,1.8072,-3.2986,-0.007645,0.005185,0.009472,0.80414,0.47904,-0.46768,-9.0402,-1.3019,-3.5608,-2.5e-05,0.00647,-0.004968,0.11718,-0.079057,1.0201
9.7957,-0.14659,0.69652,0.024971,0.023271,-0.005956,-0.49647,-0.99682,0.30995,-0.026476,9.4007,2.6807,0.003332,0.003241,-0.004393,0.073739,-0.68151,0.77315,3.5422,-7.0344,5.8831,0.010575,-0.002942,-0.008486,-1.1595,0.028949,-0.043979,-9.0209,1.7323,-3.3137,-0.009063,-0.000103,-0.006464,0.80373,0.47867,-0.46783,-9.0551,-1.272,-3.546,-0.007335,-0.009631,-0.002338,0.11548,-0.078561,1.0198
9.796,-0.10932,0.63709,-0.00225,0.014531,-0.002309,-0.49619,-0.99558,0.31035,0.002582,9.4446,2.6325,0.019324,-0.012653,-0.002821,0.074119,-0.68037,0.77328,3.6056,-7.0589,5.8552,-0.002164,-0.004569,0.003876,-1.1584,0.02813,-0.042782,-9.0732,1.7469,-3.2848,-0.001904,0.012237,-0.008136,0.80303,0.48044,-0.46799,-9.0251,-1.182,-3.6797,-0.010779,0.006359,-0.008573,0.1166,-0.079579,1.0209
9.8107,-0.14653,0.65188,0.014117,0.021488,-0.010524,-0.49634,-0.99594,0.30995,-0.002089,9.4467,2.6908,0.001448,-0.012688,-0.008008,0.074625,-0.6796,0.77329,3.6421,-7.0421,5.8432,0.001475,-0.002823,0.000364,-1.1591,0.03007,-0.041876,-9.0061,1.7474,-3.3284,0.005938,0.001634,-0.001154,0.80418,0.48085,-0.46589,-9.0182,-1.3474,-3.5665,0.001473,-0.006626,0.009428,0.11639,-0.081247,1.0192
9.766,-0.13142,0.66656,0.028579,0.025118,0.001333,-0.49569,-0.99576,0.31246,-0.016649,9.4151,2.7003,0.005084,-0.010971,-0.012481,0.076181,-0.6796,0.77364,3.5544,-7.0295,5.8343,-0.012533,-0.005045,-0.012045,-1.1601,0.028827,-0.042017,-9.0435,1.7771,-3.2992,-0.001395,0.015754,0.009541,0.8028,0.48016,-0.46711,-9.078,-1.2875,-3.53,0.028547,-0.027236,0.003822,0.11597,-0.079224,1.0209
9.7661,-0.11649,0.63682,0.010534,0.035049,-0.002383,-0.49676,-0.99548,0.3119,-0.004437,9.3958,2.6808,0.009505,-0.018918,-0.011672,0.075252,-0.67933,0.77307,3.5276,-7.0634,5.8492,-0.007123,-0.003242,-0.014696,-1.1589,0.029299,-0.04259,-9.0291,1.8821,-3.284,-0.016321,0.01048,-0.001064,0.80257,0.48123,-0.46891,-8.9507,-1.243,-3.6248,0.002406,-0.002158,0.00942,0.11896,-0.079182,1.0194
9.773,-0.191,0.73336,0.025031,0.03127,-0.011464,-0.49757,-0.99597,0.31134,-0.006706,9.4004,2.7294,0.015771,-0.021618,-0.015293,0.076646,-0.68008,0.77265,3.5421,-7.0101,5.8925,-0.012688,-0.012143,-0.004997,-1.1594,0.029185,-0.042113,-9.0061,1.7327,-3.4034,0.003355,0.012196,-0.002852,0.80198,0.4803,-0.46727,-9.0854,-1.2577,-3.5076,0.003193,-0.007408,0.013968,0.11751,-0.078938,1.0189
9.7959,-0.13145,0.61457,0.017622,0.00363,-0.002237,-0.49721,-0.9935,0.31344,0.012418,9.4203,2.6276,0.01216,-0.017976,-0.006349,0.076839,-0.68036,0.77381,3.5666,-7.0879,5.8649,-0.002056,0.000765,-0.001426,-1.159,0.030704,-0.041763,-9.0732,1.7619,-3.2848,-0.002,0.003437,-0.004664,0.80383,0.48018,-0.46808,-9.0255,-1.2053,-3.6185,0.007028,-0.020303,-0.003343,0.11801,-0.077276,1.019
9.7516,-0.086387,0.54739,0.005119,0.024095,-0.018764,-0.49597,-0.99518,0.31454,0.034744,9.4151,2.7006,0.008381,-0.021359,0.011453,0.076552,-0.67946,0.7734,3.5764,-7.0928,5.8504,-0.000276,-0.019187,0.000305,-1.1588,0.029543,-0.041474,-9.0061,1.7474,-3.3284,-0.007429,0.005173,0.000634,0.80331,0.48178,-0.46721,-9.0181,-1.2876,-3.5887,-0.009012,0.009923,-0.012146,0.11861,-0.077661,1.0201
9.7506,-0.2056,0.72564,0.041274,0.021324,-0.008666,-0.4966,-0.99557,0.31504,-0.040848,9.3665,2.7364,0.008653,-0.00386,-0.005369,0.077592,-0.68124,0.77336,3.5835,-6.9276,5.8232,-0.007157,-0.006872,-0.013791,-1.1584,0.030159,-0.040473,-9.0136,1.7698,-3.3136,0.005376,0.019236,-0.015144,0.80388,0.47952,-0.46706,-9.1003,-1.2579,-3.4257,0.011441,-0.0076,0.003101,0.11864,-0.077537,1.0206
9.7884,-0.14618,0.60696,0.045808,0.039514,0.015885,-0.49594,-0.99507,0.31506,-0.004731,9.4832,2.6666,0.022889,-0.007322,0.001629,0.077569,-0.6797,0.7732,3.5277,-7.1314,5.8601,-0.025944,-0.001469,-0.010304,-1.1589,0.031453,-0.040036,-9.0887,1.837,-3.3227,-0.024896,0.001707,-0.015253,0.80297,0.48012,-0.46607,-9.0257,-1.2874,-3.6486,-0.016406,-0.004217,-0.001366,0.11764,-0.078046,1.0192
9.8255,-0.13202,0.69684,0.025056,0.037573,-0.009662,-0.49627,-0.99447,0.31636,0.066757,9.3666,2.7176,0.003195,-0.013522,-0.00269,0.076875,-0.68114,0.77434,3.5618,-7.1365,5.9219,0.015595,-0.011576,0.008277,-1.1586,0.032723,-0.039809,-9.0137,1.7922,-3.2986,-0.027006,-0.015923,-0.001268,0.80197,0.4808,-0.46727,-9.0406,-1.2576,-3.5965,-0.00552,0.00292,-0.004957,0.11754,-0.078814,1.0194
9.7511,-0.13133,0.67391,0.037733,0.037484,-0.007828,-0.49648,-0.99424,0.31726,-0.065604,9.4007,2.6878,0.015684,-0.000166,0.013265,0.076843,-0.68138,0.7737,3.5907,-6.9614,5.8388,-0.001151,-0.015389,0.002097,-1.1586,0.031807,-0.039318,-9.0134,1.7322,-3.291,0.008782,0.008672,-0.009047,0.8026,0.48059,-0.4684,-9.0778,-1.1981,-3.4849,-0.002984,-0.01126,0.002194,0.11931,-0.079047,1.0188
9.7586,-0.1092,0.68157,0.008747,0.03953,-0.004227,-0.49624,-0.99297,0.317,0.002778,9.3863,2.6419,0.015946,0.010292,-0.006235,0.077443,-0.68059,0.77308,3.5495,-7.0753,5.801,0.001772,-0.022874,-0.007652,-1.1581,0.032302,-0.039432,-9.0139,1.8,-3.3736,-0.021236,0.013985,-0.017827,0.80278,0.47943,-0.46775,-9.0257,-1.325,-3.574,-0.002185,-0.014666,0.011195,0.12059,-0.077887,1.0189
9.7804,-0.18377,0.7633,0.026782,0.030546,0.002224,-0.49804,-0.99221,0.31745,-0.004216,9.3811,2.7269,0.014955,0.00857,0.000878,0.077978,-0.6806,0.7735,3.5517,-7.005,5.8658,6.9e-05,-0.008504,-0.0138,-1.1592,0.032852,-0.039005,-9.0435,1.8069,-3.2542,0.003505,0.0263,-0.011554,0.80292,0.48017,-0.46748,-9.0405,-1.2578,-3.5368,0.001557,-0.007665,0.002192,0.12064,-0.078784,1.0194
9.7734,-0.11693,0.73384,0.008714,0.03417,-0.0042,-0.49752,-0.99171,0.31747,-0.041172,9.3983,2.6758,0.017514,-0.012657,-0.001041,0.076934,-0.68111,0.77306,3.5616,-7.0657,5.8304,0.003596,-0.018388,-0.010286,-1.159,0.032329,-0.038484,-9.051,1.8069,-3.2694,-0.005675,-8.6e-05,-0.000268,0.80247,0.47886,-0.46904,-9.0555,-1.2427,-3.5669,-0.023621,-0.002485,-0.003133,0.11988,-0.079302,1.0195
9.7361,-0.14599,0.66624,-0.016607,0.037879,-0.006083,-0.49863,-0.99154,0.31625,-0.024211,9.4541,2.6713,-0.005628,-0.002082,-0.008786,0.080172,-0.68231,0.77109,3.5835,-7.0051,5.8101,5.4e-05,-0.015739,-0.012039,-1.1593,0.032341,-0.038747,-8.9837,1.7476,-3.3505,-0.00186,0.004268,-0.009962,0.80264,0.48055,-0.4675,-9.0555,-1.2428,-3.5295,-0.00723,0.008144,-0.012147,0.12002,-0.078028,1.0199
9.7359,-0.14635,0.75575,0.028607,0.026833,-0.005969,-0.49863,-0.99167,0.31625,-0.026267,9.3376,2.6901,0.002565,-0.004004,-0.023996,0.078313,-0.67841,0.77296,3.5616,-7.0438,5.83,0.008878,0.002623,-0.008469,-1.1589,0.032567,-0.036868,-8.9985,1.7473,-3.3133,0.005962,0.028919,-8.1e-05,0.80232,0.47913,-0.46597,-9.0406,-1.3026,-3.5518,0.008991,0.013652,-0.008536,0.12022,-0.07918,1.0207
9.7216,-0.086412,0.6143,-0.02129,0.009262,-0.00232,-0.49822,-0.9913,0.31652,0.022234,9.4106,2.6276,0.0167,0.00154,0.00261,0.078108,-0.67946,0.77374,3.5763,-7.0292,5.7371,0.003658,0.00063,-0.01377,-1.1589,0.031563,-0.039206,-9.0285,1.7548,-3.3289,-4.5e-05,0.008688,-0.011692,0.80289,0.48106,-0.46787,-9.0553,-1.1532,-3.5293,0.005342,0.011885,-0.006729,0.12062,-0.079179,1.0209
9.7511,-0.13124,0.65153,-0.022226,0.003906,-0.002295,-0.49799,-0.99154,0.31601,0.041938,9.396,2.6495,0.014058,-0.002953,-0.006282,0.077982,-0.67971,0.77374,3.6201,-7.044,5.7575,0.002581,-0.002808,-0.004936,-1.159,0.031932,-0.037349,-9.0134,1.7322,-3.2985,0.006001,0.007799,-0.00376,0.8024,0.47967,-0.46712,-9.0256,-1.2576,-3.6261,-0.016326,0.008256,-0.004902,0.12015,-0.079428,1.0196
9.7958,-0.12425,0.66683,-0.005955,0.005717,0.006845,-0.49945,-0.99177,0.31556,-0.046073,9.478,2.7295,0.005034,0.003293,0.002716,0.076255,-0.67893,0.77273,3.5714,-7.078,5.8723,-0.016046,0.013226,-0.012009,-1.159,0.032067,-0.037978,-9.029,1.8522,-3.314,0.001632,0.012212,-0.008117,0.80156,0.47995,-0.4678,-9.0706,-1.3324,-3.53,-0.003743,0.015553,-0.001241,0.11824,-0.078926,1.0183
9.7951,-0.19156,0.8305,-0.004129,0.009283,0.00319,-0.50007,-0.9914,0.31619,-0.092389,9.4174,2.7338,0.001576,0.013848,-0.001662,0.075942,-0.67999,0.77389,3.5493,-7.0367,5.9226,0.008896,0.026172,-0.011958,-1.1603,0.031218,-0.038142,-9.044,1.8597,-3.3293,-0.008996,0.011351,-0.009887,0.80437,0.48043,-0.46806,-9.0706,-1.3473,-3.53,-0.003735,0.010139,-0.003086,0.11894,-0.080213,1.0207
9.6917,-0.086455,0.65182,-0.056535,0.03387,0.006614,-0.49941,-0.99239,0.31536,0.020018,9.304,2.6125,0.006047,-0.002079,-0.008007,0.076234,-0.68,0.77454,3.5152,-6.9804,5.7817,0.003649,-0.004809,-0.013795,-1.1583,0.031534,-0.038674,-9.0433,1.7619,-3.2617,-0.002099,0.016631,0.000722,0.80236,0.48106,-0.46751,-8.9655,-1.1233,-3.6621,-0.006135,0.015097,-0.022099,0.11972,-0.079682,1.019
9.7361,-0.14613,0.66669,-0.031209,0.023777,0.001223,-0.49851,-0.99283,0.31252,0.04936,9.391,2.6666,0.013911,-0.000141,0.012408,0.076249,-0.6795,0.77492,3.603,-6.9905,5.7881,0.001745,-0.001084,-0.008467,-1.1583,0.031399,-0.038045,-8.968,1.6274,-3.2825,0.021259,0.022717,-0.008089,0.80265,0.47944,-0.46775,-9.0405,-1.2129,-3.5665,-0.025143,0.018684,-0.019276,0.11822,-0.079575,1.0197
9.8551,-0.14744,0.75709,-0.013017,0.045261,0.004819,-0.49959,-0.99218,0.31182,-0.05594,9.4926,2.7198,0.015935,0.020923,-0.000837,0.074703,-0.67849,0.77494,3.6395,-7.0395,5.9093,-0.021611,0.018835,-0.00315,-1.1593,0.031054,-0.038211,-9.0436,1.7551,-3.4192,0.012559,0.017475,-0.016928,0.80261,0.48021,-0.46827,-9.1605,-1.4069,-3.472,0.019615,0.010395,0.004138,0.11773,-0.07971,1.0201
9.8403,-0.13242,0.7347,-0.018403,0.054252,0.004771,-0.49911,-0.99493,0.31094,-0.031608,9.5025,2.6909,0.009683,0.024494,0.001017,0.074554,-0.67912,0.77443,3.5812,-7.1533,5.9031,0.003751,0.002285,-0.019079,-1.1583,0.030521,-0.039769,-9.1191,1.9494,-3.3309,-0.012183,0.017544,-0.027471,0.80264,0.48216,-0.46699,-9.0257,-1.3172,-3.6562,0.010589,0.000512,0.005836,0.11768,-0.079706,1.0195
9.7508,-0.16118,0.69654,-0.040269,0.026586,0.004849,-0.50067,-0.99524,0.30866,0.022762,9.3423,2.7148,0.006857,0.001517,0.000906,0.074012,-0.67974,0.77378,3.5372,-7.0194,5.8341,0.009132,0.004133,-0.020834,-1.1589,0.029531,-0.041265,-9.0435,1.7993,-3.2392,-0.00389,-0.002732,-0.001169,0.80238,0.48092,-0.46713,-8.9656,-1.2056,-3.6175,-0.010902,0.002843,-0.006789,0.11826,-0.078688,1.0205
9.7507,-0.17605,0.71136,-0.02319,-0.001362,0.001344,-0.50012,-0.99538,0.30907,-0.016783,9.4153,2.6663,0.02034,0.001449,-0.005428,0.073259,-0.6795,0.77412,3.5616,-7.0291,5.7662,0.006965,-0.002658,-0.001413,-1.1588,0.03042,-0.040909,-9.0132,1.7022,-3.2985,0.022462,0.00867,0.016536,0.80397,0.48092,-0.46782,-9.0255,-1.2279,-3.5663,-0.018012,0.020646,-0.012051,0.11718,-0.07882,1.0198
9.8103,-0.17665,0.74165,0.015831,0.009948,-0.005939,-0.50035,-0.99382,0.30735,-0.011868,9.4008,2.6614,0.01406,0.006816,0.000875,0.073845,-0.67916,0.77555,3.6103,-7.015,5.8547,-0.021549,0.007894,-0.004944,-1.1603,0.030865,-0.041373,-8.9535,1.6506,-3.4473,0.013618,0.027986,-0.022174,0.80278,0.47955,-0.46762,-9.0555,-1.2877,-3.5147,0.008809,0.004912,0.002266,0.11752,-0.07908,1.0208
9.8103,-0.14714,0.77168,0.019488,0.010712,-0.015055,-0.49898,-0.99373,0.30845,0.002891,9.4079,2.6858,0.003371,0.006767,-0.006146,0.071532,-0.67993,0.77531,3.5714,-7.0682,5.8477,0.003656,0.002412,-0.014657,-1.1606,0.029982,-0.041735,-9.0585,1.8293,-3.2395,-0.0017,0.018388,-0.018663,0.80506,0.48127,-0.46739,-8.9957,-1.2877,-3.6033,0.010612,-0.016659,-0.000624,0.11669,-0.079082,1.0201
9.7581,-0.17629,0.75617,-0.042223,0.002463,0.008601,-0.49939,-0.99498,0.30805,-0.021448,9.415,2.7245,-0.001381,-0.012557,0.008015,0.071931,-0.68121,0.77536,3.5322,-6.9757,5.8504,0.005584,0.007696,-0.022595,-1.1593,0.030706,-0.041942,-9.029,1.83,-3.389,0.006317,0.001633,-0.018787,0.80346,0.48016,-0.46733,-9.048,-1.2353,-3.5667,-0.009145,0.004718,-0.004029,0.11681,-0.080114,1.0216
9.8254,-0.17636,0.63733,-0.013209,0.007635,0.009531,-0.50093,-0.99593,0.30616,-0.016949,9.4977,2.6812,0.005048,-0.009155,-0.008015,0.073653,-0.679,0.77438,3.5763,-7.1071,5.8704,-0.015374,0.014414,-0.001409,-1.159,0.030057,-0.042404,-9.1035,1.822,-3.3305,0.012523,0.02279,-0.016871,0.80253,0.47991,-0.46712,-9.0556,-1.2873,-3.6342,-0.014596,-0.000617,-0.001333,0.11668,-0.080101,1.0198
9.8479,-0.14691,0.63769,-0.004142,0.003889,0.001355,-0.50102,-0.99557,0.30694,0.10303,9.4058,2.6329,0.010272,-0.032094,-0.006395,0.073166,-0.67901,0.77487,3.6056,-7.1559,5.8913,-0.003493,0.000534,-0.013785,-1.1594,0.029952,-0.043294,-9.0429,1.672,-3.2691,-0.011736,-0.026496,-0.008422,0.80332,0.48054,-0.46734,-8.9807,-1.2427,-3.6776,-0.00191,0.002958,-0.003185,0.11678,-0.079347,1.0213
9.751,-0.14628,0.67426,-0.005947,-0.011629,-0.020476,-0.49857,-0.99583,0.30625,-0.004482,9.4056,2.676,0.020323,0.006807,0.000826,0.072145,-0.67966,0.77483,3.5858,-6.9517,5.8239,-0.003534,-0.011224,-0.012028,-1.1579,0.02848,-0.042676,-8.9683,1.7172,-3.2376,-0.014364,-0.014204,-0.010093,0.80304,0.48117,-0.46748,-9.0704,-1.2579,-3.47,0.000789,0.002907,-0.006766,0.11564,-0.078582,1.02
9.7508,-0.17599,0.69644,0.005922,0.00346,-0.025997,-0.49931,-0.99685,0.30702,-0.05082,9.3812,2.6999,0.015941,0.013819,-0.004447,0.072461,-0.68007,0.77587,3.5713,-7.0293,5.8103,-0.010524,-0.010527,-0.018228,-1.1584,0.029523,-0.042607,-9.0138,1.7627,-3.4111,0.02845,0.022725,-0.011595,0.80282,0.47952,-0.46672,-9.0781,-1.3248,-3.56,0.010635,-0.007693,-0.001429,0.11728,-0.079085,1.0211
9.8106,-0.13938,0.68222,-0.02572,0.021735,-0.016992,-0.49748,-0.99636,0.30708,0.064029,9.4104,2.6765,0.00872,-0.005658,-0.01336,0.072329,-0.6786,0.77366,3.5519,-7.0851,5.8746,-0.003522,0.00331,-0.012905,-1.1597,0.028693,-0.044395,-9.0591,1.8822,-3.3446,-0.010765,0.017522,-0.00984,0.80304,0.48043,-0.46761,-8.9807,-1.2427,-3.6627,-0.000189,-0.007718,0.000357,0.11537,-0.078838,1.0197
9.8106,-0.14679,0.68217,-0.007647,0.01445,-0.016025,-0.49691,-0.99765,0.30803,0.046791,9.4782,2.6961,0.002413,-0.002071,-0.007947,0.072291,-0.68024,0.77267,3.5519,-7.073,5.8744,0.00498,-0.004277,0.007404,-1.1599,0.028954,-0.044041,-8.9984,1.7323,-3.2907,-0.000416,-0.003638,0.004101,0.80372,0.48054,-0.46745,-8.9956,-1.228,-3.5882,-0.023501,-0.00627,-0.012231,0.11674,-0.078833,1.0208
9.7957,-0.14667,0.68205,-0.025876,0.000384,-0.004135,-0.49648,-0.99711,0.30621,-0.036071,9.3715,2.7097,0.003219,0.014023,0.017002,0.073057,-0.67909,0.77282,3.5932,-7.0003,5.8493,-0.017987,-0.001141,-0.004079,-1.1585,0.030176,-0.043256,-8.9834,1.6877,-3.3729,-0.001648,0.013943,-0.017849,0.80411,0.48055,-0.46781,-9.0556,-1.3026,-3.5147,-0.005473,-0.007087,-0.01225,0.11573,-0.079086,1.0194
9.7662,-0.10913,0.61494,-0.018533,0.018236,-0.004206,-0.49614,-0.99664,0.30766,0.007614,9.4009,2.6372,0.010376,-0.021544,-0.009913,0.073481,-0.67885,0.7736,3.5811,-7.0634,5.8404,-0.010487,0.00213,-0.020853,-1.1577,0.029898,-0.044327,-9.0585,1.7771,-3.322,-0.00019,0.01751,-0.004565,0.80224,0.48067,-0.46726,-8.9957,-1.2576,-3.648,0.0053,0.010194,-0.001338,0.1167,-0.079989,1.0219
9.7803,-0.21338,0.72626,-0.000397,0.018021,-0.013297,-0.49563,-0.99816,0.30743,0.047123,9.3835,2.7151,0.01403,0.0104,0.006239,0.073027,-0.67863,0.77473,3.5566,-7.0196,5.8906,-0.012483,-0.006728,-0.011162,-1.1597,0.029327,-0.043789,-9.0435,1.7921,-3.2917,0.007116,0.015729,-0.014279,0.8036,0.48114,-0.46694,-9.0481,-1.3025,-3.5669,0.010504,-0.003895,0.009436,0.11711,-0.079719,1.0205
9.7956,-0.16145,0.6745,-0.007704,0.009171,-0.007796,-0.49746,-0.99738,0.30735,-0.04621,9.4371,2.6662,0.024843,0.011198,-0.00097,0.072366,-0.67888,0.77431,3.5178,-7.085,5.8814,-0.006306,-0.012913,-0.006769,-1.1594,0.029048,-0.042644,-9.0513,1.8222,-3.3369,0.003022,0.000787,0.009445,0.80333,0.48114,-0.46683,-9.0332,-1.2724,-3.6487,-0.003738,0.002983,-0.002251,0.11559,-0.080884,1.0207
9.7962,-0.072305,0.60795,0.000386,0.001117,-0.001367,-0.4948,-0.99787,0.30589,0.007583,9.4686,2.6764,0.013248,0.003164,-0.013352,0.07046,-0.67744,0.77726,3.6103,-7.0392,5.8258,0.006176,-0.006468,-0.00671,-1.1595,0.029181,-0.042654,-9.0212,1.7476,-3.4037,0.010198,0.013962,0.009518,0.80219,0.48072,-0.46854,-9.0555,-1.2427,-3.5594,-0.010979,0.008353,-0.001283,0.11558,-0.079722,1.0189
9.7809,-0.11695,0.6896,0.008642,0.023483,-0.001451,-0.49513,-0.99802,0.30705,0.01518,9.3885,2.6858,0.006865,-0.009167,-0.008928,0.072451,-0.67796,0.77366,3.6127,-7.0053,5.835,-0.010796,0.002483,-0.006707,-1.1591,0.02878,-0.042374,-9.0132,1.7097,-3.2835,0.001562,0.021009,-0.002789,0.80263,0.48118,-0.4675,-9.0556,-1.2875,-3.567,-0.001912,-0.011478,-0.008671,0.11632,-0.080489,1.0201
9.796,-0.1094,0.62262,-0.016745,0.018303,0.001271,-0.49591,-0.99738,0.30702,0.01243,9.43,2.6373,0.014146,0.002293,-0.01248,0.072536,-0.6789,0.77509,3.5909,-7.0683,5.8309,-0.003705,-0.008272,-0.0032,-1.1601,0.029979,-0.043208,-9.0435,1.7772,-3.3292,-0.008886,0.006945,-0.014347,0.8025,0.48167,-0.46712,-9.0181,-1.2427,-3.6036,0.005072,-0.012885,0.009372,0.11547,-0.079598,1.0193
9.7809,-0.12418,0.64479,-0.015847,0.016494,0.000367,-0.4956,-0.99735,0.30546,0.007908,9.3909,2.7052,0.008641,-0.002934,-0.002686,0.072217,-0.67823,0.77404,3.581,-6.9954,5.8686,-0.004408,0.000542,-0.013778,-1.1594,0.028799,-0.043261,-9.0136,1.7623,-3.3286,-0.007159,0.00869,-0.011691,0.80309,0.48088,-0.46633,-9.0406,-1.2875,-3.5891,-0.000287,-0.021094,0.003012,0.11578,-0.079474,1.02
9.7806,-0.16877,0.6818,-0.0059,0.014651,0.001301,-0.49582,-0.99913,0.30625,-0.016737,9.3983,2.6662,0.005067,-0.002927,-0.002661,0.070475,-0.6798,0.77474,3.5372,-7.0341,5.8881,-0.010768,0.006097,-0.008491,-1.1605,0.029601,-0.042467,-9.0443,1.7764,-3.2689,-0.007212,0.003321,-0.01338,0.80322,0.4804,-0.4672,-8.9958,-1.3325,-3.6034,0.004393,-0.004226,-0.005046,0.11648,-0.080477,1.0188
9.7811,-0.11662,0.60755,-0.016687,0.020843,-0.009686,-0.49612,-0.99911,0.30545,0.027213,9.425,2.6593,0.001531,0.001495,-0.004375,0.072629,-0.67894,0.77202,3.5811,-7.0658,5.8502,-0.008362,-0.004443,0.005631,-1.1596,0.027773,-0.042371,-9.0444,1.7618,-3.3739,-0.007276,0.012122,-0.008033,0.80388,0.48053,-0.46756,-9.0405,-1.1978,-3.6038,-0.017262,0.011895,-0.002157,0.11678,-0.079588,1.0195
9.7958,-0.13908,0.63735,0.001414,0.023487,-0.004199,-0.49467,-0.99787,0.30589,0.02252,9.4175,2.7054,0.007637,-0.010834,0.002622,0.072474,-0.67887,0.77393,3.6127,-7.0296,5.8428,-0.00378,-0.015468,0.000327,-1.1592,0.029431,-0.042898,-9.0142,1.7316,-3.2908,0.015692,0.004162,-0.002795,0.8039,0.47928,-0.46755,-9.0257,-1.3324,-3.5741,0.016057,0.008519,0.00226,0.11627,-0.079592,1.0195
9.8106,-0.14673,0.66725,0.006802,0.014486,-0.005062,-0.49372,-0.9979,0.30645,-0.006916,9.4394,2.7029,0.010414,-0.007378,-0.005388,0.073275,-0.6804,0.77426,3.5519,-7.0827,5.8623,-0.016323,-0.011846,0.002947,-1.1589,0.029023,-0.041625,-9.0297,1.7919,-3.3887,-0.011558,0.030601,-0.014076,0.8036,0.48091,-0.46757,-9.0705,-1.295,-3.5374,0.015845,-0.009175,0.013015,0.11632,-0.078324,1.0205
9.7959,-0.13899,0.61497,-0.005942,0.009331,0.006795,-0.49486,-0.99841,0.3072,0.037077,9.4153,2.6714,0.005024,-0.021566,-0.013418,0.074402,-0.67885,0.77404,3.5567,-7.0463,5.8495,-0.007355,-0.008201,0.00032,-1.1592,0.029048,-0.043012,-9.0445,1.8064,-3.2839,-0.013174,-0.003697,0.014812,0.80363,0.4799,-0.46731,-8.9956,-1.2428,-3.6032,0.00526,-0.011375,-0.004195,0.1176,-0.07882,1.0202
9.788,-0.17635,0.71164,0.024854,0.010908,0.005009,-0.49594,-0.99674,0.30662,0.047033,9.3957,2.7006,0.00144,-0.012666,-0.006228,0.073394,-0.67887,0.77437,3.5347,-7.0171,5.8682,-0.017907,-0.017562,-0.00678,-1.1589,0.029535,-0.04164,-9.0144,1.7318,-3.3508,-0.000187,-0.001985,-0.008137,0.80217,0.48063,-0.46635,-9.0331,-1.2725,-3.6039,-0.005475,-0.011551,-0.011388,0.11653,-0.078827,1.0198
9.796,-0.10205,0.63759,0.012294,0.023366,-0.00783,-0.49396,-0.99772,0.30932,-0.016778,9.4274,2.676,-0.000317,-0.014486,-0.011566,0.074365,-0.67858,0.77339,3.5811,-7.0756,5.8626,-0.000273,-0.020795,0.003839,-1.1598,0.030092,-0.043067,-9.0296,1.8066,-3.3137,-0.002174,0.027962,0.002678,0.80333,0.48116,-0.46758,-9.0405,-1.2728,-3.5293,-0.007495,-0.007662,0.004024,0.11648,-0.079585,1.0189
9.7663,-0.086937,0.62255,-0.014835,0.043473,0.008459,-0.49479,-0.99718,0.30863,0.012626,9.4104,2.6737,0.004954,-0.021503,-0.005419,0.073365,-0.67936,0.77373,3.5811,-7.044,5.8499,-0.011016,-0.022657,0.005593,-1.1593,0.030309,-0.040807,-9.0144,1.7318,-3.3508,-0.007337,-0.001975,-0.006372,0.80322,0.48015,-0.4672,-9.0405,-1.2278,-3.574,0.000692,-0.005911,0.000395,0.11754,-0.078431,1.0194
9.7958,-0.13179,0.66723,0.017682,0.028946,0.010393,-0.49664,-0.99804,0.30804,0.002942,9.4175,2.7053,0.013992,-0.007374,-0.004529,0.075307,-0.68,0.77398,3.5859,-7.0148,5.825,-0.012679,-0.002841,-0.001429,-1.1571,0.030857,-0.03959,-9.0442,1.7614,-3.2839,-0.014208,0.020931,-0.016791,0.80391,0.48025,-0.46691,-9.0256,-1.3027,-3.5441,-0.000406,-0.020935,0.011148,0.11812,-0.078943,1.0204
9.7957,-0.14655,0.65222,0.046729,0.043103,0.012195,-0.49603,-0.99721,0.30989,0.027395,9.4248,2.7055,-0.005822,-0.032149,-0.011606,0.075308,-0.67885,0.77421,3.5471,-7.1215,5.8727,-0.008294,0.00457,0.002102,-1.1594,0.031205,-0.040339,-9.0444,1.7915,-3.2989,-0.01112,-0.003708,0.002455,0.8026,0.48245,-0.46852,-9.0555,-1.2426,-3.5893,-0.005661,-0.00227,0.00406,0.11697,-0.078304,1.0188
9.7808,-0.13179,0.69696,0.003273,0.025127,-0.016057,-0.49609,-0.99616,0.30871,0.012668,9.4055,2.681,0.006889,-0.00563,-0.008908,0.075723,-0.67899,0.77475,3.5518,-7.0682,5.9036,0.013965,-0.002478,0.003885,-1.1599,0.030455,-0.040343,-9.0145,1.7618,-3.3433,-0.004011,0.00419,0.004266,0.8043,0.47964,-0.46741,-9.0257,-1.3251,-3.5442,0.015953,-0.007542,0.005771,0.11852,-0.079067,1.0204
9.7365,-0.079231,0.60745,-0.009348,0.050548,0.004785,-0.4963,-0.99694,0.30962,-0.016872,9.4057,2.6371,0.02303,-0.000325,-0.006351,0.075331,-0.67975,0.77449,3.6005,-6.976,5.7903,0.005341,-0.022883,-0.008507,-1.1606,0.03022,-0.03975,-9.022,1.7618,-3.3435,0.014103,-0.002001,-0.011659,0.80344,0.47945,-0.46873,-9.0405,-1.2279,-3.5516,0.008856,-0.014955,-0.005112,0.11883,-0.079056,1.0193
9.7659,-0.1464,0.67437,0.012328,0.026893,-0.012408,-0.49684,-0.99567,0.30946,0.047028,9.3837,2.6908,0.004962,-0.020616,-0.005412,0.076607,-0.67885,0.77454,3.5835,-7.0391,5.8205,0.015971,-0.018153,-0.004963,-1.1601,0.031212,-0.038011,-9.0219,1.7616,-3.3134,-0.010961,0.013882,-0.002724,0.8042,0.47973,-0.46652,-9.0405,-1.2577,-3.5666,-0.009186,-0.013228,-0.005055,0.1191,-0.078545,1.0196
9.8254,-0.14702,0.71212,0.001522,0.052287,0.00298,-0.49697,-0.99592,0.30932,-0.004388,9.4272,2.715,0.009649,-0.00217,-0.016025,0.076576,-0.67909,0.7739,3.5616,-7.0439,5.874,-0.014599,0.010016,0.003883,-1.1592,0.031826,-0.038976,-9.0518,1.7764,-3.2991,-0.007449,0.015654,-0.000942,0.80352,0.48074,-0.46642,-9.048,-1.2576,-3.5742,0.001514,-0.00038,0.00767,0.11933,-0.07854,1.0192
9.7957,-0.1024,0.7271,-0.003951,0.050625,0.010275,-0.49807,-0.99601,0.30837,-0.016885,9.4054,2.6811,0.012258,-0.005657,-0.013251,0.077637,-0.67888,0.77385,3.5836,-7.0828,5.853,0.006937,-0.004476,-0.000535,-1.1584,0.032312,-0.039077,-9.0445,1.8065,-3.314,0.002284,0.002435,-0.000146,0.8036,0.48054,-0.46782,-9.0256,-1.3026,-3.5665,-0.009379,-0.017437,0.008479,0.11908,-0.078543,1.0193
9.8352,-0.12588,0.63555,0.011731,0.020147,-0.01613,-0.50036,-1.0044,0.31064,0.0061152,9.4048,2.6207,0.0060105,0.0017875,-0.016515,0.073449,-0.68307,0.76294,3.5164,-7.0444,5.9645,-0.0098979,0.015052,-0.0098624,-1.1466,-0.0044005,-0.052771,-9.0374,1.5975,-3.301,0.0043994,-0.00092938,0.0017322,0.80898,0.48621,-0.46507,-8.9584,-1.2234,-3.564,0.029916,0.012148,-0.012009,0.12707,-0.07046,1.0219
9.7737,-0.14154,0.65853,-0.0015623,0.011744,-0.00019182,-0.49378,-0.9985,0.30828,-0.0072477,9.3876,2.6862,-0.0041563,-0.013169,-0.018365,0.091575,-0.67421,0.78446,3.5366,-7.1823,5.854,-0.01474,0.025989,-0.02036,-1.1473,0.03146,-0.032079,-8.98,1.7381,-3.3089,-0.0063138,0.0059024,-0.0032913,0.80407,0.48106,-0.45606,-9.1274,-1.3049,-3.6315,0.022873,-0.0087036,-0.0019462,0.11386,-0.071073,1.0197
9.7349,-0.15663,0.65164,-0.0030013,0.016093,-0.0055309,-0.50832,-1.0074,0.32664,0.036984,9.4673,2.7402,0.0017879,-0.0067069,-0.038215,0.053118,-0.66175,0.75773,3.5658,-7.0553,5.7619,-0.0036961,-0.0064055,-0.026078,-1.1745,0.02807,-0.031084,-8.9914,1.7776,-3.294,-0.030318,-0.019931,-0.006054,0.79154,0.46563,-0.46117,-9.0943,-1.2612,-3.5007,-0.014349,-0.01103,-0.0053078,0.098499,-0.08285,1.0326
9.8005,-0.096239,0.64139,0.010031,0.0073422,-0.0016781,-0.49865,-0.98714,0.32401,0.010706,9.3621,2.6582,0.031341,-0.008411,-0.0055625,0.068364,-0.65615,0.76702,3.5873,-6.9787,5.8235,0.0044949,-0.011933,0.0056737,-1.1578,0.045053,-0.051491,-9.0341,1.8809,-3.3366,0.0059201,0.0010002,-0.002301,0.79581,0.46543,-0.47563,-8.9587,-1.288,-3.5992,0.0056956,0.0041935,-0.00045145,0.10243,-0.069985,1.0195
9.7923,-0.13119,0.71092,-0.016539,-0.0073148,-0.030166,-0.51461,-0.99044,0.31736,-0.013355,9.383,2.7013,0.00087486,-0.00157,0.01618,0.04917,-0.68106,0.77265,3.5831,-7.0135,5.9088,-0.016142,0.0031064,-0.015071,-1.1571,0.042038,-0.046038,-9.1129,1.7969,-3.2999,0.0091366,-0.003622,0.0022431,0.81329,0.48358,-0.4696,-9.0502,-1.2822,-3.6362,-0.013327,-0.0029044,0.010583,0.10501,-0.082254,1.0203
9.7886,-0.14405,0.62421,0.039133,-0.0020418,0.0038318,-0.49456,-0.97687,0.32326,-0.0015504,9.3798,2.687,0.015628,-0.028958,-0.014196,0.072375,-0.68046,0.76627,3.5235,-7.0716,5.8802,-0.0011918,0.0055306,-0.02188,-1.1519,0.0085411,-0.055121,-8.9796,1.721,-3.2865,0.0056456,0.027817,-0.014635,0.79381,0.48553,-0.46333,-9.0604,-1.1972,-3.616,0.014616,-0.014728,-0.015505,0.12532,-0.067864,1.027
9.8008,-0.1103,0.54844,0.025924,0.019785,0.0027529,-0.49245,-0.98778,0.32878,-0.043227,9.3839,2.6223,0.015919,-0.028245,0.0080586,0.075134,-0.68364,0.7633,3.5463,-7.0587,5.8497,-0.0071572,-0.0054451,-0.0048404,-1.1727,0.022513,-0.046563,-9.0167,1.6955,-3.4031,-0.00018548,-0.0030693,-0.012266,0.80829,0.47869,-0.45676,-9.0242,-1.3297,-3.5251,-0.013404,0.0043708,0.0097412,0.1338,-0.069993,1.0231
9.7871,-0.19126,0.73233,-0.0033352,0.0080154,-0.0063793,-0.46584,-1.0071,0.29644,0.0010868,9.4046,2.7416,0.03498,-0.029262,0.00067458,0.085089,-0.68091,0.78887,3.6039,-7.037,5.8579,-0.0081131,-0.012166,-0.01574,-1.1673,0.040465,-0.026914,-9.0294,1.7631,-3.2838,-0.015899,0.0053253,0.0011645,0.80605,0.47563,-0.47914,-9.0279,-1.2459,-3.6411,-0.0011235,-6.2476e-06,0.0043967,0.11147,-0.079402,1.0319
9.805,-0.12642,0.62396,0.024703,0.009142,-0.022465,-0.48729,-0.99033,0.30448,-0.0056927,9.4427,2.6753,-0.012643,0.001556,0.0090784,0.078625,-0.69618,0.77278,3.5568,-7.0302,5.8281,0.0092638,-0.008004,0.011283,-1.1687,0.030098,-0.03633,-9.027,1.8503,-3.3412,-0.0105,-0.0022023,0.0076853,0.80587,0.4883,-0.46869,-8.9973,-1.2362,-3.5885,-0.0069622,0.036516,-0.0072837,0.098804,-0.084362,1.031
9.8023,-0.078665,0.69547,0.049575,0.0027956,0.012312,-0.5067,-0.97792,0.31236,-0.037617,9.341,2.6688,0.019093,-0.011117,-0.011805,0.078921,-0.68971,0.76639,3.5647,-7.0653,5.8201,-0.0037689,-0.025711,0.013116,-1.1627,0.024938,-0.02913,-9.0677,1.8179,-3.3171,0.014922,0.00077483,-0.014753,0.81083,0.48945,-0.47738,-9.0876,-1.2426,-3.6216,-0.0064068,-0.0067467,-0.013902,0.13544,-0.073306,1.0264
9.7989,-0.22844,0.67679,0.028717,0.026927,0.013182,-0.50825,-0.98995,0.31517,-0.0024264,9.4093,2.6859,0.02755,-0.013777,0.010011,0.075142,-0.67577,0.77942,3.5759,-7.0235,5.8983,-0.0052901,-1.7678e-05,0.0015151,-1.1587,0.020587,-0.047368,-9.0208,1.7401,-3.3355,-0.016227,0.013157,-0.013572,0.79625,0.48249,-0.47292,-9.0505,-1.3054,-3.5651,0.0018587,0.013056,0.0038093,0.12161,-0.082121,1.0241
9.7739,-0.13522,0.68984,0.032278,0.016735,-0.034905,-0.49343,-0.99797,0.30376,-0.019521,9.3947,2.6187,0.0025144,-0.01284,-0.015367,0.081882,-0.68659,0.77219,3.5999,-7.0892,5.9067,-0.00014032,0.0026218,0.0070188,-1.1635,0.0077265,-0.045351,-9.0258,1.7359,-3.3047,-0.0093476,0.024149,0.015594,0.79418,0.48413,-0.4583,-8.9813,-1.1584,-3.5482,-0.018316,-0.0070785,-0.003979,0.10898,-0.10351,1.0202
9.7735,-0.14013,0.77136,0.02101,0.014462,-0.0027303,-0.49037,-1.0132,0.31252,0.029165,9.486,2.6655,-6.8633e-05,0.017072,-0.0071992,0.079919,-0.69322,0.75476,3.5389,-7.036,5.8818,0.024014,-0.011223,0.0054746,-1.1604,0.022845,-0.043293,-9.0711,1.7357,-3.2684,-0.014767,-0.011442,-0.022128,0.79868,0.48217,-0.45723,-9.0218,-1.2606,-3.6826,0.0059368,0.0094651,0.0134,0.11301,-0.084411,1.0208
9.7725,-0.13653,0.74272,0.010765,0.023798,-0.0012614,-0.48439,-0.98768,0.32237,0.046292,9.4258,2.7285,-0.0063943,0.01379,-0.013849,0.07487,-0.67881,0.78106,3.5838,-7.0178,5.8611,0.014814,-0.016626,-0.021165,-1.1548,0.035,-0.037164,-9.0155,1.7823,-3.3746,0.0057849,0.018966,-0.0046676,0.78586,0.4839,-0.46234,-9.0365,-1.3331,-3.5787,0.010407,0.0068055,0.0063758,0.11618,-0.065779,1.0211
9.7945,-0.097609,0.6519,0.044318,0.026563,0.0053414,-0.49873,-0.99494,0.31681,-0.047449,9.3058,2.7424,0.0084843,-0.0071065,0.00026579,0.072461,-0.66993,0.76735,3.5977,-7.0553,5.8585,0.0026115,-0.021666,0.0028667,-1.1636,0.0081814,-0.020634,-9.042,1.8828,-3.2653,0.01832,0.024461,0.0043268,0.81011,0.46727,-0.47343,-9.0615,-1.3549,-3.5353,0.0071413,0.0023832,-0.0082277,0.10826,-0.069019,1.0144
9.7328,-0.18036,0.74384,0.042454,0.021238,0.0076285,-0.5035,-0.99158,0.33125,0.0016198,9.4004,2.6031,0.013666,0.011873,-0.00846,0.077648,-0.69187,0.7653,3.5749,-7.0392,5.8449,-0.018285,-0.0051693,-0.0016604,-1.1569,0.0093594,-0.035345,-9.0214,1.7342,-3.2481,0.0030841,0.049008,0.011557,0.80521,0.47524,-0.47739,-9.0305,-1.1092,-3.6292,-0.016351,-0.0021336,-0.026262,0.12043,-0.092197,1.0202
9.7459,-0.10131,0.58844,0.027128,0.0075455,-0.020301,-0.48656,-0.99895,0.32565,0.080714,9.4822,2.6661,0.0086479,-0.0073422,0.0038803,0.11375,-0.68582,0.76584,3.5443,-7.0519,5.8409,0.004791,-0.031407,0.0028686,-1.1512,0.020985,-0.037764,-8.9908,1.7726,-3.3581,0.0028123,0.0099052,-0.02318,0.81015,0.49923,-0.47875,-9.0288,-1.2225,-3.4994,0.015262,-0.031787,-0.019564,0.11916,-0.061001,1.0264
9.7847,-0.14176,0.65391,0.049588,0.012387,0.0060107,-0.49574,-0.9926,0.32342,-0.065767,9.5103,2.7366,0.00045294,0.00068595,-0.029998,0.057486,-0.6815,0.78399,3.5063,-7.064,5.8994,0.018764,-0.012524,0.0028436,-1.1506,0.03293,-0.031567,-9.0683,1.7672,-3.3155,0.012365,0.022053,-0.0071501,0.78019,0.48341,-0.48998,-9.0815,-1.4088,-3.632,-0.0023851,0.0082944,0.005017,0.12489,-0.082056,1.0141
9.8144,-0.14395,0.68419,0.0040149,0.011289,-0.032836,-0.49304,-0.99718,0.31428,0.0031675,9.3504,2.6936,-0.0051924,-0.0025715,-0.0074561,0.073789,-0.68425,0.76098,3.6106,-7.0123,5.878,0.0085985,-0.00037002,0.0027993,-1.1609,0.0098227,-0.034346,-9.0133,1.7735,-3.308,-0.0045974,0.025303,-0.0042336,0.81859,0.48002,-0.46687,-8.9617,-1.324,-3.5808,-0.02079,-0.015349,0.0039728,0.1175,-0.070334,1.0339
9.7454,-0.087785,0.83844,0.027419,0.029047,-0.020124,-0.4983,-1.0046,0.31383,-0.012894,9.4223,2.7213,0.0081068,-0.00061828,0.02463,0.080016,-0.68667,0.77694,3.6417,-7.0907,5.8502,-0.031905,-0.00025307,-0.006711,-1.1547,0.0085804,-0.029789,-9.019,1.8283,-3.299,0.009894,0.00072397,-0.0092251,0.79253,0.47286,-0.46356,-9.0846,-1.214,-3.4277,-0.041891,-0.012053,-0.0073647,0.1229,-0.090845,1.0077
9.7765,-0.11983,0.6661,0.02002,0.0406,0.0092995,-0.49634,-0.99971,0.30523,-0.047026,9.3927,2.6515,0.0054935,0.007955,0.013779,0.073888,-0.68203,0.77339,3.5885,-7.0955,5.8162,-0.0068403,0.015054,-0.025843,-1.1514,0.029712,-0.042591,-9.0794,1.7775,-3.308,0.034541,0.010842,-0.010762,0.79738,0.48722,-0.46527,-9.0217,-1.2146,-3.6554,0.0040834,0.010211,-0.0012061,0.12696,-0.083005,1.0321
9.7923,-0.11455,0.65417,-0.012096,-0.0051667,-0.018084,-0.49228,-1.017,0.31325,-0.032063,9.4068,2.6704,0.0318,0.012791,-0.0026202,0.080129,-0.6741,0.7758,3.5377,-6.9278,5.8654,0.0063613,0.011647,0.0028838,-1.1466,0.033196,-0.047109,-9.0121,1.7215,-3.3447,0.016734,0.018457,-0.01987,0.80903,0.49046,-0.44917,-9.0144,-1.3101,-3.5818,0.0027767,-0.0064601,0.0084371,0.1413,-0.085237,1.0205
9.7626,-0.18754,0.75395,0.028825,0.026781,-0.01761,-0.48962,-0.99621,0.30411,-0.017838,9.4221,2.6986,0.014973,-0.016013,-0.015406,0.090469,-0.69065,0.77956,3.5831,-7.1262,5.9155,-0.017992,0.039799,-0.01063,-1.1454,0.02516,-0.038475,-9.022,1.8102,-3.2646,-0.0066682,-0.0041966,-0.0045128,0.79917,0.46237,-0.46553,-9.1083,-1.2948,-3.4766,-0.021712,0.0032545,0.0015545,0.11983,-0.087201,1.0264
9.7328,-0.063202,0.71368,-0.023296,0.035987,-0.00075368,-0.49669,-1.0156,0.30445,0.021386,9.4959,2.7112,0.0035613,0.036881,-0.00076418,0.082046,-0.67354,0.77545,3.596,-7.1273,5.828,-0.013204,0.013579,0.0001155,-1.1626,0.037376,-0.04694,-9.0139,1.7919,-3.2845,-0.0056088,0.017061,0.025206,0.80886,0.48584,-0.46921,-9.0181,-1.2396,-3.5728,-0.036269,0.020256,-0.00822,0.12125,-0.091145,1.0289
9.7371,-0.14299,0.68549,-0.034556,0.033418,0.0084441,-0.49162,-0.99335,0.30864,0.029745,9.418,2.6826,0.046016,0.02102,0.01004,0.083896,-0.68031,0.78128,3.5648,-6.9637,5.8186,-0.0060732,-0.012261,-0.024207,-1.1476,0.042614,-0.058798,-9.0389,1.815,-3.4223,0.020994,0.023361,-0.028879,0.7946,0.46854,-0.47011,-9.0315,-1.271,-3.5369,0.017881,-0.015446,-0.012029,0.11193,-0.09043,1.0345
9.7301,-0.13703,0.7047,0.0020658,0.030122,-0.019668,-0.48651,-1.0078,0.30102,-0.049733,9.404,2.6337,0.0061042,0.00068633,-0.0043385,0.056047,-0.67998,0.78847,3.5275,-7.0834,5.8628,-0.0087717,0.014637,0.0038127,-1.1743,0.01934,-0.028072,-9.0609,1.7478,-3.3376,0.0053713,0.017633,-0.0093296,0.81086,0.47864,-0.46861,-9.07,-1.2312,-3.5555,0.011111,0.0064015,-0.013168,0.1225,-0.077044,0.99944
9.7629,-0.11862,0.73918,-0.0049138,0.046757,-0.0249,-0.50872,-1.0143,0.30874,-0.095035,9.4012,2.6576,0.0038835,-0.0012259,-0.0010365,0.07522,-0.68205,0.78014,3.5855,-6.9931,5.8476,-0.012372,0.0099583,0.022346,-1.1588,0.041441,-0.046231,-8.9934,1.7529,-3.2372,0.0012362,0.016504,-0.020545,0.82129,0.47723,-0.47667,-9.0295,-1.2629,-3.553,-0.016012,0.0010393,-0.016683,0.11603,-0.066214,1.0274
9.7907,-0.1556,0.77088,-0.051155,0.041216,-0.0038666,-0.47803,-0.98242,0.30932,0.027776,9.3989,2.7029,-0.012202,0.0068354,-0.023744,0.07575,-0.67432,0.77705,3.6198,-7.0573,5.827,-0.019543,0.0017441,-0.0062193,-1.1505,0.019467,-0.046724,-8.9966,1.757,-3.3041,0.00088893,-0.0050153,-0.018452,0.81785,0.46907,-0.46392,-9.0368,-1.3238,-3.5357,-0.017249,0.0060758,0.0017306,0.10401,-0.076115,1.0104
9.7919,-0.17572,0.75824,-0.036525,0.027497,-0.0090741,-0.48882,-1.0114,0.29396,0.066768,9.461,2.6853,0.038256,0.00042635,-0.0046523,0.081669,-0.68902,0.77389,3.5777,-7.0138,5.8399,-0.011056,-0.00064948,0.012693,-1.1706,0.028021,-0.027827,-9.0319,1.7167,-3.4509,0.016625,0.012986,-0.0042945,0.82238,0.4884,-0.46394,-9.0597,-1.2434,-3.5292,-0.02943,0.0035869,0.0031385,0.11546,-0.068621,1.0426
9.6834,-0.16048,0.63325,-0.00094824,0.041015,-0.0058563,-0.4996,-0.9853,0.31974,-0.074094,9.3922,2.694,0.011973,-0.0217,-0.0083163,0.086677,-0.67868,0.75451,3.5907,-7.0244,5.7529,-0.0012647,0.0071762,-0.0048274,-1.147,0.032684,-0.06348,-9.0005,1.8561,-3.2306,-0.0091751,0.033102,-0.009697,0.80963,0.48688,-0.46216,-9.0567,-1.235,-3.6511,-0.00034835,7.7534e-05,-0.0082434,0.11763,-0.07964,1.0239
9.7461,-0.1468,0.63667,-0.028929,0.034965,-0.008834,-0.48589,-0.98377,0.30074,-0.022739,9.4094,2.7092,0.022045,-0.0076511,-0.012219,0.076113,-0.6995,0.7649,3.5617,-7.0198,5.755,-0.022294,0.0087899,-0.01053,-1.1443,0.024966,-0.010677,-9.0183,1.8611,-3.3835,-0.022385,0.013339,-0.0031442,0.80211,0.49467,-0.465,-9.0411,-1.3112,-3.5217,0.027466,0.023652,-0.010391,0.10946,-0.068153,1.0231
9.8349,-0.16145,0.6787,-0.049052,0.035413,-0.014786,-0.50809,-0.98739,0.30206,0.032336,9.3713,2.6564,0.015355,-0.038994,-0.010565,0.066447,-0.68927,0.76988,3.5416,-7.0333,5.8715,0.0062936,0.0022719,-0.011057,-1.1603,0.01456,-0.026017,-9.0506,1.7693,-3.3213,0.03053,0.012375,-0.0094761,0.80254,0.47074,-0.47303,-9.0483,-1.2652,-3.5239,0.0010409,0.027691,-0.014309,0.10442,-0.070505,1.0226
9.8309,-0.17728,0.68434,-0.018565,0.015057,0.008642,-0.51843,-0.99301,0.30629,-0.013837,9.4363,2.7255,0.0092194,0.0063298,-0.023434,0.083057,-0.67781,0.77741,3.5885,-7.0819,5.9318,-0.0098904,-0.011824,0.013445,-1.1449,0.031947,-0.061409,-9.0367,1.6272,-3.2766,-0.00095946,0.013828,-0.004615,0.80566,0.48052,-0.46928,-9.0347,-1.2911,-3.6746,-0.010752,0.026395,0.0049309,0.10495,-0.060505,1.0227
9.7254,-0.14087,0.67328,0.00098653,0.010118,-0.00090153,-0.50579,-0.99578,0.30158,-0.032378,9.4716,2.682,-0.0056775,0.016353,0.015968,0.070891,-0.67061,0.78232,3.5616,-7.0414,5.7893,-0.00779,0.014581,-0.0096621,-1.1541,0.010865,-0.038589,-8.9657,1.7573,-3.2254,0.013737,-0.0025393,-0.010937,0.79989,0.47883,-0.47719,-9.0868,-1.2714,-3.5615,-0.0194,0.0067452,0.0035744,0.11922,-0.070022,1.0145
9.7515,-0.13811,0.69052,0.023887,0.010783,0.0077118,-0.49534,-1.0037,0.29401,0.0071101,9.386,2.6738,-0.0051565,0.010261,-0.0093571,0.073601,-0.68115,0.77697,3.5696,-6.9932,5.7848,-0.012662,-0.0011552,0.012257,-1.1537,0.037675,-0.017133,-9.0582,1.9504,-3.4124,0.0038422,-0.019475,0.0064541,0.82167,0.47426,-0.44512,-9.078,-1.2593,-3.454,-0.010823,0.019354,0.0080306,0.11918,-0.0899,1.0299
9.8107,-0.17326,0.68231,-0.038956,0.017035,0.0093436,-0.50407,-1.0031,0.30286,-0.01422,9.4385,2.6782,0.0064629,-0.012801,-0.01036,0.071465,-0.68286,0.77082,3.5095,-6.9916,5.9229,0.0031771,-0.010749,-0.026658,-1.163,0.034266,-0.039215,-9.1221,1.8014,-3.3451,-0.0045045,-0.00062534,0.0013702,0.81233,0.48375,-0.46988,-8.9621,-1.2754,-3.6623,0.0050777,0.0097665,-0.0020171,0.12423,-0.070256,1.0175
9.8073,-0.11994,0.6219,-0.018243,0.027735,0.0063357,-0.50319,-0.99701,0.316,-0.02142,9.39,2.6416,0.027101,0.013102,0.0040669,0.077601,-0.67124,0.77295,3.6181,-7.0424,5.9017,0.00011979,-0.0036251,-0.019089,-1.1521,0.022759,-0.048287,-9.0448,1.7135,-3.288,0.0016914,0.014598,0.010337,0.80849,0.47828,-0.46126,-9.0381,-1.2326,-3.6049,-0.015334,0.016579,0.010184,0.11438,-0.087388,1.0261
9.757,-0.16021,0.72053,-0.010095,0.018273,0.008086,-0.48853,-1.0074,0.31824,0.1142,9.3837,2.7073,0.02548,-0.0085521,0.0036396,0.068714,-0.68769,0.76494,3.6187,-7.1431,5.8219,-0.018599,0.00010476,-0.020088,-1.1653,0.03326,-0.022128,-9.0081,1.6575,-3.376,0.0093488,0.004449,0.019578,0.8152,0.4735,-0.45961,-9.1589,-1.2851,-3.5522,-0.012043,0.006692,-0.0030355,0.12657,-0.078996,1.0183
9.8203,-0.12035,0.68317,-0.023347,0.058555,0.00068807,-0.51,-0.97305,0.29167,0.001977,9.4277,2.6717,0.0034274,-0.0012978,0.0028484,0.052109,-0.68525,0.76667,3.5804,-7.0169,5.7671,0.0014572,0.0022032,-0.024588,-1.1432,0.035883,-0.051383,-8.9599,1.836,-3.3203,0.012925,0.022095,0.014039,0.80308,0.48513,-0.47251,-9.0311,-1.3301,-3.5123,-0.0099416,-0.00016099,0.0028196,0.11562,-0.077632,1.0158
9.8529,-0.10235,0.60444,0.028414,0.057613,-0.010717,-0.50817,-0.98604,0.31589,-0.046226,9.4073,2.6455,0.0065349,0.020629,-0.0019395,0.068276,-0.68768,0.76534,3.5699,-7.0193,5.8482,0.021094,0.01458,-0.0047405,-1.1778,0.043372,-0.041184,-9.0713,1.8136,-3.3113,0.0042198,0.020911,-0.02353,0.80407,0.47947,-0.46809,-8.9522,-1.1815,-3.5984,0.016455,0.029305,-0.0095767,0.11464,-0.080486,1.0136
9.7625,-0.20945,0.70586,-0.030697,0.034321,0.022996,-0.49865,-0.99311,0.3008,0.078614,9.4478,2.7067,0.033945,-0.0054605,-0.012937,0.065822,-0.67097,0.778,3.5384,-7.016,5.8438,-0.014217,-0.0075735,-0.02298,-1.1647,0.01608,-0.029956,-9.0138,1.822,-3.325,-0.027594,0.011394,-0.0031091,0.78446,0.49896,-0.47608,-9.0322,-1.3481,-3.553,-0.0028116,0.016154,-0.0072489,0.10476,-0.081389,1.0161
9.7678,-0.17328,0.62406,-0.0099258,0.015083,0.0092333,-0.49786,-0.9921,0.3054,0.063044,9.4133,2.7014,0.013391,-0.013846,0.0023854,0.076779,-0.67269,0.77728,3.5607,-7.0649,5.849,-0.015366,-0.01865,-0.033042,-1.1594,0.02158,-0.035751,-9.1139,1.6727,-3.3816,-0.023423,0.014212,-0.019156,0.81367,0.45834,-0.47483,-9.0575,-1.2986,-3.6255,0.0018279,0.0004422,-0.0032615,0.11846,-0.092418,1.02
9.8127,-0.072616,0.64352,-0.012436,-0.0036073,0.012451,-0.49083,-0.98386,0.31552,-0.036625,9.3971,2.6717,0.0083757,0.0043493,-0.0040476,0.066368,-0.66609,0.76896,3.6294,-6.9816,5.867,-0.00050788,0.00077799,-0.005159,-1.1461,0.024492,-0.034241,-9.0334,1.7019,-3.2752,-0.010422,0.02936,-0.021327,0.79491,0.47564,-0.46233,-8.9816,-1.2362,-3.6711,-0.021992,0.0047439,0.013324,0.11814,-0.083517,1.0194
9.7972,-0.12298,0.68126,-0.012788,0.021536,-0.023531,-0.52062,-1.0123,0.30095,-0.0027315,9.419,2.7038,-0.0027341,-0.0091737,0.013196,0.073842,-0.70864,0.79242,3.5468,-7.1037,5.8797,-0.028285,0.00083275,0.0073341,-1.1704,0.031923,-0.040078,-8.9732,1.7627,-3.3241,-0.014376,0.027527,0.014602,0.7849,0.46643,-0.46802,-9.0298,-1.2746,-3.4694,0.010188,0.0054868,0.0025842,0.10821,-0.069207,1.0266
9.7728,-0.097074,0.61719,-0.011432,0.0010159,-0.036276,-0.49647,-0.98668,0.30211,0.057488,9.4122,2.6627,-0.014601,-0.010676,-0.014027,0.066753,-0.65916,0.77529,3.5466,-7.1556,5.8303,-0.017655,-0.0078426,-0.023278,-1.1639,0.034372,-0.053867,-9.0014,1.8796,-3.3322,0.007972,-8.8009e-05,-0.0047431,0.8074,0.47267,-0.48423,-9.0397,-1.272,-3.5586,-0.00060204,-0.013193,0.030886,0.10182,-0.084757,1.0231
9.753,-0.12984,0.64939,-0.0082858,0.003906,-0.026794,-0.49355,-1.0054,0.31762,-0.025175,9.4135,2.6639,0.015984,-0.013984,-0.014793,0.070989,-0.67597,0.79464,3.5255,-6.966,5.8022,-0.015362,0.012104,-0.032452,-1.1598,0.030414,-0.05728,-9.0595,1.7286,-3.2616,-0.0044694,0.0019793,0.0078478,0.80175,0.48603,-0.4592,-8.9795,-1.2315,-3.6699,0.015779,0.010708,-0.022937,0.12201,-0.074036,1.011
9.7814,-0.16877,0.67173,0.010472,0.022622,-0.0063882,-0.52158,-0.99774,0.2903,0.020433,9.4188,2.6851,-0.012554,0.011026,-0.026266,0.078707,-0.68653,0.76035,3.5785,-7.0489,5.8842,-0.0058845,0.0090062,0.0050456,-1.1651,0.051165,-0.042425,-8.9939,1.6781,-3.3843,-0.0061053,0.0046042,-0.0045013,0.79818,0.49312,-0.44745,-9.0478,-1.2889,-3.6025,-0.0088054,0.0045936,0.016683,0.12054,-0.090309,1.0296
9.8004,-0.11448,0.60513,-0.0012358,-0.01382,0.0059291,-0.49295,-0.99533,0.30344,-8.8376e-05,9.4008,2.7139,0.0076807,-0.0067764,-0.020492,0.068607,-0.66095,0.78723,3.5844,-7.0813,5.8622,-0.0133,0.016462,-0.0073443,-1.1649,0.021344,-0.028228,-8.9831,1.7704,-3.2976,-0.0053187,0.023422,0.0073033,0.80617,0.49884,-0.48208,-9.0828,-1.2403,-3.5045,-0.01458,-0.00066887,0.002388,0.12047,-0.076712,1.0196
9.7768,-0.15161,0.71495,-0.02559,0.0078489,0.0088893,-0.50996,-1.0074,0.30774,0.014928,9.407,2.6797,-0.014028,-0.023273,0.010642,0.064472,-0.67897,0.77083,3.5718,-7.0719,5.8296,-0.00053995,-0.0095091,-0.024433,-1.1577,0.024584,-0.053725,-9.0629,1.7826,-3.3947,-0.013472,-0.0055545,0.013989,0.81203,0.46511,-0.46689,-8.9831,-1.3471,-3.6516,-0.012318,-0.0032695,0.0035565,0.11944,-0.088823,1.0198
9.7931,-0.16488,0.6428,-0.024277,0.01876,-0.015965,-0.50328,-1.0072,0.30845,0.013274,9.3805,2.6532,0.017864,-0.019493,0.0014197,0.076453,-0.67857,0.78639,3.5433,-7.0194,5.8482,-0.032374,-0.012334,-0.02986,-1.1625,0.022006,-0.050148,-9.0445,1.8205,-3.2931,-0.0032893,0.026015,-0.032477,0.80518,0.50041,-0.44723,-8.983,-1.2172,-3.5712,0.011495,-0.010305,-0.024932,0.11242,-0.078215,1.0055
