4.7673,1.6958,-2.3142,-0.62576,1.6036,-0.44516,-0.89123,-0.28038,-0.41489,-3.4014,5.0628,5.2049,1.6432,1.2355,-0.90647,0.21016,-0.90807,-0.42934,3.1685,0.56098,-5.948,-1.2776,1.6722,2.3861,0.18964,0.89519,-0.43107,-8.8442,17.248,3.288,0.68537,-0.92869,0.84054,1.0289,-0.40979,-0.072927,-3.7724,-6.2865,-1.9465,0.37087,-0.5455,0.50369,0.48484,0.82484,0.59788
7.7801,1.7924,-2.8876,0.18514,1.3996,-0.58335,-0.85335,-0.2908,-0.47352,-6.9969,9.6783,1.5052,1.7622,1.572,-1.233,0.27001,-0.9239,-0.34288,-1.314,-12.787,-2.73,-1.6282,2.9924,3.1038,0.32828,0.92414,-0.24457,-14.068,4.6371,-10.054,0.11156,-0.30368,2.6489,0.9826,-0.49229,-0.072938,-29.044,-30.973,-3.2619,4.651,-0.38807,-0.82753,0.48741,0.88162,0.48907
7.678,4.8951,-4.1665,-0.20816,1.0085,-0.31314,-0.82526,-0.30875,-0.50926,-8.4482,10.197,2.4999,0.43229,1.5865,-2.1415,0.35786,-0.90879,-0.29339,-4.9964,-4.0863,-10.976,-0.9993,0.46323,3.5056,0.47038,0.87089,-0.18298,-18.257,-0.31121,-10.913,-1.6651,1.0261,2.5725,0.92202,-0.59105,-0.075697,-1.9072,15.808,-1.6164,-1.2782,-0.18861,-1.1739,0.4535,0.9189,0.42645
12.067,4.3469,-1.8387,-0.36537,0.60577,-0.33936,-0.80446,-0.30834,-0.54246,-9.3138,13.473,-0.010546,2.0442,1.37,-2.8715,0.47165,-0.87233,-0.22009,-2.5814,-8.262,-11.295,-1.6757,-1.3304,3.2002,0.58272,0.80845,-0.13798,-16.457,-4.2349,-3.5495,-0.87065,0.28702,2.9181,0.85126,-0.68717,-0.065743,-9.1517,0.77467,0.48436,-1.7693,0.00776,-0.033296,0.42652,0.89141,0.49332
11.491,2.8359,-0.77843,0.028314,0.75295,-0.32583,-0.7793,-0.31613,-0.5676,-5.8202,20.618,-1.6406,0.44778,0.34503,-2.9717,0.57607,-0.81866,-0.15901,-1.9873,-9.7236,-7.896,-0.64088,-3.0702,2.6555,0.65495,0.7434,-0.16282,-12.863,-2.6635,-2.8487,-1.5939,0.39536,2.8405,0.75802,-0.78058,-0.085503,-10.417,-3.5747,0.52595,-0.23497,-0.21072,0.24804,0.43231,0.86718,0.52405
8.317,2.9359,-0.89139,0.16112,1.1133,0.023596,-0.75482,-0.32157,-0.59264,-6.3265,18.225,-0.15304,-0.047995,-0.53979,-3.5081,0.67529,-0.73025,-0.15642,-2.6787,-11.069,-5.9027,0.085476,-4.3393,2.3408,0.69344,0.67951,-0.2588,-9.6411,-6.8269,-1.4138,-1.8882,0.56122,2.5186,0.66537,-0.85224,-0.11637,-8.0924,-1.2058,-0.68348,0.44396,-0.3345,0.36739,0.44236,0.8701,0.50182
7.3433,2.855,0.93618,-1.148,0.73645,0.30796,-0.73282,-0.30621,-0.62563,-8.2924,16.854,-5.6198,1.368,-0.99395,-3.0427,0.75841,-0.63565,-0.15606,-0.8895,-13.1,-2.7206,1.7799,-5.1466,2.6601,0.69084,0.5932,-0.4167,-6.6272,-5.9311,-1.1291,-1.947,0.15294,2.1064,0.58094,-0.89754,-0.17028,-8.2659,-1.3206,-1.8148,-0.66071,-0.30748,0.52593,0.46324,0.85698,0.50047
7.2714,2.676,-0.48317,-1.383,-0.2718,0.57272,-0.73676,-0.25945,-0.63989,-11.918,24.038,-27.666,-1.8608,-3.2992,-2.5823,0.79431,-0.54826,-0.21423,-0.11083,-20.824,-2.8384,4.1985,-5.5448,3.0926,0.64347,0.45925,-0.60759,-4.6888,-5.6937,-2.2385,-0.80116,0.066335,1.2111,0.51508,-0.92281,-0.2202,-8.2899,-2.7432,-0.8628,-0.55338,-0.3906,0.56318,0.48453,0.83518,0.51235
8.8315,1.6091,5.6922,-0.3549,0.5746,0.71865,-0.73531,-0.21451,-0.66148,5.5584,35.873,15.262,1.9935,3.5024,-2.2199,0.81103,-0.49878,-0.23377,16.685,16.133,32.116,3.8864,-1.5046,3.4428,0.54077,0.18238,-0.79902,-5.2781,0.83389,-3.3604,-1.9737,0.39594,0.27401,0.49024,-0.92693,-0.25278,-9.5545,-1.4489,-1.8519,-0.16039,-0.56506,0.70536,0.51343,0.81793,0.5088
10.748,-3.9641,4.1782,1.0483,0.53539,1.1001,-0.7278,-0.2229,-0.66206,5.8611,37.148,-0.90076,-4.5449,-0.71965,-3.695,0.8785,-0.37457,-0.25204,7.2634,-15.148,32.024,0.99706,4.0539,4.8283,0.6564,0.095702,-0.7186,-10.095,8.4917,4.668,-3.5568,-0.33378,-0.4544,0.49444,-0.88232,-0.37333,-12.748,0.81801,-0.69693,-0.94307,-0.78772,0.96313,0.55167,0.78845,0.51031
21.505,0.35889,2.0122,1.7078,0.55162,1.0108,-0.72386,-0.2251,-0.66392,-2.645,24.312,-1.3907,-7.5263,-0.83655,-5.1566,0.90513,-0.127,-0.35044,-5.0523,-16.53,16.434,5.5066,3.8378,5.3544,0.75087,-0.17612,-0.60223,-7.1846,-11.728,-0.008556,-1.3857,0.5809,-1.1794,0.51741,-0.82794,-0.45514,-18.481,0.049711,-1.909,-1.147,-1.4085,1.4143,0.61029,0.7416,0.51387
28.119,0.11657,3.0233,1.1455,1.6997,0.27072,-0.69026,-0.24532,-0.68486,-4.692,13.219,1.2631,-4.7593,0.61579,-5.2188,0.90576,0.14732,-0.34537,-11.457,-12.838,10.063,5.8626,3.6784,4.9892,0.7618,-0.44651,-0.41353,-28.317,-0.79163,8.4313,-0.26062,1.2975,-3.4025,0.61514,-0.77874,-0.42688,-27.61,2.2411,-3.2826,-1.9314,-1.9921,2.3389,0.69684,0.65756,0.5117
26.321,-1.9514,3.1753,1.0628,1.5228,-0.32622,-0.64388,-0.28167,-0.71111,-1.5745,1.8521,-0.56319,-3.125,0.46582,-4.0693,0.86502,0.35859,-0.28587,-12.292,0.51484,5.4977,4.7844,3.1725,3.6704,0.70627,-0.63579,-0.19751,-29.817,-6.0777,10.215,-1.1447,0.98225,-3.7808,0.72934,-0.66512,-0.43614,-29.95,5.4692,-4.6731,-2.2146,-2.3426,2.6566,0.80378,0.52775,0.49586
12.664,0.11765,2.2719,0.60473,2.1334,-1.0595,-0.57046,-0.3231,-0.74734,-0.27001,-5.4751,2.4588,-0.79344,0.070871,-2.9238,0.80927,0.48469,-0.25087,-13.792,6.7828,0.04584,5.6587,2.0909,1.8889,0.64975,-0.72251,0.014538,-26.261,3.0993,5.3995,1.196,0.07544,-3.4527,0.82174,-0.54506,-0.41332,-17.948,-11.742,-12.234,-1.5981,-1.395,2.2152,0.88372,0.40229,0.46349
2.5008,-0.85349,2.4422,1.2366,2.263,-1.1824,-0.4829,-0.37626,-0.7786,0.33,-6.7676,1.0325,-0.79152,-0.7738,-1.5208,0.7628,0.55507,-0.2529,-11.977,6.5693,-2.2431,5.6949,1.1378,0.001955,0.61798,-0.71347,0.22665,-12.166,8.5865,-5.6606,1.688,0.57842,-1.4972,0.86674,-0.47855,-0.38337,-3.8861,-7.4998,-9.4525,-1.5378,0.25918,1.3513,0.90281,0.30846,0.47783
-2.6507,1.6507,1.6285,1.2533,1.7453,-0.97452,-0.39426,-0.44101,-0.78505,2.8061,-4.7384,-1.4753,-1.3481,-1.539,-0.91766,0.7259,0.59833,-0.25741,-3.5432,-1.0216,1.2538,2.994,-0.92986,-1.824,0.6509,-0.64081,0.33937,2.3562,8.1519,-6.3288,1.2428,0.59349,-0.7495,0.88575,-0.46465,-0.32046,3.3864,-8.3938,-0.63592,-1.1643,-0.044557,0.2273,0.90593,0.24576,0.49268
-1.1977,1.5477,-1.465,0.67088,1.6171,-0.33822,-0.33737,-0.47788,-0.79078,3.1929,-3.2765,-2.9487,0.049456,-0.99643,-0.76867,0.69091,0.62969,-0.27895,14.106,-14.61,10.721,-3.2912,-0.39365,0.031593,0.69556,-0.61911,0.29945,-0.988,4.6035,-0.3295,0.36699,-0.056168,0.14473,0.88152,-0.46911,-0.30362,-2.085,-1.2482,-0.87346,-0.97308,0.30376,0.016061,0.89471,0.224,0.50843
0.82135,-1.1117,-0.034418,-0.27692,0.062619,-0.16119,-0.30385,-0.48258,-0.79779,3.1599,-2.2451,-3.1483,0.46089,-0.6361,-0.23916,0.67324,0.63433,-0.31056,20.042,-8.2279,-18.918,0.27575,-0.89673,0.7944,0.68176,-0.65576,0.22451,-2.3809,0.27075,1.3505,0.46282,0.15895,-0.20835,0.88068,-0.46642,-0.29271,-0.93531,0.71726,-0.49013,-0.20878,0.7043,-0.019914,0.87844,0.21189,0.53157
0.91361,1.0369,-0.25851,-0.55605,0.021431,-0.17591,-0.30428,-0.47483,-0.80043,1.8209,-1.1563,-1.1977,0.21179,-0.38144,-0.089057,0.66611,0.63173,-0.33032,9.7408,-3.536,-12.574,1.7286,-0.80431,3.7638,0.62073,-0.72045,0.22874,-1.5096,-0.86374,0.84397,0.71384,0.14951,0.042793,0.87762,-0.47146,-0.27463,-1.56,-1.4111,0.15848,-0.44627,0.77819,-0.13966,0.85647,0.20693,0.56184
-1.1833,0.54929,-0.083585,-0.27123,0.49344,-0.36199,-0.28916,-0.46557,-0.81151,0.87319,-1.1858,-0.11247,0.36631,-0.18884,0.1791,0.66264,0.62625,-0.34271,4.8659,6.8089,-0.62289,1.061,-0.86861,2.4675,0.52857,-0.77138,0.26931,-0.47706,1.6978,0.89195,1.3583,-0.23521,0.59302,0.86642,-0.49465,-0.259,-0.15487,-2.7667,-0.74035,-0.03949,0.85634,-0.14435,0.83466,0.20566,0.59324
0.20078,-0.88934,1.1934,-0.57741,0.43457,0.008263,-0.26663,-0.45555,-0.82486,0.53622,-0.33692,1.3013,0.60065,-0.086457,0.4339,0.66985,0.61252,-0.35799,1.3668,6.9751,-0.85485,-1.6588,-0.60323,1.0403,0.48946,-0.81034,0.22669,0.32834,-1.0355,0.61097,1.2259,-0.19838,0.83797,0.84645,-0.53516,-0.24057,0.31356,-0.91966,0.24376,0.42178,0.98384,-0.20641,0.81086,0.21893,0.62178
-0.15241,0.12102,1.2048,-0.14217,0.026073,0.26597,-0.26661,-0.43852,-0.83389,0.4351,0.096558,1.4047,0.61666,-0.017946,0.59245,0.68135,0.58897,-0.37207,-0.29297,4.7729,-1.5849,-1.8512,-1.029,-0.19173,0.48695,-0.82774,0.14864,0.058122,-1.0937,-0.08469,0.92383,-0.37483,0.82345,0.82439,-0.57539,-0.22885,0.12403,2.0761,0.45782,0.40484,1.0846,-0.27447,0.7823,0.23806,0.65379
-0.73491,-0.25867,0.98152,-0.58252,0.18851,0.54913,-0.27179,-0.42185,-0.84218,-0.14862,0.34185,1.3102,0.60799,-0.08423,0.70074,0.69534,0.5621,-0.38698,-0.71634,3.5309,0.19058,-2.0908,-1.1463,-0.84519,0.50937,-0.82245,0.058915,0.43519,-1.4701,0.61359,0.60398,-0.37199,0.72809,0.80224,-0.61042,-0.22783,0.51442,3.2191,-0.28554,0.48939,1.1809,-0.22268,0.75051,0.25732,0.6905
0.71298,0.44648,1.4522,-0.16332,-0.67235,0.35842,-0.28369,-0.40322,-0.84791,-0.40064,0.54892,2.0969,0.18001,-0.41606,0.71139,0.70508,0.53729,-0.40269,-1.4258,1.4648,1.9516,-1.4538,-1.4325,-1.25,0.5437,-0.79554,-0.026412,-8.3883,17.508,0.7308,-0.88797,-0.30444,1.2488,0.7772,-0.64252,-0.24847,-10.714,-18.16,14.536,0.25443,-0.13518,-1.2007,0.71978,0.29313,0.71601
14.123,-1.3232,0.22921,-0.12168,-1.8956,1.0252,-0.34321,-0.41502,-0.8225,1.1197,-0.69504,2.5915,0.52088,-0.50227,0.98922,0.7139,0.51287,-0.41872,-1.5772,1.121,3.0751,-2.4604,-1.6198,-1.2348,0.57408,-0.76054,-0.11783,-13.644,-8.3122,-14.181,-4.9285,1.197,0.14844,0.75321,-0.62439,-0.36317,-24.414,-1.074,0.34255,0.096644,0.56965,-0.28041,0.69459,0.34479,0.73274
24.43,-1.7508,8.7209,1.6934,0.12753,-0.24357,-0.35208,-0.28589,-0.87331,1.0081,-0.69756,4.0878,2.1486,-0.17394,2.1264,0.73783,0.44558,-0.45022,-1.4686,-0.22908,4.0953,-3.657,-1.8387,-2.2286,0.60886,-0.6968,-0.24678,-21.17,-3.5198,-17.668,2.2332,1.4823,0.73085,0.73599,-0.66696,-0.32903,-26.738,-3.3258,-6.3145,0.90078,-0.51967,0.72441,0.71838,0.35405,0.7115
26.513,-2.7,8.4544,-0.43033,-1.1465,-0.96494,-0.36617,-0.23353,-0.88368,-2.6025,0.15359,9.5423,5.0159,0.07664,5.4418,0.79354,0.26498,-0.50055,-4.1565,-2.9967,7.1735,-5.5099,-2.4643,-4.4852,0.66349,-0.55253,-0.41331,-23.479,-17.161,3.0614,-2.266,0.11341,1.1464,0.72585,-0.68707,-0.31679,-23.828,-9.1304,-8.0292,2.6252,0.87227,-0.8192,0.71941,0.42993,0.6739
12.61,-2.134,7.823,-0.7627,0.48163,-0.56522,-0.35492,-0.21619,-0.89403,1.985,31.686,5.4908,8.3112,0.81917,9.136,0.82491,-0.14085,-0.50428,-4.3518,-16.303,11.786,-7.0882,-3.177,-7.0846,0.70271,-0.24656,-0.60245,-15.437,-8.8082,4.1743,1.5386,0.30271,-0.62328,0.71886,-0.70691,-0.2887,-21.687,1.8616,3.1682,-1.1168,1.0049,-1.1251,0.66524,0.46521,0.70346
11.914,-4.535,7.5335,-1.1197,0.13613,0.008341,-0.34118,-0.17588,-0.90727,2.7243,37.216,11.885,1.923,0.86715,9.0166,0.70218,-0.53236,-0.41754,-4.1133,-31.591,20.256,-2.6652,-3.843,-6.5702,0.62372,0.073431,-0.72066,-13.93,2.2893,-0.87965,0.088558,-0.27598,-0.11807,0.72879,-0.69833,-0.28006,-16.428,3.0691,9.7451,0.054928,-0.081454,-0.55241,0.6277,0.45721,0.73196
9.478,0.38748,4.1894,-0.44146,-0.37914,0.13344,-0.35211,-0.15026,-0.90707,9.7172,23.072,23.993,8.7926,1.7355,4.7885,0.5488,-0.75709,-0.26952,-2.8437,-31.311,27.942,0.56817,-3.0643,-2.7794,0.4893,0.16872,-0.80215,-8.4718,-2.6445,-3.2182,1.0833,-0.19803,0.18831,0.72011,-0.70808,-0.27543,-8.5239,3.5956,2.4166,1.1038,-0.35043,-0.048526,0.63366,0.49003,0.69918
8.7906,0.56398,2.1783,-0.40459,-0.27992,-0.30485,-0.36709,-0.13981,-0.90274,-2.6875,27.224,5.432,5.8397,2.7069,2.2497,0.45327,-0.87079,0.055755,-9.3131,-25.53,24.971,0.057085,-0.78976,0.65995,0.43978,0.189,-0.83619,-7.5834,0.83293,-5.3275,1.4501,-0.0065,-0.32507,0.72138,-0.71957,-0.23218,-7.1551,3.9957,-0.63716,1.4022,-0.88564,0.11563,0.64648,0.52075,0.65788
7.9053,-1.0858,1.5192,-0.38327,-0.35185,-0.48344,-0.3749,-0.12991,-0.90029,-8.2556,22.996,-0.016461,-2.0208,1.1285,0.76075,0.39057,-0.89289,0.12317,-4.0543,-19.865,18.634,2.1635,1.1398,2.8755,0.45641,0.11237,-0.8363,-7.7135,4.7354,-0.7496,0.68137,-0.090637,-0.25222,0.73129,-0.71506,-0.20895,-6.6025,3.3006,-1.2498,1.2714,-0.69957,0.3051,0.6739,0.54614,0.60742
7.3523,-1.8266,0.75658,0.08484,-0.25541,-0.29729,-0.38533,-0.13198,-0.89677,-5.3247,14.24,1.7088,-4.6281,0.71463,-1.0435,0.40594,-0.8908,-0.02094,-1.2491,-8.5228,12.023,2.6273,3.0828,3.9984,0.53451,-0.049194,-0.7925,-7.9028,5.1329,-0.92641,0.88123,-0.38615,0.42348,0.72664,-0.72487,-0.19079,-6.6319,2.0051,1.8093,1.8053,-0.78955,0.72569,0.70271,0.56498,0.55114
7.1783,-2.0721,1.3506,0.44664,0.13115,-0.15983,-0.38678,-0.14532,-0.89403,-2.2931,11.081,1.1711,-2.1856,1.5029,-2.5763,0.48048,-0.8418,-0.11837,0.027877,-10.526,7.4877,3.2464,3.6977,4.4952,0.62579,-0.22705,-0.69153,-7.0118,4.137,-2.273,0.64976,-0.19262,0.56923,0.70761,-0.74754,-0.17633,-6.9084,1.703,3.1336,1.7619,-0.78366,1.1104,0.74081,0.57408,0.48708
6.5046,-0.83865,1.8086,0.47093,0.27958,-0.17685,-0.37702,-0.16711,-0.89579,0.40981,13.983,-0.32769,-1.9359,1.8482,-4.0215,0.59945,-0.75865,-0.1328,-0.075341,-2.9735,4.5969,3.1225,3.6772,4.2855,0.65636,-0.4245,-0.55717,-7.856,8.2014,-2.8797,-0.1541,-0.17339,0.82691,0.68841,-0.76863,-0.17243,-7.7999,1.5574,3.2377,1.3833,-0.82708,1.0599,0.78531,0.56776,0.42565
6.0531,-1.9304,1.5369,0.41108,0.020842,-0.23702,-0.37129,-0.18385,-0.89477,2.1502,17.251,-2.3653,-2.2009,1.8369,-5.87,0.74559,-0.6116,-0.14329,0.42008,-4.0925,3.1472,1.2602,3.7259,3.6071,0.65309,-0.55824,-0.42499,-7.0434,3.9469,-3.474,-0.51962,-0.1343,1.4713,0.64745,-0.7961,-0.19054,-7.3348,2.1992,2.799,0.77546,-0.90114,0.88427,0.82342,0.55561,0.37411
7.3468,-2.3283,2.0963,0.70509,0.06795,-0.3525,-0.36913,-0.20807,-0.89046,-1.8204,16.086,0.98054,-1.7608,1.4445,-7.4539,0.89207,-0.37789,-0.12997,1.298,-1.4713,2.6552,0.25784,3.4489,3.0795,0.62849,-0.65513,-0.31669,-8.6823,3.3231,-2.936,-0.97151,0.008576,1.0875,0.60662,-0.82304,-0.21234,-8.466,2.6559,1.8921,0.080458,-0.78876,0.79043,0.85793,0.53342,0.33529
9.2553,-2.019,2.4411,1.2419,0.43101,-0.31116,-0.3574,-0.2523,-0.88617,-2.8676,12.553,-3.2657,-2.1438,1.2295,-8.2761,0.97006,-0.069861,-0.098485,2.043,-0.81053,-0.69446,-0.023103,2.8295,2.4264,0.5885,-0.72221,-0.23906,-10.339,-0.50077,-4.6761,-1.96,-0.064323,0.90771,0.56951,-0.83441,-0.26945,-10.115,2.7882,0.42273,-0.94573,-0.64811,0.64085,0.88573,0.50052,0.32122
13.54,0.5171,4.3852,0.19732,0.34615,-0.2195,-0.33977,-0.27693,-0.88679,-1.6001,9.6621,-2.2286,-2.0413,0.91405,-7.539,0.9455,0.24721,-0.05143,6.6527,0.90744,-0.86964,-1.738,2.3675,0.87764,0.56683,-0.75178,-0.2098,-13.894,-2.2073,-1.6994,-2.0863,-0.092574,0.39564,0.54982,-0.8218,-0.34248,-10.887,3.3428,-1.2025,-1.3918,-0.14674,0.59585,0.90743,0.46647,0.32734
14.673,-1.0306,7.5249,-0.37945,0.17351,-0.79661,-0.32202,-0.27457,-0.89407,2.0259,2.8069,-3.5305,-1.0974,0.67469,-4.9217,0.85983,0.46659,-9.9e-05,10.599,-3.393,-2.1775,-3.8125,1.6013,-0.7939,0.59042,-0.72111,-0.25332,-15.691,-3.6007,-0.21832,-1.4714,-0.45517,0.28711,0.53772,-0.80111,-0.40646,-13.922,2.0818,0.29674,-1.1546,0.57099,0.73084,0.91984,0.42324,0.36304
12.09,1.1986,7.3333,-0.58419,-0.24391,-0.84271,-0.31476,-0.27516,-0.89918,6.3983,-3.6747,0.98932,1.7774,-0.5225,-1.7053,0.80544,0.56644,-0.004154,3.8412,-9.1399,-3.5442,-1.5145,0.92798,-1.9361,0.64072,-0.65608,-0.30598,-15.579,-8.173,-0.81136,-0.5036,-0.6928,-0.26958,0.53079,-0.78396,-0.44709,-15.582,6.9903,2.3738,-0.47852,0.95317,1.228,0.92922,0.37545,0.40404
6.7393,5.1077,11.34,-2.0092,-0.69778,-0.24282,-0.3164,-0.23741,-0.90842,6.2377,-3.4033,-0.45882,6.7975,-2.5115,0.038032,0.78481,0.57171,-0.15988,-2.7475,-25.046,-16.416,0.29611,-1.4637,-3.334,0.7047,-0.57858,-0.32387,-12.115,-4.4068,0.43966,0.44832,-0.86112,-0.38027,0.53353,-0.77925,-0.45951,-11.473,0.32166,2.6344,0.72002,0.88776,1.3732,0.93703,0.32628,0.43237
-0.52566,7.8051,3.4828,-3.2394,-0.003052,0.57228,-0.34578,-0.12789,-0.92372,13.46,5.0605,-32.044,7.8684,-6.3387,1.9239,0.74607,0.435,-0.4576,-9.8129,-29.523,8.2094,0.9924,0.29889,-9.4573,0.8586,-0.36168,-0.31106,-8.4893,-1.9697,0.41981,1.5639,-0.96771,0.32359,0.51815,-0.79957,-0.44672,-10.431,-4.1519,3.0583,1.5014,0.60337,0.65902,0.93934,0.31012,0.441
6.553,6.8049,2.2392,-2.7684,-1.3875,-1.2764,-0.36146,-0.003602,-0.9313,-7.2395,19.694,22.121,4.9657,-3.5689,3.3159,0.69698,0.23039,-0.64508,-18.401,-12.691,9.9012,-6.1846,-0.050721,-6.9306,0.92292,-0.039429,-0.33828,-3.7239,5.8838,-4.3473,3.1056,0.16002,0.66643,0.50262,-0.8494,-0.38038,-6.9526,-8.4684,-1.9748,1.3888,0.35959,-0.03753,0.9379,0.32438,0.44029
11.645,-3.0553,4.8401,-2.1789,-2.1921,-1.1797,-0.4308,0.036341,-0.90435,-19.544,13.016,12.336,7.7555,-3.2708,2.7114,0.62866,-0.018571,-0.75781,-14.617,-2.9837,10.166,2.2437,0.8557,-6.7087,0.91322,0.22467,-0.31663,-11.093,5.6563,0.029362,4.9172,0.2395,1.609,0.46916,-0.93083,-0.19931,-5.1499,-9.7611,-10.734,2.4458,0.85768,-1.1638,0.92104,0.38377,0.42652
9.528,0.85434,5.9239,-2.798,-1.8035,-0.35236,-0.49607,0.12981,-0.86481,-6.3698,15.074,4.761,3.3688,-3.5695,2.2539,0.51699,-0.26144,-0.79947,-13.814,-14.859,6.879,0.20504,1.4192,-5.0795,0.86112,0.41494,-0.30072,-11.595,7.483,0.36995,3.4131,-0.18799,1.3778,0.41889,-0.97774,-0.056867,-15.324,3.9078,-5.1758,1.4257,1.4167,-1.0602,0.88161,0.45906,0.44422
11.257,1.208,6.663,-2.768,-1.5745,-0.35218,-0.56129,0.21876,-0.812,1.9083,18.703,7.4918,-0.28241,-4.342,1.3055,0.35478,-0.31651,-0.86642,-4.2655,-15.596,6.4938,0.29234,1.9851,-3.2068,0.81166,0.54714,-0.2374,-10.497,0.8519,1.6072,2.5171,-0.89393,0.47057,0.38685,-0.99258,0.041996,-16.531,0.2696,0.7782,1.9756,0.98103,-0.68566,0.8464,0.51528,0.45603
11.346,-0.014814,4.7083,-2.6282,-1.1403,-0.27464,-0.61043,0.29528,-0.7532,2.6518,15.886,7.8918,2.3899,-3.148,0.61206,0.21172,-0.37406,-0.89096,-0.57926,-18.727,4.7998,1.2477,1.8131,-2.3848,0.76253,0.62568,-0.21326,-8.5766,-1.547,-0.46748,2.5361,-1.357,-0.71483,0.40479,-0.98085,0.12164,-11.643,3.4573,-0.87134,2.5098,0.84523,-0.52381,0.81771,0.5782,0.43276
10.021,-0.79468,2.2832,-2.4263,-0.85378,-0.040582,-0.63946,0.36669,-0.69547,2.4378,9.6451,7.009,2.7675,-2.5348,0.68599,0.10843,-0.47332,-0.85996,-5.4505,-18.335,1.7315,1.2086,1.6756,-1.2047,0.73757,0.66639,-0.18152,-9.231,-2.3201,-0.93749,2.9558,-1.4688,-1.7817,0.47648,-0.93804,0.20493,-9.1008,1.8236,-2.7976,2.5044,0.52568,-0.080225,0.80027,0.62419,0.39259
7.5316,-1.5699,1.0431,-2.1708,-0.99313,0.072205,-0.66602,0.42667,-0.63985,1.4849,8.3356,4.6374,2.5211,-2.8796,0.82271,0.002404,-0.57475,-0.80344,-5.5416,-9.0819,1.0117,1.7564,1.2625,-0.48689,0.72541,0.6773,-0.19314,-10.764,-3.2338,-0.78001,2.4931,-1.6482,-2.4211,0.5734,-0.86718,0.26779,-7.6582,0.73091,-4.1508,1.9452,0.30548,-0.12617,0.79284,0.66122,0.34546
6.1325,-1.7099,-0.042804,-2.0489,-0.90456,0.31529,-0.68794,0.48644,-0.57785,2.7744,6.549,4.5594,0.57557,-3.0981,0.58857,-0.1156,-0.61397,-0.7706,-5.2729,-9.136,3.1707,2.4205,1.1841,-0.096781,0.72553,0.67203,-0.21082,-9.4529,-2.4863,-0.72447,2.1419,-1.9892,-2.7852,0.68643,-0.77731,0.29536,-7.0134,0.21425,-2.5276,0.72686,0.079092,-0.005544,0.78603,0.67757,0.3247
6.2323,-2.5418,0.29576,-1.7335,-0.66383,0.10128,-0.70167,0.53222,-0.52149,-1.0372,5.911,3.2646,0.64931,-2.4777,0.28461,-0.21008,-0.63211,-0.73738,-3.3164,-6.062,5.511,3.0379,1.3434,0.13203,0.74014,0.64404,-0.24836,-10.463,-2.1176,-3.7765,2.001,-1.8128,-3.0805,0.80289,-0.66759,0.29255,-5.7194,-5.3495,-2.5731,1.1451,0.020958,-0.36731,0.78473,0.69532,0.30116
8.01,-1.8068,0.030492,-1.4271,-0.5316,-0.28719,-0.7161,0.56137,-0.47125,-1.5162,9.0792,1.9103,0.4931,-1.5406,-0.14984,-0.26743,-0.65229,-0.70481,-2.4685,-5.406,4.3487,2.5012,1.2153,0.004293,0.75521,0.61376,-0.27675,-12.661,0.91254,-4.064,1.6464,-1.3464,-2.9531,0.903,-0.54644,0.28049,-8.2574,-4.26,-3.136,1.5189,0.17844,-0.74777,0.76552,0.73162,0.26418
7.5642,-1.6245,-0.19554,-0.9664,-0.43015,-0.78134,-0.74103,0.56163,-0.43228,-1.4803,7.88,0.25255,0.16248,-1.0149,-0.53488,-0.28484,-0.66333,-0.68872,-0.7537,-5.8766,5.9183,3.0434,0.67519,-0.30666,0.75894,0.58737,-0.31791,-13.06,2.9822,-4.3444,1.9957,-1.2759,-2.3503,0.97668,-0.42856,0.26864,-8.1747,-4.0662,-3.1191,1.5579,-0.004891,-0.86672,0.74046,0.77056,0.2207
8.4157,-1.2312,-0.20145,-0.69691,-0.62299,-0.94238,-0.7692,0.54919,-0.39888,1.5688,7.9153,-1.0798,0.09321,-0.79858,-0.57979,-0.29186,-0.67932,-0.67288,-0.58289,-2.1249,6.5206,2.2516,0.50072,-0.77739,0.75593,0.56811,-0.36049,-9.3046,3.2861,-7.2553,2.0663,-0.51798,-1.7354,1.0282,-0.32601,0.25781,-9.1746,-0.97863,-4.592,2.6573,0.019406,-1.124,0.70925,0.81758,0.15132
7.0361,0.34974,-0.022561,-0.52118,-0.60279,-0.93318,-0.79965,0.53215,-0.36811,3.6438,7.0686,-0.53627,-0.10204,-0.67147,-0.45987,-0.29957,-0.68636,-0.66826,-0.95828,0.06989,5.1027,1.91,0.17581,-1.1457,0.73779,0.56517,-0.4013,-7.4725,3.0312,-3.7217,1.4972,-0.43238,-1.3545,1.0619,-0.2478,0.25987,-9.6784,1.5588,-3.2041,2.2356,-0.1836,-0.9849,0.67888,0.85595,0.073594
6.6999,1.275,-1.0114,-0.47257,-0.70482,-0.73209,-0.83131,0.5103,-0.33734,4.7695,8.4363,0.36633,-0.27068,-0.34362,-0.000168,-0.3047,-0.68635,-0.66983,-2.0025,-0.61896,2.4486,0.95176,-0.23245,-1.2469,0.71195,0.57939,-0.43495,-6.7991,2.7124,-3.9704,0.92317,0.34089,-1.2928,1.0836,-0.17315,0.27141,-9.115,-3.3009,-0.68248,2.4128,-0.28795,-1.1977,0.6395,0.88993,-0.011259
7.7513,-0.37728,-1.2231,-0.061905,-0.49651,-0.5582,-0.85266,0.49437,-0.31243,4.582,8.7448,2.6971,-1.0302,-0.063889,0.60431,-0.31673,-0.66726,-0.69027,-2.5414,-1.0797,1.05,0.55949,-0.78013,-1.246,0.67251,0.60033,-0.46886,-10.631,15.397,-4.3989,0.95619,0.7572,-0.30419,1.0932,-0.11861,0.30263,-9.2314,-0.37378,-2.3052,1.8099,-0.13221,-1.4105,0.59176,0.92259,-0.090365
9.4045,-1.9491,-0.54184,0.018642,-1.0111,-0.069643,-0.86901,0.48708,-0.28656,4.9574,6.578,2.0577,-0.94209,0.37948,1.2904,-0.33805,-0.62605,-0.7229,-3.4087,-0.14386,-0.98917,0.43443,-1.6664,-1.6305,0.61797,0.62743,-0.52031,-13.881,16.751,-4.9309,0.081271,0.42212,1.5503,1.0913,-0.15146,0.32414,-8.0425,2.3516,-1.3813,0.56408,0.1477,-0.66457,0.55711,0.94214,-0.13352
11.676,-2.1542,-0.10812,-0.78548,-1.7009,0.38116,-0.88756,0.4968,-0.22852,7.3482,7.738,2.763,-0.76767,-0.16244,1.4387,-0.36813,-0.58281,-0.75203,-3.174,1.1724,-1.7566,0.07087,-2.8678,-2.6347,0.51399,0.67073,-0.58432,-17.005,-4.5908,-1.6089,0.50856,0.38348,1.8989,1.0783,-0.23778,0.33416,-6.494,-5.8068,3.21,0.27321,0.005635,-0.073576,0.55202,0.94955,-0.14141
12.104,-3.2445,-0.67902,-0.73869,-1.0711,0.5992,-0.89073,0.52026,-0.16403,10.318,9.6265,5.6574,-0.051696,-0.49312,1.287,-0.4129,-0.54829,-0.75979,1.2566,-3.1719,3.2759,0.69433,-4.4907,-4.1141,0.3241,0.72272,-0.66341,-10.91,-0.91196,-0.28246,0.62493,0.33783,1.2207,1.063,-0.28572,0.36234,-7.7525,-13.029,0.031519,-0.29269,0.12827,-0.049747,0.55648,0.95642,-0.1358
13.31,-6.4088,-2.8841,0.11935,-1.0695,0.81002,-0.88348,0.54704,-0.12587,9.5779,9.3671,7.6469,1.8616,-0.59993,1.2385,-0.4577,-0.5687,-0.72509,6.6685,-1.0129,12.694,-1.1396,-5.0756,-4.6908,0.065018,0.75869,-0.71269,-11.518,-2.0216,-0.96127,0.030757,0.3503,1.2602,1.0465,-0.3392,0.377,-8.4126,-13.593,0.041256,0.94878,0.057099,-0.17235,0.55505,0.95969,-0.14923
9.9528,-4.4711,-0.86745,-0.37571,-0.58411,1.0798,-0.86667,0.58003,-0.099667,9.4585,10.126,7.6909,0.55854,-0.74214,1.4602,-0.51406,-0.58263,-0.6804,17.343,1.3657,7.9344,-5.5997,-4.1809,-5.4397,-0.23036,0.83001,-0.6099,-10.729,-1.2419,-0.13589,-0.049956,0.32699,0.94165,1.0266,-0.38724,0.38938,-6.9633,-7.5226,1.001,1.1382,-0.13736,-0.094496,0.54961,0.95784,-0.18891
11.605,-4.0717,-2.1804,0.35944,-0.88238,1.001,-0.84494,0.61703,-0.079372,8.6535,8.5506,8.5269,-1.1285,-0.6012,1.6203,-0.57377,-0.53425,-0.6794,32.799,-10.217,-1.7907,-11.892,-1.2492,-5.9744,-0.48718,0.92276,-0.23168,-8.6723,-3.6289,-1.315,1.3656,0.17868,0.63392,1.0116,-0.40922,0.41486,-6.5858,-6.6788,2.728,1.4607,-0.35838,0.13731,0.54961,0.94271,-0.24588
11.464,-4.0615,-2.5993,-0.002328,-0.63923,0.9739,-0.82357,0.65011,-0.053394,8.129,6.9811,7.2577,-1.4011,-0.22867,1.7363,-0.6178,-0.4516,-0.69862,26.774,-15.998,0.22335,-6.5252,3.4175,-3.1993,-0.66072,0.84992,0.0197,-10.243,6.9369,-4.0967,0.99468,0.21491,0.18621,1.0089,-0.39786,0.44032,-8.4138,-6.2629,1.6075,1.3977,-0.25775,0.089188,0.55365,0.9232,-0.31037
11.133,-4.903,-2.6819,-0.18554,-0.37658,0.46721,-0.80732,0.67512,-0.030394,6.7718,6.7764,5.5327,-0.1988,0.27937,1.7999,-0.64899,-0.38501,-0.71296,16.552,-11.801,3.2764,-7.4173,3.173,0.14832,-0.71286,0.80734,0.13874,-11.413,3.6191,-0.96529,-0.46593,0.12064,0.25731,1.0019,-0.40769,0.44279,-9.3787,-4.5046,-0.047684,0.3517,-0.1474,0.004199,0.55273,0.91264,-0.34469
10.757,-5.7075,-2.7049,-0.3696,0.005259,0.096812,-0.8018,0.68169,-0.019966,5.5856,7.4806,4.3573,0.62031,0.53931,1.7321,-0.66567,-0.34656,-0.72016,12.848,-13.871,-1.3156,-4.3062,2.2946,1.0339,-0.71237,0.77791,0.25621,-9.6937,-1.2692,-1.5857,0.010999,0.19445,-0.30266,1.0012,-0.41224,0.44712,-7.4254,-5.3037,-0.56968,-1.0881,-0.083569,-0.005353,0.5511,0.91816,-0.3278
9.8778,-5.6332,-2.8304,-0.27157,0.2383,-0.11208,-0.8017,0.68015,-0.015632,6.1039,9.1975,4.7669,0.37865,0.58737,1.5142,-0.66957,-0.31758,-0.72725,10.931,-9.4897,-1.8561,-1.5702,1.7639,1.2186,-0.69664,0.78183,0.27161,-10.702,0.96179,0.23741,-0.19198,0.12139,-0.26643,1.003,-0.40251,0.45233,-7.3848,-8.1743,-0.068715,-1.1375,-0.00914,0.051447,0.55353,0.93302,-0.28313
8.9157,-5.156,-1.6707,-0.059603,-0.050477,-0.29662,-0.80851,0.67258,-0.012472,6.156,7.7082,3.9269,0.47075,0.6751,0.83791,-0.66394,-0.29653,-0.73925,7.6433,-10.888,-1.153,-2.5623,2.1357,1.4159,-0.67544,0.78764,0.28296,-10.507,-0.04884,1.7656,0.10738,-0.058635,-0.32163,1.0052,-0.38973,0.44871,-8.2234,-7.9239,-0.059795,-0.53859,0.040645,0.086855,0.5553,0.94178,-0.25394
8.0165,-4.9535,-2.3477,-0.11088,0.30722,-0.36035,-0.81666,0.6606,-0.014326,5.03,7.363,3.6341,0.37754,0.71699,0.18242,-0.64736,-0.29847,-0.74892,-2.1859,-12.25,-4.3002,-4.6097,2.8286,1.3424,-0.6663,0.77823,0.31223,-10.909,0.68973,0.53367,0.16307,-0.17999,-0.26854,1.0128,-0.37452,0.45062,-8.1521,-5.7437,0.19383,0.068346,0.00699,0.17366,0.55904,0.93977,-0.24513
7.1553,-2.561,-2.3387,-0.37722,0.079162,-0.17917,-0.82263,0.6521,-0.010586,4.362,5.5477,3.0384,-0.028656,0.64454,-0.058644,-0.62709,-0.29705,-0.76648,2.3795,-15.015,-8.9455,-0.75091,0.98718,1.7345,-0.64531,0.79133,0.31947,-9.8676,-1.3018,0.66181,0.31201,-0.32149,-0.15789,1.0185,-0.3619,0.44307,-7.1865,-5.7229,-0.64148,0.48351,0.068158,0.20788,0.56606,0.93122,-0.25819
7.7315,-2.1206,-2.4732,-0.20777,-0.32397,-0.49998,-0.82981,0.64244,0.002967,4.5092,5.639,3.2026,0.010944,0.43418,-0.26101,-0.60728,-0.30095,-0.77918,6.8454,-14.091,-7.4905,-0.71534,-0.11154,3.3066,-0.55971,0.83946,0.32866,-7.8753,-2.3006,-2.5385,0.37307,-0.31492,-0.41504,1.0263,-0.34382,0.43415,-8.7157,-6.9671,0.44996,0.27198,0.40255,0.015112,0.57425,0.92394,-0.26245
6.7695,-3.2071,-1.1818,0.018911,-0.54942,-0.41669,-0.84104,0.62723,0.021259,4.8447,5.0558,3.4717,0.10776,0.27731,-0.3987,-0.59146,-0.31087,-0.78525,5.8694,-16.997,-11.279,0.38031,-1.9833,4.8491,-0.39368,0.91262,0.34907,-9.3239,0.9442,-1.4306,0.001586,-0.15261,-0.50229,1.0373,-0.31868,0.42563,-8.815,-8.072,0.38553,0.38108,0.48732,-0.15635,0.57368,0.9213,-0.26335
7.9195,-3.2566,-2.2105,0.014481,-0.36473,-0.41561,-0.84969,0.61433,0.035048,5.3128,5.0967,3.0276,0.11805,0.28695,-0.52937,-0.57354,-0.32542,-0.79163,4.1964,-11.207,-10.04,1.529,-2.4869,5.5171,-0.15722,0.97969,0.32162,-9.8124,-0.022801,1.5769,0.083472,-0.21395,-0.46039,1.0447,-0.29779,0.42434,-8.0703,-5.719,-0.58917,0.66524,0.36271,-0.29038,0.56722,0.91668,-0.27226
7.8743,-3.5366,-2.5112,0.22761,-0.11259,-0.62072,-0.86115,0.59605,0.041476,4.8345,4.5224,2.988,0.35976,0.35335,-0.66633,-0.55533,-0.34622,-0.79621,2.9918,-3.7822,-7.0535,2.6153,-2.3696,5.4738,0.088642,1.0025,0.23786,-10.179,-0.20911,0.93949,0.22278,-0.3689,-0.45093,1.0563,-0.27356,0.41216,-6.9624,-6.2252,-0.44481,0.56119,0.40432,-0.3247,0.55639,0.91642,-0.28525
8.9589,-4.2496,-2.3956,0.25941,-0.55177,-0.76096,-0.87625,0.57359,0.044822,3.8537,4.4969,3.762,0.57861,0.36277,-0.7287,-0.53086,-0.37884,-0.79711,2.0504,-3.0627,-7.4911,1.8392,-2.3553,4.7512,0.30244,0.97358,0.14148,-10.056,-0.98833,0.86028,0.26289,-0.39719,-0.44776,1.0667,-0.25172,0.39874,-7.7425,-6.6759,-0.81781,0.82824,0.47915,-0.36338,0.54762,0.91313,-0.29812
9.9297,-4.2616,-3.2091,0.45737,-0.86858,-0.82585,-0.89154,0.54718,0.064789,4.2751,5.1849,4.3437,0.88198,0.2822,-0.60429,-0.50919,-0.4151,-0.79318,1.7852,-1.6376,-7.9697,1.0395,-2.5628,3.419,0.46021,0.91285,0.056324,-10.591,-1.5292,0.56498,0.40731,-0.40164,-0.61996,1.0787,-0.22057,0.38458,-8.9236,-6.3793,1.3894,1.0946,0.059335,-0.31021,0.53825,0.90744,-0.32482
10.197,-3.0169,-3.7511,0.85618,-0.59331,-1.0207,-0.90891,0.5151,0.078237,4.676,6.1205,4.8753,1.2274,0.32261,-0.48667,-0.48923,-0.46172,-0.77931,3.0769,-2.2383,-7.0938,1.0577,-3.3234,1.5357,0.54402,0.86253,-0.028788,-11.129,-1.5321,0.73427,0.48012,-0.36638,-0.81998,1.0882,-0.18056,0.37278,-7.8851,-4.5005,3.205,0.87122,-0.41043,-0.082678,0.52522,0.89419,-0.36826
11.286,-2.9592,-3.6828,0.8707,-0.2458,-1.0567,-0.9257,0.47975,0.067437,4.3971,6.2122,4.9615,1.3083,0.41196,-0.15167,-0.47103,-0.50974,-0.7624,5.5709,1.4787,-2.1282,1.7782,-4.5235,-0.78776,0.52707,0.85088,-0.17886,-12.134,-0.79961,0.39063,0.51568,-0.425,-0.95258,1.0959,-0.12969,0.35507,-6.7789,-4.5787,0.57877,0.51536,0.14329,0.11673,0.52259,0.8827,-0.38797
10.891,-2.7567,-3.5054,1.3973,-0.11197,-1.2353,-0.94524,0.43913,0.055217,5.6992,6.5213,5.1823,1.6607,0.47712,0.44804,-0.45936,-0.54897,-0.74264,5.7384,-0.91228,3.3338,2.7879,-6.1967,-1.9791,0.4158,0.85612,-0.35865,-11.694,-1.34,-0.898,0.16816,-0.32987,-1.1277,1.1029,-0.077526,0.34775,-8.6359,-3.2947,-0.94332,-0.28659,0.34326,0.28362,0.53215,0.87495,-0.3826
9.5974,0.59941,-4.635,1.1782,-0.057796,-1.1502,-0.96229,0.39572,0.039336,7.7658,7.1493,4.6268,2.9757,0.84395,0.88241,-0.45545,-0.60532,-0.69956,11.181,-4.5011,11.752,2.0574,-6.4644,-2.2532,0.24241,0.84107,-0.5232,-9.2197,-0.39068,-1.3745,-0.24601,-0.050723,-1.2766,1.1022,-0.021479,0.33953,-8.068,-4.179,-0.90623,-0.4322,0.23778,0.41872,0.54563,0.87163,-0.36319
9.3328,0.90905,-5.5825,0.66253,0.18043,-1.4238,-0.97948,0.34789,0.018082,8.9706,8.3319,3.7307,2.8557,1.1384,1.1325,-0.45593,-0.66719,-0.64029,15.021,-6.9798,2.8417,1.9496,-7.7735,-1.764,0.00991,0.81607,-0.61462,-9.2365,2.1969,0.41558,-0.15371,0.22405,-1.0561,1.0966,0.028154,0.34535,-8.4553,-2.9,-0.84955,-0.74987,0.21411,0.54157,0.56525,0.86897,-0.33641
7.5802,2.2054,-5.7217,0.72652,0.48913,-1.4005,-0.996,0.29102,-0.001057,9.3851,9.2567,3.9805,1.9166,1.5587,0.93462,-0.44979,-0.70579,-0.60285,29.992,-5.3424,-6.5389,4.4614,-9.9931,-0.16958,-0.27357,0.72486,-0.67712,-10.407,4.3493,2.9558,-0.017578,0.070093,-0.35773,1.0874,0.055031,0.35238,-8.9886,-4.0272,-0.36106,-1.2091,0.15448,0.50732,0.58619,0.87004,-0.29635
6.5154,1.8551,-6.7766,0.56976,0.46106,-0.90378,-1.0043,0.24759,-0.024828,10.133,7.8342,3.3419,1.5742,1.8921,0.59057,-0.42853,-0.72804,-0.59195,29.215,-4.5364,5.5912,6.5029,-5.728,1.7276,-0.46267,0.59424,-0.7065,-9.3584,3.5679,2.4825,-0.15143,0.087672,0.2166,1.0799,0.049223,0.36154,-8.9214,-3.5833,-1.3524,-1.4542,-0.016376,0.52119,0.6035,0.87274,-0.24924
8.5235,3.1315,-5.7682,0.44654,0.15256,-0.41715,-1.0091,0.22291,-0.049673,11.499,8.3783,3.0903,2.8713,2.3084,0.029321,-0.38447,-0.77402,-0.5585,19.368,8.4852,4.9172,2.8466,-1.9548,1.7826,-0.51446,0.4888,-0.74939,-8.8135,1.4025,0.66505,-0.32435,0.26027,0.59138,1.074,0.021695,0.36331,-8.2233,-6.3678,-2.8422,-1.4441,-0.027246,0.60589,0.62222,0.87122,-0.20187
9.5946,4.938,-7.651,0.016244,-0.19041,-0.33411,-1.0096,0.21019,-0.040827,11.38,10.921,0.86052,4.138,2.6707,-1.0744,-0.31108,-0.85716,-0.47303,15.79,6.8245,4.1632,-2.5614,-0.46825,0.64694,-0.52323,0.53175,-0.71827,-9.2168,0.12276,-2.1929,-1.0476,0.62922,0.6641,1.0608,-0.023964,0.38537,-8.1448,-3.7653,-3.7528,-1.0772,-0.1514,0.68994,0.6417,0.86319,-0.16514
10.38,4.5854,-6.267,-0.34585,0.089279,-0.29098,-1.0097,0.19925,-0.040617,9.4957,15.446,-0.33332,2.4478,2.3304,-1.8374,-0.20743,-0.92859,-0.37394,15.046,1.8895,4.2525,-4.8925,0.19153,0.004637,-0.51705,0.65053,-0.61904,-10.136,-1.454,-2.6599,-1.8225,0.88051,0.53313,1.0414,-0.077514,0.4131,-8.9903,-4.0809,-2.0945,-0.90984,-0.20357,0.81893,0.66701,0.8492,-0.13558
10.328,3.825,-4.9666,-0.17458,0.035922,-0.18743,-1.0097,0.18956,-0.038794,7.5948,13.797,-3.1545,-0.53206,1.4695,-2.0902,-0.10338,-0.94366,-0.36782,12.345,-2.4492,4.8934,-4.1814,0.034943,-0.54627,-0.51795,0.74977,-0.48821,-11.391,-3.2391,-0.25207,-1.7238,0.72092,0.62711,1.0199,-0.13893,0.43428,-9.3408,-3.589,-1.2997,-0.64859,-0.17874,0.84393,0.69399,0.83175,-0.11641
10.089,4.0027,-4.4673,-0.61754,0.51635,-0.015906,-1.0087,0.18878,-0.048739,7.8114,12.145,-1.4961,-0.59363,1.2766,-2.2847,0.005911,-0.92692,-0.40292,11.328,-3.0842,4.4294,-2.1734,0.25647,-1.0888,-0.54086,0.78215,-0.40285,-11.717,-1.5398,-1.566,-1.5017,0.81076,0.96865,0.99155,-0.20098,0.45738,-9.6834,-2.6325,-0.92935,-0.47784,-0.20499,1.0162,0.72196,0.80683,-0.10333
9.6535,3.4855,-3.9368,-0.34809,0.72057,0.11852,-1.003,0.19176,-0.070401,7.3034,12.461,-4.7323,0.30106,0.99514,-2.6681,0.12023,-0.91436,-0.39829,10.024,-2.8628,2.6161,-0.63842,0.25905,-1.5157,-0.57479,0.76929,-0.36967,-11.177,-1.5264,-0.68482,-1.5785,0.51682,1.2746,0.95953,-0.27998,0.45843,-9.8333,-2.3459,-1.5138,-0.42464,-0.21293,1.2286,0.75591,0.77606,-0.095137
9.5628,3.8593,-2.7263,-0.82677,0.5037,0.39702,-0.99737,0.20698,-0.091881,5.7069,13.561,-5.42,-0.046049,0.49487,-3.1153,0.23903,-0.89165,-0.38105,9.7704,-2.2738,1.2842,-0.34385,0.56621,-1.7028,-0.61465,0.73369,-0.36957,-11.057,-1.5123,-0.33727,-1.27,0.61236,1.3168,0.92708,-0.35527,0.46065,-9.5704,-1.7183,-1.9037,-0.48179,-0.23999,1.4528,0.79465,0.73596,-0.087019
8.4677,2.9007,-1.6515,-0.49116,0.3201,0.24315,-0.99115,0.22102,-0.098351,-0.93207,15.9,-1.6589,1.8651,2.2728,-2.6145,0.35387,-0.87744,-0.30662,8.731,-2.6611,0.8767,-1.4038,1.1172,-1.7703,-0.64704,0.70087,-0.36365,-11.001,-0.59851,0.008006,-0.9997,0.61557,1.3814,0.88587,-0.42482,0.46111,-9.8485,-2.2097,-1.9919,-0.41942,-0.16911,1.5292,0.8364,0.68849,-0.079066
7.5725,2.4873,-2.0714,-0.43299,1.2116,0.20279,-0.98404,0.22942,-0.1285,0.22742,10.539,-3.0493,-1.7946,0.99874,-3.1315,0.47441,-0.81147,-0.31158,7.6153,-4.2093,0.79871,-2.5285,1.5483,-1.4577,-0.66768,0.68582,-0.34392,-10.21,-0.14704,0.41357,-0.88968,0.53497,1.373,0.84321,-0.48957,0.46189,-10.04,-1.2726,-0.5507,-0.29879,-0.30111,1.6276,0.87568,0.6347,-0.076933
7.452,2.3758,-1.7522,-0.65802,1.0287,0.071031,-0.97245,0.23952,-0.17022,3.2504,9.5916,-6.729,0.28615,0.23307,-3.6308,0.58476,-0.73164,-0.30648,7.0875,-6.2587,0.99996,-2.5643,1.854,-0.81712,-0.67022,0.69122,-0.31669,-9.3724,0.062037,1.4356,-0.22484,0.52231,1.3607,0.79945,-0.54322,0.46681,-9.6075,-1.2533,-2.3588,-0.55462,-0.33584,1.6856,0.91419,0.57671,-0.078608
8.2921,2.1525,-1.3294,-1.0571,0.34925,0.25134,-0.96738,0.25269,-0.18294,1.3027,9.6053,-8.4736,-1.6706,-0.64294,-3.5237,0.67757,-0.63659,-0.3188,5.9579,-6.8723,1.0644,-1.7609,1.8634,-0.032292,-0.65296,0.70587,-0.30843,-8.2367,-0.03806,1.3385,-0.12691,0.23896,1.168,0.75613,-0.58428,0.47371,-10.34,-0.37034,-1.8084,-0.36279,-0.31753,1.7055,0.9463,0.51757,-0.077006
8.6394,1.5271,-1.2413,-0.55458,0.78736,0.15349,-0.95828,0.26551,-0.19847,0.84171,3.7234,-8.4207,-2.5565,-0.95418,-3.5101,0.74447,-0.50127,-0.39144,4.9939,-5.9105,0.95973,-1.4052,1.6132,0.49998,-0.6205,0.73166,-0.30812,-7.5083,0.06055,-0.035087,-0.035695,0.1256,0.90512,0.72498,-0.61694,0.47311,-11.037,-1.7542,-0.35219,-0.27112,-0.42331,1.6814,0.97792,0.4523,-0.084892
8.5757,1.0798,-0.42397,-0.45291,0.73774,0.23959,-0.94566,0.27645,-0.22342,0.56564,7.8623,-6.0389,-2.1063,-1.2116,-3.1491,0.78474,-0.36739,-0.45633,4.1804,-4.9555,1.4198,-1.4755,1.328,0.66962,-0.57932,0.76272,-0.29947,-6.8679,-0.21561,-1.5526,0.7369,0.35021,0.4954,0.69895,-0.62849,0.48656,-10.254,-3.6092,-0.7175,-0.19031,-0.46877,1.3804,1.0004,0.39198,-0.09676
7.6074,1.4414,0.033636,-0.24593,0.71741,0.31194,-0.93367,0.29032,-0.24518,-1.8513,1.0642,-5.4918,-4.4488,-1.7014,-2.5664,0.78821,-0.20512,-0.54318,2.7559,-4.5006,2.1677,-1.4408,1.01,0.72516,-0.54081,0.79442,-0.27879,-6.5198,1.4541,-2.3277,0.99169,0.50007,0.22762,0.67647,-0.61656,0.52085,-8.8781,-4.449,-1.6528,-0.19897,-0.46797,0.90946,1.0105,0.34967,-0.11216
6.9682,1.4714,-0.62761,-0.3698,0.66779,0.45508,-0.92372,0.30759,-0.26719,-3.5438,-5.7583,-4.9355,-4.7752,-2.3162,-1.4629,0.74574,-0.028209,-0.62933,1.9366,-4.1762,2.2866,-1.2568,0.59203,0.73844,-0.50599,0.82426,-0.25133,-6.8803,3.4608,-1.8645,0.63443,0.89681,0.14434,0.65222,-0.60261,0.56364,-7.8499,-7.5081,-1.9724,-0.17027,-0.41823,0.27985,1.0122,0.33211,-0.12789
6.8501,1.1579,-1.6751,-0.44122,0.55437,0.54477,-0.90638,0.33136,-0.28138,-2.1516,-9.7106,-3.4164,-0.94559,-2.7459,0.10885,0.67524,0.063021,-0.69835,2.3723,-4.3086,3.0485,-0.82761,0.045945,0.8068,-0.47571,0.84856,-0.22182,-5.6081,4.1736,-2.5225,0.19681,-0.024303,-0.3756,0.6438,-0.59284,0.57827,-7.7101,-9.7695,-0.60147,-0.10926,-0.38542,-0.57749,1.0051,0.34308,-0.13671
10.227,-0.12936,-1.4937,0.15126,0.62466,0.55469,-0.88977,0.35126,-0.30193,-1.7394,-7.5142,-2.896,0.076889,-4.7528,2.1717,0.5682,0.034722,-0.78918,4.5785,-5.2193,3.6723,-0.27389,-0.41477,0.8918,-0.44272,0.86857,-0.20096,-23.026,6.1809,3.1805,-2.0279,-0.44013,0.28175,0.6327,-0.61424,0.56353,-10.406,-5.7134,-7.6289,1.1641,0.13674,-1.146,0.98589,0.38367,-0.1482
13.914,1.0552,-1.2865,0.010985,0.85052,0.53753,-0.86865,0.37226,-0.33121,1.4438,-7.0979,4.0248,-0.29208,-7.4833,2.7043,0.35885,0.004004,-0.90229,8.879,-6.8642,4.3113,0.43673,-0.83856,0.55895,-0.42011,0.87954,-0.19383,-0.64472,-13.266,-4.7973,1.6402,-0.3862,-0.1895,0.66023,-0.63993,0.48819,-12.615,2.7163,-5.5889,1.0147,1.1222,-1.8131,0.96308,0.44027,-0.13454
16.851,-2.7856,-2.6844,0.77312,0.086371,0.62677,-0.85947,0.38613,-0.33243,12.419,6.2093,21.06,-2.8683,-10.174,2.7794,0.014703,0.022439,-0.96881,14.935,-6.2035,4.6655,1.0397,-0.76797,-0.22272,-0.42053,0.87247,-0.20986,-15.489,-5.8306,-1.4271,1.0572,0.11052,-1.6875,0.67717,-0.57783,0.53558,-17.542,2.7617,-3.4233,-0.84389,0.73981,-1.7437,0.92735,0.5147,-0.08848
13.22,1.1803,2.201,-0.43817,0.87862,0.4676,-0.8344,0.40797,-0.36076,29.869,1.9208,23.981,-4.9866,-8.7236,1.9784,-0.35086,0.22674,-0.87896,17.227,-3.9693,3.5318,-0.4022,-0.19551,-0.76724,-0.44158,0.85805,-0.21342,-14.061,-2.0121,-2.0628,0.41735,-0.45439,-1.6193,0.71687,-0.51605,0.54272,-16.754,1.4296,0.4862,-0.14452,0.44226,-1.9376,0.87394,0.58677,-0.06571
9.6993,0.16612,1.6528,-0.38451,0.39532,0.075359,-0.82503,0.42182,-0.36602,24.705,-3.9778,-4.8659,-3.0235,-5.6574,0.87967,-0.55762,0.3613,-0.69932,15.59,-1.3874,3.5476,-2.5096,0.39952,-0.73598,-0.46363,0.85514,-0.1588,-13.101,-3.0109,-2.6577,0.67971,-0.23005,-1.8712,0.75564,-0.45493,0.54044,-13.256,2.0282,-0.21511,0.89972,1.0399,-2.0409,0.81421,0.65696,-0.047368
8.9001,-0.5732,1.0152,-0.24933,0.57222,0.27528,-0.80901,0.43493,-0.37534,19.232,-4.8721,2.5669,2.7492,-2.5666,1.6773,-0.6514,0.37979,-0.62258,12.092,1.2105,2.738,-4.2969,0.63546,-0.65879,-0.48167,0.85386,-0.046978,-12.092,-0.16514,-2.4379,1.3873,-0.26211,-1.7482,0.78993,-0.37511,0.55085,-10.406,4.0644,-0.96833,2.0353,0.79766,-1.3466,0.76225,0.70271,-0.067468
7.2189,-1.567,0.93633,0.03637,0.65065,0.29337,-0.79224,0.44551,-0.39311,12.738,0.27927,3.3428,5.8396,-0.29715,1.2705,-0.65466,0.30434,-0.65077,8.7315,0.48273,2.3769,-4.9205,0.92217,-0.95756,-0.50788,0.83282,0.09766,-9.5728,2.2391,-2.8251,1.4566,-0.39966,-1.4514,0.81476,-0.29118,0.55882,-5.3975,6.4124,0.21338,1.774,0.16286,-0.45079,0.73093,0.7169,-0.11348
5.6857,-1.2865,0.58331,-0.55017,0.46646,0.46466,-0.77447,0.461,-0.39981,6.7034,9.4186,3.6634,6.3144,0.98896,1.2657,-0.62387,0.14753,-0.72194,7.84,0.20284,2.5346,-4.3763,1.4375,-1.3721,-0.55343,0.77757,0.21765,-7.2681,4.6455,-2.1362,1.1647,-0.38964,-1.2303,0.83432,-0.21764,0.55944,-2.73,5.9761,1.8037,1.9737,-0.65731,0.46736,0.72492,0.70145,-0.17064
3.9078,-1.0465,-0.30904,-0.23893,0.45817,0.10741,-0.75919,0.47544,-0.40525,-0.69276,9.3751,6.7674,1.7143,0.3339,1.6448,-0.58949,0.079702,-0.75428,7.7006,-0.58929,1.9497,-4.6462,1.9834,-1.0349,-0.60773,0.69657,0.30813,-6.8255,8.5479,-2.2441,0.63509,-0.29916,-0.95009,0.84651,-0.16221,0.55289,-4.9543,-6.831,1.3506,1.3886,0.30166,0.85118,0.73533,0.66308,-0.23164
4.8283,-0.41516,-0.70087,-0.48925,0.64297,-0.028612,-0.74936,0.48262,-0.41463,-0.84409,5.4295,5.9999,-0.18718,-0.47386,1.484,-0.58567,0.10881,-0.75021,8.7593,-2.787,-0.6414,-5.1668,2.2995,-0.17982,-0.64918,0.61552,0.37918,-5.7266,10.288,-1.2034,-0.028319,-0.16645,-0.47147,0.85031,-0.13708,0.5468,-7.5443,-12.286,-3.1381,1.4121,0.48754,-0.23984,0.74257,0.65361,-0.21112
8.0234,0.92378,2.6747,-0.45787,0.67261,-0.28352,-0.73687,0.48622,-0.4224,4.95,5.4973,4.4027,-1.0287,-0.93444,0.95144,-0.59815,0.15964,-0.72787,12.811,-5.7261,0.67892,-4.2762,1.7684,1.0777,-0.66878,0.55305,0.43448,-7.342,7.0037,-2.9656,-0.31904,0.12021,0.27542,0.84681,-0.13878,0.54189,-16.688,-5.2365,-5.2982,0.22048,-0.53873,-0.73471,0.7138,0.65814,-0.25128
14.029,3.0973,1.0332,-0.75651,0.041894,-0.72021,-0.73909,0.47938,-0.41879,16.781,6.1033,1.6712,-0.90393,-0.35309,0.16952,-0.61225,0.20366,-0.69825,13.097,-6.1036,-0.71842,-4.2986,1.6381,1.5306,-0.66771,0.51267,0.47803,-18.657,0.64683,-0.14718,0.16736,0.36784,1.3953,0.82592,-0.18011,0.55816,-3.4734,5.0916,1.5124,-4.301,0.096635,-0.27429,0.69249,0.69179,-0.19254
18.131,2.9762,2.705,-0.91535,0.52851,-0.78587,-0.74723,0.46739,-0.41052,15.5,5.0525,1.904,1.0864,0.90063,-0.33673,-0.59266,0.19756,-0.71066,11.265,-8.4516,-0.90338,-3.6681,1.4852,1.9595,-0.66415,0.47784,0.51138,-17.534,-8.3051,0.095208,2.2012,0.42204,1.8404,0.79727,-0.20157,0.57838,-18.293,7.8274,1.6205,1.1701,-0.45591,1.3975,0.7085,0.67652,-0.16258
15.959,2.2972,2.7065,-0.86233,0.83616,-0.48731,-0.7458,0.46623,-0.41154,16.51,5.7891,2.9512,3.0041,0.94155,-0.54408,-0.56291,0.11785,-0.74433,12.6,-7.4709,-3.0419,-4.2583,1.2746,2.3501,-0.65158,0.45679,0.54102,-18.13,-2.7147,0.67742,0.82652,0.84856,1.9804,0.7509,-0.22742,0.61454,-14.867,9.3183,-6.3638,0.26443,-0.41209,1.8008,0.74313,0.61884,-0.20779
11.53,1.9469,2.8572,-0.99641,0.69243,-0.15262,-0.73575,0.47116,-0.41442,13.27,7.9795,3.3034,2.7499,0.54275,-0.63328,-0.53781,0.012173,-0.76094,8.3416,-11.385,-1.833,-4.3667,0.71549,2.5159,-0.632,0.40994,0.59274,-13.823,-3.9827,-0.51022,-1.1015,0.90685,1.8055,0.6951,-0.29087,0.63001,-15.311,1.8012,-3.0595,-1.0078,-0.59926,2.0854,0.78082,0.56149,-0.20791
8.318,1.5456,2.2035,-1.1113,0.28689,0.040115,-0.72978,0.48759,-0.40296,9.6872,6.6815,3.0908,0.55892,-0.16881,-1.1747,-0.52969,-0.051853,-0.75608,3.998,-10.738,-1.4407,-1.1656,0.23815,2.5448,-0.60599,0.4116,0.61464,-10.688,-4.5298,0.58132,-1.7984,0.22831,1.5288,0.65042,-0.36828,0.62412,-12.231,-3.0554,-0.50286,-0.64899,-0.69708,1.9308,0.81543,0.50134,-0.20874
5.637,1.6217,1.5196,-1.0506,0.17448,0.17901,-0.72135,0.50839,-0.38537,7.6086,4.3763,2.5597,-1.705,-0.6398,-1.8439,-0.53922,-0.057876,-0.74185,2.3717,-10.526,-3.4298,-0.1132,-0.35633,3.1291,-0.55597,0.46599,0.62182,-4.5784,-8.2902,-1.9705,-1.2796,0.057825,0.99884,0.62331,-0.43708,0.5933,-8.1877,-3.8482,-1.3556,0.1627,-0.60087,1.6318,0.8392,0.44125,-0.22989
4.2485,0.87157,1.064,-1.0687,0.15604,0.16793,-0.71541,0.5264,-0.36434,6.1415,2.1053,1.9498,-2.5807,-0.56631,-2.3162,-0.55442,-0.03361,-0.72656,-0.36913,-11.025,-5.6191,1.3133,-0.71916,3.7395,-0.47706,0.54941,0.61572,-1.6425,-7.8183,-0.81655,0.41841,0.10134,0.19811,0.60376,-0.44895,0.59253,-5.7246,-4.2605,-2.107,0.048124,-0.41662,1.2279,0.85397,0.3878,-0.25079
3.1872,-0.0515,0.58732,-1.0644,0.1721,0.058268,-0.70915,0.54378,-0.34479,4.2616,0.55162,1.4305,-1.9494,-0.12237,-2.34,-0.55784,-0.018321,-0.71525,-1.8577,-6.4635,-6.5767,3.1939,-0.82792,4.2722,-0.35622,0.67852,0.55795,-2.1736,-4.7888,2.4409,2.1767,0.38248,-0.63198,0.59962,-0.3946,0.6268,-4.6871,-6.5668,-1.9164,0.37207,-0.21804,0.81385,0.8572,0.35121,-0.26411
2.2056,0.18044,0.1337,-1.0471,-0.015004,0.042568,-0.70595,0.55846,-0.3198,2.9657,0.80286,0.66549,-0.7419,0.28576,-2.1639,-0.5489,-0.032855,-0.71526,-2.3634,0.42407,-4.8339,4.0088,-0.88728,4.5226,-0.2113,0.80106,0.45624,-6.0412,13.954,-3.0295,1.4356,1.7142,0.25981,0.57229,-0.34195,0.67634,-4.5711,-8.9962,-1.6371,0.49551,-0.31337,0.3372,0.85501,0.32477,-0.28047
4.0948,-0.60555,0.21753,-0.89235,-0.19472,0.058309,-0.70606,0.5708,-0.29398,3.5418,1.5078,0.77431,-0.47022,0.48708,-1.9595,-0.53295,-0.061423,-0.71982,-1.7733,-0.68942,-3.1259,3.3207,-0.59816,4.1639,-0.057286,0.87615,0.34717,-7.2403,11.509,-0.52236,0.91049,-0.02603,0.99026,0.53167,-0.33352,0.70345,-4.2011,-12.627,0.13743,0.68476,-0.47176,-0.77503,0.83882,0.32321,-0.3032
8.6254,-0.62821,0.49796,-0.53286,0.39218,0.076803,-0.69887,0.57946,-0.27985,5.15,2.9721,1.2234,-0.99056,0.6215,-1.7655,-0.50938,-0.075711,-0.72953,-1.8391,0.18062,-2.1177,3.3364,-0.52309,3.6907,0.088864,0.90573,0.22906,-22.928,4.8678,-9.2115,-0.27212,0.32765,0.98874,0.4995,-0.32798,0.71881,-7.9708,-6.225,-5.5794,0.91625,-0.074662,-1.9791,0.80128,0.35961,-0.32639
15.208,-0.98359,2.0602,-0.77498,-0.62499,0.36428,-0.68988,0.59096,-0.26487,9.7351,7.3257,0.76597,-0.49836,0.4182,-1.1557,-0.48633,-0.077984,-0.73935,-3.8906,0.2985,-2.4711,2.5004,-1.2443,1.9672,0.19479,0.90533,0.1213,-1.3224,-21.26,10.504,-1.1306,-0.87821,1.3696,0.48596,-0.3911,0.68664,-21.69,-1.7535,-9.826,1.6612,1.4387,-2.4578,0.76665,0.4031,-0.32352
20.709,-3.9558,2.4855,-0.13789,-0.4373,0.2189,-0.68534,0.60808,-0.23971,10.947,10.829,2.6096,0.5418,-0.1997,-0.3372,-0.48041,-0.095667,-0.73844,2.356,-3.1173,-0.18505,2.0106,-3.1967,-1.8901,0.1842,0.90714,0.025455,-15.73,-13.8,-4.3195,0.77822,-0.13855,-0.51125,0.4902,-0.38727,0.6764,-22.147,8.3552,-3.1872,0.23187,0.42737,-2.3815,0.72578,0.45896,-0.3071
17.73,-2.2808,4.5928,-0.052251,0.10358,-0.19019,-0.68372,0.60332,-0.24231,13.978,8.8184,5.2315,1.6662,-0.046387,-0.63965,-0.48472,-0.1344,-0.7267,4.4016,-6.9766,8.8247,3.4327,-5.6626,-3.3252,0.059277,0.9148,-0.09541,-15.398,-7.7797,-5.1672,1.4166,-0.33421,-0.88111,0.50596,-0.33389,0.68837,-20.066,6.0675,-1.1859,1.1919,0.75704,-2.0442,0.68994,0.50122,-0.30078
