9.4614,-0.65488,-2.3429,0.042387,-0.012064,-0.048892,-0.97981,-0.4248,0.26679,1.1069,9.5422,2.068,0.002705,-0.007186,-0.003526,0.13996,-0.94719,0.24257,1.605,-8.6221,4.3655,-0.02759,0.00894,-0.01081,-0.41299,0.65347,-0.73001,-3.156,8.4387,-3.9054,0.009735,0.01706,-0.014462,0.17408,-1.052,-0.043864,-2.186,-9.1002,-2.8688,0.002432,0.004605,-0.006326,0.1923,0.57181,0.63569
9.4993,-0.58061,-2.469,-0.034748,-0.001862,0.007502,-0.97841,-0.42485,0.26804,1.085,9.4694,2.0675,0.018779,-0.001822,0.007026,0.13903,-0.94874,0.24203,1.6002,-8.7243,4.4748,-0.016959,-0.021775,-0.005574,-0.41267,0.65334,-0.73113,-3.1409,8.4089,-3.9276,-0.000989,-0.001419,-0.012834,0.17585,-1.0508,-0.043915,-2.1861,-9.1226,-2.8614,-0.030064,-0.020721,-0.011841,0.19421,0.57182,0.63642
9.4842,-0.6764,-2.5667,-0.020818,0.030621,-0.035491,-0.97802,-0.42716,0.26767,1.1295,9.4254,2.1478,0.038533,-0.005484,-0.003822,0.13825,-0.94855,0.24432,1.6248,-8.8164,4.3448,0.008309,-0.009142,-0.017883,-0.41341,0.65375,-0.7308,-3.1558,8.4087,-3.8978,-0.012845,-0.014591,-0.000572,0.17437,-1.0508,-0.042935,-2.1711,-9.1226,-2.8836,-0.006679,0.002904,1.1e-05,0.19285,0.57076,0.63586
9.4551,-0.52066,-2.551,-0.079394,0.087478,-0.037637,-0.97775,-0.42839,0.26529,1.1093,9.5422,2.0534,0.056584,0.002381,-0.0137,0.13803,-0.94754,0.24533,1.6781,-8.6809,4.4117,0.044271,-0.011075,-0.032834,-0.41356,0.65169,-0.73125,-3.1558,8.4235,-3.8453,-0.01517,0.006531,-0.01542,0.17514,-1.0525,-0.044992,-2.1861,-9.1075,-2.9062,-0.009505,0.006688,0.009998,0.19336,0.57024,0.63536
9.4551,-0.49861,-2.5061,-0.078486,0.12209,0.005082,-0.97876,-0.42763,0.26124,1.0868,9.5667,1.9978,0.034893,-0.016077,-0.009024,0.13958,-0.94678,0.24673,1.6874,-8.443,4.4468,0.02868,-0.023463,-0.014306,-0.41469,0.65043,-0.73115,-3.1557,8.4086,-3.8678,0.011144,0.004745,0.001331,0.17525,-1.0516,-0.045251,-2.1636,-9.0927,-2.9133,0.011241,0.009483,0.011764,0.1926,0.57167,0.63624
9.469,-0.54436,-2.2078,-0.020574,0.12363,0.010641,-0.98123,-0.42783,0.25486,1.1237,9.5302,2.0246,0.018644,-0.019481,0.003543,0.13857,-0.94757,0.24695,1.6683,-8.603,4.371,-0.031051,0.006929,-0.016097,-0.41567,0.65034,-0.73069,-3.1708,8.4087,-3.9056,0.016607,0.006501,-0.003952,0.17503,-1.0508,-0.043691,-2.201,-9.1076,-2.8841,0.013159,0.013815,0.003665,0.19263,0.5718,0.63663
9.4837,-0.63308,-2.2829,-0.004641,0.050027,0.012798,-0.98267,-0.42738,0.2528,1.1682,9.4498,2.0828,0.033011,-0.001746,0.013299,0.13835,-0.94682,0.24796,1.6781,-8.6443,4.3377,-0.041912,0.008863,-0.008158,-0.41412,0.65105,-0.73,-3.1483,8.3938,-3.9127,0.004028,0.014432,0.003158,0.17506,-1.052,-0.043424,-2.216,-9.1225,-2.8545,0.002407,0.006442,-0.00449,0.19254,0.573,0.63568
9.4622,-0.5286,-2.4316,-0.037317,0.024083,0.001915,-0.9814,-0.42762,0.25178,1.1509,9.4838,2.0756,0.018557,-0.011394,0.019592,0.13925,-0.94868,0.24973,1.6344,-8.7389,4.3827,-0.00263,-0.018062,-0.007307,-0.41656,0.65193,-0.73091,-3.1259,8.3938,-3.9047,-0.001131,0.006501,-0.005722,0.17508,-1.0528,-0.043159,-2.1935,-9.1152,-2.8541,-0.015875,-0.018487,0.007136,0.19298,0.57234,0.6361
9.4693,-0.60279,-2.4171,-0.026233,0.075236,0.012653,-0.98479,-0.42607,0.24817,1.1237,9.5277,2.0294,0.031486,0.010456,-0.007074,0.13843,-0.9457,0.2495,1.6806,-8.6711,4.3773,-0.02216,-0.016561,-0.012606,-0.41462,0.65197,-0.72993,-3.1558,8.4087,-3.8903,-0.009013,0.013565,-0.010963,0.17507,-1.0526,-0.043422,-2.1711,-9.1077,-2.8836,-0.012219,-0.005931,0.0072,0.19298,0.57117,0.634
9.4837,-0.63302,-2.2978,-0.024525,0.051861,0.005466,-0.98445,-0.42566,0.24697,1.1334,9.5472,2.0053,0.034055,-0.001881,-0.0036,0.1383,-0.94647,0.24938,1.6927,-8.6275,4.3938,0.002828,-0.005487,-0.014313,-0.41545,0.65212,-0.72884,-3.1559,8.4237,-3.8979,0.000539,-0.005807,-0.002271,0.17366,-1.0519,-0.044015,-2.1861,-9.1001,-2.8987,-0.009477,-0.007764,0.004474,0.19258,0.57168,0.63597
9.5138,-0.60339,-2.3571,-0.026229,0.0497,-0.023709,-0.98495,-0.4269,0.24509,1.1336,9.4986,2.022,0.019547,-0.010582,0.010694,0.13865,-0.94729,0.25097,1.7074,-8.6833,4.3535,-0.011557,-0.01816,-0.007291,-0.41593,0.65343,-0.72827,-3.1558,8.4086,-3.8753,-0.002978,-0.004042,-0.004026,0.17532,-1.0506,-0.043284,-2.201,-9.1076,-2.8691,0.002315,0.006586,0.00274,0.19427,0.57249,0.63548
9.4687,-0.66253,-2.2981,-0.019063,0.062667,0.012721,-0.98534,-0.42734,0.24268,1.1726,9.5036,2.0004,-0.002862,-0.010507,0.014443,0.13896,-0.94783,0.25178,1.7122,-8.625,4.3232,0.011689,-0.004409,-0.010761,-0.41751,0.65247,-0.72959,-3.1483,8.4087,-3.8902,-0.000974,0.01355,-0.012728,0.17584,-1.0506,-0.043915,-2.2011,-9.1225,-2.8692,0.000476,-0.000573,0.003601,0.19253,0.57273,0.63542
9.4689,-0.58134,-2.223,0.013721,0.08551,-0.00739,-0.98819,-0.42678,0.23682,1.1632,9.4548,2.0609,0.011662,-0.003628,-0.003431,0.1381,-0.94664,0.25054,1.7074,-8.6372,4.3478,0.00639,-0.018145,-0.012565,-0.41643,0.6519,-0.72826,-3.1184,8.3789,-3.9196,-0.008104,0.015305,-0.01096,0.17509,-1.0544,-0.043548,-2.201,-9.1001,-2.884,-0.004891,0.010145,0.002781,0.19332,0.57432,0.63555
9.5134,-0.67756,-2.3352,0.012162,0.097461,-0.053047,-0.98824,-0.42739,0.23575,1.1773,9.5522,1.9764,0.025229,0.010488,-0.007011,0.1378,-0.947,0.24962,1.6832,-8.7828,4.3793,0.019223,-0.036593,-0.02674,-0.41819,0.65183,-0.72809,-3.1708,8.4236,-3.8982,-0.008196,0.017094,-0.007406,0.17478,-1.0513,-0.043308,-2.1936,-9.1225,-2.8989,-0.006547,-0.002687,-0.010871,0.19379,0.57288,0.63453
9.4991,-0.52943,-2.297,-0.042328,0.092874,-0.022089,-0.98767,-0.42722,0.2339,1.1434,9.501,2.0343,-0.015182,-0.005387,-0.006774,0.13783,-0.94702,0.25027,1.6197,-8.6415,4.3172,0.003152,-0.007631,-0.028469,-0.41847,0.65068,-0.72871,-3.126,8.4237,-3.8747,-0.015272,-0.002285,-0.011071,0.17485,-1.0493,-0.044096,-2.1786,-9.1002,-2.8762,-0.022996,-0.02406,-0.001031,0.19428,0.57262,0.63561
9.5134,-0.55998,-2.0957,-0.012594,0.054868,-0.03829,-0.9868,-0.42894,0.23021,1.1189,9.4793,2.0194,0.025984,0.0017,0.001809,0.13893,-0.94575,0.25161,1.7803,-8.5939,4.397,0.018306,-0.02213,-0.028433,-0.42015,0.6506,-0.72703,-3.1557,8.3713,-3.9203,-0.001065,-0.005811,-0.009342,0.17464,-1.0519,-0.043575,-2.1936,-9.1225,-2.884,-0.008476,-0.006114,-0.002749,0.19337,0.57274,0.63597
9.5137,-0.57426,-2.2301,-0.021483,0.076265,-0.049345,-0.98852,-0.43015,0.22788,1.153,9.5085,1.993,0.033185,-0.010791,-0.012535,0.13824,-0.94529,0.25338,1.7976,-8.7081,4.3553,0.025367,-0.000152,-0.024852,-0.42034,0.6492,-0.72825,-3.1706,8.4084,-3.8456,0.00054,0.001244,-0.002222,0.17542,-1.0516,-0.044588,-2.1861,-9.115,-2.8988,-0.009407,-0.000667,0.000904,0.19444,0.57183,0.63589
9.4544,-0.47025,-2.1851,-0.066859,0.055922,-0.052968,-0.98762,-0.43239,0.22472,1.1281,9.5598,1.9178,0.026059,-0.009018,-0.014244,0.13792,-0.94603,0.25208,1.7171,-8.6494,4.3628,0.024452,-0.016455,-0.023137,-0.4208,0.64768,-0.73,-3.1707,8.4085,-3.8756,0.000464,-0.003156,0.001275,0.17583,-1.0509,-0.044308,-2.1861,-9.1001,-2.8913,-0.002992,0.008208,-0.00448,0.19329,0.57076,0.63641
9.4683,-0.56024,-1.9393,-0.022977,-0.026615,-0.039774,-0.98739,-0.43392,0.22394,1.1876,9.4114,2.0098,0.038573,0.002549,-0.001845,0.13922,-0.94564,0.25214,1.7703,-8.4482,4.3919,0.0077,-0.005113,-0.035465,-0.42174,0.64811,-0.73107,-3.1855,8.3859,-3.8684,0.000642,0.00829,-0.005708,0.17459,-1.0493,-0.043846,-2.201,-9.0926,-2.884,-0.004769,0.006357,-0.007195,0.19259,0.57182,0.63424
9.4849,-0.36634,-2.2961,-0.026834,-0.081366,-0.041378,-0.98619,-0.4367,0.22641,1.155,9.6008,1.957,0.018828,-0.000944,-0.001682,0.13999,-0.9457,0.25439,1.7466,-8.7783,4.3753,0.00266,0.002905,-0.005463,-0.42091,0.64794,-0.72963,-3.1557,8.3862,-3.9053,-0.000857,0.008268,-0.018064,0.17681,-1.0508,-0.043869,-2.2011,-9.115,-2.8841,-0.017344,0.006219,-0.011686,0.19322,0.57129,0.63547
9.5211,-0.60381,-2.2675,-0.014328,-0.11185,-0.035761,-0.98512,-0.4371,0.23153,1.1259,9.4991,1.9321,0.032348,0.001634,-0.007134,0.13941,-0.94561,0.25566,1.7145,-8.5353,4.3534,0.010709,0.014727,-0.008948,-0.41983,0.64739,-0.73082,-3.1557,8.3861,-3.8828,-0.00299,0.006521,-0.002192,0.17748,-1.0513,-0.044623,-2.1936,-9.1225,-2.884,-0.019345,-0.002495,0.00092,0.19218,0.57193,0.63595
9.5004,-0.33612,-2.4748,0.036736,-0.055044,-0.047795,-0.98147,-0.43878,0.23503,1.1064,9.5787,2.0198,0.008226,0.003341,-0.015808,0.13828,-0.94428,0.25427,1.727,-8.7442,4.3988,0.054277,0.006211,-0.000101,-0.41959,0.64712,-0.73105,-3.1635,8.4387,-3.9055,-0.022516,0.006548,-0.003948,0.17623,-1.0516,-0.044943,-2.1562,-9.1226,-2.9282,-0.01653,-0.008036,-0.007282,0.19176,0.57049,0.63543
9.5228,-0.32161,-2.4447,0.004151,-0.0093,0.005775,-0.98008,-0.43972,0.2411,1.067,9.5814,1.9564,0.0153,-0.009023,-0.014162,0.13977,-0.94404,0.25539,1.7657,-8.5794,4.4455,0.052424,0.024369,-4e-05,-0.41769,0.64513,-0.73342,-3.1557,8.4084,-3.8303,-0.001208,-0.000522,-0.003999,0.17519,-1.0508,-0.046567,-2.1636,-9.0927,-2.9133,-0.001056,0.017025,-0.011672,0.19156,0.5689,0.63599
9.4933,-0.24726,-2.4519,-0.004778,0.046841,0.045648,-0.98018,-0.43954,0.23922,1.0497,9.5961,1.9175,-0.020838,-0.024661,0.010948,0.13958,-0.94504,0.2541,1.7414,-8.6571,4.5247,0.063081,0.029958,0.001734,-0.41562,0.64364,-0.73478,-3.1559,8.4237,-3.8904,0.005637,0.01356,0.010218,0.17577,-1.0507,-0.045754,-2.1861,-9.1225,-2.9137,0.025843,0.006597,-0.000943,0.1926,0.57088,0.63599
9.4694,-0.46288,-2.2073,-0.041017,0.050773,0.049233,-0.98208,-0.43777,0.2362,1.0993,9.4599,2.0095,-0.031463,-0.010537,0.009325,0.13938,-0.94565,0.25267,1.746,-8.5115,4.5173,0.057716,0.020819,0.001724,-0.4158,0.64171,-0.73587,-3.1781,8.4084,-3.8608,0.022755,0.015304,-0.000358,0.17489,-1.0515,-0.044089,-2.201,-9.0925,-2.9064,0.023872,0.001437,0.009887,0.19232,0.57128,0.63597
9.4324,-0.41061,-2.2371,-0.026592,0.010778,0.014765,-0.98467,-0.43771,0.23489,1.1555,9.436,1.9514,0.000731,-0.007829,0.017971,0.13873,-0.94546,0.25029,1.7287,-8.334,4.4406,-0.038727,0.024668,0.005168,-0.41386,0.64269,-0.73743,-3.2153,8.3783,-3.869,0.044997,0.00825,-0.001293,0.17531,-1.0503,-0.043285,-2.231,-9.0775,-2.8994,0.042203,0.006484,-0.01001,0.19409,0.57262,0.63494
9.5744,-0.38176,-2.3253,0.005554,-0.048052,0.057024,-0.98582,-0.43547,0.23844,1.1868,9.6395,1.9647,-0.056671,-0.003221,0.029172,0.13893,-0.94711,0.24904,1.727,-8.7492,4.4576,-0.026152,0.014759,0.005122,-0.41453,0.64399,-0.73561,-3.1783,8.4162,-3.9208,0.039611,0.008239,0.001357,0.17316,-1.0495,-0.041815,-2.2161,-9.1672,-2.8919,0.042194,0.015498,-0.007239,0.19218,0.57313,0.63434
9.5748,-0.43993,-2.6018,-0.084827,-0.004233,0.075849,-0.98588,-0.43312,0.23735,1.1241,9.4402,2.0728,-0.051151,-0.0141,0.004136,0.13752,-0.94822,0.24664,1.6733,-8.7441,4.4567,0.020043,0.022674,0.014008,-0.41584,0.64302,-0.73666,-3.096,8.394,-3.9266,0.027298,0.002929,-0.004865,0.17394,-1.0518,-0.040462,-2.1561,-9.1229,-2.8236,0.044585,-0.000261,0.011616,0.19113,0.57591,0.63146
9.4837,-0.69198,-2.3728,-0.000986,0.11006,0.085497,-0.98843,-0.43045,0.2347,1.0947,9.4789,2.0873,-0.052946,-0.004321,0.011317,0.13769,-0.94804,0.24509,1.6048,-8.5689,4.4795,0.028308,0.015173,0.001634,-0.4146,0.64181,-0.73707,-3.1113,8.4465,-3.927,0.037805,-0.004114,0.001275,0.17248,-1.0524,-0.039218,-2.1561,-9.1378,-2.8311,0.052794,0.003244,0.006193,0.19112,0.57763,0.63156
9.5286,-0.6185,-2.3123,-0.098579,0.13008,0.053369,-0.98859,-0.42909,0.23174,1.1951,9.5175,2.1319,-0.051214,-0.001592,0.018455,0.13652,-0.94914,0.24244,1.6734,-8.7781,4.4671,0.051076,0.016628,-0.01865,-0.41313,0.64163,-0.73799,-3.1558,8.3789,-3.9503,0.016608,-0.004951,-0.00404,0.17415,-1.0522,-0.038747,-2.2085,-9.1228,-2.7796,0.025476,0.017902,0.02628,0.1903,0.57867,0.63152
9.5729,-0.67087,-2.275,-0.07759,0.15766,0.046899,-0.99214,-0.4263,0.22517,1.1817,9.2309,2.2423,-0.020408,0.012223,-0.009329,0.13644,-0.94884,0.24101,1.7121,-8.5984,4.3765,0.11522,0.029973,-0.01587,-0.41245,0.63853,-0.7419,-3.1856,8.3638,-3.9509,0.013357,0.013545,-0.016267,0.1716,-1.0521,-0.037163,-2.231,-9.1525,-2.795,0.037536,0.01206,0.000897,0.19147,0.57974,0.63127
9.4176,-0.51334,-2.4542,-0.10006,0.19371,0.055814,-0.99553,-0.42489,0.21648,1.142,9.9183,1.973,-0.099904,-0.035886,0.025828,0.13579,-0.94904,0.23864,1.7272,-8.8461,4.3566,0.11266,0.088694,-0.065229,-0.41082,0.635,-0.74461,-3.2007,8.4086,-3.9212,0.031685,0.027624,-0.000274,0.17329,-1.0536,-0.036818,-2.1412,-9.1527,-2.8832,0.026687,0.021073,0.006369,0.19182,0.58027,0.63074
9.4251,-0.55746,-2.5514,-0.078193,0.25419,0.103,-1.0039,-0.41998,0.20436,1.1754,9.4524,2.0537,-0.24256,-0.003338,-0.007558,0.1346,-0.95283,0.23032,1.7107,-9.1813,4.4453,0.38658,0.14619,-0.11076,-0.40884,0.62244,-0.75297,-3.111,8.4089,-3.9044,0.023689,-0.032268,-0.005988,0.17097,-1.0522,-0.035619,-2.1712,-9.1826,-2.8389,0.05107,0.046337,0.010111,0.19064,0.58159,0.62935
9.6381,-0.71119,-1.5809,0.17328,0.2922,-0.035376,-1.0113,-0.41738,0.1915,1.0473,9.1822,2.2752,-0.17043,0.04047,-0.030202,0.13628,-0.95429,0.22265,1.5168,-8.5837,4.8232,0.72752,0.14686,-0.12627,-0.40496,0.6025,-0.76869,-3.0661,8.3643,-3.9485,0.01852,-0.018205,-0.011198,0.17125,-1.0522,-0.035474,-2.216,-9.1378,-2.7499,0.081483,0.016223,0.021613,0.18996,0.58344,0.6277
9.5538,-0.92024,-1.001,-0.1292,0.10224,-0.064142,-1.0147,-0.415,0.18521,1.0133,9.2544,2.3823,-0.015014,0.024548,-0.006662,0.13614,-0.95564,0.21994,1.693,-7.8742,5.322,0.73091,0.039524,-0.12285,-0.4034,0.57773,-0.78554,-3.1111,8.357,-4.0469,0.037443,0.010831,-0.01894,0.17033,-1.0536,-0.03499,-2.2158,-9.1008,-2.6602,0.066858,0.02361,0.035265,0.18882,0.58581,0.62709
9.5841,-1.2286,-1.7712,-0.035244,-0.13269,-0.28375,-1.0126,-0.42272,0.18427,1.4153,9.1327,2.4693,0.13185,0.015505,-0.016757,0.13599,-0.95556,0.22188,1.6171,-7.8014,5.569,0.44556,-0.035764,-0.12776,-0.4052,0.55642,-0.79887,-3.2154,8.319,-4.0265,0.006475,0.015319,-0.025091,0.17214,-1.0521,-0.034122,-2.3506,-9.1077,-2.6475,0.043488,0.007191,0.023516,0.19113,0.5886,0.62645
9.5117,-1.004,-2.2105,-0.035933,-0.13976,-0.33664,-1.0054,-0.43674,0.19053,1.5275,9.2202,2.4193,0.22552,0.029996,-0.068995,0.13819,-0.95317,0.22949,1.8553,-7.3871,5.4211,0.080003,-0.10532,-0.093774,-0.41007,0.54652,-0.80061,-3.1707,8.3343,-4.0481,-0.023724,0.017975,-0.025957,0.1726,-1.0524,-0.033051,-2.3057,-9.138,-2.5721,-0.056942,0.007582,-0.025999,0.19088,0.58834,0.62657
9.4832,-0.64866,-2.089,0.14362,-0.13275,-0.39477,-0.9955,-0.45373,0.19611,1.2472,9.6472,2.3855,0.13239,0.018455,-0.085176,0.14115,-0.95179,0.23638,1.5109,-8.0863,4.9856,-0.078073,-0.065103,-0.077246,-0.41437,0.5415,-0.80094,-3.1711,8.4093,-4.0557,-0.079768,0.006605,-0.026025,0.17373,-1.0526,-0.035619,-2.2907,-9.1382,-2.5569,-0.15993,-0.019671,-0.02503,0.19048,0.58569,0.62794
9.5299,-0.17505,-2.0557,0.093292,-0.16897,-0.31441,-0.98734,-0.46593,0.2064,1.1256,9.4094,2.4274,0.065839,0.005468,-0.058073,0.14413,-0.94938,0.2391,1.8031,-8.0663,5.2048,-0.14982,-0.068191,-0.062241,-0.41831,0.54343,-0.79666,-3.1189,8.4171,-4.0847,-0.14821,-0.003898,-0.026987,0.17561,-1.0522,-0.040252,-2.1934,-9.1232,-2.6897,-0.22812,-0.030409,-0.054829,0.18951,0.57879,0.63162
9.5161,-0.018719,-2.219,0.15112,-0.12791,-0.22331,-0.97929,-0.4755,0.21466,1.0272,9.4051,2.3053,0.13403,-0.002749,-0.078262,0.14891,-0.94656,0.24152,1.8469,-8.0521,5.2541,-0.19736,0.010869,-0.013546,-0.41917,0.55299,-0.79106,-3.0888,8.439,-3.904,-0.17943,-0.002127,-0.06579,0.17767,-1.0506,-0.046451,-2.1711,-9.1078,-2.8686,-0.25335,-0.033186,-0.054798,0.19024,0.57323,0.63693
9.5478,0.27088,-2.4556,0.10661,-0.14717,-0.2087,-0.97291,-0.48277,0.22432,0.91203,9.708,1.8515,0.14304,0.013341,-0.064903,0.15029,-0.94519,0.24807,1.9348,-8.2275,5.327,-0.17112,0.00443,0.01209,-0.41863,0.55838,-0.78778,-3.1781,8.4159,-3.8383,-0.16726,0.026079,-0.051472,0.18179,-1.0501,-0.053207,-2.1862,-9.1071,-3.0332,-0.23733,-0.03181,-0.034925,0.19238,0.56637,0.63951
9.6082,0.42608,-2.484,0.17702,0.021392,-0.16737,-0.96757,-0.4881,0.22937,0.82854,9.66,1.7487,0.064222,0.020622,-0.05179,0.15303,-0.94344,0.25104,1.9493,-8.1158,5.3252,-0.10496,-0.033356,0.006804,-0.41897,0.56328,-0.78454,-3.2149,8.4072,-3.6064,-0.11084,0.034849,-0.031984,0.18346,-1.0476,-0.058772,-2.1338,-9.092,-3.1369,-0.17782,-0.030556,-0.027853,0.19177,0.55948,0.6444
9.3267,0.83549,-2.4088,0.12981,0.040296,-0.11463,-0.96499,-0.48989,0.23269,0.74296,9.6406,1.7554,0.051477,0.026167,-0.023218,0.15362,-0.94334,0.25237,2.0223,-8.0919,5.3113,-0.13169,-0.046364,0.005887,-0.41953,0.56601,-0.78301,-3.2898,8.4965,-3.503,-0.060979,0.02074,-0.039112,0.1871,-1.048,-0.064237,-2.1039,-9.0693,-3.2633,-0.10296,-0.01755,-0.018921,0.19232,0.55471,0.64743
9.4887,0.46337,-2.3056,-0.008222,0.060792,0.007311,-0.96524,-0.49002,0.23295,0.75525,9.6406,1.7676,0.027935,0.005097,-0.010685,0.15416,-0.94231,0.2529,2.1196,-7.9611,5.2322,-0.10663,-0.064437,0.00327,-0.4216,0.56903,-0.77905,-3.3044,8.4067,-3.5632,-0.001065,0.018041,-0.012676,0.18872,-1.0467,-0.064426,-2.0964,-9.0395,-3.2706,-0.005618,0.006422,-0.003629,0.19231,0.55352,0.64892
9.519,0.5669,-2.3196,0.086049,0.061658,-0.014446,-0.96512,-0.49156,0.2327,0.80934,9.6113,1.8091,-0.011825,-0.025639,0.005491,0.15445,-0.94297,0.25332,2.1392,-7.9514,5.159,-0.16954,-0.017161,0.022733,-0.42252,0.57408,-0.77483,-3.3195,8.4068,-3.6085,0.072748,0.010054,0.02698,0.18913,-1.0471,-0.061391,-2.1563,-9.0319,-3.2268,0.080996,0.013084,-0.001056,0.1927,0.55498,0.64717
9.5177,0.24117,-2.3739,-0.074423,0.11992,0.11093,-0.96633,-0.48865,0.23009,0.87831,9.6397,1.9409,-0.001191,-0.028256,0.011633,0.15303,-0.94196,0.25374,2.0132,-8.3049,5.0068,-0.20139,0.0242,0.012117,-0.42202,0.58142,-0.77225,-3.2451,8.4225,-3.6971,0.1112,0.004678,0.017235,0.18704,-1.0471,-0.058605,-2.1412,-9.0324,-3.107,0.13878,0.021313,-0.002958,0.19306,0.55869,0.64552
9.4944,0.063388,-2.3305,-0.010077,0.13025,0.11279,-0.97001,-0.48407,0.22364,1.0107,9.6104,1.9708,-0.010128,-0.013995,0.021583,0.15319,-0.94274,0.25403,1.8286,-8.5125,4.8315,-0.033246,0.046361,0.037017,-0.4206,0.58589,-0.77155,-3.2006,8.4456,-3.8012,0.10642,-0.002374,0.033067,0.18449,-1.0493,-0.054262,-2.1711,-9.0774,-3.0105,0.12484,0.017337,0.024201,0.19216,0.56292,0.64316
9.516,0.003121,-2.1218,-0.042764,0.14533,0.14826,-0.9748,-0.479,0.21887,1.0161,9.5469,2.0702,-0.037367,-0.032307,0.048381,0.15205,-0.94334,0.25203,1.7163,-8.371,4.7956,-0.000285,0.096671,0.035373,-0.41758,0.58746,-0.77169,-3.1559,8.4163,-3.9204,0.094152,-0.014713,0.025907,0.1814,-1.0487,-0.048771,-2.1861,-9.1075,-2.9137,0.084377,0.027721,0.013526,0.19041,0.56714,0.63997
9.5599,-0.11615,-2.0253,0.031269,0.13645,0.19309,-0.98047,-0.4706,0.21512,1.0995,9.5588,2.1218,-0.061668,-0.024139,0.068205,0.14884,-0.94506,0.24773,1.6478,-8.3467,4.9628,0.017409,0.015235,0.045805,-0.41466,0.58815,-0.77382,-3.0962,8.3944,-4.0092,0.044605,0.013481,0.019031,0.17993,-1.0514,-0.045294,-2.231,-9.1075,-2.8696,0.069828,0.012515,0.017098,0.1903,0.56914,0.63701
9.5742,-0.25707,-2.0112,0.022859,0.11187,0.22875,-0.98518,-0.46403,0.21195,1.1439,9.4738,2.1362,-0.068038,-0.029354,0.077118,0.14571,-0.94552,0.24496,1.6042,-8.424,4.8682,-0.005704,0.036808,0.042272,-0.41254,0.58949,-0.77413,-3.0963,8.4093,-3.9867,0.004078,0.043452,0.00424,0.17855,-1.0497,-0.044839,-2.201,-9.1078,-2.8243,0.04017,0.004985,0.00535,0.19203,0.57153,0.63742
9.5589,-0.30895,-1.9743,0.085273,0.078859,0.20435,-0.98847,-0.45533,0.21056,1.1344,9.4444,2.2041,-0.057069,-0.013602,0.06288,0.14408,-0.94678,0.24334,1.7453,-8.3278,4.9689,0.037161,-0.02566,0.04224,-0.41289,0.58834,-0.77361,-3.1858,8.4235,-3.891,-0.027656,0.008321,-0.012762,0.1778,-1.0508,-0.046707,-2.201,-9.0627,-2.9064,-0.008405,-0.008013,-0.008188,0.19124,0.5718,0.63579
9.6246,-0.6207,-1.9535,-0.016325,0.019098,0.17163,-0.99099,-0.44784,0.21094,1.1438,9.4111,2.0727,-0.024664,-0.019094,0.043015,0.14147,-0.94886,0.24284,1.7062,-8.3351,5.0613,-0.012333,-0.02667,0.019205,-0.4115,0.58919,-0.77356,-3.1854,8.3783,-3.8309,-0.029481,0.006566,-0.011016,0.17809,-1.0506,-0.046301,-2.201,-9.0926,-2.8765,-0.045447,-0.009907,-0.006299,0.19189,0.571,0.63729
9.4539,-0.48569,-2.0285,0.076678,0.10655,0.12577,-0.99765,-0.44166,0.20863,1.0895,9.5566,2.0731,-0.050504,0.011048,0.050513,0.1392,-0.94903,0.23921,1.7942,-8.4398,4.9911,0.028931,-0.032035,0.010426,-0.41277,0.58859,-0.77386,-3.1855,8.4157,-3.8084,-0.027071,0.022416,0.001457,0.18002,-1.0511,-0.04988,-2.1637,-9.0999,-2.988,-0.016593,-0.013316,-0.002793,0.19179,0.57034,0.63756
9.3364,-0.21731,-2.2142,-0.066891,0.028958,0.15325,-0.99987,-0.43774,0.20705,1.0802,9.5319,2.1604,-0.12106,-0.000646,0.019018,0.13731,-0.95062,0.23524,1.8595,-8.1803,4.9778,0.052138,-0.033746,0.007842,-0.41431,0.58645,-0.77438,-3.1783,8.4533,-3.8308,-0.007901,0.004768,-0.023365,0.17973,-1.0494,-0.049635,-2.1413,-9.1374,-2.9728,0.020374,0.003075,0.003549,0.19275,0.56928,0.6396
9.559,-0.37506,-2.1165,0.004055,0.12224,0.19127,-1.0023,-0.43021,0.20583,1.1246,9.3744,2.1502,-0.064032,-0.025334,0.033519,0.13707,-0.95262,0.2328,1.7405,-8.3836,4.96,0.018118,0.017063,0.012271,-0.41218,0.58664,-0.77453,-3.2751,8.378,-3.8477,-0.00193,-0.000468,-0.011061,0.17966,-1.0513,-0.048585,-2.2234,-9.0326,-2.9365,0.018682,-0.00251,-0.007305,0.19174,0.57087,0.63702
9.5492,-0.73915,-1.8205,0.001998,0.097543,0.21691,-1.0083,-0.4213,0.2022,1.1049,9.4519,2.1675,-0.032043,-0.034946,0.050996,0.13634,-0.95246,0.23145,1.633,-8.2837,5.0715,0.089961,-0.00382,-0.010675,-0.41318,0.58359,-0.77689,-3.1109,8.4087,-3.8594,0.005859,0.001208,-0.001342,0.17914,-1.0488,-0.04678,-2.1711,-9.1376,-2.8687,0.026579,0.003229,0.009881,0.19155,0.57125,0.63807
9.5718,-0.72422,-1.8949,0.036399,0.023523,0.12608,-1.0102,-0.41535,0.20195,1.1933,9.4829,2.2556,-0.053791,-0.038236,0.075188,0.13428,-0.95422,0.2289,1.8768,-8.3018,4.9973,0.042021,-0.003673,-0.02126,-0.41235,0.58149,-0.77792,-3.1632,8.3863,-3.928,-0.008134,-0.002279,-0.01108,0.17858,-1.05,-0.04759,-2.2085,-9.07,-2.9289,0.000704,0.001809,-0.011759,0.19214,0.57127,0.63702
9.6607,-0.79929,-1.8275,0.016887,0.099763,0.11662,-1.0139,-0.40894,0.19962,1.3035,9.3934,2.2243,-0.051652,-0.021624,0.052145,0.13076,-0.95379,0.22649,1.9885,-8.1227,5.013,-0.001491,0.060277,0.005365,-0.4121,0.57967,-0.77811,-3.1407,8.3787,-3.875,0.002515,0.017065,-0.009179,0.17834,-1.0518,-0.047335,-2.2011,-9.1301,-2.8542,-0.001978,-0.02078,-0.020044,0.19126,0.57365,0.63456
9.5711,-0.82822,-1.8209,0.021307,0.050868,0.082166,-1.0151,-0.40433,0.19633,1.2471,9.5119,2.2731,-0.051225,-0.001629,0.015799,0.12963,-0.95671,0.22415,1.5897,-8.5601,4.9657,0.075412,0.021032,0.004337,-0.41119,0.58017,-0.78009,-3.1707,8.4234,-3.8456,0.004335,-0.012852,-0.01467,0.17872,-1.051,-0.047974,-2.201,-9.1001,-2.8691,0.002452,-0.004427,-0.009997,0.19093,0.57232,0.63537
9.7278,-0.7557,-1.7447,0.027705,0.0561,0.069406,-1.0178,-0.40124,0.19741,1.2478,9.3468,2.3307,-0.070961,0.002879,0.025746,0.12975,-0.9547,0.22191,1.774,-8.1097,5.0926,0.10541,0.005129,0.015912,-0.41005,0.57743,-0.78247,-3.1705,8.371,-3.8606,-0.01702,0.041752,-0.008126,0.17952,-1.0508,-0.04833,-2.216,-9.1001,-2.8693,-0.017483,-0.006178,-0.004526,0.19209,0.57221,0.63475
9.6001,-0.93279,-1.6647,-0.002631,0.16415,0.092597,-1.0191,-0.39697,0.19198,1.2083,9.4728,2.3408,-0.053169,-0.01397,0.021964,0.12845,-0.95606,0.21926,1.7253,-8.1703,5.1761,0.031817,0.005762,-0.006272,-0.41014,0.57665,-0.78182,-3.1706,8.4233,-3.8081,-0.029788,0.017132,0.003186,0.17889,-1.05,-0.050066,-2.1711,-9.1151,-2.891,-0.004774,0.015367,-0.004434,0.19164,0.57206,0.6358
9.4666,-0.85719,-1.7772,-0.033866,0.020016,0.023847,-1.0193,-0.39497,0.18956,1.248,9.3465,2.3939,-0.022564,-0.003492,0.012866,0.12847,-0.95723,0.21942,1.6695,-8.2889,5.1211,0.049206,-0.002542,0.017551,-0.40908,0.57507,-0.78311,-3.1483,8.4458,-3.7927,-0.002543,0.024113,-0.023231,0.17751,-1.0495,-0.04987,-2.1711,-9.1002,-2.8985,-0.015659,-0.011597,-0.006397,0.19337,0.573,0.6361
9.5862,-0.7839,-1.8205,0.022241,0.01066,0.022152,-1.0199,-0.39592,0.19154,1.2719,9.3665,2.2653,0.005066,-0.012243,0.023266,0.127,-0.95871,0.21611,1.8082,-8.1633,5.099,0.069518,-0.029622,-0.014224,-0.40815,0.57324,-0.7849,-3.1855,8.3785,-3.8759,-0.019057,0.034727,0.003297,0.17725,-1.05,-0.049881,-2.2161,-9.0999,-2.9291,0.000598,0.002873,-0.003607,0.19484,0.57117,0.63579
9.6085,-0.81371,-1.8206,0.01661,-0.026918,0.024131,-1.0193,-0.39468,0.1933,1.2671,9.3712,2.2872,-0.043197,-0.012276,0.012993,0.12692,-0.95892,0.21455,1.7932,-7.9594,5.1857,0.091787,-0.019287,0.026462,-0.40934,0.57148,-0.78592,-3.1706,8.4084,-3.8306,-0.017261,0.013592,-0.000372,0.1788,-1.049,-0.048368,-2.2011,-9.115,-2.899,0.019471,-0.001453,0.000835,0.19406,0.57287,0.63639
9.6898,-0.99192,-1.8808,-0.048325,0.051053,0.058362,-1.0207,-0.39245,0.19243,1.2748,9.4191,2.4187,0.006223,0.001662,-0.000666,0.12613,-0.95905,0.21438,1.7446,-8.1,5.2241,0.039545,0.004338,0.006993,-0.40946,0.56993,-0.78588,-3.1259,8.4237,-3.8597,-0.010186,0.022364,0.002337,0.17763,-1.0476,-0.049606,-2.1562,-9.1301,-2.8983,0.006135,0.008086,-0.011751,0.19243,0.57299,0.63594
9.704,-1.03,-1.6571,0.056547,0.15906,0.005157,-1.0207,-0.39316,0.19003,1.2474,9.5236,2.3704,-0.078943,-0.012354,-3.1e-05,0.12446,-0.95926,0.21222,1.5451,-8.2568,5.1944,0.071733,0.010099,0.005205,-0.40988,0.56866,-0.78662,-3.1109,8.4236,-3.8294,-0.012961,0.020604,0.006738,0.17768,-1.0459,-0.047773,-2.186,-9.0776,-2.9136,0.011378,0.002977,-2.9e-05,0.19241,0.57273,0.63555
9.5682,-1.0829,-1.1139,0.11324,0.035837,-0.075391,-1.0179,-0.3932,0.19027,1.2828,9.1911,2.4274,-0.038568,-0.012473,-0.004848,0.1261,-0.95774,0.20916,1.7545,-8.1536,5.2594,0.038163,-0.016153,-0.010717,-0.41147,0.57055,-0.78827,-2.8137,8.4424,-4.4537,0.002445,-0.048251,-0.004367,0.17659,-1.0449,-0.04704,-2.2309,-9.0626,-2.877,0.012393,0.024409,-0.00439,0.19283,0.57472,0.63446
9.5431,-0.40596,-1.7662,-0.031479,-0.2712,-0.040537,-1.0142,-0.39597,0.19631,1.1894,9.4091,2.4813,-0.002936,-0.01063,0.010889,0.12635,-0.96044,0.20858,1.6783,-7.8718,5.3707,0.038008,-0.012405,-0.007174,-0.41363,0.56804,-0.78856,-3.2004,8.4229,-3.7562,0.005158,-0.012833,-0.0129,0.17583,-1.042,-0.047869,-2.1936,-9.1375,-2.884,0.007849,-0.004372,-0.008203,0.192,0.57301,0.63367
9.572,-0.91499,-2.3587,-0.088739,-0.080714,0.047897,-1.0148,-0.39582,0.20096,1.2655,9.2494,2.4154,0.047242,-0.005329,0.015828,0.12643,-0.95971,0.21012,0.039715,-10.209,3.0149,0.10756,-1.911,-0.25626,-0.43304,0.56793,-0.78099,-2.9177,8.441,-4.2157,0.002826,0.013416,-0.019805,0.1749,-1.0349,-0.044259,-2.171,-9.0778,-2.8835,-0.01766,-0.002311,0.00995,0.19324,0.57407,0.63449
9.6528,-1.0206,-2.0454,0.036883,0.000979,-0.021574,-1.0137,-0.39704,0.20288,1.493,9.334,2.4537,0.092571,0.027904,-0.023441,0.12432,-0.95964,0.21196,2.2234,-6.1801,5.5818,-0.18384,0.84771,0.20131,-0.44209,0.56347,-0.7807,-3.0956,8.3041,-3.949,-0.001075,-0.004961,-0.007589,0.17557,-1.0263,-0.041495,-2.1861,-9.1225,-2.8988,0.002259,0.001279,0.006316,0.19397,0.57487,0.6337
9.6745,-0.91878,-1.6118,-0.069848,0.020379,-0.044575,-1.0156,-0.39808,0.20375,1.2514,9.6044,2.2007,-0.007619,0.003047,-0.052103,0.1268,-0.95918,0.21468,2.1402,-8.5145,5.0857,-0.077337,0.10576,-0.037017,-0.43439,0.56968,-0.78275,-3.0522,8.6783,-3.7085,0.054158,0.029287,-0.017848,0.18165,-1.0115,-0.028922,-2.2235,-9.1224,-2.877,-0.007389,0.016121,-0.011634,0.19327,0.5746,0.63315
9.6299,-0.94776,-1.687,-0.047963,-0.004881,-0.11285,-1.0126,-0.39937,0.20254,1.1552,9.2955,2.4125,-0.07788,-0.017882,-0.020567,0.12704,-0.95846,0.21208,0.38435,-7.7143,5.1821,-0.14087,0.086413,0.052533,-0.4258,0.56797,-0.78742,-3.2009,8.4089,-3.9963,-0.011997,-0.011052,0.002979,0.19895,-0.99697,-0.004678,-2.201,-9.0702,-2.884,0.002469,0.008158,-0.008106,0.19324,0.57434,0.63275
9.4538,-0.58892,-2.1485,-0.048383,-0.070907,-0.077935,-1.0114,-0.40191,0.201,1.1982,9.6182,2.3559,-0.003278,-0.046746,0.019618,0.12736,-0.96036,0.21045,1.5471,-6.5936,5.1875,-0.16098,0.059211,-0.061043,-0.42702,0.56555,-0.78678,-3.0807,8.386,-3.7688,-0.022533,-0.009332,-0.005831,0.23408,-1.0231,0.022859,-2.1711,-9.115,-2.9284,0.01864,0.019151,0.00096,0.19317,0.57539,0.6338
9.4387,-0.70673,-2.2986,-0.077273,0.002846,0.000126,-1.0118,-0.40533,0.20382,1.2983,9.0886,2.568,-0.031722,-0.022892,0.020819,0.12761,-0.96106,0.20775,2.296,-8.5157,5.2543,0.13704,-0.12717,-0.036325,-0.43109,0.56131,-0.78738,-3.1631,8.4231,-3.7705,-0.011657,0.02766,-0.012621,0.23113,-1.0787,-0.012937,-2.201,-9.0778,-2.8392,0.022069,-0.000403,0.00807,0.19309,0.57671,0.63284
9.5417,-0.81999,-1.9703,0.0237,0.085373,-0.018308,-1.0103,-0.40493,0.20281,1.3872,9.0055,2.7043,0.17679,0.016952,-0.040255,0.12836,-0.95994,0.20985,1.7584,-7.6462,5.3142,-0.11668,0.054578,-0.038964,-0.42811,0.5603,-0.78833,-3.1556,8.453,-3.7253,0.004227,0.038205,-0.007244,0.21803,-1.0914,-0.038167,-2.2011,-9.1225,-2.8692,-0.00476,0.006338,-0.008098,0.19216,0.57697,0.63294
9.5117,-0.79805,-1.8361,-0.015415,0.049753,-0.023675,-1.013,-0.4047,0.19976,1.1481,9.7549,2.1716,0.15704,0.017121,-0.03471,0.13028,-0.95883,0.21669,1.5306,-8.2565,5.0964,-0.25168,-0.35228,0.094173,-0.43285,0.56897,-0.78227,-3.1856,8.4381,-3.7934,0.007529,-0.000513,0.002187,0.21437,-1.0882,-0.045557,-2.1935,-9.0628,-2.8689,-0.051705,-0.005525,-0.009877,0.1928,0.5767,0.63442
9.4906,-0.61938,-2.0142,0.018637,-0.027655,-0.026949,-1.0123,-0.40588,0.20046,1.1245,9.5026,2.2043,-0.004497,-0.005422,-0.005082,0.13054,-0.95908,0.21671,1.2426,-7.8004,4.7711,-0.33211,-0.033728,0.12208,-0.43474,0.58114,-0.77466,-3.0965,8.4097,-4.0842,-0.004347,-0.003208,-0.019915,0.20558,-1.0777,-0.047699,-2.2012,-9.1598,-2.9066,-0.012862,-0.00631,-0.011779,0.19299,0.57473,0.633
9.5276,-0.73765,-2.1564,-0.010594,-0.064863,-0.005861,-1.0127,-0.40414,0.20271,1.2089,9.3125,2.3911,-0.047854,-0.006803,0.036165,0.12896,-0.95812,0.21881,2.5857,-9.6701,5.0636,-0.2727,0.28685,0.002008,-0.43489,0.58989,-0.76761,-3.2453,8.4379,-3.7871,-0.025825,-0.028622,-0.020069,0.18427,-1.0637,-0.065119,-2.1711,-9.1302,-2.8687,0.002579,0.00438,-0.017187,0.19265,0.57553,0.63218
9.5504,-0.60475,-2.0882,0.042117,0.001582,0.029503,-1.0128,-0.40304,0.20536,1.2969,9.3852,2.4114,0.033108,0.006064,0.000913,0.12988,-0.95683,0.21923,1.0127,-7.1526,4.3848,-0.060885,0.034383,-0.010825,-0.42354,0.59132,-0.77248,-3.2747,8.4666,-3.5101,0.041116,0.018869,0.008524,0.18237,-1.0603,-0.063119,-2.201,-9.1,-2.899,0.002247,-0.002302,0.006298,0.19146,0.57471,0.63389
9.5862,-0.85745,-1.9553,0.044001,-0.000497,0.005805,-1.012,-0.40364,0.20834,1.1239,9.5709,2.1171,0.079781,-0.00384,-0.016432,0.13104,-0.9574,0.22125,1.1168,-5.9901,5.6204,0.12412,0.18581,0.024256,-0.41902,0.58628,-0.7779,-3.1486,8.4241,-3.9802,-0.004586,-0.010214,-0.01113,0.19103,-1.0631,-0.051169,-2.1637,-9.1525,-2.9134,0.00053,-0.015946,-0.002849,0.19332,0.57486,0.63394
9.6017,-0.76112,-1.9919,0.023314,0.024696,0.002023,-1.0125,-0.40338,0.20845,1.1174,9.4805,2.2527,-0.004357,0.003318,-0.014821,0.13002,-0.95768,0.22172,1.6214,-8.5408,4.9511,0.001462,0.1227,-0.049402,-0.41739,0.58933,-0.77803,-3.0954,8.326,-3.799,0.036865,0.013489,0.004908,0.19128,-1.0593,-0.05038,-2.1861,-9.1076,-2.8987,0.041926,0.010498,0.011706,0.19257,0.57511,0.63458
9.5566,-0.77602,-1.8804,0.047724,0.004593,-0.016096,-1.0116,-0.40371,0.21076,1.2162,9.3441,2.3912,-0.014279,-0.000177,-0.010309,0.12938,-0.9571,0.21946,1.8086,-8.3183,4.9281,0.012956,-0.017748,0.005154,-0.41873,0.58781,-0.77704,-3.2779,8.8417,-3.6829,-0.02029,0.069874,-0.029775,0.19161,-1.0553,-0.048564,-2.1711,-9.1377,-2.8388,0.034722,0.012219,0.009922,0.19293,0.57606,0.63245
9.5784,-0.90207,-1.896,0.010365,-0.044496,-0.019587,-1.0107,-0.40248,0.21252,1.272,9.4027,2.3019,0.024367,0.013914,-0.014094,0.1312,-0.9567,0.21969,1.6624,-8.3225,4.9382,0.0128,-0.035657,0.013907,-0.41705,0.58351,-0.78124,-3.1784,8.2953,-3.8604,-0.034815,0.001179,-0.012731,0.18418,-1.0544,-0.054684,-2.201,-9.1227,-2.8393,0.009474,0.004891,0.00633,0.19294,0.5754,0.63246
9.5419,-0.78301,-1.9552,0.005643,-0.073896,-0.006702,-1.0085,-0.40465,0.21596,1.2625,9.4433,2.4211,-0.024185,0.006112,-0.00128,0.13121,-0.95696,0.21982,1.7062,-8.3594,5.1009,-0.049832,-0.0088,0.019195,-0.41754,0.58392,-0.7809,-3.1722,8.5281,-3.9055,-0.029933,0.011747,0.006801,0.18451,-1.0537,-0.053097,-2.2159,-9.1078,-2.7947,-0.004895,-0.007892,-0.002759,0.19268,0.57564,0.63431
9.5347,-0.75302,-2.0296,0.019996,-0.10817,-0.013834,-1.0061,-0.40575,0.22288,1.2284,9.3223,2.3791,0.099164,-0.003613,0.017191,0.13156,-0.95707,0.21893,1.7691,-8.0562,5.0721,-0.13004,-0.001487,0.0121,-0.41827,0.59011,-0.77532,-3.2076,8.2272,-3.7258,-0.034848,0.017043,-0.010862,0.18643,-1.054,-0.04999,-2.216,-9.1075,-2.8694,-0.040953,0.000943,-0.002612,0.19331,0.57565,0.63393
9.5134,-0.70701,-2.3801,0.011086,-0.079393,-0.003956,-1.0031,-0.40644,0.22821,1.1855,9.5656,2.2098,0.085871,-0.012596,-0.005846,0.13037,-0.95604,0.22353,1.7042,-8.4218,4.7449,-0.16473,0.056454,0.010366,-0.41747,0.59717,-0.77196,-3.2239,8.4748,-3.7714,-0.008384,0.006461,-0.004708,0.18654,-1.0537,-0.050641,-2.2011,-9.1524,-2.8842,-0.008465,-0.002526,-0.00272,0.19409,0.57381,0.63505
9.5428,-0.73741,-2.2458,0.016975,0.019293,0.002932,-1.0023,-0.40551,0.23184,1.1881,9.4978,2.1949,0.008004,-0.010725,-0.005203,0.13238,-0.95567,0.2248,1.9161,-8.4696,5.0033,-0.0174,-0.048893,0.008603,-0.41742,0.59975,-0.77102,-3.1566,8.4675,-3.7551,-0.013645,0.006433,-0.008241,0.18476,-1.0527,-0.050072,-2.1711,-9.1076,-2.8985,0.013099,-0.0041,0.004437,0.19223,0.57485,0.63351
9.4903,-0.72277,-2.0969,0.013359,0.017449,-0.00527,-1.0024,-0.40419,0.23063,1.2222,9.5366,2.1977,0.015451,0.010346,-0.021147,0.13056,-0.95433,0.2274,1.6499,-8.1283,5.0104,-0.04597,0.032654,0.001629,-0.41669,0.5961,-0.77138,-3.1556,8.4082,-3.7853,0.014693,0.015307,0.001409,0.18125,-1.0522,-0.053752,-2.1935,-9.0928,-2.854,-0.008438,0.001018,-0.004511,0.19429,0.57592,0.63462
9.5272,-0.78242,-2.0746,-0.003129,-0.019173,-0.005132,-1.0014,-0.40515,0.23241,1.198,9.4589,2.2094,-0.033059,0.001669,-0.008359,0.13067,-0.95451,0.22455,1.541,-8.5208,4.8567,-0.022597,0.038273,-0.00193,-0.41443,0.59835,-0.77158,-3.171,8.4685,-3.8607,0.014764,0.008268,-0.00216,0.17909,-1.053,-0.052933,-2.2161,-9.1599,-2.8396,0.00777,-0.006068,-0.003681,0.19349,0.57619,0.63286
9.4679,-0.79616,-2.2244,0.016865,-0.002221,0.003928,-1.0015,-0.40389,0.23347,1.2331,9.4096,2.3722,-0.022579,0.001862,0.018236,0.13036,-0.95513,0.22364,1.7306,-8.284,4.9728,0.030663,0.002551,0.009612,-0.41427,0.59821,-0.77094,-3.148,8.3784,-3.8301,0.014754,-0.005827,-0.002276,0.18131,-1.0536,-0.049551,-2.1785,-9.1153,-2.8239,0.008688,0.011903,-0.000868,0.19276,0.57617,0.63377
9.4982,-0.66333,-2.1561,0.025992,0.010226,-0.001574,-0.99886,-0.40497,0.23464,1.2526,9.3904,2.3431,0.049387,0.010348,-0.012545,0.13159,-0.95528,0.22462,1.711,-8.1867,4.9145,-0.045079,0.016347,0.004259,-0.41287,0.59867,-0.77063,-3.1483,8.4384,-3.8152,0.015589,-0.003184,-0.00048,0.17872,-1.0533,-0.048755,-2.201,-9.1227,-2.8318,-0.01387,-0.002586,-0.004517,0.19233,0.57749,0.6336
9.5418,-0.93013,-2.2172,0.036929,0.028173,0.007476,-1.0005,-0.40395,0.23564,1.2151,9.4831,2.2193,0.029647,0.006891,-0.008841,0.13335,-0.95596,0.2259,1.5946,-8.5162,4.8329,-0.004232,0.038869,0.015772,-0.41125,0.6003,-0.77097,-3.1558,8.4383,-3.8078,0.000626,0.017961,-0.005627,0.17701,-1.0551,-0.047389,-2.1711,-9.1377,-2.8538,-0.012132,-0.011476,-0.000976,0.19343,0.57592,0.63379
9.5136,-0.61844,-2.2975,-0.011947,0.026592,-0.0017,-1.0007,-0.40422,0.23604,1.2079,9.4733,2.2387,-0.014189,0.001564,-0.017402,0.1323,-0.9546,0.22348,1.6309,-8.3805,4.9143,0.024028,0.02739,-0.014226,-0.41054,0.59989,-0.77206,-3.1259,8.4236,-3.8447,0.011343,0.01529,-0.007416,0.17693,-1.0551,-0.04936,-2.1861,-9.1077,-2.8689,0.006072,-0.00173,-0.009995,0.19213,0.57643,0.63427
9.5346,-0.8268,-2.1047,-0.009155,0.057302,0.014592,-1.0013,-0.40521,0.23469,1.14,9.3759,2.3204,0.004706,0.012974,-0.019299,0.13247,-0.95436,0.22426,1.5167,-8.6181,4.9998,0.09663,-0.022297,-0.025782,-0.41055,0.59629,-0.77472,-3.1418,8.438,-3.8673,-0.00119,0.02049,-0.005507,0.17679,-1.055,-0.050309,-2.1861,-9.1376,-2.854,-0.001316,0.000293,0.002701,0.191,0.57577,0.63319
9.4824,-0.82638,-2.1051,0.00807,0.047996,-0.001765,-1.0013,-0.4052,0.23428,1.2622,9.3905,2.3067,0.022208,-0.00708,0.010706,0.13252,-0.954,0.2253,1.6719,-8.2255,5.0222,0.018591,-0.004428,-0.010741,-0.40973,0.59534,-0.7734,-3.1489,8.3779,-3.8449,-0.002063,0.002009,-0.007412,0.17866,-1.055,-0.048254,-2.201,-9.1077,-2.8392,-0.019249,0.000942,-0.00629,0.19142,0.57735,0.63384
9.5276,-0.75984,-2.164,-0.017318,0.024588,-0.023583,-1.0011,-0.40528,0.23256,1.2178,9.4587,2.2581,-0.000847,0.00697,-0.003256,0.13123,-0.95504,0.22524,1.6873,-8.5117,4.7927,0.045801,-0.021849,-0.025778,-0.41161,0.59567,-0.77325,-3.1865,8.4377,-3.8307,-0.016358,-0.004994,-0.005683,0.17911,-1.0559,-0.047838,-2.2011,-9.1376,-2.8393,0.002465,-0.006258,-0.011817,0.19306,0.5771,0.63429
9.5275,-0.81881,-2.239,0.002632,0.044425,-0.001759,-0.99999,-0.40487,0.23099,1.2327,9.4343,2.2824,-0.002717,-0.001852,-0.001509,0.13327,-0.95605,0.22447,1.7305,-8.2209,4.9668,0.036867,-0.040221,-0.028439,-0.41372,0.59447,-0.77509,-3.1266,8.393,-3.8444,-0.011914,-0.004149,-0.004806,0.18022,-1.0549,-0.047264,-2.1861,-9.1226,-2.8764,-0.009256,0.002696,-0.009927,0.19174,0.57628,0.63612
9.5125,-0.75261,-2.0895,-0.010244,0.001404,-0.011616,-1.0024,-0.40354,0.23035,1.2627,9.2739,2.3548,-0.010576,0.015754,-0.008479,0.13093,-0.95606,0.22434,1.7653,-8.6143,4.9253,0.000745,0.009127,-0.007209,-0.4145,0.59062,-0.77552,-3.1713,8.3927,-3.8153,-0.005822,0.002911,0.001423,0.17795,-1.0553,-0.049074,-2.1861,-9.1377,-2.8391,0.002401,0.00464,-0.004515,0.19213,0.57605,0.63242
9.5277,-0.70816,-2.1189,-0.016427,0.030091,-0.014482,-1.0014,-0.40615,0.23121,1.1715,9.4874,2.3406,0.003804,0.02632,-0.010307,0.13303,-0.95696,0.2246,1.7208,-8.3229,5.0271,0.051088,-0.026418,-0.026641,-0.4151,0.58833,-0.7775,-3.1715,8.4524,-3.7554,0.008721,0.008168,-0.014407,0.17768,-1.0562,-0.049215,-2.1861,-9.1076,-2.8838,-0.015675,0.017234,0.001039,0.19222,0.57564,0.63349
9.498,-0.73708,-2.2387,0.008019,0.02995,-0.008986,-1.0013,-0.40551,0.23148,1.1733,9.5269,2.1901,-0.027898,-0.011484,0.003982,0.13153,-0.95513,0.22357,1.6427,-8.2253,4.9851,0.002518,0.025447,-0.011589,-0.41559,0.58951,-0.77731,-3.1266,8.4079,-3.8294,0.000306,0.014328,0.006799,0.17825,-1.0561,-0.048664,-2.2011,-9.1225,-2.8692,-0.011945,0.00986,-0.009866,0.19213,0.57669,0.63427
9.5275,-0.76731,-2.1491,0.006231,0.040818,-0.003557,-1.002,-0.40614,0.23106,1.1986,9.4171,2.3234,-0.031511,-0.009707,0.007571,0.13297,-0.95531,0.22132,1.7528,-8.4176,4.9363,-0.001256,0.003889,0.001624,-0.41497,0.58998,-0.77502,-3.1865,8.4228,-3.8607,-0.002132,-0.011175,-0.005729,0.17794,-1.0548,-0.048944,-2.1861,-9.1226,-2.8689,0.004161,-0.000674,-0.001842,0.19183,0.57669,0.63386
9.5127,-0.72283,-2.1266,0.023346,0.028237,0.002906,-1.0019,-0.40501,0.23239,1.2329,9.3954,2.3065,0.006283,0.003423,-0.002449,0.13262,-0.95611,0.22196,1.7694,-8.2017,4.9768,-0.004662,-0.014568,-0.007225,-0.41449,0.59074,-0.7754,-3.1789,8.4226,-3.8005,0.004225,-0.000625,-0.011829,0.17845,-1.0554,-0.05023,-2.201,-9.1002,-2.8542,-0.004928,0.008387,0.004578,0.19224,0.57683,0.634
9.5495,-0.84156,-2.1495,-0.028368,0.005231,-0.001627,-1.0022,-0.40447,0.23144,1.2448,9.4489,2.2825,-0.008113,0.00174,0.003893,0.13128,-0.95764,0.22088,1.7158,-8.255,5.0503,-0.011824,0.012645,-0.008082,-0.41379,0.58917,-0.77645,-3.1715,8.4226,-3.8078,-0.001495,-0.014696,0.004837,0.17685,-1.0571,-0.049514,-2.216,-9.1225,-2.8694,-0.004836,-0.002546,-0.004532,0.1926,0.57631,0.63336
9.5125,-0.79676,-2.1644,0.060432,0.029956,0.018448,-1.002,-0.40523,0.23078,1.1648,9.3852,2.413,-0.000218,0.001822,0.019815,0.13083,-0.95788,0.21982,1.6381,-8.3612,4.9629,-0.017079,0.012573,-0.010768,-0.41352,0.59007,-0.77621,-3.1642,8.4378,-3.8377,0.012898,0.013446,-0.000259,0.17653,-1.0563,-0.050318,-2.171,-9.1004,-2.8387,0.002306,-0.006924,-7.8e-05,0.19211,0.57643,0.63401
9.4674,-0.82638,-2.0754,0.065989,0.016727,-0.032559,-1.0012,-0.40384,0.23147,1.208,9.4876,2.2825,0.024275,0.010428,-0.007888,0.13083,-0.9571,0.21993,1.6479,-8.3758,4.9487,0.011377,0.029274,-0.007167,-0.4136,0.59032,-0.77521,-3.1567,8.4379,-3.8451,-0.006613,0.016986,-0.002001,0.17819,-1.0558,-0.05011,-2.1936,-9.1375,-2.8691,-0.012068,0.001042,-0.002691,0.19219,0.57683,0.63334
9.5578,-0.70052,-2.238,-0.061036,0.009333,0.022023,-1.0017,-0.40388,0.23319,1.1567,9.5214,2.3139,-0.056766,-0.015736,0.021981,0.12915,-0.95692,0.21776,1.6578,-8.4682,4.97,0.018566,-0.025203,-0.00551,-0.41358,0.59109,-0.77486,-3.1267,8.423,-3.8445,-0.009053,0.013448,-0.012618,0.17727,-1.0553,-0.048844,-2.1935,-9.1077,-2.8391,-0.006661,0.00106,-0.002705,0.19247,0.5767,0.63348
9.5718,-0.8271,-2.1044,0.033345,0.059041,0.032886,-1.0027,-0.40312,0.22927,1.2631,9.2953,2.4521,-0.11425,-0.024389,0.036627,0.13002,-0.95824,0.21432,1.7113,-8.4247,4.9407,-0.013626,-0.05264,-0.000285,-0.41453,0.58957,-0.77373,-3.1568,8.438,-3.8751,-0.020621,0.0258,-0.010766,0.17729,-1.0569,-0.04897,-2.2011,-9.1376,-2.8468,-0.008569,-0.009588,0.00266,0.1921,0.57696,0.634
9.5861,-0.88707,-1.9555,-0.010059,0.046357,-0.004503,-1.0019,-0.40329,0.23051,1.2824,9.3004,2.3915,-0.054873,-0.022049,0.007698,0.13052,-0.95906,0.21138,1.7109,-8.1867,4.9366,0.022045,-0.059634,-0.001119,-0.41735,0.58929,-0.77462,-3.1714,8.4151,-3.8003,-0.015152,0.002912,-0.019749,0.17862,-1.0562,-0.049827,-2.1936,-9.1375,-2.884,-0.019293,-0.009775,-0.004555,0.1912,0.57471,0.63401
9.5125,-0.7673,-2.1194,-0.009357,-0.005828,-0.015233,-1.0021,-0.40279,0.2313,1.2609,9.2586,2.5054,0.058365,-0.005764,-0.030501,0.12986,-0.96035,0.21098,1.8031,-8.015,5.0425,0.014619,0.010455,0.005239,-0.41785,0.58776,-0.7746,-3.1712,8.3925,-3.7703,-0.010071,0.013476,-0.007325,0.17858,-1.0558,-0.050617,-2.2011,-9.1225,-2.8841,0.002365,-0.002487,-0.002748,0.19126,0.57483,0.63481
9.4973,-0.8412,-2.1349,0.041451,0.008089,-0.019788,-1.0015,-0.40266,0.23105,1.1958,9.5215,2.3069,0.040336,0.003324,-0.008944,0.13041,-0.95902,0.21423,1.6967,-8.4125,4.9305,0.016874,0.012794,-0.012483,-0.41657,0.58719,-0.77414,-3.1866,8.4527,-3.8307,0.002143,0.010832,0.003256,0.17894,-1.0562,-0.048763,-2.1861,-9.1226,-2.8689,0.009676,0.008198,-0.007223,0.19146,0.57576,0.63413
9.5273,-0.77501,-2.0746,0.002396,0.008737,0.007523,-1.0024,-0.4046,0.23157,1.2457,9.3753,2.4475,0.033265,-0.005692,-0.027614,0.13115,-0.95874,0.21362,1.7593,-8.0757,5.1285,-0.018941,0.026999,-0.012449,-0.41512,0.58753,-0.77534,-3.149,8.4077,-3.7999,0.025643,0.011654,-0.014393,0.17947,-1.0561,-0.049132,-2.1935,-9.1077,-2.8466,0.0077,0.002139,0.003598,0.19171,0.57684,0.63226
9.5421,-0.79726,-2.097,0.009616,-0.014923,-0.016077,-1.0007,-0.40389,0.23323,1.1841,9.4483,2.394,0.045736,-0.000305,-0.016131,0.13254,-0.95851,0.21525,1.6186,-8.3345,4.9866,-0.024381,0.056291,-0.006274,-0.41306,0.59006,-0.77707,-3.1418,8.438,-3.8598,0.020278,0.009896,-0.012638,0.17785,-1.0556,-0.04816,-2.1561,-9.1379,-2.8236,0.000459,0.000326,0.004493,0.19092,0.57578,0.63212
9.5276,-0.76713,-2.1939,0.0224,0.001047,-0.019782,-1.0013,-0.4039,0.23401,1.2037,9.4241,2.394,0.051087,-0.003844,-0.016194,0.13289,-0.95727,0.21719,1.6115,-8.4825,4.9842,0.018617,0.043758,-0.012449,-0.41195,0.58886,-0.77761,-3.1493,8.438,-3.8599,0.016502,0.015192,-0.002013,0.17661,-1.0572,-0.048739,-2.1711,-9.1377,-2.8538,-0.003156,0.004837,0.006347,0.19182,0.57761,0.63384
9.4977,-0.77436,-2.1793,-0.006545,0.01207,-0.014399,-1.0013,-0.40442,0.23401,1.1987,9.3953,2.333,0.02486,-0.010639,0.010656,0.13332,-0.95677,0.21799,1.7451,-8.2891,5.0318,0.01132,0.002917,-0.004537,-0.41171,0.58885,-0.77772,-3.149,8.3929,-3.8449,-0.011679,0.009939,-0.014413,0.17592,-1.0566,-0.04851,-2.2011,-9.1376,-2.8393,-0.002218,-0.006017,0.000859,0.19068,0.5763,0.63264
9.4824,-0.84117,-2.1127,-0.002086,0.01773,0.009294,-1.0016,-0.40429,0.23413,1.206,9.4485,2.3601,0.017022,0.006048,-0.00252,0.13261,-0.95765,0.21679,1.643,-8.3637,4.9728,0.007941,0.009096,-0.012512,-0.41095,0.58882,-0.77768,-3.164,8.4226,-3.8002,-0.004461,-0.004148,-0.021561,0.17773,-1.0566,-0.048032,-2.1861,-9.1377,-2.8391,-0.012074,-0.002565,-0.003623,0.19086,0.57721,0.63342
9.5425,-0.7084,-2.089,0.045994,0.013465,-0.019794,-1.001,-0.40442,0.23389,1.1643,9.4123,2.3232,0.013375,-0.001883,0.000123,0.13356,-0.95624,0.21773,1.75,-8.2355,4.9331,-0.02178,0.010952,-0.000135,-0.41243,0.59055,-0.77705,-3.179,8.4227,-3.8305,0.012925,0.016973,-0.001119,0.17687,-1.0549,-0.048339,-2.201,-9.1077,-2.8542,-0.013859,-0.000792,-0.004506,0.19153,0.57563,0.63507
9.5566,-0.93046,-2.1649,0.034203,0.008164,-0.017973,-1.0003,-0.40473,0.23552,1.1912,9.4438,2.3211,0.031283,-0.000123,0.000882,0.13369,-0.95786,0.21984,1.7015,-8.381,4.9838,-0.024383,-0.016371,-0.001105,-0.41206,0.59002,-0.77727,-3.1865,8.4078,-3.8606,-0.009881,0.009954,-0.015292,0.17743,-1.056,-0.048441,-2.1861,-9.1301,-2.8689,-0.002126,-0.002545,-0.004552,0.19158,0.57644,0.63226
9.4912,-0.61844,-2.2529,-0.004838,-0.004915,-0.008851,-0.99924,-0.4053,0.23744,1.1788,9.4513,2.287,-0.011818,-0.015062,0.003823,0.13397,-0.95793,0.21778,1.6281,-8.2448,5.039,0.000787,-0.030942,-0.01083,-0.41179,0.59053,-0.77676,-3.1266,8.4227,-3.7844,0.030946,0.020441,-0.012564,0.17635,-1.057,-0.048227,-2.186,-9.1078,-2.824,0.002429,-0.000813,-0.00817,0.19085,0.57537,0.63292
9.5793,-0.8418,-2.1492,-0.001145,0.020356,0.00382,-0.9996,-0.40448,0.23581,1.1644,9.4678,2.3696,0.013725,0.017322,-0.026445,0.13253,-0.95651,0.21794,1.706,-8.1991,5.0492,0.007831,-0.027183,-0.007256,-0.41261,0.59109,-0.77808,-3.1491,8.408,-3.8749,-0.009962,-0.005907,-0.012757,0.1763,-1.0567,-0.049542,-2.201,-9.1227,-2.8393,-0.00488,0.001106,-0.000896,0.19027,0.57695,0.63261
9.5197,-0.84138,-2.1348,-0.010082,0.040976,6.6e-05,-1.0001,-0.40397,0.23606,1.223,9.3786,2.2724,0.029452,-0.008055,0.00174,0.1341,-0.95702,0.21803,1.6381,-8.3346,4.9771,0.010408,-0.017871,-0.001082,-0.41265,0.59056,-0.77643,-3.1567,8.4229,-3.8601,-0.00098,0.008168,-0.016184,0.17697,-1.0554,-0.049382,-2.186,-9.1228,-2.8241,-0.001294,-0.006056,-0.00096,0.19154,0.57761,0.6337
9.5276,-0.73773,-2.134,-0.002842,0.028175,-0.016281,-0.99963,-0.4046,0.23528,1.2082,9.4682,2.3018,0.013308,-0.015153,-0.00349,0.13435,-0.95676,0.21791,1.638,-8.3175,4.9671,0.018349,0.004096,0.001624,-0.41228,0.58977,-0.77664,-3.1715,8.4078,-3.8453,-0.008597,0.003797,0.006725,0.17619,-1.0565,-0.048629,-2.1861,-9.1077,-2.8689,0.005925,-0.006009,-7.4e-05,0.19148,0.57603,0.63439
9.5277,-0.78171,-2.2537,0.00801,0.031814,-0.003521,-0.99919,-0.40462,0.23596,1.1935,9.4633,2.3115,0.003479,-0.014277,-0.005185,0.13365,-0.95654,0.2193,1.6965,-8.2838,4.9674,0.020418,0.007363,-0.012478,-0.41197,0.59054,-0.77791,-3.164,8.4153,-3.8302,-0.015295,0.003791,-0.012686,0.17644,-1.0562,-0.049142,-2.2011,-9.1376,-2.8468,-0.006548,-0.002706,-0.011771,0.19215,0.5763,0.63454
9.5499,-0.76743,-2.1639,-0.055422,0.03785,0.010965,-0.99995,-0.40469,0.2342,1.1745,9.3611,2.3789,0.003614,-0.010875,-0.017633,0.13311,-0.95757,0.21877,1.728,-8.2356,5.0452,-0.002784,-0.007408,-0.012524,-0.41273,0.58902,-0.77803,-3.1416,8.4154,-3.8372,-0.002239,0.017856,0.00153,0.178,-1.0563,-0.051561,-2.186,-9.1077,-2.8539,-0.013772,-0.004529,-0.011773,0.19078,0.57642,0.63396
9.5496,-0.78254,-2.0894,-0.044389,0.060909,-0.003707,-0.99967,-0.40425,0.23207,1.159,9.5337,2.2848,0.00964,-0.015074,0.005433,0.13272,-0.95667,0.21899,1.6891,-8.2888,5.0211,0.000883,-0.012909,-0.016079,-0.41219,0.58744,-0.77733,-3.1491,8.4228,-3.8149,0.001246,0.004654,0.003206,0.17635,-1.0559,-0.051246,-2.1786,-9.1227,-2.8538,-0.013765,0.001761,-0.01083,0.19093,0.57615,0.63424
9.5717,-0.82734,-2.0447,-0.019084,0.050877,-0.004539,-1.0006,-0.40513,0.23124,1.1891,9.3637,2.3499,0.02235,-0.003697,-0.00352,0.13387,-0.9564,0.21866,1.6137,-8.3223,4.9863,0.033037,-0.000825,-0.017807,-0.41204,0.58834,-0.77684,-3.1641,8.4228,-3.8452,0.000347,0.015225,0.005044,0.17696,-1.0559,-0.049906,-2.1861,-9.1227,-2.839,0.006041,-0.001695,-0.008184,0.19102,0.57603,0.63358
