9.7305,-0.88159,-0.20452,0.045699,0.038005,0.003637,-1.0668,-0.37486,0.021894,0.96216,9.6365,1.3707,0.024715,-0.019221,-0.007308,0.13093,-0.92594,0.32196,1.756,-8.4175,5.007,0.011278,0.017967,-0.001836,-0.41826,0.58556,-0.76359,-3.1221,8.4455,-3.8033,-0.007478,0.009557,0.00452,0.18284,-1.0542,-0.054799,-2.1609,-9.1156,-2.9474,-0.027293,0.009538,-0.009568,0.1853,0.57311,0.63449
9.7968,-1.001,-0.11526,0.034626,-0.004976,-0.001658,-1.0664,-0.37648,0.024465,1.0112,9.6025,1.3806,0.006934,0.002051,-0.003487,0.13038,-0.92774,0.32105,1.8896,-8.1414,5.0238,0.015142,0.017516,-0.01855,-0.41768,0.58373,-0.76451,-3.1218,8.4005,-3.7808,0.00443,0.010413,-0.011364,0.18113,-1.054,-0.055932,-2.1683,-9.1156,-2.9401,-0.023914,-0.001804,0.004823,0.18614,0.57311,0.63505
9.7454,-0.86695,-0.18939,0.006744,0.000954,-0.041853,-1.0649,-0.37774,0.027612,1.0209,9.6317,1.3565,0.038277,-0.010448,-0.014477,0.13134,-0.92724,0.32213,1.8219,-8.408,4.9516,0.008541,0.001669,0.002564,-0.41818,0.58375,-0.76454,-3.167,8.4455,-3.8343,0.001592,-0.001882,-0.004383,0.18303,-1.0546,-0.057156,-2.1459,-9.1081,-2.9696,-0.006573,0.010581,-0.006001,0.18617,0.57139,0.63508
9.7822,-1.0298,-0.30954,-0.016845,0.014054,-0.009118,-1.0636,-0.37805,0.029137,1.0648,9.6656,1.3569,0.009631,0.002053,-0.00527,0.13097,-0.92803,0.32239,1.8703,-8.2383,4.9323,0.021372,-0.009586,-0.014195,-0.41773,0.58229,-0.76296,-3.1591,8.4002,-3.7665,0.001749,0.005154,-0.011399,0.18284,-1.055,-0.05506,-2.1609,-9.1231,-2.9549,-0.005815,0.012602,0.004872,0.18502,0.57258,0.63423
9.6562,-0.82182,-0.18231,0.072978,0.026491,-0.040055,-1.0643,-0.37864,0.026974,1.0409,9.5828,1.4342,-0.0153,0.009038,-0.015711,0.13183,-0.92567,0.32174,1.8655,-8.2868,4.9233,0.003488,-0.011485,-0.011576,-0.41796,0.58323,-0.76515,-3.137,8.4381,-3.8261,-0.003815,-0.000127,-0.000843,0.18267,-1.0547,-0.055726,-2.1608,-9.0858,-2.9249,-0.011276,3.2e-05,0.0048,0.18512,0.57283,0.63569
9.7751,-0.85267,-0.11446,-0.001896,-0.042014,0.025814,-1.0633,-0.37892,0.027683,1.006,9.6947,1.3664,0.009644,0.002908,-0.00705,0.1324,-0.92569,0.32268,1.8457,-8.204,4.9756,-0.018264,0.017998,0.005244,-0.41851,0.58245,-0.7646,-3.1295,8.4157,-3.841,-0.015699,0.008671,-0.025495,0.18299,-1.0547,-0.054791,-2.1459,-9.1157,-2.9472,-0.022038,-0.003706,-0.000631,0.18548,0.57231,0.63504
9.7751,-0.91893,-0.21935,0.032773,0.004298,0.023831,-1.0631,-0.37851,0.031705,1.0406,9.5976,1.3856,0.008609,-0.003171,0.005368,0.13218,-0.92662,0.32321,1.8532,-8.306,4.953,-0.018151,0.0079,0.001684,-0.41842,0.58349,-0.76551,-3.1519,8.4304,-3.7964,-0.008924,0.001642,-0.01142,0.18366,-1.0542,-0.055024,-2.1608,-9.1082,-2.9399,-0.009386,-0.005485,-0.002477,0.18626,0.57099,0.63629
9.7599,-0.94133,-0.145,0.036337,-0.015594,0.011155,-1.0624,-0.37885,0.034545,1.0062,9.6293,1.3564,0.050936,0.01344,-0.009122,0.13247,-0.92689,0.32375,1.8654,-8.3109,4.9826,-0.007578,0.018123,0.007018,-0.4181,0.58401,-0.76664,-3.1668,8.4303,-3.7967,-0.00178,-0.001882,-0.013208,0.18223,-1.0559,-0.056928,-2.1309,-9.1007,-2.9693,0.001589,-0.001155,-0.011534,0.18506,0.57323,0.63488
9.7304,-0.88906,-0.18965,0.021599,-0.062057,0.015891,-1.0618,-0.37838,0.035904,0.98151,9.6512,1.3223,-0.008375,-0.007619,-0.000745,0.13282,-0.92513,0.32582,1.858,-8.2575,4.9816,-0.017483,-0.002739,0.012266,-0.4173,0.58514,-0.76575,-3.1368,8.4155,-3.7961,0.027305,0.005116,-0.000808,0.18265,-1.0557,-0.056514,-2.1459,-9.1007,-2.9695,0.019561,0.005337,-0.004292,0.18343,0.57281,0.63617
9.7673,-0.97825,-0.18995,0.05984,-0.052065,-0.023314,-1.0601,-0.37942,0.040531,1.0405,9.622,1.3541,0.013238,-0.004208,-0.012457,0.132,-0.92563,0.32501,1.8266,-8.3494,4.8751,-0.00914,0.016091,-0.001832,-0.41651,0.58471,-0.76507,-3.152,8.4455,-3.8114,0.01939,0.012173,-0.004283,0.1831,-1.0541,-0.055182,-2.1384,-9.1157,-2.9545,0.014214,0.000703,-0.010644,0.18544,0.57324,0.63463
9.7299,-0.94867,-0.10051,0.045029,-0.122,-0.033976,-1.058,-0.3809,0.046914,1.0217,9.4808,1.4725,0.015243,0.008885,-0.02665,0.1323,-0.92513,0.32566,1.8214,-8.2232,4.9022,-0.010878,0.015076,-0.005359,-0.41472,0.58542,-0.76474,-3.1593,8.4304,-3.7966,0.004968,0.008679,0.004514,0.18315,-1.0554,-0.054387,-2.1757,-9.0558,-2.94,0.034005,0.001774,-0.006148,0.18463,0.57389,0.63459
9.7684,-0.85149,-0.39802,0.073908,-0.14918,-0.035652,-1.0548,-0.38192,0.05508,1.0745,9.7359,1.367,0.066891,0.00468,-0.000381,0.13262,-0.9249,0.32685,1.8466,-8.6724,4.8761,-0.017377,0.032678,0.009649,-0.41481,0.58724,-0.76404,-3.1819,8.4381,-3.8646,-0.008992,0.017501,-0.006015,0.18316,-1.0545,-0.053863,-2.1758,-9.1158,-2.8804,-0.005676,0.008758,-0.00781,0.18495,0.57336,0.63528
9.7469,-0.88658,-0.84605,-0.010853,-0.049489,0.013026,-1.052,-0.3838,0.061761,1.0003,9.8238,1.2357,-0.010347,-0.015422,0.012592,0.132,-0.92563,0.32501,1.8241,-8.3981,4.9493,-0.015923,0.022842,-0.019496,-0.41544,0.58687,-0.76381,-3.122,8.4158,-3.8558,0.004794,0.006023,0.013312,0.18261,-1.0551,-0.054019,-2.1608,-9.1157,-2.925,-0.011246,0.001788,0.003004,0.18601,0.57271,0.63505
9.7086,-0.98364,-0.57839,-0.023655,0.1029,0.002328,-1.054,-0.38178,0.059393,1.0021,9.5026,1.4724,-0.013688,-0.012165,-0.012297,0.13297,-0.9261,0.3235,1.7752,-8.2666,4.89,0.030274,-0.003752,-0.0089,-0.41447,0.58749,-0.76479,-3.1296,8.4455,-3.811,-0.002787,0.006907,-0.006969,0.18433,-1.0562,-0.053015,-2.1308,-9.071,-2.9244,-0.012916,0.001569,-0.006958,0.18491,0.57244,0.63449
9.7745,-0.97132,-0.085395,0.013357,0.092046,0.003368,-1.0552,-0.38066,0.05666,1.0133,9.6875,1.3421,0.033733,-0.006817,-0.004633,0.1342,-0.92723,0.32685,1.8553,-8.1362,5.0381,-0.015525,0.007003,0.0017,-0.41473,0.5862,-0.76489,-3.1368,8.4005,-3.8111,-0.003442,0.013066,-0.016641,0.18327,-1.0555,-0.054907,-2.1608,-9.1157,-2.9101,-0.005894,0.006398,0.008449,0.18525,0.57285,0.63383
9.813,-0.77836,-0.24799,0.034607,-0.00673,0.002912,-1.0548,-0.38129,0.055876,1.0453,9.6704,1.3665,0.008543,-0.010223,0.00623,0.1332,-0.92447,0.3257,1.71,-8.6111,4.8877,0.036409,0.014694,-0.00184,-0.41432,0.58774,-0.76428,-3.1895,8.4604,-3.8347,-0.016119,0.017516,-0.00601,0.18279,-1.0554,-0.056376,-2.1758,-9.1081,-2.9402,-0.022123,-0.01438,0.002929,0.1846,0.57309,0.63593
9.7755,-1.0064,-0.57803,-0.077458,0.057136,0.038024,-1.0547,-0.3791,0.055865,1.0111,9.6317,1.3564,0.009367,-0.008373,0.016892,0.13311,-0.92708,0.32601,1.8604,-8.2673,5.0209,-0.001995,0.026942,-0.00532,-0.41422,0.58852,-0.76468,-3.1742,8.4154,-3.8119,-0.007133,0.025417,-0.009492,0.18329,-1.056,-0.054642,-2.1608,-9.1007,-2.9549,-0.005656,-0.007448,-0.011544,0.18652,0.57125,0.6363
9.7011,-0.82179,-0.27896,-0.012064,0.061454,-0.014787,-1.0557,-0.37976,0.051814,1.0213,9.5877,1.4292,0.040056,0.009115,0.001614,0.13244,-0.92604,0.32569,1.8122,-8.3756,4.6651,0.017939,0.016034,-0.014168,-0.41521,0.587,-0.76443,-3.137,8.4604,-3.7811,-0.00208,0.008677,0.00099,0.18188,-1.0557,-0.055235,-2.1084,-9.086,-2.9539,0.001443,0.016161,0.003043,0.18539,0.57283,0.6357
9.7896,-0.98578,-0.20475,-0.090127,0.051682,0.017076,-1.0573,-0.37846,0.047325,0.99139,9.6656,1.3565,0.000535,-0.006712,0.003637,0.13225,-0.92673,0.32699,2.0067,-8.2582,4.9398,-0.040786,0.011491,-0.025666,-0.41678,0.5859,-0.76549,-3.122,8.4158,-3.8558,0.019345,-0.003687,-0.002638,0.18227,-1.0555,-0.055744,-2.1608,-9.0857,-2.9548,0.001564,-0.007421,-0.011563,0.18679,0.57404,0.63492
9.7601,-0.95573,-0.24954,-0.015869,0.028379,-0.010999,-1.0574,-0.37792,0.046382,1.0725,9.5517,1.3564,0.020337,0.000312,-4.7e-05,0.13156,-0.92529,0.32654,1.9239,-8.2867,4.873,0.007497,-0.048094,-0.025757,-0.4163,0.58794,-0.76351,-3.1667,8.4079,-3.8042,0.003734,0.008669,-0.020198,0.18436,-1.0541,-0.05486,-2.1908,-9.1006,-2.9404,-0.002054,-0.00022,-0.009682,0.18613,0.57443,0.63516
9.7451,-0.99985,-0.30217,-0.091943,0.020728,-0.018371,-1.0572,-0.37878,0.044789,1.0408,9.5587,1.4024,0.074948,-0.005126,-0.005864,0.13147,-0.9246,0.32965,1.8462,-8.4491,4.926,0.00905,-0.015065,-0.016011,-0.41704,0.58848,-0.76306,-3.1742,8.4005,-3.8419,0.005468,0.019234,-0.016598,0.18342,-1.0554,-0.054506,-2.1758,-9.1157,-2.9103,0.01415,0.012492,-0.004216,0.18613,0.5747,0.63515
9.723,-0.95508,-0.33935,-0.0783,0.020434,-0.032945,-1.0573,-0.37964,0.043051,1.0447,9.6856,1.2402,0.063294,0.005643,0.006752,0.13169,-0.92251,0.32936,1.7824,-8.245,4.9875,0.030392,-0.027554,-0.014246,-0.41862,0.58635,-0.76434,-3.137,8.438,-3.8036,-0.002699,0.002507,-0.011412,0.18427,-1.0564,-0.054464,-2.1684,-9.1156,-2.955,-0.000292,-0.000145,-0.006078,0.18619,0.57337,0.63571
9.7598,-0.9856,-0.19005,0.043877,-0.002043,-0.04544,-1.057,-0.38119,0.043073,1.0648,9.6463,1.3301,0.045204,-0.010201,0.013041,0.13085,-0.92417,0.33273,1.7581,-8.235,4.9283,-0.002313,-0.02272,-0.028409,-0.41932,0.58623,-0.76311,-3.1668,8.4155,-3.8417,-0.027072,0.010484,0.007166,0.18349,-1.0539,-0.052403,-2.1758,-9.0857,-2.9252,0.009484,0.009112,0.006625,0.185,0.57311,0.63408
9.7457,-0.80763,-0.20392,-0.002652,-0.066204,-0.041576,-1.0563,-0.38319,0.045255,1.0739,9.6858,1.1967,0.029203,-0.012018,0.001607,0.13242,-0.92377,0.33294,1.7873,-8.2474,4.995,-0.06594,-0.028391,-0.01524,-0.41999,0.58575,-0.76389,-3.122,8.4083,-3.8633,-0.012475,-0.000131,-0.010559,0.1833,-1.0531,-0.053202,-2.1758,-9.1006,-2.9402,-0.008361,0.003338,-0.00965,0.18528,0.5739,0.63434
9.7171,-0.70259,-0.47951,0.04687,-0.09109,0.007833,-1.0562,-0.3845,0.050625,1.0503,9.6461,1.3786,-0.01746,0.00498,0.023418,0.13113,-0.92249,0.33337,1.9241,-8.3546,4.8155,-0.10543,-0.015675,-0.001979,-0.42064,0.58874,-0.76173,-3.152,8.4306,-3.8564,-0.02666,0.015746,-0.011325,0.18388,-1.0552,-0.053302,-2.1458,-9.0858,-2.9546,-0.029251,-0.018147,-0.004329,0.18597,0.57364,0.63464
9.7174,-0.74609,-0.71853,-0.018082,-0.004856,0.062079,-1.0558,-0.38018,0.053153,1.0399,9.688,1.2499,0.057735,-0.004849,0.01919,0.12973,-0.9233,0.33382,1.788,-8.6211,4.8744,0.018086,-0.011415,-0.019557,-0.41904,0.58944,-0.76003,-3.1369,8.4156,-3.8261,-0.028359,-0.001866,-0.016745,0.18433,-1.0543,-0.055518,-2.1609,-9.1154,-3.0072,-0.016461,0.0051,-0.009625,0.18553,0.57257,0.63571
9.7382,-1.0063,-0.53355,-0.005016,0.045704,0.024491,-1.0589,-0.37935,0.052222,1.0062,9.5229,1.283,-0.044471,-0.017932,0.027049,0.12912,-0.92545,0.33175,1.9507,-8.3211,4.9645,-0.012851,0.016137,0.003499,-0.41907,0.58997,-0.76068,-3.1966,8.4226,-3.7673,-0.01335,0.015754,-0.01132,0.18421,-1.0551,-0.055522,-2.1309,-9.1008,-2.9394,0.001476,-0.003699,-0.004314,0.1874,0.57206,0.63564
9.5068,-0.98297,-0.34117,-0.067686,-0.004336,0.00272,-1.0604,-0.37748,0.050279,1.0598,9.5836,1.2787,0.032876,-0.003242,-0.001947,0.12831,-0.92376,0.33154,2.0021,-8.3988,4.8737,-0.028324,0.020769,-0.022996,-0.42072,0.59157,-0.75841,-3.1966,8.43,-3.7523,0.031792,-0.004544,-0.004397,0.18404,-1.0543,-0.055926,-2.1609,-9.1156,-2.9549,0.025598,-0.00142,0.01465,0.18696,0.57272,0.63522
9.7301,-1.0145,-0.30984,-0.12639,0.004688,-0.029295,-1.0601,-0.37791,0.047078,1.0278,9.5983,1.2397,0.048884,-0.013829,0.002306,0.12919,-0.92394,0.33342,1.9485,-8.3985,4.824,0.039569,-0.007784,-0.024757,-0.42217,0.59046,-0.75946,-3.1817,8.4005,-3.842,0.04054,0.003361,0.004472,0.18416,-1.056,-0.05355,-2.1158,-9.026,-2.9987,0.039288,0.000209,0.004653,0.18744,0.57338,0.63642
9.7821,-1.0961,-0.38458,-0.015802,-0.00919,-0.071949,-1.0599,-0.37827,0.046152,1.1039,9.6802,1.3524,0.10088,-0.019346,-0.015019,0.12867,-0.92298,0.33597,1.8268,-8.4342,4.7886,0.066623,-0.015102,-0.037143,-0.42183,0.5876,-0.76037,-3.1595,8.4158,-3.8941,0.03934,0.02094,-0.020113,0.18229,-1.0542,-0.051275,-2.1907,-9.0857,-2.9105,0.054886,0.028668,-0.009629,0.18588,0.57655,0.63391
9.7301,-1.1028,-0.46709,-0.081923,-0.018705,-0.078392,-1.0582,-0.37997,0.046232,1.1819,9.6927,1.2654,0.014183,-0.012202,-0.023146,0.12918,-0.92142,0.3361,1.8409,-8.1893,4.9165,0.022111,-0.030233,-0.044266,-0.42434,0.58561,-0.75994,-3.0924,8.4386,-3.9003,0.012132,-0.00017,0.002682,0.18229,-1.0543,-0.051407,-2.1982,-9.1309,-2.7912,0.001427,0.009829,-0.000572,0.18556,0.57656,0.63324
9.672,-0.79098,-0.51773,0.048436,-0.029506,-0.07999,-1.0568,-0.38531,0.047395,1.0888,9.7533,1.2797,-0.004759,-0.017414,-0.013244,0.12983,-0.92115,0.336,1.8266,-8.3614,4.8069,-0.023684,-0.042876,-0.026698,-0.42534,0.58435,-0.7597,-3.0924,8.4163,-3.9453,-0.031697,-0.007175,-0.025613,0.1823,-1.0549,-0.051405,-2.1757,-9.1085,-2.8356,-0.058135,-0.008392,-0.004177,0.18567,0.57549,0.63446
9.6583,-0.59784,-0.62103,0.056462,0.009136,0.003758,-1.0584,-0.38797,0.050964,1.0522,9.6975,1.2841,-0.056902,-0.014466,0.014752,0.13116,-0.92258,0.33636,1.9775,-8.2091,4.7429,-0.013861,-0.009996,0.012298,-0.42484,0.58407,-0.75992,-3.137,8.4158,-3.8711,-0.078,0.006114,-0.021989,0.1846,-1.0564,-0.053134,-2.2057,-9.0708,-2.8808,-0.095962,-0.016734,-0.011364,0.18493,0.57417,0.63326
9.6733,-0.58297,-0.66558,0.1414,0.020121,0.068577,-1.0575,-0.38535,0.054196,1.0053,9.6811,1.1622,-0.038874,0.002343,0.018237,0.13193,-0.92302,0.33368,2.0798,-8.2584,4.8847,-0.053486,0.048143,0.024758,-0.42401,0.58766,-0.75847,-3.2338,8.4075,-3.768,-0.065497,0.033436,-0.023556,0.18552,-1.0554,-0.0573,-2.1608,-9.0556,-3.0145,-0.077729,-0.016893,-0.022287,0.18628,0.5698,0.63632
9.776,-0.91011,-0.5774,0.098924,0.042017,0.072989,-1.0591,-0.38069,0.0541,1.0199,9.6039,1.0987,-0.029975,-0.007365,0.01988,0.12988,-0.92389,0.33176,2.0653,-8.3313,4.9615,-0.038512,0.049401,0.033597,-0.42158,0.59094,-0.7578,-3.2187,8.4071,-3.6627,-0.020382,0.033381,-0.014725,0.18586,-1.0542,-0.058601,-2.1459,-9.0854,-3.0741,-0.034529,-0.014721,-0.011531,0.18653,0.56992,0.63792
9.8639,-1.0971,-0.30936,0.087539,0.023469,-0.058257,-1.0586,-0.38008,0.055318,0.99584,9.5647,1.1713,-0.006224,0.0188,-0.013973,0.13064,-0.92361,0.33141,1.9435,-8.3988,5.0195,0.015603,0.031015,0.007084,-0.41928,0.59049,-0.75982,-3.2262,8.4147,-3.6929,0.026247,0.013971,0.006321,0.18617,-1.0555,-0.058321,-2.116,-9.1154,-3.0587,0.039561,0.012429,-0.011544,0.18663,0.57166,0.63603
9.7754,-0.85226,-0.21891,-0.061168,-0.039607,-0.096488,-1.0559,-0.38497,0.058672,0.96179,9.6804,1.3077,0.00999,0.009698,-0.039039,0.13217,-0.92592,0.33049,1.7776,-8.2862,4.9613,0.019787,0.015839,-0.021239,-0.41971,0.58973,-0.76083,-3.152,8.4603,-3.7814,0.070362,-0.010762,0.020272,0.18299,-1.0549,-0.054791,-2.1159,-9.0782,-3.0138,0.091812,0.016351,-0.004411,0.18552,0.57165,0.63546
9.7017,-0.82085,-0.5177,-0.017825,-0.070455,-0.094494,-1.0557,-0.38785,0.060308,1.0309,9.641,1.4344,0.013262,-0.005162,-0.018684,0.13026,-0.92433,0.32905,1.7536,-8.3829,4.811,-0.001622,-0.026016,-0.016063,-0.41929,0.58945,-0.76004,-3.0774,8.4162,-3.915,0.043958,0.001547,0.011514,0.18251,-1.0557,-0.053233,-2.1757,-9.1009,-2.858,0.064419,0.031078,0.019301,0.18495,0.57429,0.63539
9.7313,-0.98326,-0.71997,-0.006742,-0.01653,-0.072835,-1.0533,-0.39258,0.062577,1.1514,9.5775,1.5199,0.011275,-0.017423,-0.007159,0.13127,-0.92482,0.32834,1.7783,-8.5431,4.7188,0.00707,-0.012887,-0.003668,-0.42085,0.589,-0.76087,-3.1076,8.4613,-3.9606,0.005182,-0.001921,-0.004388,0.18156,-1.0554,-0.052753,-2.2056,-9.086,-2.8211,0.001412,0.010766,0.001244,0.18628,0.57486,0.63183
9.6873,-0.76105,-0.62187,0.035201,0.064222,-0.045758,-1.0513,-0.39493,0.062672,1.104,9.6704,1.3693,0.043965,0.008821,-0.035742,0.13216,-0.92461,0.33047,1.89,-8.3423,4.7879,0.046485,-0.035573,-0.012452,-0.42127,0.58835,-0.75923,-3.0997,8.3788,-3.9604,-0.054915,0.012226,-0.018429,0.18396,-1.0567,-0.05198,-2.2207,-9.0858,-2.8587,-0.07251,-0.01123,-0.009569,0.18652,0.57551,0.63342
9.746,-0.95431,-0.57791,-0.028404,0.043519,-0.018395,-1.0526,-0.39516,0.062219,1.0591,9.7005,1.1723,0.038565,0.005368,-0.03039,0.13316,-0.92394,0.32986,1.8286,-8.1773,5.0262,0.044777,-0.069387,-0.017829,-0.42213,0.58658,-0.76124,-3.1369,8.4006,-3.8336,-0.070576,0.024583,-0.035097,0.18421,-1.055,-0.05539,-2.1908,-9.1006,-2.9255,-0.08493,-0.026886,-0.027746,0.18603,0.57284,0.63532
9.7617,-0.7178,-0.4718,0.036995,0.049673,-0.06574,-1.0512,-0.39517,0.062009,0.93283,9.5977,1.3558,0.058297,0.017666,-0.02785,0.13452,-0.92202,0.3312,1.7928,-8.5776,4.9421,0.048173,-0.012717,-0.008923,-0.42259,0.58399,-0.76043,-3.1967,8.46,-3.7523,-0.045844,0.033391,-0.028839,0.18474,-1.0537,-0.058787,-2.1158,-9.056,-2.9764,-0.058116,-0.014675,-0.00425,0.1877,0.56995,0.63569
9.6575,-0.68727,-0.48732,-0.006361,0.064171,-0.074992,-1.0503,-0.39822,0.059786,0.93159,9.7177,1.123,0.064345,-0.010516,-0.021816,0.1342,-0.92213,0.33496,2.0452,-8.0619,5.0641,0.028742,-0.007941,-0.024716,-0.42336,0.58091,-0.76064,-3.2187,8.4071,-3.6777,-0.02044,0.008734,-0.014015,0.18598,-1.0542,-0.05899,-2.146,-9.1003,-3.0741,-0.020035,0.003258,-0.011446,0.1862,0.56808,0.63675
9.7623,-0.52555,-0.38102,-0.055601,0.020064,-0.051137,-1.0507,-0.40086,0.057112,0.92707,9.6375,1.1615,0.034949,4.4e-05,-0.029531,0.13557,-0.92163,0.3362,1.9822,-8.195,4.9775,0.033945,-0.013068,-0.015034,-0.42376,0.58054,-0.76116,-3.1667,8.4377,-3.7517,0.008528,-0.001883,0.002679,0.18575,-1.054,-0.05795,-2.1459,-9.0706,-3.0143,0.015789,0.012791,0.010237,0.18558,0.56832,0.63925
9.7923,-0.59175,-0.56028,-0.035758,0.029335,-0.012854,-1.0494,-0.40191,0.057306,0.94631,9.7636,1.1622,0.007697,-0.015558,-2.5e-05,0.13621,-0.9193,0.33645,1.9724,-8.1706,4.9671,0.014189,-0.014887,-0.008878,-0.42537,0.58007,-0.76047,-3.1669,8.4454,-3.8042,0.037242,-0.010732,-0.009735,0.18563,-1.0548,-0.05769,-2.1758,-9.0855,-2.9849,0.026869,0.017847,-0.007832,0.18552,0.56926,0.63684
9.7551,-0.59871,-0.59791,-0.031927,0.086943,0.009697,-1.0501,-0.40158,0.055002,1.0056,9.6879,1.2594,-0.007617,-0.011903,0.012572,0.13598,-0.92164,0.33661,1.9628,-8.2337,4.9509,0.012338,-0.009349,-0.005345,-0.42441,0.57836,-0.7615,-3.1518,8.4005,-3.8264,0.026308,0.012168,0.005414,0.18529,-1.0543,-0.055867,-2.1008,-9.0261,-2.9985,0.017668,-0.002638,0.001063,0.18538,0.57006,0.63508
9.7464,-0.71086,-0.32266,0.016883,0.085063,0.024373,-1.0519,-0.40108,0.051179,1.0109,9.5715,1.2638,0.000511,0.00049,0.017002,0.13412,-0.92034,0.33623,1.8921,-8.2868,4.9924,-0.020144,-0.012783,0.012249,-0.42323,0.57986,-0.76048,-3.1669,8.4306,-3.8567,-0.000377,0.01397,0.006312,0.18614,-1.0553,-0.055562,-2.1758,-9.0857,-2.9401,0.011264,-0.00074,0.006555,0.18725,0.57048,0.63514
9.702,-0.7468,-0.50975,-0.010507,0.062319,0.058162,-1.0541,-0.39663,0.049856,0.99102,9.654,1.2543,0.006772,-0.003973,0.012488,0.13391,-0.9203,0.33465,1.836,-8.2063,4.9363,-0.025314,0.003326,0.002554,-0.42387,0.58054,-0.76078,-3.1369,8.4155,-3.8036,0.008714,0.026264,-0.002427,0.18544,-1.0549,-0.055596,-2.1608,-9.1157,-2.925,-0.002076,0.005203,-0.006945,0.18509,0.57191,0.63504
9.7762,-0.78473,-0.43483,0.060208,0.036043,0.001838,-1.0538,-0.39587,0.05013,1.02,9.7052,1.1867,-0.00999,0.005623,-0.006875,0.13398,-0.92092,0.33349,1.9678,-8.3162,4.9256,0.001503,0.030696,-0.000865,-0.42262,0.58036,-0.76096,-3.1743,8.4229,-3.8269,0.00345,0.00868,-0.00696,0.18362,-1.0548,-0.056207,-2.1759,-9.1229,-2.985,-0.006668,-0.005468,-0.002476,0.1852,0.57033,0.63441
9.8057,-0.74873,-0.23293,-0.023239,0.035221,0.027277,-1.0548,-0.39661,0.049294,0.96644,9.6421,1.2177,-0.019312,-0.018939,0.015284,0.13465,-0.92125,0.33614,1.8896,-8.2358,4.9865,-0.027195,0.02609,0.005259,-0.42314,0.58078,-0.76138,-3.1517,8.4005,-3.8114,0.004086,-0.005409,0.003526,0.184,-1.0545,-0.053561,-2.1758,-9.0557,-2.9699,0.004269,-0.009199,-0.011576,0.18563,0.57178,0.63506
9.7324,-0.71679,-0.666,0.038418,0.053716,0.045494,-1.0552,-0.39648,0.049411,0.9517,9.7364,1.2715,-0.04995,-0.032091,0.023481,0.13631,-0.9227,0.33287,1.8508,-8.3375,4.9584,0.00796,-0.000342,-0.008905,-0.42353,0.58157,-0.76142,-3.0998,8.4607,-3.8254,0.009026,-0.010736,-0.020326,0.18434,-1.0547,-0.055516,-2.1608,-9.1007,-2.9399,0.012251,0.010837,0.003006,0.18433,0.5723,0.63567
9.7609,-0.7706,-0.23341,0.040512,0.077321,-0.009301,-1.0568,-0.39471,0.04639,1.0553,9.5154,1.3246,-0.039671,0.002206,0.005784,0.13448,-0.92375,0.33253,1.9505,-8.185,4.9328,0.028009,-0.001474,0.012355,-0.42315,0.58234,-0.76143,-3.1742,8.4079,-3.8269,0.010464,0.005153,-0.002575,0.18493,-1.0548,-0.054568,-2.1608,-9.1157,-2.925,-0.006697,0.001749,0.000279,0.18562,0.57391,0.63355
9.82,-0.74986,0.02084,0.00014,0.013712,0.034712,-1.0574,-0.39314,0.045821,0.98656,9.6076,1.3319,0.041802,0.00652,0.006915,0.13312,-0.92451,0.33143,1.8507,-8.2744,4.95,-0.043025,0.021176,-0.004498,-0.42189,0.58294,-0.7615,-3.1743,8.4154,-3.8269,0.02113,0.005139,-0.002573,0.18442,-1.0563,-0.054062,-2.1682,-9.0558,-2.9399,-0.007667,-0.005348,0.003853,0.18563,0.5731,0.6353
9.7015,-0.9242,-0.6079,0.010085,-0.020868,0.015673,-1.0568,-0.39118,0.049713,1.0443,9.7538,1.1822,0.003356,0.010142,0.005499,0.13347,-0.92351,0.33325,1.885,-8.3789,4.9352,0.016129,-0.012246,-0.014213,-0.42134,0.582,-0.76057,-3.167,8.4456,-3.8493,0.001603,0.001638,-0.004359,0.18386,-1.0541,-0.053568,-2.1758,-9.1081,-2.9477,0.01593,-0.007254,-0.006162,0.18537,0.57204,0.63531
9.7468,-0.68828,-0.41204,0.008578,0.046453,0.016316,-1.057,-0.39042,0.050502,1.0117,9.4762,1.4213,0.016962,0.023216,-0.005251,0.13395,-0.92375,0.3325,1.97,-8.1779,4.9501,-0.000367,0.003506,0.003506,-0.42022,0.58261,-0.7609,-3.1517,8.4005,-3.8114,-0.006383,0.009564,-0.004312,0.18512,-1.0544,-0.053114,-2.1608,-9.0858,-2.9249,0.000568,-0.003694,-0.004299,0.18523,0.57231,0.63517
9.7603,-0.94065,-0.31659,0.049388,0.041422,-0.005497,-1.057,-0.39083,0.051041,0.98078,9.7681,1.2183,0.081399,0.010746,-0.012933,0.13338,-0.92302,0.33402,1.8338,-8.3714,4.9489,0.005128,0.01074,-0.001828,-0.42047,0.5834,-0.76094,-3.1743,8.4155,-3.8344,0.017688,0.00338,-0.00788,0.18497,-1.0551,-0.053645,-2.1608,-9.0856,-2.9847,0.005022,0.012643,0.004843,0.18632,0.57179,0.63548
9.7239,-0.76982,-0.35306,-0.050509,-0.007991,0.001876,-1.0574,-0.39015,0.049948,1.0054,9.6374,1.1766,0.011476,0.003844,-0.004406,0.13303,-0.92058,0.33513,1.8215,-8.2718,4.9568,0.023219,-0.007591,-0.013321,-0.41969,0.58155,-0.76059,-3.1071,8.4307,-3.833,-0.001969,-0.007188,-0.004425,0.18447,-1.0554,-0.052616,-2.1608,-9.1157,-2.925,-0.005647,-0.002072,-0.011507,0.18589,0.57166,0.63507
9.7911,-0.82169,-0.48718,0.049387,0.036886,-0.007303,-1.0581,-0.39007,0.052331,0.98616,9.7192,1.3081,-0.007541,-0.003108,0.009063,0.13254,-0.92164,0.33551,1.9188,-8.1946,4.9496,0.001513,-0.007466,-6.3e-05,-0.42235,0.58165,-0.76074,-3.1369,8.4008,-3.8711,0.000998,-0.000145,-0.016736,0.18375,-1.0555,-0.053176,-2.1608,-9.0858,-2.9324,-0.013007,-8.5e-05,-0.000624,0.18623,0.57298,0.63439
9.7607,-0.82233,-0.26359,-0.027753,0.031562,0.020895,-1.0584,-0.39026,0.049644,1.0252,9.659,1.2303,0.005933,-0.001339,0.008958,0.13234,-0.92219,0.33655,1.8728,-8.3545,4.9052,-0.017104,-0.009512,-0.003648,-0.42233,0.58076,-0.76273,-3.1595,8.4306,-3.8491,-0.014586,0.012224,0.005417,0.18291,-1.0547,-0.053217,-2.1758,-9.1007,-2.9252,-0.007798,-0.019558,0.010095,0.18543,0.57205,0.63425
9.7537,-0.77744,-0.36034,0.036442,-0.008638,-0.001649,-1.0571,-0.39018,0.051032,0.98138,9.6224,1.2687,0.006028,-0.000568,-0.001721,0.1336,-0.92332,0.3356,1.9068,-8.3014,4.9782,0.020878,-0.010599,0.013187,-0.42156,0.58161,-0.76006,-3.1892,8.4154,-3.8422,-0.017761,0.021034,-0.011289,0.18489,-1.0549,-0.052203,-2.1683,-9.0708,-2.9474,-0.016511,-0.014656,-0.011564,0.18611,0.57257,0.63639
9.7317,-0.86498,-0.65951,-0.030374,0.051359,0.034462,-1.0582,-0.38887,0.050712,0.98104,9.6808,1.2252,-0.004904,-0.022605,0.001816,0.13193,-0.92237,0.3338,1.9186,-8.122,5.0584,0.01333,-0.005882,-0.012406,-0.42136,0.58174,-0.76106,-3.1517,8.4004,-3.7964,0.004317,0.00867,-0.006082,0.18482,-1.0558,-0.054308,-2.1608,-9.1007,-2.9474,-0.005688,-0.009204,-0.009747,0.18645,0.57073,0.63524
9.7609,-0.80728,-0.32318,0.042401,0.07706,-0.026631,-1.0588,-0.38858,0.049884,0.98133,9.6176,1.2541,0.006124,0.000232,-0.011499,0.13233,-0.92289,0.33383,1.8849,-8.2916,4.9606,-0.02157,0.003127,-0.005385,-0.42213,0.58178,-0.76136,-3.1593,8.4304,-3.7966,0.008639,0.008671,-0.00078,0.18426,-1.0547,-0.054074,-2.1758,-9.1081,-2.9551,0.01241,-0.002,-0.011545,0.1866,0.57179,0.63562
9.8121,-0.91224,-0.11457,-0.052871,0.049162,-0.022069,-1.0581,-0.39057,0.04671,0.97153,9.6418,1.2687,0.004167,-0.012071,-0.003544,0.13387,-0.923,0.33353,1.8825,-8.3499,5.0031,0.021499,-0.013164,-0.015975,-0.42081,0.58029,-0.76024,-3.1668,8.4006,-3.8567,0.00177,0.001632,-0.011428,0.18433,-1.056,-0.052753,-2.1459,-9.1007,-2.9546,0.005024,0.007222,0.002992,0.18625,0.57259,0.63467
9.7234,-0.86615,-0.34623,-0.003271,-0.010629,-0.038179,-1.0568,-0.39109,0.046229,1.0304,9.6416,1.3031,0.018616,-0.006874,-0.014295,0.1331,-0.92236,0.33373,1.8361,-8.2208,4.9121,0.01299,-0.015525,-0.035418,-0.42276,0.5805,-0.76136,-3.122,8.4158,-3.8558,0.006988,0.003368,-0.006119,0.18504,-1.0556,-0.052194,-2.1608,-9.1082,-2.925,0.003063,-0.00156,0.011991,0.18582,0.57298,0.63424
9.7463,-0.80669,-0.44266,-0.008521,0.014323,-0.051062,-1.0563,-0.3932,0.04787,1.055,9.6656,1.352,0.000649,-0.008588,-0.01059,0.13462,-0.92298,0.33292,1.8825,-8.3303,4.9098,-0.001662,-0.02426,-0.01602,-0.42207,0.57997,-0.76257,-3.1371,8.4158,-3.8861,-0.003591,0.005146,-0.009638,0.18444,-1.0556,-0.053406,-2.1982,-9.0857,-2.9106,-0.025505,-0.000343,-0.011431,0.1867,0.57259,0.63535
9.761,-0.79981,-0.33805,0.002165,-0.004296,-0.031808,-1.0569,-0.39408,0.046916,1.0207,9.6125,1.3126,0.045571,0.003674,-0.016244,0.13583,-0.92125,0.33634,1.8922,-8.3013,4.9339,0.037341,-0.012749,-0.005349,-0.42314,0.57896,-0.76133,-3.1519,8.4155,-3.8264,-0.031639,0.013983,-0.028105,0.18455,-1.0568,-0.054581,-2.1758,-9.0857,-2.9252,-0.039976,-0.012053,-0.011484,0.18655,0.57125,0.6367
9.7468,-0.73243,-0.48694,0.045636,0.014545,-0.003565,-1.0547,-0.39477,0.04781,0.94395,9.7441,1.1718,0.020522,0.016175,-0.007078,0.13521,-0.92023,0.33707,1.8799,-8.243,4.9865,0.028688,-0.021353,-0.018623,-0.42296,0.57844,-0.7627,-3.1518,8.4155,-3.8114,-0.028164,0.013981,-0.024575,0.18467,-1.0555,-0.054579,-2.1608,-9.0856,-2.9772,-0.034657,-0.016368,-0.004298,0.18692,0.57034,0.63606
9.7616,-0.6297,-0.26979,0.016785,0.038897,-0.012813,-1.0552,-0.39595,0.048737,0.91775,9.6176,1.2683,-0.004773,-0.008523,-0.001686,0.13564,-0.92264,0.33505,1.9698,-8.1586,5.05,0.003491,-0.009577,-0.010647,-0.4233,0.57741,-0.76205,-3.189,8.4075,-3.7371,-0.016296,0.012242,0.001007,0.18581,-1.056,-0.057153,-2.1083,-9.026,-3.0135,-0.035446,0.001467,-0.007821,0.18801,0.56809,0.63787
9.7767,-0.76183,-0.60627,0.012273,0.04895,0.007181,-1.0568,-0.39591,0.048003,0.93193,9.7004,1.1958,0.024873,-0.010416,-0.014377,0.13577,-0.92122,0.33529,2.0213,-8.307,5.024,-0.005449,-0.000529,-0.008871,-0.42341,0.57897,-0.76172,-3.2116,8.4375,-3.7526,-0.001986,-0.001853,-0.004379,0.18641,-1.0549,-0.058837,-2.1384,-9.0781,-3.0291,-0.002923,-0.005647,-0.011551,0.18617,0.56861,0.63647
9.7318,-0.62214,-0.24759,-0.002841,0.1064,-0.002188,-1.0566,-0.39533,0.045465,0.95179,9.6227,1.2151,-0.013635,-0.009462,-0.011394,0.13545,-0.92209,0.33399,1.9287,-8.2773,4.9781,0.003493,0.030446,-0.01147,-0.42331,0.5778,-0.76219,-3.1818,8.4377,-3.782,0.017302,-0.01861,0.006974,0.18522,-1.0549,-0.057578,-2.1683,-9.0706,-2.9923,0.021418,0.005277,-0.007906,0.18739,0.56928,0.63689
9.7831,-0.77095,-0.18848,-0.003116,0.06904,0.018951,-1.0569,-0.39422,0.042635,0.93445,9.7341,1.2398,-0.006725,-0.008356,0.015244,0.13661,-0.92078,0.33403,1.9284,-8.1463,5.0491,-0.002521,-0.003542,-0.022134,-0.42356,0.57755,-0.7622,-3.1519,8.4304,-3.7964,0.028098,-0.003678,0.002664,0.1853,-1.0535,-0.055211,-2.1609,-9.123,-2.9773,0.026551,0.001218,0.011952,0.18626,0.57099,0.63629
9.7459,-0.79999,-0.26356,-0.024015,0.046643,0.010802,-1.0574,-0.39364,0.040469,1.0233,9.5834,1.3174,-0.00931,-0.012008,0.001905,0.13623,-0.92209,0.33403,1.8531,-8.2525,4.9374,0.005111,0.008917,-0.001815,-0.42347,0.57756,-0.76282,-3.1369,8.4081,-3.8411,0.042427,0.001573,-0.000835,0.1841,-1.0553,-0.054737,-2.1533,-9.0858,-2.9397,0.018467,0.009213,0.010212,0.18599,0.57085,0.63615
9.7832,-0.82228,-0.32311,-0.004894,0.058025,0.000748,-1.0572,-0.39488,0.038342,0.99353,9.6781,1.286,0.013132,-0.001419,0.002673,0.13693,-0.92211,0.33485,1.8997,-8.4179,4.963,0.005173,0.007028,-0.003588,-0.42353,0.57809,-0.76398,-3.152,8.4307,-3.8639,0.015835,0.001612,-0.004362,0.18429,-1.0551,-0.053414,-2.1908,-9.0707,-2.9478,0.006829,0.009034,0.003019,0.18595,0.5714,0.63401
9.7535,-0.85125,-0.42797,-0.046362,0.12878,0.046889,-1.0597,-0.3923,0.03421,1.0105,9.6904,1.2546,-0.026449,-0.011845,0.016285,0.13634,-0.92259,0.33352,1.8895,-8.18,5.01,0.02287,-0.007237,0.001721,-0.42207,0.57739,-0.76514,-3.1368,8.4006,-3.8261,0.008884,0.029779,-0.009465,0.18535,-1.055,-0.054416,-2.1608,-9.0858,-2.9399,0.006892,0.005329,-0.002445,0.18612,0.57259,0.63466
9.7449,-0.82363,0.0944,0.075287,0.17973,0.021326,-1.06,-0.39079,0.031108,0.99158,9.5397,1.317,0.006074,-0.003294,-0.008857,0.13606,-0.92168,0.33323,1.9114,-8.1777,5.0445,-0.025713,0.0119,0.019373,-0.42199,0.57699,-0.76361,-3.1668,8.4155,-3.8417,-0.021337,0.021029,-0.010408,0.18593,-1.0546,-0.053733,-2.1608,-9.1082,-2.9399,-0.010242,-0.014562,-0.007962,0.18546,0.57099,0.63454
9.7004,-0.83029,-0.002971,-0.008558,0.10007,0.057113,-1.0583,-0.39004,0.026351,0.96169,9.6902,1.2883,0.020235,0.009301,0.017784,0.13553,-0.92297,0.33297,1.8019,-8.2403,5.0244,-0.010881,-0.000397,-0.0054,-0.42091,0.57877,-0.76462,-3.137,8.438,-3.8111,0.012105,-0.000145,0.002688,0.1856,-1.0558,-0.055454,-2.1309,-9.1157,-2.9544,-0.031982,0.006186,0.00307,0.18616,0.56993,0.63658
9.7905,-0.72704,-0.068764,0.041395,-0.09642,-0.001245,-1.0584,-0.38946,0.02902,1.0106,9.6226,1.2397,-0.020943,-0.008412,0.005578,0.13492,-0.92299,0.33358,1.9236,-8.1559,5.0077,-0.012992,0.009004,0.00879,-0.41941,0.57768,-0.76502,-3.1817,8.4004,-3.827,-0.006255,0.003412,-0.010531,0.18568,-1.0555,-0.056634,-2.1908,-9.0706,-2.9702,-0.021023,-0.007458,-0.009686,0.18633,0.57192,0.63561
9.8054,-0.77854,-0.18836,0.02735,0.027989,0.049266,-1.0572,-0.38759,0.030926,0.93268,9.6414,1.3463,0.023813,-0.01209,-0.000154,0.13387,-0.92151,0.33128,1.8168,-8.3909,5.0175,-0.003983,0.004522,0.006972,-0.41962,0.5795,-0.76407,-3.152,8.4603,-3.7814,0.001661,0.015716,-0.006902,0.18486,-1.0538,-0.05602,-2.1159,-9.0709,-2.9839,-0.014758,-0.00376,-0.004283,0.18821,0.57073,0.63729
9.6708,-0.94011,-0.2725,0.03597,-0.10733,-0.00853,-1.0578,-0.38756,0.03492,0.97077,9.7056,1.1183,-0.011014,-0.010251,-0.003405,0.13278,-0.92162,0.33044,1.9041,-8.1607,5.049,-0.038054,0.008886,0.012287,-0.41872,0.57949,-0.76629,-3.1519,8.4378,-3.7814,0.023163,0.020085,-0.013934,0.1854,-1.0542,-0.056388,-2.1758,-9.0855,-2.9999,0.013955,-0.006981,0.00741,0.1885,0.57022,0.63571
9.7609,-0.76313,-0.24828,0.045343,-0.046475,-0.014235,-1.0563,-0.38794,0.038999,1.0205,9.6272,1.2738,0.024885,-0.001531,-0.008987,0.1347,-0.92243,0.332,1.9308,-8.0709,4.9941,-0.030704,-0.013111,0.003436,-0.41857,0.5827,-0.76335,-3.1891,8.4004,-3.8271,0.028117,0.019225,0.004582,0.18598,-1.0545,-0.055702,-2.2057,-9.063,-2.9705,0.026822,0.012514,-0.006045,0.18696,0.57059,0.63672
9.7903,-0.948,-0.39102,-0.019827,-0.042454,-0.012527,-1.0536,-0.38873,0.043526,1.008,9.7436,1.2694,-0.022869,-0.010081,0.016272,0.13449,-0.92259,0.33303,1.8073,-8.4805,4.9211,-0.035107,0.014189,0.003415,-0.41799,0.58295,-0.76433,-3.1669,8.438,-3.8267,0.017532,0.017465,0.000164,0.18467,-1.0547,-0.054186,-2.1687,-9.1014,-2.9311,0.011288,-0.007147,-0.002512,0.18643,0.57284,0.63667
9.7168,-0.77658,-0.50237,0.009493,0.038227,0.007222,-1.0552,-0.38897,0.043599,1.0115,9.549,1.4047,-0.022736,-0.00046,0.009186,0.13596,-0.92356,0.33105,1.8556,-8.2719,4.8986,-0.014602,-0.000203,0.003442,-0.41797,0.58331,-0.76157,-3.1071,8.4159,-3.863,-0.002998,-0.007184,0.00263,0.18495,-1.054,-0.053912,-2.1612,-9.0865,-2.9085,-0.005839,-0.014458,-0.00614,0.18496,0.57126,0.63452
9.7527,-0.88195,-0.15959,0.056955,0.11045,-0.00395,-1.0556,-0.3897,0.041984,0.97155,9.6708,1.2932,0.017729,-0.005115,-0.014284,0.13412,-0.92396,0.33069,1.8145,-8.4125,4.9127,-0.001238,0.029028,0.003493,-0.41832,0.58347,-0.76336,-3.1521,8.4382,-3.8715,-0.01592,0.022772,-0.013922,0.1841,-1.056,-0.05513,-2.1612,-9.0714,-2.9682,-0.022042,0.003449,-0.004173,0.1845,0.57072,0.63545
9.8051,-0.78642,-0.069039,-0.04135,0.038974,0.027244,-1.0556,-0.38955,0.041178,0.97637,9.6685,1.2737,-0.012007,-0.008435,0.005505,0.13516,-0.92356,0.33074,1.7823,-8.2037,5.0039,0.012358,-0.005694,-0.007152,-0.41662,0.5829,-0.76477,-3.1368,8.4155,-3.7961,-0.010567,-0.000128,-0.017612,0.18454,-1.0559,-0.054321,-2.1762,-9.1013,-2.9536,-0.018349,-0.000267,-0.011435,0.18515,0.57125,0.63533
9.7162,-0.83637,-0.36847,0.027587,0.043616,0.015436,-1.0569,-0.38667,0.040305,1.0059,9.6586,1.2982,-0.03184,-0.013616,0.016316,0.13449,-0.92304,0.33043,1.8606,-8.3303,4.978,-0.025082,-0.007857,-0.007189,-0.41677,0.58379,-0.76278,-3.1519,8.4081,-3.8414,-0.003513,0.012195,-0.013117,0.18505,-1.0544,-0.054826,-2.1612,-9.0863,-2.9682,-0.0076,0.003502,-0.004208,0.18739,0.57074,0.63661
9.7607,-0.80758,-0.24857,-0.023279,0.031711,0.034581,-1.0576,-0.38665,0.039474,0.99158,9.5881,1.3512,0.00225,-0.017308,0.005334,0.13334,-0.92422,0.33065,1.9701,-8.2677,4.9443,-0.016056,-0.007955,-0.012441,-0.41687,0.58392,-0.76228,-3.1817,8.4153,-3.7895,0.010569,0.006915,-0.007854,0.1849,-1.0561,-0.055881,-2.1762,-9.0863,-2.9685,-0.020291,0.001741,-0.000564,0.18635,0.57059,0.63698
9.7606,-0.85196,-0.26378,-0.015588,0.10673,0.017851,-1.0595,-0.3852,0.034303,1.0007,9.6663,1.2253,0.014032,0.006615,0.010709,0.13441,-0.92281,0.33147,1.89,-8.374,4.8814,0.014025,0.011758,-3.3e-05,-0.41803,0.58475,-0.76262,-3.1966,8.4153,-3.8048,0.013825,-0.002757,0.005315,0.1856,-1.0557,-0.055323,-2.1837,-9.1011,-2.9836,0.001259,0.000197,0.007517,0.1861,0.57047,0.63538
9.7521,-0.98592,-0.093121,0.026728,0.027038,-0.025521,-1.0595,-0.38389,0.033489,1.0597,9.6466,1.279,-0.011787,0.002047,-0.010435,0.13348,-0.92423,0.33092,1.9432,-8.2191,4.9822,0.008329,0.006397,-0.028284,-0.41956,0.58416,-0.76294,-3.1667,8.4004,-3.8117,0.012001,-0.000127,0.007976,0.1851,-1.0547,-0.053771,-2.1912,-9.1087,-2.9539,0.018625,0.014324,-0.005994,0.18656,0.57141,0.63457
9.7524,-0.9119,-0.077716,-0.066719,0.010027,-0.005508,-1.06,-0.38414,0.033336,1.004,9.5733,1.3974,0.029318,-0.007777,-0.011731,0.13373,-0.92474,0.33069,1.7361,-8.2545,5.0041,-0.013202,0.018254,-0.023048,-0.41781,0.58254,-0.7633,-3.1518,8.4005,-3.8264,0.017517,0.003374,5.8e-05,0.18451,-1.0536,-0.054328,-2.1612,-9.0716,-2.9159,0.006768,4e-05,-0.000648,0.18663,0.57206,0.63563
9.7749,-0.91182,-0.14469,0.002146,-0.010626,-0.039982,-1.0585,-0.38662,0.033948,0.99328,9.6977,1.2351,0.031116,-0.014852,-0.016219,0.1345,-0.9235,0.33292,1.8021,-8.3227,4.9378,-0.012679,0.00783,-0.003625,-0.41777,0.58308,-0.76509,-3.1222,8.4384,-3.8859,0.001737,0.005132,-0.009633,0.18429,-1.0553,-0.053413,-2.1763,-9.1387,-2.9313,-0.016568,0.009671,-0.007753,0.18634,0.57206,0.63522
9.7456,-0.80775,-0.17408,-0.001318,0.041724,-0.012853,-1.0581,-0.38817,0.033706,0.99385,9.668,1.3613,0.004097,-0.004918,0.007175,0.13484,-0.92347,0.33216,1.7851,-8.342,4.9428,0.014305,-0.013996,-0.012477,-0.41771,0.5854,-0.76389,-3.1294,8.4006,-3.8259,-0.005585,0.009554,9.9e-05,0.18482,-1.0543,-0.053786,-2.1462,-9.0866,-2.9232,-0.027435,0.014177,-0.004094,0.1871,0.57324,0.63669
9.7165,-0.80645,-0.44288,0.015005,0.050681,0.001706,-1.0576,-0.38684,0.032247,0.99087,9.7001,1.2472,0.011119,-0.023433,0.010576,0.13449,-0.92272,0.33303,1.79,-8.3834,4.9974,0.010536,-0.007442,-0.00364,-0.41722,0.58408,-0.76407,-3.1371,8.4307,-3.8561,-0.030155,0.006939,-0.014917,0.18373,-1.0553,-0.053703,-2.1762,-9.1013,-2.9536,-0.024713,0.016886,-0.004069,0.1874,0.57179,0.63699
9.7602,-0.8525,-0.1295,-0.009292,0.070357,-0.022105,-1.0584,-0.38733,0.03128,1.0106,9.6468,1.2374,-0.011987,-0.007538,0.005512,0.13363,-0.92256,0.33155,1.9458,-8.2676,4.9513,0.024808,-0.017379,-0.003588,-0.41868,0.58361,-0.76313,-3.1966,8.4153,-3.8123,-0.022967,0.022803,-0.017452,0.1861,-1.0533,-0.055699,-2.1762,-9.1012,-2.9835,-0.011243,-5.4e-05,-0.002406,0.18495,0.57058,0.636
9.7742,-0.91297,0.14627,-0.006891,0.029441,-0.001849,-1.059,-0.38808,0.030728,0.96708,9.5784,1.3365,0.036541,0.001961,-0.009079,0.13648,-0.92266,0.33132,1.8139,-8.187,5.0677,-0.001945,0.014153,-0.008002,-0.41898,0.58337,-0.76389,-3.1665,8.4001,-3.7367,-0.005448,0.00517,-0.007868,0.18423,-1.0546,-0.054733,-2.1608,-9.0707,-2.9697,-0.015579,0.001516,-0.009653,0.18549,0.57005,0.63655
9.7756,-0.77836,-0.17366,0.01612,-0.092857,-0.014071,-1.0582,-0.38827,0.032768,0.94659,9.7294,1.2107,0.004258,-0.012153,-0.014209,0.13538,-0.92296,0.33257,1.8094,-8.374,5.0758,0.000181,0.019236,-0.023022,-0.41876,0.58324,-0.76463,-3.167,8.4605,-3.8268,0.015908,0.010421,-0.007822,0.1856,-1.0548,-0.055062,-2.1684,-9.1304,-2.9849,0.02325,-0.00196,-0.011575,0.18614,0.57072,0.63643
9.7611,-0.86584,-0.50262,0.01863,0.028786,-0.025555,-1.0589,-0.38795,0.035417,0.96443,9.6367,1.327,-0.00476,-0.008553,-0.00523,0.1353,-0.92279,0.33113,1.8213,-8.1553,4.9646,0.004954,-0.001805,0.005228,-0.4192,0.58259,-0.76338,-3.1667,8.3856,-3.8642,0.012184,-0.01598,-0.000964,0.1842,-1.0546,-0.055523,-2.1459,-9.0856,-2.9994,0.01869,0.005298,-0.0061,0.18709,0.57165,0.63684
9.7604,-0.79341,-0.084346,-0.041088,0.065437,-0.004795,-1.0571,-0.38844,0.034018,0.99134,9.627,1.3174,0.00511,-0.013915,-0.011562,0.13645,-0.92387,0.3329,1.7827,-8.4222,4.998,0.001713,0.006901,-0.008926,-0.41796,0.5832,-0.76384,-3.1071,8.4158,-3.8405,0.010721,0.019197,-0.013067,0.18451,-1.0541,-0.05459,-2.1608,-9.1008,-2.91,0.001548,0.00699,-0.007847,0.18586,0.57244,0.63652
9.7751,-0.86734,-0.15186,0.03309,0.05062,-7.4e-05,-1.0571,-0.38854,0.032677,0.9764,9.6853,1.2933,-0.015488,-0.008541,-0.006913,0.13614,-0.92359,0.3321,1.8726,-8.2088,4.8734,0.03742,0.008963,-0.010599,-0.41803,0.58218,-0.7652,-3.152,8.4306,-3.8564,-0.000225,-0.008929,-0.002672,0.18398,-1.0546,-0.054219,-2.1608,-9.1082,-2.9399,-0.011199,-0.016284,-0.004353,0.18665,0.57192,0.63629
9.7603,-0.83762,-0.14432,-0.034056,0.040589,0.019941,-1.0572,-0.38858,0.034416,0.96961,9.5977,1.373,0.027475,-0.003272,-0.001914,0.13546,-0.92332,0.33154,1.8946,-8.2942,5.017,-0.033935,0.011014,-0.012448,-0.4183,0.5818,-0.76558,-3.1517,8.3707,-3.8714,0.007337,0.006892,-0.021104,0.18442,-1.0549,-0.05354,-2.1758,-9.0708,-2.9401,-0.029234,-0.001969,-0.002399,0.18586,0.5698,0.63604
9.7531,-0.80049,-0.15159,0.045631,0.036401,0.01642,-1.0579,-0.38629,0.030891,0.94908,9.7052,1.2057,0.01756,0.003984,0.014218,0.1361,-0.92331,0.33131,1.8702,-8.2867,4.9725,-0.01016,-0.023785,0.005167,-0.41835,0.58179,-0.76394,-3.1669,8.4379,-3.8117,-0.016212,0.008705,-0.002546,0.18423,-1.0544,-0.054602,-2.1758,-9.0781,-2.9849,-0.012828,0.006872,-0.011426,0.1877,0.5702,0.63755
9.7604,-0.89632,-0.28646,-0.041275,0.032368,0.007189,-1.0591,-0.38576,0.030974,0.96698,9.5931,1.322,-0.035442,0.002418,0.032422,0.13437,-0.92395,0.33044,1.9044,-8.2771,4.9337,0.00785,-0.006588,-0.003598,-0.41834,0.58322,-0.76385,-3.1518,8.4154,-3.8039,0.003427,-0.001893,-0.007035,0.18641,-1.054,-0.055289,-2.1613,-9.1162,-2.9683,0.00411,-0.004521,-0.004289,0.18743,0.57047,0.63715
9.7528,-0.83768,-0.11453,0.002416,0.083247,0.010688,-1.0591,-0.38288,0.029349,0.98648,9.6511,1.3418,-0.035331,-0.008384,0.009256,0.13512,-0.92257,0.32786,1.8752,-8.3449,4.9247,0.010398,-0.010011,0.003449,-0.41739,0.58241,-0.76505,-3.1594,8.4305,-3.8266,0.005143,0.005152,-0.003454,0.18474,-1.0529,-0.055239,-2.1462,-9.0714,-2.9829,0.021157,0.009203,0.006606,0.18726,0.57085,0.63847
9.7599,-0.83833,0.034731,-0.025006,0.029584,0.00177,-1.0608,-0.38294,0.027275,1.0208,9.6414,1.3565,0.022041,-0.004968,0.003471,0.13359,-0.92421,0.33041,1.9092,-8.2334,4.9281,-0.043234,0.021408,0.005238,-0.41754,0.58396,-0.76295,-3.1518,8.4154,-3.8039,0.008558,0.002508,0.002702,0.18537,-1.0561,-0.054545,-2.1761,-9.0414,-2.9684,0.012117,-0.001615,0.004759,0.18746,0.57088,0.63581
9.7155,-0.92577,-0.24222,-0.00689,0.022187,0.000893,-1.0602,-0.38336,0.028372,1.0405,9.6074,1.3541,0.018411,-0.008464,0.007038,0.13463,-0.92421,0.33046,1.8607,-8.3837,4.9545,0.015185,-0.016726,-0.011582,-0.41627,0.58443,-0.7629,-3.1669,8.4305,-3.8267,0.019319,0.010421,-0.000769,0.18426,-1.0561,-0.054465,-2.1687,-9.1015,-2.9086,-0.005956,-0.004376,0.004785,0.18731,0.57246,0.63578
9.7818,-0.98625,-0.070515,0.00842,-0.000432,-0.011744,-1.0601,-0.38283,0.027971,1.0623,9.6609,1.3326,-0.015371,0.012711,-0.003231,0.1332,-0.92493,0.32805,1.8361,-8.2549,4.9494,-0.012818,-0.010193,0.003419,-0.41661,0.58329,-0.76465,-3.1593,8.4006,-3.8566,0.005141,0.005151,-0.002579,0.18385,-1.0559,-0.054485,-2.1912,-9.0713,-2.9687,0.006798,-0.001777,-0.002456,0.18657,0.57152,0.63644
9.8045,-0.86832,0.034874,0.014702,0.000613,0.000128,-1.06,-0.3848,0.029058,1.028,9.6609,1.3275,0.020355,0.000283,-0.003597,0.13473,-0.92412,0.3276,1.7871,-8.126,4.9635,-0.04119,-0.020647,-0.005469,-0.41696,0.58381,-0.76405,-3.1295,8.4009,-3.886,-0.023174,0.021013,-0.006885,0.18328,-1.0553,-0.054513,-2.1612,-9.0714,-2.9533,-0.012852,-0.005776,-0.018729,0.1872,0.57259,0.63617
9.7008,-0.93999,-0.3618,0.065191,-0.044525,0.013126,-1.0601,-0.3841,0.032128,0.96661,9.7095,1.3079,0.000548,-0.012055,-0.001726,0.13321,-0.9239,0.3283,1.8023,-8.4562,4.9255,0.00705,-0.018428,-0.005435,-0.41719,0.58525,-0.7636,-3.1372,8.4606,-3.8412,-0.023008,0.012211,-0.016638,0.18452,-1.0554,-0.054717,-2.1538,-9.1239,-2.9234,-0.007539,-0.001113,-0.010571,0.18598,0.57152,0.63575
9.7907,-0.734,-0.18072,0.018466,0.01471,-0.012703,-1.059,-0.3842,0.035385,1.0089,9.5516,1.3706,-0.000998,0.002835,-0.015874,0.13238,-0.92414,0.32747,1.9138,-8.1485,4.9952,-0.005445,0.010389,-0.01063,-0.41825,0.5827,-0.76447,-3.1891,8.4078,-3.8121,-0.008844,0.019263,-0.013066,0.18379,-1.0546,-0.055279,-2.1911,-9.0713,-2.9538,-0.00762,0.007131,-0.002361,0.18493,0.57111,0.63586
9.7822,-0.97099,-0.18232,-0.003437,0.009971,0.026494,-1.0585,-0.38471,0.035141,1.011,9.668,1.3663,0.041892,0.010864,-0.001941,0.13295,-0.92558,0.32805,1.8946,-8.2818,4.9092,-0.00814,0.028621,-0.008846,-0.41718,0.58356,-0.7633,-3.1817,8.4153,-3.797,0.010494,0.01748,-0.003368,0.18462,-1.054,-0.05511,-2.1612,-9.0564,-2.9981,-0.020297,-0.010846,-0.002465,0.18557,0.57045,0.63722
9.6859,-0.86624,-0.24952,0.029311,0.005598,-0.014491,-1.0594,-0.38393,0.034965,0.98857,9.6709,1.2641,0.025728,-0.001488,-0.003658,0.13445,-0.92393,0.32967,1.9189,-8.2626,4.9483,-0.025008,0.013819,-0.01242,-0.41777,0.58476,-0.76501,-3.1594,8.4454,-3.7966,0.009531,-0.008935,-0.002665,0.18508,-1.0538,-0.053906,-2.1612,-9.0713,-2.9831,0.006844,0.003556,-0.004244,0.18661,0.57139,0.63697
9.7601,-0.8674,-0.10721,-0.024072,0.017653,-0.016426,-1.0596,-0.38486,0.036034,0.9745,9.6315,1.3951,-0.010161,-0.010323,-0.005192,0.13443,-0.92572,0.32892,1.8897,-8.2697,4.9285,0.02487,-0.029224,-0.005394,-0.41774,0.58463,-0.76437,-3.137,8.4231,-3.8336,0.012275,0.003371,-0.004351,0.18328,-1.0548,-0.054383,-2.1612,-9.1164,-2.9235,0.007779,0.010689,-0.006005,0.18607,0.57178,0.63695
9.7754,-0.84479,-0.23378,-0.001325,0.047231,-0.001934,-1.0584,-0.38587,0.034887,1.0012,9.6583,1.3565,-0.001069,-0.001552,-0.013216,0.13523,-0.92625,0.32923,1.8022,-8.4077,4.9393,-0.000261,-0.009212,0.001645,-0.41777,0.58359,-0.76497,-3.1295,8.4157,-3.841,0.015707,0.01745,0.002805,0.18401,-1.0543,-0.053166,-2.1462,-9.0865,-2.9381,0.001403,-0.001849,-0.004272,0.18532,0.57231,0.63598
9.7449,-0.93395,-0.10776,-0.006696,0.065274,0.002541,-1.0593,-0.38449,0.031626,1.0259,9.6073,1.3734,0.013087,-0.007627,0.001749,0.13545,-0.9239,0.32881,1.7875,-8.3517,4.921,0.044711,-0.034704,-0.014251,-0.41753,0.58489,-0.76525,-3.122,8.4008,-3.8633,-0.010648,0.01571,-0.011332,0.18429,-1.0548,-0.053283,-2.1612,-9.0715,-2.9458,-0.020366,-0.005362,0.003,0.18797,0.57166,0.63741
9.7449,-0.94133,-0.11527,-0.028568,0.033075,-0.003735,-1.0588,-0.38603,0.031255,1.0256,9.6512,1.3323,0.006073,0.002037,-0.007029,0.13434,-0.92348,0.32757,1.8897,-8.2625,4.9821,-0.008885,-0.010643,-0.014227,-0.41908,0.583,-0.76603,-3.1667,8.3855,-3.8342,-0.016095,-0.001863,-0.007926,0.18314,-1.0548,-0.054389,-2.1762,-9.0788,-2.9535,-0.014786,-0.003784,-0.008754,0.18738,0.57153,0.6366
9.76,-0.88965,-0.099896,0.020334,0.020884,-0.020027,-1.0581,-0.38605,0.03155,1.0258,9.6002,1.3515,0.010461,0.002117,0.003599,0.13439,-0.92467,0.32838,1.8849,-8.3256,4.9538,-0.015992,-0.018885,-0.014259,-0.41823,0.58296,-0.76422,-3.1668,8.4154,-3.8117,-0.016218,0.001663,-0.002599,0.18493,-1.0553,-0.054698,-2.1612,-9.0789,-2.9682,-0.018243,0.001375,-0.018668,0.18658,0.57205,0.63669
9.7602,-0.85255,-0.11458,-0.006971,-0.001254,-0.013585,-1.0579,-0.38502,0.031553,0.98143,9.6852,1.3273,0.016836,-0.003349,-0.014263,0.13412,-0.92285,0.32846,1.8652,-8.2138,4.9565,0.021329,-0.007509,-0.008889,-0.41719,0.58291,-0.76366,-3.1668,8.4378,-3.7967,0.002625,-0.001886,-0.011441,0.18649,-1.0562,-0.054097,-2.1613,-9.1163,-2.9534,-0.011305,-0.010779,-0.000675,0.18676,0.5702,0.637
9.7751,-0.85996,-0.14435,0.019368,0.011071,-0.016338,-1.0586,-0.38618,0.032066,1.006,9.6561,1.3176,0.002464,-0.00327,-0.00792,0.13412,-0.9235,0.32834,1.8895,-8.1655,5.0293,-0.028772,0.021249,-0.005345,-0.41902,0.58247,-0.76475,-3.1666,8.4003,-3.7817,0.011341,0.00515,-0.002575,0.18509,-1.0553,-0.054165,-2.1538,-9.1013,-2.9682,0.004104,0.017993,0.001285,0.18657,0.57073,0.63632
9.716,-0.80722,-0.24891,0.009506,0.019923,-0.027343,-1.0584,-0.38847,0.030752,0.98885,9.5836,1.2759,0.015003,-0.010389,-0.011632,0.13543,-0.92518,0.32831,1.8022,-8.3932,4.9831,-0.016074,-0.007852,-0.010734,-0.41741,0.58343,-0.7628,-3.152,8.4306,-3.8414,0.008952,0.005136,-0.014926,0.18456,-1.0552,-0.053664,-2.1687,-9.0714,-2.9683,0.015825,-0.001751,-0.002489,0.18568,0.57113,0.63522
9.7303,-0.91122,-0.20471,-0.013917,0.048847,-0.022027,-1.0569,-0.3889,0.031617,1.0058,9.6901,1.3032,-0.003769,0.002937,-0.006942,0.13516,-0.92556,0.32804,1.9093,-8.3524,4.9644,0.032224,-0.020355,-0.015969,-0.41836,0.58166,-0.76419,-3.152,8.4157,-3.8714,0.012485,0.006011,-0.013159,0.18276,-1.0557,-0.054011,-2.1762,-9.1087,-2.9686,0.023082,0.006326,-0.003352,0.1852,0.57178,0.63599
9.761,-0.68946,-0.14335,0.040416,0.072159,0.00532,-1.0557,-0.38823,0.030189,1.0014,9.6509,1.3905,-0.000941,0.010767,-0.018487,0.13512,-0.92373,0.32762,1.8019,-8.2086,4.9505,0.01925,-0.007134,0.005223,-0.4186,0.58102,-0.76406,-3.1666,8.3855,-3.8267,0.002297,0.015727,0.006317,0.18445,-1.0548,-0.052882,-2.1762,-9.0864,-2.9237,-0.010336,0.006219,-0.002366,0.18718,0.57231,0.63764
9.7592,-0.98662,0.034213,-0.073775,0.071422,0.019727,-1.0574,-0.38717,0.025678,0.95236,9.6268,1.3633,0.015041,-0.00514,-0.015159,0.13486,-0.924,0.32761,1.8217,-8.4128,5.0277,0.017843,-0.011242,-0.011582,-0.41734,0.58084,-0.76399,-3.1594,8.4231,-3.8416,-0.005365,0.015724,-0.00956,0.18358,-1.0544,-0.053581,-2.1612,-9.1013,-2.9683,-0.00954,-0.008905,0.002951,0.18726,0.57047,0.63661
9.7225,-0.85298,0.034803,0.031166,0.044604,0.01269,-1.0572,-0.38871,0.025296,1.0011,9.6464,1.3175,0.012279,-0.005029,-0.005345,0.13443,-0.92482,0.32916,1.8989,-7.9955,4.9972,0.002513,0.014148,-0.008837,-0.4186,0.58011,-0.76403,-3.1367,8.378,-3.8111,-0.009179,-0.00188,0.000897,0.18356,-1.055,-0.054501,-2.1612,-9.0863,-2.9832,-0.002955,0.014127,-0.011384,0.18681,0.57113,0.63605
9.6852,-0.92634,-0.070408,0.040173,-0.011793,-0.04361,-1.0587,-0.3885,0.027648,1.011,9.5931,1.3174,0.027586,-0.004237,-0.013475,0.13519,-0.92506,0.32869,1.8533,-8.3935,4.9936,-0.051888,0.014679,-0.006299,-0.41886,0.58038,-0.76418,-3.1819,8.4453,-3.812,0.007875,0.003398,-0.006991,0.18384,-1.0545,-0.054226,-2.1612,-9.0864,-2.9533,-0.016527,0.005113,-0.011411,0.1856,0.57204,0.63613
9.7753,-0.76421,-0.038828,-0.019906,-0.04224,-0.007066,-1.0573,-0.39087,0.02879,0.9765,9.6659,1.3053,0.022333,0.01077,-0.016016,0.13556,-0.92311,0.32854,1.8651,-8.1653,4.9801,0.013921,0.016351,0.001754,-0.41877,0.58077,-0.76482,-3.1517,8.4004,-3.7964,0.005228,0.010428,-0.006952,0.18411,-1.055,-0.054475,-2.1762,-9.0787,-2.9984,-0.007783,-0.010611,0.006558,0.1858,0.57019,0.6367
9.7755,-0.8374,-0.26313,0.043484,-0.044467,-0.001511,-1.0578,-0.39017,0.031711,0.93234,9.6781,1.2857,0.004202,-0.012128,-0.008881,0.13642,-0.92392,0.32991,1.8265,-8.3398,4.9238,-0.020557,0.010302,-0.010689,-0.41798,0.58113,-0.76428,-3.1371,8.4307,-3.8561,-0.001784,0.006905,-0.011386,0.18433,-1.0546,-0.05223,-2.1463,-9.1013,-2.968,0.024824,-0.00348,-0.000722,0.18713,0.56981,0.63649
